####### Bispectrum of Nseries Simulation 62 #############
# Weights: fkp
# Fiducial Omega_m: 0.310
# Fiducial h: 0.676
# Boxsize: [1750.0, 3220.0, 1830.0]
# Grid: [167, 307, 175]
# k-binning: [0.000, 0.160, 0.010]
# Monte Carlo Simulations: 100
#
# Format: k1 | k2 | k3 | B(k1,k2,k3)
############################################
0.0150	0.0150	0.0150	1.00192952e+10
0.0150	0.0150	0.0250	1.10672006e+10
0.0150	0.0150	0.0350	1.33564823e+10
0.0150	0.0250	0.0250	5.35202487e+09
0.0150	0.0250	0.0350	7.79220671e+09
0.0150	0.0250	0.0450	1.64247438e+10
0.0150	0.0350	0.0350	6.55195351e+09
0.0150	0.0350	0.0450	7.79555211e+09
0.0150	0.0350	0.0550	2.68023858e+09
0.0150	0.0450	0.0450	3.14882249e+08
0.0150	0.0450	0.0550	7.45633949e+09
0.0150	0.0450	0.0650	5.09887057e+09
0.0150	0.0550	0.0550	5.10947914e+09
0.0150	0.0550	0.0650	5.88297974e+09
0.0150	0.0550	0.0750	7.76435287e+09
0.0150	0.0650	0.0650	3.33850889e+09
0.0150	0.0650	0.0750	5.61019221e+09
0.0150	0.0650	0.0850	7.83841286e+09
0.0150	0.0750	0.0750	4.27450250e+09
0.0150	0.0750	0.0850	4.78538255e+09
0.0150	0.0750	0.0950	4.64691149e+09
0.0150	0.0850	0.0850	3.13746938e+09
0.0150	0.0850	0.0950	2.66653618e+09
0.0150	0.0850	0.1050	3.66695371e+09
0.0150	0.0950	0.0950	1.41429597e+09
0.0150	0.0950	0.1050	3.36909503e+09
0.0150	0.0950	0.1150	5.26728307e+09
0.0150	0.1050	0.1050	1.57601218e+09
0.0150	0.1050	0.1150	2.52918624e+09
0.0150	0.1050	0.1250	2.76654719e+09
0.0150	0.1150	0.1150	2.61965948e+09
0.0150	0.1150	0.1250	1.89300134e+09
0.0150	0.1150	0.1350	2.18368197e+09
0.0150	0.1250	0.1250	2.10851253e+09
0.0150	0.1250	0.1350	2.37013075e+09
0.0150	0.1250	0.1450	3.05485101e+09
0.0150	0.1350	0.1350	1.44793289e+09
0.0150	0.1350	0.1450	2.30101405e+09
0.0150	0.1450	0.1450	1.48714940e+09
0.0250	0.0250	0.0250	-8.01443285e+09
0.0250	0.0250	0.0350	2.18409770e+09
0.0250	0.0250	0.0450	6.34649262e+09
0.0250	0.0250	0.0550	5.95750760e+08
0.0250	0.0350	0.0350	3.95238283e+09
0.0250	0.0350	0.0450	3.65735951e+09
0.0250	0.0350	0.0550	5.13354006e+09
0.0250	0.0350	0.0650	9.20328180e+09
0.0250	0.0450	0.0450	1.15191653e+10
0.0250	0.0450	0.0550	1.20082821e+09
0.0250	0.0450	0.0650	7.58310847e+09
0.0250	0.0450	0.0750	7.36459110e+09
0.0250	0.0550	0.0550	2.40453874e+09
0.0250	0.0550	0.0650	2.45405725e+09
0.0250	0.0550	0.0750	3.03822099e+09
0.0250	0.0550	0.0850	3.68939074e+09
0.0250	0.0650	0.0650	3.98834843e+09
0.0250	0.0650	0.0750	3.76716862e+09
0.0250	0.0650	0.0850	2.76638648e+09
0.0250	0.0650	0.0950	5.13447568e+09
0.0250	0.0750	0.0750	2.59549799e+09
0.0250	0.0750	0.0850	3.43960875e+09
0.0250	0.0750	0.0950	2.80675746e+09
0.0250	0.0750	0.1050	5.53838413e+09
0.0250	0.0850	0.0850	2.56744830e+09
0.0250	0.0850	0.0950	2.16077192e+09
0.0250	0.0850	0.1050	2.82650355e+09
0.0250	0.0850	0.1150	2.15504850e+09
0.0250	0.0950	0.0950	2.01985150e+09
0.0250	0.0950	0.1050	2.09226668e+09
0.0250	0.0950	0.1150	2.10070950e+09
0.0250	0.0950	0.1250	3.45184808e+09
0.0250	0.1050	0.1050	1.95335010e+09
0.0250	0.1050	0.1150	1.66506970e+09
0.0250	0.1050	0.1250	2.16776165e+09
0.0250	0.1050	0.1350	2.16437592e+09
0.0250	0.1150	0.1150	1.85815397e+09
0.0250	0.1150	0.1250	2.07509175e+09
0.0250	0.1150	0.1350	1.70970097e+09
0.0250	0.1150	0.1450	2.45682256e+09
0.0250	0.1250	0.1250	1.20434085e+09
0.0250	0.1250	0.1350	1.87778293e+09
0.0250	0.1250	0.1450	1.84985969e+09
0.0250	0.1350	0.1350	1.35608233e+09
0.0250	0.1350	0.1450	1.15618538e+09
0.0250	0.1450	0.1450	1.01847056e+09
0.0350	0.0350	0.0350	1.57665698e+09
0.0350	0.0350	0.0450	5.39691139e+09
0.0350	0.0350	0.0550	3.66259155e+09
0.0350	0.0350	0.0650	3.60998619e+09
0.0350	0.0350	0.0750	8.80867025e+09
0.0350	0.0450	0.0450	1.09223419e+09
0.0350	0.0450	0.0550	2.82291114e+09
0.0350	0.0450	0.0650	2.57901058e+09
0.0350	0.0450	0.0750	3.74958103e+09
0.0350	0.0450	0.0850	4.28984423e+09
0.0350	0.0550	0.0550	3.65465093e+09
0.0350	0.0550	0.0650	1.93494948e+09
0.0350	0.0550	0.0750	2.13163725e+09
0.0350	0.0550	0.0850	2.45226458e+09
0.0350	0.0550	0.0950	3.39145724e+09
0.0350	0.0650	0.0650	3.03405841e+09
0.0350	0.0650	0.0750	2.66498524e+09
0.0350	0.0650	0.0850	2.40059237e+09
0.0350	0.0650	0.0950	2.92676418e+09
0.0350	0.0650	0.1050	3.67204129e+09
0.0350	0.0750	0.0750	1.32747274e+09
0.0350	0.0750	0.0850	1.59293753e+09
0.0350	0.0750	0.0950	2.14237257e+09
0.0350	0.0750	0.1050	2.43919752e+09
0.0350	0.0750	0.1150	3.46028614e+09
0.0350	0.0850	0.0850	9.41601933e+08
0.0350	0.0850	0.0950	1.62776457e+09
0.0350	0.0850	0.1050	2.06271490e+09
0.0350	0.0850	0.1150	1.97053851e+09
0.0350	0.0850	0.1250	2.57399584e+09
0.0350	0.0950	0.0950	1.52799645e+09
0.0350	0.0950	0.1050	1.11597025e+09
0.0350	0.0950	0.1150	1.60253034e+09
0.0350	0.0950	0.1250	1.82659758e+09
0.0350	0.0950	0.1350	1.54155778e+09
0.0350	0.1050	0.1050	1.47792536e+09
0.0350	0.1050	0.1150	1.34542929e+09
0.0350	0.1050	0.1250	1.07017567e+09
0.0350	0.1050	0.1350	1.82701050e+09
0.0350	0.1050	0.1450	1.49400135e+09
0.0350	0.1150	0.1150	8.31909408e+08
0.0350	0.1150	0.1250	1.05470592e+09
0.0350	0.1150	0.1350	1.46594229e+09
0.0350	0.1150	0.1450	1.19978060e+09
0.0350	0.1250	0.1250	1.27161936e+09
0.0350	0.1250	0.1350	7.50155716e+08
0.0350	0.1250	0.1450	1.30130270e+09
0.0350	0.1350	0.1350	1.17173547e+09
0.0350	0.1350	0.1450	1.08989152e+09
0.0350	0.1450	0.1450	6.94294842e+08
0.0450	0.0450	0.0450	2.04580509e+09
0.0450	0.0450	0.0550	2.11644675e+09
0.0450	0.0450	0.0650	3.40830348e+09
0.0450	0.0450	0.0750	1.86730320e+09
0.0450	0.0450	0.0850	3.54803524e+09
0.0450	0.0450	0.0950	1.12511381e+09
0.0450	0.0550	0.0550	2.05302984e+08
0.0450	0.0550	0.0650	2.18090246e+09
0.0450	0.0550	0.0750	2.28463679e+09
0.0450	0.0550	0.0850	1.64951770e+09
0.0450	0.0550	0.0950	2.68862798e+09
0.0450	0.0550	0.1050	1.16179503e+09
0.0450	0.0650	0.0650	1.90477746e+09
0.0450	0.0650	0.0750	1.94699292e+09
0.0450	0.0650	0.0850	1.17731466e+09
0.0450	0.0650	0.0950	2.60935348e+09
0.0450	0.0650	0.1050	2.75267498e+09
0.0450	0.0650	0.1150	2.84862916e+09
0.0450	0.0750	0.0750	2.01396590e+09
0.0450	0.0750	0.0850	1.74368055e+09
0.0450	0.0750	0.0950	9.94586105e+08
0.0450	0.0750	0.1050	2.12712250e+09
0.0450	0.0750	0.1150	2.07232388e+09
0.0450	0.0750	0.1250	2.55016236e+09
0.0450	0.0850	0.0850	1.08422501e+09
0.0450	0.0850	0.0950	1.44987711e+09
0.0450	0.0850	0.1050	1.11012530e+09
0.0450	0.0850	0.1150	1.75545655e+09
0.0450	0.0850	0.1250	1.72507519e+09
0.0450	0.0850	0.1350	1.01604155e+09
0.0450	0.0950	0.0950	9.06110771e+08
0.0450	0.0950	0.1050	1.15950068e+09
0.0450	0.0950	0.1150	1.01449457e+09
0.0450	0.0950	0.1250	1.32678509e+09
0.0450	0.0950	0.1350	1.64754632e+09
0.0450	0.0950	0.1450	1.55452862e+09
0.0450	0.1050	0.1050	8.60261973e+08
0.0450	0.1050	0.1150	9.28256224e+08
0.0450	0.1050	0.1250	1.17039181e+09
0.0450	0.1050	0.1350	1.14889527e+09
0.0450	0.1050	0.1450	1.24458132e+09
0.0450	0.1150	0.1150	8.60978413e+08
0.0450	0.1150	0.1250	9.80906809e+08
0.0450	0.1150	0.1350	9.49610173e+08
0.0450	0.1150	0.1450	1.06294692e+09
0.0450	0.1250	0.1250	8.43484247e+08
0.0450	0.1250	0.1350	9.90260787e+08
0.0450	0.1250	0.1450	9.24773328e+08
0.0450	0.1350	0.1350	8.46594057e+08
0.0450	0.1350	0.1450	7.82444980e+08
0.0450	0.1450	0.1450	7.15508627e+08
0.0550	0.0550	0.0550	2.19043139e+09
0.0550	0.0550	0.0650	1.23816065e+09
0.0550	0.0550	0.0750	1.21782269e+09
0.0550	0.0550	0.0850	1.28148791e+09
0.0550	0.0550	0.0950	2.57140982e+09
0.0550	0.0550	0.1050	2.10334457e+09
0.0550	0.0550	0.1150	1.44072143e+09
0.0550	0.0650	0.0650	2.42133784e+09
0.0550	0.0650	0.0750	1.05888693e+09
0.0550	0.0650	0.0850	1.81493963e+09
0.0550	0.0650	0.0950	1.18168589e+09
0.0550	0.0650	0.1050	1.66500520e+09
0.0550	0.0650	0.1150	2.05073810e+09
0.0550	0.0650	0.1250	2.86110364e+09
0.0550	0.0750	0.0750	4.40222467e+08
0.0550	0.0750	0.0850	1.24651717e+09
0.0550	0.0750	0.0950	1.02363006e+09
0.0550	0.0750	0.1050	1.21618044e+09
0.0550	0.0750	0.1150	1.41766036e+09
0.0550	0.0750	0.1250	1.70443081e+09
0.0550	0.0750	0.1350	2.23352017e+09
0.0550	0.0850	0.0850	1.01170097e+09
0.0550	0.0850	0.0950	1.18846602e+09
0.0550	0.0850	0.1050	1.03203248e+09
0.0550	0.0850	0.1150	1.15789826e+09
0.0550	0.0850	0.1250	1.20802168e+09
0.0550	0.0850	0.1350	1.32059049e+09
0.0550	0.0850	0.1450	1.90714490e+09
0.0550	0.0950	0.0950	5.76086752e+08
0.0550	0.0950	0.1050	7.72826030e+08
0.0550	0.0950	0.1150	7.96952709e+08
0.0550	0.0950	0.1250	9.98593313e+08
0.0550	0.0950	0.1350	1.11951778e+09
0.0550	0.0950	0.1450	1.25350063e+09
0.0550	0.1050	0.1050	7.40112564e+08
0.0550	0.1050	0.1150	9.34638320e+08
0.0550	0.1050	0.1250	8.28775655e+08
0.0550	0.1050	0.1350	1.09137011e+09
0.0550	0.1050	0.1450	1.09869210e+09
0.0550	0.1150	0.1150	6.52571026e+08
0.0550	0.1150	0.1250	7.39049472e+08
0.0550	0.1150	0.1350	7.23644991e+08
0.0550	0.1150	0.1450	6.47278035e+08
0.0550	0.1250	0.1250	8.19884122e+08
0.0550	0.1250	0.1350	6.54013224e+08
0.0550	0.1250	0.1450	6.20281343e+08
0.0550	0.1350	0.1350	6.84388766e+08
0.0550	0.1350	0.1450	6.46121845e+08
0.0550	0.1450	0.1450	4.53005639e+08
0.0650	0.0650	0.0650	8.92548893e+08
0.0650	0.0650	0.0750	1.57762450e+09
0.0650	0.0650	0.0850	1.53056778e+09
0.0650	0.0650	0.0950	1.12354334e+09
0.0650	0.0650	0.1050	1.56244094e+09
0.0650	0.0650	0.1150	1.70400925e+09
0.0650	0.0650	0.1250	2.03875468e+09
0.0650	0.0650	0.1350	2.15252183e+09
0.0650	0.0750	0.0750	1.46129877e+09
0.0650	0.0750	0.0850	1.18030230e+09
0.0650	0.0750	0.0950	1.23845256e+09
0.0650	0.0750	0.1050	1.42075619e+09
0.0650	0.0750	0.1150	1.41060876e+09
0.0650	0.0750	0.1250	1.42278020e+09
0.0650	0.0750	0.1350	1.82421583e+09
0.0650	0.0750	0.1450	1.99903853e+09
0.0650	0.0850	0.0850	9.92341172e+08
0.0650	0.0850	0.0950	8.56693374e+08
0.0650	0.0850	0.1050	9.51229660e+08
0.0650	0.0850	0.1150	8.85257768e+08
0.0650	0.0850	0.1250	1.30291050e+09
0.0650	0.0850	0.1350	1.27795833e+09
0.0650	0.0850	0.1450	1.34441704e+09
0.0650	0.0950	0.0950	7.96971599e+08
0.0650	0.0950	0.1050	8.67219051e+08
0.0650	0.0950	0.1150	7.07994832e+08
0.0650	0.0950	0.1250	1.24134595e+09
0.0650	0.0950	0.1350	9.09738040e+08
0.0650	0.0950	0.1450	9.76663067e+08
0.0650	0.1050	0.1050	1.01256309e+09
0.0650	0.1050	0.1150	7.76184911e+08
0.0650	0.1050	0.1250	7.62608020e+08
0.0650	0.1050	0.1350	7.65720200e+08
0.0650	0.1050	0.1450	8.20546670e+08
0.0650	0.1150	0.1150	5.66414898e+08
0.0650	0.1150	0.1250	8.30004416e+08
0.0650	0.1150	0.1350	6.12264596e+08
0.0650	0.1150	0.1450	8.83504565e+08
0.0650	0.1250	0.1250	7.22418796e+08
0.0650	0.1250	0.1350	7.57123233e+08
0.0650	0.1250	0.1450	5.81230853e+08
0.0650	0.1350	0.1350	7.65361185e+08
0.0650	0.1350	0.1450	6.52788949e+08
0.0650	0.1450	0.1450	5.72419050e+08
0.0750	0.0750	0.0750	1.94119459e+08
0.0750	0.0750	0.0850	1.03001179e+09
0.0750	0.0750	0.0950	1.08033983e+09
0.0750	0.0750	0.1050	1.03609027e+09
0.0750	0.0750	0.1150	1.25231098e+09
0.0750	0.0750	0.1250	1.41056487e+09
0.0750	0.0750	0.1350	1.25947949e+09
0.0750	0.0750	0.1450	1.37949181e+09
0.0750	0.0850	0.0850	8.81308310e+08
0.0750	0.0850	0.0950	7.18112676e+08
0.0750	0.0850	0.1050	8.90572132e+08
0.0750	0.0850	0.1150	9.35406102e+08
0.0750	0.0850	0.1250	8.88963046e+08
0.0750	0.0850	0.1350	1.06969659e+09
0.0750	0.0850	0.1450	1.14419262e+09
0.0750	0.0950	0.0950	8.30384443e+08
0.0750	0.0950	0.1050	7.25135245e+08
0.0750	0.0950	0.1150	7.89155041e+08
0.0750	0.0950	0.1250	6.58590043e+08
0.0750	0.0950	0.1350	8.59326578e+08
0.0750	0.0950	0.1450	8.52430712e+08
0.0750	0.1050	0.1050	7.22010169e+08
0.0750	0.1050	0.1150	6.90229251e+08
0.0750	0.1050	0.1250	7.81457126e+08
0.0750	0.1050	0.1350	6.70407809e+08
0.0750	0.1050	0.1450	5.58375155e+08
0.0750	0.1150	0.1150	6.81868740e+08
0.0750	0.1150	0.1250	5.08823678e+08
0.0750	0.1150	0.1350	8.52346803e+08
0.0750	0.1150	0.1450	6.04823986e+08
0.0750	0.1250	0.1250	5.23533195e+08
0.0750	0.1250	0.1350	5.15383513e+08
0.0750	0.1250	0.1450	5.33821947e+08
0.0750	0.1350	0.1350	6.22071542e+08
0.0750	0.1350	0.1450	5.31246199e+08
0.0750	0.1450	0.1450	5.72747887e+08
0.0850	0.0850	0.0850	7.35538482e+08
0.0850	0.0850	0.0950	7.09729290e+08
0.0850	0.0850	0.1050	8.78694016e+08
0.0850	0.0850	0.1150	5.40121239e+08
0.0850	0.0850	0.1250	7.26443030e+08
0.0850	0.0850	0.1350	6.73499210e+08
0.0850	0.0850	0.1450	8.18390788e+08
0.0850	0.0950	0.0950	7.06356361e+08
0.0850	0.0950	0.1050	7.25702850e+08
0.0850	0.0950	0.1150	4.97363439e+08
0.0850	0.0950	0.1250	7.00462315e+08
0.0850	0.0950	0.1350	5.67225236e+08
0.0850	0.0950	0.1450	6.53704308e+08
0.0850	0.1050	0.1050	6.09610630e+08
0.0850	0.1050	0.1150	5.61755594e+08
0.0850	0.1050	0.1250	7.42003162e+08
0.0850	0.1050	0.1350	5.62445318e+08
0.0850	0.1050	0.1450	6.70877985e+08
0.0850	0.1150	0.1150	7.32828564e+08
0.0850	0.1150	0.1250	4.56322071e+08
0.0850	0.1150	0.1350	4.42144540e+08
0.0850	0.1150	0.1450	5.15556476e+08
0.0850	0.1250	0.1250	5.83186351e+08
0.0850	0.1250	0.1350	3.59175481e+08
0.0850	0.1250	0.1450	4.71891051e+08
0.0850	0.1350	0.1350	5.61452559e+08
0.0850	0.1350	0.1450	4.21681333e+08
0.0850	0.1450	0.1450	2.71490650e+08
0.0950	0.0950	0.0950	9.34774663e+08
0.0950	0.0950	0.1050	3.84193134e+08
0.0950	0.0950	0.1150	5.20821247e+08
0.0950	0.0950	0.1250	5.90042603e+08
0.0950	0.0950	0.1350	7.09825272e+08
0.0950	0.0950	0.1450	6.02761735e+08
0.0950	0.1050	0.1050	6.83291531e+08
0.0950	0.1050	0.1150	4.74421609e+08
0.0950	0.1050	0.1250	4.92353588e+08
0.0950	0.1050	0.1350	4.69796231e+08
0.0950	0.1050	0.1450	5.33326135e+08
0.0950	0.1150	0.1150	4.09318910e+08
0.0950	0.1150	0.1250	5.49514610e+08
0.0950	0.1150	0.1350	4.59139824e+08
0.0950	0.1150	0.1450	4.98743478e+08
0.0950	0.1250	0.1250	4.17660283e+08
0.0950	0.1250	0.1350	4.88373669e+08
0.0950	0.1250	0.1450	4.29496213e+08
0.0950	0.1350	0.1350	4.07291167e+08
0.0950	0.1350	0.1450	3.21442254e+08
0.0950	0.1450	0.1450	4.44271414e+08
0.1050	0.1050	0.1050	6.32278112e+08
0.1050	0.1050	0.1150	3.63792390e+08
0.1050	0.1050	0.1250	4.30382106e+08
0.1050	0.1050	0.1350	4.35323941e+08
0.1050	0.1050	0.1450	5.55024432e+08
0.1050	0.1150	0.1150	5.29205483e+08
0.1050	0.1150	0.1250	4.55767338e+08
0.1050	0.1150	0.1350	4.35723050e+08
0.1050	0.1150	0.1450	4.17708124e+08
0.1050	0.1250	0.1250	5.56021310e+08
0.1050	0.1250	0.1350	3.47497279e+08
0.1050	0.1250	0.1450	4.70954638e+08
0.1050	0.1350	0.1350	3.48696706e+08
0.1050	0.1350	0.1450	3.72389367e+08
0.1050	0.1450	0.1450	3.09875759e+08
0.1150	0.1150	0.1150	2.77789841e+08
0.1150	0.1150	0.1250	4.90091355e+08
0.1150	0.1150	0.1350	2.46417509e+08
0.1150	0.1150	0.1450	3.86500974e+08
0.1150	0.1250	0.1250	4.31809522e+08
0.1150	0.1250	0.1350	4.78808782e+08
0.1150	0.1250	0.1450	3.73219750e+08
0.1150	0.1350	0.1350	3.59861813e+08
0.1150	0.1350	0.1450	3.49262631e+08
0.1150	0.1450	0.1450	3.96039599e+08
0.1250	0.1250	0.1250	3.01607964e+08
0.1250	0.1250	0.1350	4.12978672e+08
0.1250	0.1250	0.1450	3.63441139e+08
0.1250	0.1350	0.1350	4.03041223e+08
0.1250	0.1350	0.1450	3.17668387e+08
0.1250	0.1450	0.1450	3.25211755e+08
0.1350	0.1350	0.1350	2.63235156e+08
0.1350	0.1350	0.1450	3.43102628e+08
0.1350	0.1450	0.1450	2.85191503e+08
0.1450	0.1450	0.1450	2.10370898e+08
