####### Bispectrum of Nseries Simulation 31 #############
# Weights: fkp
# Fiducial Omega_m: 0.310
# Fiducial h: 0.676
# Boxsize: [1750.0, 3220.0, 1830.0]
# Grid: [167, 307, 175]
# k-binning: [0.000, 0.160, 0.010]
# Monte Carlo Simulations: 100
#
# Format: k1 | k2 | k3 | B(k1,k2,k3)
############################################
0.0150	0.0150	0.0150	-2.59975142e+10
0.0150	0.0150	0.0250	3.30764740e+09
0.0150	0.0150	0.0350	1.76657602e+10
0.0150	0.0250	0.0250	1.80565167e+10
0.0150	0.0250	0.0350	9.81058011e+09
0.0150	0.0250	0.0450	5.80986266e+09
0.0150	0.0350	0.0350	2.18033784e+09
0.0150	0.0350	0.0450	9.25736125e+09
0.0150	0.0350	0.0550	9.41748742e+09
0.0150	0.0450	0.0450	1.27183982e+09
0.0150	0.0450	0.0550	4.04255707e+09
0.0150	0.0450	0.0650	5.47695644e+09
0.0150	0.0550	0.0550	5.01751955e+09
0.0150	0.0550	0.0650	3.60491947e+09
0.0150	0.0550	0.0750	1.09219300e+10
0.0150	0.0650	0.0650	3.82602371e+09
0.0150	0.0650	0.0750	3.33074138e+09
0.0150	0.0650	0.0850	4.76064099e+09
0.0150	0.0750	0.0750	3.27144418e+09
0.0150	0.0750	0.0850	3.26891896e+09
0.0150	0.0750	0.0950	1.07567756e+09
0.0150	0.0850	0.0850	2.38935882e+09
0.0150	0.0850	0.0950	2.25031464e+09
0.0150	0.0850	0.1050	4.34299739e+09
0.0150	0.0950	0.0950	2.89221593e+09
0.0150	0.0950	0.1050	2.14845394e+09
0.0150	0.0950	0.1150	3.19014269e+09
0.0150	0.1050	0.1050	2.22852575e+09
0.0150	0.1050	0.1150	1.93484886e+09
0.0150	0.1050	0.1250	3.09091897e+09
0.0150	0.1150	0.1150	1.22438805e+09
0.0150	0.1150	0.1250	2.08352647e+09
0.0150	0.1150	0.1350	8.57065587e+08
0.0150	0.1250	0.1250	1.78923179e+09
0.0150	0.1250	0.1350	1.54027943e+09
0.0150	0.1250	0.1450	1.69914216e+09
0.0150	0.1350	0.1350	1.23351575e+09
0.0150	0.1350	0.1450	1.84087290e+09
0.0150	0.1450	0.1450	1.03645463e+09
0.0250	0.0250	0.0250	-5.24049619e+09
0.0250	0.0250	0.0350	3.42704990e+09
0.0250	0.0250	0.0450	7.15438831e+09
0.0250	0.0250	0.0550	5.95782680e+09
0.0250	0.0350	0.0350	1.10022175e+10
0.0250	0.0350	0.0450	2.38104204e+09
0.0250	0.0350	0.0550	3.48935314e+09
0.0250	0.0350	0.0650	1.10464514e+10
0.0250	0.0450	0.0450	6.70707471e+09
0.0250	0.0450	0.0550	4.81035317e+09
0.0250	0.0450	0.0650	4.92188064e+09
0.0250	0.0450	0.0750	9.41457204e+09
0.0250	0.0550	0.0550	4.62487738e+09
0.0250	0.0550	0.0650	4.92206183e+09
0.0250	0.0550	0.0750	5.98112403e+08
0.0250	0.0550	0.0850	7.87610693e+09
0.0250	0.0650	0.0650	-4.85441329e+08
0.0250	0.0650	0.0750	3.56466089e+09
0.0250	0.0650	0.0850	3.88106574e+09
0.0250	0.0650	0.0950	3.81476384e+09
0.0250	0.0750	0.0750	2.56053836e+09
0.0250	0.0750	0.0850	2.92772586e+09
0.0250	0.0750	0.0950	3.72667172e+09
0.0250	0.0750	0.1050	3.76503045e+09
0.0250	0.0850	0.0850	1.22218844e+09
0.0250	0.0850	0.0950	2.42353306e+09
0.0250	0.0850	0.1050	3.02963836e+09
0.0250	0.0850	0.1150	4.02430881e+09
0.0250	0.0950	0.0950	1.59400111e+09
0.0250	0.0950	0.1050	2.22040864e+09
0.0250	0.0950	0.1150	2.04404736e+09
0.0250	0.0950	0.1250	2.70965282e+09
0.0250	0.1050	0.1050	1.35301184e+09
0.0250	0.1050	0.1150	1.68476137e+09
0.0250	0.1050	0.1250	2.15670044e+09
0.0250	0.1050	0.1350	2.27215174e+09
0.0250	0.1150	0.1150	1.53918180e+09
0.0250	0.1150	0.1250	1.72787578e+09
0.0250	0.1150	0.1350	1.97902456e+09
0.0250	0.1150	0.1450	1.14706783e+09
0.0250	0.1250	0.1250	1.17057641e+09
0.0250	0.1250	0.1350	1.40360636e+09
0.0250	0.1250	0.1450	1.81977574e+09
0.0250	0.1350	0.1350	1.13460932e+09
0.0250	0.1350	0.1450	1.12042327e+09
0.0250	0.1450	0.1450	9.01034765e+08
0.0350	0.0350	0.0350	-6.84420833e+08
0.0350	0.0350	0.0450	4.22729330e+09
0.0350	0.0350	0.0550	3.67072320e+09
0.0350	0.0350	0.0650	4.05908111e+09
0.0350	0.0350	0.0750	4.63007481e+09
0.0350	0.0450	0.0450	3.96501251e+09
0.0350	0.0450	0.0550	2.30360186e+09
0.0350	0.0450	0.0650	3.07019337e+09
0.0350	0.0450	0.0750	4.54637302e+09
0.0350	0.0450	0.0850	1.34948057e+09
0.0350	0.0550	0.0550	3.23253621e+09
0.0350	0.0550	0.0650	1.10292728e+09
0.0350	0.0550	0.0750	3.37764880e+09
0.0350	0.0550	0.0850	2.80918337e+09
0.0350	0.0550	0.0950	1.87118264e+09
0.0350	0.0650	0.0650	4.04753962e+09
0.0350	0.0650	0.0750	1.93210655e+09
0.0350	0.0650	0.0850	2.70452896e+09
0.0350	0.0650	0.0950	2.96723091e+09
0.0350	0.0650	0.1050	3.99615309e+09
0.0350	0.0750	0.0750	1.93570147e+09
0.0350	0.0750	0.0850	1.65807637e+09
0.0350	0.0750	0.0950	2.17169516e+09
0.0350	0.0750	0.1050	1.82686887e+09
0.0350	0.0750	0.1150	2.41978933e+09
0.0350	0.0850	0.0850	1.69033149e+09
0.0350	0.0850	0.0950	2.12943418e+09
0.0350	0.0850	0.1050	1.84387153e+09
0.0350	0.0850	0.1150	2.46668915e+09
0.0350	0.0850	0.1250	2.15678089e+09
0.0350	0.0950	0.0950	1.47964557e+09
0.0350	0.0950	0.1050	7.25295383e+08
0.0350	0.0950	0.1150	1.43437192e+09
0.0350	0.0950	0.1250	1.89885288e+09
0.0350	0.0950	0.1350	2.29353331e+09
0.0350	0.1050	0.1050	1.11320672e+09
0.0350	0.1050	0.1150	1.12449506e+09
0.0350	0.1050	0.1250	1.17262830e+09
0.0350	0.1050	0.1350	1.52933901e+09
0.0350	0.1050	0.1450	1.10047046e+09
0.0350	0.1150	0.1150	1.35078513e+09
0.0350	0.1150	0.1250	9.36703161e+08
0.0350	0.1150	0.1350	1.41028394e+09
0.0350	0.1150	0.1450	1.44419893e+09
0.0350	0.1250	0.1250	9.24704657e+08
0.0350	0.1250	0.1350	1.09624612e+09
0.0350	0.1250	0.1450	1.08404371e+09
0.0350	0.1350	0.1350	1.12336498e+09
0.0350	0.1350	0.1450	1.01423448e+09
0.0350	0.1450	0.1450	9.47648596e+08
0.0450	0.0450	0.0450	2.44143484e+09
0.0450	0.0450	0.0550	3.77236011e+09
0.0450	0.0450	0.0650	1.97603165e+09
0.0450	0.0450	0.0750	3.60782607e+09
0.0450	0.0450	0.0850	2.97497306e+09
0.0450	0.0450	0.0950	3.01823674e+09
0.0450	0.0550	0.0550	1.87649800e+09
0.0450	0.0550	0.0650	2.05053087e+09
0.0450	0.0550	0.0750	1.42556357e+09
0.0450	0.0550	0.0850	2.36660268e+09
0.0450	0.0550	0.0950	2.72431522e+09
0.0450	0.0550	0.1050	2.09783574e+09
0.0450	0.0650	0.0650	1.36965043e+09
0.0450	0.0650	0.0750	1.77755329e+09
0.0450	0.0650	0.0850	2.49475711e+09
0.0450	0.0650	0.0950	1.61177087e+09
0.0450	0.0650	0.1050	2.46839616e+09
0.0450	0.0650	0.1150	2.08438712e+09
0.0450	0.0750	0.0750	1.42842346e+09
0.0450	0.0750	0.0850	1.27324079e+09
0.0450	0.0750	0.0950	1.44285014e+09
0.0450	0.0750	0.1050	1.88407100e+09
0.0450	0.0750	0.1150	2.28475543e+09
0.0450	0.0750	0.1250	3.06346222e+09
0.0450	0.0850	0.0850	1.63453424e+09
0.0450	0.0850	0.0950	1.07382276e+09
0.0450	0.0850	0.1050	1.82156318e+09
0.0450	0.0850	0.1150	1.52519927e+09
0.0450	0.0850	0.1250	1.89972845e+09
0.0450	0.0850	0.1350	1.56155559e+09
0.0450	0.0950	0.0950	1.05704526e+09
0.0450	0.0950	0.1050	9.30695203e+08
0.0450	0.0950	0.1150	1.37934918e+09
0.0450	0.0950	0.1250	1.01180692e+09
0.0450	0.0950	0.1350	1.50938971e+09
0.0450	0.0950	0.1450	2.18115279e+09
0.0450	0.1050	0.1050	1.32656327e+09
0.0450	0.1050	0.1150	9.72862722e+08
0.0450	0.1050	0.1250	1.11835325e+09
0.0450	0.1050	0.1350	1.03191724e+09
0.0450	0.1050	0.1450	1.33581621e+09
0.0450	0.1150	0.1150	7.57654836e+08
0.0450	0.1150	0.1250	1.12305304e+09
0.0450	0.1150	0.1350	1.10542861e+09
0.0450	0.1150	0.1450	9.36784237e+08
0.0450	0.1250	0.1250	7.51906783e+08
0.0450	0.1250	0.1350	8.67365180e+08
0.0450	0.1250	0.1450	9.72323935e+08
0.0450	0.1350	0.1350	8.25045436e+08
0.0450	0.1350	0.1450	6.89886598e+08
0.0450	0.1450	0.1450	8.28588226e+08
0.0550	0.0550	0.0550	1.87214558e+09
0.0550	0.0550	0.0650	4.83082152e+08
0.0550	0.0550	0.0750	2.58359310e+09
0.0550	0.0550	0.0850	1.90778381e+09
0.0550	0.0550	0.0950	1.99149411e+09
0.0550	0.0550	0.1050	2.85429386e+09
0.0550	0.0550	0.1150	2.05023472e+09
0.0550	0.0650	0.0650	1.30084187e+09
0.0550	0.0650	0.0750	1.37324663e+09
0.0550	0.0650	0.0850	1.16348297e+09
0.0550	0.0650	0.0950	1.71258302e+09
0.0550	0.0650	0.1050	1.45514246e+09
0.0550	0.0650	0.1150	1.95417581e+09
0.0550	0.0650	0.1250	1.20908921e+09
0.0550	0.0750	0.0750	1.48058115e+09
0.0550	0.0750	0.0850	1.66636431e+09
0.0550	0.0750	0.0950	1.31663950e+09
0.0550	0.0750	0.1050	1.54626251e+09
0.0550	0.0750	0.1150	1.51687225e+09
0.0550	0.0750	0.1250	1.71968800e+09
0.0550	0.0750	0.1350	2.19569171e+09
0.0550	0.0850	0.0850	1.02317523e+09
0.0550	0.0850	0.0950	1.19353599e+09
0.0550	0.0850	0.1050	9.44515283e+08
0.0550	0.0850	0.1150	1.38659965e+09
0.0550	0.0850	0.1250	1.41679331e+09
0.0550	0.0850	0.1350	1.42397000e+09
0.0550	0.0850	0.1450	2.22751418e+09
0.0550	0.0950	0.0950	9.59266762e+08
0.0550	0.0950	0.1050	1.18333095e+09
0.0550	0.0950	0.1150	6.89848815e+08
0.0550	0.0950	0.1250	9.96409770e+08
0.0550	0.0950	0.1350	1.15609381e+09
0.0550	0.0950	0.1450	1.26271594e+09
0.0550	0.1050	0.1050	9.85525251e+08
0.0550	0.1050	0.1150	7.10167156e+08
0.0550	0.1050	0.1250	9.93956231e+08
0.0550	0.1050	0.1350	9.69873569e+08
0.0550	0.1050	0.1450	1.06736878e+09
0.0550	0.1150	0.1150	9.11433515e+08
0.0550	0.1150	0.1250	7.54402314e+08
0.0550	0.1150	0.1350	7.64404036e+08
0.0550	0.1150	0.1450	9.00457373e+08
0.0550	0.1250	0.1250	7.54745343e+08
0.0550	0.1250	0.1350	7.64075267e+08
0.0550	0.1250	0.1450	4.79175706e+08
0.0550	0.1350	0.1350	6.89983222e+08
0.0550	0.1350	0.1450	7.50522885e+08
0.0550	0.1450	0.1450	4.97601899e+08
0.0650	0.0650	0.0650	1.28104971e+09
0.0650	0.0650	0.0750	1.19087338e+09
0.0650	0.0650	0.0850	1.19410628e+09
0.0650	0.0650	0.0950	1.42283883e+09
0.0650	0.0650	0.1050	1.53549909e+09
0.0650	0.0650	0.1150	1.41810274e+09
0.0650	0.0650	0.1250	2.23681093e+09
0.0650	0.0650	0.1350	2.10590370e+09
0.0650	0.0750	0.0750	1.57464994e+09
0.0650	0.0750	0.0850	1.16570669e+09
0.0650	0.0750	0.0950	1.18469056e+09
0.0650	0.0750	0.1050	9.73844172e+08
0.0650	0.0750	0.1150	1.41471330e+09
0.0650	0.0750	0.1250	1.36875645e+09
0.0650	0.0750	0.1350	1.69548690e+09
0.0650	0.0750	0.1450	1.45347774e+09
0.0650	0.0850	0.0850	1.53081939e+09
0.0650	0.0850	0.0950	9.31812047e+08
0.0650	0.0850	0.1050	9.69746635e+08
0.0650	0.0850	0.1150	1.21366562e+09
0.0650	0.0850	0.1250	8.94416853e+08
0.0650	0.0850	0.1350	1.44848610e+09
0.0650	0.0850	0.1450	1.24517821e+09
0.0650	0.0950	0.0950	1.04976372e+09
0.0650	0.0950	0.1050	7.08946728e+08
0.0650	0.0950	0.1150	6.95551326e+08
0.0650	0.0950	0.1250	1.08950134e+09
0.0650	0.0950	0.1350	1.01864843e+09
0.0650	0.0950	0.1450	1.16700954e+09
0.0650	0.1050	0.1050	6.40944844e+08
0.0650	0.1050	0.1150	1.01065580e+09
0.0650	0.1050	0.1250	8.44060314e+08
0.0650	0.1050	0.1350	8.18463923e+08
0.0650	0.1050	0.1450	8.22126919e+08
0.0650	0.1150	0.1150	5.78015677e+08
0.0650	0.1150	0.1250	7.17343633e+08
0.0650	0.1150	0.1350	6.73458783e+08
0.0650	0.1150	0.1450	7.87885812e+08
0.0650	0.1250	0.1250	6.31509216e+08
0.0650	0.1250	0.1350	7.88043802e+08
0.0650	0.1250	0.1450	6.83342805e+08
0.0650	0.1350	0.1350	6.35180832e+08
0.0650	0.1350	0.1450	5.50228413e+08
0.0650	0.1450	0.1450	4.99706152e+08
0.0750	0.0750	0.0750	1.92014035e+09
0.0750	0.0750	0.0850	1.02245993e+09
0.0750	0.0750	0.0950	1.26168448e+09
0.0750	0.0750	0.1050	7.35882940e+08
0.0750	0.0750	0.1150	1.10965646e+09
0.0750	0.0750	0.1250	1.20499039e+09
0.0750	0.0750	0.1350	1.40889593e+09
0.0750	0.0750	0.1450	1.50450271e+09
0.0750	0.0850	0.0850	9.62201794e+08
0.0750	0.0850	0.0950	9.20065637e+08
0.0750	0.0850	0.1050	9.75520155e+08
0.0750	0.0850	0.1150	8.81003770e+08
0.0750	0.0850	0.1250	9.02795965e+08
0.0750	0.0850	0.1350	1.01933429e+09
0.0750	0.0850	0.1450	1.25308317e+09
0.0750	0.0950	0.0950	1.00951014e+09
0.0750	0.0950	0.1050	6.77811571e+08
0.0750	0.0950	0.1150	7.88177504e+08
0.0750	0.0950	0.1250	9.59610932e+08
0.0750	0.0950	0.1350	8.30118451e+08
0.0750	0.0950	0.1450	8.04936647e+08
0.0750	0.1050	0.1050	8.47696492e+08
0.0750	0.1050	0.1150	6.69071737e+08
0.0750	0.1050	0.1250	6.98822213e+08
0.0750	0.1050	0.1350	7.69349525e+08
0.0750	0.1050	0.1450	6.03660578e+08
0.0750	0.1150	0.1150	5.65138303e+08
0.0750	0.1150	0.1250	6.44812484e+08
0.0750	0.1150	0.1350	7.51410698e+08
0.0750	0.1150	0.1450	7.33972744e+08
0.0750	0.1250	0.1250	5.99610241e+08
0.0750	0.1250	0.1350	5.40358072e+08
0.0750	0.1250	0.1450	5.71527911e+08
0.0750	0.1350	0.1350	6.87962803e+08
0.0750	0.1350	0.1450	6.22974571e+08
0.0750	0.1450	0.1450	5.28271615e+08
0.0850	0.0850	0.0850	4.53524663e+08
0.0850	0.0850	0.0950	7.06472078e+08
0.0850	0.0850	0.1050	8.36059357e+08
0.0850	0.0850	0.1150	6.41868749e+08
0.0850	0.0850	0.1250	8.88576543e+08
0.0850	0.0850	0.1350	8.28943447e+08
0.0850	0.0850	0.1450	8.05379473e+08
0.0850	0.0950	0.0950	5.20746002e+08
0.0850	0.0950	0.1050	7.28464785e+08
0.0850	0.0950	0.1150	5.97022331e+08
0.0850	0.0950	0.1250	6.27227803e+08
0.0850	0.0950	0.1350	7.86629199e+08
0.0850	0.0950	0.1450	7.00700466e+08
0.0850	0.1050	0.1050	8.31785187e+08
0.0850	0.1050	0.1150	5.08837729e+08
0.0850	0.1050	0.1250	5.36287453e+08
0.0850	0.1050	0.1350	5.82902465e+08
0.0850	0.1050	0.1450	6.21847934e+08
0.0850	0.1150	0.1150	4.37187448e+08
0.0850	0.1150	0.1250	4.96887619e+08
0.0850	0.1150	0.1350	5.09656963e+08
0.0850	0.1150	0.1450	6.28361118e+08
0.0850	0.1250	0.1250	6.24178091e+08
0.0850	0.1250	0.1350	4.80024111e+08
0.0850	0.1250	0.1450	5.56784914e+08
0.0850	0.1350	0.1350	3.57189533e+08
0.0850	0.1350	0.1450	4.35753397e+08
0.0850	0.1450	0.1450	4.57402254e+08
0.0950	0.0950	0.0950	1.00649265e+09
0.0950	0.0950	0.1050	4.37774834e+08
0.0950	0.0950	0.1150	5.21937243e+08
0.0950	0.0950	0.1250	4.70439941e+08
0.0950	0.0950	0.1350	4.12408364e+08
0.0950	0.0950	0.1450	5.71991093e+08
0.0950	0.1050	0.1050	4.45943085e+08
0.0950	0.1050	0.1150	5.12420070e+08
0.0950	0.1050	0.1250	4.77229876e+08
0.0950	0.1050	0.1350	4.24792516e+08
0.0950	0.1050	0.1450	4.35932087e+08
0.0950	0.1150	0.1150	4.14406831e+08
0.0950	0.1150	0.1250	4.37163589e+08
0.0950	0.1150	0.1350	4.35833995e+08
0.0950	0.1150	0.1450	4.21047822e+08
0.0950	0.1250	0.1250	5.88657243e+08
0.0950	0.1250	0.1350	4.24280895e+08
0.0950	0.1250	0.1450	4.28552433e+08
0.0950	0.1350	0.1350	4.83797433e+08
0.0950	0.1350	0.1450	4.48627019e+08
0.0950	0.1450	0.1450	3.53005044e+08
0.1050	0.1050	0.1050	7.21871030e+08
0.1050	0.1050	0.1150	4.15011819e+08
0.1050	0.1050	0.1250	3.87604601e+08
0.1050	0.1050	0.1350	5.10823587e+08
0.1050	0.1050	0.1450	4.92425132e+08
0.1050	0.1150	0.1150	4.02157398e+08
0.1050	0.1150	0.1250	3.76044606e+08
0.1050	0.1150	0.1350	4.22142973e+08
0.1050	0.1150	0.1450	3.36490268e+08
0.1050	0.1250	0.1250	4.38005896e+08
0.1050	0.1250	0.1350	3.80555038e+08
0.1050	0.1250	0.1450	4.27000541e+08
0.1050	0.1350	0.1350	3.18850690e+08
0.1050	0.1350	0.1450	3.44765447e+08
0.1050	0.1450	0.1450	3.78885185e+08
0.1150	0.1150	0.1150	3.89531456e+08
0.1150	0.1150	0.1250	3.20488054e+08
0.1150	0.1150	0.1350	3.72960963e+08
0.1150	0.1150	0.1450	3.46567733e+08
0.1150	0.1250	0.1250	4.64965183e+08
0.1150	0.1250	0.1350	4.20789703e+08
0.1150	0.1250	0.1450	2.66977795e+08
0.1150	0.1350	0.1350	2.96504036e+08
0.1150	0.1350	0.1450	3.34417435e+08
0.1150	0.1450	0.1450	3.12524002e+08
0.1250	0.1250	0.1250	4.10708342e+08
0.1250	0.1250	0.1350	3.64065711e+08
0.1250	0.1250	0.1450	3.05452239e+08
0.1250	0.1350	0.1350	3.36149681e+08
0.1250	0.1350	0.1450	4.03916813e+08
0.1250	0.1450	0.1450	2.74991318e+08
0.1350	0.1350	0.1350	3.97991709e+08
0.1350	0.1350	0.1450	2.18087179e+08
0.1350	0.1450	0.1450	3.02230276e+08
0.1450	0.1450	0.1450	2.76016821e+08
