####### Bispectrum of Nseries Simulation 59 #############
# Weights: fkp
# Fiducial Omega_m: 0.310
# Fiducial h: 0.676
# Boxsize: [1750.0, 3220.0, 1830.0]
# Grid: [167, 307, 175]
# k-binning: [0.000, 0.160, 0.010]
# Monte Carlo Simulations: 100
#
# Format: k1 | k2 | k3 | B(k1,k2,k3)
############################################
0.0150	0.0150	0.0150	-2.24204019e+10
0.0150	0.0150	0.0250	5.44716006e+09
0.0150	0.0150	0.0350	5.20827680e+10
0.0150	0.0250	0.0250	1.43133391e+10
0.0150	0.0250	0.0350	1.07476646e+10
0.0150	0.0250	0.0450	2.20807284e+10
0.0150	0.0350	0.0350	1.13910513e+10
0.0150	0.0350	0.0450	8.05950325e+09
0.0150	0.0350	0.0550	8.21760180e+09
0.0150	0.0450	0.0450	7.15345496e+09
0.0150	0.0450	0.0550	3.82277422e+09
0.0150	0.0450	0.0650	1.54225362e+10
0.0150	0.0550	0.0550	4.40845990e+09
0.0150	0.0550	0.0650	4.95005438e+09
0.0150	0.0550	0.0750	5.59252130e+09
0.0150	0.0650	0.0650	2.31666447e+09
0.0150	0.0650	0.0750	4.14931608e+09
0.0150	0.0650	0.0850	7.13778059e+09
0.0150	0.0750	0.0750	3.56408470e+09
0.0150	0.0750	0.0850	2.49716586e+09
0.0150	0.0750	0.0950	8.42884447e+09
0.0150	0.0850	0.0850	2.13260541e+09
0.0150	0.0850	0.0950	3.38492500e+09
0.0150	0.0850	0.1050	5.05104083e+09
0.0150	0.0950	0.0950	2.44203911e+09
0.0150	0.0950	0.1050	2.32704294e+09
0.0150	0.0950	0.1150	4.62370157e+09
0.0150	0.1050	0.1050	1.90254340e+09
0.0150	0.1050	0.1150	2.29289325e+09
0.0150	0.1050	0.1250	2.95475215e+09
0.0150	0.1150	0.1150	1.64550544e+09
0.0150	0.1150	0.1250	1.75864476e+09
0.0150	0.1150	0.1350	2.12039368e+09
0.0150	0.1250	0.1250	1.07497869e+09
0.0150	0.1250	0.1350	1.85852721e+09
0.0150	0.1250	0.1450	2.22227985e+09
0.0150	0.1350	0.1350	1.55634926e+09
0.0150	0.1350	0.1450	2.11192113e+09
0.0150	0.1450	0.1450	1.57976275e+09
0.0250	0.0250	0.0250	3.07037248e+10
0.0250	0.0250	0.0350	7.57671682e+09
0.0250	0.0250	0.0450	7.48499015e+09
0.0250	0.0250	0.0550	1.79602978e+10
0.0250	0.0350	0.0350	4.02829276e+09
0.0250	0.0350	0.0450	7.08844902e+09
0.0250	0.0350	0.0550	6.76610950e+09
0.0250	0.0350	0.0650	9.76499739e+09
0.0250	0.0450	0.0450	3.65758701e+09
0.0250	0.0450	0.0550	5.30156320e+09
0.0250	0.0450	0.0650	5.01445029e+09
0.0250	0.0450	0.0750	5.11267237e+09
0.0250	0.0550	0.0550	1.43953147e+09
0.0250	0.0550	0.0650	3.04248107e+09
0.0250	0.0550	0.0750	5.22660019e+09
0.0250	0.0550	0.0850	4.51731665e+09
0.0250	0.0650	0.0650	4.08588854e+09
0.0250	0.0650	0.0750	4.87223424e+09
0.0250	0.0650	0.0850	3.72018062e+09
0.0250	0.0650	0.0950	4.83786354e+09
0.0250	0.0750	0.0750	2.59616527e+09
0.0250	0.0750	0.0850	2.87973610e+09
0.0250	0.0750	0.0950	4.28074617e+09
0.0250	0.0750	0.1050	2.45820776e+09
0.0250	0.0850	0.0850	2.76957146e+09
0.0250	0.0850	0.0950	2.26627209e+09
0.0250	0.0850	0.1050	3.49388082e+09
0.0250	0.0850	0.1150	2.44814480e+09
0.0250	0.0950	0.0950	1.35970704e+09
0.0250	0.0950	0.1050	1.60097618e+09
0.0250	0.0950	0.1150	2.61948323e+09
0.0250	0.0950	0.1250	3.93211099e+09
0.0250	0.1050	0.1050	2.01507903e+09
0.0250	0.1050	0.1150	1.83847391e+09
0.0250	0.1050	0.1250	2.20883012e+09
0.0250	0.1050	0.1350	1.89300771e+09
0.0250	0.1150	0.1150	2.13072240e+09
0.0250	0.1150	0.1250	1.81556727e+09
0.0250	0.1150	0.1350	2.08313265e+09
0.0250	0.1150	0.1450	2.77203240e+09
0.0250	0.1250	0.1250	1.41743834e+09
0.0250	0.1250	0.1350	1.63611027e+09
0.0250	0.1250	0.1450	2.28910378e+09
0.0250	0.1350	0.1350	9.70562006e+08
0.0250	0.1350	0.1450	1.47532121e+09
0.0250	0.1450	0.1450	1.49691898e+09
0.0350	0.0350	0.0350	5.96416779e+09
0.0350	0.0350	0.0450	6.68800937e+09
0.0350	0.0350	0.0550	1.37370420e+08
0.0350	0.0350	0.0650	5.19067273e+09
0.0350	0.0350	0.0750	7.49814334e+07
0.0350	0.0450	0.0450	2.04819124e+09
0.0350	0.0450	0.0550	3.63744891e+09
0.0350	0.0450	0.0650	2.91155949e+09
0.0350	0.0450	0.0750	3.68949659e+09
0.0350	0.0450	0.0850	6.20718373e+09
0.0350	0.0550	0.0550	2.40665632e+09
0.0350	0.0550	0.0650	1.84109989e+09
0.0350	0.0550	0.0750	2.82293425e+09
0.0350	0.0550	0.0850	3.15851670e+09
0.0350	0.0550	0.0950	2.15717515e+09
0.0350	0.0650	0.0650	1.58602736e+09
0.0350	0.0650	0.0750	3.25612164e+09
0.0350	0.0650	0.0850	2.43250430e+09
0.0350	0.0650	0.0950	3.18192730e+09
0.0350	0.0650	0.1050	2.85562237e+09
0.0350	0.0750	0.0750	2.57511383e+09
0.0350	0.0750	0.0850	1.95486820e+09
0.0350	0.0750	0.0950	3.11904855e+09
0.0350	0.0750	0.1050	2.61982324e+09
0.0350	0.0750	0.1150	2.74317828e+09
0.0350	0.0850	0.0850	1.66288720e+09
0.0350	0.0850	0.0950	1.93506748e+09
0.0350	0.0850	0.1050	1.97133853e+09
0.0350	0.0850	0.1150	2.04078553e+09
0.0350	0.0850	0.1250	1.87790538e+09
0.0350	0.0950	0.0950	1.70561726e+09
0.0350	0.0950	0.1050	1.09986023e+09
0.0350	0.0950	0.1150	1.39726734e+09
0.0350	0.0950	0.1250	2.08442350e+09
0.0350	0.0950	0.1350	2.07497741e+09
0.0350	0.1050	0.1050	1.05061162e+09
0.0350	0.1050	0.1150	1.29960465e+09
0.0350	0.1050	0.1250	1.18228353e+09
0.0350	0.1050	0.1350	1.44708895e+09
0.0350	0.1050	0.1450	1.33195212e+09
0.0350	0.1150	0.1150	7.91577108e+08
0.0350	0.1150	0.1250	1.38507983e+09
0.0350	0.1150	0.1350	1.44403903e+09
0.0350	0.1150	0.1450	1.44033908e+09
0.0350	0.1250	0.1250	9.50869559e+08
0.0350	0.1250	0.1350	9.22845635e+08
0.0350	0.1250	0.1450	1.40810777e+09
0.0350	0.1350	0.1350	1.06138271e+09
0.0350	0.1350	0.1450	7.68750473e+08
0.0350	0.1450	0.1450	9.19190914e+08
0.0450	0.0450	0.0450	1.17383688e+09
0.0450	0.0450	0.0550	2.00722161e+09
0.0450	0.0450	0.0650	2.14796838e+09
0.0450	0.0450	0.0750	1.90072660e+09
0.0450	0.0450	0.0850	2.33153249e+09
0.0450	0.0450	0.0950	1.64361763e+09
0.0450	0.0550	0.0550	3.48482181e+09
0.0450	0.0550	0.0650	1.92716159e+09
0.0450	0.0550	0.0750	2.57087217e+09
0.0450	0.0550	0.0850	2.06040895e+09
0.0450	0.0550	0.0950	2.90422656e+09
0.0450	0.0550	0.1050	2.61410016e+09
0.0450	0.0650	0.0650	1.43047049e+09
0.0450	0.0650	0.0750	1.24674300e+09
0.0450	0.0650	0.0850	2.16215876e+09
0.0450	0.0650	0.0950	1.94376419e+09
0.0450	0.0650	0.1050	2.18160052e+09
0.0450	0.0650	0.1150	3.35449573e+09
0.0450	0.0750	0.0750	8.50096955e+08
0.0450	0.0750	0.0850	1.28572151e+09
0.0450	0.0750	0.0950	1.23400878e+09
0.0450	0.0750	0.1050	1.88596729e+09
0.0450	0.0750	0.1150	2.31311248e+09
0.0450	0.0750	0.1250	2.41721714e+09
0.0450	0.0850	0.0850	1.96249441e+09
0.0450	0.0850	0.0950	1.27503438e+09
0.0450	0.0850	0.1050	1.57512789e+09
0.0450	0.0850	0.1150	2.05578517e+09
0.0450	0.0850	0.1250	1.91637271e+09
0.0450	0.0850	0.1350	2.34722026e+09
0.0450	0.0950	0.0950	1.49425575e+09
0.0450	0.0950	0.1050	1.03129891e+09
0.0450	0.0950	0.1150	1.08537920e+09
0.0450	0.0950	0.1250	1.45788056e+09
0.0450	0.0950	0.1350	1.45651750e+09
0.0450	0.0950	0.1450	1.55540776e+09
0.0450	0.1050	0.1050	1.19108240e+09
0.0450	0.1050	0.1150	9.53232200e+08
0.0450	0.1050	0.1250	1.14883695e+09
0.0450	0.1050	0.1350	1.02933025e+09
0.0450	0.1050	0.1450	1.21111200e+09
0.0450	0.1150	0.1150	1.02880012e+09
0.0450	0.1150	0.1250	8.48600213e+08
0.0450	0.1150	0.1350	8.22029264e+08
0.0450	0.1150	0.1450	1.08833274e+09
0.0450	0.1250	0.1250	8.65070076e+08
0.0450	0.1250	0.1350	6.09368010e+08
0.0450	0.1250	0.1450	1.01257908e+09
0.0450	0.1350	0.1350	1.09255373e+09
0.0450	0.1350	0.1450	8.70876026e+08
0.0450	0.1450	0.1450	8.18582015e+08
0.0550	0.0550	0.0550	5.89790890e+08
0.0550	0.0550	0.0650	2.18903517e+09
0.0550	0.0550	0.0750	1.71383072e+09
0.0550	0.0550	0.0850	1.98250729e+09
0.0550	0.0550	0.0950	1.25570752e+09
0.0550	0.0550	0.1050	2.63948951e+09
0.0550	0.0550	0.1150	1.91099837e+09
0.0550	0.0650	0.0650	4.11010619e+08
0.0550	0.0650	0.0750	2.03872599e+09
0.0550	0.0650	0.0850	1.54986033e+09
0.0550	0.0650	0.0950	1.51647514e+09
0.0550	0.0650	0.1050	1.50055654e+09
0.0550	0.0650	0.1150	2.14290927e+09
0.0550	0.0650	0.1250	2.03845830e+09
0.0550	0.0750	0.0750	1.32455384e+09
0.0550	0.0750	0.0850	1.50361526e+09
0.0550	0.0750	0.0950	1.06812613e+09
0.0550	0.0750	0.1050	1.39078926e+09
0.0550	0.0750	0.1150	1.10830027e+09
0.0550	0.0750	0.1250	1.67027303e+09
0.0550	0.0750	0.1350	2.15802185e+09
0.0550	0.0850	0.0850	9.31961339e+08
0.0550	0.0850	0.0950	1.03396378e+09
0.0550	0.0850	0.1050	9.78703734e+08
0.0550	0.0850	0.1150	1.23992709e+09
0.0550	0.0850	0.1250	1.53505420e+09
0.0550	0.0850	0.1350	1.35004158e+09
0.0550	0.0850	0.1450	2.26450232e+09
0.0550	0.0950	0.0950	6.90685168e+08
0.0550	0.0950	0.1050	9.49283554e+08
0.0550	0.0950	0.1150	8.39220801e+08
0.0550	0.0950	0.1250	1.02620139e+09
0.0550	0.0950	0.1350	1.07786513e+09
0.0550	0.0950	0.1450	1.32005150e+09
0.0550	0.1050	0.1050	3.95401169e+08
0.0550	0.1050	0.1150	8.31299251e+08
0.0550	0.1050	0.1250	7.06699931e+08
0.0550	0.1050	0.1350	1.01941060e+09
0.0550	0.1050	0.1450	1.00927238e+09
0.0550	0.1150	0.1150	5.87779863e+08
0.0550	0.1150	0.1250	8.09679456e+08
0.0550	0.1150	0.1350	7.94263608e+08
0.0550	0.1150	0.1450	7.79427481e+08
0.0550	0.1250	0.1250	6.78474642e+08
0.0550	0.1250	0.1350	6.55600367e+08
0.0550	0.1250	0.1450	8.35860185e+08
0.0550	0.1350	0.1350	6.66318079e+08
0.0550	0.1350	0.1450	6.92531469e+08
0.0550	0.1450	0.1450	6.24572781e+08
0.0650	0.0650	0.0650	2.05034976e+09
0.0650	0.0650	0.0750	1.47123063e+09
0.0650	0.0650	0.0850	1.52145520e+09
0.0650	0.0650	0.0950	1.09773028e+09
0.0650	0.0650	0.1050	1.84317272e+09
0.0650	0.0650	0.1150	1.67267286e+09
0.0650	0.0650	0.1250	1.96218661e+09
0.0650	0.0650	0.1350	1.73712777e+09
0.0650	0.0750	0.0750	1.06798166e+09
0.0650	0.0750	0.0850	1.38226858e+09
0.0650	0.0750	0.0950	1.44329808e+09
0.0650	0.0750	0.1050	1.18447025e+09
0.0650	0.0750	0.1150	1.53444882e+09
0.0650	0.0750	0.1250	1.72068008e+09
0.0650	0.0750	0.1350	1.70098249e+09
0.0650	0.0750	0.1450	1.52992074e+09
0.0650	0.0850	0.0850	1.14751658e+09
0.0650	0.0850	0.0950	9.83394252e+08
0.0650	0.0850	0.1050	1.00056307e+09
0.0650	0.0850	0.1150	9.70846802e+08
0.0650	0.0850	0.1250	1.17164708e+09
0.0650	0.0850	0.1350	1.25006698e+09
0.0650	0.0850	0.1450	1.45424194e+09
0.0650	0.0950	0.0950	1.09319050e+09
0.0650	0.0950	0.1050	7.58710102e+08
0.0650	0.0950	0.1150	8.61763869e+08
0.0650	0.0950	0.1250	1.01535498e+09
0.0650	0.0950	0.1350	8.99913642e+08
0.0650	0.0950	0.1450	1.09446725e+09
0.0650	0.1050	0.1050	9.30097735e+08
0.0650	0.1050	0.1150	7.60112549e+08
0.0650	0.1050	0.1250	7.21049489e+08
0.0650	0.1050	0.1350	7.05905258e+08
0.0650	0.1050	0.1450	7.39666096e+08
0.0650	0.1150	0.1150	6.83535408e+08
0.0650	0.1150	0.1250	7.24627737e+08
0.0650	0.1150	0.1350	8.97712847e+08
0.0650	0.1150	0.1450	7.20946499e+08
0.0650	0.1250	0.1250	7.58097464e+08
0.0650	0.1250	0.1350	6.51272544e+08
0.0650	0.1250	0.1450	7.27074119e+08
0.0650	0.1350	0.1350	7.42530142e+08
0.0650	0.1350	0.1450	6.95456550e+08
0.0650	0.1450	0.1450	7.49657683e+08
0.0750	0.0750	0.0750	1.31223910e+09
0.0750	0.0750	0.0850	1.45419020e+09
0.0750	0.0750	0.0950	1.13129731e+09
0.0750	0.0750	0.1050	9.77588303e+08
0.0750	0.0750	0.1150	1.21435904e+09
0.0750	0.0750	0.1250	1.09119802e+09
0.0750	0.0750	0.1350	1.45676400e+09
0.0750	0.0750	0.1450	1.48495090e+09
0.0750	0.0850	0.0850	1.00339251e+09
0.0750	0.0850	0.0950	1.03521707e+09
0.0750	0.0850	0.1050	1.06701411e+09
0.0750	0.0850	0.1150	1.12334006e+09
0.0750	0.0850	0.1250	1.05055801e+09
0.0750	0.0850	0.1350	9.28924983e+08
0.0750	0.0850	0.1450	1.20278112e+09
0.0750	0.0950	0.0950	1.06317898e+09
0.0750	0.0950	0.1050	8.58863926e+08
0.0750	0.0950	0.1150	8.43524443e+08
0.0750	0.0950	0.1250	7.54020835e+08
0.0750	0.0950	0.1350	9.28597516e+08
0.0750	0.0950	0.1450	7.80477000e+08
0.0750	0.1050	0.1050	7.36862483e+08
0.0750	0.1050	0.1150	6.10820284e+08
0.0750	0.1050	0.1250	7.49283646e+08
0.0750	0.1050	0.1350	6.69494666e+08
0.0750	0.1050	0.1450	7.13417344e+08
0.0750	0.1150	0.1150	5.50510554e+08
0.0750	0.1150	0.1250	7.30040610e+08
0.0750	0.1150	0.1350	5.62413501e+08
0.0750	0.1150	0.1450	7.48592483e+08
0.0750	0.1250	0.1250	5.75974548e+08
0.0750	0.1250	0.1350	6.56327449e+08
0.0750	0.1250	0.1450	6.93611960e+08
0.0750	0.1350	0.1350	5.46632556e+08
0.0750	0.1350	0.1450	5.37559353e+08
0.0750	0.1450	0.1450	4.75764525e+08
0.0850	0.0850	0.0850	8.46746680e+08
0.0850	0.0850	0.0950	3.76088706e+08
0.0850	0.0850	0.1050	7.27536026e+08
0.0850	0.0850	0.1150	7.17820231e+08
0.0850	0.0850	0.1250	8.83555846e+08
0.0850	0.0850	0.1350	8.28879402e+08
0.0850	0.0850	0.1450	8.45212154e+08
0.0850	0.0950	0.0950	9.05790954e+08
0.0850	0.0950	0.1050	4.58746523e+08
0.0850	0.0950	0.1150	8.10794594e+08
0.0850	0.0950	0.1250	7.84121646e+08
0.0850	0.0950	0.1350	6.55214453e+08
0.0850	0.0950	0.1450	6.07550755e+08
0.0850	0.1050	0.1050	5.90463630e+08
0.0850	0.1050	0.1150	3.04172883e+08
0.0850	0.1050	0.1250	6.20721015e+08
0.0850	0.1050	0.1350	4.68232448e+08
0.0850	0.1050	0.1450	6.27209883e+08
0.0850	0.1150	0.1150	7.85225861e+08
0.0850	0.1150	0.1250	5.66988200e+08
0.0850	0.1150	0.1350	5.72309835e+08
0.0850	0.1150	0.1450	4.92582409e+08
0.0850	0.1250	0.1250	5.79791278e+08
0.0850	0.1250	0.1350	4.58973764e+08
0.0850	0.1250	0.1450	5.66237984e+08
0.0850	0.1350	0.1350	4.80753882e+08
0.0850	0.1350	0.1450	5.56052476e+08
0.0850	0.1450	0.1450	3.48368202e+08
0.0950	0.0950	0.0950	4.48699715e+08
0.0950	0.0950	0.1050	5.17389538e+08
0.0950	0.0950	0.1150	4.53273921e+08
0.0950	0.0950	0.1250	4.77377691e+08
0.0950	0.0950	0.1350	6.44476687e+08
0.0950	0.0950	0.1450	6.82712333e+08
0.0950	0.1050	0.1050	4.94604802e+08
0.0950	0.1050	0.1150	5.33929105e+08
0.0950	0.1050	0.1250	5.29554806e+08
0.0950	0.1050	0.1350	5.31002129e+08
0.0950	0.1050	0.1450	4.27529350e+08
0.0950	0.1150	0.1150	4.99106480e+08
0.0950	0.1150	0.1250	5.41055641e+08
0.0950	0.1150	0.1350	4.10769426e+08
0.0950	0.1150	0.1450	4.08520557e+08
0.0950	0.1250	0.1250	5.27523225e+08
0.0950	0.1250	0.1350	4.79937618e+08
0.0950	0.1250	0.1450	4.20196970e+08
0.0950	0.1350	0.1350	4.18907670e+08
0.0950	0.1350	0.1450	4.64256672e+08
0.0950	0.1450	0.1450	2.95595468e+08
0.1050	0.1050	0.1050	6.83691945e+08
0.1050	0.1050	0.1150	3.81324204e+08
0.1050	0.1050	0.1250	4.71396982e+08
0.1050	0.1050	0.1350	5.53224411e+08
0.1050	0.1050	0.1450	4.63696986e+08
0.1050	0.1150	0.1150	4.04991885e+08
0.1050	0.1150	0.1250	3.89490201e+08
0.1050	0.1150	0.1350	4.39037976e+08
0.1050	0.1150	0.1450	4.19158016e+08
0.1050	0.1250	0.1250	4.80959548e+08
0.1050	0.1250	0.1350	4.23740299e+08
0.1050	0.1250	0.1450	3.46198583e+08
0.1050	0.1350	0.1350	2.78995455e+08
0.1050	0.1350	0.1450	3.62780847e+08
0.1050	0.1450	0.1450	3.63999218e+08
0.1150	0.1150	0.1150	5.14173048e+08
0.1150	0.1150	0.1250	6.44987350e+08
0.1150	0.1150	0.1350	2.19920132e+08
0.1150	0.1150	0.1450	4.70805726e+08
0.1150	0.1250	0.1250	4.68544882e+08
0.1150	0.1250	0.1350	4.51863587e+08
0.1150	0.1250	0.1450	3.29487229e+08
0.1150	0.1350	0.1350	3.98048490e+08
0.1150	0.1350	0.1450	3.58726108e+08
0.1150	0.1450	0.1450	3.02091179e+08
0.1250	0.1250	0.1250	4.46358071e+08
0.1250	0.1250	0.1350	5.02284879e+08
0.1250	0.1250	0.1450	3.46200330e+08
0.1250	0.1350	0.1350	3.56602595e+08
0.1250	0.1350	0.1450	3.69229543e+08
0.1250	0.1450	0.1450	2.95296380e+08
0.1350	0.1350	0.1350	2.95129961e+08
0.1350	0.1350	0.1450	3.42770954e+08
0.1350	0.1450	0.1450	3.33519163e+08
0.1450	0.1450	0.1450	3.07800110e+08
