####### Bispectrum of BOSS #############
# Patch: ngc
# z-type: z3
# Weights: fkp
# Fiducial Omega_m: 0.310
# Fiducial h: 0.676
# Boxsize: [1800.0, 3400.0, 1900.0]
# Grid: [170, 325, 180]
# k-binning: [0.000, 0.160, 0.010]
# Monte Carlo Simulations: 100
#
# Format: k1 | k2 | k3 | B(k1,k2,k3)
############################################
0.0150	0.0150	0.0150	3.77267776e+10
0.0150	0.0150	0.0250	4.54040666e+09
0.0150	0.0150	0.0350	-3.01663984e+09
0.0150	0.0250	0.0250	3.34924925e+09
0.0150	0.0250	0.0350	1.02848117e+10
0.0150	0.0250	0.0450	7.41353068e+09
0.0150	0.0350	0.0350	6.46192377e+09
0.0150	0.0350	0.0450	2.20943438e+09
0.0150	0.0350	0.0550	1.28219269e+10
0.0150	0.0450	0.0450	2.99462984e+09
0.0150	0.0450	0.0550	2.57872090e+09
0.0150	0.0450	0.0650	1.33846381e+10
0.0150	0.0550	0.0550	1.91072558e+09
0.0150	0.0550	0.0650	3.68344090e+09
0.0150	0.0550	0.0750	8.67392026e+09
0.0150	0.0650	0.0650	3.02986901e+09
0.0150	0.0650	0.0750	5.07960765e+09
0.0150	0.0650	0.0850	5.52159723e+09
0.0150	0.0750	0.0750	2.32467311e+09
0.0150	0.0750	0.0850	2.71322334e+09
0.0150	0.0750	0.0950	5.24987315e+09
0.0150	0.0850	0.0850	2.98625841e+09
0.0150	0.0850	0.0950	3.45918848e+09
0.0150	0.0850	0.1050	2.41143496e+09
0.0150	0.0950	0.0950	1.02113877e+09
0.0150	0.0950	0.1050	3.00399973e+09
0.0150	0.0950	0.1150	3.24697615e+09
0.0150	0.1050	0.1050	1.63504347e+09
0.0150	0.1050	0.1150	2.03122442e+09
0.0150	0.1050	0.1250	3.33182527e+09
0.0150	0.1150	0.1150	2.10113130e+09
0.0150	0.1150	0.1250	1.43365536e+09
0.0150	0.1150	0.1350	2.27938874e+09
0.0150	0.1250	0.1250	8.18616039e+08
0.0150	0.1250	0.1350	2.25749987e+09
0.0150	0.1250	0.1450	2.96453480e+09
0.0150	0.1350	0.1350	1.32078036e+09
0.0150	0.1350	0.1450	1.55087353e+09
0.0150	0.1450	0.1450	9.41992149e+08
0.0250	0.0250	0.0250	1.35476582e+10
0.0250	0.0250	0.0350	3.91922345e+09
0.0250	0.0250	0.0450	1.09859491e+10
0.0250	0.0250	0.0550	5.46336122e+09
0.0250	0.0350	0.0350	1.29342134e+09
0.0250	0.0350	0.0450	5.70688524e+09
0.0250	0.0350	0.0550	5.27941185e+09
0.0250	0.0350	0.0650	2.13631914e+09
0.0250	0.0450	0.0450	5.59462065e+09
0.0250	0.0450	0.0550	2.34111924e+09
0.0250	0.0450	0.0650	2.30112483e+09
0.0250	0.0450	0.0750	5.59719139e+09
0.0250	0.0550	0.0550	1.79577417e+09
0.0250	0.0550	0.0650	3.41712729e+09
0.0250	0.0550	0.0750	2.85025953e+09
0.0250	0.0550	0.0850	2.17452997e+09
0.0250	0.0650	0.0650	1.88461417e+09
0.0250	0.0650	0.0750	2.67448463e+09
0.0250	0.0650	0.0850	3.48983901e+09
0.0250	0.0650	0.0950	2.08289549e+09
0.0250	0.0750	0.0750	4.05224765e+09
0.0250	0.0750	0.0850	2.29520922e+09
0.0250	0.0750	0.0950	3.54382044e+09
0.0250	0.0750	0.1050	2.77137075e+09
0.0250	0.0850	0.0850	1.65465682e+09
0.0250	0.0850	0.0950	2.15100072e+09
0.0250	0.0850	0.1050	2.23954174e+09
0.0250	0.0850	0.1150	2.40711032e+09
0.0250	0.0950	0.0950	1.74296439e+09
0.0250	0.0950	0.1050	2.15902296e+09
0.0250	0.0950	0.1150	2.04914633e+09
0.0250	0.0950	0.1250	2.10500301e+09
0.0250	0.1050	0.1050	1.69525503e+09
0.0250	0.1050	0.1150	1.41446335e+09
0.0250	0.1050	0.1250	1.98394759e+09
0.0250	0.1050	0.1350	9.95987178e+08
0.0250	0.1150	0.1150	1.05592445e+09
0.0250	0.1150	0.1250	1.58983984e+09
0.0250	0.1150	0.1350	1.86223489e+09
0.0250	0.1150	0.1450	9.93822972e+08
0.0250	0.1250	0.1250	1.33464142e+09
0.0250	0.1250	0.1350	1.33633413e+09
0.0250	0.1250	0.1450	1.71520033e+09
0.0250	0.1350	0.1350	1.21168865e+09
0.0250	0.1350	0.1450	1.23988091e+09
0.0250	0.1450	0.1450	9.47387590e+08
0.0350	0.0350	0.0350	4.95833177e+09
0.0350	0.0350	0.0450	3.62732851e+09
0.0350	0.0350	0.0550	4.22698512e+09
0.0350	0.0350	0.0650	5.32502109e+09
0.0350	0.0350	0.0750	9.43668571e+09
0.0350	0.0450	0.0450	2.67439482e+09
0.0350	0.0450	0.0550	2.37090237e+09
0.0350	0.0450	0.0650	2.53389335e+09
0.0350	0.0450	0.0750	2.96621139e+09
0.0350	0.0450	0.0850	5.00194048e+09
0.0350	0.0550	0.0550	3.54633173e+09
0.0350	0.0550	0.0650	2.72342530e+09
0.0350	0.0550	0.0750	3.58484213e+09
0.0350	0.0550	0.0850	3.92412931e+09
0.0350	0.0550	0.0950	4.03452074e+09
0.0350	0.0650	0.0650	2.31522556e+09
0.0350	0.0650	0.0750	1.84514031e+09
0.0350	0.0650	0.0850	2.38632940e+09
0.0350	0.0650	0.0950	3.01657677e+09
0.0350	0.0650	0.1050	3.48127792e+09
0.0350	0.0750	0.0750	1.34618788e+09
0.0350	0.0750	0.0850	2.20536684e+09
0.0350	0.0750	0.0950	1.75166389e+09
0.0350	0.0750	0.1050	2.53004175e+09
0.0350	0.0750	0.1150	3.12554461e+09
0.0350	0.0850	0.0850	1.61132456e+09
0.0350	0.0850	0.0950	1.93406979e+09
0.0350	0.0850	0.1050	1.89466154e+09
0.0350	0.0850	0.1150	1.86447960e+09
0.0350	0.0850	0.1250	1.34301518e+09
0.0350	0.0950	0.0950	4.56358080e+08
0.0350	0.0950	0.1050	8.88749196e+08
0.0350	0.0950	0.1150	1.72296796e+09
0.0350	0.0950	0.1250	2.23531478e+09
0.0350	0.0950	0.1350	2.65878417e+09
0.0350	0.1050	0.1050	1.58975850e+09
0.0350	0.1050	0.1150	1.22458653e+09
0.0350	0.1050	0.1250	1.65844783e+09
0.0350	0.1050	0.1350	1.31729532e+09
0.0350	0.1050	0.1450	2.31323525e+09
0.0350	0.1150	0.1150	1.05682879e+09
0.0350	0.1150	0.1250	1.16432237e+09
0.0350	0.1150	0.1350	1.09817442e+09
0.0350	0.1150	0.1450	1.61179342e+09
0.0350	0.1250	0.1250	9.95774490e+08
0.0350	0.1250	0.1350	1.12311968e+09
0.0350	0.1250	0.1450	1.00032441e+09
0.0350	0.1350	0.1350	1.04320698e+09
0.0350	0.1350	0.1450	1.00249275e+09
0.0350	0.1450	0.1450	1.03242727e+09
0.0450	0.0450	0.0450	1.31153827e+09
0.0450	0.0450	0.0550	3.33278542e+09
0.0450	0.0450	0.0650	1.95913824e+09
0.0450	0.0450	0.0750	1.91377155e+09
0.0450	0.0450	0.0850	4.04931819e+09
0.0450	0.0450	0.0950	5.68882132e+08
0.0450	0.0550	0.0550	3.06763474e+09
0.0450	0.0550	0.0650	1.93324732e+09
0.0450	0.0550	0.0750	2.16445423e+09
0.0450	0.0550	0.0850	2.14070828e+09
0.0450	0.0550	0.0950	2.67918579e+09
0.0450	0.0550	0.1050	3.40303540e+09
0.0450	0.0650	0.0650	7.97789725e+08
0.0450	0.0650	0.0750	1.99758631e+09
0.0450	0.0650	0.0850	1.78930677e+09
0.0450	0.0650	0.0950	2.42985234e+09
0.0450	0.0650	0.1050	1.85285745e+09
0.0450	0.0650	0.1150	2.80377947e+09
0.0450	0.0750	0.0750	1.35241840e+09
0.0450	0.0750	0.0850	1.91316784e+09
0.0450	0.0750	0.0950	1.45776508e+09
0.0450	0.0750	0.1050	2.16327346e+09
0.0450	0.0750	0.1150	2.24730810e+09
0.0450	0.0750	0.1250	2.11909143e+09
0.0450	0.0850	0.0850	1.75762033e+09
0.0450	0.0850	0.0950	1.39152696e+09
0.0450	0.0850	0.1050	1.31074499e+09
0.0450	0.0850	0.1150	1.55364769e+09
0.0450	0.0850	0.1250	1.92110121e+09
0.0450	0.0850	0.1350	1.38395067e+09
0.0450	0.0950	0.0950	1.70714002e+09
0.0450	0.0950	0.1050	1.22704977e+09
0.0450	0.0950	0.1150	1.31691427e+09
0.0450	0.0950	0.1250	1.08636943e+09
0.0450	0.0950	0.1350	1.44031421e+09
0.0450	0.0950	0.1450	1.90217805e+09
0.0450	0.1050	0.1050	9.61783425e+08
0.0450	0.1050	0.1150	9.54196887e+08
0.0450	0.1050	0.1250	1.32006995e+09
0.0450	0.1050	0.1350	1.16159772e+09
0.0450	0.1050	0.1450	1.13576580e+09
0.0450	0.1150	0.1150	1.03046508e+09
0.0450	0.1150	0.1250	8.61967534e+08
0.0450	0.1150	0.1350	9.21369705e+08
0.0450	0.1150	0.1450	1.19582981e+09
0.0450	0.1250	0.1250	1.28902345e+09
0.0450	0.1250	0.1350	7.67418744e+08
0.0450	0.1250	0.1450	1.07096303e+09
0.0450	0.1350	0.1350	1.12737593e+09
0.0450	0.1350	0.1450	6.86783964e+08
0.0450	0.1450	0.1450	7.48866546e+08
0.0550	0.0550	0.0550	-7.19953066e+08
0.0550	0.0550	0.0650	2.95443348e+09
0.0550	0.0550	0.0750	1.84999523e+09
0.0550	0.0550	0.0850	1.68575811e+09
0.0550	0.0550	0.0950	1.27425250e+09
0.0550	0.0550	0.1050	2.11754887e+09
0.0550	0.0550	0.1150	2.76380377e+09
0.0550	0.0650	0.0650	1.74270579e+09
0.0550	0.0650	0.0750	1.66720452e+09
0.0550	0.0650	0.0850	1.12941215e+09
0.0550	0.0650	0.0950	1.49871324e+09
0.0550	0.0650	0.1050	2.27726255e+09
0.0550	0.0650	0.1150	1.68622596e+09
0.0550	0.0650	0.1250	2.79964049e+09
0.0550	0.0750	0.0750	1.61769146e+09
0.0550	0.0750	0.0850	1.24422967e+09
0.0550	0.0750	0.0950	1.36825847e+09
0.0550	0.0750	0.1050	1.26900892e+09
0.0550	0.0750	0.1150	1.63505725e+09
0.0550	0.0750	0.1250	1.65243913e+09
0.0550	0.0750	0.1350	1.76322272e+09
0.0550	0.0850	0.0850	1.31617624e+09
0.0550	0.0850	0.0950	1.03797456e+09
0.0550	0.0850	0.1050	1.25651148e+09
0.0550	0.0850	0.1150	1.15351134e+09
0.0550	0.0850	0.1250	1.40589742e+09
0.0550	0.0850	0.1350	1.56156876e+09
0.0550	0.0850	0.1450	1.42455441e+09
0.0550	0.0950	0.0950	1.12148750e+09
0.0550	0.0950	0.1050	1.21737362e+09
0.0550	0.0950	0.1150	1.00600562e+09
0.0550	0.0950	0.1250	1.11870509e+09
0.0550	0.0950	0.1350	1.29333134e+09
0.0550	0.0950	0.1450	1.30445313e+09
0.0550	0.1050	0.1050	1.05825231e+09
0.0550	0.1050	0.1150	7.28128944e+08
0.0550	0.1050	0.1250	9.58561706e+08
0.0550	0.1050	0.1350	9.34371423e+08
0.0550	0.1050	0.1450	1.01828886e+09
0.0550	0.1150	0.1150	8.95146551e+08
0.0550	0.1150	0.1250	1.12433251e+09
0.0550	0.1150	0.1350	8.46339388e+08
0.0550	0.1150	0.1450	8.43544590e+08
0.0550	0.1250	0.1250	8.25715454e+08
0.0550	0.1250	0.1350	9.41576603e+08
0.0550	0.1250	0.1450	7.50080662e+08
0.0550	0.1350	0.1350	5.01538413e+08
0.0550	0.1350	0.1450	8.91428692e+08
0.0550	0.1450	0.1450	5.26579464e+08
0.0650	0.0650	0.0650	-5.21773051e+08
0.0650	0.0650	0.0750	1.46331102e+09
0.0650	0.0650	0.0850	1.48176070e+09
0.0650	0.0650	0.0950	1.34736036e+09
0.0650	0.0650	0.1050	1.69221697e+09
0.0650	0.0650	0.1150	1.53092557e+09
0.0650	0.0650	0.1250	1.75650913e+09
0.0650	0.0650	0.1350	1.92351588e+09
0.0650	0.0750	0.0750	8.87404990e+08
0.0650	0.0750	0.0850	1.02558346e+09
0.0650	0.0750	0.0950	1.62629624e+09
0.0650	0.0750	0.1050	1.27993577e+09
0.0650	0.0750	0.1150	1.26871770e+09
0.0650	0.0750	0.1250	1.45881358e+09
0.0650	0.0750	0.1350	1.51415577e+09
0.0650	0.0750	0.1450	1.63126119e+09
0.0650	0.0850	0.0850	1.08110323e+09
0.0650	0.0850	0.0950	1.16506242e+09
0.0650	0.0850	0.1050	9.85588734e+08
0.0650	0.0850	0.1150	1.41411326e+09
0.0650	0.0850	0.1250	1.00975214e+09
0.0650	0.0850	0.1350	1.21119183e+09
0.0650	0.0850	0.1450	1.30090726e+09
0.0650	0.0950	0.0950	1.16200306e+09
0.0650	0.0950	0.1050	1.28449921e+09
0.0650	0.0950	0.1150	1.00092887e+09
0.0650	0.0950	0.1250	1.03230523e+09
0.0650	0.0950	0.1350	1.17740346e+09
0.0650	0.0950	0.1450	1.03002852e+09
0.0650	0.1050	0.1050	6.46181485e+08
0.0650	0.1050	0.1150	8.19732872e+08
0.0650	0.1050	0.1250	7.46744603e+08
0.0650	0.1050	0.1350	8.92577192e+08
0.0650	0.1050	0.1450	9.64681947e+08
0.0650	0.1150	0.1150	7.70985365e+08
0.0650	0.1150	0.1250	9.83286919e+08
0.0650	0.1150	0.1350	6.21498939e+08
0.0650	0.1150	0.1450	8.58373220e+08
0.0650	0.1250	0.1250	5.32926508e+08
0.0650	0.1250	0.1350	8.65602939e+08
0.0650	0.1250	0.1450	7.74224610e+08
0.0650	0.1350	0.1350	6.72636042e+08
0.0650	0.1350	0.1450	6.27016159e+08
0.0650	0.1450	0.1450	5.81820619e+08
0.0750	0.0750	0.0750	1.50775414e+09
0.0750	0.0750	0.0850	9.37904156e+08
0.0750	0.0750	0.0950	7.10502498e+08
0.0750	0.0750	0.1050	7.60672307e+08
0.0750	0.0750	0.1150	1.15595264e+09
0.0750	0.0750	0.1250	1.13820353e+09
0.0750	0.0750	0.1350	1.22804544e+09
0.0750	0.0750	0.1450	1.29090404e+09
0.0750	0.0850	0.0850	9.27610663e+08
0.0750	0.0850	0.0950	9.12637742e+08
0.0750	0.0850	0.1050	8.09392434e+08
0.0750	0.0850	0.1150	9.47500316e+08
0.0750	0.0850	0.1250	9.63234498e+08
0.0750	0.0850	0.1350	1.09876827e+09
0.0750	0.0850	0.1450	1.04655075e+09
0.0750	0.0950	0.0950	1.07052331e+09
0.0750	0.0950	0.1050	9.09002724e+08
0.0750	0.0950	0.1150	6.75245023e+08
0.0750	0.0950	0.1250	9.27902946e+08
0.0750	0.0950	0.1350	9.04803541e+08
0.0750	0.0950	0.1450	8.72118421e+08
0.0750	0.1050	0.1050	5.64417360e+08
0.0750	0.1050	0.1150	6.82263265e+08
0.0750	0.1050	0.1250	6.49799689e+08
0.0750	0.1050	0.1350	8.10718105e+08
0.0750	0.1050	0.1450	6.31169717e+08
0.0750	0.1150	0.1150	7.34526107e+08
0.0750	0.1150	0.1250	7.26222649e+08
0.0750	0.1150	0.1350	7.71024780e+08
0.0750	0.1150	0.1450	6.57713090e+08
0.0750	0.1250	0.1250	6.47469400e+08
0.0750	0.1250	0.1350	5.52616089e+08
0.0750	0.1250	0.1450	6.28060567e+08
0.0750	0.1350	0.1350	4.99900206e+08
0.0750	0.1350	0.1450	5.74553300e+08
0.0750	0.1450	0.1450	4.16244415e+08
0.0850	0.0850	0.0850	1.07843616e+09
0.0850	0.0850	0.0950	6.62381487e+08
0.0850	0.0850	0.1050	8.47235445e+08
0.0850	0.0850	0.1150	9.82683689e+08
0.0850	0.0850	0.1250	1.08991520e+09
0.0850	0.0850	0.1350	6.29744708e+08
0.0850	0.0850	0.1450	8.51231915e+08
0.0850	0.0950	0.0950	1.06280004e+09
0.0850	0.0950	0.1050	6.41572691e+08
0.0850	0.0950	0.1150	6.21829715e+08
0.0850	0.0950	0.1250	7.52004545e+08
0.0850	0.0950	0.1350	6.66164192e+08
0.0850	0.0950	0.1450	9.61124676e+08
0.0850	0.1050	0.1050	9.65741408e+08
0.0850	0.1050	0.1150	4.97577398e+08
0.0850	0.1050	0.1250	6.75781348e+08
0.0850	0.1050	0.1350	6.58203840e+08
0.0850	0.1050	0.1450	5.57265889e+08
0.0850	0.1150	0.1150	7.62421780e+08
0.0850	0.1150	0.1250	4.64101900e+08
0.0850	0.1150	0.1350	7.38815751e+08
0.0850	0.1150	0.1450	5.90008809e+08
0.0850	0.1250	0.1250	6.61092903e+08
0.0850	0.1250	0.1350	5.97956161e+08
0.0850	0.1250	0.1450	5.94887172e+08
0.0850	0.1350	0.1350	5.77589999e+08
0.0850	0.1350	0.1450	5.54375075e+08
0.0850	0.1450	0.1450	4.74504721e+08
0.0950	0.0950	0.0950	8.74026449e+08
0.0950	0.0950	0.1050	7.22729099e+08
0.0950	0.0950	0.1150	6.68997569e+08
0.0950	0.0950	0.1250	7.84695465e+08
0.0950	0.0950	0.1350	5.77373670e+08
0.0950	0.0950	0.1450	5.15858410e+08
0.0950	0.1050	0.1050	7.64970317e+08
0.0950	0.1050	0.1150	6.12408589e+08
0.0950	0.1050	0.1250	6.24954290e+08
0.0950	0.1050	0.1350	5.89852055e+08
0.0950	0.1050	0.1450	6.58383938e+08
0.0950	0.1150	0.1150	6.43809068e+08
0.0950	0.1150	0.1250	4.93546660e+08
0.0950	0.1150	0.1350	4.50676631e+08
0.0950	0.1150	0.1450	5.42408426e+08
0.0950	0.1250	0.1250	5.93927716e+08
0.0950	0.1250	0.1350	6.25827109e+08
0.0950	0.1250	0.1450	4.65532619e+08
0.0950	0.1350	0.1350	5.27549616e+08
0.0950	0.1350	0.1450	5.14887109e+08
0.0950	0.1450	0.1450	3.15083117e+08
0.1050	0.1050	0.1050	4.65156992e+08
0.1050	0.1050	0.1150	5.87423629e+08
0.1050	0.1050	0.1250	4.14037102e+08
0.1050	0.1050	0.1350	4.66874428e+08
0.1050	0.1050	0.1450	4.37764965e+08
0.1050	0.1150	0.1150	3.91005270e+08
0.1050	0.1150	0.1250	6.10628472e+08
0.1050	0.1150	0.1350	5.67453196e+08
0.1050	0.1150	0.1450	3.67171072e+08
0.1050	0.1250	0.1250	5.45250654e+08
0.1050	0.1250	0.1350	4.41694720e+08
0.1050	0.1250	0.1450	5.24798591e+08
0.1050	0.1350	0.1350	4.46217190e+08
0.1050	0.1350	0.1450	4.57180632e+08
0.1050	0.1450	0.1450	3.38755074e+08
0.1150	0.1150	0.1150	5.08742030e+08
0.1150	0.1150	0.1250	4.21774326e+08
0.1150	0.1150	0.1350	5.21657039e+08
0.1150	0.1150	0.1450	4.90842827e+08
0.1150	0.1250	0.1250	5.88747243e+08
0.1150	0.1250	0.1350	4.98639167e+08
0.1150	0.1250	0.1450	4.12696038e+08
0.1150	0.1350	0.1350	3.99756042e+08
0.1150	0.1350	0.1450	4.07192844e+08
0.1150	0.1450	0.1450	4.79140526e+08
0.1250	0.1250	0.1250	4.82797860e+08
0.1250	0.1250	0.1350	4.40282040e+08
0.1250	0.1250	0.1450	4.08393441e+08
0.1250	0.1350	0.1350	3.86645136e+08
0.1250	0.1350	0.1450	3.75785333e+08
0.1250	0.1450	0.1450	3.10163810e+08
0.1350	0.1350	0.1350	3.53089366e+08
0.1350	0.1350	0.1450	3.26601555e+08
0.1350	0.1450	0.1450	3.85276590e+08
0.1450	0.1450	0.1450	1.40761101e+08
