####### Bispectrum of Patchy Simulation 733 #############
# Patch: ngc
# z-type: z1
# Weights: fkp
# Fiducial Omega_m: 0.310
# Fiducial h: 0.676
# Boxsize: [1350.0, 2450.0, 1400.0]
# Grid: [126, 230, 130]
# k-binning: [0.000, 0.160, 0.010]
# Monte Carlo Simulations: 100
#
# Format: k1 | k2 | k3 | B(k1,k2,k3)
############################################
0.0150	0.0150	0.0150	4.42392848e+10
0.0150	0.0150	0.0250	2.83146847e+09
0.0150	0.0150	0.0350	2.11554684e+10
0.0150	0.0250	0.0250	1.42871315e+10
0.0150	0.0250	0.0350	8.76783221e+09
0.0150	0.0250	0.0450	1.23395329e+10
0.0150	0.0350	0.0350	2.62233881e+09
0.0150	0.0350	0.0450	5.25215055e+09
0.0150	0.0350	0.0550	9.58897261e+09
0.0150	0.0450	0.0450	-6.09785280e+08
0.0150	0.0450	0.0550	5.45786524e+09
0.0150	0.0450	0.0650	4.01945093e+09
0.0150	0.0550	0.0550	8.09599205e+08
0.0150	0.0550	0.0650	5.51849276e+09
0.0150	0.0550	0.0750	3.61430530e+09
0.0150	0.0650	0.0650	3.05210651e+09
0.0150	0.0650	0.0750	3.24347593e+09
0.0150	0.0650	0.0850	4.52121069e+09
0.0150	0.0750	0.0750	3.30889965e+09
0.0150	0.0750	0.0850	3.17702803e+09
0.0150	0.0750	0.0950	3.94158306e+09
0.0150	0.0850	0.0850	2.03151463e+09
0.0150	0.0850	0.0950	3.47433942e+09
0.0150	0.0850	0.1050	4.21104691e+09
0.0150	0.0950	0.0950	1.46828303e+09
0.0150	0.0950	0.1050	2.00419203e+09
0.0150	0.0950	0.1150	3.52040920e+09
0.0150	0.1050	0.1050	1.64565545e+09
0.0150	0.1050	0.1150	1.69930187e+09
0.0150	0.1050	0.1250	1.74231172e+09
0.0150	0.1150	0.1150	2.02092479e+09
0.0150	0.1150	0.1250	1.88983529e+09
0.0150	0.1150	0.1350	2.40758445e+09
0.0150	0.1250	0.1250	8.13206245e+08
0.0150	0.1250	0.1350	1.54659520e+09
0.0150	0.1250	0.1450	1.69320943e+09
0.0150	0.1350	0.1350	1.59816550e+09
0.0150	0.1350	0.1450	1.68977882e+09
0.0150	0.1450	0.1450	6.96202406e+08
0.0250	0.0250	0.0250	-4.10800548e+09
0.0250	0.0250	0.0350	1.05971490e+10
0.0250	0.0250	0.0450	4.49474389e+09
0.0250	0.0250	0.0550	2.36903044e+09
0.0250	0.0350	0.0350	3.47060777e+09
0.0250	0.0350	0.0450	4.02379559e+09
0.0250	0.0350	0.0550	5.32277476e+09
0.0250	0.0350	0.0650	2.06607470e+09
0.0250	0.0450	0.0450	1.35524311e+09
0.0250	0.0450	0.0550	3.33654881e+09
0.0250	0.0450	0.0650	3.97254143e+09
0.0250	0.0450	0.0750	4.81637823e+09
0.0250	0.0550	0.0550	4.56974318e+09
0.0250	0.0550	0.0650	8.64365695e+08
0.0250	0.0550	0.0750	3.05043222e+09
0.0250	0.0550	0.0850	4.36631624e+09
0.0250	0.0650	0.0650	2.29451658e+09
0.0250	0.0650	0.0750	2.70166857e+09
0.0250	0.0650	0.0850	3.60035316e+09
0.0250	0.0650	0.0950	2.23158086e+09
0.0250	0.0750	0.0750	2.85160530e+09
0.0250	0.0750	0.0850	2.26017476e+09
0.0250	0.0750	0.0950	2.49032605e+09
0.0250	0.0750	0.1050	2.36363497e+09
0.0250	0.0850	0.0850	1.67122981e+09
0.0250	0.0850	0.0950	2.10834813e+09
0.0250	0.0850	0.1050	2.36537073e+09
0.0250	0.0850	0.1150	1.64954906e+09
0.0250	0.0950	0.0950	1.92205413e+09
0.0250	0.0950	0.1050	1.42089206e+09
0.0250	0.0950	0.1150	2.00386611e+09
0.0250	0.0950	0.1250	1.41596580e+09
0.0250	0.1050	0.1050	2.00489344e+09
0.0250	0.1050	0.1150	1.28710219e+09
0.0250	0.1050	0.1250	1.70316159e+09
0.0250	0.1050	0.1350	1.27888579e+09
0.0250	0.1150	0.1150	8.14442152e+08
0.0250	0.1150	0.1250	1.34030403e+09
0.0250	0.1150	0.1350	1.61154605e+09
0.0250	0.1150	0.1450	1.67346739e+09
0.0250	0.1250	0.1250	1.04517756e+09
0.0250	0.1250	0.1350	1.10210691e+09
0.0250	0.1250	0.1450	1.52136681e+09
0.0250	0.1350	0.1350	1.22366214e+09
0.0250	0.1350	0.1450	8.81260512e+08
0.0250	0.1450	0.1450	1.13492619e+09
0.0350	0.0350	0.0350	-4.28926113e+08
0.0350	0.0350	0.0450	1.74593078e+09
0.0350	0.0350	0.0550	4.87020114e+09
0.0350	0.0350	0.0650	7.21370505e+09
0.0350	0.0350	0.0750	6.74915278e+09
0.0350	0.0450	0.0450	4.38359602e+09
0.0350	0.0450	0.0550	2.05904796e+09
0.0350	0.0450	0.0650	4.18937297e+09
0.0350	0.0450	0.0750	4.11693016e+09
0.0350	0.0450	0.0850	3.94062872e+09
0.0350	0.0550	0.0550	1.46537659e+09
0.0350	0.0550	0.0650	2.98384393e+09
0.0350	0.0550	0.0750	1.43804718e+09
0.0350	0.0550	0.0850	3.94940914e+09
0.0350	0.0550	0.0950	8.69884227e+08
0.0350	0.0650	0.0650	2.60744090e+09
0.0350	0.0650	0.0750	1.66491542e+09
0.0350	0.0650	0.0850	1.94446897e+09
0.0350	0.0650	0.0950	3.54704281e+09
0.0350	0.0650	0.1050	1.78669842e+09
0.0350	0.0750	0.0750	1.97572896e+09
0.0350	0.0750	0.0850	1.35923971e+09
0.0350	0.0750	0.0950	1.97679755e+09
0.0350	0.0750	0.1050	3.10662357e+09
0.0350	0.0750	0.1150	1.94654917e+09
0.0350	0.0850	0.0850	9.32389845e+08
0.0350	0.0850	0.0950	1.41968258e+09
0.0350	0.0850	0.1050	1.60500163e+09
0.0350	0.0850	0.1150	1.77704624e+09
0.0350	0.0850	0.1250	1.11360789e+09
0.0350	0.0950	0.0950	2.18116276e+09
0.0350	0.0950	0.1050	1.09591204e+09
0.0350	0.0950	0.1150	1.69760860e+09
0.0350	0.0950	0.1250	2.34737305e+09
0.0350	0.0950	0.1350	1.39795806e+09
0.0350	0.1050	0.1050	1.09192247e+09
0.0350	0.1050	0.1150	6.60910932e+08
0.0350	0.1050	0.1250	1.52578442e+09
0.0350	0.1050	0.1350	1.50189745e+09
0.0350	0.1050	0.1450	1.02807094e+09
0.0350	0.1150	0.1150	1.19717900e+09
0.0350	0.1150	0.1250	9.73533485e+08
0.0350	0.1150	0.1350	1.21089968e+09
0.0350	0.1150	0.1450	1.53169181e+09
0.0350	0.1250	0.1250	1.12949397e+09
0.0350	0.1250	0.1350	1.21043600e+09
0.0350	0.1250	0.1450	1.29205578e+09
0.0350	0.1350	0.1350	3.62869855e+08
0.0350	0.1350	0.1450	1.01845718e+09
0.0350	0.1450	0.1450	6.60147346e+08
0.0450	0.0450	0.0450	3.98498010e+09
0.0450	0.0450	0.0550	6.56546698e+08
0.0450	0.0450	0.0650	-2.77849287e+08
0.0450	0.0450	0.0750	1.95778770e+09
0.0450	0.0450	0.0850	2.50528433e+09
0.0450	0.0450	0.0950	2.58434436e+09
0.0450	0.0550	0.0550	1.36390469e+09
0.0450	0.0550	0.0650	1.44434924e+09
0.0450	0.0550	0.0750	1.83208221e+09
0.0450	0.0550	0.0850	1.53464256e+09
0.0450	0.0550	0.0950	2.54804284e+09
0.0450	0.0550	0.1050	2.62460036e+09
0.0450	0.0650	0.0650	2.25669117e+09
0.0450	0.0650	0.0750	1.28693850e+09
0.0450	0.0650	0.0850	1.06503817e+09
0.0450	0.0650	0.0950	1.97814035e+09
0.0450	0.0650	0.1050	2.48240665e+09
0.0450	0.0650	0.1150	9.73804830e+08
0.0450	0.0750	0.0750	1.49563779e+09
0.0450	0.0750	0.0850	1.36773600e+09
0.0450	0.0750	0.0950	1.63275135e+09
0.0450	0.0750	0.1050	1.50188444e+09
0.0450	0.0750	0.1150	1.77613171e+09
0.0450	0.0750	0.1250	1.97169642e+09
0.0450	0.0850	0.0850	8.59243614e+08
0.0450	0.0850	0.0950	6.12203290e+08
0.0450	0.0850	0.1050	1.23392052e+09
0.0450	0.0850	0.1150	1.85157552e+09
0.0450	0.0850	0.1250	1.36238502e+09
0.0450	0.0850	0.1350	1.94668361e+09
0.0450	0.0950	0.0950	9.60939846e+08
0.0450	0.0950	0.1050	1.00991326e+09
0.0450	0.0950	0.1150	1.16805350e+09
0.0450	0.0950	0.1250	1.17955164e+09
0.0450	0.0950	0.1350	1.58489977e+09
0.0450	0.0950	0.1450	1.36733769e+09
0.0450	0.1050	0.1050	1.05136806e+09
0.0450	0.1050	0.1150	6.34848046e+08
0.0450	0.1050	0.1250	1.00102712e+09
0.0450	0.1050	0.1350	9.85211316e+08
0.0450	0.1050	0.1450	1.09819848e+09
0.0450	0.1150	0.1150	9.38836723e+08
0.0450	0.1150	0.1250	7.32591299e+08
0.0450	0.1150	0.1350	6.61108005e+08
0.0450	0.1150	0.1450	9.31164960e+08
0.0450	0.1250	0.1250	8.26242538e+08
0.0450	0.1250	0.1350	6.41607993e+08
0.0450	0.1250	0.1450	5.63600618e+08
0.0450	0.1350	0.1350	5.57368126e+08
0.0450	0.1350	0.1450	7.23031808e+08
0.0450	0.1450	0.1450	6.74651402e+08
0.0550	0.0550	0.0550	1.88240937e+08
0.0550	0.0550	0.0650	2.00481240e+09
0.0550	0.0550	0.0750	9.48599508e+08
0.0550	0.0550	0.0850	1.82178048e+09
0.0550	0.0550	0.0950	1.87504986e+09
0.0550	0.0550	0.1050	1.15985963e+09
0.0550	0.0550	0.1150	1.42231206e+09
0.0550	0.0650	0.0650	1.17046416e+09
0.0550	0.0650	0.0750	1.66849810e+09
0.0550	0.0650	0.0850	1.32809788e+09
0.0550	0.0650	0.0950	1.64678118e+09
0.0550	0.0650	0.1050	1.43472616e+09
0.0550	0.0650	0.1150	2.44271407e+09
0.0550	0.0650	0.1250	1.01104364e+09
0.0550	0.0750	0.0750	7.61580926e+08
0.0550	0.0750	0.0850	1.56549949e+09
0.0550	0.0750	0.0950	1.35744680e+09
0.0550	0.0750	0.1050	1.38687280e+09
0.0550	0.0750	0.1150	1.28248555e+09
0.0550	0.0750	0.1250	1.72419505e+09
0.0550	0.0750	0.1350	1.27462412e+09
0.0550	0.0850	0.0850	6.53105838e+08
0.0550	0.0850	0.0950	1.09865616e+09
0.0550	0.0850	0.1050	9.61373564e+08
0.0550	0.0850	0.1150	9.07339946e+08
0.0550	0.0850	0.1250	1.10536102e+09
0.0550	0.0850	0.1350	1.34893739e+09
0.0550	0.0850	0.1450	1.23089453e+09
0.0550	0.0950	0.0950	8.46948362e+08
0.0550	0.0950	0.1050	7.81351982e+08
0.0550	0.0950	0.1150	6.53429419e+08
0.0550	0.0950	0.1250	9.32026816e+08
0.0550	0.0950	0.1350	9.07777067e+08
0.0550	0.0950	0.1450	1.12555070e+09
0.0550	0.1050	0.1050	8.26200335e+08
0.0550	0.1050	0.1150	9.62560113e+08
0.0550	0.1050	0.1250	7.48699826e+08
0.0550	0.1050	0.1350	8.60194381e+08
0.0550	0.1050	0.1450	7.90963023e+08
0.0550	0.1150	0.1150	6.76681815e+08
0.0550	0.1150	0.1250	7.65010752e+08
0.0550	0.1150	0.1350	6.48658423e+08
0.0550	0.1150	0.1450	6.98650460e+08
0.0550	0.1250	0.1250	6.05970621e+08
0.0550	0.1250	0.1350	5.92384350e+08
0.0550	0.1250	0.1450	6.60817398e+08
0.0550	0.1350	0.1350	4.65999857e+08
0.0550	0.1350	0.1450	5.70047262e+08
0.0550	0.1450	0.1450	3.96028222e+08
0.0650	0.0650	0.0650	2.78758224e+09
0.0650	0.0650	0.0750	8.57365921e+08
0.0650	0.0650	0.0850	1.70435328e+09
0.0650	0.0650	0.0950	9.22424656e+08
0.0650	0.0650	0.1050	1.47862237e+09
0.0650	0.0650	0.1150	1.20534958e+09
0.0650	0.0650	0.1250	1.68577097e+09
0.0650	0.0650	0.1350	1.92612375e+09
0.0650	0.0750	0.0750	1.14060868e+09
0.0650	0.0750	0.0850	8.61272799e+08
0.0650	0.0750	0.0950	1.14199357e+09
0.0650	0.0750	0.1050	7.52569056e+08
0.0650	0.0750	0.1150	1.17151730e+09
0.0650	0.0750	0.1250	1.20869997e+09
0.0650	0.0750	0.1350	1.42169943e+09
0.0650	0.0750	0.1450	1.89297312e+09
0.0650	0.0850	0.0850	1.08114671e+09
0.0650	0.0850	0.0950	9.90993783e+08
0.0650	0.0850	0.1050	8.92071031e+08
0.0650	0.0850	0.1150	7.11839403e+08
0.0650	0.0850	0.1250	1.03098160e+09
0.0650	0.0850	0.1350	1.13847693e+09
0.0650	0.0850	0.1450	1.31321615e+09
0.0650	0.0950	0.0950	1.03878688e+09
0.0650	0.0950	0.1050	6.47097169e+08
0.0650	0.0950	0.1150	8.26562255e+08
0.0650	0.0950	0.1250	7.16487581e+08
0.0650	0.0950	0.1350	8.07895181e+08
0.0650	0.0950	0.1450	8.86675161e+08
0.0650	0.1050	0.1050	5.00580172e+08
0.0650	0.1050	0.1150	5.58184985e+08
0.0650	0.1050	0.1250	6.41869030e+08
0.0650	0.1050	0.1350	6.41191883e+08
0.0650	0.1050	0.1450	7.59971557e+08
0.0650	0.1150	0.1150	5.33538395e+08
0.0650	0.1150	0.1250	5.72819654e+08
0.0650	0.1150	0.1350	6.39286640e+08
0.0650	0.1150	0.1450	5.16392132e+08
0.0650	0.1250	0.1250	6.61555154e+08
0.0650	0.1250	0.1350	6.65455578e+08
0.0650	0.1250	0.1450	4.94409878e+08
0.0650	0.1350	0.1350	5.45890616e+08
0.0650	0.1350	0.1450	5.09197414e+08
0.0650	0.1450	0.1450	4.17010478e+08
0.0750	0.0750	0.0750	8.42489721e+08
0.0750	0.0750	0.0850	6.83293971e+08
0.0750	0.0750	0.0950	8.08269369e+08
0.0750	0.0750	0.1050	5.25069121e+08
0.0750	0.0750	0.1150	7.09686784e+08
0.0750	0.0750	0.1250	1.09147393e+09
0.0750	0.0750	0.1350	1.06629315e+09
0.0750	0.0750	0.1450	1.37206832e+09
0.0750	0.0850	0.0850	8.15679621e+08
0.0750	0.0850	0.0950	6.70864700e+08
0.0750	0.0850	0.1050	5.65538220e+08
0.0750	0.0850	0.1150	6.46418444e+08
0.0750	0.0850	0.1250	6.66596285e+08
0.0750	0.0850	0.1350	7.84744649e+08
0.0750	0.0850	0.1450	8.49800886e+08
0.0750	0.0950	0.0950	6.51864815e+08
0.0750	0.0950	0.1050	6.59554439e+08
0.0750	0.0950	0.1150	7.16875530e+08
0.0750	0.0950	0.1250	6.53629065e+08
0.0750	0.0950	0.1350	5.76179305e+08
0.0750	0.0950	0.1450	7.48190993e+08
0.0750	0.1050	0.1050	4.86835361e+08
0.0750	0.1050	0.1150	4.91035898e+08
0.0750	0.1050	0.1250	4.69896741e+08
0.0750	0.1050	0.1350	3.63222314e+08
0.0750	0.1050	0.1450	5.92036003e+08
0.0750	0.1150	0.1150	6.25102546e+08
0.0750	0.1150	0.1250	6.26390343e+08
0.0750	0.1150	0.1350	5.40130266e+08
0.0750	0.1150	0.1450	4.94892333e+08
0.0750	0.1250	0.1250	5.18730145e+08
0.0750	0.1250	0.1350	4.02059257e+08
0.0750	0.1250	0.1450	4.81806415e+08
0.0750	0.1350	0.1350	4.34386936e+08
0.0750	0.1350	0.1450	4.57787942e+08
0.0750	0.1450	0.1450	5.24938690e+08
0.0850	0.0850	0.0850	5.41966895e+08
0.0850	0.0850	0.0950	8.14839023e+08
0.0850	0.0850	0.1050	8.16411195e+08
0.0850	0.0850	0.1150	6.28343787e+08
0.0850	0.0850	0.1250	7.08591137e+08
0.0850	0.0850	0.1350	8.91986773e+08
0.0850	0.0850	0.1450	5.67465990e+08
0.0850	0.0950	0.0950	6.37067874e+08
0.0850	0.0950	0.1050	5.59913898e+08
0.0850	0.0950	0.1150	4.94429662e+08
0.0850	0.0950	0.1250	5.54451552e+08
0.0850	0.0950	0.1350	5.53802806e+08
0.0850	0.0950	0.1450	6.62943459e+08
0.0850	0.1050	0.1050	5.99352859e+08
0.0850	0.1050	0.1150	4.27431968e+08
0.0850	0.1050	0.1250	4.86041031e+08
0.0850	0.1050	0.1350	4.15195622e+08
0.0850	0.1050	0.1450	5.69365715e+08
0.0850	0.1150	0.1150	5.83094122e+08
0.0850	0.1150	0.1250	3.88008898e+08
0.0850	0.1150	0.1350	4.86141343e+08
0.0850	0.1150	0.1450	3.56198260e+08
0.0850	0.1250	0.1250	3.52168508e+08
0.0850	0.1250	0.1350	4.45526890e+08
0.0850	0.1250	0.1450	3.32551902e+08
0.0850	0.1350	0.1350	2.76145917e+08
0.0850	0.1350	0.1450	4.21525046e+08
0.0850	0.1450	0.1450	3.48517753e+08
0.0950	0.0950	0.0950	9.85486049e+08
0.0950	0.0950	0.1050	4.22321231e+08
0.0950	0.0950	0.1150	1.56416589e+08
0.0950	0.0950	0.1250	5.08671166e+08
0.0950	0.0950	0.1350	5.90323210e+08
0.0950	0.0950	0.1450	5.10469205e+08
0.0950	0.1050	0.1050	3.78142941e+08
0.0950	0.1050	0.1150	5.13555318e+08
0.0950	0.1050	0.1250	3.98587457e+08
0.0950	0.1050	0.1350	3.94014956e+08
0.0950	0.1050	0.1450	4.03564203e+08
0.0950	0.1150	0.1150	3.12123688e+08
0.0950	0.1150	0.1250	4.51142264e+08
0.0950	0.1150	0.1350	4.52254152e+08
0.0950	0.1150	0.1450	3.57724991e+08
0.0950	0.1250	0.1250	4.83836882e+08
0.0950	0.1250	0.1350	4.12378690e+08
0.0950	0.1250	0.1450	3.99189632e+08
0.0950	0.1350	0.1350	3.26761015e+08
0.0950	0.1350	0.1450	3.92593586e+08
0.0950	0.1450	0.1450	2.78092424e+08
0.1050	0.1050	0.1050	-8.72608796e+07
0.1050	0.1050	0.1150	4.06235473e+08
0.1050	0.1050	0.1250	3.29174788e+08
0.1050	0.1050	0.1350	4.37141672e+08
0.1050	0.1050	0.1450	2.91531364e+08
0.1050	0.1150	0.1150	3.67925481e+08
0.1050	0.1150	0.1250	4.43379948e+08
0.1050	0.1150	0.1350	3.14317104e+08
0.1050	0.1150	0.1450	3.58403769e+08
0.1050	0.1250	0.1250	2.77693697e+08
0.1050	0.1250	0.1350	3.52970636e+08
0.1050	0.1250	0.1450	3.41647018e+08
0.1050	0.1350	0.1350	3.85844436e+08
0.1050	0.1350	0.1450	3.19716204e+08
0.1050	0.1450	0.1450	2.43836155e+08
0.1150	0.1150	0.1150	5.33527497e+08
0.1150	0.1150	0.1250	3.34997742e+08
0.1150	0.1150	0.1350	2.99924709e+08
0.1150	0.1150	0.1450	2.70650533e+08
0.1150	0.1250	0.1250	3.62209587e+08
0.1150	0.1250	0.1350	2.95988235e+08
0.1150	0.1250	0.1450	2.67315641e+08
0.1150	0.1350	0.1350	3.15802010e+08
0.1150	0.1350	0.1450	2.99877044e+08
0.1150	0.1450	0.1450	1.75245155e+08
0.1250	0.1250	0.1250	4.24132496e+08
0.1250	0.1250	0.1350	2.87416778e+08
0.1250	0.1250	0.1450	3.92358079e+08
0.1250	0.1350	0.1350	2.22808026e+08
0.1250	0.1350	0.1450	2.64198207e+08
0.1250	0.1450	0.1450	2.30763205e+08
0.1350	0.1350	0.1350	3.51405855e+08
0.1350	0.1350	0.1450	2.30251550e+08
0.1350	0.1450	0.1450	2.39878731e+08
0.1450	0.1450	0.1450	2.66043375e+08
