####### Bispectrum of Patchy Simulation 955 #############
# Patch: sgc
# z-type: z1
# Weights: fkp
# Fiducial Omega_m: 0.310
# Fiducial h: 0.676
# Boxsize: [1000.0, 1900.0, 1100.0]
# Grid: [95, 180, 105]
# k-binning: [0.000, 0.160, 0.010]
# Monte Carlo Simulations: 100
#
# Format: k1 | k2 | k3 | B(k1,k2,k3)
############################################
0.0150	0.0150	0.0150	-5.48847407e+10
0.0150	0.0150	0.0250	1.57749024e+10
0.0150	0.0150	0.0350	-2.42725101e+10
0.0150	0.0250	0.0250	3.87817811e+09
0.0150	0.0250	0.0350	1.15335636e+10
0.0150	0.0250	0.0450	-3.14760414e+09
0.0150	0.0350	0.0350	5.47277885e+09
0.0150	0.0350	0.0450	9.38368504e+09
0.0150	0.0350	0.0550	1.12228655e+10
0.0150	0.0450	0.0450	4.99628607e+09
0.0150	0.0450	0.0550	2.36772644e+09
0.0150	0.0450	0.0650	-1.67637414e+09
0.0150	0.0550	0.0550	1.24531873e+09
0.0150	0.0550	0.0650	2.94387519e+09
0.0150	0.0550	0.0750	-6.94726669e+08
0.0150	0.0650	0.0650	6.68494970e+09
0.0150	0.0650	0.0750	6.38657103e+09
0.0150	0.0650	0.0850	-1.23276696e+08
0.0150	0.0750	0.0750	-4.43817752e+08
0.0150	0.0750	0.0850	3.52138694e+09
0.0150	0.0750	0.0950	8.14001025e+09
0.0150	0.0850	0.0850	1.50018869e+09
0.0150	0.0850	0.0950	2.38222645e+09
0.0150	0.0850	0.1050	3.41428982e+09
0.0150	0.0950	0.0950	1.47100160e+09
0.0150	0.0950	0.1050	5.74239526e+08
0.0150	0.0950	0.1150	5.54583718e+09
0.0150	0.1050	0.1050	2.78108372e+09
0.0150	0.1050	0.1150	1.57608628e+09
0.0150	0.1050	0.1250	4.89256464e+08
0.0150	0.1150	0.1150	1.90082726e+09
0.0150	0.1150	0.1250	9.23274429e+08
0.0150	0.1150	0.1350	2.74021015e+09
0.0150	0.1250	0.1250	1.33790591e+09
0.0150	0.1250	0.1350	1.37208246e+09
0.0150	0.1250	0.1450	2.35806336e+09
0.0150	0.1350	0.1350	2.15093812e+08
0.0150	0.1350	0.1450	1.30622960e+09
0.0150	0.1450	0.1450	9.48546486e+08
0.0250	0.0250	0.0250	-4.84965724e+09
0.0250	0.0250	0.0350	1.97776432e+10
0.0250	0.0250	0.0450	3.29814475e+09
0.0250	0.0250	0.0550	1.72964212e+09
0.0250	0.0350	0.0350	-6.63937799e+09
0.0250	0.0350	0.0450	1.91493935e+09
0.0250	0.0350	0.0550	7.77828579e+08
0.0250	0.0350	0.0650	5.50506460e+09
0.0250	0.0450	0.0450	-4.91866941e+09
0.0250	0.0450	0.0550	5.82337729e+09
0.0250	0.0450	0.0650	4.66430872e+09
0.0250	0.0450	0.0750	6.58271624e+09
0.0250	0.0550	0.0550	2.21717055e+09
0.0250	0.0550	0.0650	2.38134574e+09
0.0250	0.0550	0.0750	3.48872147e+09
0.0250	0.0550	0.0850	3.21923361e+08
0.0250	0.0650	0.0650	2.56417741e+09
0.0250	0.0650	0.0750	4.27251977e+09
0.0250	0.0650	0.0850	3.14506531e+09
0.0250	0.0650	0.0950	3.28455628e+09
0.0250	0.0750	0.0750	1.79000794e+09
0.0250	0.0750	0.0850	2.49045072e+09
0.0250	0.0750	0.0950	2.44358616e+09
0.0250	0.0750	0.1050	2.11182471e+09
0.0250	0.0850	0.0850	3.32182470e+09
0.0250	0.0850	0.0950	1.45440410e+09
0.0250	0.0850	0.1050	1.64759733e+09
0.0250	0.0850	0.1150	1.18399470e+09
0.0250	0.0950	0.0950	2.15411900e+09
0.0250	0.0950	0.1050	9.24593687e+08
0.0250	0.0950	0.1150	1.82267855e+09
0.0250	0.0950	0.1250	3.35012723e+09
0.0250	0.1050	0.1050	7.03321413e+08
0.0250	0.1050	0.1150	1.53292350e+09
0.0250	0.1050	0.1250	2.61404755e+09
0.0250	0.1050	0.1350	5.14470590e+08
0.0250	0.1150	0.1150	6.40991314e+08
0.0250	0.1150	0.1250	1.38409293e+09
0.0250	0.1150	0.1350	2.09317089e+09
0.0250	0.1150	0.1450	1.32523818e+09
0.0250	0.1250	0.1250	1.35498433e+09
0.0250	0.1250	0.1350	9.30766523e+08
0.0250	0.1250	0.1450	1.11830494e+09
0.0250	0.1350	0.1350	4.07962833e+08
0.0250	0.1350	0.1450	6.31287915e+08
0.0250	0.1450	0.1450	5.64481698e+08
0.0350	0.0350	0.0350	9.50132985e+09
0.0350	0.0350	0.0450	-1.68306589e+09
0.0350	0.0350	0.0550	3.60063481e+09
0.0350	0.0350	0.0650	2.47526662e+09
0.0350	0.0350	0.0750	1.00112850e+10
0.0350	0.0450	0.0450	6.80232272e+09
0.0350	0.0450	0.0550	2.75228764e+09
0.0350	0.0450	0.0650	1.48959783e+09
0.0350	0.0450	0.0750	2.99918116e+09
0.0350	0.0450	0.0850	-1.12185333e+09
0.0350	0.0550	0.0550	4.43777725e+09
0.0350	0.0550	0.0650	4.47908052e+09
0.0350	0.0550	0.0750	1.88849595e+09
0.0350	0.0550	0.0850	3.73877902e+09
0.0350	0.0550	0.0950	1.78512588e+09
0.0350	0.0650	0.0650	2.57308899e+09
0.0350	0.0650	0.0750	7.06736714e+08
0.0350	0.0650	0.0850	1.37312486e+09
0.0350	0.0650	0.0950	3.23495057e+09
0.0350	0.0650	0.1050	3.76111920e+09
0.0350	0.0750	0.0750	3.89846985e+09
0.0350	0.0750	0.0850	2.10972566e+08
0.0350	0.0750	0.0950	1.86297785e+09
0.0350	0.0750	0.1050	1.42378185e+09
0.0350	0.0750	0.1150	1.43794212e+09
0.0350	0.0850	0.0850	1.71268110e+09
0.0350	0.0850	0.0950	1.83478108e+09
0.0350	0.0850	0.1050	1.70257867e+09
0.0350	0.0850	0.1150	2.21752530e+09
0.0350	0.0850	0.1250	3.14735708e+09
0.0350	0.0950	0.0950	2.32255093e+08
0.0350	0.0950	0.1050	1.13914159e+09
0.0350	0.0950	0.1150	1.23072096e+09
0.0350	0.0950	0.1250	1.07534988e+09
0.0350	0.0950	0.1350	2.02665677e+09
0.0350	0.1050	0.1050	8.24275455e+08
0.0350	0.1050	0.1150	1.39378293e+09
0.0350	0.1050	0.1250	9.40698335e+08
0.0350	0.1050	0.1350	7.68106424e+08
0.0350	0.1050	0.1450	2.66986458e+09
0.0350	0.1150	0.1150	6.23513552e+08
0.0350	0.1150	0.1250	9.94478433e+08
0.0350	0.1150	0.1350	8.73488000e+08
0.0350	0.1150	0.1450	1.09261525e+09
0.0350	0.1250	0.1250	5.76858039e+08
0.0350	0.1250	0.1350	6.92757329e+08
0.0350	0.1250	0.1450	5.60681171e+08
0.0350	0.1350	0.1350	2.62045268e+08
0.0350	0.1350	0.1450	7.25689814e+08
0.0350	0.1450	0.1450	4.48551763e+08
0.0450	0.0450	0.0450	-5.27398870e+08
0.0450	0.0450	0.0550	2.53673891e+09
0.0450	0.0450	0.0650	2.89866190e+09
0.0450	0.0450	0.0750	-1.92626155e+09
0.0450	0.0450	0.0850	3.64300391e+09
0.0450	0.0450	0.0950	6.41787487e+08
0.0450	0.0550	0.0550	6.56443086e+08
0.0450	0.0550	0.0650	2.49699740e+09
0.0450	0.0550	0.0750	5.47515252e+08
0.0450	0.0550	0.0850	2.10485959e+09
0.0450	0.0550	0.0950	2.38841298e+09
0.0450	0.0550	0.1050	-5.57834423e+08
0.0450	0.0650	0.0650	1.97967391e+09
0.0450	0.0650	0.0750	1.19956458e+09
0.0450	0.0650	0.0850	1.75904055e+09
0.0450	0.0650	0.0950	6.34648499e+08
0.0450	0.0650	0.1050	3.13219267e+09
0.0450	0.0650	0.1150	4.40808797e+09
0.0450	0.0750	0.0750	9.55147063e+08
0.0450	0.0750	0.0850	5.93149317e+08
0.0450	0.0750	0.0950	1.32096057e+09
0.0450	0.0750	0.1050	5.72568503e+08
0.0450	0.0750	0.1150	1.63517379e+09
0.0450	0.0750	0.1250	2.29604307e+09
0.0450	0.0850	0.0850	1.36254472e+09
0.0450	0.0850	0.0950	9.04086046e+08
0.0450	0.0850	0.1050	7.02657834e+08
0.0450	0.0850	0.1150	1.68119054e+09
0.0450	0.0850	0.1250	1.02853140e+09
0.0450	0.0850	0.1350	1.65657557e+09
0.0450	0.0950	0.0950	1.63919020e+09
0.0450	0.0950	0.1050	8.19296784e+08
0.0450	0.0950	0.1150	1.04811369e+09
0.0450	0.0950	0.1250	1.14702938e+09
0.0450	0.0950	0.1350	1.39118877e+09
0.0450	0.0950	0.1450	1.05803386e+08
0.0450	0.1050	0.1050	7.06612211e+08
0.0450	0.1050	0.1150	8.18183876e+08
0.0450	0.1050	0.1250	9.38236162e+08
0.0450	0.1050	0.1350	1.18457393e+09
0.0450	0.1050	0.1450	1.37026453e+09
0.0450	0.1150	0.1150	9.79024997e+08
0.0450	0.1150	0.1250	3.24000599e+08
0.0450	0.1150	0.1350	3.97200079e+08
0.0450	0.1150	0.1450	7.87065471e+08
0.0450	0.1250	0.1250	1.12000104e+09
0.0450	0.1250	0.1350	1.03715314e+09
0.0450	0.1250	0.1450	5.78276756e+08
0.0450	0.1350	0.1350	5.85812819e+08
0.0450	0.1350	0.1450	5.96550219e+08
0.0450	0.1450	0.1450	8.30252912e+08
0.0550	0.0550	0.0550	5.15043785e+09
0.0550	0.0550	0.0650	5.23809122e+08
0.0550	0.0550	0.0750	1.08503409e+09
0.0550	0.0550	0.0850	2.13916455e+09
0.0550	0.0550	0.0950	2.25584539e+09
0.0550	0.0550	0.1050	1.75744774e+09
0.0550	0.0550	0.1150	3.87292624e+08
0.0550	0.0650	0.0650	2.97428166e+09
0.0550	0.0650	0.0750	8.05709849e+08
0.0550	0.0650	0.0850	1.42459775e+09
0.0550	0.0650	0.0950	1.21730971e+09
0.0550	0.0650	0.1050	1.03382895e+09
0.0550	0.0650	0.1150	9.98540603e+08
0.0550	0.0650	0.1250	2.41682798e+09
0.0550	0.0750	0.0750	1.76889594e+09
0.0550	0.0750	0.0850	1.24554328e+09
0.0550	0.0750	0.0950	9.21557771e+08
0.0550	0.0750	0.1050	7.43626631e+08
0.0550	0.0750	0.1150	1.54768658e+09
0.0550	0.0750	0.1250	2.03750261e+09
0.0550	0.0750	0.1350	1.78833460e+09
0.0550	0.0850	0.0850	1.67778974e+09
0.0550	0.0850	0.0950	5.92477182e+08
0.0550	0.0850	0.1050	9.65094126e+08
0.0550	0.0850	0.1150	6.41722860e+08
0.0550	0.0850	0.1250	1.53621782e+09
0.0550	0.0850	0.1350	1.60690448e+09
0.0550	0.0850	0.1450	1.73741517e+09
0.0550	0.0950	0.0950	1.28711113e+09
0.0550	0.0950	0.1050	1.02323626e+09
0.0550	0.0950	0.1150	9.93328409e+08
0.0550	0.0950	0.1250	7.40333470e+08
0.0550	0.0950	0.1350	6.46039117e+08
0.0550	0.0950	0.1450	1.13111788e+09
0.0550	0.1050	0.1050	8.06476358e+08
0.0550	0.1050	0.1150	5.14261578e+08
0.0550	0.1050	0.1250	5.48455829e+08
0.0550	0.1050	0.1350	6.93787146e+08
0.0550	0.1050	0.1450	5.18179426e+08
0.0550	0.1150	0.1150	1.50765629e+07
0.0550	0.1150	0.1250	1.17956856e+09
0.0550	0.1150	0.1350	6.22103882e+08
0.0550	0.1150	0.1450	5.81934108e+08
0.0550	0.1250	0.1250	4.00449970e+08
0.0550	0.1250	0.1350	5.16421926e+08
0.0550	0.1250	0.1450	7.01856248e+08
0.0550	0.1350	0.1350	3.97984776e+08
0.0550	0.1350	0.1450	5.47386192e+08
0.0550	0.1450	0.1450	4.01732964e+08
0.0650	0.0650	0.0650	2.20684100e+08
0.0650	0.0650	0.0750	9.02762868e+08
0.0650	0.0650	0.0850	1.66825919e+09
0.0650	0.0650	0.0950	1.58130478e+09
0.0650	0.0650	0.1050	1.32841554e+09
0.0650	0.0650	0.1150	4.05598445e+08
0.0650	0.0650	0.1250	2.56912758e+09
0.0650	0.0650	0.1350	1.80913988e+09
0.0650	0.0750	0.0750	1.55492924e+09
0.0650	0.0750	0.0850	7.53625985e+08
0.0650	0.0750	0.0950	7.62870684e+08
0.0650	0.0750	0.1050	9.43465764e+08
0.0650	0.0750	0.1150	1.19266725e+09
0.0650	0.0750	0.1250	1.14706488e+09
0.0650	0.0750	0.1350	1.73121242e+09
0.0650	0.0750	0.1450	1.10976072e+09
0.0650	0.0850	0.0850	1.21682603e+09
0.0650	0.0850	0.0950	1.21676455e+09
0.0650	0.0850	0.1050	1.21597821e+09
0.0650	0.0850	0.1150	8.54858732e+08
0.0650	0.0850	0.1250	1.12123318e+09
0.0650	0.0850	0.1350	1.07471932e+09
0.0650	0.0850	0.1450	1.01497350e+09
0.0650	0.0950	0.0950	7.89217942e+08
0.0650	0.0950	0.1050	8.01349848e+08
0.0650	0.0950	0.1150	9.60531440e+08
0.0650	0.0950	0.1250	1.08894784e+09
0.0650	0.0950	0.1350	7.93829061e+08
0.0650	0.0950	0.1450	9.49042151e+08
0.0650	0.1050	0.1050	1.03451094e+09
0.0650	0.1050	0.1150	8.24469499e+08
0.0650	0.1050	0.1250	4.00908628e+08
0.0650	0.1050	0.1350	6.29725613e+08
0.0650	0.1050	0.1450	7.63349405e+08
0.0650	0.1150	0.1150	2.34103212e+08
0.0650	0.1150	0.1250	4.78158109e+08
0.0650	0.1150	0.1350	4.96915810e+08
0.0650	0.1150	0.1450	7.65460696e+08
0.0650	0.1250	0.1250	4.81055654e+08
0.0650	0.1250	0.1350	6.83618259e+08
0.0650	0.1250	0.1450	4.82906325e+08
0.0650	0.1350	0.1350	2.53701904e+08
0.0650	0.1350	0.1450	4.20385658e+08
0.0650	0.1450	0.1450	2.21966102e+08
0.0750	0.0750	0.0750	3.25861315e+09
0.0750	0.0750	0.0850	1.93607614e+09
0.0750	0.0750	0.0950	2.23500409e+09
0.0750	0.0750	0.1050	1.27368739e+09
0.0750	0.0750	0.1150	7.58844611e+08
0.0750	0.0750	0.1250	9.47368627e+08
0.0750	0.0750	0.1350	1.28013917e+09
0.0750	0.0750	0.1450	1.15534547e+09
0.0750	0.0850	0.0850	1.39616847e+09
0.0750	0.0850	0.0950	7.83230194e+08
0.0750	0.0850	0.1050	5.36382740e+08
0.0750	0.0850	0.1150	1.06858351e+09
0.0750	0.0850	0.1250	1.01178616e+09
0.0750	0.0850	0.1350	9.67434831e+08
0.0750	0.0850	0.1450	1.15598298e+09
0.0750	0.0950	0.0950	2.63686882e+08
0.0750	0.0950	0.1050	2.07994355e+08
0.0750	0.0950	0.1150	6.23257219e+08
0.0750	0.0950	0.1250	7.34301669e+08
0.0750	0.0950	0.1350	5.78577149e+08
0.0750	0.0950	0.1450	7.57261948e+08
0.0750	0.1050	0.1050	5.70840643e+08
0.0750	0.1050	0.1150	7.11258901e+08
0.0750	0.1050	0.1250	3.62536768e+08
0.0750	0.1050	0.1350	6.82949276e+08
0.0750	0.1050	0.1450	3.91487752e+08
0.0750	0.1150	0.1150	6.94330937e+08
0.0750	0.1150	0.1250	6.42989799e+08
0.0750	0.1150	0.1350	5.56309862e+08
0.0750	0.1150	0.1450	4.98868977e+08
0.0750	0.1250	0.1250	4.88816366e+08
0.0750	0.1250	0.1350	6.86494173e+08
0.0750	0.1250	0.1450	4.81490508e+08
0.0750	0.1350	0.1350	5.21112567e+08
0.0750	0.1350	0.1450	4.57705330e+08
0.0750	0.1450	0.1450	2.70670003e+08
0.0850	0.0850	0.0850	2.31927312e+08
0.0850	0.0850	0.0950	1.97729238e+08
0.0850	0.0850	0.1050	6.07454385e+08
0.0850	0.0850	0.1150	9.25644349e+08
0.0850	0.0850	0.1250	6.59449171e+08
0.0850	0.0850	0.1350	9.71526123e+08
0.0850	0.0850	0.1450	5.75616363e+08
0.0850	0.0950	0.0950	8.40818681e+08
0.0850	0.0950	0.1050	6.50323673e+08
0.0850	0.0950	0.1150	5.99085476e+08
0.0850	0.0950	0.1250	1.45624136e+08
0.0850	0.0950	0.1350	6.67502093e+08
0.0850	0.0950	0.1450	6.20401546e+08
0.0850	0.1050	0.1050	-1.09113020e+08
0.0850	0.1050	0.1150	4.34117881e+08
0.0850	0.1050	0.1250	3.70002757e+08
0.0850	0.1050	0.1350	5.24764693e+08
0.0850	0.1050	0.1450	4.69284575e+08
0.0850	0.1150	0.1150	1.43751249e+08
0.0850	0.1150	0.1250	5.84427700e+08
0.0850	0.1150	0.1350	4.09731014e+08
0.0850	0.1150	0.1450	3.33882439e+08
0.0850	0.1250	0.1250	5.94107495e+08
0.0850	0.1250	0.1350	2.51136475e+08
0.0850	0.1250	0.1450	3.09771296e+08
0.0850	0.1350	0.1350	4.04786570e+08
0.0850	0.1350	0.1450	4.36938222e+08
0.0850	0.1450	0.1450	2.52446028e+08
0.0950	0.0950	0.0950	3.82504697e+08
0.0950	0.0950	0.1050	-1.66740648e+08
0.0950	0.0950	0.1150	6.46475259e+08
0.0950	0.0950	0.1250	2.94258068e+08
0.0950	0.0950	0.1350	1.27982954e+08
0.0950	0.0950	0.1450	6.08011888e+08
0.0950	0.1050	0.1050	3.48337620e+08
0.0950	0.1050	0.1150	5.36207334e+08
0.0950	0.1050	0.1250	6.57712476e+08
0.0950	0.1050	0.1350	5.12767013e+08
0.0950	0.1050	0.1450	5.92746498e+08
0.0950	0.1150	0.1150	7.73486734e+08
0.0950	0.1150	0.1250	1.82251674e+08
0.0950	0.1150	0.1350	3.44788876e+08
0.0950	0.1150	0.1450	1.47599199e+08
0.0950	0.1250	0.1250	4.68776507e+08
0.0950	0.1250	0.1350	3.90309027e+08
0.0950	0.1250	0.1450	6.04951002e+08
0.0950	0.1350	0.1350	3.07357219e+08
0.0950	0.1350	0.1450	2.54613149e+08
0.0950	0.1450	0.1450	3.66894574e+08
0.1050	0.1050	0.1050	8.14251730e+08
0.1050	0.1050	0.1150	-9.83584134e+07
0.1050	0.1050	0.1250	1.51299146e+08
0.1050	0.1050	0.1350	3.86472851e+08
0.1050	0.1050	0.1450	1.77608157e+08
0.1050	0.1150	0.1150	2.46157163e+08
0.1050	0.1150	0.1250	2.22393200e+08
0.1050	0.1150	0.1350	3.39694823e+08
0.1050	0.1150	0.1450	2.66259002e+08
0.1050	0.1250	0.1250	3.94485057e+08
0.1050	0.1250	0.1350	3.91673799e+08
0.1050	0.1250	0.1450	2.60211800e+08
0.1050	0.1350	0.1350	3.05829375e+08
0.1050	0.1350	0.1450	2.33510777e+08
0.1050	0.1450	0.1450	2.45614356e+08
0.1150	0.1150	0.1150	9.04609908e+08
0.1150	0.1150	0.1250	2.02187198e+08
0.1150	0.1150	0.1350	3.99229188e+08
0.1150	0.1150	0.1450	3.13718806e+08
0.1150	0.1250	0.1250	5.78313815e+08
0.1150	0.1250	0.1350	2.28314517e+08
0.1150	0.1250	0.1450	5.00927619e+08
0.1150	0.1350	0.1350	2.92905794e+08
0.1150	0.1350	0.1450	2.85886593e+08
0.1150	0.1450	0.1450	1.63203142e+08
0.1250	0.1250	0.1250	9.72223318e+07
0.1250	0.1250	0.1350	3.30860288e+08
0.1250	0.1250	0.1450	3.29336070e+08
0.1250	0.1350	0.1350	3.97065557e+08
0.1250	0.1350	0.1450	1.31363168e+08
0.1250	0.1450	0.1450	1.77897231e+08
0.1350	0.1350	0.1350	1.27659256e+08
0.1350	0.1350	0.1450	1.67788944e+08
0.1350	0.1450	0.1450	3.02961008e+08
0.1450	0.1450	0.1450	5.95527217e+06
