####### Bispectrum of Patchy Simulation 380 #############
# Patch: sgc
# z-type: z3
# Weights: fkp
# Fiducial Omega_m: 0.310
# Fiducial h: 0.676
# Boxsize: [1000.0, 2600.0, 1500.0]
# Grid: [95, 250, 140]
# k-binning: [0.000, 0.160, 0.010]
# Monte Carlo Simulations: 100
#
# Format: k1 | k2 | k3 | B(k1,k2,k3)
############################################
0.0150	0.0150	0.0150	-9.10134388e+09
0.0150	0.0150	0.0250	6.70583326e+09
0.0150	0.0150	0.0350	2.80046305e+10
0.0150	0.0250	0.0250	-1.86002841e+10
0.0150	0.0250	0.0350	6.87287985e+09
0.0150	0.0250	0.0450	4.45250518e+09
0.0150	0.0350	0.0350	5.74609294e+09
0.0150	0.0350	0.0450	3.32355005e+09
0.0150	0.0350	0.0550	5.00436706e+09
0.0150	0.0450	0.0450	-3.80957261e+09
0.0150	0.0450	0.0550	3.69858580e+09
0.0150	0.0450	0.0650	1.18272923e+10
0.0150	0.0550	0.0550	6.45918550e+09
0.0150	0.0550	0.0650	5.31465082e+09
0.0150	0.0550	0.0750	5.47044815e+09
0.0150	0.0650	0.0650	-1.20468693e+09
0.0150	0.0650	0.0750	3.67788819e+09
0.0150	0.0650	0.0850	1.69380333e+09
0.0150	0.0750	0.0750	3.50721608e+09
0.0150	0.0750	0.0850	3.99170827e+09
0.0150	0.0750	0.0950	2.90335209e+09
0.0150	0.0850	0.0850	-2.22971363e+08
0.0150	0.0850	0.0950	4.50697930e+09
0.0150	0.0850	0.1050	1.08814128e+09
0.0150	0.0950	0.0950	2.37283371e+09
0.0150	0.0950	0.1050	7.74176415e+08
0.0150	0.0950	0.1150	4.86303343e+09
0.0150	0.1050	0.1050	2.07467821e+09
0.0150	0.1050	0.1150	5.00905747e+08
0.0150	0.1050	0.1250	4.84865124e+09
0.0150	0.1150	0.1150	1.71507628e+09
0.0150	0.1150	0.1250	1.43271284e+09
0.0150	0.1150	0.1350	3.89692466e+09
0.0150	0.1250	0.1250	8.37051150e+08
0.0150	0.1250	0.1350	2.03358396e+09
0.0150	0.1250	0.1450	3.37133278e+09
0.0150	0.1350	0.1350	7.60614906e+08
0.0150	0.1350	0.1450	9.72021132e+08
0.0150	0.1450	0.1450	-8.03087508e+06
0.0250	0.0250	0.0250	-1.91949876e+09
0.0250	0.0250	0.0350	5.22954328e+09
0.0250	0.0250	0.0450	1.25096118e+10
0.0250	0.0250	0.0550	2.32381009e+09
0.0250	0.0350	0.0350	9.46367068e+09
0.0250	0.0350	0.0450	3.05779750e+09
0.0250	0.0350	0.0550	5.61698806e+09
0.0250	0.0350	0.0650	5.97706133e+09
0.0250	0.0450	0.0450	2.44006436e+09
0.0250	0.0450	0.0550	5.64373025e+09
0.0250	0.0450	0.0650	3.87366698e+09
0.0250	0.0450	0.0750	7.45716537e+09
0.0250	0.0550	0.0550	1.31778969e+09
0.0250	0.0550	0.0650	1.29116269e+06
0.0250	0.0550	0.0750	4.68052805e+09
0.0250	0.0550	0.0850	4.49473632e+09
0.0250	0.0650	0.0650	3.99571430e+09
0.0250	0.0650	0.0750	4.01137042e+09
0.0250	0.0650	0.0850	3.41386790e+09
0.0250	0.0650	0.0950	5.08623240e+09
0.0250	0.0750	0.0750	1.59669382e+09
0.0250	0.0750	0.0850	3.99020213e+09
0.0250	0.0750	0.0950	2.28628338e+09
0.0250	0.0750	0.1050	8.44795462e+08
0.0250	0.0850	0.0850	1.99188546e+09
0.0250	0.0850	0.0950	2.01938609e+09
0.0250	0.0850	0.1050	4.15378230e+09
0.0250	0.0850	0.1150	3.04698635e+09
0.0250	0.0950	0.0950	2.23851489e+09
0.0250	0.0950	0.1050	1.38082076e+09
0.0250	0.0950	0.1150	2.74762603e+09
0.0250	0.0950	0.1250	4.58205799e+09
0.0250	0.1050	0.1050	1.06304654e+09
0.0250	0.1050	0.1150	1.37768853e+09
0.0250	0.1050	0.1250	1.77355884e+09
0.0250	0.1050	0.1350	2.27874894e+09
0.0250	0.1150	0.1150	5.52735524e+08
0.0250	0.1150	0.1250	1.05549878e+09
0.0250	0.1150	0.1350	1.55964802e+09
0.0250	0.1150	0.1450	3.92563170e+09
0.0250	0.1250	0.1250	1.90985331e+09
0.0250	0.1250	0.1350	9.12719213e+08
0.0250	0.1250	0.1450	1.57360264e+09
0.0250	0.1350	0.1350	1.08939154e+09
0.0250	0.1350	0.1450	1.80665193e+09
0.0250	0.1450	0.1450	1.13271959e+09
0.0350	0.0350	0.0350	-2.98753472e+09
0.0350	0.0350	0.0450	1.17063969e+10
0.0350	0.0350	0.0550	6.80195642e+09
0.0350	0.0350	0.0650	4.34865886e+09
0.0350	0.0350	0.0750	3.31257187e+09
0.0350	0.0450	0.0450	-7.00803440e+08
0.0350	0.0450	0.0550	4.68849927e+09
0.0350	0.0450	0.0650	2.04400195e+09
0.0350	0.0450	0.0750	2.31714056e+09
0.0350	0.0450	0.0850	8.19445592e+09
0.0350	0.0550	0.0550	3.91392404e+09
0.0350	0.0550	0.0650	3.76811340e+09
0.0350	0.0550	0.0750	2.20595432e+09
0.0350	0.0550	0.0850	2.18033220e+09
0.0350	0.0550	0.0950	7.68817811e+09
0.0350	0.0650	0.0650	1.84145524e+09
0.0350	0.0650	0.0750	4.71192142e+09
0.0350	0.0650	0.0850	8.48864118e+08
0.0350	0.0650	0.0950	2.90374431e+09
0.0350	0.0650	0.1050	3.77793607e+09
0.0350	0.0750	0.0750	1.75581674e+09
0.0350	0.0750	0.0850	2.42730125e+09
0.0350	0.0750	0.0950	2.33669335e+09
0.0350	0.0750	0.1050	2.42977505e+09
0.0350	0.0750	0.1150	2.35221051e+09
0.0350	0.0850	0.0850	2.21453474e+09
0.0350	0.0850	0.0950	1.62638639e+09
0.0350	0.0850	0.1050	1.67004185e+09
0.0350	0.0850	0.1150	2.06087005e+09
0.0350	0.0850	0.1250	3.72427615e+09
0.0350	0.0950	0.0950	1.92805393e+09
0.0350	0.0950	0.1050	1.50011371e+09
0.0350	0.0950	0.1150	1.39579723e+09
0.0350	0.0950	0.1250	1.45382938e+09
0.0350	0.0950	0.1350	1.69685798e+09
0.0350	0.1050	0.1050	1.56905753e+09
0.0350	0.1050	0.1150	6.38181041e+08
0.0350	0.1050	0.1250	2.14893382e+09
0.0350	0.1050	0.1350	1.99867689e+09
0.0350	0.1050	0.1450	1.11219271e+09
0.0350	0.1150	0.1150	1.08398659e+09
0.0350	0.1150	0.1250	8.92347988e+08
0.0350	0.1150	0.1350	1.37533777e+09
0.0350	0.1150	0.1450	1.75972095e+09
0.0350	0.1250	0.1250	5.99018033e+08
0.0350	0.1250	0.1350	1.21836267e+09
0.0350	0.1250	0.1450	1.47873460e+09
0.0350	0.1350	0.1350	1.48439569e+09
0.0350	0.1350	0.1450	9.63096383e+08
0.0350	0.1450	0.1450	1.28781169e+09
0.0450	0.0450	0.0450	-1.43474529e+09
0.0450	0.0450	0.0550	1.05252309e+09
0.0450	0.0450	0.0650	4.00008673e+09
0.0450	0.0450	0.0750	2.83961469e+09
0.0450	0.0450	0.0850	5.93221309e+08
0.0450	0.0450	0.0950	6.84154853e+09
0.0450	0.0550	0.0550	6.97888872e+08
0.0450	0.0550	0.0650	1.14374380e+09
0.0450	0.0550	0.0750	2.11784079e+09
0.0450	0.0550	0.0850	1.71609152e+09
0.0450	0.0550	0.0950	2.78979591e+09
0.0450	0.0550	0.1050	3.99534422e+09
0.0450	0.0650	0.0650	1.41505698e+09
0.0450	0.0650	0.0750	2.17028656e+09
0.0450	0.0650	0.0850	1.69499859e+09
0.0450	0.0650	0.0950	1.72820728e+09
0.0450	0.0650	0.1050	1.92686741e+09
0.0450	0.0650	0.1150	1.99328224e+09
0.0450	0.0750	0.0750	5.39642320e+08
0.0450	0.0750	0.0850	1.51872945e+09
0.0450	0.0750	0.0950	1.55655381e+09
0.0450	0.0750	0.1050	1.91706160e+09
0.0450	0.0750	0.1150	2.27645694e+09
0.0450	0.0750	0.1250	2.26090876e+09
0.0450	0.0850	0.0850	2.31174937e+09
0.0450	0.0850	0.0950	1.69753584e+08
0.0450	0.0850	0.1050	1.44933786e+09
0.0450	0.0850	0.1150	6.07194300e+08
0.0450	0.0850	0.1250	1.85543639e+09
0.0450	0.0850	0.1350	1.14741388e+09
0.0450	0.0950	0.0950	1.19670440e+09
0.0450	0.0950	0.1050	1.66427690e+09
0.0450	0.0950	0.1150	1.24603109e+09
0.0450	0.0950	0.1250	1.33375993e+09
0.0450	0.0950	0.1350	1.31056505e+09
0.0450	0.0950	0.1450	2.69597863e+09
0.0450	0.1050	0.1050	1.32867048e+09
0.0450	0.1050	0.1150	1.03456777e+09
0.0450	0.1050	0.1250	7.86640686e+08
0.0450	0.1050	0.1350	8.53954593e+08
0.0450	0.1050	0.1450	1.35800808e+09
0.0450	0.1150	0.1150	1.22020859e+09
0.0450	0.1150	0.1250	7.99987070e+08
0.0450	0.1150	0.1350	1.03111250e+09
0.0450	0.1150	0.1450	9.95911767e+08
0.0450	0.1250	0.1250	8.53754342e+08
0.0450	0.1250	0.1350	9.46900072e+08
0.0450	0.1250	0.1450	9.51881052e+08
0.0450	0.1350	0.1350	8.39151475e+08
0.0450	0.1350	0.1450	8.11278833e+08
0.0450	0.1450	0.1450	4.40901187e+08
0.0550	0.0550	0.0550	3.16403126e+09
0.0550	0.0550	0.0650	6.56870584e+07
0.0550	0.0550	0.0750	1.22762601e+09
0.0550	0.0550	0.0850	2.23171924e+09
0.0550	0.0550	0.0950	1.66797830e+09
0.0550	0.0550	0.1050	3.30240707e+08
0.0550	0.0550	0.1150	3.57550013e+09
0.0550	0.0650	0.0650	7.72752864e+08
0.0550	0.0650	0.0750	7.76406349e+08
0.0550	0.0650	0.0850	1.62120626e+09
0.0550	0.0650	0.0950	6.90984215e+08
0.0550	0.0650	0.1050	1.79255062e+09
0.0550	0.0650	0.1150	2.17512562e+09
0.0550	0.0650	0.1250	1.41555026e+09
0.0550	0.0750	0.0750	1.76629249e+09
0.0550	0.0750	0.0850	1.27075663e+08
0.0550	0.0750	0.0950	1.80665571e+09
0.0550	0.0750	0.1050	3.38634048e+07
0.0550	0.0750	0.1150	1.00243184e+09
0.0550	0.0750	0.1250	2.04787976e+09
0.0550	0.0750	0.1350	1.02387549e+09
0.0550	0.0850	0.0850	1.71831483e+09
0.0550	0.0850	0.0950	1.03211221e+09
0.0550	0.0850	0.1050	1.64240464e+09
0.0550	0.0850	0.1150	1.55847518e+09
0.0550	0.0850	0.1250	1.46028356e+09
0.0550	0.0850	0.1350	1.48994204e+09
0.0550	0.0850	0.1450	1.94327812e+09
0.0550	0.0950	0.0950	8.80511332e+08
0.0550	0.0950	0.1050	1.13157686e+09
0.0550	0.0950	0.1150	7.14152198e+08
0.0550	0.0950	0.1250	8.49574611e+08
0.0550	0.0950	0.1350	9.88128250e+08
0.0550	0.0950	0.1450	1.37813641e+09
0.0550	0.1050	0.1050	3.97923857e+08
0.0550	0.1050	0.1150	5.90576956e+08
0.0550	0.1050	0.1250	6.12975725e+08
0.0550	0.1050	0.1350	8.20175025e+08
0.0550	0.1050	0.1450	7.62824068e+08
0.0550	0.1150	0.1150	2.07346335e+08
0.0550	0.1150	0.1250	7.71205299e+08
0.0550	0.1150	0.1350	9.52432899e+08
0.0550	0.1150	0.1450	7.90128118e+08
0.0550	0.1250	0.1250	1.06813942e+09
0.0550	0.1250	0.1350	5.32222849e+08
0.0550	0.1250	0.1450	1.12359413e+09
0.0550	0.1350	0.1350	8.75721746e+08
0.0550	0.1350	0.1450	7.49133436e+08
0.0550	0.1450	0.1450	4.56777969e+08
0.0650	0.0650	0.0650	1.53550322e+09
0.0650	0.0650	0.0750	1.74449820e+09
0.0650	0.0650	0.0850	3.58859082e+08
0.0650	0.0650	0.0950	1.69614181e+09
0.0650	0.0650	0.1050	1.21309323e+09
0.0650	0.0650	0.1150	8.13063161e+08
0.0650	0.0650	0.1250	1.81824444e+09
0.0650	0.0650	0.1350	1.58223346e+09
0.0650	0.0750	0.0750	1.39427597e+09
0.0650	0.0750	0.0850	1.33036353e+09
0.0650	0.0750	0.0950	8.82485254e+08
0.0650	0.0750	0.1050	1.63133773e+09
0.0650	0.0750	0.1150	1.06234804e+09
0.0650	0.0750	0.1250	1.04355318e+09
0.0650	0.0750	0.1350	1.98758483e+09
0.0650	0.0750	0.1450	3.03399934e+08
0.0650	0.0850	0.0850	1.10753894e+09
0.0650	0.0850	0.0950	5.36221677e+08
0.0650	0.0850	0.1050	1.01400226e+09
0.0650	0.0850	0.1150	1.32222161e+09
0.0650	0.0850	0.1250	1.17898774e+09
0.0650	0.0850	0.1350	9.81550594e+08
0.0650	0.0850	0.1450	1.01193848e+09
0.0650	0.0950	0.0950	7.51801840e+08
0.0650	0.0950	0.1050	1.28655048e+09
0.0650	0.0950	0.1150	5.28554605e+08
0.0650	0.0950	0.1250	8.11285816e+08
0.0650	0.0950	0.1350	1.06369937e+09
0.0650	0.0950	0.1450	8.16608088e+08
0.0650	0.1050	0.1050	6.12507296e+08
0.0650	0.1050	0.1150	8.05462710e+08
0.0650	0.1050	0.1250	8.79462724e+08
0.0650	0.1050	0.1350	9.70567832e+08
0.0650	0.1050	0.1450	1.15113257e+09
0.0650	0.1150	0.1150	7.08466208e+08
0.0650	0.1150	0.1250	5.09154892e+08
0.0650	0.1150	0.1350	7.58026687e+08
0.0650	0.1150	0.1450	5.96449194e+08
0.0650	0.1250	0.1250	7.97021215e+08
0.0650	0.1250	0.1350	3.26606756e+08
0.0650	0.1250	0.1450	5.70501748e+08
0.0650	0.1350	0.1350	7.99969701e+08
0.0650	0.1350	0.1450	6.86101045e+08
0.0650	0.1450	0.1450	5.59108770e+08
0.0750	0.0750	0.0750	1.83214309e+09
0.0750	0.0750	0.0850	1.38637824e+09
0.0750	0.0750	0.0950	9.88882759e+08
0.0750	0.0750	0.1050	1.18614586e+09
0.0750	0.0750	0.1150	5.08683690e+08
0.0750	0.0750	0.1250	1.54476071e+09
0.0750	0.0750	0.1350	1.33028120e+09
0.0750	0.0750	0.1450	1.86454699e+09
0.0750	0.0850	0.0850	1.40622414e+09
0.0750	0.0850	0.0950	6.65590367e+08
0.0750	0.0850	0.1050	6.86497070e+08
0.0750	0.0850	0.1150	7.10874282e+08
0.0750	0.0850	0.1250	8.70786004e+08
0.0750	0.0850	0.1350	1.45233528e+09
0.0750	0.0850	0.1450	8.14610266e+08
0.0750	0.0950	0.0950	7.57185416e+08
0.0750	0.0950	0.1050	8.75138549e+08
0.0750	0.0950	0.1150	8.12358424e+08
0.0750	0.0950	0.1250	8.05888908e+08
0.0750	0.0950	0.1350	8.25294500e+08
0.0750	0.0950	0.1450	7.87294694e+08
0.0750	0.1050	0.1050	1.21795172e+09
0.0750	0.1050	0.1150	3.66958921e+08
0.0750	0.1050	0.1250	7.28188971e+08
0.0750	0.1050	0.1350	7.80695243e+08
0.0750	0.1050	0.1450	5.65848049e+08
0.0750	0.1150	0.1150	4.62578658e+08
0.0750	0.1150	0.1250	5.72461750e+08
0.0750	0.1150	0.1350	6.58259200e+08
0.0750	0.1150	0.1450	5.98711951e+08
0.0750	0.1250	0.1250	3.95314023e+08
0.0750	0.1250	0.1350	7.93794919e+08
0.0750	0.1250	0.1450	7.09616627e+08
0.0750	0.1350	0.1350	2.67201604e+08
0.0750	0.1350	0.1450	5.29174916e+08
0.0750	0.1450	0.1450	5.09566369e+08
0.0850	0.0850	0.0850	-4.14023632e+08
0.0850	0.0850	0.0950	6.29827362e+08
0.0850	0.0850	0.1050	5.43282373e+08
0.0850	0.0850	0.1150	1.03868082e+09
0.0850	0.0850	0.1250	3.59185613e+08
0.0850	0.0850	0.1350	4.95115415e+08
0.0850	0.0850	0.1450	2.78257712e+08
0.0850	0.0950	0.0950	5.16550406e+08
0.0850	0.0950	0.1050	6.43266851e+08
0.0850	0.0950	0.1150	7.35510143e+08
0.0850	0.0950	0.1250	5.34052667e+08
0.0850	0.0950	0.1350	7.78335970e+08
0.0850	0.0950	0.1450	6.04567566e+08
0.0850	0.1050	0.1050	6.90935946e+08
0.0850	0.1050	0.1150	5.98565202e+08
0.0850	0.1050	0.1250	6.45433100e+08
0.0850	0.1050	0.1350	6.48229288e+08
0.0850	0.1050	0.1450	5.09939740e+08
0.0850	0.1150	0.1150	5.22372950e+08
0.0850	0.1150	0.1250	6.52903770e+08
0.0850	0.1150	0.1350	4.59844539e+08
0.0850	0.1150	0.1450	7.08967803e+08
0.0850	0.1250	0.1250	7.30081960e+08
0.0850	0.1250	0.1350	4.85468281e+08
0.0850	0.1250	0.1450	4.33566680e+08
0.0850	0.1350	0.1350	5.18585452e+08
0.0850	0.1350	0.1450	4.13762749e+08
0.0850	0.1450	0.1450	3.88539572e+08
0.0950	0.0950	0.0950	6.40821498e+08
0.0950	0.0950	0.1050	4.60233209e+08
0.0950	0.0950	0.1150	2.67342016e+08
0.0950	0.0950	0.1250	5.24685340e+08
0.0950	0.0950	0.1350	8.26010937e+08
0.0950	0.0950	0.1450	7.24223900e+08
0.0950	0.1050	0.1050	6.14717165e+08
0.0950	0.1050	0.1150	3.13107784e+08
0.0950	0.1050	0.1250	5.86126619e+08
0.0950	0.1050	0.1350	6.00378096e+08
0.0950	0.1050	0.1450	4.34205817e+08
0.0950	0.1150	0.1150	5.09892139e+08
0.0950	0.1150	0.1250	5.88190993e+08
0.0950	0.1150	0.1350	4.32789488e+08
0.0950	0.1150	0.1450	5.77566230e+08
0.0950	0.1250	0.1250	2.14859686e+08
0.0950	0.1250	0.1350	3.90186703e+08
0.0950	0.1250	0.1450	4.13298145e+08
0.0950	0.1350	0.1350	4.80152579e+08
0.0950	0.1350	0.1450	4.18455909e+08
0.0950	0.1450	0.1450	4.18555203e+08
0.1050	0.1050	0.1050	9.33670161e+08
0.1050	0.1050	0.1150	2.54291777e+08
0.1050	0.1050	0.1250	8.01210033e+08
0.1050	0.1050	0.1350	5.39163568e+08
0.1050	0.1050	0.1450	4.65161257e+08
0.1050	0.1150	0.1150	6.55500693e+08
0.1050	0.1150	0.1250	5.51392411e+08
0.1050	0.1150	0.1350	4.73420014e+08
0.1050	0.1150	0.1450	3.18305877e+08
0.1050	0.1250	0.1250	1.17307074e+08
0.1050	0.1250	0.1350	6.94954210e+08
0.1050	0.1250	0.1450	3.06773994e+08
0.1050	0.1350	0.1350	3.43457658e+08
0.1050	0.1350	0.1450	4.71812110e+08
0.1050	0.1450	0.1450	3.29986351e+08
0.1150	0.1150	0.1150	6.04187889e+08
0.1150	0.1150	0.1250	2.82801181e+08
0.1150	0.1150	0.1350	4.59667066e+08
0.1150	0.1150	0.1450	4.45571377e+08
0.1150	0.1250	0.1250	5.57376388e+08
0.1150	0.1250	0.1350	3.52525100e+08
0.1150	0.1250	0.1450	2.07469548e+08
0.1150	0.1350	0.1350	5.21264564e+08
0.1150	0.1350	0.1450	4.39553105e+08
0.1150	0.1450	0.1450	1.98995503e+08
0.1250	0.1250	0.1250	6.44643171e+08
0.1250	0.1250	0.1350	3.65642970e+08
0.1250	0.1250	0.1450	4.26639957e+08
0.1250	0.1350	0.1350	3.29923458e+08
0.1250	0.1350	0.1450	3.57861523e+08
0.1250	0.1450	0.1450	5.70057677e+08
0.1350	0.1350	0.1350	3.72869744e+07
0.1350	0.1350	0.1450	4.42248276e+08
0.1350	0.1450	0.1450	2.05311092e+08
0.1450	0.1450	0.1450	2.87684087e+08
