####### Bispectrum of Patchy Simulation 73 #############
# Patch: ngc
# z-type: z3
# Weights: fkp
# Fiducial Omega_m: 0.310
# Fiducial h: 0.676
# Boxsize: [1800.0, 3400.0, 1900.0]
# Grid: [170, 325, 180]
# k-binning: [0.000, 0.160, 0.010]
# Monte Carlo Simulations: 100
#
# Format: k1 | k2 | k3 | B(k1,k2,k3)
############################################
0.0150	0.0150	0.0150	-5.46343395e+09
0.0150	0.0150	0.0250	7.37820403e+09
0.0150	0.0150	0.0350	2.24153416e+10
0.0150	0.0250	0.0250	1.51722496e+10
0.0150	0.0250	0.0350	4.22113902e+09
0.0150	0.0250	0.0450	1.28219232e+10
0.0150	0.0350	0.0350	1.19315776e+10
0.0150	0.0350	0.0450	1.23622818e+09
0.0150	0.0350	0.0550	8.37339706e+09
0.0150	0.0450	0.0450	6.76917205e+09
0.0150	0.0450	0.0550	2.09392605e+09
0.0150	0.0450	0.0650	2.30528027e+09
0.0150	0.0550	0.0550	3.03781763e+09
0.0150	0.0550	0.0650	5.34798698e+09
0.0150	0.0550	0.0750	2.58815768e+09
0.0150	0.0650	0.0650	1.85361665e+09
0.0150	0.0650	0.0750	2.74815082e+09
0.0150	0.0650	0.0850	2.35868242e+09
0.0150	0.0750	0.0750	1.20353777e+09
0.0150	0.0750	0.0850	2.79008927e+09
0.0150	0.0750	0.0950	3.32570343e+09
0.0150	0.0850	0.0850	1.29818040e+09
0.0150	0.0850	0.0950	2.30008755e+09
0.0150	0.0850	0.1050	3.58456865e+09
0.0150	0.0950	0.0950	1.91497405e+09
0.0150	0.0950	0.1050	2.10171241e+09
0.0150	0.0950	0.1150	1.10969363e+09
0.0150	0.1050	0.1050	1.51963247e+09
0.0150	0.1050	0.1150	1.71884839e+09
0.0150	0.1050	0.1250	1.60344178e+09
0.0150	0.1150	0.1150	8.57743868e+08
0.0150	0.1150	0.1250	1.47744391e+09
0.0150	0.1150	0.1350	2.83201014e+09
0.0150	0.1250	0.1250	3.77238631e+08
0.0150	0.1250	0.1350	1.21265859e+09
0.0150	0.1250	0.1450	2.26163820e+09
0.0150	0.1350	0.1350	1.53878817e+09
0.0150	0.1350	0.1450	1.17219441e+09
0.0150	0.1450	0.1450	3.44001123e+08
0.0250	0.0250	0.0250	6.27105524e+09
0.0250	0.0250	0.0350	8.13124384e+09
0.0250	0.0250	0.0450	4.06079789e+09
0.0250	0.0250	0.0550	1.18098594e+10
0.0250	0.0350	0.0350	5.89950549e+09
0.0250	0.0350	0.0450	1.52805973e+09
0.0250	0.0350	0.0550	5.21182955e+09
0.0250	0.0350	0.0650	8.93801305e+09
0.0250	0.0450	0.0450	2.49501578e+09
0.0250	0.0450	0.0550	3.84436470e+09
0.0250	0.0450	0.0650	4.84948037e+09
0.0250	0.0450	0.0750	5.13538319e+09
0.0250	0.0550	0.0550	4.01028859e+09
0.0250	0.0550	0.0650	2.49462488e+09
0.0250	0.0550	0.0750	3.33027689e+09
0.0250	0.0550	0.0850	2.27978233e+09
0.0250	0.0650	0.0650	2.33153203e+09
0.0250	0.0650	0.0750	2.95433995e+09
0.0250	0.0650	0.0850	3.97951119e+09
0.0250	0.0650	0.0950	2.94488937e+09
0.0250	0.0750	0.0750	2.12195952e+09
0.0250	0.0750	0.0850	2.62867034e+09
0.0250	0.0750	0.0950	2.54093681e+09
0.0250	0.0750	0.1050	2.56560120e+09
0.0250	0.0850	0.0850	1.51921331e+09
0.0250	0.0850	0.0950	1.40411657e+09
0.0250	0.0850	0.1050	2.85406471e+09
0.0250	0.0850	0.1150	1.49234703e+09
0.0250	0.0950	0.0950	2.58571676e+09
0.0250	0.0950	0.1050	1.70215410e+09
0.0250	0.0950	0.1150	2.50804517e+09
0.0250	0.0950	0.1250	2.72402298e+09
0.0250	0.1050	0.1050	1.11061965e+09
0.0250	0.1050	0.1150	1.41998257e+09
0.0250	0.1050	0.1250	1.50866595e+09
0.0250	0.1050	0.1350	2.86324711e+09
0.0250	0.1150	0.1150	1.14359234e+09
0.0250	0.1150	0.1250	1.66630870e+09
0.0250	0.1150	0.1350	1.66360871e+09
0.0250	0.1150	0.1450	1.85135133e+09
0.0250	0.1250	0.1250	1.52938021e+09
0.0250	0.1250	0.1350	1.40447189e+09
0.0250	0.1250	0.1450	1.65642988e+09
0.0250	0.1350	0.1350	1.06265474e+09
0.0250	0.1350	0.1450	1.04029491e+09
0.0250	0.1450	0.1450	8.07298587e+08
0.0350	0.0350	0.0350	6.74596251e+09
0.0350	0.0350	0.0450	1.42563848e+09
0.0350	0.0350	0.0550	4.70382044e+09
0.0350	0.0350	0.0650	4.38968645e+09
0.0350	0.0350	0.0750	1.02984655e+10
0.0350	0.0450	0.0450	3.84034547e+09
0.0350	0.0450	0.0550	1.85218489e+09
0.0350	0.0450	0.0650	4.22473404e+09
0.0350	0.0450	0.0750	2.39087110e+09
0.0350	0.0450	0.0850	4.29196464e+09
0.0350	0.0550	0.0550	3.85462450e+09
0.0350	0.0550	0.0650	1.88182007e+09
0.0350	0.0550	0.0750	3.52868876e+09
0.0350	0.0550	0.0850	2.88515277e+09
0.0350	0.0550	0.0950	3.91672453e+09
0.0350	0.0650	0.0650	1.74647505e+09
0.0350	0.0650	0.0750	1.92609020e+09
0.0350	0.0650	0.0850	1.75900416e+09
0.0350	0.0650	0.0950	3.18334882e+09
0.0350	0.0650	0.1050	1.45548972e+09
0.0350	0.0750	0.0750	1.70596881e+09
0.0350	0.0750	0.0850	2.11926941e+09
0.0350	0.0750	0.0950	1.78611325e+09
0.0350	0.0750	0.1050	2.32670068e+09
0.0350	0.0750	0.1150	2.28612642e+09
0.0350	0.0850	0.0850	6.40389585e+08
0.0350	0.0850	0.0950	1.96115343e+09
0.0350	0.0850	0.1050	1.54802910e+09
0.0350	0.0850	0.1150	2.17245500e+09
0.0350	0.0850	0.1250	2.50924331e+09
0.0350	0.0950	0.0950	6.40811373e+08
0.0350	0.0950	0.1050	1.05705772e+09
0.0350	0.0950	0.1150	1.27987399e+09
0.0350	0.0950	0.1250	1.58273657e+09
0.0350	0.0950	0.1350	1.97625868e+09
0.0350	0.1050	0.1050	1.20416523e+09
0.0350	0.1050	0.1150	1.30381293e+09
0.0350	0.1050	0.1250	1.19820962e+09
0.0350	0.1050	0.1350	1.51703558e+09
0.0350	0.1050	0.1450	1.41959251e+09
0.0350	0.1150	0.1150	1.45714418e+09
0.0350	0.1150	0.1250	7.00892468e+08
0.0350	0.1150	0.1350	1.25215537e+09
0.0350	0.1150	0.1450	1.41132642e+09
0.0350	0.1250	0.1250	8.49258885e+08
0.0350	0.1250	0.1350	1.02833250e+09
0.0350	0.1250	0.1450	6.82602573e+08
0.0350	0.1350	0.1350	7.58492018e+08
0.0350	0.1350	0.1450	8.43310589e+08
0.0350	0.1450	0.1450	6.12095137e+08
0.0450	0.0450	0.0450	1.56844419e+09
0.0450	0.0450	0.0550	2.14830566e+09
0.0450	0.0450	0.0650	2.17963728e+09
0.0450	0.0450	0.0750	1.73191042e+09
0.0450	0.0450	0.0850	3.84595952e+09
0.0450	0.0450	0.0950	3.36745134e+09
0.0450	0.0550	0.0550	1.77188717e+09
0.0450	0.0550	0.0650	2.23562208e+09
0.0450	0.0550	0.0750	2.35342600e+09
0.0450	0.0550	0.0850	1.85811565e+09
0.0450	0.0550	0.0950	2.57470479e+09
0.0450	0.0550	0.1050	3.19904737e+09
0.0450	0.0650	0.0650	2.25724807e+09
0.0450	0.0650	0.0750	1.39262072e+09
0.0450	0.0650	0.0850	1.67535454e+09
0.0450	0.0650	0.0950	1.66873560e+09
0.0450	0.0650	0.1050	2.42495493e+09
0.0450	0.0650	0.1150	2.74997444e+09
0.0450	0.0750	0.0750	1.39724243e+09
0.0450	0.0750	0.0850	1.54598623e+09
0.0450	0.0750	0.0950	1.89999887e+09
0.0450	0.0750	0.1050	1.83314124e+09
0.0450	0.0750	0.1150	1.97648931e+09
0.0450	0.0750	0.1250	2.36737561e+09
0.0450	0.0850	0.0850	1.78950200e+09
0.0450	0.0850	0.0950	1.38741613e+09
0.0450	0.0850	0.1050	9.86021603e+08
0.0450	0.0850	0.1150	1.10213638e+09
0.0450	0.0850	0.1250	1.59858402e+09
0.0450	0.0850	0.1350	1.64814512e+09
0.0450	0.0950	0.0950	1.25565969e+09
0.0450	0.0950	0.1050	1.27186120e+09
0.0450	0.0950	0.1150	1.14129698e+09
0.0450	0.0950	0.1250	1.26271488e+09
0.0450	0.0950	0.1350	1.43438989e+09
0.0450	0.0950	0.1450	1.90723069e+09
0.0450	0.1050	0.1050	8.45961185e+08
0.0450	0.1050	0.1150	1.02431966e+09
0.0450	0.1050	0.1250	9.43623031e+08
0.0450	0.1050	0.1350	1.13449177e+09
0.0450	0.1050	0.1450	1.48738443e+09
0.0450	0.1150	0.1150	7.79438818e+08
0.0450	0.1150	0.1250	7.62844781e+08
0.0450	0.1150	0.1350	9.38255453e+08
0.0450	0.1150	0.1450	1.17516389e+09
0.0450	0.1250	0.1250	1.14788424e+09
0.0450	0.1250	0.1350	7.44403639e+08
0.0450	0.1250	0.1450	9.36555342e+08
0.0450	0.1350	0.1350	8.81652387e+08
0.0450	0.1350	0.1450	8.69210440e+08
0.0450	0.1450	0.1450	8.04455668e+08
0.0550	0.0550	0.0550	1.65216529e+09
0.0550	0.0550	0.0650	1.26881699e+09
0.0550	0.0550	0.0750	1.51193304e+09
0.0550	0.0550	0.0850	1.56316937e+09
0.0550	0.0550	0.0950	2.33829128e+09
0.0550	0.0550	0.1050	2.15306787e+09
0.0550	0.0550	0.1150	2.08347774e+09
0.0550	0.0650	0.0650	1.47545710e+09
0.0550	0.0650	0.0750	1.46831940e+09
0.0550	0.0650	0.0850	1.64278356e+09
0.0550	0.0650	0.0950	1.54289492e+09
0.0550	0.0650	0.1050	1.85285901e+09
0.0550	0.0650	0.1150	1.80545765e+09
0.0550	0.0650	0.1250	2.11830904e+09
0.0550	0.0750	0.0750	1.45585609e+09
0.0550	0.0750	0.0850	1.29083489e+09
0.0550	0.0750	0.0950	1.51760960e+09
0.0550	0.0750	0.1050	1.24947654e+09
0.0550	0.0750	0.1150	1.75634217e+09
0.0550	0.0750	0.1250	1.89333178e+09
0.0550	0.0750	0.1350	1.39322432e+09
0.0550	0.0850	0.0850	1.14947905e+09
0.0550	0.0850	0.0950	1.22239331e+09
0.0550	0.0850	0.1050	1.08613026e+09
0.0550	0.0850	0.1150	1.22649027e+09
0.0550	0.0850	0.1250	1.10230474e+09
0.0550	0.0850	0.1350	1.18480303e+09
0.0550	0.0850	0.1450	1.79012346e+09
0.0550	0.0950	0.0950	6.06375439e+08
0.0550	0.0950	0.1050	1.09427669e+09
0.0550	0.0950	0.1150	9.10408121e+08
0.0550	0.0950	0.1250	9.31369576e+08
0.0550	0.0950	0.1350	1.11509266e+09
0.0550	0.0950	0.1450	1.30495015e+09
0.0550	0.1050	0.1050	6.56968029e+08
0.0550	0.1050	0.1150	7.14211820e+08
0.0550	0.1050	0.1250	8.56574449e+08
0.0550	0.1050	0.1350	1.12891145e+09
0.0550	0.1050	0.1450	7.84486199e+08
0.0550	0.1150	0.1150	9.61077822e+08
0.0550	0.1150	0.1250	7.87283131e+08
0.0550	0.1150	0.1350	6.06630626e+08
0.0550	0.1150	0.1450	7.87295282e+08
0.0550	0.1250	0.1250	9.53602559e+08
0.0550	0.1250	0.1350	7.55448180e+08
0.0550	0.1250	0.1450	7.46786995e+08
0.0550	0.1350	0.1350	7.92794786e+08
0.0550	0.1350	0.1450	5.62590733e+08
0.0550	0.1450	0.1450	6.00520872e+08
0.0650	0.0650	0.0650	1.26061218e+09
0.0650	0.0650	0.0750	1.15199464e+09
0.0650	0.0650	0.0850	9.33389326e+08
0.0650	0.0650	0.0950	1.02677528e+09
0.0650	0.0650	0.1050	1.01187234e+09
0.0650	0.0650	0.1150	1.64699092e+09
0.0650	0.0650	0.1250	1.86539855e+09
0.0650	0.0650	0.1350	2.09666151e+09
0.0650	0.0750	0.0750	1.33889573e+09
0.0650	0.0750	0.0850	1.25099212e+09
0.0650	0.0750	0.0950	1.29458785e+09
0.0650	0.0750	0.1050	1.03617263e+09
0.0650	0.0750	0.1150	1.41340793e+09
0.0650	0.0750	0.1250	1.19453239e+09
0.0650	0.0750	0.1350	1.53788568e+09
0.0650	0.0750	0.1450	1.24920204e+09
0.0650	0.0850	0.0850	1.17504903e+09
0.0650	0.0850	0.0950	9.11423532e+08
0.0650	0.0850	0.1050	1.00392374e+09
0.0650	0.0850	0.1150	1.23031607e+09
0.0650	0.0850	0.1250	8.83866735e+08
0.0650	0.0850	0.1350	1.10268770e+09
0.0650	0.0850	0.1450	1.17507466e+09
0.0650	0.0950	0.0950	1.21981030e+09
0.0650	0.0950	0.1050	7.52575157e+08
0.0650	0.0950	0.1150	6.53278074e+08
0.0650	0.0950	0.1250	8.46657074e+08
0.0650	0.0950	0.1350	8.69837695e+08
0.0650	0.0950	0.1450	1.15729398e+09
0.0650	0.1050	0.1050	7.50315977e+08
0.0650	0.1050	0.1150	9.11748017e+08
0.0650	0.1050	0.1250	6.15860719e+08
0.0650	0.1050	0.1350	6.66317358e+08
0.0650	0.1050	0.1450	6.78494708e+08
0.0650	0.1150	0.1150	6.03573729e+08
0.0650	0.1150	0.1250	6.95827243e+08
0.0650	0.1150	0.1350	7.60499244e+08
0.0650	0.1150	0.1450	5.49345745e+08
0.0650	0.1250	0.1250	8.18280154e+08
0.0650	0.1250	0.1350	5.09071541e+08
0.0650	0.1250	0.1450	8.07481617e+08
0.0650	0.1350	0.1350	6.56652156e+08
0.0650	0.1350	0.1450	5.92015983e+08
0.0650	0.1450	0.1450	4.71925319e+08
0.0750	0.0750	0.0750	1.38799997e+09
0.0750	0.0750	0.0850	5.54341908e+08
0.0750	0.0750	0.0950	1.07074933e+09
0.0750	0.0750	0.1050	1.34179624e+09
0.0750	0.0750	0.1150	9.82731123e+08
0.0750	0.0750	0.1250	1.20434263e+09
0.0750	0.0750	0.1350	1.12956978e+09
0.0750	0.0750	0.1450	1.54417326e+09
0.0750	0.0850	0.0850	1.19787758e+09
0.0750	0.0850	0.0950	8.89191649e+08
0.0750	0.0850	0.1050	7.39546379e+08
0.0750	0.0850	0.1150	7.05885374e+08
0.0750	0.0850	0.1250	9.30596924e+08
0.0750	0.0850	0.1350	7.40260993e+08
0.0750	0.0850	0.1450	1.23767549e+09
0.0750	0.0950	0.0950	8.03386493e+08
0.0750	0.0950	0.1050	6.25671624e+08
0.0750	0.0950	0.1150	7.66192247e+08
0.0750	0.0950	0.1250	1.01456490e+09
0.0750	0.0950	0.1350	6.28044021e+08
0.0750	0.0950	0.1450	7.19831774e+08
0.0750	0.1050	0.1050	6.41443694e+08
0.0750	0.1050	0.1150	7.49902123e+08
0.0750	0.1050	0.1250	6.52565890e+08
0.0750	0.1050	0.1350	5.98089293e+08
0.0750	0.1050	0.1450	6.98861031e+08
0.0750	0.1150	0.1150	7.07393860e+08
0.0750	0.1150	0.1250	6.15625079e+08
0.0750	0.1150	0.1350	5.91719201e+08
0.0750	0.1150	0.1450	5.42269329e+08
0.0750	0.1250	0.1250	3.38710520e+08
0.0750	0.1250	0.1350	5.66004139e+08
0.0750	0.1250	0.1450	5.67736583e+08
0.0750	0.1350	0.1350	6.20826585e+08
0.0750	0.1350	0.1450	5.37086905e+08
0.0750	0.1450	0.1450	4.90427638e+08
0.0850	0.0850	0.0850	6.07772924e+08
0.0850	0.0850	0.0950	8.46541772e+08
0.0850	0.0850	0.1050	7.22278074e+08
0.0850	0.0850	0.1150	6.29718078e+08
0.0850	0.0850	0.1250	5.88184059e+08
0.0850	0.0850	0.1350	6.19072100e+08
0.0850	0.0850	0.1450	4.42590617e+08
0.0850	0.0950	0.0950	8.29270359e+08
0.0850	0.0950	0.1050	5.69589695e+08
0.0850	0.0950	0.1150	7.98063737e+08
0.0850	0.0950	0.1250	5.76904990e+08
0.0850	0.0950	0.1350	6.01978163e+08
0.0850	0.0950	0.1450	6.29462099e+08
0.0850	0.1050	0.1050	7.35086188e+08
0.0850	0.1050	0.1150	7.02104788e+08
0.0850	0.1050	0.1250	5.57005915e+08
0.0850	0.1050	0.1350	4.50427640e+08
0.0850	0.1050	0.1450	6.26169678e+08
0.0850	0.1150	0.1150	7.58756842e+08
0.0850	0.1150	0.1250	5.65016686e+08
0.0850	0.1150	0.1350	5.77300728e+08
0.0850	0.1150	0.1450	4.65045306e+08
0.0850	0.1250	0.1250	5.28460479e+08
0.0850	0.1250	0.1350	4.54683580e+08
0.0850	0.1250	0.1450	4.39733521e+08
0.0850	0.1350	0.1350	4.41945864e+08
0.0850	0.1350	0.1450	5.31433524e+08
0.0850	0.1450	0.1450	5.24321371e+08
0.0950	0.0950	0.0950	7.78538722e+08
0.0950	0.0950	0.1050	8.32190084e+08
0.0950	0.0950	0.1150	3.49912390e+08
0.0950	0.0950	0.1250	5.40371462e+08
0.0950	0.0950	0.1350	6.85080957e+08
0.0950	0.0950	0.1450	4.11034123e+08
0.0950	0.1050	0.1050	2.55789104e+08
0.0950	0.1050	0.1150	6.07072835e+08
0.0950	0.1050	0.1250	5.52809823e+08
0.0950	0.1050	0.1350	4.50951499e+08
0.0950	0.1050	0.1450	5.98661758e+08
0.0950	0.1150	0.1150	6.02113253e+08
0.0950	0.1150	0.1250	4.81151953e+08
0.0950	0.1150	0.1350	3.80577627e+08
0.0950	0.1150	0.1450	4.69839972e+08
0.0950	0.1250	0.1250	4.77741280e+08
0.0950	0.1250	0.1350	5.32079636e+08
0.0950	0.1250	0.1450	4.84718466e+08
0.0950	0.1350	0.1350	3.63275801e+08
0.0950	0.1350	0.1450	5.67485734e+08
0.0950	0.1450	0.1450	4.10751866e+08
0.1050	0.1050	0.1050	6.59998738e+08
0.1050	0.1050	0.1150	5.74761699e+08
0.1050	0.1050	0.1250	3.94432809e+08
0.1050	0.1050	0.1350	4.77415636e+08
0.1050	0.1050	0.1450	3.73536940e+08
0.1050	0.1150	0.1150	4.76108776e+08
0.1050	0.1150	0.1250	4.02452743e+08
0.1050	0.1150	0.1350	4.91816084e+08
0.1050	0.1150	0.1450	4.06274163e+08
0.1050	0.1250	0.1250	3.49135904e+08
0.1050	0.1250	0.1350	4.06370612e+08
0.1050	0.1250	0.1450	4.47886574e+08
0.1050	0.1350	0.1350	3.33505236e+08
0.1050	0.1350	0.1450	3.70377818e+08
0.1050	0.1450	0.1450	3.67269213e+08
0.1150	0.1150	0.1150	3.94758771e+08
0.1150	0.1150	0.1250	4.78189893e+08
0.1150	0.1150	0.1350	4.46393320e+08
0.1150	0.1150	0.1450	4.23040050e+08
0.1150	0.1250	0.1250	3.94543022e+08
0.1150	0.1250	0.1350	4.34066454e+08
0.1150	0.1250	0.1450	3.49045512e+08
0.1150	0.1350	0.1350	3.86350840e+08
0.1150	0.1350	0.1450	3.87307639e+08
0.1150	0.1450	0.1450	3.61110636e+08
0.1250	0.1250	0.1250	3.66501572e+08
0.1250	0.1250	0.1350	4.02770934e+08
0.1250	0.1250	0.1450	4.29085558e+08
0.1250	0.1350	0.1350	4.43440552e+08
0.1250	0.1350	0.1450	2.92898982e+08
0.1250	0.1450	0.1450	3.12279120e+08
0.1350	0.1350	0.1350	3.16206700e+08
0.1350	0.1350	0.1450	3.30483416e+08
0.1350	0.1450	0.1450	3.20004480e+08
0.1450	0.1450	0.1450	2.36863207e+08
