####### Bispectrum of Patchy Simulation 377 #############
# Patch: sgc
# z-type: z3
# Weights: fkp
# Fiducial Omega_m: 0.310
# Fiducial h: 0.676
# Boxsize: [1000.0, 2600.0, 1500.0]
# Grid: [95, 250, 140]
# k-binning: [0.000, 0.160, 0.010]
# Monte Carlo Simulations: 100
#
# Format: k1 | k2 | k3 | B(k1,k2,k3)
############################################
0.0150	0.0150	0.0150	8.93658632e+10
0.0150	0.0150	0.0250	1.24123924e+10
0.0150	0.0150	0.0350	3.17733693e+10
0.0150	0.0250	0.0250	9.94140264e+09
0.0150	0.0250	0.0350	-1.23221527e+09
0.0150	0.0250	0.0450	1.68625897e+10
0.0150	0.0350	0.0350	9.75472635e+09
0.0150	0.0350	0.0450	8.31076263e+09
0.0150	0.0350	0.0550	2.80836435e+10
0.0150	0.0450	0.0450	1.27791379e+10
0.0150	0.0450	0.0550	-3.65728993e+09
0.0150	0.0450	0.0650	1.68173509e+10
0.0150	0.0550	0.0550	7.71128242e+09
0.0150	0.0550	0.0650	4.82346624e+09
0.0150	0.0550	0.0750	2.63645079e+09
0.0150	0.0650	0.0650	3.72947767e+09
0.0150	0.0650	0.0750	1.80000539e+09
0.0150	0.0650	0.0850	8.95143217e+09
0.0150	0.0750	0.0750	5.24697594e+08
0.0150	0.0750	0.0850	4.11085889e+09
0.0150	0.0750	0.0950	5.45435978e+09
0.0150	0.0850	0.0850	2.61780487e+09
0.0150	0.0850	0.0950	1.99189234e+09
0.0150	0.0850	0.1050	4.44423377e+09
0.0150	0.0950	0.0950	-5.47474332e+08
0.0150	0.0950	0.1050	2.69048498e+09
0.0150	0.0950	0.1150	4.26381471e+09
0.0150	0.1050	0.1050	8.99641178e+08
0.0150	0.1050	0.1150	1.41844040e+09
0.0150	0.1050	0.1250	2.85069607e+09
0.0150	0.1150	0.1150	1.70918742e+09
0.0150	0.1150	0.1250	1.34267955e+09
0.0150	0.1150	0.1350	4.66688183e+09
0.0150	0.1250	0.1250	1.25695259e+09
0.0150	0.1250	0.1350	2.08745503e+09
0.0150	0.1250	0.1450	3.78171859e+09
0.0150	0.1350	0.1350	8.96625439e+08
0.0150	0.1350	0.1450	1.14782661e+09
0.0150	0.1450	0.1450	6.88567188e+08
0.0250	0.0250	0.0250	1.13031614e+08
0.0250	0.0250	0.0350	8.98221888e+09
0.0250	0.0250	0.0450	-2.41632014e+09
0.0250	0.0250	0.0550	1.67373471e+10
0.0250	0.0350	0.0350	7.01153320e+09
0.0250	0.0350	0.0450	2.55131117e+09
0.0250	0.0350	0.0550	2.48555320e+09
0.0250	0.0350	0.0650	7.81732412e+09
0.0250	0.0450	0.0450	-2.99630617e+08
0.0250	0.0450	0.0550	6.86806485e+09
0.0250	0.0450	0.0650	1.82153036e+09
0.0250	0.0450	0.0750	3.51712530e+09
0.0250	0.0550	0.0550	6.76217456e+09
0.0250	0.0550	0.0650	1.37556837e+09
0.0250	0.0550	0.0750	3.47897934e+09
0.0250	0.0550	0.0850	8.09109432e+09
0.0250	0.0650	0.0650	2.53854599e+09
0.0250	0.0650	0.0750	2.76195650e+09
0.0250	0.0650	0.0850	1.49505026e+09
0.0250	0.0650	0.0950	4.29008004e+09
0.0250	0.0750	0.0750	7.34390658e+08
0.0250	0.0750	0.0850	2.24330134e+09
0.0250	0.0750	0.0950	4.12549598e+09
0.0250	0.0750	0.1050	4.59130906e+09
0.0250	0.0850	0.0850	8.90310289e+08
0.0250	0.0850	0.0950	2.19655352e+09
0.0250	0.0850	0.1050	2.71621378e+09
0.0250	0.0850	0.1150	2.21549690e+09
0.0250	0.0950	0.0950	2.13741934e+09
0.0250	0.0950	0.1050	2.36112798e+09
0.0250	0.0950	0.1150	1.55710223e+09
0.0250	0.0950	0.1250	2.11393040e+09
0.0250	0.1050	0.1050	3.62586905e+08
0.0250	0.1050	0.1150	2.16206696e+09
0.0250	0.1050	0.1250	1.40625554e+09
0.0250	0.1050	0.1350	1.69148074e+09
0.0250	0.1150	0.1150	1.76337866e+09
0.0250	0.1150	0.1250	1.91301268e+09
0.0250	0.1150	0.1350	1.68437693e+09
0.0250	0.1150	0.1450	1.72100905e+09
0.0250	0.1250	0.1250	2.15504914e+09
0.0250	0.1250	0.1350	8.92998814e+08
0.0250	0.1250	0.1450	7.58165940e+08
0.0250	0.1350	0.1350	1.13731738e+09
0.0250	0.1350	0.1450	1.24077623e+09
0.0250	0.1450	0.1450	1.46454734e+09
0.0350	0.0350	0.0350	-3.52348049e+09
0.0350	0.0350	0.0450	2.74377909e+09
0.0350	0.0350	0.0550	3.73782933e+09
0.0350	0.0350	0.0650	1.23232670e+08
0.0350	0.0350	0.0750	1.00165046e+10
0.0350	0.0450	0.0450	2.00247973e+08
0.0350	0.0450	0.0550	4.04917967e+09
0.0350	0.0450	0.0650	1.46732806e+09
0.0350	0.0450	0.0750	4.47062688e+09
0.0350	0.0450	0.0850	2.10698839e+09
0.0350	0.0550	0.0550	3.03856306e+09
0.0350	0.0550	0.0650	4.87554678e+09
0.0350	0.0550	0.0750	2.29395754e+09
0.0350	0.0550	0.0850	1.71597140e+09
0.0350	0.0550	0.0950	7.61137055e+09
0.0350	0.0650	0.0650	3.58211033e+09
0.0350	0.0650	0.0750	1.58212545e+09
0.0350	0.0650	0.0850	2.42615178e+09
0.0350	0.0650	0.0950	1.47378779e+09
0.0350	0.0650	0.1050	2.86950755e+09
0.0350	0.0750	0.0750	2.20870096e+09
0.0350	0.0750	0.0850	1.51094561e+09
0.0350	0.0750	0.0950	1.93480181e+09
0.0350	0.0750	0.1050	1.93556995e+09
0.0350	0.0750	0.1150	7.55411428e+09
0.0350	0.0850	0.0850	2.57418618e+09
0.0350	0.0850	0.0950	2.17680981e+09
0.0350	0.0850	0.1050	2.20137927e+09
0.0350	0.0850	0.1150	1.56761078e+09
0.0350	0.0850	0.1250	2.10238181e+09
0.0350	0.0950	0.0950	6.48361093e+07
0.0350	0.0950	0.1050	1.17319458e+09
0.0350	0.0950	0.1150	2.19458971e+09
0.0350	0.0950	0.1250	1.32208167e+09
0.0350	0.0950	0.1350	3.15939733e+09
0.0350	0.1050	0.1050	1.58986287e+09
0.0350	0.1050	0.1150	5.46381998e+08
0.0350	0.1050	0.1250	1.16163311e+09
0.0350	0.1050	0.1350	1.68589835e+09
0.0350	0.1050	0.1450	2.61252520e+09
0.0350	0.1150	0.1150	1.13892394e+09
0.0350	0.1150	0.1250	9.59906600e+08
0.0350	0.1150	0.1350	1.30926464e+09
0.0350	0.1150	0.1450	1.63388675e+09
0.0350	0.1250	0.1250	7.31439493e+08
0.0350	0.1250	0.1350	8.74277086e+08
0.0350	0.1250	0.1450	1.28071368e+09
0.0350	0.1350	0.1350	8.22250548e+08
0.0350	0.1350	0.1450	9.38944318e+08
0.0350	0.1450	0.1450	7.63188333e+08
0.0450	0.0450	0.0450	2.21329625e+09
0.0450	0.0450	0.0550	1.19349201e+09
0.0450	0.0450	0.0650	2.14350693e+09
0.0450	0.0450	0.0750	1.55176614e+09
0.0450	0.0450	0.0850	2.63118337e+09
0.0450	0.0450	0.0950	2.26679760e+09
0.0450	0.0550	0.0550	2.80057056e+09
0.0450	0.0550	0.0650	1.35694735e+09
0.0450	0.0550	0.0750	1.98585208e+09
0.0450	0.0550	0.0850	1.94450730e+09
0.0450	0.0550	0.0950	2.54894777e+09
0.0450	0.0550	0.1050	1.19684824e+09
0.0450	0.0650	0.0650	2.68164994e+09
0.0450	0.0650	0.0750	4.12576101e+08
0.0450	0.0650	0.0850	2.31724535e+09
0.0450	0.0650	0.0950	2.74896691e+09
0.0450	0.0650	0.1050	2.73338868e+09
0.0450	0.0650	0.1150	2.38572326e+09
0.0450	0.0750	0.0750	2.74727754e+09
0.0450	0.0750	0.0850	1.74314121e+09
0.0450	0.0750	0.0950	1.30285318e+09
0.0450	0.0750	0.1050	1.92781494e+09
0.0450	0.0750	0.1150	1.86767085e+09
0.0450	0.0750	0.1250	2.82385853e+09
0.0450	0.0850	0.0850	1.42924614e+09
0.0450	0.0850	0.0950	1.56308977e+09
0.0450	0.0850	0.1050	1.17771205e+09
0.0450	0.0850	0.1150	9.67666750e+08
0.0450	0.0850	0.1250	2.14511075e+09
0.0450	0.0850	0.1350	1.56180539e+09
0.0450	0.0950	0.0950	1.60211789e+09
0.0450	0.0950	0.1050	1.64553095e+09
0.0450	0.0950	0.1150	1.68712537e+09
0.0450	0.0950	0.1250	1.24033075e+09
0.0450	0.0950	0.1350	1.86525505e+09
0.0450	0.0950	0.1450	1.22184442e+09
0.0450	0.1050	0.1050	5.76306126e+08
0.0450	0.1050	0.1150	1.78807610e+09
0.0450	0.1050	0.1250	1.04388712e+09
0.0450	0.1050	0.1350	1.10530541e+09
0.0450	0.1050	0.1450	1.57022004e+09
0.0450	0.1150	0.1150	8.63875016e+08
0.0450	0.1150	0.1250	9.12518312e+08
0.0450	0.1150	0.1350	1.14672299e+09
0.0450	0.1150	0.1450	1.21185752e+09
0.0450	0.1250	0.1250	1.22666968e+09
0.0450	0.1250	0.1350	8.72014443e+08
0.0450	0.1250	0.1450	8.45299009e+08
0.0450	0.1350	0.1350	8.79939323e+08
0.0450	0.1350	0.1450	6.01133098e+08
0.0450	0.1450	0.1450	9.27208490e+08
0.0550	0.0550	0.0550	8.58075406e+08
0.0550	0.0550	0.0650	1.49780279e+09
0.0550	0.0550	0.0750	2.31868193e+09
0.0550	0.0550	0.0850	6.84273782e+08
0.0550	0.0550	0.0950	1.20468891e+09
0.0550	0.0550	0.1050	2.17931882e+09
0.0550	0.0550	0.1150	4.63265620e+09
0.0550	0.0650	0.0650	3.45954511e+08
0.0550	0.0650	0.0750	1.52340902e+09
0.0550	0.0650	0.0850	1.21965425e+09
0.0550	0.0650	0.0950	1.71249407e+09
0.0550	0.0650	0.1050	1.67685917e+09
0.0550	0.0650	0.1150	2.16036429e+09
0.0550	0.0650	0.1250	1.08707715e+09
0.0550	0.0750	0.0750	1.63888899e+09
0.0550	0.0750	0.0850	1.35461497e+09
0.0550	0.0750	0.0950	1.53139343e+09
0.0550	0.0750	0.1050	1.30079474e+09
0.0550	0.0750	0.1150	2.46329051e+09
0.0550	0.0750	0.1250	7.33165578e+08
0.0550	0.0750	0.1350	3.05134499e+09
0.0550	0.0850	0.0850	1.06594643e+09
0.0550	0.0850	0.0950	1.17716002e+09
0.0550	0.0850	0.1050	8.64076320e+08
0.0550	0.0850	0.1150	1.24308989e+09
0.0550	0.0850	0.1250	1.32155697e+09
0.0550	0.0850	0.1350	1.18936287e+09
0.0550	0.0850	0.1450	1.48587848e+09
0.0550	0.0950	0.0950	1.15274648e+09
0.0550	0.0950	0.1050	3.94556016e+08
0.0550	0.0950	0.1150	1.06664373e+09
0.0550	0.0950	0.1250	7.55631326e+08
0.0550	0.0950	0.1350	1.13570311e+09
0.0550	0.0950	0.1450	1.08577813e+09
0.0550	0.1050	0.1050	1.27190738e+09
0.0550	0.1050	0.1150	1.31608098e+09
0.0550	0.1050	0.1250	3.42007639e+08
0.0550	0.1050	0.1350	9.84365078e+08
0.0550	0.1050	0.1450	7.07933670e+08
0.0550	0.1150	0.1150	6.98365302e+08
0.0550	0.1150	0.1250	8.66656330e+08
0.0550	0.1150	0.1350	6.87210912e+08
0.0550	0.1150	0.1450	9.30367618e+08
0.0550	0.1250	0.1250	1.62517760e+08
0.0550	0.1250	0.1350	8.30822105e+08
0.0550	0.1250	0.1450	6.98589486e+08
0.0550	0.1350	0.1350	8.08450371e+08
0.0550	0.1350	0.1450	5.66502350e+08
0.0550	0.1450	0.1450	4.52315844e+08
0.0650	0.0650	0.0650	1.64948549e+09
0.0650	0.0650	0.0750	1.96527276e+09
0.0650	0.0650	0.0850	1.05165304e+09
0.0650	0.0650	0.0950	1.21839805e+09
0.0650	0.0650	0.1050	2.19713670e+09
0.0650	0.0650	0.1150	1.17285139e+09
0.0650	0.0650	0.1250	2.33633982e+09
0.0650	0.0650	0.1350	8.05587627e+08
0.0650	0.0750	0.0750	-2.10968680e+08
0.0650	0.0750	0.0850	1.30107023e+09
0.0650	0.0750	0.0950	7.89602714e+08
0.0650	0.0750	0.1050	8.00031894e+08
0.0650	0.0750	0.1150	1.48641096e+09
0.0650	0.0750	0.1250	1.34978739e+09
0.0650	0.0750	0.1350	1.30164260e+09
0.0650	0.0750	0.1450	1.76268170e+09
0.0650	0.0850	0.0850	7.65267118e+08
0.0650	0.0850	0.0950	1.03105173e+09
0.0650	0.0850	0.1050	1.03319484e+09
0.0650	0.0850	0.1150	6.30316410e+08
0.0650	0.0850	0.1250	1.03776834e+09
0.0650	0.0850	0.1350	5.79426222e+08
0.0650	0.0850	0.1450	1.27224132e+09
0.0650	0.0950	0.0950	8.06545762e+08
0.0650	0.0950	0.1050	1.42976189e+09
0.0650	0.0950	0.1150	1.16635153e+09
0.0650	0.0950	0.1250	8.63626741e+08
0.0650	0.0950	0.1350	9.86983815e+08
0.0650	0.0950	0.1450	1.15522822e+09
0.0650	0.1050	0.1050	8.72857188e+08
0.0650	0.1050	0.1150	6.56415138e+08
0.0650	0.1050	0.1250	7.05924471e+08
0.0650	0.1050	0.1350	9.61153993e+08
0.0650	0.1050	0.1450	8.71320063e+08
0.0650	0.1150	0.1150	9.02568295e+08
0.0650	0.1150	0.1250	3.75389639e+08
0.0650	0.1150	0.1350	7.63712657e+08
0.0650	0.1150	0.1450	9.00017677e+08
0.0650	0.1250	0.1250	7.75500002e+08
0.0650	0.1250	0.1350	5.47188961e+08
0.0650	0.1250	0.1450	5.97032770e+08
0.0650	0.1350	0.1350	4.82302845e+08
0.0650	0.1350	0.1450	5.64588018e+08
0.0650	0.1450	0.1450	9.27990899e+08
0.0750	0.0750	0.0750	1.32265117e+09
0.0750	0.0750	0.0850	6.67040662e+08
0.0750	0.0750	0.0950	1.25263026e+09
0.0750	0.0750	0.1050	5.63524374e+08
0.0750	0.0750	0.1150	1.05889487e+09
0.0750	0.0750	0.1250	1.03312904e+09
0.0750	0.0750	0.1350	1.38836887e+09
0.0750	0.0750	0.1450	1.24281930e+09
0.0750	0.0850	0.0850	7.40517008e+08
0.0750	0.0850	0.0950	1.09029836e+09
0.0750	0.0850	0.1050	7.65272872e+08
0.0750	0.0850	0.1150	9.13460753e+08
0.0750	0.0850	0.1250	6.32666874e+08
0.0750	0.0850	0.1350	1.04769182e+09
0.0750	0.0850	0.1450	1.05213266e+09
0.0750	0.0950	0.0950	1.06138640e+09
0.0750	0.0950	0.1050	4.17964374e+08
0.0750	0.0950	0.1150	6.52262869e+08
0.0750	0.0950	0.1250	7.86188311e+08
0.0750	0.0950	0.1350	5.74281925e+08
0.0750	0.0950	0.1450	1.06468119e+09
0.0750	0.1050	0.1050	9.72732167e+08
0.0750	0.1050	0.1150	9.44389363e+08
0.0750	0.1050	0.1250	5.00534070e+08
0.0750	0.1050	0.1350	8.60694539e+08
0.0750	0.1050	0.1450	7.09510256e+08
0.0750	0.1150	0.1150	9.14625036e+08
0.0750	0.1150	0.1250	6.05530358e+08
0.0750	0.1150	0.1350	6.51420694e+08
0.0750	0.1150	0.1450	3.80178338e+08
0.0750	0.1250	0.1250	3.59153743e+08
0.0750	0.1250	0.1350	5.69378765e+08
0.0750	0.1250	0.1450	5.59934961e+08
0.0750	0.1350	0.1350	3.13705776e+08
0.0750	0.1350	0.1450	5.22263424e+08
0.0750	0.1450	0.1450	5.07282066e+08
0.0850	0.0850	0.0850	6.35804246e+08
0.0850	0.0850	0.0950	-1.84916278e+08
0.0850	0.0850	0.1050	6.95912968e+08
0.0850	0.0850	0.1150	8.09894646e+08
0.0850	0.0850	0.1250	8.02141988e+08
0.0850	0.0850	0.1350	3.78425570e+08
0.0850	0.0850	0.1450	8.70591363e+08
0.0850	0.0950	0.0950	6.13032126e+08
0.0850	0.0950	0.1050	7.06118409e+08
0.0850	0.0950	0.1150	7.68979589e+08
0.0850	0.0950	0.1250	6.01409644e+08
0.0850	0.0950	0.1350	4.76961163e+08
0.0850	0.0950	0.1450	7.92761679e+08
0.0850	0.1050	0.1050	-5.72231242e+07
0.0850	0.1050	0.1150	8.02481239e+08
0.0850	0.1050	0.1250	5.42958227e+08
0.0850	0.1050	0.1350	5.46064779e+08
0.0850	0.1050	0.1450	4.70640647e+08
0.0850	0.1150	0.1150	2.82743530e+08
0.0850	0.1150	0.1250	6.99548906e+08
0.0850	0.1150	0.1350	7.16837239e+08
0.0850	0.1150	0.1450	6.20591949e+08
0.0850	0.1250	0.1250	4.66217497e+08
0.0850	0.1250	0.1350	3.44500467e+08
0.0850	0.1250	0.1450	4.36485096e+08
0.0850	0.1350	0.1350	2.44841631e+08
0.0850	0.1350	0.1450	4.17222848e+08
0.0850	0.1450	0.1450	2.33158912e+08
0.0950	0.0950	0.0950	5.34053025e+08
0.0950	0.0950	0.1050	7.58983621e+08
0.0950	0.0950	0.1150	7.41029561e+08
0.0950	0.0950	0.1250	3.00886559e+08
0.0950	0.0950	0.1350	5.32660335e+08
0.0950	0.0950	0.1450	6.36586992e+08
0.0950	0.1050	0.1050	6.49523609e+08
0.0950	0.1050	0.1150	6.27219864e+08
0.0950	0.1050	0.1250	5.41665208e+08
0.0950	0.1050	0.1350	5.13468444e+08
0.0950	0.1050	0.1450	7.51263149e+08
0.0950	0.1150	0.1150	4.96531546e+08
0.0950	0.1150	0.1250	6.90509296e+08
0.0950	0.1150	0.1350	4.39739059e+08
0.0950	0.1150	0.1450	3.15937454e+08
0.0950	0.1250	0.1250	4.72376134e+08
0.0950	0.1250	0.1350	6.66537125e+08
0.0950	0.1250	0.1450	3.73622481e+08
0.0950	0.1350	0.1350	4.33629013e+08
0.0950	0.1350	0.1450	4.91245713e+08
0.0950	0.1450	0.1450	5.33220581e+08
0.1050	0.1050	0.1050	7.03714495e+08
0.1050	0.1050	0.1150	5.72306165e+08
0.1050	0.1050	0.1250	5.90310068e+08
0.1050	0.1050	0.1350	3.19880870e+08
0.1050	0.1050	0.1450	5.96107296e+08
0.1050	0.1150	0.1150	5.71792101e+08
0.1050	0.1150	0.1250	4.87884797e+08
0.1050	0.1150	0.1350	6.06062241e+08
0.1050	0.1150	0.1450	4.85034437e+08
0.1050	0.1250	0.1250	2.85651724e+08
0.1050	0.1250	0.1350	2.79024989e+08
0.1050	0.1250	0.1450	4.54121930e+08
0.1050	0.1350	0.1350	6.96216132e+08
0.1050	0.1350	0.1450	3.67049785e+08
0.1050	0.1450	0.1450	4.61319853e+08
0.1150	0.1150	0.1150	6.53180446e+08
0.1150	0.1150	0.1250	3.06294672e+08
0.1150	0.1150	0.1350	3.08662996e+08
0.1150	0.1150	0.1450	5.50374514e+08
0.1150	0.1250	0.1250	6.57633183e+08
0.1150	0.1250	0.1350	3.64916403e+08
0.1150	0.1250	0.1450	2.84607295e+08
0.1150	0.1350	0.1350	3.94388404e+08
0.1150	0.1350	0.1450	3.19637676e+08
0.1150	0.1450	0.1450	2.11149647e+08
0.1250	0.1250	0.1250	5.66503290e+06
0.1250	0.1250	0.1350	2.67402947e+08
0.1250	0.1250	0.1450	6.42943650e+08
0.1250	0.1350	0.1350	5.54389275e+08
0.1250	0.1350	0.1450	3.14629009e+08
0.1250	0.1450	0.1450	3.64906811e+08
0.1350	0.1350	0.1350	3.96643693e+08
0.1350	0.1350	0.1450	3.60900976e+08
0.1350	0.1450	0.1450	2.23312013e+08
0.1450	0.1450	0.1450	4.43621645e+08
