####### Bispectrum of Patchy Simulation 282 #############
# Patch: ngc
# z-type: z3
# Weights: fkp
# Fiducial Omega_m: 0.310
# Fiducial h: 0.676
# Boxsize: [1800.0, 3400.0, 1900.0]
# Grid: [170, 325, 180]
# k-binning: [0.000, 0.160, 0.010]
# Monte Carlo Simulations: 100
#
# Format: k1 | k2 | k3 | B(k1,k2,k3)
############################################
0.0150	0.0150	0.0150	4.25603175e+10
0.0150	0.0150	0.0250	1.27964528e+10
0.0150	0.0150	0.0350	2.07203359e+09
0.0150	0.0250	0.0250	9.49727583e+09
0.0150	0.0250	0.0350	8.28411191e+09
0.0150	0.0250	0.0450	3.93623563e+09
0.0150	0.0350	0.0350	4.63442198e+09
0.0150	0.0350	0.0450	9.07530256e+09
0.0150	0.0350	0.0550	4.41328739e+06
0.0150	0.0450	0.0450	3.16777820e+08
0.0150	0.0450	0.0550	6.70877464e+09
0.0150	0.0450	0.0650	4.00948959e+09
0.0150	0.0550	0.0550	2.01052461e+09
0.0150	0.0550	0.0650	3.35554368e+09
0.0150	0.0550	0.0750	4.98251087e+09
0.0150	0.0650	0.0650	2.31479620e+09
0.0150	0.0650	0.0750	3.39788274e+09
0.0150	0.0650	0.0850	2.60757338e+09
0.0150	0.0750	0.0750	3.26184635e+09
0.0150	0.0750	0.0850	3.12867143e+09
0.0150	0.0750	0.0950	3.74438324e+09
0.0150	0.0850	0.0850	2.13503856e+09
0.0150	0.0850	0.0950	2.27898228e+09
0.0150	0.0850	0.1050	9.37523187e+08
0.0150	0.0950	0.0950	2.16354152e+09
0.0150	0.0950	0.1050	2.08029972e+09
0.0150	0.0950	0.1150	2.70782723e+09
0.0150	0.1050	0.1050	1.59145362e+09
0.0150	0.1050	0.1150	2.06432372e+09
0.0150	0.1050	0.1250	1.76543548e+09
0.0150	0.1150	0.1150	1.46541901e+09
0.0150	0.1150	0.1250	1.50963709e+09
0.0150	0.1150	0.1350	2.41606300e+09
0.0150	0.1250	0.1250	1.94919958e+09
0.0150	0.1250	0.1350	1.67765543e+09
0.0150	0.1250	0.1450	1.94627314e+09
0.0150	0.1350	0.1350	1.23845584e+09
0.0150	0.1350	0.1450	1.96410323e+09
0.0150	0.1450	0.1450	9.59183215e+08
0.0250	0.0250	0.0250	8.00948215e+08
0.0250	0.0250	0.0350	3.96308820e+09
0.0250	0.0250	0.0450	1.27939774e+09
0.0250	0.0250	0.0550	7.48480386e+09
0.0250	0.0350	0.0350	-8.52409094e+08
0.0250	0.0350	0.0450	5.05301355e+09
0.0250	0.0350	0.0550	3.39846465e+09
0.0250	0.0350	0.0650	1.23568975e+10
0.0250	0.0450	0.0450	5.03546492e+09
0.0250	0.0450	0.0550	3.36502006e+09
0.0250	0.0450	0.0650	2.76043959e+09
0.0250	0.0450	0.0750	8.14666552e+09
0.0250	0.0550	0.0550	8.14583848e+06
0.0250	0.0550	0.0650	2.25062236e+09
0.0250	0.0550	0.0750	3.47540381e+09
0.0250	0.0550	0.0850	2.28193069e+09
0.0250	0.0650	0.0650	3.31983076e+09
0.0250	0.0650	0.0750	2.45685094e+09
0.0250	0.0650	0.0850	2.00504620e+09
0.0250	0.0650	0.0950	4.22188234e+09
0.0250	0.0750	0.0750	2.72139501e+09
0.0250	0.0750	0.0850	1.96334123e+09
0.0250	0.0750	0.0950	3.06885410e+09
0.0250	0.0750	0.1050	3.88257843e+09
0.0250	0.0850	0.0850	1.98335863e+09
0.0250	0.0850	0.0950	1.92624749e+09
0.0250	0.0850	0.1050	1.64881489e+09
0.0250	0.0850	0.1150	2.96459166e+09
0.0250	0.0950	0.0950	1.24487986e+09
0.0250	0.0950	0.1050	2.05535010e+09
0.0250	0.0950	0.1150	2.00366823e+09
0.0250	0.0950	0.1250	3.16899877e+09
0.0250	0.1050	0.1050	1.01064762e+09
0.0250	0.1050	0.1150	1.65509711e+09
0.0250	0.1050	0.1250	1.69452009e+09
0.0250	0.1050	0.1350	1.57896088e+09
0.0250	0.1150	0.1150	1.10352668e+09
0.0250	0.1150	0.1250	1.55685176e+09
0.0250	0.1150	0.1350	1.50080441e+09
0.0250	0.1150	0.1450	1.85962861e+09
0.0250	0.1250	0.1250	1.70693018e+09
0.0250	0.1250	0.1350	1.23998049e+09
0.0250	0.1250	0.1450	1.79584462e+09
0.0250	0.1350	0.1350	1.04355016e+09
0.0250	0.1350	0.1450	7.02846474e+08
0.0250	0.1450	0.1450	9.37746422e+08
0.0350	0.0350	0.0350	8.03866667e+09
0.0350	0.0350	0.0450	4.51375034e+09
0.0350	0.0350	0.0550	3.82539973e+09
0.0350	0.0350	0.0650	1.29052714e+09
0.0350	0.0350	0.0750	6.76614209e+09
0.0350	0.0450	0.0450	1.87708553e+09
0.0350	0.0450	0.0550	1.86859435e+09
0.0350	0.0450	0.0650	2.93991246e+09
0.0350	0.0450	0.0750	3.43846996e+09
0.0350	0.0450	0.0850	3.48726707e+09
0.0350	0.0550	0.0550	1.43877326e+09
0.0350	0.0550	0.0650	1.05491180e+09
0.0350	0.0550	0.0750	2.35655429e+09
0.0350	0.0550	0.0850	3.58067423e+09
0.0350	0.0550	0.0950	2.75427228e+09
0.0350	0.0650	0.0650	2.60881706e+09
0.0350	0.0650	0.0750	1.97590107e+09
0.0350	0.0650	0.0850	1.57319166e+09
0.0350	0.0650	0.0950	2.67663095e+09
0.0350	0.0650	0.1050	3.45586705e+09
0.0350	0.0750	0.0750	1.84010541e+09
0.0350	0.0750	0.0850	1.54186274e+09
0.0350	0.0750	0.0950	1.81102314e+09
0.0350	0.0750	0.1050	2.57206068e+09
0.0350	0.0750	0.1150	2.09660503e+09
0.0350	0.0850	0.0850	1.88606594e+09
0.0350	0.0850	0.0950	1.84825879e+09
0.0350	0.0850	0.1050	1.76115626e+09
0.0350	0.0850	0.1150	2.46476046e+09
0.0350	0.0850	0.1250	2.65542190e+09
0.0350	0.0950	0.0950	1.97903276e+09
0.0350	0.0950	0.1050	9.74411266e+08
0.0350	0.0950	0.1150	1.52578287e+09
0.0350	0.0950	0.1250	1.93744673e+09
0.0350	0.0950	0.1350	2.02803238e+09
0.0350	0.1050	0.1050	1.32437150e+09
0.0350	0.1050	0.1150	8.03363876e+08
0.0350	0.1050	0.1250	1.29581347e+09
0.0350	0.1050	0.1350	1.35676844e+09
0.0350	0.1050	0.1450	2.05605439e+09
0.0350	0.1150	0.1150	1.78272515e+09
0.0350	0.1150	0.1250	1.20333584e+09
0.0350	0.1150	0.1350	1.26971562e+09
0.0350	0.1150	0.1450	1.29820817e+09
0.0350	0.1250	0.1250	1.11299413e+09
0.0350	0.1250	0.1350	8.91376396e+08
0.0350	0.1250	0.1450	1.26100306e+09
0.0350	0.1350	0.1350	9.73114389e+08
0.0350	0.1350	0.1450	9.63332499e+08
0.0350	0.1450	0.1450	1.06294960e+09
0.0450	0.0450	0.0450	-3.68923446e+09
0.0450	0.0450	0.0550	3.82120738e+09
0.0450	0.0450	0.0650	2.22612247e+09
0.0450	0.0450	0.0750	2.13431606e+09
0.0450	0.0450	0.0850	2.17035050e+09
0.0450	0.0450	0.0950	1.27743384e+09
0.0450	0.0550	0.0550	1.54073558e+09
0.0450	0.0550	0.0650	2.18328909e+09
0.0450	0.0550	0.0750	2.47584450e+09
0.0450	0.0550	0.0850	2.25095150e+09
0.0450	0.0550	0.0950	2.64318992e+09
0.0450	0.0550	0.1050	2.40446051e+09
0.0450	0.0650	0.0650	1.87346990e+09
0.0450	0.0650	0.0750	1.40413676e+09
0.0450	0.0650	0.0850	1.51031485e+09
0.0450	0.0650	0.0950	2.12998825e+09
0.0450	0.0650	0.1050	1.69666740e+09
0.0450	0.0650	0.1150	2.12900360e+09
0.0450	0.0750	0.0750	1.60121611e+09
0.0450	0.0750	0.0850	1.02105758e+09
0.0450	0.0750	0.0950	1.90983778e+09
0.0450	0.0750	0.1050	1.60268426e+09
0.0450	0.0750	0.1150	2.12931152e+09
0.0450	0.0750	0.1250	7.65386146e+08
0.0450	0.0850	0.0850	1.81768719e+09
0.0450	0.0850	0.0950	8.83673699e+08
0.0450	0.0850	0.1050	1.06816422e+09
0.0450	0.0850	0.1150	1.34606787e+09
0.0450	0.0850	0.1250	1.92498621e+09
0.0450	0.0850	0.1350	1.63363700e+09
0.0450	0.0950	0.0950	1.14016964e+09
0.0450	0.0950	0.1050	1.02078989e+09
0.0450	0.0950	0.1150	1.22328960e+09
0.0450	0.0950	0.1250	9.97362018e+08
0.0450	0.0950	0.1350	1.35947994e+09
0.0450	0.0950	0.1450	1.44662744e+09
0.0450	0.1050	0.1050	8.58985869e+08
0.0450	0.1050	0.1150	8.72884484e+08
0.0450	0.1050	0.1250	9.60157951e+08
0.0450	0.1050	0.1350	1.18862653e+09
0.0450	0.1050	0.1450	1.16516774e+09
0.0450	0.1150	0.1150	9.11326512e+08
0.0450	0.1150	0.1250	8.69276434e+08
0.0450	0.1150	0.1350	8.78223576e+08
0.0450	0.1150	0.1450	1.04848741e+09
0.0450	0.1250	0.1250	8.97188412e+08
0.0450	0.1250	0.1350	8.32125447e+08
0.0450	0.1250	0.1450	9.17216363e+08
0.0450	0.1350	0.1350	7.17706849e+08
0.0450	0.1350	0.1450	6.62784895e+08
0.0450	0.1450	0.1450	6.98958142e+08
0.0550	0.0550	0.0550	2.44558607e+09
0.0550	0.0550	0.0650	1.86003105e+09
0.0550	0.0550	0.0750	1.70672619e+09
0.0550	0.0550	0.0850	2.19387851e+09
0.0550	0.0550	0.0950	1.53691973e+09
0.0550	0.0550	0.1050	1.87434902e+09
0.0550	0.0550	0.1150	2.52907277e+09
0.0550	0.0650	0.0650	9.44463877e+08
0.0550	0.0650	0.0750	1.59099080e+09
0.0550	0.0650	0.0850	1.62723844e+09
0.0550	0.0650	0.0950	1.44000491e+09
0.0550	0.0650	0.1050	1.59145509e+09
0.0550	0.0650	0.1150	1.69713740e+09
0.0550	0.0650	0.1250	2.18085296e+09
0.0550	0.0750	0.0750	1.14977101e+09
0.0550	0.0750	0.0850	1.19175565e+09
0.0550	0.0750	0.0950	9.16050992e+08
0.0550	0.0750	0.1050	1.26937965e+09
0.0550	0.0750	0.1150	1.62533614e+09
0.0550	0.0750	0.1250	1.73554650e+09
0.0550	0.0750	0.1350	1.05617046e+09
0.0550	0.0850	0.0850	1.28493179e+09
0.0550	0.0850	0.0950	1.37801352e+09
0.0550	0.0850	0.1050	1.19030567e+09
0.0550	0.0850	0.1150	1.19651215e+09
0.0550	0.0850	0.1250	1.31670566e+09
0.0550	0.0850	0.1350	1.51765035e+09
0.0550	0.0850	0.1450	1.35513580e+09
0.0550	0.0950	0.0950	6.39932484e+08
0.0550	0.0950	0.1050	1.16959627e+09
0.0550	0.0950	0.1150	1.00817826e+09
0.0550	0.0950	0.1250	1.06622648e+09
0.0550	0.0950	0.1350	9.75454607e+08
0.0550	0.0950	0.1450	1.36260194e+09
0.0550	0.1050	0.1050	5.68923053e+08
0.0550	0.1050	0.1150	8.50472271e+08
0.0550	0.1050	0.1250	8.40645018e+08
0.0550	0.1050	0.1350	1.12051341e+09
0.0550	0.1050	0.1450	9.38509671e+08
0.0550	0.1150	0.1150	9.28443940e+08
0.0550	0.1150	0.1250	9.48837566e+08
0.0550	0.1150	0.1350	8.97390570e+08
0.0550	0.1150	0.1450	8.57046588e+08
0.0550	0.1250	0.1250	6.60097519e+08
0.0550	0.1250	0.1350	7.78013233e+08
0.0550	0.1250	0.1450	7.48383955e+08
0.0550	0.1350	0.1350	5.82267903e+08
0.0550	0.1350	0.1450	6.34617357e+08
0.0550	0.1450	0.1450	6.44634359e+08
0.0650	0.0650	0.0650	2.75122689e+09
0.0650	0.0650	0.0750	1.16534846e+09
0.0650	0.0650	0.0850	1.13539156e+09
0.0650	0.0650	0.0950	7.63020325e+08
0.0650	0.0650	0.1050	1.48343140e+09
0.0650	0.0650	0.1150	1.33167735e+09
0.0650	0.0650	0.1250	1.36138426e+09
0.0650	0.0650	0.1350	9.10592779e+08
0.0650	0.0750	0.0750	1.39294572e+09
0.0650	0.0750	0.0850	6.69428790e+08
0.0650	0.0750	0.0950	4.96719428e+08
0.0650	0.0750	0.1050	9.23602501e+08
0.0650	0.0750	0.1150	9.51862067e+08
0.0650	0.0750	0.1250	1.38239662e+09
0.0650	0.0750	0.1350	1.43270381e+09
0.0650	0.0750	0.1450	1.03113926e+09
0.0650	0.0850	0.0850	7.83480825e+08
0.0650	0.0850	0.0950	8.59162408e+08
0.0650	0.0850	0.1050	8.41033979e+08
0.0650	0.0850	0.1150	8.45477047e+08
0.0650	0.0850	0.1250	9.24567029e+08
0.0650	0.0850	0.1350	1.07263206e+09
0.0650	0.0850	0.1450	1.26305345e+09
0.0650	0.0950	0.0950	8.01634266e+08
0.0650	0.0950	0.1050	8.23679628e+08
0.0650	0.0950	0.1150	7.82570007e+08
0.0650	0.0950	0.1250	7.66883692e+08
0.0650	0.0950	0.1350	8.45843618e+08
0.0650	0.0950	0.1450	6.99283607e+08
0.0650	0.1050	0.1050	9.57527612e+08
0.0650	0.1050	0.1150	8.77554497e+08
0.0650	0.1050	0.1250	8.13578179e+08
0.0650	0.1050	0.1350	6.46789730e+08
0.0650	0.1050	0.1450	6.97871660e+08
0.0650	0.1150	0.1150	7.20295191e+08
0.0650	0.1150	0.1250	8.52324053e+08
0.0650	0.1150	0.1350	5.82464210e+08
0.0650	0.1150	0.1450	8.50462164e+08
0.0650	0.1250	0.1250	7.91757910e+08
0.0650	0.1250	0.1350	4.58865725e+08
0.0650	0.1250	0.1450	6.41357804e+08
0.0650	0.1350	0.1350	7.07223770e+08
0.0650	0.1350	0.1450	5.45089441e+08
0.0650	0.1450	0.1450	6.13062268e+08
0.0750	0.0750	0.0750	1.94570534e+09
0.0750	0.0750	0.0850	6.61023182e+08
0.0750	0.0750	0.0950	1.01656258e+09
0.0750	0.0750	0.1050	1.05132272e+09
0.0750	0.0750	0.1150	1.32864915e+09
0.0750	0.0750	0.1250	1.21458510e+09
0.0750	0.0750	0.1350	6.76344059e+08
0.0750	0.0750	0.1450	1.26546958e+09
0.0750	0.0850	0.0850	1.58715736e+09
0.0750	0.0850	0.0950	6.89847123e+08
0.0750	0.0850	0.1050	8.24912278e+08
0.0750	0.0850	0.1150	7.53424405e+08
0.0750	0.0850	0.1250	9.81668713e+08
0.0750	0.0850	0.1350	7.67188180e+08
0.0750	0.0850	0.1450	9.30419865e+08
0.0750	0.0950	0.0950	8.45185967e+08
0.0750	0.0950	0.1050	7.12870200e+08
0.0750	0.0950	0.1150	8.58887562e+08
0.0750	0.0950	0.1250	8.18140604e+08
0.0750	0.0950	0.1350	8.65823988e+08
0.0750	0.0950	0.1450	7.69839055e+08
0.0750	0.1050	0.1050	7.86489836e+08
0.0750	0.1050	0.1150	5.92045301e+08
0.0750	0.1050	0.1250	6.05000992e+08
0.0750	0.1050	0.1350	6.73188266e+08
0.0750	0.1050	0.1450	5.85470177e+08
0.0750	0.1150	0.1150	5.62190556e+08
0.0750	0.1150	0.1250	5.61239513e+08
0.0750	0.1150	0.1350	6.97704819e+08
0.0750	0.1150	0.1450	5.54188944e+08
0.0750	0.1250	0.1250	5.72977877e+08
0.0750	0.1250	0.1350	6.07422463e+08
0.0750	0.1250	0.1450	6.40443630e+08
0.0750	0.1350	0.1350	5.42544771e+08
0.0750	0.1350	0.1450	5.36960834e+08
0.0750	0.1450	0.1450	4.33667273e+08
0.0850	0.0850	0.0850	7.42556401e+08
0.0850	0.0850	0.0950	5.91223508e+08
0.0850	0.0850	0.1050	4.78280745e+08
0.0850	0.0850	0.1150	4.81292466e+08
0.0850	0.0850	0.1250	8.14880073e+08
0.0850	0.0850	0.1350	8.39931967e+08
0.0850	0.0850	0.1450	1.01756621e+09
0.0850	0.0950	0.0950	6.32523572e+08
0.0850	0.0950	0.1050	5.54330512e+08
0.0850	0.0950	0.1150	5.06770801e+08
0.0850	0.0950	0.1250	5.73502464e+08
0.0850	0.0950	0.1350	5.90667704e+08
0.0850	0.0950	0.1450	7.23795225e+08
0.0850	0.1050	0.1050	6.83950183e+08
0.0850	0.1050	0.1150	5.05485917e+08
0.0850	0.1050	0.1250	6.13456146e+08
0.0850	0.1050	0.1350	4.71570439e+08
0.0850	0.1050	0.1450	5.54709906e+08
0.0850	0.1150	0.1150	5.61725287e+08
0.0850	0.1150	0.1250	5.83854801e+08
0.0850	0.1150	0.1350	5.34578370e+08
0.0850	0.1150	0.1450	5.39720007e+08
0.0850	0.1250	0.1250	4.89176967e+08
0.0850	0.1250	0.1350	3.51928810e+08
0.0850	0.1250	0.1450	4.90655455e+08
0.0850	0.1350	0.1350	5.14381679e+08
0.0850	0.1350	0.1450	4.32656135e+08
0.0850	0.1450	0.1450	4.75171772e+08
0.0950	0.0950	0.0950	7.40827254e+08
0.0950	0.0950	0.1050	8.64750523e+08
0.0950	0.0950	0.1150	5.05228318e+08
0.0950	0.0950	0.1250	6.76602224e+08
0.0950	0.0950	0.1350	4.26214888e+08
0.0950	0.0950	0.1450	8.09635951e+08
0.0950	0.1050	0.1050	4.89959572e+08
0.0950	0.1050	0.1150	4.06809396e+08
0.0950	0.1050	0.1250	5.39096616e+08
0.0950	0.1050	0.1350	4.69022222e+08
0.0950	0.1050	0.1450	5.12876975e+08
0.0950	0.1150	0.1150	4.56517912e+08
0.0950	0.1150	0.1250	3.82234148e+08
0.0950	0.1150	0.1350	4.64713730e+08
0.0950	0.1150	0.1450	4.41723683e+08
0.0950	0.1250	0.1250	4.09719619e+08
0.0950	0.1250	0.1350	4.74709264e+08
0.0950	0.1250	0.1450	4.39893620e+08
0.0950	0.1350	0.1350	5.62078201e+08
0.0950	0.1350	0.1450	3.46991751e+08
0.0950	0.1450	0.1450	3.70776045e+08
0.1050	0.1050	0.1050	4.73710920e+08
0.1050	0.1050	0.1150	4.71594851e+08
0.1050	0.1050	0.1250	4.31668820e+08
0.1050	0.1050	0.1350	4.61932053e+08
0.1050	0.1050	0.1450	2.99848476e+08
0.1050	0.1150	0.1150	6.16045904e+08
0.1050	0.1150	0.1250	4.14318911e+08
0.1050	0.1150	0.1350	4.13231732e+08
0.1050	0.1150	0.1450	4.04695356e+08
0.1050	0.1250	0.1250	3.95499970e+08
0.1050	0.1250	0.1350	4.62877326e+08
0.1050	0.1250	0.1450	3.85265857e+08
0.1050	0.1350	0.1350	2.64092941e+08
0.1050	0.1350	0.1450	4.41085294e+08
0.1050	0.1450	0.1450	2.88388526e+08
0.1150	0.1150	0.1150	3.97564063e+08
0.1150	0.1150	0.1250	4.98667474e+08
0.1150	0.1150	0.1350	4.16020993e+08
0.1150	0.1150	0.1450	3.92333494e+08
0.1150	0.1250	0.1250	4.22809113e+08
0.1150	0.1250	0.1350	4.10156931e+08
0.1150	0.1250	0.1450	3.89123150e+08
0.1150	0.1350	0.1350	5.07729583e+08
0.1150	0.1350	0.1450	4.19503105e+08
0.1150	0.1450	0.1450	3.43542459e+08
0.1250	0.1250	0.1250	5.79373460e+08
0.1250	0.1250	0.1350	4.00859188e+08
0.1250	0.1250	0.1450	3.04499300e+08
0.1250	0.1350	0.1350	3.22872500e+08
0.1250	0.1350	0.1450	3.93605704e+08
0.1250	0.1450	0.1450	3.04069461e+08
0.1350	0.1350	0.1350	1.18090063e+08
0.1350	0.1350	0.1450	3.73476699e+08
0.1350	0.1450	0.1450	3.10720125e+08
0.1450	0.1450	0.1450	4.07873310e+08
