####### Bispectrum of Patchy Simulation 908 #############
# Patch: ngc
# z-type: z3
# Weights: fkp
# Fiducial Omega_m: 0.310
# Fiducial h: 0.676
# Boxsize: [1800.0, 3400.0, 1900.0]
# Grid: [170, 325, 180]
# k-binning: [0.000, 0.160, 0.010]
# Monte Carlo Simulations: 100
#
# Format: k1 | k2 | k3 | B(k1,k2,k3)
############################################
0.0150	0.0150	0.0150	-2.24651538e+10
0.0150	0.0150	0.0250	1.14666022e+10
0.0150	0.0150	0.0350	2.80003193e+10
0.0150	0.0250	0.0250	6.32091507e+09
0.0150	0.0250	0.0350	6.37345233e+09
0.0150	0.0250	0.0450	2.02231079e+10
0.0150	0.0350	0.0350	8.75575460e+09
0.0150	0.0350	0.0450	5.89208942e+09
0.0150	0.0350	0.0550	4.34737494e+09
0.0150	0.0450	0.0450	-3.00273638e+08
0.0150	0.0450	0.0550	6.12679324e+09
0.0150	0.0450	0.0650	3.03235320e+09
0.0150	0.0550	0.0550	2.54115856e+09
0.0150	0.0550	0.0650	2.98299171e+09
0.0150	0.0550	0.0750	8.84544736e+08
0.0150	0.0650	0.0650	2.12812551e+09
0.0150	0.0650	0.0750	3.62915213e+09
0.0150	0.0650	0.0850	3.76343035e+09
0.0150	0.0750	0.0750	-3.39483727e+08
0.0150	0.0750	0.0850	2.24934531e+09
0.0150	0.0750	0.0950	6.02207305e+09
0.0150	0.0850	0.0850	1.81289052e+09
0.0150	0.0850	0.0950	2.78600029e+09
0.0150	0.0850	0.1050	3.43518652e+09
0.0150	0.0950	0.0950	2.38725056e+09
0.0150	0.0950	0.1050	2.46378122e+09
0.0150	0.0950	0.1150	2.17383492e+09
0.0150	0.1050	0.1050	1.36371021e+09
0.0150	0.1050	0.1150	2.10678091e+09
0.0150	0.1050	0.1250	1.07310339e+09
0.0150	0.1150	0.1150	6.60860846e+08
0.0150	0.1150	0.1250	1.59801428e+09
0.0150	0.1150	0.1350	2.40522556e+09
0.0150	0.1250	0.1250	3.51680972e+08
0.0150	0.1250	0.1350	1.96126860e+09
0.0150	0.1250	0.1450	1.58120943e+09
0.0150	0.1350	0.1350	1.32432049e+09
0.0150	0.1350	0.1450	1.59528144e+09
0.0150	0.1450	0.1450	1.46696995e+09
0.0250	0.0250	0.0250	-6.30451993e+09
0.0250	0.0250	0.0350	6.50297056e+09
0.0250	0.0250	0.0450	2.82759754e+09
0.0250	0.0250	0.0550	-2.49111985e+09
0.0250	0.0350	0.0350	2.28500505e+09
0.0250	0.0350	0.0450	4.08772806e+09
0.0250	0.0350	0.0550	7.04411159e+09
0.0250	0.0350	0.0650	6.75645597e+09
0.0250	0.0450	0.0450	4.50585315e+09
0.0250	0.0450	0.0550	3.64849068e+09
0.0250	0.0450	0.0650	5.56554512e+09
0.0250	0.0450	0.0750	6.33463249e+09
0.0250	0.0550	0.0550	3.09623371e+09
0.0250	0.0550	0.0650	2.95604185e+09
0.0250	0.0550	0.0750	3.92178486e+09
0.0250	0.0550	0.0850	2.44736873e+09
0.0250	0.0650	0.0650	1.82008701e+09
0.0250	0.0650	0.0750	1.63455293e+09
0.0250	0.0650	0.0850	2.18012051e+09
0.0250	0.0650	0.0950	2.65195507e+09
0.0250	0.0750	0.0750	3.58532683e+09
0.0250	0.0750	0.0850	2.19528890e+09
0.0250	0.0750	0.0950	2.97047345e+09
0.0250	0.0750	0.1050	3.76876722e+09
0.0250	0.0850	0.0850	1.40519752e+09
0.0250	0.0850	0.0950	2.23390214e+09
0.0250	0.0850	0.1050	2.51509462e+09
0.0250	0.0850	0.1150	3.75354809e+09
0.0250	0.0950	0.0950	1.97081024e+09
0.0250	0.0950	0.1050	1.95818450e+09
0.0250	0.0950	0.1150	1.87452056e+09
0.0250	0.0950	0.1250	1.17709288e+09
0.0250	0.1050	0.1050	1.13463645e+09
0.0250	0.1050	0.1150	1.73108816e+09
0.0250	0.1050	0.1250	1.88866525e+09
0.0250	0.1050	0.1350	2.23060735e+09
0.0250	0.1150	0.1150	1.00728163e+09
0.0250	0.1150	0.1250	1.37797113e+09
0.0250	0.1150	0.1350	1.67261066e+09
0.0250	0.1150	0.1450	1.56481449e+09
0.0250	0.1250	0.1250	1.59193854e+09
0.0250	0.1250	0.1350	1.34476274e+09
0.0250	0.1250	0.1450	1.62224855e+09
0.0250	0.1350	0.1350	7.35375090e+08
0.0250	0.1350	0.1450	1.07274235e+09
0.0250	0.1450	0.1450	1.14892040e+09
0.0350	0.0350	0.0350	-3.34272216e+08
0.0350	0.0350	0.0450	3.93789675e+09
0.0350	0.0350	0.0550	2.91982346e+09
0.0350	0.0350	0.0650	3.19860672e+09
0.0350	0.0350	0.0750	2.21728476e+09
0.0350	0.0450	0.0450	9.40608378e+08
0.0350	0.0450	0.0550	1.65341291e+09
0.0350	0.0450	0.0650	2.35097573e+09
0.0350	0.0450	0.0750	2.77579550e+09
0.0350	0.0450	0.0850	3.21430826e+09
0.0350	0.0550	0.0550	2.24528187e+09
0.0350	0.0550	0.0650	1.40057333e+09
0.0350	0.0550	0.0750	3.15471671e+09
0.0350	0.0550	0.0850	2.71757047e+09
0.0350	0.0550	0.0950	2.03721077e+09
0.0350	0.0650	0.0650	2.64939479e+09
0.0350	0.0650	0.0750	2.04208411e+09
0.0350	0.0650	0.0850	1.82589648e+09
0.0350	0.0650	0.0950	2.48116183e+09
0.0350	0.0650	0.1050	1.74197560e+09
0.0350	0.0750	0.0750	8.55694968e+08
0.0350	0.0750	0.0850	1.32082717e+09
0.0350	0.0750	0.0950	2.11250028e+09
0.0350	0.0750	0.1050	2.40364037e+09
0.0350	0.0750	0.1150	2.15549019e+09
0.0350	0.0850	0.0850	2.30354029e+09
0.0350	0.0850	0.0950	8.25672140e+08
0.0350	0.0850	0.1050	1.86300516e+09
0.0350	0.0850	0.1150	1.55527190e+09
0.0350	0.0850	0.1250	1.24188695e+09
0.0350	0.0950	0.0950	1.15288488e+09
0.0350	0.0950	0.1050	1.01042672e+09
0.0350	0.0950	0.1150	1.59331665e+09
0.0350	0.0950	0.1250	2.02863636e+09
0.0350	0.0950	0.1350	2.00062354e+09
0.0350	0.1050	0.1050	1.64905452e+09
0.0350	0.1050	0.1150	1.08549874e+09
0.0350	0.1050	0.1250	1.19210642e+09
0.0350	0.1050	0.1350	1.32512586e+09
0.0350	0.1050	0.1450	1.60660831e+09
0.0350	0.1150	0.1150	1.10014199e+09
0.0350	0.1150	0.1250	1.12075237e+09
0.0350	0.1150	0.1350	1.12969425e+09
0.0350	0.1150	0.1450	1.25536382e+09
0.0350	0.1250	0.1250	6.42773219e+08
0.0350	0.1250	0.1350	7.72709931e+08
0.0350	0.1250	0.1450	1.14622778e+09
0.0350	0.1350	0.1350	1.03607486e+09
0.0350	0.1350	0.1450	8.77678030e+08
0.0350	0.1450	0.1450	1.10891225e+09
0.0450	0.0450	0.0450	6.74469066e+09
0.0450	0.0450	0.0550	1.95619560e+08
0.0450	0.0450	0.0650	2.83948999e+09
0.0450	0.0450	0.0750	2.97824731e+09
0.0450	0.0450	0.0850	3.23498052e+09
0.0450	0.0450	0.0950	4.02696160e+09
0.0450	0.0550	0.0550	1.05429181e+09
0.0450	0.0550	0.0650	1.48764797e+09
0.0450	0.0550	0.0750	1.53679556e+09
0.0450	0.0550	0.0850	1.91763083e+09
0.0450	0.0550	0.0950	2.32094682e+09
0.0450	0.0550	0.1050	3.80799210e+09
0.0450	0.0650	0.0650	2.70445593e+09
0.0450	0.0650	0.0750	1.52997638e+09
0.0450	0.0650	0.0850	1.29726740e+09
0.0450	0.0650	0.0950	2.28058206e+09
0.0450	0.0650	0.1050	2.64715626e+09
0.0450	0.0650	0.1150	1.92313842e+09
0.0450	0.0750	0.0750	8.50818920e+08
0.0450	0.0750	0.0850	1.81384500e+09
0.0450	0.0750	0.0950	1.84429306e+09
0.0450	0.0750	0.1050	1.61100577e+09
0.0450	0.0750	0.1150	1.81861546e+09
0.0450	0.0750	0.1250	2.21249972e+09
0.0450	0.0850	0.0850	7.46735776e+08
0.0450	0.0850	0.0950	1.20318902e+09
0.0450	0.0850	0.1050	1.34967243e+09
0.0450	0.0850	0.1150	1.25150827e+09
0.0450	0.0850	0.1250	1.70194930e+09
0.0450	0.0850	0.1350	1.90085424e+09
0.0450	0.0950	0.0950	1.35607282e+09
0.0450	0.0950	0.1050	1.20117909e+09
0.0450	0.0950	0.1150	1.38490461e+09
0.0450	0.0950	0.1250	1.08541884e+09
0.0450	0.0950	0.1350	1.62632321e+09
0.0450	0.0950	0.1450	1.32270910e+09
0.0450	0.1050	0.1050	1.00447026e+09
0.0450	0.1050	0.1150	6.97023234e+08
0.0450	0.1050	0.1250	1.31301312e+09
0.0450	0.1050	0.1350	1.18420231e+09
0.0450	0.1050	0.1450	1.37268077e+09
0.0450	0.1150	0.1150	1.03883537e+09
0.0450	0.1150	0.1250	8.71617818e+08
0.0450	0.1150	0.1350	9.79074920e+08
0.0450	0.1150	0.1450	1.14811031e+09
0.0450	0.1250	0.1250	1.00681702e+09
0.0450	0.1250	0.1350	8.29270978e+08
0.0450	0.1250	0.1450	7.95448573e+08
0.0450	0.1350	0.1350	1.01904936e+09
0.0450	0.1350	0.1450	7.41572235e+08
0.0450	0.1450	0.1450	7.28954484e+08
0.0550	0.0550	0.0550	3.11475142e+09
0.0550	0.0550	0.0650	3.60235070e+07
0.0550	0.0550	0.0750	2.31346128e+09
0.0550	0.0550	0.0850	6.89128336e+08
0.0550	0.0550	0.0950	2.24325961e+09
0.0550	0.0550	0.1050	1.94665721e+09
0.0550	0.0550	0.1150	3.11121355e+09
0.0550	0.0650	0.0650	3.38117878e+08
0.0550	0.0650	0.0750	9.21710172e+08
0.0550	0.0650	0.0850	1.28768443e+09
0.0550	0.0650	0.0950	1.23407823e+09
0.0550	0.0650	0.1050	1.62855229e+09
0.0550	0.0650	0.1150	1.46783013e+09
0.0550	0.0650	0.1250	2.43676547e+09
0.0550	0.0750	0.0750	1.14368473e+09
0.0550	0.0750	0.0850	8.00214971e+08
0.0550	0.0750	0.0950	1.40805398e+09
0.0550	0.0750	0.1050	9.30235426e+08
0.0550	0.0750	0.1150	1.24647976e+09
0.0550	0.0750	0.1250	1.53895124e+09
0.0550	0.0750	0.1350	1.07857833e+09
0.0550	0.0850	0.0850	1.39652530e+09
0.0550	0.0850	0.0950	7.89527077e+08
0.0550	0.0850	0.1050	1.03732488e+09
0.0550	0.0850	0.1150	1.26773068e+09
0.0550	0.0850	0.1250	1.10570013e+09
0.0550	0.0850	0.1350	1.46052045e+09
0.0550	0.0850	0.1450	1.66965959e+09
0.0550	0.0950	0.0950	8.54863492e+08
0.0550	0.0950	0.1050	8.26861798e+08
0.0550	0.0950	0.1150	8.65874886e+08
0.0550	0.0950	0.1250	8.71861551e+08
0.0550	0.0950	0.1350	8.26308708e+08
0.0550	0.0950	0.1450	1.34626241e+09
0.0550	0.1050	0.1050	9.84035254e+08
0.0550	0.1050	0.1150	5.70275756e+08
0.0550	0.1050	0.1250	6.98002491e+08
0.0550	0.1050	0.1350	8.95029274e+08
0.0550	0.1050	0.1450	8.89303973e+08
0.0550	0.1150	0.1150	6.34680154e+08
0.0550	0.1150	0.1250	6.87649837e+08
0.0550	0.1150	0.1350	6.08217713e+08
0.0550	0.1150	0.1450	6.98383707e+08
0.0550	0.1250	0.1250	6.14093448e+08
0.0550	0.1250	0.1350	7.48067490e+08
0.0550	0.1250	0.1450	6.72371682e+08
0.0550	0.1350	0.1350	5.67513225e+08
0.0550	0.1350	0.1450	6.21326378e+08
0.0550	0.1450	0.1450	4.30327689e+08
0.0650	0.0650	0.0650	6.50055758e+08
0.0650	0.0650	0.0750	1.22785772e+09
0.0650	0.0650	0.0850	9.26944358e+08
0.0650	0.0650	0.0950	1.62208461e+09
0.0650	0.0650	0.1050	1.54668031e+09
0.0650	0.0650	0.1150	1.43109662e+09
0.0650	0.0650	0.1250	1.46837399e+09
0.0650	0.0650	0.1350	4.34819127e+08
0.0650	0.0750	0.0750	1.18257694e+09
0.0650	0.0750	0.0850	9.39434799e+08
0.0650	0.0750	0.0950	1.41628683e+09
0.0650	0.0750	0.1050	9.39242290e+08
0.0650	0.0750	0.1150	8.53847279e+08
0.0650	0.0750	0.1250	9.47182877e+08
0.0650	0.0750	0.1350	1.50198380e+09
0.0650	0.0750	0.1450	1.48235182e+09
0.0650	0.0850	0.0850	1.06398099e+09
0.0650	0.0850	0.0950	9.97321514e+08
0.0650	0.0850	0.1050	8.49229189e+08
0.0650	0.0850	0.1150	1.17256236e+09
0.0650	0.0850	0.1250	1.08188358e+09
0.0650	0.0850	0.1350	1.01998329e+09
0.0650	0.0850	0.1450	1.32617088e+09
0.0650	0.0950	0.0950	7.20327324e+08
0.0650	0.0950	0.1050	7.89629936e+08
0.0650	0.0950	0.1150	7.03748081e+08
0.0650	0.0950	0.1250	9.31549728e+08
0.0650	0.0950	0.1350	1.00057701e+09
0.0650	0.0950	0.1450	7.96513706e+08
0.0650	0.1050	0.1050	8.09082382e+08
0.0650	0.1050	0.1150	8.17897894e+08
0.0650	0.1050	0.1250	4.65538281e+08
0.0650	0.1050	0.1350	7.61199417e+08
0.0650	0.1050	0.1450	8.32446972e+08
0.0650	0.1150	0.1150	7.25153136e+08
0.0650	0.1150	0.1250	6.87420432e+08
0.0650	0.1150	0.1350	7.49091361e+08
0.0650	0.1150	0.1450	7.57849359e+08
0.0650	0.1250	0.1250	5.33653280e+08
0.0650	0.1250	0.1350	4.51937033e+08
0.0650	0.1250	0.1450	6.68961652e+08
0.0650	0.1350	0.1350	8.50977999e+08
0.0650	0.1350	0.1450	5.08337481e+08
0.0650	0.1450	0.1450	4.49506867e+08
0.0750	0.0750	0.0750	1.46191462e+09
0.0750	0.0750	0.0850	8.42338739e+08
0.0750	0.0750	0.0950	8.78506118e+08
0.0750	0.0750	0.1050	1.15453717e+09
0.0750	0.0750	0.1150	9.80084680e+08
0.0750	0.0750	0.1250	1.12067124e+09
0.0750	0.0750	0.1350	1.02904683e+09
0.0750	0.0750	0.1450	1.17035908e+09
0.0750	0.0850	0.0850	8.25902766e+08
0.0750	0.0850	0.0950	8.58668106e+08
0.0750	0.0850	0.1050	7.45512976e+08
0.0750	0.0850	0.1150	7.66398590e+08
0.0750	0.0850	0.1250	9.23334385e+08
0.0750	0.0850	0.1350	8.50672039e+08
0.0750	0.0850	0.1450	9.14270207e+08
0.0750	0.0950	0.0950	7.38934196e+08
0.0750	0.0950	0.1050	4.47353071e+08
0.0750	0.0950	0.1150	8.48995103e+08
0.0750	0.0950	0.1250	7.23608467e+08
0.0750	0.0950	0.1350	7.17827200e+08
0.0750	0.0950	0.1450	7.70617346e+08
0.0750	0.1050	0.1050	7.38187550e+08
0.0750	0.1050	0.1150	4.35977436e+08
0.0750	0.1050	0.1250	8.79915740e+08
0.0750	0.1050	0.1350	5.02064220e+08
0.0750	0.1050	0.1450	5.44892959e+08
0.0750	0.1150	0.1150	3.20847495e+08
0.0750	0.1150	0.1250	6.53263259e+08
0.0750	0.1150	0.1350	4.87941945e+08
0.0750	0.1150	0.1450	5.06489976e+08
0.0750	0.1250	0.1250	6.20444427e+08
0.0750	0.1250	0.1350	6.05489976e+08
0.0750	0.1250	0.1450	6.43674102e+08
0.0750	0.1350	0.1350	5.10702068e+08
0.0750	0.1350	0.1450	4.98673068e+08
0.0750	0.1450	0.1450	4.99549762e+08
0.0850	0.0850	0.0850	9.07628462e+08
0.0850	0.0850	0.0950	8.68913031e+08
0.0850	0.0850	0.1050	7.97799333e+08
0.0850	0.0850	0.1150	3.19797578e+08
0.0850	0.0850	0.1250	7.22184454e+08
0.0850	0.0850	0.1350	9.54714686e+08
0.0850	0.0850	0.1450	7.66040532e+08
0.0850	0.0950	0.0950	7.31328118e+08
0.0850	0.0950	0.1050	5.72094541e+08
0.0850	0.0950	0.1150	5.50740050e+08
0.0850	0.0950	0.1250	8.00114341e+08
0.0850	0.0950	0.1350	4.64133545e+08
0.0850	0.0950	0.1450	7.40567112e+08
0.0850	0.1050	0.1050	5.05816921e+08
0.0850	0.1050	0.1150	5.23028049e+08
0.0850	0.1050	0.1250	4.95633689e+08
0.0850	0.1050	0.1350	5.90265184e+08
0.0850	0.1050	0.1450	7.57392454e+08
0.0850	0.1150	0.1150	5.81882460e+08
0.0850	0.1150	0.1250	5.45982218e+08
0.0850	0.1150	0.1350	5.18651352e+08
0.0850	0.1150	0.1450	5.05854458e+08
0.0850	0.1250	0.1250	6.67593607e+08
0.0850	0.1250	0.1350	4.64887734e+08
0.0850	0.1250	0.1450	4.91818980e+08
0.0850	0.1350	0.1350	3.95737893e+08
0.0850	0.1350	0.1450	4.42049146e+08
0.0850	0.1450	0.1450	5.03585794e+08
0.0950	0.0950	0.0950	3.18093101e+08
0.0950	0.0950	0.1050	6.73680058e+08
0.0950	0.0950	0.1150	8.37713226e+08
0.0950	0.0950	0.1250	6.73030497e+08
0.0950	0.0950	0.1350	3.18007585e+08
0.0950	0.0950	0.1450	5.15969738e+08
0.0950	0.1050	0.1050	2.31018260e+08
0.0950	0.1050	0.1150	5.29207928e+08
0.0950	0.1050	0.1250	4.61892900e+08
0.0950	0.1050	0.1350	5.25141392e+08
0.0950	0.1050	0.1450	4.27638977e+08
0.0950	0.1150	0.1150	4.42879031e+08
0.0950	0.1150	0.1250	6.27272647e+08
0.0950	0.1150	0.1350	4.26174411e+08
0.0950	0.1150	0.1450	4.31639915e+08
0.0950	0.1250	0.1250	1.96064735e+08
0.0950	0.1250	0.1350	3.58188182e+08
0.0950	0.1250	0.1450	5.05348338e+08
0.0950	0.1350	0.1350	6.80566688e+08
0.0950	0.1350	0.1450	3.75853712e+08
0.0950	0.1450	0.1450	3.55543286e+08
0.1050	0.1050	0.1050	5.99374459e+08
0.1050	0.1050	0.1150	4.58999824e+08
0.1050	0.1050	0.1250	5.10534613e+08
0.1050	0.1050	0.1350	5.34382063e+08
0.1050	0.1050	0.1450	4.81458887e+08
0.1050	0.1150	0.1150	4.90287688e+08
0.1050	0.1150	0.1250	5.19847370e+08
0.1050	0.1150	0.1350	4.83408642e+08
0.1050	0.1150	0.1450	3.93721990e+08
0.1050	0.1250	0.1250	3.36181789e+08
0.1050	0.1250	0.1350	3.97290997e+08
0.1050	0.1250	0.1450	3.82171870e+08
0.1050	0.1350	0.1350	2.86636194e+08
0.1050	0.1350	0.1450	3.73742106e+08
0.1050	0.1450	0.1450	4.26586420e+08
0.1150	0.1150	0.1150	3.33701031e+08
0.1150	0.1150	0.1250	3.63070106e+08
0.1150	0.1150	0.1350	5.75067606e+08
0.1150	0.1150	0.1450	4.36130176e+08
0.1150	0.1250	0.1250	3.95490459e+08
0.1150	0.1250	0.1350	3.29395619e+08
0.1150	0.1250	0.1450	2.64669249e+08
0.1150	0.1350	0.1350	3.66441758e+08
0.1150	0.1350	0.1450	3.68088963e+08
0.1150	0.1450	0.1450	2.89860514e+08
0.1250	0.1250	0.1250	4.36459871e+08
0.1250	0.1250	0.1350	3.82731687e+08
0.1250	0.1250	0.1450	4.72372674e+08
0.1250	0.1350	0.1350	3.14881803e+08
0.1250	0.1350	0.1450	3.31853261e+08
0.1250	0.1450	0.1450	3.28943218e+08
0.1350	0.1350	0.1350	3.28742768e+08
0.1350	0.1350	0.1450	3.25572226e+08
0.1350	0.1450	0.1450	3.02323769e+08
0.1450	0.1450	0.1450	3.40104742e+08
