####### Bispectrum of Patchy Simulation 605 #############
# Patch: sgc
# z-type: z1
# Weights: fkp
# Fiducial Omega_m: 0.310
# Fiducial h: 0.676
# Boxsize: [1000.0, 1900.0, 1100.0]
# Grid: [95, 180, 105]
# k-binning: [0.000, 0.160, 0.010]
# Monte Carlo Simulations: 100
#
# Format: k1 | k2 | k3 | B(k1,k2,k3)
############################################
0.0150	0.0150	0.0150	-5.20581222e+10
0.0150	0.0150	0.0250	2.93559016e+10
0.0150	0.0150	0.0350	1.68056686e+10
0.0150	0.0250	0.0250	-7.59947878e+09
0.0150	0.0250	0.0350	5.07838463e+09
0.0150	0.0250	0.0450	7.15484333e+09
0.0150	0.0350	0.0350	1.36155910e+10
0.0150	0.0350	0.0450	7.44779080e+09
0.0150	0.0350	0.0550	8.99267777e+09
0.0150	0.0450	0.0450	9.23277120e+08
0.0150	0.0450	0.0550	1.27399501e+09
0.0150	0.0450	0.0650	1.23177854e+10
0.0150	0.0550	0.0550	-3.73986033e+08
0.0150	0.0550	0.0650	4.33237304e+09
0.0150	0.0550	0.0750	5.73051505e+06
0.0150	0.0650	0.0650	2.89125393e+09
0.0150	0.0650	0.0750	1.05849326e+09
0.0150	0.0650	0.0850	6.66523134e+09
0.0150	0.0750	0.0750	4.04680370e+08
0.0150	0.0750	0.0850	4.24953054e+09
0.0150	0.0750	0.0950	5.23078457e+09
0.0150	0.0850	0.0850	5.14518669e+09
0.0150	0.0850	0.0950	1.82495354e+09
0.0150	0.0850	0.1050	4.16774691e+09
0.0150	0.0950	0.0950	1.76068335e+09
0.0150	0.0950	0.1050	2.15511222e+09
0.0150	0.0950	0.1150	3.55274238e+09
0.0150	0.1050	0.1050	1.33224197e+09
0.0150	0.1050	0.1150	1.32119958e+09
0.0150	0.1050	0.1250	4.71338270e+08
0.0150	0.1150	0.1150	1.76059373e+09
0.0150	0.1150	0.1250	2.53887456e+09
0.0150	0.1150	0.1350	1.80382689e+09
0.0150	0.1250	0.1250	2.37905362e+09
0.0150	0.1250	0.1350	1.64536360e+09
0.0150	0.1250	0.1450	-1.03437996e+09
0.0150	0.1350	0.1350	-2.87233530e+08
0.0150	0.1350	0.1450	2.10282337e+09
0.0150	0.1450	0.1450	2.44989974e+08
0.0250	0.0250	0.0250	-1.70373090e+10
0.0250	0.0250	0.0350	2.38399607e+09
0.0250	0.0250	0.0450	-8.69826236e+09
0.0250	0.0250	0.0550	1.38135869e+10
0.0250	0.0350	0.0350	-4.25148240e+09
0.0250	0.0350	0.0450	7.81355735e+09
0.0250	0.0350	0.0550	4.28280643e+09
0.0250	0.0350	0.0650	5.62110392e+09
0.0250	0.0450	0.0450	2.91599011e+09
0.0250	0.0450	0.0550	2.74743369e+09
0.0250	0.0450	0.0650	6.28423117e+09
0.0250	0.0450	0.0750	1.88144198e+09
0.0250	0.0550	0.0550	3.84359823e+09
0.0250	0.0550	0.0650	2.81065264e+09
0.0250	0.0550	0.0750	1.13603686e+09
0.0250	0.0550	0.0850	7.10754723e+09
0.0250	0.0650	0.0650	2.02009906e+09
0.0250	0.0650	0.0750	2.87685739e+09
0.0250	0.0650	0.0850	1.66464114e+09
0.0250	0.0650	0.0950	6.11804459e+09
0.0250	0.0750	0.0750	3.89079908e+09
0.0250	0.0750	0.0850	1.86467324e+09
0.0250	0.0750	0.0950	2.68929688e+09
0.0250	0.0750	0.1050	3.64775725e+09
0.0250	0.0850	0.0850	1.81949792e+09
0.0250	0.0850	0.0950	1.73334974e+09
0.0250	0.0850	0.1050	1.93649981e+09
0.0250	0.0850	0.1150	6.84726419e+09
0.0250	0.0950	0.0950	2.36889603e+08
0.0250	0.0950	0.1050	1.49404395e+09
0.0250	0.0950	0.1150	1.44487453e+09
0.0250	0.0950	0.1250	4.42075199e+08
0.0250	0.1050	0.1050	1.26171289e+09
0.0250	0.1050	0.1150	1.64995583e+09
0.0250	0.1050	0.1250	2.37389767e+09
0.0250	0.1050	0.1350	2.73788891e+09
0.0250	0.1150	0.1150	2.67971177e+08
0.0250	0.1150	0.1250	1.01770953e+09
0.0250	0.1150	0.1350	1.62214612e+09
0.0250	0.1150	0.1450	7.58110965e+08
0.0250	0.1250	0.1250	1.22299404e+09
0.0250	0.1250	0.1350	7.04002652e+08
0.0250	0.1250	0.1450	1.33577417e+09
0.0250	0.1350	0.1350	9.66861739e+08
0.0250	0.1350	0.1450	3.80231089e+08
0.0250	0.1450	0.1450	1.05648068e+09
0.0350	0.0350	0.0350	9.85264666e+09
0.0350	0.0350	0.0450	-6.18576329e+08
0.0350	0.0350	0.0550	4.62414664e+09
0.0350	0.0350	0.0650	1.56433437e+09
0.0350	0.0350	0.0750	-1.15505721e+09
0.0350	0.0450	0.0450	-1.55687683e+09
0.0350	0.0450	0.0550	4.23350254e+08
0.0350	0.0450	0.0650	5.23473211e+09
0.0350	0.0450	0.0750	4.12416319e+09
0.0350	0.0450	0.0850	4.10648329e+09
0.0350	0.0550	0.0550	4.52433506e+09
0.0350	0.0550	0.0650	3.62849124e+09
0.0350	0.0550	0.0750	4.68891205e+09
0.0350	0.0550	0.0850	3.58937012e+09
0.0350	0.0550	0.0950	3.12527659e+09
0.0350	0.0650	0.0650	1.24430737e+09
0.0350	0.0650	0.0750	1.60786563e+09
0.0350	0.0650	0.0850	3.46256753e+09
0.0350	0.0650	0.0950	2.53615490e+09
0.0350	0.0650	0.1050	3.46718571e+09
0.0350	0.0750	0.0750	2.11591287e+09
0.0350	0.0750	0.0850	2.40780214e+09
0.0350	0.0750	0.0950	2.18656819e+09
0.0350	0.0750	0.1050	3.44869272e+09
0.0350	0.0750	0.1150	3.23827895e+09
0.0350	0.0850	0.0850	1.25696437e+09
0.0350	0.0850	0.0950	2.42058715e+09
0.0350	0.0850	0.1050	2.21278158e+09
0.0350	0.0850	0.1150	2.07513738e+09
0.0350	0.0850	0.1250	2.89567256e+09
0.0350	0.0950	0.0950	6.74438893e+08
0.0350	0.0950	0.1050	1.64078739e+09
0.0350	0.0950	0.1150	1.20527184e+09
0.0350	0.0950	0.1250	2.02585513e+09
0.0350	0.0950	0.1350	1.39652954e+09
0.0350	0.1050	0.1050	7.62028754e+08
0.0350	0.1050	0.1150	1.20983183e+09
0.0350	0.1050	0.1250	1.11703643e+09
0.0350	0.1050	0.1350	1.74055051e+09
0.0350	0.1050	0.1450	1.56371879e+09
0.0350	0.1150	0.1150	9.87219861e+08
0.0350	0.1150	0.1250	9.00890602e+08
0.0350	0.1150	0.1350	1.21086953e+09
0.0350	0.1150	0.1450	1.64998761e+09
0.0350	0.1250	0.1250	2.15076551e+09
0.0350	0.1250	0.1350	8.95978968e+08
0.0350	0.1250	0.1450	1.06768389e+09
0.0350	0.1350	0.1350	1.07750818e+09
0.0350	0.1350	0.1450	1.14710540e+09
0.0350	0.1450	0.1450	9.12210281e+08
0.0450	0.0450	0.0450	-8.05876557e+08
0.0450	0.0450	0.0550	3.08083883e+09
0.0450	0.0450	0.0650	7.61610121e+08
0.0450	0.0450	0.0750	1.10601371e+09
0.0450	0.0450	0.0850	4.63666540e+09
0.0450	0.0450	0.0950	1.16504264e+09
0.0450	0.0550	0.0550	8.85561181e+08
0.0450	0.0550	0.0650	3.48462132e+08
0.0450	0.0550	0.0750	1.82772228e+09
0.0450	0.0550	0.0850	1.43267526e+09
0.0450	0.0550	0.0950	2.51180368e+09
0.0450	0.0550	0.1050	1.72331913e+09
0.0450	0.0650	0.0650	3.28311264e+09
0.0450	0.0650	0.0750	1.56502344e+09
0.0450	0.0650	0.0850	2.67555083e+09
0.0450	0.0650	0.0950	2.28378454e+09
0.0450	0.0650	0.1050	1.73017000e+09
0.0450	0.0650	0.1150	3.75712380e+09
0.0450	0.0750	0.0750	-6.46212557e+08
0.0450	0.0750	0.0850	2.06032389e+09
0.0450	0.0750	0.0950	2.23375700e+08
0.0450	0.0750	0.1050	6.37341857e+08
0.0450	0.0750	0.1150	1.87168533e+09
0.0450	0.0750	0.1250	1.06050382e+09
0.0450	0.0850	0.0850	1.37869863e+09
0.0450	0.0850	0.0950	9.90364283e+08
0.0450	0.0850	0.1050	1.35890056e+09
0.0450	0.0850	0.1150	1.87943601e+09
0.0450	0.0850	0.1250	1.90073579e+09
0.0450	0.0850	0.1350	1.72922574e+09
0.0450	0.0950	0.0950	1.31698174e+09
0.0450	0.0950	0.1050	4.74160338e+08
0.0450	0.0950	0.1150	1.36998337e+09
0.0450	0.0950	0.1250	9.19126721e+08
0.0450	0.0950	0.1350	1.63731163e+09
0.0450	0.0950	0.1450	1.97931644e+09
0.0450	0.1050	0.1050	1.43939077e+09
0.0450	0.1050	0.1150	7.49630905e+07
0.0450	0.1050	0.1250	8.95555711e+08
0.0450	0.1050	0.1350	1.33964904e+09
0.0450	0.1050	0.1450	1.31594817e+09
0.0450	0.1150	0.1150	8.63087838e+08
0.0450	0.1150	0.1250	1.00912424e+09
0.0450	0.1150	0.1350	9.57018975e+08
0.0450	0.1150	0.1450	1.04865410e+09
0.0450	0.1250	0.1250	-2.85008928e+07
0.0450	0.1250	0.1350	9.11607354e+08
0.0450	0.1250	0.1450	7.25018035e+08
0.0450	0.1350	0.1350	1.06648112e+09
0.0450	0.1350	0.1450	4.75559979e+08
0.0450	0.1450	0.1450	6.42683682e+08
0.0550	0.0550	0.0550	3.01726100e+09
0.0550	0.0550	0.0650	1.95552011e+09
0.0550	0.0550	0.0750	1.19309316e+09
0.0550	0.0550	0.0850	3.33042486e+09
0.0550	0.0550	0.0950	9.45853872e+08
0.0550	0.0550	0.1050	2.39071828e+09
0.0550	0.0550	0.1150	6.02724844e+09
0.0550	0.0650	0.0650	1.25073239e+08
0.0550	0.0650	0.0750	1.51732625e+09
0.0550	0.0650	0.0850	1.65945885e+09
0.0550	0.0650	0.0950	1.17070727e+09
0.0550	0.0650	0.1050	1.81165470e+09
0.0550	0.0650	0.1150	1.57171518e+09
0.0550	0.0650	0.1250	2.03823908e+09
0.0550	0.0750	0.0750	9.07426308e+08
0.0550	0.0750	0.0850	1.07457978e+09
0.0550	0.0750	0.0950	1.44520224e+09
0.0550	0.0750	0.1050	1.55876464e+09
0.0550	0.0750	0.1150	1.25740735e+09
0.0550	0.0750	0.1250	1.48958173e+09
0.0550	0.0750	0.1350	2.77073854e+09
0.0550	0.0850	0.0850	1.74068585e+09
0.0550	0.0850	0.0950	1.11372869e+09
0.0550	0.0850	0.1050	-4.88375305e+07
0.0550	0.0850	0.1150	1.15385998e+09
0.0550	0.0850	0.1250	1.17622043e+09
0.0550	0.0850	0.1350	1.35121788e+09
0.0550	0.0850	0.1450	-2.04761621e+07
0.0550	0.0950	0.0950	4.68438314e+08
0.0550	0.0950	0.1050	1.10079859e+09
0.0550	0.0950	0.1150	6.58602350e+08
0.0550	0.0950	0.1250	1.40029224e+09
0.0550	0.0950	0.1350	1.22894651e+09
0.0550	0.0950	0.1450	8.18546049e+08
0.0550	0.1050	0.1050	6.33510608e+08
0.0550	0.1050	0.1150	1.06552881e+09
0.0550	0.1050	0.1250	5.60146111e+08
0.0550	0.1050	0.1350	9.53542314e+08
0.0550	0.1050	0.1450	5.81312836e+08
0.0550	0.1150	0.1150	6.13970777e+08
0.0550	0.1150	0.1250	6.45019056e+08
0.0550	0.1150	0.1350	5.77293384e+08
0.0550	0.1150	0.1450	6.65184378e+08
0.0550	0.1250	0.1250	7.01017042e+08
0.0550	0.1250	0.1350	8.45672036e+08
0.0550	0.1250	0.1450	4.86708049e+08
0.0550	0.1350	0.1350	3.18921706e+08
0.0550	0.1350	0.1450	8.49835782e+08
0.0550	0.1450	0.1450	5.21951765e+08
0.0650	0.0650	0.0650	2.15382187e+08
0.0650	0.0650	0.0750	6.50897026e+08
0.0650	0.0650	0.0850	1.82476024e+09
0.0650	0.0650	0.0950	5.86191328e+08
0.0650	0.0650	0.1050	4.79806211e+08
0.0650	0.0650	0.1150	1.71956980e+09
0.0650	0.0650	0.1250	2.36484140e+09
0.0650	0.0650	0.1350	2.61895741e+09
0.0650	0.0750	0.0750	1.70965322e+09
0.0650	0.0750	0.0850	8.28703777e+08
0.0650	0.0750	0.0950	6.08645717e+08
0.0650	0.0750	0.1050	1.23139366e+09
0.0650	0.0750	0.1150	9.77275188e+08
0.0650	0.0750	0.1250	1.43223687e+09
0.0650	0.0750	0.1350	1.04085832e+09
0.0650	0.0750	0.1450	1.42041074e+09
0.0650	0.0850	0.0850	-9.84228517e+07
0.0650	0.0850	0.0950	6.12505275e+08
0.0650	0.0850	0.1050	1.69870239e+09
0.0650	0.0850	0.1150	1.20304609e+09
0.0650	0.0850	0.1250	8.47341621e+08
0.0650	0.0850	0.1350	1.43926927e+09
0.0650	0.0850	0.1450	1.58539083e+09
0.0650	0.0950	0.0950	8.93008609e+08
0.0650	0.0950	0.1050	7.49754490e+08
0.0650	0.0950	0.1150	3.11203301e+08
0.0650	0.0950	0.1250	1.18098168e+09
0.0650	0.0950	0.1350	7.55838186e+08
0.0650	0.0950	0.1450	8.65754073e+08
0.0650	0.1050	0.1050	1.07792386e+09
0.0650	0.1050	0.1150	4.86866592e+08
0.0650	0.1050	0.1250	6.57211451e+08
0.0650	0.1050	0.1350	3.95295771e+08
0.0650	0.1050	0.1450	9.21366895e+08
0.0650	0.1150	0.1150	6.87187009e+08
0.0650	0.1150	0.1250	5.37665091e+08
0.0650	0.1150	0.1350	8.31578072e+08
0.0650	0.1150	0.1450	6.86501881e+08
0.0650	0.1250	0.1250	6.61028294e+08
0.0650	0.1250	0.1350	3.41257828e+08
0.0650	0.1250	0.1450	5.23788189e+08
0.0650	0.1350	0.1350	8.38235648e+08
0.0650	0.1350	0.1450	4.63776416e+08
0.0650	0.1450	0.1450	5.03740026e+08
0.0750	0.0750	0.0750	-1.21258507e+09
0.0750	0.0750	0.0850	1.58799456e+09
0.0750	0.0750	0.0950	1.33610055e+09
0.0750	0.0750	0.1050	9.84881984e+08
0.0750	0.0750	0.1150	6.81029576e+08
0.0750	0.0750	0.1250	1.35972823e+09
0.0750	0.0750	0.1350	1.44500389e+09
0.0750	0.0750	0.1450	9.50964291e+08
0.0750	0.0850	0.0850	1.05186793e+09
0.0750	0.0850	0.0950	1.04532862e+09
0.0750	0.0850	0.1050	4.96304013e+08
0.0750	0.0850	0.1150	8.08499542e+08
0.0750	0.0850	0.1250	7.07505498e+08
0.0750	0.0850	0.1350	9.00846654e+08
0.0750	0.0850	0.1450	8.66033041e+08
0.0750	0.0950	0.0950	2.56293115e+08
0.0750	0.0950	0.1050	7.16058826e+08
0.0750	0.0950	0.1150	8.40972934e+08
0.0750	0.0950	0.1250	4.79731541e+08
0.0750	0.0950	0.1350	7.49487795e+08
0.0750	0.0950	0.1450	6.68295859e+08
0.0750	0.1050	0.1050	6.89316255e+08
0.0750	0.1050	0.1150	4.80724467e+08
0.0750	0.1050	0.1250	6.69513761e+08
0.0750	0.1050	0.1350	6.82503330e+08
0.0750	0.1050	0.1450	5.44854064e+08
0.0750	0.1150	0.1150	7.01191704e+08
0.0750	0.1150	0.1250	6.09408566e+08
0.0750	0.1150	0.1350	4.57023622e+08
0.0750	0.1150	0.1450	3.67902265e+08
0.0750	0.1250	0.1250	3.95419014e+08
0.0750	0.1250	0.1350	4.51566492e+08
0.0750	0.1250	0.1450	5.01511703e+08
0.0750	0.1350	0.1350	3.42186741e+08
0.0750	0.1350	0.1450	4.84549122e+08
0.0750	0.1450	0.1450	3.87776552e+08
0.0850	0.0850	0.0850	1.07585959e+09
0.0850	0.0850	0.0950	4.49299291e+08
0.0850	0.0850	0.1050	2.57988872e+08
0.0850	0.0850	0.1150	7.05789144e+08
0.0850	0.0850	0.1250	4.19728320e+08
0.0850	0.0850	0.1350	6.39758121e+08
0.0850	0.0850	0.1450	1.03286140e+09
0.0850	0.0950	0.0950	6.22380130e+08
0.0850	0.0950	0.1050	7.93957319e+08
0.0850	0.0950	0.1150	8.82958866e+08
0.0850	0.0950	0.1250	5.20672247e+08
0.0850	0.0950	0.1350	6.82330957e+08
0.0850	0.0950	0.1450	6.04198402e+08
0.0850	0.1050	0.1050	3.61844128e+08
0.0850	0.1050	0.1150	4.15666040e+08
0.0850	0.1050	0.1250	4.36542616e+08
0.0850	0.1050	0.1350	7.19655342e+08
0.0850	0.1050	0.1450	3.71307607e+08
0.0850	0.1150	0.1150	3.92662270e+08
0.0850	0.1150	0.1250	4.08243742e+08
0.0850	0.1150	0.1350	3.03756173e+08
0.0850	0.1150	0.1450	4.71519664e+08
0.0850	0.1250	0.1250	6.31118968e+08
0.0850	0.1250	0.1350	4.31629779e+08
0.0850	0.1250	0.1450	3.72936135e+08
0.0850	0.1350	0.1350	3.46341385e+08
0.0850	0.1350	0.1450	2.30292256e+08
0.0850	0.1450	0.1450	2.73165150e+08
0.0950	0.0950	0.0950	1.72775599e+08
0.0950	0.0950	0.1050	3.21505333e+08
0.0950	0.0950	0.1150	5.07847287e+08
0.0950	0.0950	0.1250	4.85741741e+08
0.0950	0.0950	0.1350	4.84184935e+08
0.0950	0.0950	0.1450	5.84560348e+08
0.0950	0.1050	0.1050	6.19489594e+08
0.0950	0.1050	0.1150	3.53415820e+08
0.0950	0.1050	0.1250	3.49513421e+08
0.0950	0.1050	0.1350	5.32001819e+08
0.0950	0.1050	0.1450	3.94395960e+08
0.0950	0.1150	0.1150	3.46727350e+08
0.0950	0.1150	0.1250	5.40740913e+08
0.0950	0.1150	0.1350	6.00668920e+08
0.0950	0.1150	0.1450	3.64945885e+08
0.0950	0.1250	0.1250	6.71548333e+08
0.0950	0.1250	0.1350	2.36068082e+08
0.0950	0.1250	0.1450	4.62633929e+08
0.0950	0.1350	0.1350	2.97231685e+08
0.0950	0.1350	0.1450	2.40091982e+08
0.0950	0.1450	0.1450	2.87315587e+08
0.1050	0.1050	0.1050	2.81973332e+08
0.1050	0.1050	0.1150	6.64053190e+08
0.1050	0.1050	0.1250	5.94442499e+08
0.1050	0.1050	0.1350	3.39955019e+08
0.1050	0.1050	0.1450	5.76692918e+08
0.1050	0.1150	0.1150	4.19465211e+08
0.1050	0.1150	0.1250	2.84653393e+08
0.1050	0.1150	0.1350	3.38561764e+08
0.1050	0.1150	0.1450	2.89428347e+08
0.1050	0.1250	0.1250	3.66794306e+08
0.1050	0.1250	0.1350	3.42610949e+08
0.1050	0.1250	0.1450	3.75806711e+08
0.1050	0.1350	0.1350	6.62604760e+08
0.1050	0.1350	0.1450	3.63473636e+08
0.1050	0.1450	0.1450	2.04931777e+08
0.1150	0.1150	0.1150	1.79195267e+08
0.1150	0.1150	0.1250	3.06117712e+08
0.1150	0.1150	0.1350	2.24814083e+08
0.1150	0.1150	0.1450	4.05984412e+08
0.1150	0.1250	0.1250	5.04700622e+08
0.1150	0.1250	0.1350	4.91724825e+08
0.1150	0.1250	0.1450	2.14758868e+08
0.1150	0.1350	0.1350	7.80514294e+07
0.1150	0.1350	0.1450	1.85930674e+08
0.1150	0.1450	0.1450	1.23599411e+08
0.1250	0.1250	0.1250	3.37996894e+08
0.1250	0.1250	0.1350	1.97024394e+08
0.1250	0.1250	0.1450	4.82745324e+08
0.1250	0.1350	0.1350	4.38902986e+08
0.1250	0.1350	0.1450	3.73016279e+08
0.1250	0.1450	0.1450	2.58482597e+08
0.1350	0.1350	0.1350	4.21999725e+08
0.1350	0.1350	0.1450	2.63447449e+08
0.1350	0.1450	0.1450	9.95340125e+07
0.1450	0.1450	0.1450	1.84826757e+08
