####### Bispectrum of Patchy Simulation 980 #############
# Patch: sgc
# z-type: z1
# Weights: fkp
# Fiducial Omega_m: 0.310
# Fiducial h: 0.676
# Boxsize: [1000.0, 1900.0, 1100.0]
# Grid: [95, 180, 105]
# k-binning: [0.000, 0.160, 0.010]
# Monte Carlo Simulations: 100
#
# Format: k1 | k2 | k3 | B(k1,k2,k3)
############################################
0.0150	0.0150	0.0150	-1.30982089e+10
0.0150	0.0150	0.0250	3.14671697e+10
0.0150	0.0150	0.0350	1.15693346e+10
0.0150	0.0250	0.0250	1.04557847e+10
0.0150	0.0250	0.0350	-1.72634276e+09
0.0150	0.0250	0.0450	-1.52509243e+09
0.0150	0.0350	0.0350	5.24779124e+09
0.0150	0.0350	0.0450	1.84871441e+09
0.0150	0.0350	0.0550	6.79932770e+09
0.0150	0.0450	0.0450	4.70789821e+09
0.0150	0.0450	0.0550	8.84496177e+09
0.0150	0.0450	0.0650	1.25663855e+10
0.0150	0.0550	0.0550	4.79415035e+09
0.0150	0.0550	0.0650	2.68899116e+09
0.0150	0.0550	0.0750	8.58015855e+09
0.0150	0.0650	0.0650	6.41230361e+09
0.0150	0.0650	0.0750	4.25620296e+09
0.0150	0.0650	0.0850	3.59709435e+09
0.0150	0.0750	0.0750	1.74468282e+09
0.0150	0.0750	0.0850	4.47420608e+09
0.0150	0.0750	0.0950	8.98815930e+09
0.0150	0.0850	0.0850	2.86900606e+09
0.0150	0.0850	0.0950	3.09423063e+09
0.0150	0.0850	0.1050	1.24324419e+09
0.0150	0.0950	0.0950	1.25458083e+09
0.0150	0.0950	0.1050	2.32399707e+09
0.0150	0.0950	0.1150	1.81023270e+09
0.0150	0.1050	0.1050	1.71497518e+09
0.0150	0.1050	0.1150	2.56809620e+09
0.0150	0.1050	0.1250	1.94564196e+09
0.0150	0.1150	0.1150	-5.50327878e+08
0.0150	0.1150	0.1250	2.17946161e+09
0.0150	0.1150	0.1350	1.51449377e+09
0.0150	0.1250	0.1250	1.71799303e+09
0.0150	0.1250	0.1350	1.51414626e+09
0.0150	0.1250	0.1450	1.09459036e+09
0.0150	0.1350	0.1350	2.30169008e+09
0.0150	0.1350	0.1450	1.85100349e+09
0.0150	0.1450	0.1450	6.42180768e+08
0.0250	0.0250	0.0250	1.23561094e+10
0.0250	0.0250	0.0350	4.79000096e+09
0.0250	0.0250	0.0450	1.01931364e+10
0.0250	0.0250	0.0550	4.70521994e+09
0.0250	0.0350	0.0350	3.43339787e+09
0.0250	0.0350	0.0450	4.62033401e+09
0.0250	0.0350	0.0550	1.26064785e+10
0.0250	0.0350	0.0650	-7.35909449e+08
0.0250	0.0450	0.0450	1.03984044e+09
0.0250	0.0450	0.0550	1.69690844e+08
0.0250	0.0450	0.0650	4.23815446e+09
0.0250	0.0450	0.0750	1.22543050e+08
0.0250	0.0550	0.0550	2.72871609e+09
0.0250	0.0550	0.0650	-2.62309261e+08
0.0250	0.0550	0.0750	4.14246042e+09
0.0250	0.0550	0.0850	1.92459473e+09
0.0250	0.0650	0.0650	2.93278008e+09
0.0250	0.0650	0.0750	2.18249584e+09
0.0250	0.0650	0.0850	4.35521154e+09
0.0250	0.0650	0.0950	1.65713664e+09
0.0250	0.0750	0.0750	1.35532178e+09
0.0250	0.0750	0.0850	1.61681292e+09
0.0250	0.0750	0.0950	2.07407508e+09
0.0250	0.0750	0.1050	2.23250815e+09
0.0250	0.0850	0.0850	1.37524989e+09
0.0250	0.0850	0.0950	1.79207616e+09
0.0250	0.0850	0.1050	2.82683952e+09
0.0250	0.0850	0.1150	2.70552162e+09
0.0250	0.0950	0.0950	2.41011929e+09
0.0250	0.0950	0.1050	1.61653609e+09
0.0250	0.0950	0.1150	1.62439417e+09
0.0250	0.0950	0.1250	3.34942582e+09
0.0250	0.1050	0.1050	1.56496732e+09
0.0250	0.1050	0.1150	1.00467905e+09
0.0250	0.1050	0.1250	2.23975133e+09
0.0250	0.1050	0.1350	2.61648832e+09
0.0250	0.1150	0.1150	1.43298223e+09
0.0250	0.1150	0.1250	1.30935803e+09
0.0250	0.1150	0.1350	1.74744309e+09
0.0250	0.1150	0.1450	2.94313026e+09
0.0250	0.1250	0.1250	2.14435269e+08
0.0250	0.1250	0.1350	1.16652735e+09
0.0250	0.1250	0.1450	1.12292266e+09
0.0250	0.1350	0.1350	1.21205535e+09
0.0250	0.1350	0.1450	1.41369427e+09
0.0250	0.1450	0.1450	9.40963116e+08
0.0350	0.0350	0.0350	6.67405978e+09
0.0350	0.0350	0.0450	2.88029919e+09
0.0350	0.0350	0.0550	3.13649613e+09
0.0350	0.0350	0.0650	3.36506519e+09
0.0350	0.0350	0.0750	-3.34649273e+09
0.0350	0.0450	0.0450	6.30167901e+09
0.0350	0.0450	0.0550	-9.82313858e+08
0.0350	0.0450	0.0650	3.64131573e+09
0.0350	0.0450	0.0750	3.08516422e+09
0.0350	0.0450	0.0850	5.65581799e+08
0.0350	0.0550	0.0550	5.31005326e+09
0.0350	0.0550	0.0650	2.37207820e+08
0.0350	0.0550	0.0750	1.74490884e+09
0.0350	0.0550	0.0850	4.59758303e+09
0.0350	0.0550	0.0950	3.74246059e+09
0.0350	0.0650	0.0650	9.52764750e+08
0.0350	0.0650	0.0750	1.38811261e+09
0.0350	0.0650	0.0850	2.71113147e+09
0.0350	0.0650	0.0950	2.39547871e+09
0.0350	0.0650	0.1050	2.65181080e+09
0.0350	0.0750	0.0750	1.45357242e+09
0.0350	0.0750	0.0850	2.04900513e+09
0.0350	0.0750	0.0950	1.60962823e+09
0.0350	0.0750	0.1050	2.44501938e+09
0.0350	0.0750	0.1150	2.10420926e+09
0.0350	0.0850	0.0850	1.59769329e+09
0.0350	0.0850	0.0950	1.48700579e+09
0.0350	0.0850	0.1050	7.83305152e+08
0.0350	0.0850	0.1150	1.98885826e+09
0.0350	0.0850	0.1250	4.90233234e+08
0.0350	0.0950	0.0950	9.73467865e+08
0.0350	0.0950	0.1050	1.39747779e+09
0.0350	0.0950	0.1150	5.31501604e+08
0.0350	0.0950	0.1250	1.48941188e+09
0.0350	0.0950	0.1350	3.54096602e+08
0.0350	0.1050	0.1050	6.91921054e+08
0.0350	0.1050	0.1150	1.49846213e+09
0.0350	0.1050	0.1250	7.42348349e+08
0.0350	0.1050	0.1350	1.45632921e+09
0.0350	0.1050	0.1450	1.37861543e+09
0.0350	0.1150	0.1150	1.14986039e+08
0.0350	0.1150	0.1250	1.22603422e+09
0.0350	0.1150	0.1350	1.64088422e+09
0.0350	0.1150	0.1450	8.80364676e+08
0.0350	0.1250	0.1250	8.80830050e+08
0.0350	0.1250	0.1350	5.93458757e+08
0.0350	0.1250	0.1450	7.42830040e+08
0.0350	0.1350	0.1350	7.68941052e+08
0.0350	0.1350	0.1450	8.95185944e+08
0.0350	0.1450	0.1450	5.40753853e+08
0.0450	0.0450	0.0450	3.55039833e+09
0.0450	0.0450	0.0550	4.11713749e+09
0.0450	0.0450	0.0650	3.37966496e+09
0.0450	0.0450	0.0750	1.49121914e+09
0.0450	0.0450	0.0850	2.00628293e+09
0.0450	0.0450	0.0950	2.70154778e+09
0.0450	0.0550	0.0550	1.19778684e+09
0.0450	0.0550	0.0650	1.22865948e+09
0.0450	0.0550	0.0750	2.33858716e+09
0.0450	0.0550	0.0850	2.18653957e+09
0.0450	0.0550	0.0950	2.33340917e+09
0.0450	0.0550	0.1050	3.05016785e+09
0.0450	0.0650	0.0650	1.26883973e+09
0.0450	0.0650	0.0750	8.84386641e+08
0.0450	0.0650	0.0850	1.11182169e+09
0.0450	0.0650	0.0950	2.00451479e+09
0.0450	0.0650	0.1050	1.91648072e+09
0.0450	0.0650	0.1150	4.10186473e+09
0.0450	0.0750	0.0750	1.90617788e+09
0.0450	0.0750	0.0850	9.04036758e+08
0.0450	0.0750	0.0950	1.66433318e+09
0.0450	0.0750	0.1050	7.92602700e+08
0.0450	0.0750	0.1150	1.87664839e+09
0.0450	0.0750	0.1250	1.34823522e+09
0.0450	0.0850	0.0850	5.70811567e+08
0.0450	0.0850	0.0950	1.36020590e+09
0.0450	0.0850	0.1050	1.28721842e+09
0.0450	0.0850	0.1150	9.70537910e+08
0.0450	0.0850	0.1250	1.48009402e+09
0.0450	0.0850	0.1350	2.79715516e+09
0.0450	0.0950	0.0950	1.08027941e+09
0.0450	0.0950	0.1050	5.05424170e+08
0.0450	0.0950	0.1150	1.43754250e+09
0.0450	0.0950	0.1250	1.12412922e+09
0.0450	0.0950	0.1350	1.90161241e+09
0.0450	0.0950	0.1450	1.71928144e+09
0.0450	0.1050	0.1050	5.37992606e+08
0.0450	0.1050	0.1150	1.16351291e+09
0.0450	0.1050	0.1250	9.42926125e+08
0.0450	0.1050	0.1350	1.07514324e+09
0.0450	0.1050	0.1450	1.28494577e+09
0.0450	0.1150	0.1150	6.01450880e+08
0.0450	0.1150	0.1250	4.73456346e+08
0.0450	0.1150	0.1350	1.18274823e+09
0.0450	0.1150	0.1450	9.26799020e+08
0.0450	0.1250	0.1250	5.74470127e+08
0.0450	0.1250	0.1350	1.05704616e+09
0.0450	0.1250	0.1450	4.63712957e+08
0.0450	0.1350	0.1350	8.47829783e+08
0.0450	0.1350	0.1450	7.62891781e+08
0.0450	0.1450	0.1450	4.40910263e+08
0.0550	0.0550	0.0550	3.25502230e+09
0.0550	0.0550	0.0650	8.84473736e+07
0.0550	0.0550	0.0750	2.03997576e+09
0.0550	0.0550	0.0850	1.48853662e+09
0.0550	0.0550	0.0950	1.43367985e+09
0.0550	0.0550	0.1050	3.60585841e+09
0.0550	0.0550	0.1150	9.13265395e+07
0.0550	0.0650	0.0650	1.33398175e+09
0.0550	0.0650	0.0750	7.51755791e+08
0.0550	0.0650	0.0850	1.03171201e+09
0.0550	0.0650	0.0950	1.48638349e+09
0.0550	0.0650	0.1050	1.35612796e+09
0.0550	0.0650	0.1150	2.49416206e+09
0.0550	0.0650	0.1250	-2.61320119e+08
0.0550	0.0750	0.0750	1.21804741e+09
0.0550	0.0750	0.0850	1.45551872e+09
0.0550	0.0750	0.0950	1.31965382e+09
0.0550	0.0750	0.1050	1.13598591e+09
0.0550	0.0750	0.1150	1.35001679e+09
0.0550	0.0750	0.1250	1.51265789e+09
0.0550	0.0750	0.1350	1.34353810e+09
0.0550	0.0850	0.0850	5.72648471e+08
0.0550	0.0850	0.0950	9.60801697e+08
0.0550	0.0850	0.1050	7.58579381e+08
0.0550	0.0850	0.1150	1.09480015e+09
0.0550	0.0850	0.1250	1.17470032e+09
0.0550	0.0850	0.1350	1.40506659e+09
0.0550	0.0850	0.1450	2.47355416e+09
0.0550	0.0950	0.0950	1.13736557e+09
0.0550	0.0950	0.1050	6.10619182e+08
0.0550	0.0950	0.1150	7.69684797e+08
0.0550	0.0950	0.1250	5.15857740e+08
0.0550	0.0950	0.1350	8.77268946e+08
0.0550	0.0950	0.1450	9.25683389e+08
0.0550	0.1050	0.1050	6.59425557e+08
0.0550	0.1050	0.1150	5.50014226e+08
0.0550	0.1050	0.1250	7.64429349e+08
0.0550	0.1050	0.1350	9.85046427e+08
0.0550	0.1050	0.1450	9.05516565e+08
0.0550	0.1150	0.1150	4.46573680e+08
0.0550	0.1150	0.1250	1.43742288e+08
0.0550	0.1150	0.1350	5.60791021e+08
0.0550	0.1150	0.1450	6.11951349e+08
0.0550	0.1250	0.1250	4.45282874e+08
0.0550	0.1250	0.1350	4.70162214e+08
0.0550	0.1250	0.1450	9.09887386e+08
0.0550	0.1350	0.1350	4.62102087e+08
0.0550	0.1350	0.1450	6.14059017e+08
0.0550	0.1450	0.1450	5.71979111e+08
0.0650	0.0650	0.0650	3.01841076e+09
0.0650	0.0650	0.0750	8.33749476e+08
0.0650	0.0650	0.0850	1.18451518e+09
0.0650	0.0650	0.0950	9.21443509e+08
0.0650	0.0650	0.1050	1.74411054e+09
0.0650	0.0650	0.1150	5.37712448e+08
0.0650	0.0650	0.1250	1.99798139e+09
0.0650	0.0650	0.1350	9.66979336e+08
0.0650	0.0750	0.0750	1.80670258e+09
0.0650	0.0750	0.0850	6.25061874e+08
0.0650	0.0750	0.0950	8.68802285e+08
0.0650	0.0750	0.1050	1.10393320e+09
0.0650	0.0750	0.1150	1.07094859e+09
0.0650	0.0750	0.1250	1.33709531e+09
0.0650	0.0750	0.1350	1.33575554e+09
0.0650	0.0750	0.1450	2.60394595e+09
0.0650	0.0850	0.0850	9.53898209e+08
0.0650	0.0850	0.0950	3.78821871e+08
0.0650	0.0850	0.1050	1.06939508e+09
0.0650	0.0850	0.1150	5.66625034e+08
0.0650	0.0850	0.1250	8.91152456e+08
0.0650	0.0850	0.1350	1.17822783e+09
0.0650	0.0850	0.1450	1.42611309e+09
0.0650	0.0950	0.0950	1.11299254e+09
0.0650	0.0950	0.1050	5.67785883e+08
0.0650	0.0950	0.1150	3.91672377e+08
0.0650	0.0950	0.1250	7.50909755e+08
0.0650	0.0950	0.1350	7.33087794e+08
0.0650	0.0950	0.1450	7.49709461e+08
0.0650	0.1050	0.1050	3.72502448e+08
0.0650	0.1050	0.1150	7.66209607e+08
0.0650	0.1050	0.1250	6.22407878e+08
0.0650	0.1050	0.1350	6.36480661e+08
0.0650	0.1050	0.1450	7.16228361e+08
0.0650	0.1150	0.1150	5.77683399e+08
0.0650	0.1150	0.1250	6.96409310e+08
0.0650	0.1150	0.1350	6.78759774e+08
0.0650	0.1150	0.1450	3.99863011e+08
0.0650	0.1250	0.1250	7.72238710e+08
0.0650	0.1250	0.1350	6.45666760e+08
0.0650	0.1250	0.1450	6.14625265e+08
0.0650	0.1350	0.1350	7.64667434e+08
0.0650	0.1350	0.1450	5.92966499e+08
0.0650	0.1450	0.1450	5.19787970e+08
0.0750	0.0750	0.0750	5.85010434e+08
0.0750	0.0750	0.0850	1.05544190e+09
0.0750	0.0750	0.0950	7.17308788e+08
0.0750	0.0750	0.1050	4.99960771e+08
0.0750	0.0750	0.1150	8.50811999e+08
0.0750	0.0750	0.1250	1.17794045e+09
0.0750	0.0750	0.1350	1.23340633e+09
0.0750	0.0750	0.1450	9.61123073e+08
0.0750	0.0850	0.0850	1.33047047e+09
0.0750	0.0850	0.0950	3.64802858e+08
0.0750	0.0850	0.1050	5.81024907e+08
0.0750	0.0850	0.1150	3.82072066e+08
0.0750	0.0850	0.1250	7.85257444e+08
0.0750	0.0850	0.1350	8.19231198e+08
0.0750	0.0850	0.1450	9.01970222e+08
0.0750	0.0950	0.0950	6.51090230e+08
0.0750	0.0950	0.1050	1.44557936e+08
0.0750	0.0950	0.1150	9.39396427e+08
0.0750	0.0950	0.1250	6.27595209e+08
0.0750	0.0950	0.1350	8.70824594e+08
0.0750	0.0950	0.1450	4.56784242e+08
0.0750	0.1050	0.1050	9.43524394e+08
0.0750	0.1050	0.1150	3.42838367e+08
0.0750	0.1050	0.1250	4.39669475e+08
0.0750	0.1050	0.1350	4.48195465e+08
0.0750	0.1050	0.1450	7.18646181e+08
0.0750	0.1150	0.1150	5.00208369e+08
0.0750	0.1150	0.1250	1.75352418e+08
0.0750	0.1150	0.1350	7.27593253e+08
0.0750	0.1150	0.1450	5.20252901e+08
0.0750	0.1250	0.1250	3.73535386e+08
0.0750	0.1250	0.1350	3.81162241e+08
0.0750	0.1250	0.1450	3.27169589e+08
0.0750	0.1350	0.1350	2.12802019e+08
0.0750	0.1350	0.1450	4.65515104e+08
0.0750	0.1450	0.1450	2.80693947e+08
0.0850	0.0850	0.0850	-6.28195501e+07
0.0850	0.0850	0.0950	4.18155074e+08
0.0850	0.0850	0.1050	3.24940101e+08
0.0850	0.0850	0.1150	9.71507325e+08
0.0850	0.0850	0.1250	1.07011324e+09
0.0850	0.0850	0.1350	7.23251211e+08
0.0850	0.0850	0.1450	6.24572967e+08
0.0850	0.0950	0.0950	7.13934741e+08
0.0850	0.0950	0.1050	7.69101974e+08
0.0850	0.0950	0.1150	5.53409740e+08
0.0850	0.0950	0.1250	3.27968178e+08
0.0850	0.0950	0.1350	4.59211483e+08
0.0850	0.0950	0.1450	6.61262225e+08
0.0850	0.1050	0.1050	5.85890989e+08
0.0850	0.1050	0.1150	4.37722355e+08
0.0850	0.1050	0.1250	3.95506541e+08
0.0850	0.1050	0.1350	4.56842179e+08
0.0850	0.1050	0.1450	5.51548801e+08
0.0850	0.1150	0.1150	6.14273797e+08
0.0850	0.1150	0.1250	3.74559450e+08
0.0850	0.1150	0.1350	4.53826558e+08
0.0850	0.1150	0.1450	4.49082747e+08
0.0850	0.1250	0.1250	3.94203094e+08
0.0850	0.1250	0.1350	2.82182145e+08
0.0850	0.1250	0.1450	4.46623972e+08
0.0850	0.1350	0.1350	4.16057072e+08
0.0850	0.1350	0.1450	4.05325900e+08
0.0850	0.1450	0.1450	3.06239531e+08
0.0950	0.0950	0.0950	1.94662979e+08
0.0950	0.0950	0.1050	4.05406325e+08
0.0950	0.0950	0.1150	4.03424508e+08
0.0950	0.0950	0.1250	7.44954736e+08
0.0950	0.0950	0.1350	1.94313371e+08
0.0950	0.0950	0.1450	5.01470124e+08
0.0950	0.1050	0.1050	4.27361246e+08
0.0950	0.1050	0.1150	3.34215377e+08
0.0950	0.1050	0.1250	4.08740362e+08
0.0950	0.1050	0.1350	5.51400933e+08
0.0950	0.1050	0.1450	3.83337880e+08
0.0950	0.1150	0.1150	4.08271609e+08
0.0950	0.1150	0.1250	4.19674846e+08
0.0950	0.1150	0.1350	2.59465502e+08
0.0950	0.1150	0.1450	6.36047215e+08
0.0950	0.1250	0.1250	2.64083652e+08
0.0950	0.1250	0.1350	4.16493093e+08
0.0950	0.1250	0.1450	3.78087514e+08
0.0950	0.1350	0.1350	2.84493153e+08
0.0950	0.1350	0.1450	3.44941407e+08
0.0950	0.1450	0.1450	9.26953874e+07
0.1050	0.1050	0.1050	4.98535311e+07
0.1050	0.1050	0.1150	3.20091786e+08
0.1050	0.1050	0.1250	1.19556413e+08
0.1050	0.1050	0.1350	4.30083720e+08
0.1050	0.1050	0.1450	4.08145709e+08
0.1050	0.1150	0.1150	4.17231697e+08
0.1050	0.1150	0.1250	4.16767401e+08
0.1050	0.1150	0.1350	3.20047145e+08
0.1050	0.1150	0.1450	3.48415330e+08
0.1050	0.1250	0.1250	2.66824504e+08
0.1050	0.1250	0.1350	3.11076267e+08
0.1050	0.1250	0.1450	4.10970829e+08
0.1050	0.1350	0.1350	3.40859536e+08
0.1050	0.1350	0.1450	3.96746555e+08
0.1050	0.1450	0.1450	3.58133910e+08
0.1150	0.1150	0.1150	1.12569481e+07
0.1150	0.1150	0.1250	2.01292189e+08
0.1150	0.1150	0.1350	3.72649388e+08
0.1150	0.1150	0.1450	3.37775173e+08
0.1150	0.1250	0.1250	3.19751730e+08
0.1150	0.1250	0.1350	4.14983584e+08
0.1150	0.1250	0.1450	1.47262787e+08
0.1150	0.1350	0.1350	2.95584900e+08
0.1150	0.1350	0.1450	3.86067777e+08
0.1150	0.1450	0.1450	2.77901168e+08
0.1250	0.1250	0.1250	1.52188882e+08
0.1250	0.1250	0.1350	2.97141045e+08
0.1250	0.1250	0.1450	2.16379173e+08
0.1250	0.1350	0.1350	2.16207052e+08
0.1250	0.1350	0.1450	1.30715390e+08
0.1250	0.1450	0.1450	2.86340515e+08
0.1350	0.1350	0.1350	1.59002523e+08
0.1350	0.1350	0.1450	3.71988926e+08
0.1350	0.1450	0.1450	1.89771111e+08
0.1450	0.1450	0.1450	9.42260255e+07
