####### Bispectrum of Patchy Simulation 254 #############
# Patch: sgc
# z-type: z3
# Weights: fkp
# Fiducial Omega_m: 0.310
# Fiducial h: 0.676
# Boxsize: [1000.0, 2600.0, 1500.0]
# Grid: [95, 250, 140]
# k-binning: [0.000, 0.160, 0.010]
# Monte Carlo Simulations: 100
#
# Format: k1 | k2 | k3 | B(k1,k2,k3)
############################################
0.0150	0.0150	0.0150	-1.04544941e+10
0.0150	0.0150	0.0250	5.88090279e+08
0.0150	0.0150	0.0350	1.24759012e+10
0.0150	0.0250	0.0250	-8.52634487e+09
0.0150	0.0250	0.0350	1.42695322e+10
0.0150	0.0250	0.0450	3.65046160e+09
0.0150	0.0350	0.0350	5.64406342e+09
0.0150	0.0350	0.0450	1.01376923e+10
0.0150	0.0350	0.0550	1.39554715e+10
0.0150	0.0450	0.0450	4.77681967e+09
0.0150	0.0450	0.0550	6.31460956e+09
0.0150	0.0450	0.0650	1.17255499e+10
0.0150	0.0550	0.0550	1.40012922e+10
0.0150	0.0550	0.0650	6.43353359e+09
0.0150	0.0550	0.0750	8.25965032e+09
0.0150	0.0650	0.0650	3.21265093e+09
0.0150	0.0650	0.0750	2.89316491e+09
0.0150	0.0650	0.0850	2.64366727e+09
0.0150	0.0750	0.0750	4.80553809e+09
0.0150	0.0750	0.0850	4.80794684e+09
0.0150	0.0750	0.0950	1.05925029e+10
0.0150	0.0850	0.0850	6.16098518e+09
0.0150	0.0850	0.0950	7.71460732e+08
0.0150	0.0850	0.1050	5.13899446e+09
0.0150	0.0950	0.0950	3.23168927e+09
0.0150	0.0950	0.1050	3.29336000e+09
0.0150	0.0950	0.1150	5.04955593e+09
0.0150	0.1050	0.1050	3.09853228e+09
0.0150	0.1050	0.1150	2.41057281e+09
0.0150	0.1050	0.1250	4.06942962e+09
0.0150	0.1150	0.1150	3.19342313e+09
0.0150	0.1150	0.1250	1.52065274e+09
0.0150	0.1150	0.1350	3.82998828e+09
0.0150	0.1250	0.1250	6.34918617e+08
0.0150	0.1250	0.1350	2.39733575e+09
0.0150	0.1250	0.1450	3.24201201e+09
0.0150	0.1350	0.1350	1.86777179e+09
0.0150	0.1350	0.1450	1.50629408e+09
0.0150	0.1450	0.1450	1.33240049e+09
0.0250	0.0250	0.0250	-2.64943308e+09
0.0250	0.0250	0.0350	5.95298182e+09
0.0250	0.0250	0.0450	1.10187409e+10
0.0250	0.0250	0.0550	6.16726981e+09
0.0250	0.0350	0.0350	3.11194650e+09
0.0250	0.0350	0.0450	3.23718889e+09
0.0250	0.0350	0.0550	7.43059973e+09
0.0250	0.0350	0.0650	3.73599574e+09
0.0250	0.0450	0.0450	2.22385296e+09
0.0250	0.0450	0.0550	3.56552096e+09
0.0250	0.0450	0.0650	1.10693025e+09
0.0250	0.0450	0.0750	6.38799564e+09
0.0250	0.0550	0.0550	-1.68545725e+09
0.0250	0.0550	0.0650	1.65756641e+09
0.0250	0.0550	0.0750	2.20958213e+09
0.0250	0.0550	0.0850	6.87717095e+09
0.0250	0.0650	0.0650	4.21974472e+08
0.0250	0.0650	0.0750	2.03699167e+09
0.0250	0.0650	0.0850	3.63328452e+09
0.0250	0.0650	0.0950	2.00817885e+09
0.0250	0.0750	0.0750	2.65549465e+09
0.0250	0.0750	0.0850	2.84153678e+09
0.0250	0.0750	0.0950	2.84546253e+09
0.0250	0.0750	0.1050	8.76900655e+08
0.0250	0.0850	0.0850	3.10615852e+09
0.0250	0.0850	0.0950	2.36495408e+09
0.0250	0.0850	0.1050	3.29002056e+09
0.0250	0.0850	0.1150	4.42628334e+09
0.0250	0.0950	0.0950	1.09124261e+09
0.0250	0.0950	0.1050	1.89692126e+09
0.0250	0.0950	0.1150	1.73681968e+09
0.0250	0.0950	0.1250	1.99730877e+09
0.0250	0.1050	0.1050	2.58436581e+08
0.0250	0.1050	0.1150	8.92151704e+08
0.0250	0.1050	0.1250	1.73190093e+09
0.0250	0.1050	0.1350	1.49089232e+09
0.0250	0.1150	0.1150	1.34754948e+09
0.0250	0.1150	0.1250	1.64698807e+09
0.0250	0.1150	0.1350	1.05502878e+09
0.0250	0.1150	0.1450	3.44758515e+09
0.0250	0.1250	0.1250	1.48786242e+09
0.0250	0.1250	0.1350	1.24776271e+09
0.0250	0.1250	0.1450	1.33998973e+09
0.0250	0.1350	0.1350	1.14940668e+09
0.0250	0.1350	0.1450	1.47725890e+09
0.0250	0.1450	0.1450	9.02419953e+08
0.0350	0.0350	0.0350	-7.45356561e+08
0.0350	0.0350	0.0450	2.86618798e+09
0.0350	0.0350	0.0550	-1.14894340e+09
0.0350	0.0350	0.0650	1.41124603e+09
0.0350	0.0350	0.0750	1.24570101e+10
0.0350	0.0450	0.0450	4.32865155e+09
0.0350	0.0450	0.0550	2.12985163e+09
0.0350	0.0450	0.0650	4.20333383e+09
0.0350	0.0450	0.0750	1.62813482e+09
0.0350	0.0450	0.0850	1.03023296e+10
0.0350	0.0550	0.0550	8.51740967e+08
0.0350	0.0550	0.0650	5.01666451e+09
0.0350	0.0550	0.0750	-4.51935010e+07
0.0350	0.0550	0.0850	2.31445045e+09
0.0350	0.0550	0.0950	7.14918830e+09
0.0350	0.0650	0.0650	1.18712545e+09
0.0350	0.0650	0.0750	2.96396946e+09
0.0350	0.0650	0.0850	2.59093029e+09
0.0350	0.0650	0.0950	4.62222205e+09
0.0350	0.0650	0.1050	3.44785540e+09
0.0350	0.0750	0.0750	8.10371990e+08
0.0350	0.0750	0.0850	2.43709752e+09
0.0350	0.0750	0.0950	1.44349141e+09
0.0350	0.0750	0.1050	1.36918970e+09
0.0350	0.0750	0.1150	2.54652187e+09
0.0350	0.0850	0.0850	1.41895372e+09
0.0350	0.0850	0.0950	2.70418218e+09
0.0350	0.0850	0.1050	1.68960464e+09
0.0350	0.0850	0.1150	1.87921976e+09
0.0350	0.0850	0.1250	2.14361291e+09
0.0350	0.0950	0.0950	6.63479388e+08
0.0350	0.0950	0.1050	1.20522097e+09
0.0350	0.0950	0.1150	1.15492080e+09
0.0350	0.0950	0.1250	1.33972632e+09
0.0350	0.0950	0.1350	4.35692335e+08
0.0350	0.1050	0.1050	9.68246011e+08
0.0350	0.1050	0.1150	8.36842934e+08
0.0350	0.1050	0.1250	2.02721553e+09
0.0350	0.1050	0.1350	1.44174449e+09
0.0350	0.1050	0.1450	1.49953736e+09
0.0350	0.1150	0.1150	9.67599423e+08
0.0350	0.1150	0.1250	7.66296057e+08
0.0350	0.1150	0.1350	1.53936707e+09
0.0350	0.1150	0.1450	1.55100528e+09
0.0350	0.1250	0.1250	6.35054993e+08
0.0350	0.1250	0.1350	1.31039170e+09
0.0350	0.1250	0.1450	1.25250285e+09
0.0350	0.1350	0.1350	9.22905761e+08
0.0350	0.1350	0.1450	6.90965893e+08
0.0350	0.1450	0.1450	7.32433380e+08
0.0450	0.0450	0.0450	-4.66308853e+09
0.0450	0.0450	0.0550	2.18722361e+09
0.0450	0.0450	0.0650	7.77158953e+08
0.0450	0.0450	0.0750	2.71185761e+09
0.0450	0.0450	0.0850	8.14408164e+08
0.0450	0.0450	0.0950	5.99730066e+08
0.0450	0.0550	0.0550	4.53446499e+09
0.0450	0.0550	0.0650	1.30581534e+09
0.0450	0.0550	0.0750	3.64164132e+09
0.0450	0.0550	0.0850	2.46210231e+09
0.0450	0.0550	0.0950	2.25553033e+09
0.0450	0.0550	0.1050	2.59543687e+09
0.0450	0.0650	0.0650	2.33209676e+09
0.0450	0.0650	0.0750	2.46650623e+09
0.0450	0.0650	0.0850	1.76126885e+09
0.0450	0.0650	0.0950	2.06136194e+09
0.0450	0.0650	0.1050	2.44963370e+09
0.0450	0.0650	0.1150	2.98369198e+09
0.0450	0.0750	0.0750	1.71405798e+09
0.0450	0.0750	0.0850	1.20631633e+09
0.0450	0.0750	0.0950	9.60131891e+08
0.0450	0.0750	0.1050	1.06495144e+09
0.0450	0.0750	0.1150	1.87565940e+09
0.0450	0.0750	0.1250	1.76813507e+09
0.0450	0.0850	0.0850	1.20462028e+09
0.0450	0.0850	0.0950	5.28137293e+08
0.0450	0.0850	0.1050	1.51929938e+09
0.0450	0.0850	0.1150	9.93369319e+08
0.0450	0.0850	0.1250	1.23255146e+09
0.0450	0.0850	0.1350	1.81389864e+09
0.0450	0.0950	0.0950	1.51721971e+09
0.0450	0.0950	0.1050	6.56796410e+08
0.0450	0.0950	0.1150	1.39756205e+09
0.0450	0.0950	0.1250	8.37150881e+08
0.0450	0.0950	0.1350	1.21983162e+09
0.0450	0.0950	0.1450	2.24743159e+09
0.0450	0.1050	0.1050	4.65776369e+08
0.0450	0.1050	0.1150	1.18100095e+09
0.0450	0.1050	0.1250	9.44051229e+08
0.0450	0.1050	0.1350	1.04087535e+09
0.0450	0.1050	0.1450	1.01110600e+09
0.0450	0.1150	0.1150	7.39369891e+08
0.0450	0.1150	0.1250	1.42029080e+09
0.0450	0.1150	0.1350	6.11567664e+08
0.0450	0.1150	0.1450	9.57764795e+08
0.0450	0.1250	0.1250	1.21832156e+09
0.0450	0.1250	0.1350	8.27138141e+08
0.0450	0.1250	0.1450	9.29110921e+08
0.0450	0.1350	0.1350	8.43575353e+08
0.0450	0.1350	0.1450	6.51940828e+08
0.0450	0.1450	0.1450	5.47640759e+08
0.0550	0.0550	0.0550	-7.95053053e+08
0.0550	0.0550	0.0650	9.45719399e+07
0.0550	0.0550	0.0750	7.20004172e+08
0.0550	0.0550	0.0850	8.41066697e+08
0.0550	0.0550	0.0950	3.11942106e+09
0.0550	0.0550	0.1050	1.87625427e+09
0.0550	0.0550	0.1150	2.16260012e+09
0.0550	0.0650	0.0650	2.48476827e+09
0.0550	0.0650	0.0750	1.94781083e+09
0.0550	0.0650	0.0850	1.06854917e+09
0.0550	0.0650	0.0950	1.32497910e+09
0.0550	0.0650	0.1050	2.53381601e+09
0.0550	0.0650	0.1150	2.38109940e+09
0.0550	0.0650	0.1250	9.88693250e+08
0.0550	0.0750	0.0750	1.64361435e+09
0.0550	0.0750	0.0850	1.66576720e+09
0.0550	0.0750	0.0950	1.36000992e+09
0.0550	0.0750	0.1050	1.02304914e+09
0.0550	0.0750	0.1150	1.22882656e+09
0.0550	0.0750	0.1250	1.76426161e+09
0.0550	0.0750	0.1350	1.80228796e+09
0.0550	0.0850	0.0850	7.34313414e+08
0.0550	0.0850	0.0950	1.55775506e+09
0.0550	0.0850	0.1050	1.35203319e+09
0.0550	0.0850	0.1150	1.29454938e+09
0.0550	0.0850	0.1250	1.94173477e+09
0.0550	0.0850	0.1350	1.53895029e+09
0.0550	0.0850	0.1450	1.00434762e+09
0.0550	0.0950	0.0950	1.71547324e+09
0.0550	0.0950	0.1050	3.30259145e+08
0.0550	0.0950	0.1150	8.00634988e+08
0.0550	0.0950	0.1250	1.19995514e+09
0.0550	0.0950	0.1350	9.85830659e+08
0.0550	0.0950	0.1450	1.33451614e+09
0.0550	0.1050	0.1050	8.48174862e+08
0.0550	0.1050	0.1150	1.05651448e+09
0.0550	0.1050	0.1250	6.19403972e+08
0.0550	0.1050	0.1350	1.05999469e+09
0.0550	0.1050	0.1450	1.06826775e+09
0.0550	0.1150	0.1150	7.21443080e+08
0.0550	0.1150	0.1250	9.80477308e+08
0.0550	0.1150	0.1350	6.82994364e+08
0.0550	0.1150	0.1450	1.18432632e+09
0.0550	0.1250	0.1250	3.95412510e+08
0.0550	0.1250	0.1350	8.60344837e+08
0.0550	0.1250	0.1450	7.94132583e+08
0.0550	0.1350	0.1350	-2.32515306e+07
0.0550	0.1350	0.1450	8.12331216e+08
0.0550	0.1450	0.1450	8.75112418e+08
0.0650	0.0650	0.0650	3.82790145e+09
0.0650	0.0650	0.0750	1.56086698e+09
0.0650	0.0650	0.0850	1.35306136e+09
0.0650	0.0650	0.0950	1.83333939e+09
0.0650	0.0650	0.1050	8.56855449e+08
0.0650	0.0650	0.1150	8.24375081e+08
0.0650	0.0650	0.1250	2.24653836e+09
0.0650	0.0650	0.1350	2.07517683e+09
0.0650	0.0750	0.0750	1.46250709e+09
0.0650	0.0750	0.0850	1.23701731e+09
0.0650	0.0750	0.0950	1.30017468e+09
0.0650	0.0750	0.1050	1.04362278e+09
0.0650	0.0750	0.1150	1.42077002e+09
0.0650	0.0750	0.1250	1.37688827e+09
0.0650	0.0750	0.1350	1.24776073e+09
0.0650	0.0750	0.1450	1.41649642e+09
0.0650	0.0850	0.0850	1.18529481e+09
0.0650	0.0850	0.0950	3.53378204e+08
0.0650	0.0850	0.1050	1.09212306e+09
0.0650	0.0850	0.1150	1.13769247e+09
0.0650	0.0850	0.1250	1.34646819e+09
0.0650	0.0850	0.1350	1.05041816e+09
0.0650	0.0850	0.1450	1.74299321e+09
0.0650	0.0950	0.0950	1.49744493e+09
0.0650	0.0950	0.1050	6.66980019e+08
0.0650	0.0950	0.1150	1.19926925e+09
0.0650	0.0950	0.1250	6.34363672e+08
0.0650	0.0950	0.1350	7.91063305e+08
0.0650	0.0950	0.1450	1.02221685e+09
0.0650	0.1050	0.1050	7.67077139e+08
0.0650	0.1050	0.1150	6.48830610e+08
0.0650	0.1050	0.1250	1.13567504e+09
0.0650	0.1050	0.1350	8.04389966e+08
0.0650	0.1050	0.1450	7.43563283e+08
0.0650	0.1150	0.1150	1.00109297e+09
0.0650	0.1150	0.1250	5.29439865e+08
0.0650	0.1150	0.1350	9.81176061e+08
0.0650	0.1150	0.1450	5.55731212e+08
0.0650	0.1250	0.1250	6.04287059e+08
0.0650	0.1250	0.1350	5.12015222e+08
0.0650	0.1250	0.1450	5.40204786e+08
0.0650	0.1350	0.1350	1.09417217e+09
0.0650	0.1350	0.1450	5.64487134e+08
0.0650	0.1450	0.1450	7.05207672e+08
0.0750	0.0750	0.0750	9.44215518e+08
0.0750	0.0750	0.0850	1.85961689e+09
0.0750	0.0750	0.0950	6.67231149e+08
0.0750	0.0750	0.1050	1.15409824e+09
0.0750	0.0750	0.1150	1.28657678e+09
0.0750	0.0750	0.1250	1.01020170e+09
0.0750	0.0750	0.1350	1.39966092e+09
0.0750	0.0750	0.1450	1.29450383e+09
0.0750	0.0850	0.0850	1.89717626e+09
0.0750	0.0850	0.0950	1.14978314e+09
0.0750	0.0850	0.1050	8.03656579e+08
0.0750	0.0850	0.1150	1.05858562e+09
0.0750	0.0850	0.1250	8.86612222e+08
0.0750	0.0850	0.1350	9.87628429e+08
0.0750	0.0850	0.1450	6.74102762e+08
0.0750	0.0950	0.0950	1.07574925e+09
0.0750	0.0950	0.1050	6.92338343e+08
0.0750	0.0950	0.1150	3.07754423e+08
0.0750	0.0950	0.1250	9.30805455e+08
0.0750	0.0950	0.1350	9.98703143e+08
0.0750	0.0950	0.1450	7.10440609e+08
0.0750	0.1050	0.1050	6.55700097e+08
0.0750	0.1050	0.1150	7.71581063e+08
0.0750	0.1050	0.1250	5.42707465e+08
0.0750	0.1050	0.1350	5.78415951e+08
0.0750	0.1050	0.1450	9.38373121e+08
0.0750	0.1150	0.1150	6.11833989e+08
0.0750	0.1150	0.1250	9.15035188e+08
0.0750	0.1150	0.1350	4.82183749e+08
0.0750	0.1150	0.1450	6.93240864e+08
0.0750	0.1250	0.1250	6.67820072e+08
0.0750	0.1250	0.1350	5.67299099e+08
0.0750	0.1250	0.1450	7.37157991e+08
0.0750	0.1350	0.1350	6.14336886e+08
0.0750	0.1350	0.1450	5.15805114e+08
0.0750	0.1450	0.1450	2.72085275e+08
0.0850	0.0850	0.0850	4.16002056e+08
0.0850	0.0850	0.0950	6.94493814e+08
0.0850	0.0850	0.1050	8.69432581e+08
0.0850	0.0850	0.1150	6.14507680e+08
0.0850	0.0850	0.1250	1.23738264e+09
0.0850	0.0850	0.1350	9.36753947e+08
0.0850	0.0850	0.1450	1.20524364e+09
0.0850	0.0950	0.0950	4.09248796e+08
0.0850	0.0950	0.1050	6.50884192e+08
0.0850	0.0950	0.1150	6.46286646e+08
0.0850	0.0950	0.1250	6.77694727e+08
0.0850	0.0950	0.1350	6.22574081e+08
0.0850	0.0950	0.1450	4.07382181e+08
0.0850	0.1050	0.1050	3.83803952e+08
0.0850	0.1050	0.1150	8.97211906e+08
0.0850	0.1050	0.1250	8.56722437e+08
0.0850	0.1050	0.1350	6.09850278e+08
0.0850	0.1050	0.1450	4.70559575e+08
0.0850	0.1150	0.1150	1.75457306e+08
0.0850	0.1150	0.1250	3.79656366e+08
0.0850	0.1150	0.1350	6.89797396e+08
0.0850	0.1150	0.1450	6.13578584e+08
0.0850	0.1250	0.1250	6.65340932e+08
0.0850	0.1250	0.1350	7.38711004e+08
0.0850	0.1250	0.1450	4.65324793e+08
0.0850	0.1350	0.1350	6.05350608e+08
0.0850	0.1350	0.1450	6.72130659e+08
0.0850	0.1450	0.1450	4.29623492e+08
0.0950	0.0950	0.0950	2.18473042e+07
0.0950	0.0950	0.1050	8.33265712e+08
0.0950	0.0950	0.1150	4.26540220e+08
0.0950	0.0950	0.1250	8.06467520e+08
0.0950	0.0950	0.1350	6.47151461e+08
0.0950	0.0950	0.1450	6.28469054e+08
0.0950	0.1050	0.1050	4.01932819e+08
0.0950	0.1050	0.1150	6.10730200e+08
0.0950	0.1050	0.1250	3.25939888e+08
0.0950	0.1050	0.1350	4.21735568e+08
0.0950	0.1050	0.1450	6.76164276e+08
0.0950	0.1150	0.1150	3.25556818e+08
0.0950	0.1150	0.1250	6.24333797e+08
0.0950	0.1150	0.1350	4.49548902e+08
0.0950	0.1150	0.1450	5.91929756e+08
0.0950	0.1250	0.1250	6.38575732e+08
0.0950	0.1250	0.1350	5.31536424e+08
0.0950	0.1250	0.1450	4.58086290e+08
0.0950	0.1350	0.1350	3.91085751e+08
0.0950	0.1350	0.1450	3.37566988e+08
0.0950	0.1450	0.1450	5.05495264e+08
0.1050	0.1050	0.1050	1.05265527e+09
0.1050	0.1050	0.1150	8.43378411e+07
0.1050	0.1050	0.1250	6.00539184e+08
0.1050	0.1050	0.1350	6.39730908e+08
0.1050	0.1050	0.1450	2.78931103e+08
0.1050	0.1150	0.1150	2.68232819e+08
0.1050	0.1150	0.1250	4.80197658e+08
0.1050	0.1150	0.1350	5.17517983e+08
0.1050	0.1150	0.1450	4.21131607e+08
0.1050	0.1250	0.1250	3.97946190e+08
0.1050	0.1250	0.1350	4.79822236e+08
0.1050	0.1250	0.1450	3.82432825e+08
0.1050	0.1350	0.1350	4.08908344e+08
0.1050	0.1350	0.1450	4.64976616e+08
0.1050	0.1450	0.1450	3.02802070e+08
0.1150	0.1150	0.1150	1.10223886e+09
0.1150	0.1150	0.1250	1.72039282e+08
0.1150	0.1150	0.1350	6.50126522e+08
0.1150	0.1150	0.1450	4.14642882e+08
0.1150	0.1250	0.1250	3.69266014e+08
0.1150	0.1250	0.1350	4.06824540e+08
0.1150	0.1250	0.1450	3.73416276e+08
0.1150	0.1350	0.1350	5.76417809e+08
0.1150	0.1350	0.1450	3.32273709e+08
0.1150	0.1450	0.1450	4.46760253e+08
0.1250	0.1250	0.1250	7.48661422e+08
0.1250	0.1250	0.1350	3.81559583e+08
0.1250	0.1250	0.1450	4.55237758e+08
0.1250	0.1350	0.1350	5.67766338e+08
0.1250	0.1350	0.1450	2.98933287e+08
0.1250	0.1450	0.1450	4.24585694e+08
0.1350	0.1350	0.1350	5.24180454e+08
0.1350	0.1350	0.1450	5.55175527e+08
0.1350	0.1450	0.1450	2.28880205e+08
0.1450	0.1450	0.1450	3.91996820e+08
