####### Bispectrum of Patchy Simulation 655 #############
# Patch: ngc
# z-type: z1
# Weights: fkp
# Fiducial Omega_m: 0.310
# Fiducial h: 0.676
# Boxsize: [1350.0, 2450.0, 1400.0]
# Grid: [126, 230, 130]
# k-binning: [0.000, 0.160, 0.010]
# Monte Carlo Simulations: 100
#
# Format: k1 | k2 | k3 | B(k1,k2,k3)
############################################
0.0150	0.0150	0.0150	-1.43670285e+10
0.0150	0.0150	0.0250	6.95476968e+08
0.0150	0.0150	0.0350	7.68435153e+09
0.0150	0.0250	0.0250	4.76107559e+09
0.0150	0.0250	0.0350	7.73471866e+08
0.0150	0.0250	0.0450	-1.45982944e+09
0.0150	0.0350	0.0350	2.33397696e+09
0.0150	0.0350	0.0450	4.49536179e+09
0.0150	0.0350	0.0550	7.59858750e+09
0.0150	0.0450	0.0450	2.61497189e+09
0.0150	0.0450	0.0550	2.74143752e+09
0.0150	0.0450	0.0650	-1.81947729e+09
0.0150	0.0550	0.0550	2.09861662e+09
0.0150	0.0550	0.0650	3.46181926e+09
0.0150	0.0550	0.0750	6.24255382e+09
0.0150	0.0650	0.0650	1.29789440e+09
0.0150	0.0650	0.0750	3.11891086e+09
0.0150	0.0650	0.0850	1.29814833e+09
0.0150	0.0750	0.0750	1.13161691e+09
0.0150	0.0750	0.0850	1.30986322e+09
0.0150	0.0750	0.0950	2.96798065e+09
0.0150	0.0850	0.0850	2.33919840e+09
0.0150	0.0850	0.0950	2.44242378e+09
0.0150	0.0850	0.1050	1.61576323e+08
0.0150	0.0950	0.0950	1.65936629e+09
0.0150	0.0950	0.1050	2.19896393e+09
0.0150	0.0950	0.1150	1.16116333e+08
0.0150	0.1050	0.1050	1.27796404e+09
0.0150	0.1050	0.1150	1.25424622e+09
0.0150	0.1050	0.1250	1.11367694e+09
0.0150	0.1150	0.1150	1.05332033e+09
0.0150	0.1150	0.1250	1.33012966e+09
0.0150	0.1150	0.1350	2.09766291e+09
0.0150	0.1250	0.1250	7.88007326e+08
0.0150	0.1250	0.1350	9.83451641e+08
0.0150	0.1250	0.1450	5.32227975e+08
0.0150	0.1350	0.1350	7.56121399e+08
0.0150	0.1350	0.1450	1.28672395e+09
0.0150	0.1450	0.1450	6.85285804e+08
0.0250	0.0250	0.0250	1.15682891e+10
0.0250	0.0250	0.0350	4.46951038e+09
0.0250	0.0250	0.0450	8.20726945e+09
0.0250	0.0250	0.0550	1.82210978e+10
0.0250	0.0350	0.0350	2.03258454e+09
0.0250	0.0350	0.0450	3.52945621e+09
0.0250	0.0350	0.0550	2.15896282e+09
0.0250	0.0350	0.0650	9.23160641e+09
0.0250	0.0450	0.0450	2.80427864e+09
0.0250	0.0450	0.0550	4.58942109e+09
0.0250	0.0450	0.0650	3.24042705e+09
0.0250	0.0450	0.0750	2.86440897e+09
0.0250	0.0550	0.0550	3.46580147e+09
0.0250	0.0550	0.0650	3.22552783e+09
0.0250	0.0550	0.0750	2.99302662e+09
0.0250	0.0550	0.0850	4.14850227e+09
0.0250	0.0650	0.0650	2.04367705e+09
0.0250	0.0650	0.0750	2.85507214e+09
0.0250	0.0650	0.0850	4.01569681e+09
0.0250	0.0650	0.0950	3.85689811e+09
0.0250	0.0750	0.0750	1.96622040e+09
0.0250	0.0750	0.0850	2.20506695e+09
0.0250	0.0750	0.0950	2.80621468e+09
0.0250	0.0750	0.1050	3.49088905e+09
0.0250	0.0850	0.0850	6.13900401e+08
0.0250	0.0850	0.0950	2.54929519e+09
0.0250	0.0850	0.1050	2.89253055e+09
0.0250	0.0850	0.1150	3.70100659e+09
0.0250	0.0950	0.0950	8.80842024e+08
0.0250	0.0950	0.1050	1.10039137e+09
0.0250	0.0950	0.1150	2.26012596e+09
0.0250	0.0950	0.1250	2.71387750e+09
0.0250	0.1050	0.1050	1.16169866e+09
0.0250	0.1050	0.1150	1.56761125e+09
0.0250	0.1050	0.1250	1.51696660e+09
0.0250	0.1050	0.1350	1.51630498e+09
0.0250	0.1150	0.1150	7.07522956e+08
0.0250	0.1150	0.1250	1.32283114e+09
0.0250	0.1150	0.1350	1.46297460e+09
0.0250	0.1150	0.1450	2.58676027e+09
0.0250	0.1250	0.1250	7.71563326e+08
0.0250	0.1250	0.1350	1.27701531e+09
0.0250	0.1250	0.1450	1.44634942e+09
0.0250	0.1350	0.1350	1.01980658e+09
0.0250	0.1350	0.1450	6.98188768e+08
0.0250	0.1450	0.1450	8.57050409e+08
0.0350	0.0350	0.0350	2.41919459e+09
0.0350	0.0350	0.0450	1.16773391e+09
0.0350	0.0350	0.0550	5.39590459e+09
0.0350	0.0350	0.0650	1.05865671e+09
0.0350	0.0350	0.0750	9.02789674e+09
0.0350	0.0450	0.0450	2.42942061e+09
0.0350	0.0450	0.0550	2.36374066e+09
0.0350	0.0450	0.0650	4.27315473e+09
0.0350	0.0450	0.0750	3.92960825e+09
0.0350	0.0450	0.0850	1.42200516e+09
0.0350	0.0550	0.0550	3.43796563e+09
0.0350	0.0550	0.0650	2.54472529e+09
0.0350	0.0550	0.0750	2.68671095e+09
0.0350	0.0550	0.0850	2.62319252e+09
0.0350	0.0550	0.0950	3.51462152e+09
0.0350	0.0650	0.0650	2.30647632e+09
0.0350	0.0650	0.0750	1.30808568e+09
0.0350	0.0650	0.0850	2.43480077e+09
0.0350	0.0650	0.0950	3.08611398e+09
0.0350	0.0650	0.1050	2.16540617e+09
0.0350	0.0750	0.0750	7.50572795e+08
0.0350	0.0750	0.0850	2.33156489e+09
0.0350	0.0750	0.0950	1.71910486e+09
0.0350	0.0750	0.1050	2.58033997e+09
0.0350	0.0750	0.1150	3.38957983e+09
0.0350	0.0850	0.0850	1.45430731e+09
0.0350	0.0850	0.0950	1.16160561e+09
0.0350	0.0850	0.1050	1.50531577e+09
0.0350	0.0850	0.1150	1.50066043e+09
0.0350	0.0850	0.1250	1.99093723e+09
0.0350	0.0950	0.0950	1.98935048e+09
0.0350	0.0950	0.1050	9.55343922e+08
0.0350	0.0950	0.1150	1.14811686e+09
0.0350	0.0950	0.1250	1.81113372e+09
0.0350	0.0950	0.1350	2.48273400e+09
0.0350	0.1050	0.1050	5.78796399e+08
0.0350	0.1050	0.1150	7.45567532e+08
0.0350	0.1050	0.1250	9.79136862e+08
0.0350	0.1050	0.1350	1.63976065e+09
0.0350	0.1050	0.1450	1.20097709e+09
0.0350	0.1150	0.1150	1.20267482e+09
0.0350	0.1150	0.1250	1.00174687e+09
0.0350	0.1150	0.1350	1.17137740e+09
0.0350	0.1150	0.1450	1.13702591e+09
0.0350	0.1250	0.1250	1.23790533e+09
0.0350	0.1250	0.1350	8.65397253e+08
0.0350	0.1250	0.1450	1.09128540e+09
0.0350	0.1350	0.1350	9.27051983e+08
0.0350	0.1350	0.1450	7.93219720e+08
0.0350	0.1450	0.1450	8.13413019e+08
0.0450	0.0450	0.0450	2.04962693e+09
0.0450	0.0450	0.0550	2.45979678e+09
0.0450	0.0450	0.0650	1.07676083e+09
0.0450	0.0450	0.0750	2.20403777e+09
0.0450	0.0450	0.0850	2.08090626e+09
0.0450	0.0450	0.0950	3.21017051e+09
0.0450	0.0550	0.0550	1.23164816e+09
0.0450	0.0550	0.0650	1.99454873e+09
0.0450	0.0550	0.0750	1.62076204e+09
0.0450	0.0550	0.0850	1.56301105e+09
0.0450	0.0550	0.0950	1.90549424e+09
0.0450	0.0550	0.1050	2.22185090e+09
0.0450	0.0650	0.0650	2.02635684e+09
0.0450	0.0650	0.0750	1.39426851e+09
0.0450	0.0650	0.0850	1.37491900e+09
0.0450	0.0650	0.0950	1.31717725e+09
0.0450	0.0650	0.1050	2.89185897e+09
0.0450	0.0650	0.1150	1.92519374e+09
0.0450	0.0750	0.0750	8.75650826e+08
0.0450	0.0750	0.0850	1.33116226e+09
0.0450	0.0750	0.0950	1.50174770e+09
0.0450	0.0750	0.1050	1.56263828e+09
0.0450	0.0750	0.1150	1.53062646e+09
0.0450	0.0750	0.1250	8.46739823e+08
0.0450	0.0850	0.0850	1.15631480e+09
0.0450	0.0850	0.0950	1.15263451e+09
0.0450	0.0850	0.1050	9.31754653e+08
0.0450	0.0850	0.1150	1.38921095e+09
0.0450	0.0850	0.1250	1.20013451e+09
0.0450	0.0850	0.1350	1.46305545e+09
0.0450	0.0950	0.0950	8.43319948e+08
0.0450	0.0950	0.1050	7.82645397e+08
0.0450	0.0950	0.1150	9.17747878e+08
0.0450	0.0950	0.1250	1.22879639e+09
0.0450	0.0950	0.1350	1.35044291e+09
0.0450	0.0950	0.1450	1.18489877e+09
0.0450	0.1050	0.1050	1.19291279e+09
0.0450	0.1050	0.1150	8.08537346e+08
0.0450	0.1050	0.1250	1.03523198e+09
0.0450	0.1050	0.1350	8.50596255e+08
0.0450	0.1050	0.1450	1.14904180e+09
0.0450	0.1150	0.1150	4.85765754e+08
0.0450	0.1150	0.1250	8.84360355e+08
0.0450	0.1150	0.1350	7.30695671e+08
0.0450	0.1150	0.1450	9.00744302e+08
0.0450	0.1250	0.1250	8.49056549e+08
0.0450	0.1250	0.1350	7.13083723e+08
0.0450	0.1250	0.1450	5.26743370e+08
0.0450	0.1350	0.1350	5.48675512e+08
0.0450	0.1350	0.1450	7.04286758e+08
0.0450	0.1450	0.1450	5.63839767e+08
0.0550	0.0550	0.0550	2.70275323e+09
0.0550	0.0550	0.0650	2.41956320e+09
0.0550	0.0550	0.0750	8.93383312e+08
0.0550	0.0550	0.0850	1.26654238e+09
0.0550	0.0550	0.0950	1.73357590e+09
0.0550	0.0550	0.1050	1.90150793e+09
0.0550	0.0550	0.1150	5.84857378e+08
0.0550	0.0650	0.0650	2.20814553e+09
0.0550	0.0650	0.0750	1.65457152e+09
0.0550	0.0650	0.0850	1.02809904e+09
0.0550	0.0650	0.0950	1.62994425e+09
0.0550	0.0650	0.1050	1.34591334e+09
0.0550	0.0650	0.1150	1.81346264e+09
0.0550	0.0650	0.1250	2.55234617e+09
0.0550	0.0750	0.0750	1.12920598e+09
0.0550	0.0750	0.0850	1.10410017e+09
0.0550	0.0750	0.0950	1.14429805e+09
0.0550	0.0750	0.1050	1.27081089e+09
0.0550	0.0750	0.1150	1.46573423e+09
0.0550	0.0750	0.1250	1.56634585e+09
0.0550	0.0750	0.1350	2.44772370e+09
0.0550	0.0850	0.0850	7.43673526e+08
0.0550	0.0850	0.0950	8.56043567e+08
0.0550	0.0850	0.1050	1.04920502e+09
0.0550	0.0850	0.1150	1.04111874e+09
0.0550	0.0850	0.1250	1.16550347e+09
0.0550	0.0850	0.1350	1.29394952e+09
0.0550	0.0850	0.1450	1.38920146e+09
0.0550	0.0950	0.0950	7.34426226e+08
0.0550	0.0950	0.1050	7.35580494e+08
0.0550	0.0950	0.1150	6.03248268e+08
0.0550	0.0950	0.1250	9.07522009e+08
0.0550	0.0950	0.1350	1.04728750e+09
0.0550	0.0950	0.1450	1.19821322e+09
0.0550	0.1050	0.1050	1.01266842e+09
0.0550	0.1050	0.1150	7.80403712e+08
0.0550	0.1050	0.1250	8.72171264e+08
0.0550	0.1050	0.1350	7.43794071e+08
0.0550	0.1050	0.1450	1.01525219e+09
0.0550	0.1150	0.1150	4.98179715e+08
0.0550	0.1150	0.1250	6.28675399e+08
0.0550	0.1150	0.1350	7.02523101e+08
0.0550	0.1150	0.1450	7.56865641e+08
0.0550	0.1250	0.1250	6.04662362e+08
0.0550	0.1250	0.1350	6.56781909e+08
0.0550	0.1250	0.1450	6.13701947e+08
0.0550	0.1350	0.1350	4.67365102e+08
0.0550	0.1350	0.1450	6.58025414e+08
0.0550	0.1450	0.1450	6.00996743e+08
0.0650	0.0650	0.0650	8.28335122e+08
0.0650	0.0650	0.0750	9.25001743e+08
0.0650	0.0650	0.0850	1.16058860e+09
0.0650	0.0650	0.0950	1.25941305e+09
0.0650	0.0650	0.1050	9.04215830e+08
0.0650	0.0650	0.1150	1.13649207e+09
0.0650	0.0650	0.1250	1.29317568e+09
0.0650	0.0650	0.1350	1.27546432e+09
0.0650	0.0750	0.0750	1.57274266e+09
0.0650	0.0750	0.0850	1.08069871e+09
0.0650	0.0750	0.0950	1.25897182e+09
0.0650	0.0750	0.1050	7.91255332e+08
0.0650	0.0750	0.1150	9.69772252e+08
0.0650	0.0750	0.1250	1.35610226e+09
0.0650	0.0750	0.1350	1.43977581e+09
0.0650	0.0750	0.1450	1.90063974e+09
0.0650	0.0850	0.0850	7.01611806e+08
0.0650	0.0850	0.0950	8.79917136e+08
0.0650	0.0850	0.1050	7.95493687e+08
0.0650	0.0850	0.1150	7.52482608e+08
0.0650	0.0850	0.1250	8.59633234e+08
0.0650	0.0850	0.1350	1.09014330e+09
0.0650	0.0850	0.1450	1.18762623e+09
0.0650	0.0950	0.0950	7.90231426e+08
0.0650	0.0950	0.1050	5.88202042e+08
0.0650	0.0950	0.1150	8.21306198e+08
0.0650	0.0950	0.1250	7.82905746e+08
0.0650	0.0950	0.1350	8.04628285e+08
0.0650	0.0950	0.1450	9.80793217e+08
0.0650	0.1050	0.1050	5.72688750e+08
0.0650	0.1050	0.1150	6.52180422e+08
0.0650	0.1050	0.1250	7.73011592e+08
0.0650	0.1050	0.1350	7.87331079e+08
0.0650	0.1050	0.1450	6.94778173e+08
0.0650	0.1150	0.1150	7.84849615e+08
0.0650	0.1150	0.1250	5.14174941e+08
0.0650	0.1150	0.1350	4.89941300e+08
0.0650	0.1150	0.1450	5.58278720e+08
0.0650	0.1250	0.1250	6.22689739e+08
0.0650	0.1250	0.1350	5.45796324e+08
0.0650	0.1250	0.1450	5.54711420e+08
0.0650	0.1350	0.1350	5.93762798e+08
0.0650	0.1350	0.1450	5.80629275e+08
0.0650	0.1450	0.1450	4.91856295e+08
0.0750	0.0750	0.0750	7.56130909e+08
0.0750	0.0750	0.0850	3.39996466e+08
0.0750	0.0750	0.0950	7.85736745e+08
0.0750	0.0750	0.1050	6.97717005e+08
0.0750	0.0750	0.1150	1.03605916e+09
0.0750	0.0750	0.1250	1.11423800e+09
0.0750	0.0750	0.1350	1.02569960e+09
0.0750	0.0750	0.1450	1.16294101e+09
0.0750	0.0850	0.0850	1.00491382e+09
0.0750	0.0850	0.0950	7.81978494e+08
0.0750	0.0850	0.1050	6.66046728e+08
0.0750	0.0850	0.1150	7.56786729e+08
0.0750	0.0850	0.1250	6.21362140e+08
0.0750	0.0850	0.1350	9.15800644e+08
0.0750	0.0850	0.1450	9.03092795e+08
0.0750	0.0950	0.0950	5.34913500e+08
0.0750	0.0950	0.1050	7.33351186e+08
0.0750	0.0950	0.1150	6.17568030e+08
0.0750	0.0950	0.1250	7.48329555e+08
0.0750	0.0950	0.1350	6.76797941e+08
0.0750	0.0950	0.1450	6.85934591e+08
0.0750	0.1050	0.1050	4.30106605e+08
0.0750	0.1050	0.1150	6.47210592e+08
0.0750	0.1050	0.1250	5.39011945e+08
0.0750	0.1050	0.1350	5.03979114e+08
0.0750	0.1050	0.1450	5.74918452e+08
0.0750	0.1150	0.1150	2.06752637e+08
0.0750	0.1150	0.1250	4.97686660e+08
0.0750	0.1150	0.1350	6.51901421e+08
0.0750	0.1150	0.1450	5.97444224e+08
0.0750	0.1250	0.1250	6.97739228e+08
0.0750	0.1250	0.1350	5.77468475e+08
0.0750	0.1250	0.1450	5.70026017e+08
0.0750	0.1350	0.1350	4.60299832e+08
0.0750	0.1350	0.1450	4.65799596e+08
0.0750	0.1450	0.1450	4.51744606e+08
0.0850	0.0850	0.0850	5.66954485e+08
0.0850	0.0850	0.0950	8.51333523e+08
0.0850	0.0850	0.1050	6.80528710e+08
0.0850	0.0850	0.1150	7.84413159e+08
0.0850	0.0850	0.1250	5.93198898e+08
0.0850	0.0850	0.1350	5.83084532e+08
0.0850	0.0850	0.1450	7.62610321e+08
0.0850	0.0950	0.0950	8.48475887e+08
0.0850	0.0950	0.1050	5.14607947e+08
0.0850	0.0950	0.1150	5.46941551e+08
0.0850	0.0950	0.1250	5.69646811e+08
0.0850	0.0950	0.1350	6.41349525e+08
0.0850	0.0950	0.1450	6.01542113e+08
0.0850	0.1050	0.1050	6.58377457e+08
0.0850	0.1050	0.1150	5.08398161e+08
0.0850	0.1050	0.1250	4.45554612e+08
0.0850	0.1050	0.1350	4.04760611e+08
0.0850	0.1050	0.1450	4.70331599e+08
0.0850	0.1150	0.1150	6.05710474e+08
0.0850	0.1150	0.1250	4.90524278e+08
0.0850	0.1150	0.1350	4.94652214e+08
0.0850	0.1150	0.1450	4.80376437e+08
0.0850	0.1250	0.1250	5.09825985e+08
0.0850	0.1250	0.1350	4.49570488e+08
0.0850	0.1250	0.1450	4.44023894e+08
0.0850	0.1350	0.1350	4.64713469e+08
0.0850	0.1350	0.1450	3.84805905e+08
0.0850	0.1450	0.1450	3.28450961e+08
0.0950	0.0950	0.0950	3.55305935e+08
0.0950	0.0950	0.1050	7.38684298e+08
0.0950	0.0950	0.1150	5.33990244e+08
0.0950	0.0950	0.1250	4.22046946e+08
0.0950	0.0950	0.1350	4.70885417e+08
0.0950	0.0950	0.1450	5.18827882e+08
0.0950	0.1050	0.1050	3.19597586e+08
0.0950	0.1050	0.1150	2.91799583e+08
0.0950	0.1050	0.1250	3.82586695e+08
0.0950	0.1050	0.1350	4.88574288e+08
0.0950	0.1050	0.1450	3.60124993e+08
0.0950	0.1150	0.1150	3.79749592e+08
0.0950	0.1150	0.1250	3.65777358e+08
0.0950	0.1150	0.1350	4.90190620e+08
0.0950	0.1150	0.1450	3.70523566e+08
0.0950	0.1250	0.1250	4.70502942e+08
0.0950	0.1250	0.1350	3.61574147e+08
0.0950	0.1250	0.1450	4.06381911e+08
0.0950	0.1350	0.1350	3.89786857e+08
0.0950	0.1350	0.1450	3.12805333e+08
0.0950	0.1450	0.1450	4.55331192e+08
0.1050	0.1050	0.1050	2.31823304e+08
0.1050	0.1050	0.1150	3.70456817e+08
0.1050	0.1050	0.1250	2.27494711e+08
0.1050	0.1050	0.1350	3.99682132e+08
0.1050	0.1050	0.1450	4.70162440e+08
0.1050	0.1150	0.1150	2.82816749e+08
0.1050	0.1150	0.1250	3.86234563e+08
0.1050	0.1150	0.1350	3.55738712e+08
0.1050	0.1150	0.1450	3.39058958e+08
0.1050	0.1250	0.1250	3.15693981e+08
0.1050	0.1250	0.1350	3.61020579e+08
0.1050	0.1250	0.1450	3.25804455e+08
0.1050	0.1350	0.1350	4.53904134e+08
0.1050	0.1350	0.1450	3.40023146e+08
0.1050	0.1450	0.1450	2.89176418e+08
0.1150	0.1150	0.1150	2.22441524e+08
0.1150	0.1150	0.1250	3.48586672e+08
0.1150	0.1150	0.1350	3.29639123e+08
0.1150	0.1150	0.1450	2.97807690e+08
0.1150	0.1250	0.1250	2.13663772e+08
0.1150	0.1250	0.1350	3.15008186e+08
0.1150	0.1250	0.1450	3.64292978e+08
0.1150	0.1350	0.1350	3.07047645e+08
0.1150	0.1350	0.1450	2.44931089e+08
0.1150	0.1450	0.1450	3.15840625e+08
0.1250	0.1250	0.1250	2.93969424e+08
0.1250	0.1250	0.1350	3.81628230e+08
0.1250	0.1250	0.1450	2.83085184e+08
0.1250	0.1350	0.1350	3.66143899e+08
0.1250	0.1350	0.1450	2.53439483e+08
0.1250	0.1450	0.1450	2.34540526e+08
0.1350	0.1350	0.1350	2.73937575e+08
0.1350	0.1350	0.1450	1.72471648e+08
0.1350	0.1450	0.1450	3.34873454e+08
0.1450	0.1450	0.1450	3.14035475e+08
