####### Bispectrum of Patchy Simulation 94 #############
# Patch: sgc
# z-type: z1
# Weights: fkp
# Fiducial Omega_m: 0.310
# Fiducial h: 0.676
# Boxsize: [1000.0, 1900.0, 1100.0]
# Grid: [95, 180, 105]
# k-binning: [0.000, 0.160, 0.010]
# Monte Carlo Simulations: 100
#
# Format: k1 | k2 | k3 | B(k1,k2,k3)
############################################
0.0150	0.0150	0.0150	-3.29247535e+10
0.0150	0.0150	0.0250	2.89351964e+10
0.0150	0.0150	0.0350	5.19933982e+10
0.0150	0.0250	0.0250	7.57299885e+09
0.0150	0.0250	0.0350	-2.05753988e+09
0.0150	0.0250	0.0450	1.95004656e+10
0.0150	0.0350	0.0350	1.36406261e+10
0.0150	0.0350	0.0450	9.01882428e+09
0.0150	0.0350	0.0550	2.09684561e+10
0.0150	0.0450	0.0450	5.24766296e+09
0.0150	0.0450	0.0550	9.12405373e+09
0.0150	0.0450	0.0650	1.43978364e+08
0.0150	0.0550	0.0550	6.12923723e+08
0.0150	0.0550	0.0650	6.07000612e+09
0.0150	0.0550	0.0750	3.40478816e+09
0.0150	0.0650	0.0650	4.42337248e+09
0.0150	0.0650	0.0750	2.83728336e+09
0.0150	0.0650	0.0850	8.95260718e+09
0.0150	0.0750	0.0750	5.18994071e+09
0.0150	0.0750	0.0850	3.25841711e+09
0.0150	0.0750	0.0950	7.23681571e+09
0.0150	0.0850	0.0850	1.40826164e+09
0.0150	0.0850	0.0950	3.07293255e+09
0.0150	0.0850	0.1050	6.58546135e+09
0.0150	0.0950	0.0950	3.97817388e+08
0.0150	0.0950	0.1050	2.14462234e+09
0.0150	0.0950	0.1150	-4.63954085e+08
0.0150	0.1050	0.1050	2.75974142e+09
0.0150	0.1050	0.1150	2.33894320e+09
0.0150	0.1050	0.1250	2.03808794e+09
0.0150	0.1150	0.1150	2.01461267e+09
0.0150	0.1150	0.1250	2.66760700e+09
0.0150	0.1150	0.1350	1.97926031e+09
0.0150	0.1250	0.1250	1.79510636e+09
0.0150	0.1250	0.1350	1.22694600e+09
0.0150	0.1250	0.1450	2.18614378e+09
0.0150	0.1350	0.1350	2.06455087e+09
0.0150	0.1350	0.1450	1.40144895e+09
0.0150	0.1450	0.1450	1.27353612e+09
0.0250	0.0250	0.0250	1.31574070e+10
0.0250	0.0250	0.0350	1.22698692e+10
0.0250	0.0250	0.0450	1.15263904e+10
0.0250	0.0250	0.0550	2.19396809e+10
0.0250	0.0350	0.0350	-5.45716515e+09
0.0250	0.0350	0.0450	-7.43962844e+07
0.0250	0.0350	0.0550	9.38891713e+09
0.0250	0.0350	0.0650	7.55163442e+09
0.0250	0.0450	0.0450	2.39706830e+09
0.0250	0.0450	0.0550	7.43069941e+08
0.0250	0.0450	0.0650	7.90680015e+09
0.0250	0.0450	0.0750	4.41224332e+09
0.0250	0.0550	0.0550	6.82830993e+09
0.0250	0.0550	0.0650	3.13424158e+09
0.0250	0.0550	0.0750	7.02913036e+09
0.0250	0.0550	0.0850	3.47951674e+09
0.0250	0.0650	0.0650	-2.70566420e+09
0.0250	0.0650	0.0750	3.11196323e+09
0.0250	0.0650	0.0850	3.88053899e+09
0.0250	0.0650	0.0950	-2.32753140e+09
0.0250	0.0750	0.0750	3.30364990e+09
0.0250	0.0750	0.0850	2.13821227e+09
0.0250	0.0750	0.0950	2.50001368e+09
0.0250	0.0750	0.1050	3.74072666e+09
0.0250	0.0850	0.0850	2.10934332e+09
0.0250	0.0850	0.0950	1.74721030e+09
0.0250	0.0850	0.1050	3.53799478e+09
0.0250	0.0850	0.1150	3.98513539e+09
0.0250	0.0950	0.0950	2.58461822e+09
0.0250	0.0950	0.1050	1.51440272e+09
0.0250	0.0950	0.1150	2.45407649e+09
0.0250	0.0950	0.1250	2.12350352e+09
0.0250	0.1050	0.1050	1.83616282e+09
0.0250	0.1050	0.1150	2.41435241e+09
0.0250	0.1050	0.1250	1.58018841e+09
0.0250	0.1050	0.1350	1.84733638e+09
0.0250	0.1150	0.1150	7.68823102e+08
0.0250	0.1150	0.1250	7.58041326e+08
0.0250	0.1150	0.1350	2.17047574e+09
0.0250	0.1150	0.1450	1.40622276e+09
0.0250	0.1250	0.1250	1.82122169e+09
0.0250	0.1250	0.1350	1.46399770e+09
0.0250	0.1250	0.1450	1.58408151e+09
0.0250	0.1350	0.1350	3.45265152e+08
0.0250	0.1350	0.1450	1.40800458e+09
0.0250	0.1450	0.1450	1.24665983e+09
0.0350	0.0350	0.0350	-5.60381772e+08
0.0350	0.0350	0.0450	4.91239819e+09
0.0350	0.0350	0.0550	6.67523297e+08
0.0350	0.0350	0.0650	1.58686732e+09
0.0350	0.0350	0.0750	1.34817645e+10
0.0350	0.0450	0.0450	1.67386507e+09
0.0350	0.0450	0.0550	2.13068955e+09
0.0350	0.0450	0.0650	2.82499050e+09
0.0350	0.0450	0.0750	2.08897570e+09
0.0350	0.0450	0.0850	1.44811471e+09
0.0350	0.0550	0.0550	4.46334449e+09
0.0350	0.0550	0.0650	1.47384015e+09
0.0350	0.0550	0.0750	4.42013357e+09
0.0350	0.0550	0.0850	3.28623803e+09
0.0350	0.0550	0.0950	5.74098225e+09
0.0350	0.0650	0.0650	6.90955908e+09
0.0350	0.0650	0.0750	9.24997764e+08
0.0350	0.0650	0.0850	2.41510786e+09
0.0350	0.0650	0.0950	2.59982815e+09
0.0350	0.0650	0.1050	5.52152473e+09
0.0350	0.0750	0.0750	1.91142331e+09
0.0350	0.0750	0.0850	2.30375077e+09
0.0350	0.0750	0.0950	1.94513690e+09
0.0350	0.0750	0.1050	1.80530046e+09
0.0350	0.0750	0.1150	4.97826084e+09
0.0350	0.0850	0.0850	1.51475642e+09
0.0350	0.0850	0.0950	1.51582155e+09
0.0350	0.0850	0.1050	1.29233509e+09
0.0350	0.0850	0.1150	2.15256474e+09
0.0350	0.0850	0.1250	3.05372427e+09
0.0350	0.0950	0.0950	1.13216533e+09
0.0350	0.0950	0.1050	1.60359862e+09
0.0350	0.0950	0.1150	1.83382670e+09
0.0350	0.0950	0.1250	2.08547242e+09
0.0350	0.0950	0.1350	7.61852720e+08
0.0350	0.1050	0.1050	1.46104539e+09
0.0350	0.1050	0.1150	1.19132821e+09
0.0350	0.1050	0.1250	1.19043230e+09
0.0350	0.1050	0.1350	1.43413396e+09
0.0350	0.1050	0.1450	1.84942058e+09
0.0350	0.1150	0.1150	6.95073039e+08
0.0350	0.1150	0.1250	6.78331131e+08
0.0350	0.1150	0.1350	9.42646865e+08
0.0350	0.1150	0.1450	1.13348240e+09
0.0350	0.1250	0.1250	1.84408038e+09
0.0350	0.1250	0.1350	8.07970325e+08
0.0350	0.1250	0.1450	1.24843882e+09
0.0350	0.1350	0.1350	9.67268847e+08
0.0350	0.1350	0.1450	8.21397375e+08
0.0350	0.1450	0.1450	8.17651787e+08
0.0450	0.0450	0.0450	-1.83662515e+09
0.0450	0.0450	0.0550	4.30170640e+09
0.0450	0.0450	0.0650	4.66424889e+09
0.0450	0.0450	0.0750	6.47433199e+08
0.0450	0.0450	0.0850	3.47166010e+08
0.0450	0.0450	0.0950	4.02349133e+09
0.0450	0.0550	0.0550	3.34017874e+09
0.0450	0.0550	0.0650	1.11815348e+09
0.0450	0.0550	0.0750	1.99038721e+09
0.0450	0.0550	0.0850	2.17057464e+09
0.0450	0.0550	0.0950	1.65449467e+09
0.0450	0.0550	0.1050	3.88267952e+09
0.0450	0.0650	0.0650	2.75328990e+09
0.0450	0.0650	0.0750	1.92441172e+09
0.0450	0.0650	0.0850	1.55935813e+09
0.0450	0.0650	0.0950	2.10220749e+09
0.0450	0.0650	0.1050	2.06827110e+09
0.0450	0.0650	0.1150	3.15767150e+09
0.0450	0.0750	0.0750	1.43598274e+09
0.0450	0.0750	0.0850	1.13900182e+09
0.0450	0.0750	0.0950	1.62760989e+09
0.0450	0.0750	0.1050	1.66897058e+09
0.0450	0.0750	0.1150	1.65318373e+09
0.0450	0.0750	0.1250	1.24264142e+09
0.0450	0.0850	0.0850	1.26054396e+09
0.0450	0.0850	0.0950	1.14618941e+09
0.0450	0.0850	0.1050	1.13680586e+09
0.0450	0.0850	0.1150	1.19507352e+09
0.0450	0.0850	0.1250	8.76547805e+08
0.0450	0.0850	0.1350	1.09716513e+09
0.0450	0.0950	0.0950	8.51764380e+08
0.0450	0.0950	0.1050	2.60491725e+08
0.0450	0.0950	0.1150	1.39739915e+09
0.0450	0.0950	0.1250	1.31655463e+09
0.0450	0.0950	0.1350	9.92131699e+08
0.0450	0.0950	0.1450	1.38744933e+09
0.0450	0.1050	0.1050	1.21817249e+09
0.0450	0.1050	0.1150	8.13358014e+08
0.0450	0.1050	0.1250	2.39210657e+08
0.0450	0.1050	0.1350	1.05720303e+09
0.0450	0.1050	0.1450	1.24343093e+09
0.0450	0.1150	0.1150	7.20572801e+08
0.0450	0.1150	0.1250	1.03562814e+09
0.0450	0.1150	0.1350	1.14115281e+09
0.0450	0.1150	0.1450	1.07604708e+09
0.0450	0.1250	0.1250	6.08684736e+08
0.0450	0.1250	0.1350	5.65524451e+08
0.0450	0.1250	0.1450	8.73858756e+08
0.0450	0.1350	0.1350	6.29116413e+08
0.0450	0.1350	0.1450	9.18374461e+08
0.0450	0.1450	0.1450	4.64746610e+08
0.0550	0.0550	0.0550	1.31569124e+09
0.0550	0.0550	0.0650	1.81513409e+09
0.0550	0.0550	0.0750	8.47897633e+08
0.0550	0.0550	0.0850	1.44149878e+09
0.0550	0.0550	0.0950	7.25939086e+08
0.0550	0.0550	0.1050	1.76656520e+09
0.0550	0.0550	0.1150	1.14279473e+09
0.0550	0.0650	0.0650	3.24725276e+08
0.0550	0.0650	0.0750	8.46580851e+08
0.0550	0.0650	0.0850	1.16761566e+09
0.0550	0.0650	0.0950	1.61211172e+09
0.0550	0.0650	0.1050	2.32020144e+09
0.0550	0.0650	0.1150	2.04604408e+09
0.0550	0.0650	0.1250	2.19186137e+09
0.0550	0.0750	0.0750	1.14615142e+09
0.0550	0.0750	0.0850	1.45917061e+09
0.0550	0.0750	0.0950	8.85407476e+08
0.0550	0.0750	0.1050	3.10811874e+08
0.0550	0.0750	0.1150	1.13220172e+09
0.0550	0.0750	0.1250	1.46783329e+09
0.0550	0.0750	0.1350	1.75800721e+09
0.0550	0.0850	0.0850	8.22508095e+08
0.0550	0.0850	0.0950	9.95324210e+08
0.0550	0.0850	0.1050	6.78311970e+08
0.0550	0.0850	0.1150	1.39055139e+09
0.0550	0.0850	0.1250	9.80055181e+08
0.0550	0.0850	0.1350	1.51360643e+09
0.0550	0.0850	0.1450	1.55972604e+09
0.0550	0.0950	0.0950	6.44609995e+08
0.0550	0.0950	0.1050	6.16051979e+08
0.0550	0.0950	0.1150	7.14494775e+08
0.0550	0.0950	0.1250	9.43355065e+08
0.0550	0.0950	0.1350	7.37153782e+08
0.0550	0.0950	0.1450	1.45385484e+09
0.0550	0.1050	0.1050	1.66583200e+09
0.0550	0.1050	0.1150	4.43902594e+08
0.0550	0.1050	0.1250	9.11228786e+08
0.0550	0.1050	0.1350	7.81463501e+08
0.0550	0.1050	0.1450	7.19547981e+08
0.0550	0.1150	0.1150	1.00494545e+09
0.0550	0.1150	0.1250	4.88966905e+08
0.0550	0.1150	0.1350	5.25933509e+08
0.0550	0.1150	0.1450	6.57774177e+08
0.0550	0.1250	0.1250	3.35715352e+08
0.0550	0.1250	0.1350	6.77023962e+08
0.0550	0.1250	0.1450	5.39810190e+08
0.0550	0.1350	0.1350	8.11758285e+08
0.0550	0.1350	0.1450	5.34319068e+08
0.0550	0.1450	0.1450	2.15273648e+08
0.0650	0.0650	0.0650	1.40075754e+09
0.0650	0.0650	0.0750	2.35681691e+09
0.0650	0.0650	0.0850	6.70916745e+08
0.0650	0.0650	0.0950	4.65483263e+08
0.0650	0.0650	0.1050	1.46295487e+09
0.0650	0.0650	0.1150	2.73069524e+09
0.0650	0.0650	0.1250	2.16232870e+09
0.0650	0.0650	0.1350	2.80577370e+09
0.0650	0.0750	0.0750	9.88344615e+08
0.0650	0.0750	0.0850	6.40683455e+08
0.0650	0.0750	0.0950	1.75372895e+09
0.0650	0.0750	0.1050	1.13941519e+09
0.0650	0.0750	0.1150	1.57957677e+09
0.0650	0.0750	0.1250	1.31589438e+09
0.0650	0.0750	0.1350	1.91346765e+09
0.0650	0.0750	0.1450	1.78807223e+09
0.0650	0.0850	0.0850	6.68660772e+08
0.0650	0.0850	0.0950	5.51629131e+08
0.0650	0.0850	0.1050	9.12047548e+08
0.0650	0.0850	0.1150	9.11548928e+08
0.0650	0.0850	0.1250	9.87160987e+08
0.0650	0.0850	0.1350	1.05553155e+09
0.0650	0.0850	0.1450	1.44310133e+09
0.0650	0.0950	0.0950	1.37713411e+09
0.0650	0.0950	0.1050	2.33872889e+08
0.0650	0.0950	0.1150	8.73609962e+08
0.0650	0.0950	0.1250	7.92535397e+08
0.0650	0.0950	0.1350	1.04824177e+09
0.0650	0.0950	0.1450	1.17468223e+09
0.0650	0.1050	0.1050	3.81285987e+08
0.0650	0.1050	0.1150	9.71671274e+08
0.0650	0.1050	0.1250	3.65594467e+08
0.0650	0.1050	0.1350	1.10579659e+09
0.0650	0.1050	0.1450	6.35871340e+08
0.0650	0.1150	0.1150	9.37617304e+08
0.0650	0.1150	0.1250	6.82110762e+08
0.0650	0.1150	0.1350	5.49614919e+08
0.0650	0.1150	0.1450	7.60061034e+08
0.0650	0.1250	0.1250	6.86958927e+08
0.0650	0.1250	0.1350	7.00753699e+08
0.0650	0.1250	0.1450	5.90602398e+08
0.0650	0.1350	0.1350	5.64188215e+08
0.0650	0.1350	0.1450	5.79348194e+08
0.0650	0.1450	0.1450	1.93429461e+08
0.0750	0.0750	0.0750	5.63507189e+08
0.0750	0.0750	0.0850	8.68202299e+08
0.0750	0.0750	0.0950	3.91737179e+08
0.0750	0.0750	0.1050	1.02786185e+09
0.0750	0.0750	0.1150	6.05463970e+08
0.0750	0.0750	0.1250	8.53177029e+08
0.0750	0.0750	0.1350	3.71278393e+08
0.0750	0.0750	0.1450	6.26939532e+08
0.0750	0.0850	0.0850	6.30519213e+08
0.0750	0.0850	0.0950	7.12028031e+08
0.0750	0.0850	0.1050	6.80391265e+08
0.0750	0.0850	0.1150	1.18640191e+09
0.0750	0.0850	0.1250	6.20137674e+08
0.0750	0.0850	0.1350	1.04287826e+09
0.0750	0.0850	0.1450	1.20333525e+09
0.0750	0.0950	0.0950	1.10543236e+09
0.0750	0.0950	0.1050	8.01172642e+08
0.0750	0.0950	0.1150	7.35923868e+08
0.0750	0.0950	0.1250	5.09027567e+08
0.0750	0.0950	0.1350	7.09200484e+08
0.0750	0.0950	0.1450	8.90285715e+08
0.0750	0.1050	0.1050	8.23800041e+08
0.0750	0.1050	0.1150	3.19712868e+08
0.0750	0.1050	0.1250	6.11060428e+08
0.0750	0.1050	0.1350	9.32059444e+08
0.0750	0.1050	0.1450	5.83915645e+08
0.0750	0.1150	0.1150	6.54267651e+08
0.0750	0.1150	0.1250	6.68964670e+08
0.0750	0.1150	0.1350	4.55888874e+08
0.0750	0.1150	0.1450	7.52315978e+08
0.0750	0.1250	0.1250	1.51291041e+08
0.0750	0.1250	0.1350	4.83253117e+08
0.0750	0.1250	0.1450	3.84176342e+08
0.0750	0.1350	0.1350	4.87856712e+08
0.0750	0.1350	0.1450	4.82463121e+08
0.0750	0.1450	0.1450	3.47666273e+08
0.0850	0.0850	0.0850	1.19940584e+09
0.0850	0.0850	0.0950	1.17166669e+09
0.0850	0.0850	0.1050	5.18193264e+08
0.0850	0.0850	0.1150	2.15333532e+08
0.0850	0.0850	0.1250	1.11620723e+09
0.0850	0.0850	0.1350	6.02394990e+08
0.0850	0.0850	0.1450	1.00476555e+09
0.0850	0.0950	0.0950	5.38483577e+08
0.0850	0.0950	0.1050	4.03235227e+08
0.0850	0.0950	0.1150	7.40894476e+08
0.0850	0.0950	0.1250	5.64717526e+08
0.0850	0.0950	0.1350	6.94034190e+08
0.0850	0.0950	0.1450	6.07007591e+08
0.0850	0.1050	0.1050	9.12740509e+08
0.0850	0.1050	0.1150	4.93170756e+08
0.0850	0.1050	0.1250	3.82890122e+08
0.0850	0.1050	0.1350	4.35361901e+08
0.0850	0.1050	0.1450	5.82025344e+08
0.0850	0.1150	0.1150	5.67246516e+08
0.0850	0.1150	0.1250	2.34709319e+08
0.0850	0.1150	0.1350	5.40201116e+08
0.0850	0.1150	0.1450	5.50112363e+08
0.0850	0.1250	0.1250	4.18055070e+08
0.0850	0.1250	0.1350	4.84144744e+08
0.0850	0.1250	0.1450	4.93222794e+08
0.0850	0.1350	0.1350	8.74952579e+07
0.0850	0.1350	0.1450	4.24679191e+08
0.0850	0.1450	0.1450	4.99465262e+08
0.0950	0.0950	0.0950	5.49880702e+08
0.0950	0.0950	0.1050	9.97314777e+08
0.0950	0.0950	0.1150	3.27069028e+08
0.0950	0.0950	0.1250	2.73189261e+08
0.0950	0.0950	0.1350	4.96618289e+08
0.0950	0.0950	0.1450	6.46431079e+08
0.0950	0.1050	0.1050	2.94685666e+08
0.0950	0.1050	0.1150	4.84714402e+08
0.0950	0.1050	0.1250	5.56625520e+08
0.0950	0.1050	0.1350	3.13486299e+08
0.0950	0.1050	0.1450	2.23162704e+08
0.0950	0.1150	0.1150	4.94592945e+08
0.0950	0.1150	0.1250	3.95260948e+08
0.0950	0.1150	0.1350	5.11374550e+08
0.0950	0.1150	0.1450	3.06244059e+08
0.0950	0.1250	0.1250	1.93799182e+08
0.0950	0.1250	0.1350	2.23451182e+08
0.0950	0.1250	0.1450	2.80860330e+08
0.0950	0.1350	0.1350	6.28924589e+08
0.0950	0.1350	0.1450	3.53520562e+08
0.0950	0.1450	0.1450	2.79315570e+08
0.1050	0.1050	0.1050	3.27827586e+08
0.1050	0.1050	0.1150	4.75068036e+08
0.1050	0.1050	0.1250	5.03709435e+08
0.1050	0.1050	0.1350	2.37756806e+08
0.1050	0.1050	0.1450	2.71329425e+08
0.1050	0.1150	0.1150	8.10465404e+08
0.1050	0.1150	0.1250	2.90097923e+08
0.1050	0.1150	0.1350	3.59966633e+08
0.1050	0.1150	0.1450	3.64660352e+08
0.1050	0.1250	0.1250	5.33307473e+08
0.1050	0.1250	0.1350	4.06570827e+08
0.1050	0.1250	0.1450	3.93697996e+08
0.1050	0.1350	0.1350	2.09183181e+08
0.1050	0.1350	0.1450	3.27673647e+08
0.1050	0.1450	0.1450	3.77292123e+08
0.1150	0.1150	0.1150	1.16088793e+08
0.1150	0.1150	0.1250	3.31931457e+08
0.1150	0.1150	0.1350	3.71456747e+08
0.1150	0.1150	0.1450	3.12754191e+08
0.1150	0.1250	0.1250	3.78791667e+08
0.1150	0.1250	0.1350	3.09939982e+08
0.1150	0.1250	0.1450	2.68638280e+08
0.1150	0.1350	0.1350	2.29667782e+08
0.1150	0.1350	0.1450	2.94565799e+08
0.1150	0.1450	0.1450	2.97275599e+08
0.1250	0.1250	0.1250	1.03081790e+08
0.1250	0.1250	0.1350	2.77517743e+08
0.1250	0.1250	0.1450	2.41935108e+08
0.1250	0.1350	0.1350	2.61620619e+08
0.1250	0.1350	0.1450	3.26074451e+08
0.1250	0.1450	0.1450	2.95439503e+08
0.1350	0.1350	0.1350	3.84622474e+08
0.1350	0.1350	0.1450	1.87349935e+08
0.1350	0.1450	0.1450	2.25201034e+08
0.1450	0.1450	0.1450	2.38470851e+08
