####### Bispectrum of Patchy Simulation 788 #############
# Patch: ngc
# z-type: z1
# Weights: fkp
# Fiducial Omega_m: 0.310
# Fiducial h: 0.676
# Boxsize: [1350.0, 2450.0, 1400.0]
# Grid: [126, 230, 130]
# k-binning: [0.000, 0.160, 0.010]
# Monte Carlo Simulations: 100
#
# Format: k1 | k2 | k3 | B(k1,k2,k3)
############################################
0.0150	0.0150	0.0150	1.14781404e+10
0.0150	0.0150	0.0250	8.44440553e+09
0.0150	0.0150	0.0350	9.95427610e+09
0.0150	0.0250	0.0250	9.76166787e+09
0.0150	0.0250	0.0350	2.76958713e+09
0.0150	0.0250	0.0450	-2.55989367e+09
0.0150	0.0350	0.0350	2.99622912e+09
0.0150	0.0350	0.0450	7.61065515e+09
0.0150	0.0350	0.0550	3.68001196e+09
0.0150	0.0450	0.0450	4.91209453e+09
0.0150	0.0450	0.0550	6.37051923e+09
0.0150	0.0450	0.0650	7.85794768e+09
0.0150	0.0550	0.0550	1.00124081e+09
0.0150	0.0550	0.0650	4.14623182e+09
0.0150	0.0550	0.0750	4.26019581e+09
0.0150	0.0650	0.0650	3.21736684e+09
0.0150	0.0650	0.0750	4.35311864e+09
0.0150	0.0650	0.0850	5.76802683e+09
0.0150	0.0750	0.0750	-4.16552957e+08
0.0150	0.0750	0.0850	2.75314259e+09
0.0150	0.0750	0.0950	4.93908286e+09
0.0150	0.0850	0.0850	2.43947343e+09
0.0150	0.0850	0.0950	2.76228540e+09
0.0150	0.0850	0.1050	4.71475211e+09
0.0150	0.0950	0.0950	2.15374053e+09
0.0150	0.0950	0.1050	2.10189931e+09
0.0150	0.0950	0.1150	3.58823161e+09
0.0150	0.1050	0.1050	2.13023048e+09
0.0150	0.1050	0.1150	1.50777966e+09
0.0150	0.1050	0.1250	2.10366313e+09
0.0150	0.1150	0.1150	1.54323171e+09
0.0150	0.1150	0.1250	1.73963525e+09
0.0150	0.1150	0.1350	1.90235887e+09
0.0150	0.1250	0.1250	2.01641024e+09
0.0150	0.1250	0.1350	1.55230374e+09
0.0150	0.1250	0.1450	2.21023961e+09
0.0150	0.1350	0.1350	1.13398617e+09
0.0150	0.1350	0.1450	1.24799057e+09
0.0150	0.1450	0.1450	8.08193391e+08
0.0250	0.0250	0.0250	-3.45266557e+09
0.0250	0.0250	0.0350	9.23547235e+09
0.0250	0.0250	0.0450	8.33542797e+09
0.0250	0.0250	0.0550	-1.06376025e+09
0.0250	0.0350	0.0350	7.70194089e+09
0.0250	0.0350	0.0450	5.14688318e+09
0.0250	0.0350	0.0550	7.17906414e+09
0.0250	0.0350	0.0650	8.18822598e+09
0.0250	0.0450	0.0450	4.39650770e+09
0.0250	0.0450	0.0550	3.46013141e+09
0.0250	0.0450	0.0650	3.37389338e+09
0.0250	0.0450	0.0750	3.04961495e+09
0.0250	0.0550	0.0550	3.19201214e+09
0.0250	0.0550	0.0650	4.33169968e+09
0.0250	0.0550	0.0750	3.90362235e+09
0.0250	0.0550	0.0850	8.16053096e+09
0.0250	0.0650	0.0650	1.68054155e+09
0.0250	0.0650	0.0750	3.32492849e+09
0.0250	0.0650	0.0850	2.44526999e+09
0.0250	0.0650	0.0950	3.40948317e+09
0.0250	0.0750	0.0750	2.45580371e+09
0.0250	0.0750	0.0850	3.07637661e+09
0.0250	0.0750	0.0950	2.91491825e+09
0.0250	0.0750	0.1050	2.72980383e+09
0.0250	0.0850	0.0850	2.56363773e+09
0.0250	0.0850	0.0950	2.06253075e+09
0.0250	0.0850	0.1050	3.62446798e+09
0.0250	0.0850	0.1150	4.22347568e+09
0.0250	0.0950	0.0950	1.12012859e+09
0.0250	0.0950	0.1050	1.37052849e+09
0.0250	0.0950	0.1150	1.81543723e+09
0.0250	0.0950	0.1250	1.88611376e+09
0.0250	0.1050	0.1050	9.13853578e+08
0.0250	0.1050	0.1150	1.16061695e+09
0.0250	0.1050	0.1250	1.97555992e+09
0.0250	0.1050	0.1350	2.35789335e+09
0.0250	0.1150	0.1150	6.63264686e+08
0.0250	0.1150	0.1250	1.09113087e+09
0.0250	0.1150	0.1350	1.59902997e+09
0.0250	0.1150	0.1450	1.92089960e+09
0.0250	0.1250	0.1250	1.35395074e+09
0.0250	0.1250	0.1350	1.65323581e+09
0.0250	0.1250	0.1450	1.63070138e+09
0.0250	0.1350	0.1350	1.00751955e+09
0.0250	0.1350	0.1450	1.07861670e+09
0.0250	0.1450	0.1450	9.57680027e+08
0.0350	0.0350	0.0350	2.05100536e+09
0.0350	0.0350	0.0450	3.87396847e+09
0.0350	0.0350	0.0550	4.83038387e+09
0.0350	0.0350	0.0650	5.27372924e+09
0.0350	0.0350	0.0750	7.81941720e+09
0.0350	0.0450	0.0450	-6.30446647e+08
0.0350	0.0450	0.0550	2.31328692e+09
0.0350	0.0450	0.0650	3.44207143e+09
0.0350	0.0450	0.0750	3.85547396e+09
0.0350	0.0450	0.0850	1.22731436e+09
0.0350	0.0550	0.0550	4.34765308e+09
0.0350	0.0550	0.0650	1.41854200e+09
0.0350	0.0550	0.0750	4.04620287e+09
0.0350	0.0550	0.0850	2.84569482e+09
0.0350	0.0550	0.0950	2.92924945e+09
0.0350	0.0650	0.0650	3.72028304e+09
0.0350	0.0650	0.0750	1.82391317e+09
0.0350	0.0650	0.0850	3.83896183e+09
0.0350	0.0650	0.0950	2.59465517e+09
0.0350	0.0650	0.1050	3.65426281e+09
0.0350	0.0750	0.0750	9.04480834e+08
0.0350	0.0750	0.0850	2.11313822e+09
0.0350	0.0750	0.0950	2.11248315e+09
0.0350	0.0750	0.1050	1.93539686e+09
0.0350	0.0750	0.1150	3.18850114e+09
0.0350	0.0850	0.0850	1.55572315e+09
0.0350	0.0850	0.0950	1.09960255e+09
0.0350	0.0850	0.1050	1.72720712e+09
0.0350	0.0850	0.1150	1.89077449e+09
0.0350	0.0850	0.1250	2.31563509e+09
0.0350	0.0950	0.0950	9.41792482e+08
0.0350	0.0950	0.1050	1.76038549e+09
0.0350	0.0950	0.1150	1.79634422e+09
0.0350	0.0950	0.1250	1.79685480e+09
0.0350	0.0950	0.1350	2.83470031e+09
0.0350	0.1050	0.1050	1.10368464e+09
0.0350	0.1050	0.1150	1.13484188e+09
0.0350	0.1050	0.1250	1.05600372e+09
0.0350	0.1050	0.1350	1.74271345e+09
0.0350	0.1050	0.1450	1.64647794e+09
0.0350	0.1150	0.1150	8.03308505e+08
0.0350	0.1150	0.1250	1.22440495e+09
0.0350	0.1150	0.1350	1.09063595e+09
0.0350	0.1150	0.1450	1.37829000e+09
0.0350	0.1250	0.1250	7.52440610e+08
0.0350	0.1250	0.1350	1.01678802e+09
0.0350	0.1250	0.1450	1.18517695e+09
0.0350	0.1350	0.1350	7.99250057e+08
0.0350	0.1350	0.1450	7.37034733e+08
0.0350	0.1450	0.1450	8.34471331e+08
0.0450	0.0450	0.0450	1.32174343e+09
0.0450	0.0450	0.0550	3.29130023e+09
0.0450	0.0450	0.0650	1.07747125e+09
0.0450	0.0450	0.0750	2.10223690e+09
0.0450	0.0450	0.0850	1.87701272e+09
0.0450	0.0450	0.0950	3.73149003e+09
0.0450	0.0550	0.0550	1.38043603e+09
0.0450	0.0550	0.0650	2.13590140e+09
0.0450	0.0550	0.0750	1.21182589e+09
0.0450	0.0550	0.0850	1.87344759e+09
0.0450	0.0550	0.0950	2.84736379e+09
0.0450	0.0550	0.1050	2.63583709e+09
0.0450	0.0650	0.0650	1.16099973e+09
0.0450	0.0650	0.0750	1.43795699e+09
0.0450	0.0650	0.0850	1.79640813e+09
0.0450	0.0650	0.0950	1.57063040e+09
0.0450	0.0650	0.1050	2.13767215e+09
0.0450	0.0650	0.1150	2.35886031e+09
0.0450	0.0750	0.0750	1.30385428e+09
0.0450	0.0750	0.0850	1.40977939e+09
0.0450	0.0750	0.0950	1.47266415e+09
0.0450	0.0750	0.1050	1.61094848e+09
0.0450	0.0750	0.1150	2.18808284e+09
0.0450	0.0750	0.1250	2.01912277e+09
0.0450	0.0850	0.0850	8.96402238e+08
0.0450	0.0850	0.0950	8.17057961e+08
0.0450	0.0850	0.1050	1.63076316e+09
0.0450	0.0850	0.1150	1.43946907e+09
0.0450	0.0850	0.1250	1.76417477e+09
0.0450	0.0850	0.1350	2.02982530e+09
0.0450	0.0950	0.0950	5.87474616e+08
0.0450	0.0950	0.1050	7.23013419e+08
0.0450	0.0950	0.1150	7.41163219e+08
0.0450	0.0950	0.1250	1.27546537e+09
0.0450	0.0950	0.1350	1.11108028e+09
0.0450	0.0950	0.1450	1.47156887e+09
0.0450	0.1050	0.1050	9.02292741e+08
0.0450	0.1050	0.1150	9.21678928e+08
0.0450	0.1050	0.1250	1.32187041e+09
0.0450	0.1050	0.1350	9.91160967e+08
0.0450	0.1050	0.1450	1.07673875e+09
0.0450	0.1150	0.1150	6.27161032e+08
0.0450	0.1150	0.1250	7.91053732e+08
0.0450	0.1150	0.1350	9.00930926e+08
0.0450	0.1150	0.1450	7.89499801e+08
0.0450	0.1250	0.1250	7.25257054e+08
0.0450	0.1250	0.1350	5.31552334e+08
0.0450	0.1250	0.1450	7.92783490e+08
0.0450	0.1350	0.1350	6.81072676e+08
0.0450	0.1350	0.1450	7.50008056e+08
0.0450	0.1450	0.1450	6.06962112e+08
0.0550	0.0550	0.0550	2.04274223e+09
0.0550	0.0550	0.0650	2.43949500e+09
0.0550	0.0550	0.0750	1.87125098e+09
0.0550	0.0550	0.0850	1.51455662e+09
0.0550	0.0550	0.0950	1.97681900e+09
0.0550	0.0550	0.1050	2.08322183e+09
0.0550	0.0550	0.1150	3.32322325e+09
0.0550	0.0650	0.0650	4.08862620e+08
0.0550	0.0650	0.0750	8.23947504e+08
0.0550	0.0650	0.0850	1.24041771e+09
0.0550	0.0650	0.0950	1.31635871e+09
0.0550	0.0650	0.1050	1.63644264e+09
0.0550	0.0650	0.1150	1.95424801e+09
0.0550	0.0650	0.1250	2.35845141e+09
0.0550	0.0750	0.0750	1.69619194e+09
0.0550	0.0750	0.0850	1.05069477e+09
0.0550	0.0750	0.0950	1.39697216e+09
0.0550	0.0750	0.1050	1.33650034e+09
0.0550	0.0750	0.1150	1.34314413e+09
0.0550	0.0750	0.1250	1.92995351e+09
0.0550	0.0750	0.1350	1.87017371e+09
0.0550	0.0850	0.0850	1.09061739e+09
0.0550	0.0850	0.0950	8.52434921e+08
0.0550	0.0850	0.1050	1.25181832e+09
0.0550	0.0850	0.1150	1.44786583e+09
0.0550	0.0850	0.1250	1.34462709e+09
0.0550	0.0850	0.1350	1.56946472e+09
0.0550	0.0850	0.1450	1.62975300e+09
0.0550	0.0950	0.0950	1.15536655e+09
0.0550	0.0950	0.1050	9.48913972e+08
0.0550	0.0950	0.1150	5.24704716e+08
0.0550	0.0950	0.1250	9.32674528e+08
0.0550	0.0950	0.1350	7.76071629e+08
0.0550	0.0950	0.1450	1.42223660e+09
0.0550	0.1050	0.1050	6.73857739e+08
0.0550	0.1050	0.1150	7.64713672e+08
0.0550	0.1050	0.1250	8.57339348e+08
0.0550	0.1050	0.1350	8.26368667e+08
0.0550	0.1050	0.1450	9.72886377e+08
0.0550	0.1150	0.1150	5.49115538e+08
0.0550	0.1150	0.1250	8.43468171e+08
0.0550	0.1150	0.1350	6.67994838e+08
0.0550	0.1150	0.1450	5.77862457e+08
0.0550	0.1250	0.1250	6.52698891e+08
0.0550	0.1250	0.1350	8.34070137e+08
0.0550	0.1250	0.1450	7.22045593e+08
0.0550	0.1350	0.1350	6.36168848e+08
0.0550	0.1350	0.1450	6.27689337e+08
0.0550	0.1450	0.1450	5.38721154e+08
0.0650	0.0650	0.0650	9.55983865e+08
0.0650	0.0650	0.0750	1.22568735e+09
0.0650	0.0650	0.0850	7.85868579e+08
0.0650	0.0650	0.0950	1.61065131e+09
0.0650	0.0650	0.1050	1.34815032e+09
0.0650	0.0650	0.1150	1.94273398e+09
0.0650	0.0650	0.1250	1.73665543e+09
0.0650	0.0650	0.1350	2.83590993e+09
0.0650	0.0750	0.0750	9.06812202e+08
0.0650	0.0750	0.0850	1.30102327e+09
0.0650	0.0750	0.0950	9.30121661e+08
0.0650	0.0750	0.1050	1.06798928e+09
0.0650	0.0750	0.1150	1.15493186e+09
0.0650	0.0750	0.1250	1.37076192e+09
0.0650	0.0750	0.1350	1.40966609e+09
0.0650	0.0750	0.1450	1.68136717e+09
0.0650	0.0850	0.0850	5.93136870e+08
0.0650	0.0850	0.0950	7.77625419e+08
0.0650	0.0850	0.1050	1.02869106e+09
0.0650	0.0850	0.1150	8.22498599e+08
0.0650	0.0850	0.1250	1.18520035e+09
0.0650	0.0850	0.1350	1.02720871e+09
0.0650	0.0850	0.1450	1.28888023e+09
0.0650	0.0950	0.0950	2.49990069e+08
0.0650	0.0950	0.1050	7.92067197e+08
0.0650	0.0950	0.1150	8.47698630e+08
0.0650	0.0950	0.1250	7.03270562e+08
0.0650	0.0950	0.1350	8.31081519e+08
0.0650	0.0950	0.1450	9.47531606e+08
0.0650	0.1050	0.1050	6.14161932e+08
0.0650	0.1050	0.1150	8.11418682e+08
0.0650	0.1050	0.1250	5.58454860e+08
0.0650	0.1050	0.1350	7.11452151e+08
0.0650	0.1050	0.1450	7.14418792e+08
0.0650	0.1150	0.1150	4.35269564e+08
0.0650	0.1150	0.1250	6.09959708e+08
0.0650	0.1150	0.1350	6.36553160e+08
0.0650	0.1150	0.1450	7.11646905e+08
0.0650	0.1250	0.1250	6.47081950e+08
0.0650	0.1250	0.1350	6.80866828e+08
0.0650	0.1250	0.1450	6.10228184e+08
0.0650	0.1350	0.1350	4.92102300e+08
0.0650	0.1350	0.1450	4.92450812e+08
0.0650	0.1450	0.1450	4.22740218e+08
0.0750	0.0750	0.0750	2.44742277e+09
0.0750	0.0750	0.0850	1.10525898e+09
0.0750	0.0750	0.0950	5.62838707e+08
0.0750	0.0750	0.1050	6.16895882e+08
0.0750	0.0750	0.1150	8.58298141e+08
0.0750	0.0750	0.1250	1.04241948e+09
0.0750	0.0750	0.1350	1.05136105e+09
0.0750	0.0750	0.1450	1.43067088e+09
0.0750	0.0850	0.0850	8.77115163e+08
0.0750	0.0850	0.0950	9.69111819e+08
0.0750	0.0850	0.1050	7.34518815e+08
0.0750	0.0850	0.1150	8.02733584e+08
0.0750	0.0850	0.1250	8.43703115e+08
0.0750	0.0850	0.1350	8.29717056e+08
0.0750	0.0850	0.1450	1.06006203e+09
0.0750	0.0950	0.0950	7.75365722e+08
0.0750	0.0950	0.1050	5.59417122e+08
0.0750	0.0950	0.1150	6.45079114e+08
0.0750	0.0950	0.1250	7.98390957e+08
0.0750	0.0950	0.1350	7.16355874e+08
0.0750	0.0950	0.1450	8.64870860e+08
0.0750	0.1050	0.1050	5.26524662e+08
0.0750	0.1050	0.1150	6.29025618e+08
0.0750	0.1050	0.1250	5.30441141e+08
0.0750	0.1050	0.1350	7.28047592e+08
0.0750	0.1050	0.1450	6.61603591e+08
0.0750	0.1150	0.1150	5.71910348e+08
0.0750	0.1150	0.1250	4.40134768e+08
0.0750	0.1150	0.1350	4.35622511e+08
0.0750	0.1150	0.1450	4.88993884e+08
0.0750	0.1250	0.1250	4.96820493e+08
0.0750	0.1250	0.1350	5.62080142e+08
0.0750	0.1250	0.1450	3.66420642e+08
0.0750	0.1350	0.1350	2.80152198e+08
0.0750	0.1350	0.1450	4.80102664e+08
0.0750	0.1450	0.1450	4.15038845e+08
0.0850	0.0850	0.0850	1.17573692e+09
0.0850	0.0850	0.0950	4.97225088e+08
0.0850	0.0850	0.1050	8.25140242e+08
0.0850	0.0850	0.1150	8.39385412e+08
0.0850	0.0850	0.1250	5.91227458e+08
0.0850	0.0850	0.1350	7.93523321e+08
0.0850	0.0850	0.1450	8.40839426e+08
0.0850	0.0950	0.0950	8.81206090e+08
0.0850	0.0950	0.1050	4.52408518e+08
0.0850	0.0950	0.1150	5.80429910e+08
0.0850	0.0950	0.1250	5.25470844e+08
0.0850	0.0950	0.1350	6.86921670e+08
0.0850	0.0950	0.1450	6.17256891e+08
0.0850	0.1050	0.1050	4.45435008e+08
0.0850	0.1050	0.1150	5.52172231e+08
0.0850	0.1050	0.1250	3.55967324e+08
0.0850	0.1050	0.1350	6.54500304e+08
0.0850	0.1050	0.1450	6.13552437e+08
0.0850	0.1150	0.1150	4.91723852e+08
0.0850	0.1150	0.1250	5.37901328e+08
0.0850	0.1150	0.1350	4.78887387e+08
0.0850	0.1150	0.1450	3.96483802e+08
0.0850	0.1250	0.1250	5.17057022e+08
0.0850	0.1250	0.1350	4.96698069e+08
0.0850	0.1250	0.1450	4.15942697e+08
0.0850	0.1350	0.1350	4.18773238e+08
0.0850	0.1350	0.1450	4.29980787e+08
0.0850	0.1450	0.1450	3.54325695e+08
0.0950	0.0950	0.0950	1.51551419e+08
0.0950	0.0950	0.1050	3.98028771e+08
0.0950	0.0950	0.1150	3.20478712e+08
0.0950	0.0950	0.1250	4.82347565e+08
0.0950	0.0950	0.1350	2.59430588e+08
0.0950	0.0950	0.1450	4.04147036e+08
0.0950	0.1050	0.1050	5.59730229e+08
0.0950	0.1050	0.1150	6.12633968e+08
0.0950	0.1050	0.1250	4.58986460e+08
0.0950	0.1050	0.1350	4.59373089e+08
0.0950	0.1050	0.1450	4.57618650e+08
0.0950	0.1150	0.1150	4.88357864e+08
0.0950	0.1150	0.1250	3.39519231e+08
0.0950	0.1150	0.1350	4.59925495e+08
0.0950	0.1150	0.1450	3.36580322e+08
0.0950	0.1250	0.1250	4.12321667e+08
0.0950	0.1250	0.1350	3.80428172e+08
0.0950	0.1250	0.1450	3.55391359e+08
0.0950	0.1350	0.1350	4.11054516e+08
0.0950	0.1350	0.1450	3.19084908e+08
0.0950	0.1450	0.1450	2.51759029e+08
0.1050	0.1050	0.1050	1.79149615e+08
0.1050	0.1050	0.1150	3.95814262e+08
0.1050	0.1050	0.1250	4.85696186e+08
0.1050	0.1050	0.1350	4.34704563e+08
0.1050	0.1050	0.1450	4.72079070e+08
0.1050	0.1150	0.1150	2.76383522e+08
0.1050	0.1150	0.1250	3.44832744e+08
0.1050	0.1150	0.1350	3.14629821e+08
0.1050	0.1150	0.1450	3.64665055e+08
0.1050	0.1250	0.1250	4.29207278e+08
0.1050	0.1250	0.1350	4.30022369e+08
0.1050	0.1250	0.1450	2.91324689e+08
0.1050	0.1350	0.1350	3.51100424e+08
0.1050	0.1350	0.1450	2.93094738e+08
0.1050	0.1450	0.1450	3.01316874e+08
0.1150	0.1150	0.1150	3.47154487e+08
0.1150	0.1150	0.1250	5.80194651e+08
0.1150	0.1150	0.1350	2.72594891e+08
0.1150	0.1150	0.1450	3.67503607e+08
0.1150	0.1250	0.1250	3.45818433e+08
0.1150	0.1250	0.1350	2.85561732e+08
0.1150	0.1250	0.1450	3.40867155e+08
0.1150	0.1350	0.1350	3.03691210e+08
0.1150	0.1350	0.1450	2.85247884e+08
0.1150	0.1450	0.1450	2.68705193e+08
0.1250	0.1250	0.1250	1.37482308e+08
0.1250	0.1250	0.1350	3.03279956e+08
0.1250	0.1250	0.1450	3.64876455e+08
0.1250	0.1350	0.1350	4.25025502e+08
0.1250	0.1350	0.1450	2.64620716e+08
0.1250	0.1450	0.1450	3.51111395e+08
0.1350	0.1350	0.1350	2.28740031e+08
0.1350	0.1350	0.1450	2.94883252e+08
0.1350	0.1450	0.1450	2.38765458e+08
0.1450	0.1450	0.1450	1.04232760e+08
