####### Bispectrum of Patchy Simulation 704 #############
# Patch: sgc
# z-type: z1
# Weights: fkp
# Fiducial Omega_m: 0.310
# Fiducial h: 0.676
# Boxsize: [1000.0, 1900.0, 1100.0]
# Grid: [95, 180, 105]
# k-binning: [0.000, 0.160, 0.010]
# Monte Carlo Simulations: 100
#
# Format: k1 | k2 | k3 | B(k1,k2,k3)
############################################
0.0150	0.0150	0.0150	2.05786946e+10
0.0150	0.0150	0.0250	8.80069648e+09
0.0150	0.0150	0.0350	8.74764691e+09
0.0150	0.0250	0.0250	1.57553399e+10
0.0150	0.0250	0.0350	3.19678434e+09
0.0150	0.0250	0.0450	-1.60811718e+10
0.0150	0.0350	0.0350	-6.87397283e+09
0.0150	0.0350	0.0450	7.34660735e+09
0.0150	0.0350	0.0550	3.50034108e+09
0.0150	0.0450	0.0450	6.22719449e+09
0.0150	0.0450	0.0550	4.36827810e+09
0.0150	0.0450	0.0650	8.43868434e+08
0.0150	0.0550	0.0550	2.69010888e+09
0.0150	0.0550	0.0650	2.40103649e+09
0.0150	0.0550	0.0750	1.30359452e+09
0.0150	0.0650	0.0650	1.47251955e+09
0.0150	0.0650	0.0750	3.36047515e+09
0.0150	0.0650	0.0850	-3.44555131e+09
0.0150	0.0750	0.0750	3.61030755e+09
0.0150	0.0750	0.0850	2.31171522e+09
0.0150	0.0750	0.0950	5.21612712e+09
0.0150	0.0850	0.0850	2.68264911e+08
0.0150	0.0850	0.0950	2.91083532e+09
0.0150	0.0850	0.1050	4.40990779e+09
0.0150	0.0950	0.0950	1.63142912e+09
0.0150	0.0950	0.1050	4.98408466e+08
0.0150	0.0950	0.1150	1.05287010e+09
0.0150	0.1050	0.1050	1.58050962e+09
0.0150	0.1050	0.1150	7.65179490e+08
0.0150	0.1050	0.1250	3.10853543e+09
0.0150	0.1150	0.1150	1.07270880e+09
0.0150	0.1150	0.1250	1.76798114e+09
0.0150	0.1150	0.1350	1.52761858e+08
0.0150	0.1250	0.1250	7.75514236e+08
0.0150	0.1250	0.1350	9.71092241e+08
0.0150	0.1250	0.1450	2.31383493e+09
0.0150	0.1350	0.1350	5.73939108e+08
0.0150	0.1350	0.1450	8.05824107e+08
0.0150	0.1450	0.1450	1.05446855e+09
0.0250	0.0250	0.0250	1.29864832e+10
0.0250	0.0250	0.0350	7.71595633e+09
0.0250	0.0250	0.0450	1.10123487e+10
0.0250	0.0250	0.0550	7.82783214e+09
0.0250	0.0350	0.0350	-3.73879012e+08
0.0250	0.0350	0.0450	6.15478709e+09
0.0250	0.0350	0.0550	2.70481446e+09
0.0250	0.0350	0.0650	1.29412641e+10
0.0250	0.0450	0.0450	5.67530609e+09
0.0250	0.0450	0.0550	1.06789678e+09
0.0250	0.0450	0.0650	6.27763724e+09
0.0250	0.0450	0.0750	1.79001089e+09
0.0250	0.0550	0.0550	3.35124630e+09
0.0250	0.0550	0.0650	2.79393665e+09
0.0250	0.0550	0.0750	2.25234972e+09
0.0250	0.0550	0.0850	4.78304106e+09
0.0250	0.0650	0.0650	2.47741904e+09
0.0250	0.0650	0.0750	1.15425430e+09
0.0250	0.0650	0.0850	5.77908848e+09
0.0250	0.0650	0.0950	4.86604329e+09
0.0250	0.0750	0.0750	2.60692294e+09
0.0250	0.0750	0.0850	2.48848388e+09
0.0250	0.0750	0.0950	1.66206874e+09
0.0250	0.0750	0.1050	4.42565289e+09
0.0250	0.0850	0.0850	1.89869389e+09
0.0250	0.0850	0.0950	2.54678815e+09
0.0250	0.0850	0.1050	2.51026915e+09
0.0250	0.0850	0.1150	3.76409577e+09
0.0250	0.0950	0.0950	7.41613542e+08
0.0250	0.0950	0.1050	1.68753555e+09
0.0250	0.0950	0.1150	2.12769644e+09
0.0250	0.0950	0.1250	1.95766474e+09
0.0250	0.1050	0.1050	1.50989199e+09
0.0250	0.1050	0.1150	2.37829164e+09
0.0250	0.1050	0.1250	1.22103954e+09
0.0250	0.1050	0.1350	3.49853460e+09
0.0250	0.1150	0.1150	6.37154976e+08
0.0250	0.1150	0.1250	1.28320472e+09
0.0250	0.1150	0.1350	1.90633913e+09
0.0250	0.1150	0.1450	1.58988802e+09
0.0250	0.1250	0.1250	2.73113439e+08
0.0250	0.1250	0.1350	1.20204684e+09
0.0250	0.1250	0.1450	1.86140351e+09
0.0250	0.1350	0.1350	6.82029499e+08
0.0250	0.1350	0.1450	1.29905643e+09
0.0250	0.1450	0.1450	-2.29317884e+08
0.0350	0.0350	0.0350	8.21457504e+09
0.0350	0.0350	0.0450	7.33904187e+08
0.0350	0.0350	0.0550	8.31173719e+09
0.0350	0.0350	0.0650	2.06690839e+09
0.0350	0.0350	0.0750	-1.40909636e+09
0.0350	0.0450	0.0450	7.07681792e+09
0.0350	0.0450	0.0550	-4.35570968e+08
0.0350	0.0450	0.0650	3.14861155e+09
0.0350	0.0450	0.0750	3.05166023e+09
0.0350	0.0450	0.0850	9.17162617e+09
0.0350	0.0550	0.0550	1.68005873e+09
0.0350	0.0550	0.0650	1.67314928e+09
0.0350	0.0550	0.0750	2.86153577e+09
0.0350	0.0550	0.0850	2.77837500e+09
0.0350	0.0550	0.0950	2.75198231e+09
0.0350	0.0650	0.0650	1.26730258e+09
0.0350	0.0650	0.0750	1.35156963e+09
0.0350	0.0650	0.0850	1.66667534e+09
0.0350	0.0650	0.0950	2.46232446e+09
0.0350	0.0650	0.1050	8.24960070e+08
0.0350	0.0750	0.0750	4.18513250e+08
0.0350	0.0750	0.0850	1.54786303e+09
0.0350	0.0750	0.0950	2.71999108e+09
0.0350	0.0750	0.1050	1.82376543e+09
0.0350	0.0750	0.1150	1.50839384e+08
0.0350	0.0850	0.0850	3.73402921e+09
0.0350	0.0850	0.0950	9.11177798e+08
0.0350	0.0850	0.1050	1.48142302e+09
0.0350	0.0850	0.1150	2.29828712e+09
0.0350	0.0850	0.1250	1.96222797e+09
0.0350	0.0950	0.0950	1.75313541e+09
0.0350	0.0950	0.1050	1.45844763e+09
0.0350	0.0950	0.1150	1.34994224e+09
0.0350	0.0950	0.1250	1.80834782e+09
0.0350	0.0950	0.1350	1.25923081e+09
0.0350	0.1050	0.1050	9.25008261e+08
0.0350	0.1050	0.1150	1.22482229e+09
0.0350	0.1050	0.1250	1.36924078e+09
0.0350	0.1050	0.1350	1.17758323e+09
0.0350	0.1050	0.1450	9.90515915e+08
0.0350	0.1150	0.1150	1.34747199e+09
0.0350	0.1150	0.1250	8.90221562e+08
0.0350	0.1150	0.1350	6.20413123e+08
0.0350	0.1150	0.1450	8.52440001e+08
0.0350	0.1250	0.1250	5.04665575e+08
0.0350	0.1250	0.1350	6.58135243e+08
0.0350	0.1250	0.1450	1.16642107e+09
0.0350	0.1350	0.1350	1.41041086e+09
0.0350	0.1350	0.1450	1.02658577e+09
0.0350	0.1450	0.1450	8.87122184e+08
0.0450	0.0450	0.0450	-3.99739690e+09
0.0450	0.0450	0.0550	5.19013874e+09
0.0450	0.0450	0.0650	6.01843181e+09
0.0450	0.0450	0.0750	3.30991268e+09
0.0450	0.0450	0.0850	1.65286163e+09
0.0450	0.0450	0.0950	3.29980676e+09
0.0450	0.0550	0.0550	8.33823533e+08
0.0450	0.0550	0.0650	1.11046262e+09
0.0450	0.0550	0.0750	4.11633703e+08
0.0450	0.0550	0.0850	1.68287146e+09
0.0450	0.0550	0.0950	1.34026092e+09
0.0450	0.0550	0.1050	5.56161521e+09
0.0450	0.0650	0.0650	8.47580850e+08
0.0450	0.0650	0.0750	1.72606246e+09
0.0450	0.0650	0.0850	2.43331498e+09
0.0450	0.0650	0.0950	2.59420825e+09
0.0450	0.0650	0.1050	2.55780650e+09
0.0450	0.0650	0.1150	2.81522844e+09
0.0450	0.0750	0.0750	2.18376556e+09
0.0450	0.0750	0.0850	1.64315413e+09
0.0450	0.0750	0.0950	2.81559469e+08
0.0450	0.0750	0.1050	1.77660843e+09
0.0450	0.0750	0.1150	1.96065944e+09
0.0450	0.0750	0.1250	3.15177764e+09
0.0450	0.0850	0.0850	6.54283212e+08
0.0450	0.0850	0.0950	1.69230827e+09
0.0450	0.0850	0.1050	1.14541424e+09
0.0450	0.0850	0.1150	1.54992558e+09
0.0450	0.0850	0.1250	1.91124788e+09
0.0450	0.0850	0.1350	8.03318990e+08
0.0450	0.0950	0.0950	4.97533783e+08
0.0450	0.0950	0.1050	1.06309807e+09
0.0450	0.0950	0.1150	1.04827940e+09
0.0450	0.0950	0.1250	9.19710926e+08
0.0450	0.0950	0.1350	1.61517381e+09
0.0450	0.0950	0.1450	2.13620032e+09
0.0450	0.1050	0.1050	1.63891715e+09
0.0450	0.1050	0.1150	7.33023528e+08
0.0450	0.1050	0.1250	9.55175358e+08
0.0450	0.1050	0.1350	1.00916932e+09
0.0450	0.1050	0.1450	1.35407727e+09
0.0450	0.1150	0.1150	7.99291638e+08
0.0450	0.1150	0.1250	8.73046940e+08
0.0450	0.1150	0.1350	1.10550089e+09
0.0450	0.1150	0.1450	1.06164855e+09
0.0450	0.1250	0.1250	8.26794009e+08
0.0450	0.1250	0.1350	1.09787012e+09
0.0450	0.1250	0.1450	6.44858280e+08
0.0450	0.1350	0.1350	8.78055315e+08
0.0450	0.1350	0.1450	5.38567969e+08
0.0450	0.1450	0.1450	4.91502613e+08
0.0550	0.0550	0.0550	2.95059051e+09
0.0550	0.0550	0.0650	2.44041344e+09
0.0550	0.0550	0.0750	3.08486912e+08
0.0550	0.0550	0.0850	2.22874267e+09
0.0550	0.0550	0.0950	1.79831965e+09
0.0550	0.0550	0.1050	-6.50767851e+08
0.0550	0.0550	0.1150	4.00191683e+09
0.0550	0.0650	0.0650	1.02713333e+09
0.0550	0.0650	0.0750	1.45730422e+09
0.0550	0.0650	0.0850	9.08647525e+08
0.0550	0.0650	0.0950	1.93595790e+09
0.0550	0.0650	0.1050	1.60097148e+09
0.0550	0.0650	0.1150	1.83585702e+09
0.0550	0.0650	0.1250	2.74728280e+09
0.0550	0.0750	0.0750	1.36504460e+09
0.0550	0.0750	0.0850	1.50266524e+09
0.0550	0.0750	0.0950	1.06026476e+09
0.0550	0.0750	0.1050	1.24931322e+09
0.0550	0.0750	0.1150	1.43255839e+09
0.0550	0.0750	0.1250	1.79788341e+09
0.0550	0.0750	0.1350	1.78213292e+09
0.0550	0.0850	0.0850	1.43510269e+09
0.0550	0.0850	0.0950	1.03262587e+09
0.0550	0.0850	0.1050	4.80889235e+08
0.0550	0.0850	0.1150	6.89713459e+08
0.0550	0.0850	0.1250	1.48656882e+09
0.0550	0.0850	0.1350	8.99165170e+08
0.0550	0.0850	0.1450	1.84175565e+09
0.0550	0.0950	0.0950	5.58408106e+08
0.0550	0.0950	0.1050	7.75278869e+08
0.0550	0.0950	0.1150	5.10825802e+08
0.0550	0.0950	0.1250	9.30954901e+08
0.0550	0.0950	0.1350	5.90707880e+08
0.0550	0.0950	0.1450	1.44393252e+09
0.0550	0.1050	0.1050	1.43102867e+09
0.0550	0.1050	0.1150	4.44983125e+08
0.0550	0.1050	0.1250	9.01724301e+08
0.0550	0.1050	0.1350	6.46284029e+08
0.0550	0.1050	0.1450	6.49372690e+08
0.0550	0.1150	0.1150	1.10403222e+09
0.0550	0.1150	0.1250	6.48716908e+08
0.0550	0.1150	0.1350	8.64858528e+08
0.0550	0.1150	0.1450	8.73379060e+08
0.0550	0.1250	0.1250	1.24002988e+09
0.0550	0.1250	0.1350	8.90398170e+08
0.0550	0.1250	0.1450	6.78346500e+08
0.0550	0.1350	0.1350	6.97902814e+07
0.0550	0.1350	0.1450	6.96449881e+08
0.0550	0.1450	0.1450	3.23805697e+08
0.0650	0.0650	0.0650	1.29999172e+09
0.0650	0.0650	0.0750	1.38876803e+09
0.0650	0.0650	0.0850	1.05307161e+09
0.0650	0.0650	0.0950	8.66053507e+08
0.0650	0.0650	0.1050	6.09230174e+08
0.0650	0.0650	0.1150	1.48152947e+09
0.0650	0.0650	0.1250	1.82606651e+09
0.0650	0.0650	0.1350	2.35818022e+09
0.0650	0.0750	0.0750	1.13863070e+09
0.0650	0.0750	0.0850	1.86212221e+09
0.0650	0.0750	0.0950	9.04870659e+08
0.0650	0.0750	0.1050	1.69697216e+09
0.0650	0.0750	0.1150	1.46044783e+09
0.0650	0.0750	0.1250	1.46885575e+09
0.0650	0.0750	0.1350	1.40164164e+09
0.0650	0.0750	0.1450	2.70502406e+09
0.0650	0.0850	0.0850	-4.86300844e+07
0.0650	0.0850	0.0950	1.46258876e+09
0.0650	0.0850	0.1050	1.08182820e+09
0.0650	0.0850	0.1150	1.04775010e+09
0.0650	0.0850	0.1250	6.39432317e+08
0.0650	0.0850	0.1350	9.69046459e+08
0.0650	0.0850	0.1450	1.19137429e+09
0.0650	0.0950	0.0950	1.85840708e+08
0.0650	0.0950	0.1050	7.82188950e+08
0.0650	0.0950	0.1150	5.34117206e+08
0.0650	0.0950	0.1250	8.29121663e+08
0.0650	0.0950	0.1350	1.03322375e+09
0.0650	0.0950	0.1450	8.70904156e+08
0.0650	0.1050	0.1050	8.82753700e+08
0.0650	0.1050	0.1150	6.19849122e+08
0.0650	0.1050	0.1250	5.80223844e+08
0.0650	0.1050	0.1350	9.65719893e+08
0.0650	0.1050	0.1450	8.08478578e+08
0.0650	0.1150	0.1150	7.04526577e+08
0.0650	0.1150	0.1250	7.25971969e+08
0.0650	0.1150	0.1350	7.49280325e+08
0.0650	0.1150	0.1450	5.35623451e+08
0.0650	0.1250	0.1250	9.59296771e+07
0.0650	0.1250	0.1350	3.14733949e+08
0.0650	0.1250	0.1450	6.31532351e+08
0.0650	0.1350	0.1350	6.95046464e+08
0.0650	0.1350	0.1450	5.00055852e+08
0.0650	0.1450	0.1450	5.93608457e+08
0.0750	0.0750	0.0750	6.00861513e+08
0.0750	0.0750	0.0850	3.15588941e+08
0.0750	0.0750	0.0950	9.85887519e+08
0.0750	0.0750	0.1050	8.43336042e+08
0.0750	0.0750	0.1150	7.20659689e+08
0.0750	0.0750	0.1250	6.82279494e+08
0.0750	0.0750	0.1350	1.16620113e+09
0.0750	0.0750	0.1450	9.65151281e+08
0.0750	0.0850	0.0850	9.81364437e+08
0.0750	0.0850	0.0950	8.01492760e+08
0.0750	0.0850	0.1050	5.58486324e+08
0.0750	0.0850	0.1150	1.11753124e+09
0.0750	0.0850	0.1250	9.81575050e+08
0.0750	0.0850	0.1350	9.00768087e+08
0.0750	0.0850	0.1450	9.77364863e+08
0.0750	0.0950	0.0950	9.23176941e+08
0.0750	0.0950	0.1050	7.91525775e+08
0.0750	0.0950	0.1150	8.18486046e+08
0.0750	0.0950	0.1250	9.04270590e+08
0.0750	0.0950	0.1350	5.28361659e+08
0.0750	0.0950	0.1450	7.62263717e+08
0.0750	0.1050	0.1050	4.11372198e+08
0.0750	0.1050	0.1150	5.97864164e+08
0.0750	0.1050	0.1250	5.12137466e+08
0.0750	0.1050	0.1350	5.96285757e+08
0.0750	0.1050	0.1450	7.26698604e+08
0.0750	0.1150	0.1150	6.81702533e+08
0.0750	0.1150	0.1250	5.11473304e+08
0.0750	0.1150	0.1350	1.73676314e+08
0.0750	0.1150	0.1450	5.82141104e+08
0.0750	0.1250	0.1250	7.79441493e+08
0.0750	0.1250	0.1350	7.63127994e+08
0.0750	0.1250	0.1450	3.43911609e+08
0.0750	0.1350	0.1350	4.36476304e+08
0.0750	0.1350	0.1450	4.25084245e+08
0.0750	0.1450	0.1450	5.72223124e+08
0.0850	0.0850	0.0850	4.15948293e+08
0.0850	0.0850	0.0950	9.42078646e+08
0.0850	0.0850	0.1050	3.09109501e+08
0.0850	0.0850	0.1150	8.99656312e+08
0.0850	0.0850	0.1250	4.03422048e+08
0.0850	0.0850	0.1350	5.38756783e+08
0.0850	0.0850	0.1450	8.26849780e+08
0.0850	0.0950	0.0950	4.23551367e+08
0.0850	0.0950	0.1050	6.44807186e+08
0.0850	0.0950	0.1150	8.03759372e+08
0.0850	0.0950	0.1250	6.19787585e+08
0.0850	0.0950	0.1350	4.87920786e+08
0.0850	0.0950	0.1450	6.11059840e+08
0.0850	0.1050	0.1050	7.70985463e+08
0.0850	0.1050	0.1150	4.23637726e+08
0.0850	0.1050	0.1250	6.29143730e+08
0.0850	0.1050	0.1350	6.67170248e+08
0.0850	0.1050	0.1450	3.83758908e+08
0.0850	0.1150	0.1150	5.07315702e+08
0.0850	0.1150	0.1250	3.91151257e+08
0.0850	0.1150	0.1350	7.64766395e+08
0.0850	0.1150	0.1450	4.98470762e+08
0.0850	0.1250	0.1250	3.37235677e+08
0.0850	0.1250	0.1350	3.57053542e+08
0.0850	0.1250	0.1450	4.02170679e+08
0.0850	0.1350	0.1350	4.31302078e+08
0.0850	0.1350	0.1450	3.35230484e+08
0.0850	0.1450	0.1450	4.03171969e+08
0.0950	0.0950	0.0950	1.01509133e+09
0.0950	0.0950	0.1050	3.81419243e+06
0.0950	0.0950	0.1150	4.41310597e+08
0.0950	0.0950	0.1250	5.44082930e+08
0.0950	0.0950	0.1350	6.10785933e+08
0.0950	0.0950	0.1450	5.85573786e+08
0.0950	0.1050	0.1050	8.85810055e+08
0.0950	0.1050	0.1150	2.18558759e+08
0.0950	0.1050	0.1250	4.54398891e+08
0.0950	0.1050	0.1350	4.46386842e+08
0.0950	0.1050	0.1450	3.24605535e+08
0.0950	0.1150	0.1150	4.65437089e+08
0.0950	0.1150	0.1250	5.43773840e+08
0.0950	0.1150	0.1350	4.06189265e+08
0.0950	0.1150	0.1450	3.49864295e+08
0.0950	0.1250	0.1250	3.39168511e+08
0.0950	0.1250	0.1350	3.48288274e+08
0.0950	0.1250	0.1450	4.74468409e+08
0.0950	0.1350	0.1350	2.99951331e+08
0.0950	0.1350	0.1450	2.19986591e+08
0.0950	0.1450	0.1450	3.74749585e+08
0.1050	0.1050	0.1050	4.43699784e+08
0.1050	0.1050	0.1150	1.46523256e+08
0.1050	0.1050	0.1250	5.75682150e+08
0.1050	0.1050	0.1350	8.35101274e+08
0.1050	0.1050	0.1450	5.01906488e+08
0.1050	0.1150	0.1150	6.76479234e+08
0.1050	0.1150	0.1250	3.35850148e+08
0.1050	0.1150	0.1350	4.18628643e+08
0.1050	0.1150	0.1450	2.79658538e+08
0.1050	0.1250	0.1250	1.17574781e+08
0.1050	0.1250	0.1350	3.72363585e+08
0.1050	0.1250	0.1450	1.97069049e+08
0.1050	0.1350	0.1350	2.47534796e+08
0.1050	0.1350	0.1450	2.99358351e+08
0.1050	0.1450	0.1450	1.91227576e+08
0.1150	0.1150	0.1150	6.72855575e+08
0.1150	0.1150	0.1250	5.13360282e+08
0.1150	0.1150	0.1350	2.66518821e+08
0.1150	0.1150	0.1450	3.08848280e+08
0.1150	0.1250	0.1250	2.32209017e+08
0.1150	0.1250	0.1350	3.85777512e+08
0.1150	0.1250	0.1450	3.56365529e+08
0.1150	0.1350	0.1350	1.29808537e+08
0.1150	0.1350	0.1450	3.21700824e+08
0.1150	0.1450	0.1450	3.48153430e+08
0.1250	0.1250	0.1250	7.14902420e+08
0.1250	0.1250	0.1350	3.29090168e+08
0.1250	0.1250	0.1450	3.11367079e+08
0.1250	0.1350	0.1350	3.50720132e+08
0.1250	0.1350	0.1450	1.80325670e+08
0.1250	0.1450	0.1450	2.73351972e+08
0.1350	0.1350	0.1350	3.77383030e+08
0.1350	0.1350	0.1450	3.56592648e+08
0.1350	0.1450	0.1450	2.18085418e+08
0.1450	0.1450	0.1450	1.47253503e+08
