####### Bispectrum of Patchy Simulation 498 #############
# Patch: ngc
# z-type: z3
# Weights: fkp
# Fiducial Omega_m: 0.310
# Fiducial h: 0.676
# Boxsize: [1800.0, 3400.0, 1900.0]
# Grid: [170, 325, 180]
# k-binning: [0.000, 0.160, 0.010]
# Monte Carlo Simulations: 100
#
# Format: k1 | k2 | k3 | B(k1,k2,k3)
############################################
0.0150	0.0150	0.0150	4.06833697e+10
0.0150	0.0150	0.0250	1.42019298e+10
0.0150	0.0150	0.0350	9.20940678e+09
0.0150	0.0250	0.0250	5.33377488e+09
0.0150	0.0250	0.0350	1.86243686e+10
0.0150	0.0250	0.0450	1.86013218e+10
0.0150	0.0350	0.0350	8.78421027e+09
0.0150	0.0350	0.0450	5.18606153e+09
0.0150	0.0350	0.0550	1.22975832e+10
0.0150	0.0450	0.0450	6.60903590e+09
0.0150	0.0450	0.0550	4.10184951e+09
0.0150	0.0450	0.0650	7.97971699e+09
0.0150	0.0550	0.0550	3.25645864e+09
0.0150	0.0550	0.0650	3.64494618e+09
0.0150	0.0550	0.0750	5.44359766e+09
0.0150	0.0650	0.0650	2.14914645e+09
0.0150	0.0650	0.0750	4.05808115e+09
0.0150	0.0650	0.0850	3.73183733e+09
0.0150	0.0750	0.0750	2.08177680e+09
0.0150	0.0750	0.0850	5.08699773e+09
0.0150	0.0750	0.0950	6.71606884e+09
0.0150	0.0850	0.0850	2.66547885e+09
0.0150	0.0850	0.0950	2.20693305e+09
0.0150	0.0850	0.1050	2.82751118e+09
0.0150	0.0950	0.0950	3.09296131e+09
0.0150	0.0950	0.1050	2.57273055e+09
0.0150	0.0950	0.1150	4.17901381e+09
0.0150	0.1050	0.1050	1.21400149e+09
0.0150	0.1050	0.1150	2.06344324e+09
0.0150	0.1050	0.1250	1.70811703e+09
0.0150	0.1150	0.1150	2.15978724e+09
0.0150	0.1150	0.1250	1.85477405e+09
0.0150	0.1150	0.1350	3.73303837e+09
0.0150	0.1250	0.1250	1.77264363e+09
0.0150	0.1250	0.1350	1.31364356e+09
0.0150	0.1250	0.1450	3.42713460e+09
0.0150	0.1350	0.1350	8.31230485e+08
0.0150	0.1350	0.1450	2.01126458e+09
0.0150	0.1450	0.1450	1.62168385e+09
0.0250	0.0250	0.0250	2.23777549e+10
0.0250	0.0250	0.0350	8.87692631e+09
0.0250	0.0250	0.0450	1.10908063e+10
0.0250	0.0250	0.0550	2.00492165e+10
0.0250	0.0350	0.0350	5.77839028e+09
0.0250	0.0350	0.0450	4.33382458e+09
0.0250	0.0350	0.0550	4.86301667e+09
0.0250	0.0350	0.0650	2.86160681e+09
0.0250	0.0450	0.0450	7.11706270e+09
0.0250	0.0450	0.0550	2.90576855e+09
0.0250	0.0450	0.0650	4.18969238e+09
0.0250	0.0450	0.0750	2.97456730e+09
0.0250	0.0550	0.0550	2.05325888e+09
0.0250	0.0550	0.0650	2.61900008e+09
0.0250	0.0550	0.0750	4.07888937e+09
0.0250	0.0550	0.0850	5.34074527e+09
0.0250	0.0650	0.0650	2.82909924e+09
0.0250	0.0650	0.0750	3.92929818e+09
0.0250	0.0650	0.0850	3.18095138e+09
0.0250	0.0650	0.0950	7.68334755e+09
0.0250	0.0750	0.0750	1.38785250e+09
0.0250	0.0750	0.0850	2.31199757e+09
0.0250	0.0750	0.0950	2.35443866e+09
0.0250	0.0750	0.1050	3.39076324e+09
0.0250	0.0850	0.0850	1.59534868e+09
0.0250	0.0850	0.0950	2.05103407e+09
0.0250	0.0850	0.1050	3.16662934e+09
0.0250	0.0850	0.1150	3.02464405e+09
0.0250	0.0950	0.0950	1.61381654e+09
0.0250	0.0950	0.1050	2.19079481e+09
0.0250	0.0950	0.1150	1.96664549e+09
0.0250	0.0950	0.1250	2.34083468e+09
0.0250	0.1050	0.1050	1.24133194e+09
0.0250	0.1050	0.1150	1.44578920e+09
0.0250	0.1050	0.1250	2.23838203e+09
0.0250	0.1050	0.1350	2.10738429e+09
0.0250	0.1150	0.1150	1.56446732e+09
0.0250	0.1150	0.1250	1.40717022e+09
0.0250	0.1150	0.1350	2.06025249e+09
0.0250	0.1150	0.1450	2.25779073e+09
0.0250	0.1250	0.1250	1.04574225e+09
0.0250	0.1250	0.1350	1.05945946e+09
0.0250	0.1250	0.1450	1.22277238e+09
0.0250	0.1350	0.1350	1.43907540e+09
0.0250	0.1350	0.1450	1.21326536e+09
0.0250	0.1450	0.1450	5.09819785e+08
0.0350	0.0350	0.0350	4.24759063e+09
0.0350	0.0350	0.0450	3.07054853e+09
0.0350	0.0350	0.0550	4.97130050e+09
0.0350	0.0350	0.0650	3.31803447e+09
0.0350	0.0350	0.0750	7.76395030e+09
0.0350	0.0450	0.0450	-6.18220635e+08
0.0350	0.0450	0.0550	3.27827989e+09
0.0350	0.0450	0.0650	3.20327647e+09
0.0350	0.0450	0.0750	2.11607529e+09
0.0350	0.0450	0.0850	1.34979497e+09
0.0350	0.0550	0.0550	3.43532242e+08
0.0350	0.0550	0.0650	1.97696947e+09
0.0350	0.0550	0.0750	2.96544222e+09
0.0350	0.0550	0.0850	2.79618184e+09
0.0350	0.0550	0.0950	2.39534483e+09
0.0350	0.0650	0.0650	5.31434757e+08
0.0350	0.0650	0.0750	1.09677037e+09
0.0350	0.0650	0.0850	2.28475763e+09
0.0350	0.0650	0.0950	2.30166483e+09
0.0350	0.0650	0.1050	2.91953577e+09
0.0350	0.0750	0.0750	2.83244141e+09
0.0350	0.0750	0.0850	1.82862003e+09
0.0350	0.0750	0.0950	1.64953134e+09
0.0350	0.0750	0.1050	2.64764440e+09
0.0350	0.0750	0.1150	2.66253810e+09
0.0350	0.0850	0.0850	6.40450620e+08
0.0350	0.0850	0.0950	1.37476229e+09
0.0350	0.0850	0.1050	1.36872175e+09
0.0350	0.0850	0.1150	2.19911115e+09
0.0350	0.0850	0.1250	9.71644284e+08
0.0350	0.0950	0.0950	8.89874032e+08
0.0350	0.0950	0.1050	1.26265822e+09
0.0350	0.0950	0.1150	1.66014602e+09
0.0350	0.0950	0.1250	1.83190762e+09
0.0350	0.0950	0.1350	1.29565997e+09
0.0350	0.1050	0.1050	9.33167856e+08
0.0350	0.1050	0.1150	1.03205884e+09
0.0350	0.1050	0.1250	1.46196638e+09
0.0350	0.1050	0.1350	1.32499641e+09
0.0350	0.1050	0.1450	2.22927011e+09
0.0350	0.1150	0.1150	1.87785818e+09
0.0350	0.1150	0.1250	9.85553025e+08
0.0350	0.1150	0.1350	1.12756839e+09
0.0350	0.1150	0.1450	1.03436566e+09
0.0350	0.1250	0.1250	1.21412927e+09
0.0350	0.1250	0.1350	9.56482697e+08
0.0350	0.1250	0.1450	9.82299830e+08
0.0350	0.1350	0.1350	6.43579236e+08
0.0350	0.1350	0.1450	9.18960678e+08
0.0350	0.1450	0.1450	6.12145106e+08
0.0450	0.0450	0.0450	5.19206759e+09
0.0450	0.0450	0.0550	1.96260887e+09
0.0450	0.0450	0.0650	9.79731946e+08
0.0450	0.0450	0.0750	1.81367278e+09
0.0450	0.0450	0.0850	2.61237655e+09
0.0450	0.0450	0.0950	2.39318970e+09
0.0450	0.0550	0.0550	1.43783265e+09
0.0450	0.0550	0.0650	2.27376911e+09
0.0450	0.0550	0.0750	1.54181377e+09
0.0450	0.0550	0.0850	1.51605457e+09
0.0450	0.0550	0.0950	2.53618069e+09
0.0450	0.0550	0.1050	4.16909245e+09
0.0450	0.0650	0.0650	7.22220586e+08
0.0450	0.0650	0.0750	1.66801345e+09
0.0450	0.0650	0.0850	1.41721615e+09
0.0450	0.0650	0.0950	1.32812108e+09
0.0450	0.0650	0.1050	1.84181491e+09
0.0450	0.0650	0.1150	2.72367404e+09
0.0450	0.0750	0.0750	1.41559234e+09
0.0450	0.0750	0.0850	8.39954826e+08
0.0450	0.0750	0.0950	1.91745471e+09
0.0450	0.0750	0.1050	1.43974027e+09
0.0450	0.0750	0.1150	1.59980426e+09
0.0450	0.0750	0.1250	1.97606441e+09
0.0450	0.0850	0.0850	1.69068882e+09
0.0450	0.0850	0.0950	7.65549791e+08
0.0450	0.0850	0.1050	1.23201908e+09
0.0450	0.0850	0.1150	1.00135711e+09
0.0450	0.0850	0.1250	2.02287008e+09
0.0450	0.0850	0.1350	2.01187298e+09
0.0450	0.0950	0.0950	1.18275723e+09
0.0450	0.0950	0.1050	1.19049180e+09
0.0450	0.0950	0.1150	9.03848396e+08
0.0450	0.0950	0.1250	1.03340785e+09
0.0450	0.0950	0.1350	1.29421463e+09
0.0450	0.0950	0.1450	1.41057617e+09
0.0450	0.1050	0.1050	1.06975820e+09
0.0450	0.1050	0.1150	7.18636736e+08
0.0450	0.1050	0.1250	1.14013037e+09
0.0450	0.1050	0.1350	9.87345676e+08
0.0450	0.1050	0.1450	1.36530215e+09
0.0450	0.1150	0.1150	6.28979980e+08
0.0450	0.1150	0.1250	9.58685562e+08
0.0450	0.1150	0.1350	8.93487142e+08
0.0450	0.1150	0.1450	1.00707892e+09
0.0450	0.1250	0.1250	9.81023442e+08
0.0450	0.1250	0.1350	4.74653294e+08
0.0450	0.1250	0.1450	8.90839740e+08
0.0450	0.1350	0.1350	1.09859433e+09
0.0450	0.1350	0.1450	5.06544485e+08
0.0450	0.1450	0.1450	6.78112047e+08
0.0550	0.0550	0.0550	1.24220401e+09
0.0550	0.0550	0.0650	1.33859062e+09
0.0550	0.0550	0.0750	2.17210382e+09
0.0550	0.0550	0.0850	1.61965111e+09
0.0550	0.0550	0.0950	1.40038177e+09
0.0550	0.0550	0.1050	1.69991925e+09
0.0550	0.0550	0.1150	2.29251625e+09
0.0550	0.0650	0.0650	1.82188568e+09
0.0550	0.0650	0.0750	1.65201118e+09
0.0550	0.0650	0.0850	1.21919376e+09
0.0550	0.0650	0.0950	1.26340911e+09
0.0550	0.0650	0.1050	1.84204989e+09
0.0550	0.0650	0.1150	1.59425667e+09
0.0550	0.0650	0.1250	2.17538112e+09
0.0550	0.0750	0.0750	1.02034590e+09
0.0550	0.0750	0.0850	1.61815783e+09
0.0550	0.0750	0.0950	1.18585803e+09
0.0550	0.0750	0.1050	1.17126261e+09
0.0550	0.0750	0.1150	1.54941990e+09
0.0550	0.0750	0.1250	2.00343772e+09
0.0550	0.0750	0.1350	1.55996903e+09
0.0550	0.0850	0.0850	9.32195509e+08
0.0550	0.0850	0.0950	6.62032549e+08
0.0550	0.0850	0.1050	9.68680349e+08
0.0550	0.0850	0.1150	1.33289953e+09
0.0550	0.0850	0.1250	1.22753840e+09
0.0550	0.0850	0.1350	1.51283448e+09
0.0550	0.0850	0.1450	1.09168156e+09
0.0550	0.0950	0.0950	8.13853847e+08
0.0550	0.0950	0.1050	8.00901778e+08
0.0550	0.0950	0.1150	8.67860409e+08
0.0550	0.0950	0.1250	8.73384912e+08
0.0550	0.0950	0.1350	8.63082374e+08
0.0550	0.0950	0.1450	1.25098650e+09
0.0550	0.1050	0.1050	3.91620745e+08
0.0550	0.1050	0.1150	7.18331548e+08
0.0550	0.1050	0.1250	8.29387746e+08
0.0550	0.1050	0.1350	8.23031994e+08
0.0550	0.1050	0.1450	8.83434317e+08
0.0550	0.1150	0.1150	8.33235276e+08
0.0550	0.1150	0.1250	7.10692961e+08
0.0550	0.1150	0.1350	7.56940930e+08
0.0550	0.1150	0.1450	6.99078494e+08
0.0550	0.1250	0.1250	5.17514245e+08
0.0550	0.1250	0.1350	6.96059029e+08
0.0550	0.1250	0.1450	5.47990904e+08
0.0550	0.1350	0.1350	5.56095738e+08
0.0550	0.1350	0.1450	6.69775872e+08
0.0550	0.1450	0.1450	4.79343780e+08
0.0650	0.0650	0.0650	2.94106567e+09
0.0650	0.0650	0.0750	9.52139197e+08
0.0650	0.0650	0.0850	1.34822879e+09
0.0650	0.0650	0.0950	1.46661122e+09
0.0650	0.0650	0.1050	1.30679805e+09
0.0650	0.0650	0.1150	1.85485714e+09
0.0650	0.0650	0.1250	1.35798531e+09
0.0650	0.0650	0.1350	1.63456463e+09
0.0650	0.0750	0.0750	1.40995065e+09
0.0650	0.0750	0.0850	1.06258825e+09
0.0650	0.0750	0.0950	1.34763162e+09
0.0650	0.0750	0.1050	1.22880383e+09
0.0650	0.0750	0.1150	1.20033967e+09
0.0650	0.0750	0.1250	1.33774730e+09
0.0650	0.0750	0.1350	1.63137864e+09
0.0650	0.0750	0.1450	1.74734747e+09
0.0650	0.0850	0.0850	7.49487781e+08
0.0650	0.0850	0.0950	1.04688421e+09
0.0650	0.0850	0.1050	9.67813889e+08
0.0650	0.0850	0.1150	8.56959002e+08
0.0650	0.0850	0.1250	8.71968720e+08
0.0650	0.0850	0.1350	1.15414768e+09
0.0650	0.0850	0.1450	1.56871162e+09
0.0650	0.0950	0.0950	1.05640077e+09
0.0650	0.0950	0.1050	9.06035743e+08
0.0650	0.0950	0.1150	8.59660461e+08
0.0650	0.0950	0.1250	7.47821531e+08
0.0650	0.0950	0.1350	8.99891920e+08
0.0650	0.0950	0.1450	8.34153796e+08
0.0650	0.1050	0.1050	8.11123167e+08
0.0650	0.1050	0.1150	7.24630426e+08
0.0650	0.1050	0.1250	5.80721663e+08
0.0650	0.1050	0.1350	6.58455190e+08
0.0650	0.1050	0.1450	7.00547095e+08
0.0650	0.1150	0.1150	6.06639797e+08
0.0650	0.1150	0.1250	7.01881375e+08
0.0650	0.1150	0.1350	5.94751226e+08
0.0650	0.1150	0.1450	7.52866174e+08
0.0650	0.1250	0.1250	7.63122448e+08
0.0650	0.1250	0.1350	5.95297176e+08
0.0650	0.1250	0.1450	6.20795863e+08
0.0650	0.1350	0.1350	7.15449390e+08
0.0650	0.1350	0.1450	4.10720743e+08
0.0650	0.1450	0.1450	5.53918160e+08
0.0750	0.0750	0.0750	6.76532481e+08
0.0750	0.0750	0.0850	1.21676869e+09
0.0750	0.0750	0.0950	7.83812428e+08
0.0750	0.0750	0.1050	9.65791520e+08
0.0750	0.0750	0.1150	6.28188984e+08
0.0750	0.0750	0.1250	1.08876003e+09
0.0750	0.0750	0.1350	1.13399064e+09
0.0750	0.0750	0.1450	1.39494271e+09
0.0750	0.0850	0.0850	9.22188596e+08
0.0750	0.0850	0.0950	7.42407344e+08
0.0750	0.0850	0.1050	1.06511190e+09
0.0750	0.0850	0.1150	9.41958719e+08
0.0750	0.0850	0.1250	8.59997319e+08
0.0750	0.0850	0.1350	8.22109572e+08
0.0750	0.0850	0.1450	9.40927108e+08
0.0750	0.0950	0.0950	6.75617051e+08
0.0750	0.0950	0.1050	5.20166392e+08
0.0750	0.0950	0.1150	6.54758268e+08
0.0750	0.0950	0.1250	9.47398170e+08
0.0750	0.0950	0.1350	6.51124999e+08
0.0750	0.0950	0.1450	8.29662776e+08
0.0750	0.1050	0.1050	6.31666996e+08
0.0750	0.1050	0.1150	7.01561154e+08
0.0750	0.1050	0.1250	6.79923451e+08
0.0750	0.1050	0.1350	6.89110137e+08
0.0750	0.1050	0.1450	5.68808710e+08
0.0750	0.1150	0.1150	5.51428108e+08
0.0750	0.1150	0.1250	5.04266139e+08
0.0750	0.1150	0.1350	5.73390179e+08
0.0750	0.1150	0.1450	5.18450973e+08
0.0750	0.1250	0.1250	5.27076980e+08
0.0750	0.1250	0.1350	6.60126968e+08
0.0750	0.1250	0.1450	5.14691561e+08
0.0750	0.1350	0.1350	4.42751670e+08
0.0750	0.1350	0.1450	4.83350297e+08
0.0750	0.1450	0.1450	4.99414013e+08
0.0850	0.0850	0.0850	1.17053753e+09
0.0850	0.0850	0.0950	8.97604572e+08
0.0850	0.0850	0.1050	5.23322208e+08
0.0850	0.0850	0.1150	6.68762106e+08
0.0850	0.0850	0.1250	7.08377121e+08
0.0850	0.0850	0.1350	1.02722514e+09
0.0850	0.0850	0.1450	7.85740383e+08
0.0850	0.0950	0.0950	5.38182598e+08
0.0850	0.0950	0.1050	6.47215862e+08
0.0850	0.0950	0.1150	6.03227351e+08
0.0850	0.0950	0.1250	6.51647876e+08
0.0850	0.0950	0.1350	5.82172198e+08
0.0850	0.0950	0.1450	6.92165307e+08
0.0850	0.1050	0.1050	6.13676937e+08
0.0850	0.1050	0.1150	6.16836976e+08
0.0850	0.1050	0.1250	5.64276034e+08
0.0850	0.1050	0.1350	5.45337559e+08
0.0850	0.1050	0.1450	5.99752037e+08
0.0850	0.1150	0.1150	5.82997677e+08
0.0850	0.1150	0.1250	6.72600096e+08
0.0850	0.1150	0.1350	4.33064636e+08
0.0850	0.1150	0.1450	5.43349115e+08
0.0850	0.1250	0.1250	5.60889639e+08
0.0850	0.1250	0.1350	5.46058235e+08
0.0850	0.1250	0.1450	5.40231942e+08
0.0850	0.1350	0.1350	3.92240379e+08
0.0850	0.1350	0.1450	4.96364647e+08
0.0850	0.1450	0.1450	2.92109791e+08
0.0950	0.0950	0.0950	4.76026473e+08
0.0950	0.0950	0.1050	5.82718824e+08
0.0950	0.0950	0.1150	7.22699377e+08
0.0950	0.0950	0.1250	4.61118647e+08
0.0950	0.0950	0.1350	5.04030868e+08
0.0950	0.0950	0.1450	6.63276421e+08
0.0950	0.1050	0.1050	5.35940277e+08
0.0950	0.1050	0.1150	4.04137914e+08
0.0950	0.1050	0.1250	4.18271901e+08
0.0950	0.1050	0.1350	5.03987212e+08
0.0950	0.1050	0.1450	4.29478490e+08
0.0950	0.1150	0.1150	5.60499495e+08
0.0950	0.1150	0.1250	5.10289863e+08
0.0950	0.1150	0.1350	4.60228703e+08
0.0950	0.1150	0.1450	3.80209578e+08
0.0950	0.1250	0.1250	4.55105139e+08
0.0950	0.1250	0.1350	4.30624323e+08
0.0950	0.1250	0.1450	4.45441354e+08
0.0950	0.1350	0.1350	3.16951687e+08
0.0950	0.1350	0.1450	4.21785022e+08
0.0950	0.1450	0.1450	4.10939410e+08
0.1050	0.1050	0.1050	2.81393706e+08
0.1050	0.1050	0.1150	5.42324157e+08
0.1050	0.1050	0.1250	4.12557083e+08
0.1050	0.1050	0.1350	4.25506868e+08
0.1050	0.1050	0.1450	5.09470661e+08
0.1050	0.1150	0.1150	4.20792422e+08
0.1050	0.1150	0.1250	4.02974959e+08
0.1050	0.1150	0.1350	4.55367442e+08
0.1050	0.1150	0.1450	4.15373089e+08
0.1050	0.1250	0.1250	3.18788303e+08
0.1050	0.1250	0.1350	3.58868471e+08
0.1050	0.1250	0.1450	3.77211239e+08
0.1050	0.1350	0.1350	3.72996727e+08
0.1050	0.1350	0.1450	3.13408109e+08
0.1050	0.1450	0.1450	3.62890714e+08
0.1150	0.1150	0.1150	4.48444756e+08
0.1150	0.1150	0.1250	3.07972666e+08
0.1150	0.1150	0.1350	3.69111823e+08
0.1150	0.1150	0.1450	3.50446445e+08
0.1150	0.1250	0.1250	3.16583199e+08
0.1150	0.1250	0.1350	3.18459475e+08
0.1150	0.1250	0.1450	3.29353275e+08
0.1150	0.1350	0.1350	4.34960176e+08
0.1150	0.1350	0.1450	3.50572981e+08
0.1150	0.1450	0.1450	3.58262001e+08
0.1250	0.1250	0.1250	3.91736231e+08
0.1250	0.1250	0.1350	3.84222886e+08
0.1250	0.1250	0.1450	4.12938981e+08
0.1250	0.1350	0.1350	3.88131058e+08
0.1250	0.1350	0.1450	2.46763346e+08
0.1250	0.1450	0.1450	3.02026248e+08
0.1350	0.1350	0.1350	1.96543770e+08
0.1350	0.1350	0.1450	2.87651895e+08
0.1350	0.1450	0.1450	3.70756849e+08
0.1450	0.1450	0.1450	1.80707059e+08
