####### Bispectrum of Patchy Simulation 659 #############
# Patch: ngc
# z-type: z1
# Weights: fkp
# Fiducial Omega_m: 0.310
# Fiducial h: 0.676
# Boxsize: [1350.0, 2450.0, 1400.0]
# Grid: [126, 230, 130]
# k-binning: [0.000, 0.160, 0.010]
# Monte Carlo Simulations: 100
#
# Format: k1 | k2 | k3 | B(k1,k2,k3)
############################################
0.0150	0.0150	0.0150	-5.62027131e+09
0.0150	0.0150	0.0250	2.01794801e+10
0.0150	0.0150	0.0350	-3.97918687e+10
0.0150	0.0250	0.0250	8.88549999e+08
0.0150	0.0250	0.0350	5.39697695e+09
0.0150	0.0250	0.0450	5.64365387e+09
0.0150	0.0350	0.0350	-8.10736495e+08
0.0150	0.0350	0.0450	5.40369646e+09
0.0150	0.0350	0.0550	-2.81021197e+08
0.0150	0.0450	0.0450	2.09825828e+09
0.0150	0.0450	0.0550	3.35683150e+09
0.0150	0.0450	0.0650	6.84422807e+08
0.0150	0.0550	0.0550	2.60904625e+09
0.0150	0.0550	0.0650	2.32468224e+09
0.0150	0.0550	0.0750	9.26056240e+09
0.0150	0.0650	0.0650	2.16520841e+09
0.0150	0.0650	0.0750	2.92473469e+09
0.0150	0.0650	0.0850	7.31685652e+09
0.0150	0.0750	0.0750	2.88207830e+09
0.0150	0.0750	0.0850	2.49535890e+09
0.0150	0.0750	0.0950	1.77144778e+09
0.0150	0.0850	0.0850	1.77267599e+09
0.0150	0.0850	0.0950	2.79438109e+09
0.0150	0.0850	0.1050	4.30589825e+09
0.0150	0.0950	0.0950	1.15265851e+09
0.0150	0.0950	0.1050	2.44066451e+09
0.0150	0.0950	0.1150	4.06747187e+09
0.0150	0.1050	0.1050	1.59620950e+09
0.0150	0.1050	0.1150	1.60921065e+09
0.0150	0.1050	0.1250	3.02903814e+09
0.0150	0.1150	0.1150	1.13533031e+09
0.0150	0.1150	0.1250	1.37288951e+09
0.0150	0.1150	0.1350	1.44222361e+09
0.0150	0.1250	0.1250	5.97943656e+08
0.0150	0.1250	0.1350	1.64324969e+09
0.0150	0.1250	0.1450	1.98407665e+09
0.0150	0.1350	0.1350	9.99171053e+08
0.0150	0.1350	0.1450	1.48363270e+09
0.0150	0.1450	0.1450	5.66182815e+08
0.0250	0.0250	0.0250	8.24733364e+09
0.0250	0.0250	0.0350	7.62105763e+09
0.0250	0.0250	0.0450	3.27093172e+09
0.0250	0.0250	0.0550	5.80056735e+09
0.0250	0.0350	0.0350	1.28974344e+10
0.0250	0.0350	0.0450	6.39864046e+09
0.0250	0.0350	0.0550	9.16460204e+09
0.0250	0.0350	0.0650	1.30850716e+10
0.0250	0.0450	0.0450	2.46232912e+09
0.0250	0.0450	0.0550	3.59194994e+09
0.0250	0.0450	0.0650	2.48732439e+09
0.0250	0.0450	0.0750	3.10076962e+09
0.0250	0.0550	0.0550	1.77196357e+09
0.0250	0.0550	0.0650	4.46446065e+09
0.0250	0.0550	0.0750	3.32387524e+09
0.0250	0.0550	0.0850	7.07337758e+08
0.0250	0.0650	0.0650	3.18117917e+09
0.0250	0.0650	0.0750	2.91981780e+09
0.0250	0.0650	0.0850	2.16649523e+09
0.0250	0.0650	0.0950	4.95553785e+09
0.0250	0.0750	0.0750	2.71338891e+09
0.0250	0.0750	0.0850	2.42129454e+09
0.0250	0.0750	0.0950	3.75046877e+09
0.0250	0.0750	0.1050	3.83509005e+09
0.0250	0.0850	0.0850	2.27397660e+09
0.0250	0.0850	0.0950	2.06703256e+09
0.0250	0.0850	0.1050	2.39996332e+09
0.0250	0.0850	0.1150	2.70164964e+09
0.0250	0.0950	0.0950	1.31194436e+09
0.0250	0.0950	0.1050	1.79005666e+09
0.0250	0.0950	0.1150	1.59079483e+09
0.0250	0.0950	0.1250	2.67998129e+09
0.0250	0.1050	0.1050	8.96323708e+08
0.0250	0.1050	0.1150	1.43948129e+09
0.0250	0.1050	0.1250	2.29684563e+09
0.0250	0.1050	0.1350	1.19251542e+09
0.0250	0.1150	0.1150	1.78893118e+09
0.0250	0.1150	0.1250	1.48347003e+09
0.0250	0.1150	0.1350	1.83424821e+09
0.0250	0.1150	0.1450	1.55905662e+09
0.0250	0.1250	0.1250	1.15240388e+09
0.0250	0.1250	0.1350	1.30713485e+09
0.0250	0.1250	0.1450	1.51344502e+09
0.0250	0.1350	0.1350	9.18812496e+08
0.0250	0.1350	0.1450	1.32461714e+09
0.0250	0.1450	0.1450	9.33444659e+08
0.0350	0.0350	0.0350	-2.05661219e+08
0.0350	0.0350	0.0450	1.66862965e+09
0.0350	0.0350	0.0550	2.65707531e+09
0.0350	0.0350	0.0650	5.45292117e+09
0.0350	0.0350	0.0750	1.38466887e+09
0.0350	0.0450	0.0450	4.14541291e+09
0.0350	0.0450	0.0550	2.58091185e+09
0.0350	0.0450	0.0650	3.45873584e+09
0.0350	0.0450	0.0750	3.96636679e+09
0.0350	0.0450	0.0850	3.46120797e+09
0.0350	0.0550	0.0550	1.19618059e+09
0.0350	0.0550	0.0650	1.90929826e+09
0.0350	0.0550	0.0750	2.33950741e+09
0.0350	0.0550	0.0850	4.11739774e+09
0.0350	0.0550	0.0950	3.08127011e+09
0.0350	0.0650	0.0650	1.97761037e+09
0.0350	0.0650	0.0750	1.06628154e+09
0.0350	0.0650	0.0850	2.42679729e+09
0.0350	0.0650	0.0950	2.41802198e+09
0.0350	0.0650	0.1050	4.21057238e+09
0.0350	0.0750	0.0750	2.60924686e+09
0.0350	0.0750	0.0850	2.35834267e+09
0.0350	0.0750	0.0950	1.96300345e+09
0.0350	0.0750	0.1050	2.44556136e+09
0.0350	0.0750	0.1150	2.60838708e+09
0.0350	0.0850	0.0850	1.72285021e+09
0.0350	0.0850	0.0950	1.37596385e+09
0.0350	0.0850	0.1050	2.03567037e+09
0.0350	0.0850	0.1150	2.54297823e+09
0.0350	0.0850	0.1250	2.91831430e+09
0.0350	0.0950	0.0950	8.09257833e+08
0.0350	0.0950	0.1050	1.35721983e+09
0.0350	0.0950	0.1150	1.57626672e+09
0.0350	0.0950	0.1250	1.54036568e+09
0.0350	0.0950	0.1350	2.25871189e+09
0.0350	0.1050	0.1050	1.25926025e+09
0.0350	0.1050	0.1150	1.35646618e+09
0.0350	0.1050	0.1250	1.65989789e+09
0.0350	0.1050	0.1350	1.37152714e+09
0.0350	0.1050	0.1450	1.69849473e+09
0.0350	0.1150	0.1150	1.32867289e+09
0.0350	0.1150	0.1250	7.47218830e+08
0.0350	0.1150	0.1350	1.44795265e+09
0.0350	0.1150	0.1450	1.44255207e+09
0.0350	0.1250	0.1250	1.03934099e+09
0.0350	0.1250	0.1350	9.15527165e+08
0.0350	0.1250	0.1450	1.23037443e+09
0.0350	0.1350	0.1350	9.35252811e+08
0.0350	0.1350	0.1450	8.91571284e+08
0.0350	0.1450	0.1450	5.27424735e+08
0.0450	0.0450	0.0450	4.41833866e+08
0.0450	0.0450	0.0550	2.32321858e+09
0.0450	0.0450	0.0650	1.76687116e+09
0.0450	0.0450	0.0750	1.71374411e+09
0.0450	0.0450	0.0850	2.34242733e+09
0.0450	0.0450	0.0950	1.45291839e+09
0.0450	0.0550	0.0550	2.30477507e+09
0.0450	0.0550	0.0650	2.02900462e+09
0.0450	0.0550	0.0750	2.10792687e+09
0.0450	0.0550	0.0850	2.30872665e+09
0.0450	0.0550	0.0950	2.30526973e+09
0.0450	0.0550	0.1050	3.54238759e+09
0.0450	0.0650	0.0650	1.75599151e+09
0.0450	0.0650	0.0750	1.08008853e+09
0.0450	0.0650	0.0850	1.31870389e+09
0.0450	0.0650	0.0950	2.21165427e+09
0.0450	0.0650	0.1050	2.21021255e+09
0.0450	0.0650	0.1150	2.86108064e+09
0.0450	0.0750	0.0750	1.07739762e+09
0.0450	0.0750	0.0850	1.35587941e+09
0.0450	0.0750	0.0950	9.69610375e+08
0.0450	0.0750	0.1050	1.45610013e+09
0.0450	0.0750	0.1150	1.95159413e+09
0.0450	0.0750	0.1250	3.22199579e+09
0.0450	0.0850	0.0850	1.37401739e+09
0.0450	0.0850	0.0950	7.71402096e+08
0.0450	0.0850	0.1050	1.38527819e+09
0.0450	0.0850	0.1150	1.04686446e+09
0.0450	0.0850	0.1250	1.93074924e+09
0.0450	0.0850	0.1350	1.88785239e+09
0.0450	0.0950	0.0950	1.19888646e+09
0.0450	0.0950	0.1050	8.01073384e+08
0.0450	0.0950	0.1150	7.46282181e+08
0.0450	0.0950	0.1250	1.27217011e+09
0.0450	0.0950	0.1350	1.30783724e+09
0.0450	0.0950	0.1450	1.80970606e+09
0.0450	0.1050	0.1050	1.02350302e+09
0.0450	0.1050	0.1150	8.08363113e+08
0.0450	0.1050	0.1250	8.64490658e+08
0.0450	0.1050	0.1350	1.03626423e+09
0.0450	0.1050	0.1450	1.22854362e+09
0.0450	0.1150	0.1150	8.56125357e+08
0.0450	0.1150	0.1250	8.10017170e+08
0.0450	0.1150	0.1350	7.07129050e+08
0.0450	0.1150	0.1450	6.08145154e+08
0.0450	0.1250	0.1250	6.46447514e+08
0.0450	0.1250	0.1350	8.26347836e+08
0.0450	0.1250	0.1450	8.57789929e+08
0.0450	0.1350	0.1350	5.01014203e+08
0.0450	0.1350	0.1450	5.21277159e+08
0.0450	0.1450	0.1450	7.26751914e+08
0.0550	0.0550	0.0550	3.65950280e+09
0.0550	0.0550	0.0650	2.33853462e+09
0.0550	0.0550	0.0750	6.30392220e+08
0.0550	0.0550	0.0850	1.63472074e+09
0.0550	0.0550	0.0950	1.40875698e+09
0.0550	0.0550	0.1050	3.28877623e+09
0.0550	0.0550	0.1150	2.27819810e+09
0.0550	0.0650	0.0650	1.86950628e+09
0.0550	0.0650	0.0750	1.30729074e+09
0.0550	0.0650	0.0850	1.72842281e+09
0.0550	0.0650	0.0950	1.64347666e+09
0.0550	0.0650	0.1050	1.40004491e+09
0.0550	0.0650	0.1150	1.73758660e+09
0.0550	0.0650	0.1250	2.14740820e+09
0.0550	0.0750	0.0750	7.99539607e+08
0.0550	0.0750	0.0850	1.23376016e+09
0.0550	0.0750	0.0950	1.25754824e+09
0.0550	0.0750	0.1050	1.44245940e+09
0.0550	0.0750	0.1150	1.71218505e+09
0.0550	0.0750	0.1250	1.38176398e+09
0.0550	0.0750	0.1350	1.78747570e+09
0.0550	0.0850	0.0850	1.01576166e+09
0.0550	0.0850	0.0950	7.64360249e+08
0.0550	0.0850	0.1050	1.05074009e+09
0.0550	0.0850	0.1150	1.19417311e+09
0.0550	0.0850	0.1250	1.31444349e+09
0.0550	0.0850	0.1350	1.50363098e+09
0.0550	0.0850	0.1450	1.21218836e+09
0.0550	0.0950	0.0950	6.90860539e+08
0.0550	0.0950	0.1050	8.19331066e+08
0.0550	0.0950	0.1150	8.01580019e+08
0.0550	0.0950	0.1250	9.77370105e+08
0.0550	0.0950	0.1350	1.20036280e+09
0.0550	0.0950	0.1450	1.14738273e+09
0.0550	0.1050	0.1050	6.92691817e+08
0.0550	0.1050	0.1150	7.46635378e+08
0.0550	0.1050	0.1250	8.57523870e+08
0.0550	0.1050	0.1350	7.80786766e+08
0.0550	0.1050	0.1450	7.62678163e+08
0.0550	0.1150	0.1150	7.63943013e+08
0.0550	0.1150	0.1250	6.23763014e+08
0.0550	0.1150	0.1350	9.27217899e+08
0.0550	0.1150	0.1450	7.68047698e+08
0.0550	0.1250	0.1250	6.69011814e+08
0.0550	0.1250	0.1350	6.47875714e+08
0.0550	0.1250	0.1450	6.33536130e+08
0.0550	0.1350	0.1350	7.08622130e+08
0.0550	0.1350	0.1450	6.86462852e+08
0.0550	0.1450	0.1450	3.23489661e+08
0.0650	0.0650	0.0650	1.49079145e+09
0.0650	0.0650	0.0750	1.41296827e+09
0.0650	0.0650	0.0850	9.77217499e+08
0.0650	0.0650	0.0950	8.11294037e+08
0.0650	0.0650	0.1050	1.22644754e+09
0.0650	0.0650	0.1150	1.53692573e+09
0.0650	0.0650	0.1250	1.12773212e+09
0.0650	0.0650	0.1350	1.77178307e+09
0.0650	0.0750	0.0750	1.12176190e+09
0.0650	0.0750	0.0850	1.29295110e+09
0.0650	0.0750	0.0950	9.92088360e+08
0.0650	0.0750	0.1050	1.21953731e+09
0.0650	0.0750	0.1150	1.12838393e+09
0.0650	0.0750	0.1250	1.05744087e+09
0.0650	0.0750	0.1350	1.33127734e+09
0.0650	0.0750	0.1450	1.63094520e+09
0.0650	0.0850	0.0850	4.67584010e+08
0.0650	0.0850	0.0950	8.08933104e+08
0.0650	0.0850	0.1050	1.19022425e+09
0.0650	0.0850	0.1150	8.90480266e+08
0.0650	0.0850	0.1250	9.33740920e+08
0.0650	0.0850	0.1350	9.08505140e+08
0.0650	0.0850	0.1450	1.07536777e+09
0.0650	0.0950	0.0950	8.39644116e+08
0.0650	0.0950	0.1050	6.16464057e+08
0.0650	0.0950	0.1150	7.29246662e+08
0.0650	0.0950	0.1250	5.96806723e+08
0.0650	0.0950	0.1350	7.80314794e+08
0.0650	0.0950	0.1450	9.10264978e+08
0.0650	0.1050	0.1050	4.62964897e+08
0.0650	0.1050	0.1150	6.43972237e+08
0.0650	0.1050	0.1250	6.84674526e+08
0.0650	0.1050	0.1350	6.73066100e+08
0.0650	0.1050	0.1450	7.59420787e+08
0.0650	0.1150	0.1150	4.93803431e+08
0.0650	0.1150	0.1250	6.21548630e+08
0.0650	0.1150	0.1350	6.72154371e+08
0.0650	0.1150	0.1450	6.02510275e+08
0.0650	0.1250	0.1250	5.89246107e+08
0.0650	0.1250	0.1350	4.36658648e+08
0.0650	0.1250	0.1450	5.24084557e+08
0.0650	0.1350	0.1350	7.06903593e+08
0.0650	0.1350	0.1450	5.05171420e+08
0.0650	0.1450	0.1450	4.59946544e+08
0.0750	0.0750	0.0750	7.50682173e+08
0.0750	0.0750	0.0850	3.40126451e+08
0.0750	0.0750	0.0950	5.16561767e+08
0.0750	0.0750	0.1050	1.10567503e+09
0.0750	0.0750	0.1150	7.53565230e+08
0.0750	0.0750	0.1250	1.21353086e+09
0.0750	0.0750	0.1350	1.00288580e+09
0.0750	0.0750	0.1450	1.43337730e+09
0.0750	0.0850	0.0850	7.85661317e+08
0.0750	0.0850	0.0950	7.97625362e+08
0.0750	0.0850	0.1050	6.18617299e+08
0.0750	0.0850	0.1150	4.96825281e+08
0.0750	0.0850	0.1250	7.32177385e+08
0.0750	0.0850	0.1350	1.06898156e+09
0.0750	0.0850	0.1450	9.25226692e+08
0.0750	0.0950	0.0950	7.68971356e+08
0.0750	0.0950	0.1050	5.73236962e+08
0.0750	0.0950	0.1150	7.93783997e+08
0.0750	0.0950	0.1250	7.18856289e+08
0.0750	0.0950	0.1350	7.12466087e+08
0.0750	0.0950	0.1450	8.06970714e+08
0.0750	0.1050	0.1050	5.67285255e+08
0.0750	0.1050	0.1150	6.23130204e+08
0.0750	0.1050	0.1250	5.71733629e+08
0.0750	0.1050	0.1350	6.28150359e+08
0.0750	0.1050	0.1450	5.75785469e+08
0.0750	0.1150	0.1150	6.09511172e+08
0.0750	0.1150	0.1250	6.14431302e+08
0.0750	0.1150	0.1350	7.14212317e+08
0.0750	0.1150	0.1450	6.58473874e+08
0.0750	0.1250	0.1250	4.60545302e+08
0.0750	0.1250	0.1350	4.66937966e+08
0.0750	0.1250	0.1450	4.73331085e+08
0.0750	0.1350	0.1350	2.71193035e+08
0.0750	0.1350	0.1450	3.64708489e+08
0.0750	0.1450	0.1450	3.22050522e+08
0.0850	0.0850	0.0850	1.45600826e+09
0.0850	0.0850	0.0950	2.91903844e+08
0.0850	0.0850	0.1050	6.86682198e+08
0.0850	0.0850	0.1150	8.91372492e+08
0.0850	0.0850	0.1250	6.42216653e+08
0.0850	0.0850	0.1350	6.07736515e+08
0.0850	0.0850	0.1450	7.09485073e+08
0.0850	0.0950	0.0950	6.28620056e+08
0.0850	0.0950	0.1050	6.88382140e+08
0.0850	0.0950	0.1150	4.04918035e+08
0.0850	0.0950	0.1250	5.29316516e+08
0.0850	0.0950	0.1350	6.24436144e+08
0.0850	0.0950	0.1450	5.36194031e+08
0.0850	0.1050	0.1050	6.72143156e+08
0.0850	0.1050	0.1150	6.43197699e+08
0.0850	0.1050	0.1250	6.67918484e+08
0.0850	0.1050	0.1350	5.07128566e+08
0.0850	0.1050	0.1450	4.43325800e+08
0.0850	0.1150	0.1150	4.89777364e+08
0.0850	0.1150	0.1250	5.02561386e+08
0.0850	0.1150	0.1350	3.73054907e+08
0.0850	0.1150	0.1450	4.11956238e+08
0.0850	0.1250	0.1250	5.58575823e+08
0.0850	0.1250	0.1350	3.26095002e+08
0.0850	0.1250	0.1450	4.61906312e+08
0.0850	0.1350	0.1350	5.51649278e+08
0.0850	0.1350	0.1450	3.82052073e+08
0.0850	0.1450	0.1450	3.92024180e+08
0.0950	0.0950	0.0950	1.27519597e+08
0.0950	0.0950	0.1050	6.47920618e+08
0.0950	0.0950	0.1150	6.00007831e+08
0.0950	0.0950	0.1250	3.66756645e+08
0.0950	0.0950	0.1350	6.73432563e+08
0.0950	0.0950	0.1450	2.93726569e+08
0.0950	0.1050	0.1050	2.66627431e+08
0.0950	0.1050	0.1150	4.58366221e+08
0.0950	0.1050	0.1250	4.61824620e+08
0.0950	0.1050	0.1350	4.79029531e+08
0.0950	0.1050	0.1450	4.66081727e+08
0.0950	0.1150	0.1150	5.58911154e+08
0.0950	0.1150	0.1250	2.99939544e+08
0.0950	0.1150	0.1350	3.52496771e+08
0.0950	0.1150	0.1450	4.61004990e+08
0.0950	0.1250	0.1250	2.18892311e+08
0.0950	0.1250	0.1350	3.92787190e+08
0.0950	0.1250	0.1450	4.22913938e+08
0.0950	0.1350	0.1350	3.59259501e+08
0.0950	0.1350	0.1450	3.33460651e+08
0.0950	0.1450	0.1450	3.44213510e+08
0.1050	0.1050	0.1050	6.33614075e+08
0.1050	0.1050	0.1150	4.67647151e+08
0.1050	0.1050	0.1250	3.90402601e+08
0.1050	0.1050	0.1350	4.39362084e+08
0.1050	0.1050	0.1450	3.38765261e+08
0.1050	0.1150	0.1150	4.23352950e+08
0.1050	0.1150	0.1250	3.55071676e+08
0.1050	0.1150	0.1350	2.61464115e+08
0.1050	0.1150	0.1450	3.45094787e+08
0.1050	0.1250	0.1250	3.86821491e+08
0.1050	0.1250	0.1350	2.58981040e+08
0.1050	0.1250	0.1450	2.84289657e+08
0.1050	0.1350	0.1350	3.19023751e+08
0.1050	0.1350	0.1450	2.37695130e+08
0.1050	0.1450	0.1450	2.28799289e+08
0.1150	0.1150	0.1150	2.15721092e+08
0.1150	0.1150	0.1250	4.01206251e+08
0.1150	0.1150	0.1350	4.02528900e+08
0.1150	0.1150	0.1450	2.77023908e+08
0.1150	0.1250	0.1250	3.52689319e+08
0.1150	0.1250	0.1350	2.89313595e+08
0.1150	0.1250	0.1450	3.37265078e+08
0.1150	0.1350	0.1350	3.23348339e+08
0.1150	0.1350	0.1450	3.45452104e+08
0.1150	0.1450	0.1450	2.77571741e+08
0.1250	0.1250	0.1250	3.05425708e+08
0.1250	0.1250	0.1350	2.81179393e+08
0.1250	0.1250	0.1450	2.03460242e+08
0.1250	0.1350	0.1350	2.77712961e+08
0.1250	0.1350	0.1450	2.30464701e+08
0.1250	0.1450	0.1450	2.28892963e+08
0.1350	0.1350	0.1350	4.07665312e+08
0.1350	0.1350	0.1450	3.07318701e+08
0.1350	0.1450	0.1450	1.79863535e+08
0.1450	0.1450	0.1450	1.73662748e+08
