####### Bispectrum of Patchy Simulation 836 #############
# Patch: sgc
# z-type: z3
# Weights: fkp
# Fiducial Omega_m: 0.310
# Fiducial h: 0.676
# Boxsize: [1000.0, 2600.0, 1500.0]
# Grid: [95, 250, 140]
# k-binning: [0.000, 0.160, 0.010]
# Monte Carlo Simulations: 100
#
# Format: k1 | k2 | k3 | B(k1,k2,k3)
############################################
0.0150	0.0150	0.0150	-1.09558675e+10
0.0150	0.0150	0.0250	-9.91808482e+09
0.0150	0.0150	0.0350	1.66943091e+10
0.0150	0.0250	0.0250	3.18086445e+10
0.0150	0.0250	0.0350	-4.95054483e+09
0.0150	0.0250	0.0450	2.03810876e+10
0.0150	0.0350	0.0350	6.55971274e+09
0.0150	0.0350	0.0450	4.31644444e+09
0.0150	0.0350	0.0550	8.77137057e+09
0.0150	0.0450	0.0450	4.85208907e+08
0.0150	0.0450	0.0550	8.75230830e+09
0.0150	0.0450	0.0650	-3.38275594e+09
0.0150	0.0550	0.0550	4.27167176e+09
0.0150	0.0550	0.0650	1.83385774e+09
0.0150	0.0550	0.0750	5.54476111e+09
0.0150	0.0650	0.0650	2.46925884e+08
0.0150	0.0650	0.0750	4.23564086e+09
0.0150	0.0650	0.0850	4.57312192e+09
0.0150	0.0750	0.0750	4.70931710e+09
0.0150	0.0750	0.0850	2.06295520e+09
0.0150	0.0750	0.0950	5.96721622e+09
0.0150	0.0850	0.0850	1.25189357e+09
0.0150	0.0850	0.0950	1.86701721e+09
0.0150	0.0850	0.1050	5.58030267e+09
0.0150	0.0950	0.0950	1.37903524e+09
0.0150	0.0950	0.1050	1.51197180e+09
0.0150	0.0950	0.1150	5.04033709e+09
0.0150	0.1050	0.1050	2.12850149e+09
0.0150	0.1050	0.1150	1.53675432e+09
0.0150	0.1050	0.1250	4.10183030e+09
0.0150	0.1150	0.1150	1.23314933e+09
0.0150	0.1150	0.1250	1.32100154e+09
0.0150	0.1150	0.1350	1.28355801e+09
0.0150	0.1250	0.1250	7.51101150e+08
0.0150	0.1250	0.1350	1.74576723e+09
0.0150	0.1250	0.1450	7.27008896e+08
0.0150	0.1350	0.1350	5.93043612e+08
0.0150	0.1350	0.1450	1.51862208e+09
0.0150	0.1450	0.1450	1.29752466e+09
0.0250	0.0250	0.0250	-4.68339315e+09
0.0250	0.0250	0.0350	2.09146861e+10
0.0250	0.0250	0.0450	-3.33170709e+09
0.0250	0.0250	0.0550	3.71578579e+10
0.0250	0.0350	0.0350	1.86596235e+09
0.0250	0.0350	0.0450	1.30295499e+10
0.0250	0.0350	0.0550	3.12084970e+09
0.0250	0.0350	0.0650	3.71228647e+09
0.0250	0.0450	0.0450	4.04183227e+09
0.0250	0.0450	0.0550	8.01572465e+09
0.0250	0.0450	0.0650	5.49103025e+09
0.0250	0.0450	0.0750	1.01188245e+10
0.0250	0.0550	0.0550	2.47326551e+09
0.0250	0.0550	0.0650	1.77907813e+09
0.0250	0.0550	0.0750	5.23040871e+09
0.0250	0.0550	0.0850	8.11702523e+09
0.0250	0.0650	0.0650	3.87674838e+09
0.0250	0.0650	0.0750	2.28014855e+09
0.0250	0.0650	0.0850	4.88398565e+09
0.0250	0.0650	0.0950	6.94625218e+09
0.0250	0.0750	0.0750	3.83985527e+09
0.0250	0.0750	0.0850	9.12448655e+08
0.0250	0.0750	0.0950	3.60854245e+09
0.0250	0.0750	0.1050	3.07449351e+09
0.0250	0.0850	0.0850	3.01424684e+09
0.0250	0.0850	0.0950	1.37394080e+09
0.0250	0.0850	0.1050	4.73074978e+09
0.0250	0.0850	0.1150	2.53692943e+09
0.0250	0.0950	0.0950	2.16341468e+09
0.0250	0.0950	0.1050	1.83448315e+09
0.0250	0.0950	0.1150	2.91398920e+09
0.0250	0.0950	0.1250	4.81494115e+09
0.0250	0.1050	0.1050	1.48428127e+09
0.0250	0.1050	0.1150	2.90505887e+09
0.0250	0.1050	0.1250	1.31899985e+09
0.0250	0.1050	0.1350	4.29833864e+09
0.0250	0.1150	0.1150	1.46560073e+09
0.0250	0.1150	0.1250	1.80573455e+09
0.0250	0.1150	0.1350	1.60727646e+09
0.0250	0.1150	0.1450	3.07528539e+09
0.0250	0.1250	0.1250	1.46726681e+09
0.0250	0.1250	0.1350	1.31742446e+09
0.0250	0.1250	0.1450	2.73958187e+09
0.0250	0.1350	0.1350	2.24097124e+09
0.0250	0.1350	0.1450	1.43985041e+09
0.0250	0.1450	0.1450	1.14484264e+09
0.0350	0.0350	0.0350	4.84430950e+08
0.0350	0.0350	0.0450	1.31705592e+09
0.0350	0.0350	0.0550	4.27085170e+09
0.0350	0.0350	0.0650	2.82437358e+09
0.0350	0.0350	0.0750	7.73358338e+09
0.0350	0.0450	0.0450	4.69066930e+09
0.0350	0.0450	0.0550	2.81900046e+09
0.0350	0.0450	0.0650	3.86833496e+09
0.0350	0.0450	0.0750	5.50034338e+09
0.0350	0.0450	0.0850	5.35647504e+09
0.0350	0.0550	0.0550	2.94864476e+09
0.0350	0.0550	0.0650	3.45208716e+09
0.0350	0.0550	0.0750	2.67386817e+09
0.0350	0.0550	0.0850	4.34914896e+09
0.0350	0.0550	0.0950	4.37090710e+09
0.0350	0.0650	0.0650	1.52764153e+09
0.0350	0.0650	0.0750	1.57687947e+09
0.0350	0.0650	0.0850	2.32382211e+09
0.0350	0.0650	0.0950	1.99478728e+09
0.0350	0.0650	0.1050	2.00210235e+09
0.0350	0.0750	0.0750	-1.01727315e+08
0.0350	0.0750	0.0850	2.30744198e+09
0.0350	0.0750	0.0950	1.89213962e+09
0.0350	0.0750	0.1050	3.37983452e+09
0.0350	0.0750	0.1150	9.22031198e+08
0.0350	0.0850	0.0850	2.09916651e+09
0.0350	0.0850	0.0950	2.16278006e+09
0.0350	0.0850	0.1050	2.26448326e+09
0.0350	0.0850	0.1150	2.38012051e+09
0.0350	0.0850	0.1250	3.06740298e+08
0.0350	0.0950	0.0950	5.22790922e+08
0.0350	0.0950	0.1050	1.80723764e+09
0.0350	0.0950	0.1150	1.86343748e+09
0.0350	0.0950	0.1250	1.86291088e+09
0.0350	0.0950	0.1350	2.52604319e+09
0.0350	0.1050	0.1050	1.41309716e+09
0.0350	0.1050	0.1150	3.42082372e+08
0.0350	0.1050	0.1250	1.95383537e+09
0.0350	0.1050	0.1350	1.57361544e+09
0.0350	0.1050	0.1450	1.49942697e+09
0.0350	0.1150	0.1150	3.64121085e+08
0.0350	0.1150	0.1250	8.45768135e+08
0.0350	0.1150	0.1350	1.32096174e+09
0.0350	0.1150	0.1450	1.15317949e+09
0.0350	0.1250	0.1250	9.92459202e+08
0.0350	0.1250	0.1350	9.23141780e+08
0.0350	0.1250	0.1450	1.01846743e+09
0.0350	0.1350	0.1350	8.04470890e+08
0.0350	0.1350	0.1450	9.63849319e+08
0.0350	0.1450	0.1450	9.99908287e+08
0.0450	0.0450	0.0450	-2.34877435e+09
0.0450	0.0450	0.0550	8.18420697e+08
0.0450	0.0450	0.0650	3.03382225e+09
0.0450	0.0450	0.0750	3.79828456e+09
0.0450	0.0450	0.0850	3.33894739e+09
0.0450	0.0450	0.0950	-8.26049257e+07
0.0450	0.0550	0.0550	3.39480486e+09
0.0450	0.0550	0.0650	7.40159281e+08
0.0450	0.0550	0.0750	2.32569898e+09
0.0450	0.0550	0.0850	3.57138725e+09
0.0450	0.0550	0.0950	2.26354183e+09
0.0450	0.0550	0.1050	1.13184863e+09
0.0450	0.0650	0.0650	4.79159043e+09
0.0450	0.0650	0.0750	1.10056404e+09
0.0450	0.0650	0.0850	1.59185517e+09
0.0450	0.0650	0.0950	2.99393805e+09
0.0450	0.0650	0.1050	3.59517803e+09
0.0450	0.0650	0.1150	2.43704063e+09
0.0450	0.0750	0.0750	1.65869033e+09
0.0450	0.0750	0.0850	2.69689395e+09
0.0450	0.0750	0.0950	1.56894355e+09
0.0450	0.0750	0.1050	2.05672911e+09
0.0450	0.0750	0.1150	1.90476517e+09
0.0450	0.0750	0.1250	2.69881054e+09
0.0450	0.0850	0.0850	1.51869246e+09
0.0450	0.0850	0.0950	6.30715925e+08
0.0450	0.0850	0.1050	1.96964664e+09
0.0450	0.0850	0.1150	1.67173366e+09
0.0450	0.0850	0.1250	1.48056336e+09
0.0450	0.0850	0.1350	7.03630554e+08
0.0450	0.0950	0.0950	1.88298217e+09
0.0450	0.0950	0.1050	8.50301198e+08
0.0450	0.0950	0.1150	1.20576106e+09
0.0450	0.0950	0.1250	1.55499726e+09
0.0450	0.0950	0.1350	1.81277753e+09
0.0450	0.0950	0.1450	2.02403778e+09
0.0450	0.1050	0.1050	1.41347855e+09
0.0450	0.1050	0.1150	1.21937348e+09
0.0450	0.1050	0.1250	7.16065673e+08
0.0450	0.1050	0.1350	1.10510301e+09
0.0450	0.1050	0.1450	1.55780974e+09
0.0450	0.1150	0.1150	4.30941748e+08
0.0450	0.1150	0.1250	7.60641069e+08
0.0450	0.1150	0.1350	9.34615422e+08
0.0450	0.1150	0.1450	1.21191717e+09
0.0450	0.1250	0.1250	1.04382316e+09
0.0450	0.1250	0.1350	1.33447832e+09
0.0450	0.1250	0.1450	9.63184576e+08
0.0450	0.1350	0.1350	3.67578134e+08
0.0450	0.1350	0.1450	8.80496524e+08
0.0450	0.1450	0.1450	6.31427120e+08
0.0550	0.0550	0.0550	-1.55462637e+09
0.0550	0.0550	0.0650	2.64803143e+09
0.0550	0.0550	0.0750	6.27876479e+08
0.0550	0.0550	0.0850	2.08757662e+09
0.0550	0.0550	0.0950	8.96191359e+08
0.0550	0.0550	0.1050	3.07007404e+09
0.0550	0.0550	0.1150	4.80414113e+09
0.0550	0.0650	0.0650	2.90389869e+09
0.0550	0.0650	0.0750	1.50480093e+09
0.0550	0.0650	0.0850	1.24680394e+09
0.0550	0.0650	0.0950	2.25762441e+09
0.0550	0.0650	0.1050	1.77668995e+09
0.0550	0.0650	0.1150	1.71939540e+09
0.0550	0.0650	0.1250	1.08236324e+09
0.0550	0.0750	0.0750	1.89521618e+09
0.0550	0.0750	0.0850	1.47503861e+09
0.0550	0.0750	0.0950	9.93769293e+08
0.0550	0.0750	0.1050	1.27012686e+09
0.0550	0.0750	0.1150	1.49040225e+09
0.0550	0.0750	0.1250	1.45566959e+09
0.0550	0.0750	0.1350	3.28323431e+09
0.0550	0.0850	0.0850	9.21263614e+08
0.0550	0.0850	0.0950	1.25999498e+09
0.0550	0.0850	0.1050	1.32666677e+09
0.0550	0.0850	0.1150	9.52670512e+08
0.0550	0.0850	0.1250	1.75005253e+09
0.0550	0.0850	0.1350	1.60379503e+09
0.0550	0.0850	0.1450	1.49848581e+09
0.0550	0.0950	0.0950	1.04086378e+09
0.0550	0.0950	0.1050	1.18691107e+09
0.0550	0.0950	0.1150	7.16955683e+08
0.0550	0.0950	0.1250	7.74539652e+08
0.0550	0.0950	0.1350	1.07327567e+09
0.0550	0.0950	0.1450	1.14538831e+09
0.0550	0.1050	0.1050	4.91853901e+08
0.0550	0.1050	0.1150	9.72427653e+08
0.0550	0.1050	0.1250	1.06925813e+09
0.0550	0.1050	0.1350	9.48432939e+08
0.0550	0.1050	0.1450	1.01719461e+09
0.0550	0.1150	0.1150	9.63523095e+08
0.0550	0.1150	0.1250	8.29906040e+08
0.0550	0.1150	0.1350	8.42631169e+08
0.0550	0.1150	0.1450	7.93327599e+08
0.0550	0.1250	0.1250	5.48126702e+08
0.0550	0.1250	0.1350	9.25915490e+08
0.0550	0.1250	0.1450	7.42053275e+08
0.0550	0.1350	0.1350	5.11074342e+08
0.0550	0.1350	0.1450	5.39460016e+08
0.0550	0.1450	0.1450	8.81150766e+08
0.0650	0.0650	0.0650	-9.00811677e+08
0.0650	0.0650	0.0750	1.70375637e+09
0.0650	0.0650	0.0850	1.88214568e+09
0.0650	0.0650	0.0950	9.06573249e+08
0.0650	0.0650	0.1050	2.58608132e+09
0.0650	0.0650	0.1150	1.84179751e+09
0.0650	0.0650	0.1250	2.51578523e+09
0.0650	0.0650	0.1350	1.40809859e+09
0.0650	0.0750	0.0750	2.29127763e+09
0.0650	0.0750	0.0850	1.12755404e+09
0.0650	0.0750	0.0950	1.76527148e+09
0.0650	0.0750	0.1050	1.04005376e+09
0.0650	0.0750	0.1150	1.43441248e+09
0.0650	0.0750	0.1250	1.37440697e+09
0.0650	0.0750	0.1350	1.66817786e+09
0.0650	0.0750	0.1450	1.05782035e+09
0.0650	0.0850	0.0850	2.36292640e+09
0.0650	0.0850	0.0950	5.21705980e+08
0.0650	0.0850	0.1050	1.18306082e+09
0.0650	0.0850	0.1150	9.24593220e+08
0.0650	0.0850	0.1250	7.25987729e+08
0.0650	0.0850	0.1350	1.04120502e+09
0.0650	0.0850	0.1450	1.50657048e+09
0.0650	0.0950	0.0950	9.24731626e+08
0.0650	0.0950	0.1050	6.26938174e+08
0.0650	0.0950	0.1150	1.13939922e+09
0.0650	0.0950	0.1250	1.19958791e+09
0.0650	0.0950	0.1350	8.93036066e+08
0.0650	0.0950	0.1450	1.22342414e+09
0.0650	0.1050	0.1050	6.50719598e+08
0.0650	0.1050	0.1150	9.34152633e+08
0.0650	0.1050	0.1250	5.15810207e+08
0.0650	0.1050	0.1350	1.05602078e+09
0.0650	0.1050	0.1450	1.00144295e+09
0.0650	0.1150	0.1150	8.99955837e+08
0.0650	0.1150	0.1250	7.81524642e+08
0.0650	0.1150	0.1350	7.50442130e+08
0.0650	0.1150	0.1450	5.85711288e+08
0.0650	0.1250	0.1250	7.96783003e+08
0.0650	0.1250	0.1350	5.47425816e+08
0.0650	0.1250	0.1450	6.25767370e+08
0.0650	0.1350	0.1350	6.81045125e+08
0.0650	0.1350	0.1450	5.98671004e+08
0.0650	0.1450	0.1450	9.91240538e+08
0.0750	0.0750	0.0750	3.18602885e+07
0.0750	0.0750	0.0850	1.05246213e+09
0.0750	0.0750	0.0950	5.56784368e+08
0.0750	0.0750	0.1050	8.19186891e+08
0.0750	0.0750	0.1150	1.07599131e+09
0.0750	0.0750	0.1250	9.24383827e+08
0.0750	0.0750	0.1350	1.39639509e+09
0.0750	0.0750	0.1450	1.70456538e+09
0.0750	0.0850	0.0850	1.14817051e+09
0.0750	0.0850	0.0950	3.21210944e+08
0.0750	0.0850	0.1050	1.30107530e+09
0.0750	0.0850	0.1150	7.47807203e+08
0.0750	0.0850	0.1250	1.29259573e+09
0.0750	0.0850	0.1350	1.20508269e+09
0.0750	0.0850	0.1450	8.40650716e+08
0.0750	0.0950	0.0950	1.25136658e+09
0.0750	0.0950	0.1050	5.93561800e+08
0.0750	0.0950	0.1150	8.96243216e+08
0.0750	0.0950	0.1250	8.92164332e+08
0.0750	0.0950	0.1350	6.58132450e+08
0.0750	0.0950	0.1450	8.59556626e+08
0.0750	0.1050	0.1050	1.45227491e+09
0.0750	0.1050	0.1150	4.14217401e+08
0.0750	0.1050	0.1250	7.82023610e+08
0.0750	0.1050	0.1350	6.67651846e+08
0.0750	0.1050	0.1450	7.38133568e+08
0.0750	0.1150	0.1150	9.19042478e+08
0.0750	0.1150	0.1250	6.61493474e+08
0.0750	0.1150	0.1350	7.77745713e+08
0.0750	0.1150	0.1450	3.21959183e+08
0.0750	0.1250	0.1250	3.37144039e+08
0.0750	0.1250	0.1350	6.32626799e+08
0.0750	0.1250	0.1450	7.38948200e+08
0.0750	0.1350	0.1350	6.09443867e+08
0.0750	0.1350	0.1450	5.72735267e+08
0.0750	0.1450	0.1450	4.78176509e+08
0.0850	0.0850	0.0850	1.38834396e+09
0.0850	0.0850	0.0950	7.73389530e+08
0.0850	0.0850	0.1050	1.24846249e+09
0.0850	0.0850	0.1150	1.98626830e+08
0.0850	0.0850	0.1250	7.66182957e+08
0.0850	0.0850	0.1350	1.12147146e+09
0.0850	0.0850	0.1450	1.24737081e+09
0.0850	0.0950	0.0950	4.72421998e+08
0.0850	0.0950	0.1050	5.87321151e+08
0.0850	0.0950	0.1150	8.41329084e+08
0.0850	0.0950	0.1250	6.10738421e+08
0.0850	0.0950	0.1350	6.97059875e+08
0.0850	0.0950	0.1450	6.68256197e+08
0.0850	0.1050	0.1050	6.70832384e+08
0.0850	0.1050	0.1150	7.49496368e+08
0.0850	0.1050	0.1250	8.42317288e+08
0.0850	0.1050	0.1350	7.03941605e+08
0.0850	0.1050	0.1450	3.94326455e+08
0.0850	0.1150	0.1150	6.49492747e+08
0.0850	0.1150	0.1250	3.95760404e+08
0.0850	0.1150	0.1350	5.75263605e+08
0.0850	0.1150	0.1450	6.14167167e+08
0.0850	0.1250	0.1250	9.05564066e+08
0.0850	0.1250	0.1350	5.94585668e+08
0.0850	0.1250	0.1450	4.33649819e+08
0.0850	0.1350	0.1350	4.36872448e+08
0.0850	0.1350	0.1450	5.26533244e+08
0.0850	0.1450	0.1450	3.29905209e+08
0.0950	0.0950	0.0950	6.81359952e+08
0.0950	0.0950	0.1050	7.05463592e+08
0.0950	0.0950	0.1150	6.80744600e+08
0.0950	0.0950	0.1250	4.36479962e+08
0.0950	0.0950	0.1350	4.77502072e+08
0.0950	0.0950	0.1450	5.80632395e+08
0.0950	0.1050	0.1050	5.91511472e+08
0.0950	0.1050	0.1150	4.73756760e+08
0.0950	0.1050	0.1250	7.26805462e+08
0.0950	0.1050	0.1350	3.90451068e+08
0.0950	0.1050	0.1450	6.73553740e+08
0.0950	0.1150	0.1150	2.73818780e+08
0.0950	0.1150	0.1250	6.63742723e+08
0.0950	0.1150	0.1350	2.84967082e+08
0.0950	0.1150	0.1450	5.26930996e+08
0.0950	0.1250	0.1250	2.82852988e+08
0.0950	0.1250	0.1350	5.91393316e+08
0.0950	0.1250	0.1450	5.67917255e+08
0.0950	0.1350	0.1350	3.83121818e+08
0.0950	0.1350	0.1450	4.37445524e+08
0.0950	0.1450	0.1450	5.12173313e+08
0.1050	0.1050	0.1050	7.81196234e+08
0.1050	0.1050	0.1150	4.69628302e+08
0.1050	0.1050	0.1250	2.65090463e+08
0.1050	0.1050	0.1350	3.47385805e+08
0.1050	0.1050	0.1450	7.30948218e+08
0.1050	0.1150	0.1150	4.68557379e+08
0.1050	0.1150	0.1250	6.43186690e+08
0.1050	0.1150	0.1350	7.04693278e+08
0.1050	0.1150	0.1450	5.68990401e+08
0.1050	0.1250	0.1250	5.64788053e+08
0.1050	0.1250	0.1350	4.42484696e+08
0.1050	0.1250	0.1450	4.40690047e+08
0.1050	0.1350	0.1350	5.84104597e+08
0.1050	0.1350	0.1450	5.09260130e+08
0.1050	0.1450	0.1450	1.76632036e+08
0.1150	0.1150	0.1150	4.21345099e+06
0.1150	0.1150	0.1250	3.84522124e+08
0.1150	0.1150	0.1350	2.71578301e+08
0.1150	0.1150	0.1450	3.50893205e+08
0.1150	0.1250	0.1250	4.88836112e+08
0.1150	0.1250	0.1350	3.72510574e+08
0.1150	0.1250	0.1450	3.54305151e+08
0.1150	0.1350	0.1350	5.05203713e+08
0.1150	0.1350	0.1450	4.05674604e+08
0.1150	0.1450	0.1450	4.51352952e+08
0.1250	0.1250	0.1250	3.32387157e+08
0.1250	0.1250	0.1350	5.71598308e+08
0.1250	0.1250	0.1450	5.53820343e+07
0.1250	0.1350	0.1350	2.46097411e+08
0.1250	0.1350	0.1450	3.99718678e+08
0.1250	0.1450	0.1450	4.17733530e+08
0.1350	0.1350	0.1350	3.80535317e+08
0.1350	0.1350	0.1450	2.29051397e+08
0.1350	0.1450	0.1450	3.85810329e+08
0.1450	0.1450	0.1450	3.16467853e+08
