####### Bispectrum of Patchy Simulation 318 #############
# Patch: sgc
# z-type: z1
# Weights: fkp
# Fiducial Omega_m: 0.310
# Fiducial h: 0.676
# Boxsize: [1000.0, 1900.0, 1100.0]
# Grid: [95, 180, 105]
# k-binning: [0.000, 0.160, 0.010]
# Monte Carlo Simulations: 100
#
# Format: k1 | k2 | k3 | B(k1,k2,k3)
############################################
0.0150	0.0150	0.0150	-1.32341223e+11
0.0150	0.0150	0.0250	2.34443822e+10
0.0150	0.0150	0.0350	-3.62354429e+10
0.0150	0.0250	0.0250	5.31788111e+10
0.0150	0.0250	0.0350	-1.05612002e+10
0.0150	0.0250	0.0450	-6.74633874e+09
0.0150	0.0350	0.0350	3.35266931e+10
0.0150	0.0350	0.0450	1.03779981e+10
0.0150	0.0350	0.0550	-6.54273440e+09
0.0150	0.0450	0.0450	9.95170163e+09
0.0150	0.0450	0.0550	7.71816247e+09
0.0150	0.0450	0.0650	1.79694360e+10
0.0150	0.0550	0.0550	2.04483991e+09
0.0150	0.0550	0.0650	8.21416524e+09
0.0150	0.0550	0.0750	6.08737552e+09
0.0150	0.0650	0.0650	-2.32203163e+09
0.0150	0.0650	0.0750	8.54829206e+09
0.0150	0.0650	0.0850	2.59991818e+09
0.0150	0.0750	0.0750	3.09361289e+09
0.0150	0.0750	0.0850	9.96337451e+09
0.0150	0.0750	0.0950	5.40649533e+08
0.0150	0.0850	0.0850	4.72185546e+09
0.0150	0.0850	0.0950	1.99633929e+09
0.0150	0.0850	0.1050	4.55840347e+09
0.0150	0.0950	0.0950	2.88186140e+09
0.0150	0.0950	0.1050	4.65493236e+09
0.0150	0.0950	0.1150	2.98614105e+09
0.0150	0.1050	0.1050	2.82491126e+08
0.0150	0.1050	0.1150	2.91502670e+09
0.0150	0.1050	0.1250	2.03451984e+09
0.0150	0.1150	0.1150	3.20858967e+09
0.0150	0.1150	0.1250	2.96845667e+09
0.0150	0.1150	0.1350	4.08990904e+09
0.0150	0.1250	0.1250	1.98857703e+09
0.0150	0.1250	0.1350	1.99346767e+09
0.0150	0.1250	0.1450	1.54088187e+09
0.0150	0.1350	0.1350	1.58600304e+09
0.0150	0.1350	0.1450	2.68662501e+09
0.0150	0.1450	0.1450	1.37223208e+09
0.0250	0.0250	0.0250	-1.12564668e+10
0.0250	0.0250	0.0350	6.48146251e+09
0.0250	0.0250	0.0450	1.68588657e+10
0.0250	0.0250	0.0550	2.56059115e+09
0.0250	0.0350	0.0350	1.00186653e+10
0.0250	0.0350	0.0450	-1.21403434e+09
0.0250	0.0350	0.0550	1.24524439e+10
0.0250	0.0350	0.0650	-5.99661051e+09
0.0250	0.0450	0.0450	7.81392634e+09
0.0250	0.0450	0.0550	-5.02833607e+08
0.0250	0.0450	0.0650	5.42212606e+09
0.0250	0.0450	0.0750	1.19590557e+10
0.0250	0.0550	0.0550	7.52064319e+09
0.0250	0.0550	0.0650	5.19665663e+09
0.0250	0.0550	0.0750	2.65930238e+09
0.0250	0.0550	0.0850	-1.59841809e+09
0.0250	0.0650	0.0650	4.82525651e+09
0.0250	0.0650	0.0750	3.55763868e+09
0.0250	0.0650	0.0850	2.79205257e+09
0.0250	0.0650	0.0950	1.19606228e+10
0.0250	0.0750	0.0750	3.77033499e+09
0.0250	0.0750	0.0850	4.13051403e+09
0.0250	0.0750	0.0950	3.17709808e+09
0.0250	0.0750	0.1050	2.74494250e+09
0.0250	0.0850	0.0850	1.23992294e+09
0.0250	0.0850	0.0950	2.96887546e+09
0.0250	0.0850	0.1050	2.52179880e+09
0.0250	0.0850	0.1150	2.26254711e+09
0.0250	0.0950	0.0950	3.44896638e+09
0.0250	0.0950	0.1050	1.81885985e+09
0.0250	0.0950	0.1150	3.97013650e+09
0.0250	0.0950	0.1250	7.69042998e+08
0.0250	0.1050	0.1050	1.14226581e+09
0.0250	0.1050	0.1150	2.15545720e+09
0.0250	0.1050	0.1250	2.71355207e+09
0.0250	0.1050	0.1350	2.63127476e+09
0.0250	0.1150	0.1150	6.15323689e+08
0.0250	0.1150	0.1250	1.31055228e+09
0.0250	0.1150	0.1350	2.52194610e+09
0.0250	0.1150	0.1450	3.05155920e+09
0.0250	0.1250	0.1250	8.88705275e+08
0.0250	0.1250	0.1350	1.96102811e+09
0.0250	0.1250	0.1450	2.61729226e+09
0.0250	0.1350	0.1350	8.79950278e+08
0.0250	0.1350	0.1450	1.56465432e+09
0.0250	0.1450	0.1450	2.03131456e+09
0.0350	0.0350	0.0350	5.75240624e+09
0.0350	0.0350	0.0450	4.27637092e+09
0.0350	0.0350	0.0550	4.72590087e+09
0.0350	0.0350	0.0650	3.78207800e+09
0.0350	0.0350	0.0750	1.08184915e+09
0.0350	0.0450	0.0450	7.85345113e+09
0.0350	0.0450	0.0550	1.47186159e+09
0.0350	0.0450	0.0650	3.90955140e+09
0.0350	0.0450	0.0750	2.35789787e+09
0.0350	0.0450	0.0850	1.03975043e+09
0.0350	0.0550	0.0550	-1.39210780e+09
0.0350	0.0550	0.0650	2.23677070e+09
0.0350	0.0550	0.0750	2.13156589e+09
0.0350	0.0550	0.0850	4.52833389e+09
0.0350	0.0550	0.0950	2.38199328e+09
0.0350	0.0650	0.0650	9.48741036e+08
0.0350	0.0650	0.0750	4.28188912e+08
0.0350	0.0650	0.0850	3.00581253e+09
0.0350	0.0650	0.0950	2.36170482e+09
0.0350	0.0650	0.1050	4.38588432e+09
0.0350	0.0750	0.0750	4.65404058e+07
0.0350	0.0750	0.0850	2.06583118e+09
0.0350	0.0750	0.0950	3.03030349e+09
0.0350	0.0750	0.1050	2.65732086e+09
0.0350	0.0750	0.1150	2.63455435e+09
0.0350	0.0850	0.0850	1.80337040e+09
0.0350	0.0850	0.0950	8.61826855e+08
0.0350	0.0850	0.1050	9.62511733e+08
0.0350	0.0850	0.1150	3.09457518e+09
0.0350	0.0850	0.1250	1.56963942e+09
0.0350	0.0950	0.0950	8.40309364e+08
0.0350	0.0950	0.1050	1.48767797e+09
0.0350	0.0950	0.1150	1.65445253e+09
0.0350	0.0950	0.1250	1.24440790e+09
0.0350	0.0950	0.1350	1.96155023e+09
0.0350	0.1050	0.1050	1.11701399e+09
0.0350	0.1050	0.1150	1.33568212e+09
0.0350	0.1050	0.1250	1.13007070e+09
0.0350	0.1050	0.1350	1.06472402e+09
0.0350	0.1050	0.1450	1.29570957e+09
0.0350	0.1150	0.1150	1.17832155e+09
0.0350	0.1150	0.1250	1.50618253e+09
0.0350	0.1150	0.1350	1.47134156e+09
0.0350	0.1150	0.1450	1.81326837e+09
0.0350	0.1250	0.1250	1.72671979e+09
0.0350	0.1250	0.1350	8.33359453e+08
0.0350	0.1250	0.1450	1.21879959e+09
0.0350	0.1350	0.1350	4.65534465e+08
0.0350	0.1350	0.1450	9.80679941e+08
0.0350	0.1450	0.1450	4.57578690e+08
0.0450	0.0450	0.0450	-6.45523479e+09
0.0450	0.0450	0.0550	3.72284156e+09
0.0450	0.0450	0.0650	1.31112439e+09
0.0450	0.0450	0.0750	2.50422175e+09
0.0450	0.0450	0.0850	3.55394157e+09
0.0450	0.0450	0.0950	1.79741472e+09
0.0450	0.0550	0.0550	3.28358750e+08
0.0450	0.0550	0.0650	9.80974870e+08
0.0450	0.0550	0.0750	2.13105947e+09
0.0450	0.0550	0.0850	1.50924631e+09
0.0450	0.0550	0.0950	1.17339491e+09
0.0450	0.0550	0.1050	3.19215430e+09
0.0450	0.0650	0.0650	8.76747691e+08
0.0450	0.0650	0.0750	2.70426621e+09
0.0450	0.0650	0.0850	6.89512128e+08
0.0450	0.0650	0.0950	2.58341684e+09
0.0450	0.0650	0.1050	1.17582831e+09
0.0450	0.0650	0.1150	2.68956952e+09
0.0450	0.0750	0.0750	2.25876384e+09
0.0450	0.0750	0.0850	9.91820426e+08
0.0450	0.0750	0.0950	1.34339348e+09
0.0450	0.0750	0.1050	1.45963582e+09
0.0450	0.0750	0.1150	8.88682890e+08
0.0450	0.0750	0.1250	1.48629987e+09
0.0450	0.0850	0.0850	1.58487424e+09
0.0450	0.0850	0.0950	8.93523931e+08
0.0450	0.0850	0.1050	1.58051247e+09
0.0450	0.0850	0.1150	1.40899904e+09
0.0450	0.0850	0.1250	1.69651029e+09
0.0450	0.0850	0.1350	2.27747644e+09
0.0450	0.0950	0.0950	4.11573748e+08
0.0450	0.0950	0.1050	8.88006746e+08
0.0450	0.0950	0.1150	7.69310348e+08
0.0450	0.0950	0.1250	1.31833833e+09
0.0450	0.0950	0.1350	1.40143476e+09
0.0450	0.0950	0.1450	1.27700674e+09
0.0450	0.1050	0.1050	5.12661987e+08
0.0450	0.1050	0.1150	8.11171311e+08
0.0450	0.1050	0.1250	5.73615394e+08
0.0450	0.1050	0.1350	9.28920853e+08
0.0450	0.1050	0.1450	1.30228751e+09
0.0450	0.1150	0.1150	1.21413140e+09
0.0450	0.1150	0.1250	6.01921340e+08
0.0450	0.1150	0.1350	8.75849446e+08
0.0450	0.1150	0.1450	4.83207830e+08
0.0450	0.1250	0.1250	1.32980958e+09
0.0450	0.1250	0.1350	6.31321481e+08
0.0450	0.1250	0.1450	1.17725419e+09
0.0450	0.1350	0.1350	4.39642915e+08
0.0450	0.1350	0.1450	5.86136666e+08
0.0450	0.1450	0.1450	2.87054383e+08
0.0550	0.0550	0.0550	4.77810449e+09
0.0550	0.0550	0.0650	9.26481272e+08
0.0550	0.0550	0.0750	1.45811789e+09
0.0550	0.0550	0.0850	3.03849760e+09
0.0550	0.0550	0.0950	4.76531234e+08
0.0550	0.0550	0.1050	2.73289539e+09
0.0550	0.0550	0.1150	-2.54999310e+09
0.0550	0.0650	0.0650	2.65088303e+09
0.0550	0.0650	0.0750	1.30080386e+09
0.0550	0.0650	0.0850	1.48302476e+09
0.0550	0.0650	0.0950	1.43261339e+09
0.0550	0.0650	0.1050	1.83773866e+09
0.0550	0.0650	0.1150	2.92770547e+09
0.0550	0.0650	0.1250	1.66108593e+09
0.0550	0.0750	0.0750	1.89189443e+09
0.0550	0.0750	0.0850	1.32300521e+09
0.0550	0.0750	0.0950	1.10818700e+09
0.0550	0.0750	0.1050	8.87688386e+08
0.0550	0.0750	0.1150	1.49257826e+09
0.0550	0.0750	0.1250	1.33590081e+09
0.0550	0.0750	0.1350	1.41002684e+08
0.0550	0.0850	0.0850	9.14692455e+08
0.0550	0.0850	0.0950	5.05434159e+08
0.0550	0.0850	0.1050	1.00599284e+09
0.0550	0.0850	0.1150	1.12365043e+09
0.0550	0.0850	0.1250	1.01856858e+09
0.0550	0.0850	0.1350	1.63645601e+09
0.0550	0.0850	0.1450	1.89856504e+09
0.0550	0.0950	0.0950	8.98248765e+08
0.0550	0.0950	0.1050	4.51370673e+08
0.0550	0.0950	0.1150	1.12813445e+09
0.0550	0.0950	0.1250	9.31249804e+08
0.0550	0.0950	0.1350	1.49232112e+09
0.0550	0.0950	0.1450	1.36365488e+09
0.0550	0.1050	0.1050	7.54844284e+08
0.0550	0.1050	0.1150	4.58631251e+08
0.0550	0.1050	0.1250	5.78005737e+08
0.0550	0.1050	0.1350	5.29572283e+08
0.0550	0.1050	0.1450	8.91839745e+08
0.0550	0.1150	0.1150	-2.15221680e+08
0.0550	0.1150	0.1250	9.52944466e+08
0.0550	0.1150	0.1350	4.57520607e+08
0.0550	0.1150	0.1450	7.77372961e+08
0.0550	0.1250	0.1250	4.29638152e+08
0.0550	0.1250	0.1350	8.49414761e+08
0.0550	0.1250	0.1450	4.27047771e+08
0.0550	0.1350	0.1350	3.66443235e+08
0.0550	0.1350	0.1450	5.09253574e+08
0.0550	0.1450	0.1450	6.26517666e+08
0.0650	0.0650	0.0650	-4.53412809e+08
0.0650	0.0650	0.0750	1.43111213e+09
0.0650	0.0650	0.0850	1.49355654e+09
0.0650	0.0650	0.0950	7.00002655e+08
0.0650	0.0650	0.1050	9.13802338e+08
0.0650	0.0650	0.1150	1.48792015e+09
0.0650	0.0650	0.1250	1.05210361e+09
0.0650	0.0650	0.1350	2.86892332e+09
0.0650	0.0750	0.0750	7.99016617e+08
0.0650	0.0750	0.0850	9.42026048e+08
0.0650	0.0750	0.0950	1.38508258e+09
0.0650	0.0750	0.1050	9.47198302e+08
0.0650	0.0750	0.1150	1.13786662e+09
0.0650	0.0750	0.1250	1.15769059e+09
0.0650	0.0750	0.1350	1.53745530e+09
0.0650	0.0750	0.1450	2.36235375e+09
0.0650	0.0850	0.0850	8.49943893e+08
0.0650	0.0850	0.0950	1.07055897e+09
0.0650	0.0850	0.1050	9.31960336e+08
0.0650	0.0850	0.1150	9.09820180e+08
0.0650	0.0850	0.1250	6.85230577e+08
0.0650	0.0850	0.1350	1.45784843e+09
0.0650	0.0850	0.1450	1.02899668e+09
0.0650	0.0950	0.0950	7.42520104e+08
0.0650	0.0950	0.1050	6.41100565e+08
0.0650	0.0950	0.1150	4.92121224e+08
0.0650	0.0950	0.1250	1.04278694e+09
0.0650	0.0950	0.1350	1.00954528e+09
0.0650	0.0950	0.1450	7.36671872e+08
0.0650	0.1050	0.1050	1.01185418e+09
0.0650	0.1050	0.1150	7.19523715e+08
0.0650	0.1050	0.1250	6.91826140e+08
0.0650	0.1050	0.1350	7.21603583e+08
0.0650	0.1050	0.1450	4.54156968e+08
0.0650	0.1150	0.1150	2.97464631e+08
0.0650	0.1150	0.1250	5.14011744e+08
0.0650	0.1150	0.1350	5.69855300e+08
0.0650	0.1150	0.1450	1.00011960e+09
0.0650	0.1250	0.1250	3.48159020e+08
0.0650	0.1250	0.1350	7.32752886e+08
0.0650	0.1250	0.1450	4.31556158e+08
0.0650	0.1350	0.1350	4.90390669e+08
0.0650	0.1350	0.1450	5.52935610e+08
0.0650	0.1450	0.1450	4.78046839e+08
0.0750	0.0750	0.0750	2.80798005e+08
0.0750	0.0750	0.0850	8.88606016e+08
0.0750	0.0750	0.0950	2.02150465e+09
0.0750	0.0750	0.1050	5.26642296e+08
0.0750	0.0750	0.1150	1.05931574e+09
0.0750	0.0750	0.1250	1.18601689e+09
0.0750	0.0750	0.1350	1.59958758e+09
0.0750	0.0750	0.1450	1.23469960e+09
0.0750	0.0850	0.0850	1.22347620e+09
0.0750	0.0850	0.0950	6.48439878e+08
0.0750	0.0850	0.1050	5.68719422e+08
0.0750	0.0850	0.1150	7.60574396e+08
0.0750	0.0850	0.1250	1.04543738e+09
0.0750	0.0850	0.1350	8.73483760e+08
0.0750	0.0850	0.1450	1.19143011e+09
0.0750	0.0950	0.0950	6.52458326e+08
0.0750	0.0950	0.1050	7.77737913e+08
0.0750	0.0950	0.1150	4.43840633e+08
0.0750	0.0950	0.1250	6.16964908e+08
0.0750	0.0950	0.1350	5.64021167e+08
0.0750	0.0950	0.1450	6.75230623e+08
0.0750	0.1050	0.1050	7.78860383e+08
0.0750	0.1050	0.1150	6.20180514e+08
0.0750	0.1050	0.1250	5.33583878e+08
0.0750	0.1050	0.1350	5.89759759e+08
0.0750	0.1050	0.1450	8.23933884e+08
0.0750	0.1150	0.1150	3.41108118e+08
0.0750	0.1150	0.1250	3.44712308e+08
0.0750	0.1150	0.1350	7.26116726e+08
0.0750	0.1150	0.1450	5.98941554e+08
0.0750	0.1250	0.1250	5.69535363e+08
0.0750	0.1250	0.1350	7.33371458e+08
0.0750	0.1250	0.1450	5.44631444e+08
0.0750	0.1350	0.1350	2.50568550e+08
0.0750	0.1350	0.1450	4.33158769e+08
0.0750	0.1450	0.1450	3.23265730e+08
0.0850	0.0850	0.0850	4.53441566e+08
0.0850	0.0850	0.0950	3.83182891e+08
0.0850	0.0850	0.1050	9.08650572e+08
0.0850	0.0850	0.1150	7.10194774e+08
0.0850	0.0850	0.1250	1.02433908e+09
0.0850	0.0850	0.1350	7.03570013e+08
0.0850	0.0850	0.1450	7.48110963e+08
0.0850	0.0950	0.0950	5.61760398e+08
0.0850	0.0950	0.1050	-2.63936455e+07
0.0850	0.0950	0.1150	5.36501331e+08
0.0850	0.0950	0.1250	5.13265076e+08
0.0850	0.0950	0.1350	6.82091930e+08
0.0850	0.0950	0.1450	6.72593920e+08
0.0850	0.1050	0.1050	3.16955036e+08
0.0850	0.1050	0.1150	5.78223082e+08
0.0850	0.1050	0.1250	5.46804486e+08
0.0850	0.1050	0.1350	3.58551598e+08
0.0850	0.1050	0.1450	4.56843615e+08
0.0850	0.1150	0.1150	6.46895447e+08
0.0850	0.1150	0.1250	3.96829497e+08
0.0850	0.1150	0.1350	6.00888657e+08
0.0850	0.1150	0.1450	5.66098467e+08
0.0850	0.1250	0.1250	5.81594864e+08
0.0850	0.1250	0.1350	3.28259368e+08
0.0850	0.1250	0.1450	3.39791942e+08
0.0850	0.1350	0.1350	4.00900455e+08
0.0850	0.1350	0.1450	5.29990046e+08
0.0850	0.1450	0.1450	5.75419976e+08
0.0950	0.0950	0.0950	4.67168953e+08
0.0950	0.0950	0.1050	6.82501273e+08
0.0950	0.0950	0.1150	3.12074554e+08
0.0950	0.0950	0.1250	5.09258184e+08
0.0950	0.0950	0.1350	3.56709654e+08
0.0950	0.0950	0.1450	8.38851009e+08
0.0950	0.1050	0.1050	4.75123819e+08
0.0950	0.1050	0.1150	3.72108805e+08
0.0950	0.1050	0.1250	4.09845794e+08
0.0950	0.1050	0.1350	4.56023782e+08
0.0950	0.1050	0.1450	2.46122569e+08
0.0950	0.1150	0.1150	5.71507816e+08
0.0950	0.1150	0.1250	5.73792944e+08
0.0950	0.1150	0.1350	2.69543327e+08
0.0950	0.1150	0.1450	4.29735396e+08
0.0950	0.1250	0.1250	2.68577748e+08
0.0950	0.1250	0.1350	5.01830545e+08
0.0950	0.1250	0.1450	4.60764895e+08
0.0950	0.1350	0.1350	2.49442635e+08
0.0950	0.1350	0.1450	3.03990724e+08
0.0950	0.1450	0.1450	1.70753232e+08
0.1050	0.1050	0.1050	-9.02472800e+07
0.1050	0.1050	0.1150	3.71863965e+08
0.1050	0.1050	0.1250	4.67992863e+08
0.1050	0.1050	0.1350	1.06901353e+08
0.1050	0.1050	0.1450	4.21237415e+08
0.1050	0.1150	0.1150	4.69927880e+08
0.1050	0.1150	0.1250	3.10485128e+08
0.1050	0.1150	0.1350	4.66277122e+08
0.1050	0.1150	0.1450	2.25346412e+08
0.1050	0.1250	0.1250	3.45668033e+08
0.1050	0.1250	0.1350	2.75707726e+08
0.1050	0.1250	0.1450	8.73943349e+07
0.1050	0.1350	0.1350	1.30457947e+08
0.1050	0.1350	0.1450	3.77578560e+08
0.1050	0.1450	0.1450	2.08021095e+08
0.1150	0.1150	0.1150	4.77234835e+08
0.1150	0.1150	0.1250	3.92735289e+08
0.1150	0.1150	0.1350	6.07969035e+08
0.1150	0.1150	0.1450	2.83713149e+08
0.1150	0.1250	0.1250	3.21556394e+08
0.1150	0.1250	0.1350	3.81571208e+08
0.1150	0.1250	0.1450	4.70469185e+08
0.1150	0.1350	0.1350	4.25008198e+07
0.1150	0.1350	0.1450	2.66122821e+08
0.1150	0.1450	0.1450	3.86145486e+08
0.1250	0.1250	0.1250	3.68863649e+08
0.1250	0.1250	0.1350	2.91989284e+08
0.1250	0.1250	0.1450	3.09728119e+08
0.1250	0.1350	0.1350	3.15938436e+08
0.1250	0.1350	0.1450	2.84943271e+08
0.1250	0.1450	0.1450	2.02920981e+08
0.1350	0.1350	0.1350	1.69352682e+08
0.1350	0.1350	0.1450	2.73396945e+08
0.1350	0.1450	0.1450	4.07697601e+08
0.1450	0.1450	0.1450	1.98057080e+07
