####### Bispectrum of Patchy Simulation 121 #############
# Patch: sgc
# z-type: z3
# Weights: fkp
# Fiducial Omega_m: 0.310
# Fiducial h: 0.676
# Boxsize: [1000.0, 2600.0, 1500.0]
# Grid: [95, 250, 140]
# k-binning: [0.000, 0.160, 0.010]
# Monte Carlo Simulations: 100
#
# Format: k1 | k2 | k3 | B(k1,k2,k3)
############################################
0.0150	0.0150	0.0150	-3.00780725e+10
0.0150	0.0150	0.0250	4.68426795e+10
0.0150	0.0150	0.0350	-1.50959477e+09
0.0150	0.0250	0.0250	4.03722980e+09
0.0150	0.0250	0.0350	7.49917146e+09
0.0150	0.0250	0.0450	1.03719943e+10
0.0150	0.0350	0.0350	-8.03941876e+09
0.0150	0.0350	0.0450	9.34225285e+09
0.0150	0.0350	0.0550	8.00087587e+08
0.0150	0.0450	0.0450	2.35195145e+09
0.0150	0.0450	0.0550	5.09396369e+09
0.0150	0.0450	0.0650	6.26054714e+09
0.0150	0.0550	0.0550	-1.79329878e+09
0.0150	0.0550	0.0650	7.48765813e+09
0.0150	0.0550	0.0750	2.74239195e+09
0.0150	0.0650	0.0650	5.38759259e+09
0.0150	0.0650	0.0750	3.80968945e+09
0.0150	0.0650	0.0850	3.84386121e+09
0.0150	0.0750	0.0750	2.80747218e+08
0.0150	0.0750	0.0850	4.58061004e+09
0.0150	0.0750	0.0950	2.13314227e+09
0.0150	0.0850	0.0850	4.11902114e+09
0.0150	0.0850	0.0950	2.21548509e+09
0.0150	0.0850	0.1050	2.42113212e+09
0.0150	0.0950	0.0950	3.87032159e+08
0.0150	0.0950	0.1050	1.91604198e+09
0.0150	0.0950	0.1150	3.66636840e+09
0.0150	0.1050	0.1050	7.29093500e+08
0.0150	0.1050	0.1150	2.34741133e+09
0.0150	0.1050	0.1250	2.30338449e+09
0.0150	0.1150	0.1150	1.61759021e+09
0.0150	0.1150	0.1250	1.85480044e+09
0.0150	0.1150	0.1350	3.13202582e+09
0.0150	0.1250	0.1250	-1.24805543e+08
0.0150	0.1250	0.1350	9.98621540e+08
0.0150	0.1250	0.1450	3.59076214e+09
0.0150	0.1350	0.1350	1.02623214e+09
0.0150	0.1350	0.1450	2.15617781e+09
0.0150	0.1450	0.1450	1.15322884e+09
0.0250	0.0250	0.0250	-1.33070747e+09
0.0250	0.0250	0.0350	2.47380069e+10
0.0250	0.0250	0.0450	-6.82256439e+09
0.0250	0.0250	0.0550	3.02686068e+10
0.0250	0.0350	0.0350	3.71075574e+09
0.0250	0.0350	0.0450	3.44334719e+09
0.0250	0.0350	0.0550	7.99981951e+09
0.0250	0.0350	0.0650	1.61747852e+10
0.0250	0.0450	0.0450	7.62898095e+08
0.0250	0.0450	0.0550	1.04669320e+10
0.0250	0.0450	0.0650	4.66798374e+09
0.0250	0.0450	0.0750	1.05272833e+10
0.0250	0.0550	0.0550	2.72853044e+09
0.0250	0.0550	0.0650	5.14850286e+09
0.0250	0.0550	0.0750	3.57611113e+09
0.0250	0.0550	0.0850	1.14245814e+10
0.0250	0.0650	0.0650	3.02158244e+09
0.0250	0.0650	0.0750	3.19996637e+09
0.0250	0.0650	0.0850	2.99412473e+09
0.0250	0.0650	0.0950	1.00833605e+10
0.0250	0.0750	0.0750	3.75190024e+09
0.0250	0.0750	0.0850	1.58863690e+09
0.0250	0.0750	0.0950	4.13907676e+09
0.0250	0.0750	0.1050	8.77718062e+09
0.0250	0.0850	0.0850	2.70638174e+09
0.0250	0.0850	0.0950	1.68121229e+09
0.0250	0.0850	0.1050	2.53609497e+09
0.0250	0.0850	0.1150	6.24717769e+09
0.0250	0.0950	0.0950	3.58766963e+09
0.0250	0.0950	0.1050	1.99540627e+09
0.0250	0.0950	0.1150	2.41523622e+09
0.0250	0.0950	0.1250	5.20335731e+09
0.0250	0.1050	0.1050	2.02307270e+09
0.0250	0.1050	0.1150	1.84997020e+09
0.0250	0.1050	0.1250	2.16737668e+09
0.0250	0.1050	0.1350	3.31807792e+09
0.0250	0.1150	0.1150	1.87443326e+09
0.0250	0.1150	0.1250	1.88090991e+09
0.0250	0.1150	0.1350	2.05861136e+09
0.0250	0.1150	0.1450	4.35488203e+09
0.0250	0.1250	0.1250	2.05406656e+09
0.0250	0.1250	0.1350	2.16802766e+09
0.0250	0.1250	0.1450	1.54905442e+09
0.0250	0.1350	0.1350	1.72611339e+09
0.0250	0.1350	0.1450	1.19600176e+09
0.0250	0.1450	0.1450	1.40064473e+09
0.0350	0.0350	0.0350	1.43062507e+09
0.0350	0.0350	0.0450	2.38649738e+09
0.0350	0.0350	0.0550	6.08083487e+09
0.0350	0.0350	0.0650	-1.02868064e+09
0.0350	0.0350	0.0750	2.14782784e+09
0.0350	0.0450	0.0450	4.84982483e+09
0.0350	0.0450	0.0550	1.74659308e+09
0.0350	0.0450	0.0650	3.27263487e+09
0.0350	0.0450	0.0750	1.65559646e+09
0.0350	0.0450	0.0850	8.95454720e+08
0.0350	0.0550	0.0550	7.30337362e+08
0.0350	0.0550	0.0650	-5.35416310e+08
0.0350	0.0550	0.0750	2.08673316e+09
0.0350	0.0550	0.0850	2.39896855e+09
0.0350	0.0550	0.0950	1.54311960e+09
0.0350	0.0650	0.0650	2.66782984e+08
0.0350	0.0650	0.0750	3.38497749e+09
0.0350	0.0650	0.0850	2.82505005e+09
0.0350	0.0650	0.0950	3.40819949e+09
0.0350	0.0650	0.1050	4.79054601e+09
0.0350	0.0750	0.0750	1.13925755e+09
0.0350	0.0750	0.0850	-3.63121024e+08
0.0350	0.0750	0.0950	1.58167779e+09
0.0350	0.0750	0.1050	1.63259618e+09
0.0350	0.0750	0.1150	4.35276191e+09
0.0350	0.0850	0.0850	2.42480464e+09
0.0350	0.0850	0.0950	2.03153089e+09
0.0350	0.0850	0.1050	2.44288011e+09
0.0350	0.0850	0.1150	1.81785545e+09
0.0350	0.0850	0.1250	2.17477130e+09
0.0350	0.0950	0.0950	2.01222949e+09
0.0350	0.0950	0.1050	5.52537940e+08
0.0350	0.0950	0.1150	1.21290542e+09
0.0350	0.0950	0.1250	7.59503950e+08
0.0350	0.0950	0.1350	2.61445760e+09
0.0350	0.1050	0.1050	1.53075330e+09
0.0350	0.1050	0.1150	1.08821111e+09
0.0350	0.1050	0.1250	1.88369880e+09
0.0350	0.1050	0.1350	5.61964801e+08
0.0350	0.1050	0.1450	2.72393362e+09
0.0350	0.1150	0.1150	8.29405142e+08
0.0350	0.1150	0.1250	1.01079474e+09
0.0350	0.1150	0.1350	1.20007524e+09
0.0350	0.1150	0.1450	9.35211572e+08
0.0350	0.1250	0.1250	1.32860992e+09
0.0350	0.1250	0.1350	4.24088418e+08
0.0350	0.1250	0.1450	1.02392921e+09
0.0350	0.1350	0.1350	7.73632418e+08
0.0350	0.1350	0.1450	1.25493062e+09
0.0350	0.1450	0.1450	4.62393732e+08
0.0450	0.0450	0.0450	3.52711837e+09
0.0450	0.0450	0.0550	1.43074790e+09
0.0450	0.0450	0.0650	4.46559957e+08
0.0450	0.0450	0.0750	5.37439314e+09
0.0450	0.0450	0.0850	4.85636268e+09
0.0450	0.0450	0.0950	8.89705730e+08
0.0450	0.0550	0.0550	1.78093303e+09
0.0450	0.0550	0.0650	2.21665224e+09
0.0450	0.0550	0.0750	2.51394956e+09
0.0450	0.0550	0.0850	2.76992377e+09
0.0450	0.0550	0.0950	1.87939899e+09
0.0450	0.0550	0.1050	2.95040999e+09
0.0450	0.0650	0.0650	1.39440367e+09
0.0450	0.0650	0.0750	1.96997535e+09
0.0450	0.0650	0.0850	1.50758128e+09
0.0450	0.0650	0.0950	1.40081053e+09
0.0450	0.0650	0.1050	2.15500888e+09
0.0450	0.0650	0.1150	1.18553172e+09
0.0450	0.0750	0.0750	1.28435692e+09
0.0450	0.0750	0.0850	1.58769473e+09
0.0450	0.0750	0.0950	1.59475524e+09
0.0450	0.0750	0.1050	1.61767314e+09
0.0450	0.0750	0.1150	1.61340553e+09
0.0450	0.0750	0.1250	5.21811018e+08
0.0450	0.0850	0.0850	1.53021986e+09
0.0450	0.0850	0.0950	1.69996463e+09
0.0450	0.0850	0.1050	1.35485660e+09
0.0450	0.0850	0.1150	1.92368129e+09
0.0450	0.0850	0.1250	2.11675447e+09
0.0450	0.0850	0.1350	1.35675020e+09
0.0450	0.0950	0.0950	3.03515065e+08
0.0450	0.0950	0.1050	1.79707338e+09
0.0450	0.0950	0.1150	1.50048849e+09
0.0450	0.0950	0.1250	1.54303641e+09
0.0450	0.0950	0.1350	1.18511820e+09
0.0450	0.0950	0.1450	2.61206603e+09
0.0450	0.1050	0.1050	2.59306345e+08
0.0450	0.1050	0.1150	9.25579647e+08
0.0450	0.1050	0.1250	6.01327662e+08
0.0450	0.1050	0.1350	6.66062344e+08
0.0450	0.1050	0.1450	1.23163803e+09
0.0450	0.1150	0.1150	9.78088234e+08
0.0450	0.1150	0.1250	1.37871895e+09
0.0450	0.1150	0.1350	9.32938211e+08
0.0450	0.1150	0.1450	1.05524812e+09
0.0450	0.1250	0.1250	5.91833417e+08
0.0450	0.1250	0.1350	5.49618846e+08
0.0450	0.1250	0.1450	9.48297030e+08
0.0450	0.1350	0.1350	1.10376560e+09
0.0450	0.1350	0.1450	8.86566014e+08
0.0450	0.1450	0.1450	6.35831856e+08
0.0550	0.0550	0.0550	2.17469482e+09
0.0550	0.0550	0.0650	1.28812011e+09
0.0550	0.0550	0.0750	2.22455661e+09
0.0550	0.0550	0.0850	2.25039387e+09
0.0550	0.0550	0.0950	1.08746546e+09
0.0550	0.0550	0.1050	2.36249693e+09
0.0550	0.0550	0.1150	4.62584800e+09
0.0550	0.0650	0.0650	1.20834839e+09
0.0550	0.0650	0.0750	1.94337340e+09
0.0550	0.0650	0.0850	1.60775672e+09
0.0550	0.0650	0.0950	1.81995200e+09
0.0550	0.0650	0.1050	2.00888073e+09
0.0550	0.0650	0.1150	2.30034196e+09
0.0550	0.0650	0.1250	3.54435580e+08
0.0550	0.0750	0.0750	8.15153265e+08
0.0550	0.0750	0.0850	7.82660757e+08
0.0550	0.0750	0.0950	3.86229131e+08
0.0550	0.0750	0.1050	1.84840062e+09
0.0550	0.0750	0.1150	1.53202875e+09
0.0550	0.0750	0.1250	2.25822204e+09
0.0550	0.0750	0.1350	1.74257083e+09
0.0550	0.0850	0.0850	1.64713696e+09
0.0550	0.0850	0.0950	9.26133695e+08
0.0550	0.0850	0.1050	1.19182588e+09
0.0550	0.0850	0.1150	1.49558500e+09
0.0550	0.0850	0.1250	1.00029503e+09
0.0550	0.0850	0.1350	1.66533917e+09
0.0550	0.0850	0.1450	2.14690641e+09
0.0550	0.0950	0.0950	5.11519169e+08
0.0550	0.0950	0.1050	1.05916334e+09
0.0550	0.0950	0.1150	2.17904640e+08
0.0550	0.0950	0.1250	1.07739704e+09
0.0550	0.0950	0.1350	1.22646214e+09
0.0550	0.0950	0.1450	1.20120145e+09
0.0550	0.1050	0.1050	1.40281348e+09
0.0550	0.1050	0.1150	7.41023657e+08
0.0550	0.1050	0.1250	1.11694006e+09
0.0550	0.1050	0.1350	8.54169898e+08
0.0550	0.1050	0.1450	1.15500838e+09
0.0550	0.1150	0.1150	1.38424245e+09
0.0550	0.1150	0.1250	5.62378960e+08
0.0550	0.1150	0.1350	6.50268892e+08
0.0550	0.1150	0.1450	1.04433069e+09
0.0550	0.1250	0.1250	7.77620078e+08
0.0550	0.1250	0.1350	1.00147345e+09
0.0550	0.1250	0.1450	7.43797617e+08
0.0550	0.1350	0.1350	6.89988687e+08
0.0550	0.1350	0.1450	8.88608402e+08
0.0550	0.1450	0.1450	8.89860739e+08
0.0650	0.0650	0.0650	3.77499750e+09
0.0650	0.0650	0.0750	6.06809720e+08
0.0650	0.0650	0.0850	2.52278161e+09
0.0650	0.0650	0.0950	1.00489575e+09
0.0650	0.0650	0.1050	1.35102814e+09
0.0650	0.0650	0.1150	2.13871599e+09
0.0650	0.0650	0.1250	1.97921811e+09
0.0650	0.0650	0.1350	5.64450833e+08
0.0650	0.0750	0.0750	1.21921278e+09
0.0650	0.0750	0.0850	1.17261705e+09
0.0650	0.0750	0.0950	8.35086163e+08
0.0650	0.0750	0.1050	1.32261544e+09
0.0650	0.0750	0.1150	1.51091198e+09
0.0650	0.0750	0.1250	1.00347278e+09
0.0650	0.0750	0.1350	1.20748347e+09
0.0650	0.0750	0.1450	2.52125089e+09
0.0650	0.0850	0.0850	7.46273658e+08
0.0650	0.0850	0.0950	7.83033333e+08
0.0650	0.0850	0.1050	1.51204337e+09
0.0650	0.0850	0.1150	4.29579438e+08
0.0650	0.0850	0.1250	1.28567786e+09
0.0650	0.0850	0.1350	1.40112114e+09
0.0650	0.0850	0.1450	1.10311964e+09
0.0650	0.0950	0.0950	6.65423516e+08
0.0650	0.0950	0.1050	8.30302257e+08
0.0650	0.0950	0.1150	1.17181127e+09
0.0650	0.0950	0.1250	6.40781671e+08
0.0650	0.0950	0.1350	1.03542136e+09
0.0650	0.0950	0.1450	1.01225259e+09
0.0650	0.1050	0.1050	2.19388411e+08
0.0650	0.1050	0.1150	7.26353761e+08
0.0650	0.1050	0.1250	8.45503041e+08
0.0650	0.1050	0.1350	6.79785795e+08
0.0650	0.1050	0.1450	9.23918417e+08
0.0650	0.1150	0.1150	5.06004609e+08
0.0650	0.1150	0.1250	7.27320011e+08
0.0650	0.1150	0.1350	5.15981044e+08
0.0650	0.1150	0.1450	6.56870062e+08
0.0650	0.1250	0.1250	6.38670219e+08
0.0650	0.1250	0.1350	5.61394420e+08
0.0650	0.1250	0.1450	5.74933692e+08
0.0650	0.1350	0.1350	6.97422324e+08
0.0650	0.1350	0.1450	5.96269989e+08
0.0650	0.1450	0.1450	4.15296363e+08
0.0750	0.0750	0.0750	3.88306430e+08
0.0750	0.0750	0.0850	7.17935087e+08
0.0750	0.0750	0.0950	3.71380475e+08
0.0750	0.0750	0.1050	9.59611264e+08
0.0750	0.0750	0.1150	1.18687143e+09
0.0750	0.0750	0.1250	1.20613628e+09
0.0750	0.0750	0.1350	1.68090814e+09
0.0750	0.0750	0.1450	1.15848450e+09
0.0750	0.0850	0.0850	5.15588873e+08
0.0750	0.0850	0.0950	1.08354421e+09
0.0750	0.0850	0.1050	9.95899269e+08
0.0750	0.0850	0.1150	9.18233752e+08
0.0750	0.0850	0.1250	1.00977842e+09
0.0750	0.0850	0.1350	9.92139523e+08
0.0750	0.0850	0.1450	9.79929268e+08
0.0750	0.0950	0.0950	1.13162347e+09
0.0750	0.0950	0.1050	5.53816470e+08
0.0750	0.0950	0.1150	6.33054820e+08
0.0750	0.0950	0.1250	8.30440509e+08
0.0750	0.0950	0.1350	1.03981944e+09
0.0750	0.0950	0.1450	8.44422217e+08
0.0750	0.1050	0.1050	1.01223880e+09
0.0750	0.1050	0.1150	5.61811901e+08
0.0750	0.1050	0.1250	6.37433008e+08
0.0750	0.1050	0.1350	4.76081803e+08
0.0750	0.1050	0.1450	7.91124780e+08
0.0750	0.1150	0.1150	4.86214815e+08
0.0750	0.1150	0.1250	6.26028941e+08
0.0750	0.1150	0.1350	3.92727161e+08
0.0750	0.1150	0.1450	4.21987494e+08
0.0750	0.1250	0.1250	5.81499754e+08
0.0750	0.1250	0.1350	6.76302361e+08
0.0750	0.1250	0.1450	6.20361622e+08
0.0750	0.1350	0.1350	4.10280000e+08
0.0750	0.1350	0.1450	5.14351181e+08
0.0750	0.1450	0.1450	5.76797173e+08
0.0850	0.0850	0.0850	-6.98001202e+08
0.0850	0.0850	0.0950	1.14092061e+09
0.0850	0.0850	0.1050	6.19163475e+08
0.0850	0.0850	0.1150	9.07447173e+08
0.0850	0.0850	0.1250	7.38084072e+08
0.0850	0.0850	0.1350	1.19245302e+09
0.0850	0.0850	0.1450	1.34786297e+09
0.0850	0.0950	0.0950	9.03199197e+08
0.0850	0.0950	0.1050	6.23546907e+08
0.0850	0.0950	0.1150	1.04557676e+09
0.0850	0.0950	0.1250	6.89933763e+08
0.0850	0.0950	0.1350	7.01215136e+08
0.0850	0.0950	0.1450	7.97702684e+08
0.0850	0.1050	0.1050	4.61059642e+08
0.0850	0.1050	0.1150	5.72596666e+08
0.0850	0.1050	0.1250	5.79503679e+08
0.0850	0.1050	0.1350	7.50640009e+08
0.0850	0.1050	0.1450	5.07513077e+08
0.0850	0.1150	0.1150	6.80900325e+08
0.0850	0.1150	0.1250	3.39657281e+08
0.0850	0.1150	0.1350	4.44044801e+08
0.0850	0.1150	0.1450	5.99246650e+08
0.0850	0.1250	0.1250	7.92355840e+08
0.0850	0.1250	0.1350	6.36210544e+08
0.0850	0.1250	0.1450	5.86300332e+08
0.0850	0.1350	0.1350	3.99052147e+08
0.0850	0.1350	0.1450	4.24039715e+08
0.0850	0.1450	0.1450	6.54752764e+08
0.0950	0.0950	0.0950	1.11655482e+09
0.0950	0.0950	0.1050	2.79255793e+08
0.0950	0.0950	0.1150	3.93343588e+08
0.0950	0.0950	0.1250	8.41467080e+08
0.0950	0.0950	0.1350	4.91958165e+08
0.0950	0.0950	0.1450	5.06241974e+08
0.0950	0.1050	0.1050	4.57191593e+08
0.0950	0.1050	0.1150	5.57534113e+08
0.0950	0.1050	0.1250	4.88120596e+08
0.0950	0.1050	0.1350	3.30378856e+08
0.0950	0.1050	0.1450	5.38287530e+08
0.0950	0.1150	0.1150	4.94104902e+08
0.0950	0.1150	0.1250	6.14443739e+08
0.0950	0.1150	0.1350	4.16627330e+08
0.0950	0.1150	0.1450	6.00565604e+08
0.0950	0.1250	0.1250	2.65386235e+08
0.0950	0.1250	0.1350	5.18851680e+08
0.0950	0.1250	0.1450	5.12012731e+08
0.0950	0.1350	0.1350	6.04080129e+08
0.0950	0.1350	0.1450	4.60850590e+08
0.0950	0.1450	0.1450	3.70247155e+08
0.1050	0.1050	0.1050	1.21264290e+09
0.1050	0.1050	0.1150	3.98208667e+08
0.1050	0.1050	0.1250	5.53940435e+08
0.1050	0.1050	0.1350	5.66600668e+08
0.1050	0.1050	0.1450	4.80048262e+08
0.1050	0.1150	0.1150	4.65458277e+08
0.1050	0.1150	0.1250	6.49886711e+08
0.1050	0.1150	0.1350	3.48260181e+08
0.1050	0.1150	0.1450	3.84156928e+08
0.1050	0.1250	0.1250	4.81396870e+08
0.1050	0.1250	0.1350	5.71130734e+08
0.1050	0.1250	0.1450	5.01660160e+08
0.1050	0.1350	0.1350	2.74770496e+08
0.1050	0.1350	0.1450	4.39646870e+08
0.1050	0.1450	0.1450	4.19878978e+08
0.1150	0.1150	0.1150	7.29905269e+08
0.1150	0.1150	0.1250	3.56680611e+08
0.1150	0.1150	0.1350	2.83872477e+08
0.1150	0.1150	0.1450	4.44430679e+08
0.1150	0.1250	0.1250	2.03283466e+08
0.1150	0.1250	0.1350	3.88453944e+08
0.1150	0.1250	0.1450	2.24272496e+08
0.1150	0.1350	0.1350	5.72727364e+08
0.1150	0.1350	0.1450	3.72712720e+08
0.1150	0.1450	0.1450	3.52039023e+08
0.1250	0.1250	0.1250	4.33047434e+08
0.1250	0.1250	0.1350	3.37092973e+08
0.1250	0.1250	0.1450	4.25797009e+08
0.1250	0.1350	0.1350	4.19862723e+08
0.1250	0.1350	0.1450	4.12079813e+08
0.1250	0.1450	0.1450	2.86027551e+08
0.1350	0.1350	0.1350	5.36835202e+08
0.1350	0.1350	0.1450	3.53317240e+08
0.1350	0.1450	0.1450	2.17158200e+08
0.1450	0.1450	0.1450	3.09303880e+08
