####### Bispectrum of Patchy Simulation 701 #############
# Patch: sgc
# z-type: z1
# Weights: fkp
# Fiducial Omega_m: 0.310
# Fiducial h: 0.676
# Boxsize: [1000.0, 1900.0, 1100.0]
# Grid: [95, 180, 105]
# k-binning: [0.000, 0.160, 0.010]
# Monte Carlo Simulations: 100
#
# Format: k1 | k2 | k3 | B(k1,k2,k3)
############################################
0.0150	0.0150	0.0150	7.05252702e+10
0.0150	0.0150	0.0250	3.20569551e+10
0.0150	0.0150	0.0350	1.77072231e+10
0.0150	0.0250	0.0250	-1.65280901e+10
0.0150	0.0250	0.0350	6.32515225e+09
0.0150	0.0250	0.0450	-1.52767241e+10
0.0150	0.0350	0.0350	4.55872735e+09
0.0150	0.0350	0.0450	5.51285978e+09
0.0150	0.0350	0.0550	-2.97807218e+09
0.0150	0.0450	0.0450	9.20713651e+09
0.0150	0.0450	0.0550	1.32658281e+10
0.0150	0.0450	0.0650	-3.41032552e+09
0.0150	0.0550	0.0550	3.04673896e+09
0.0150	0.0550	0.0650	4.17143273e+09
0.0150	0.0550	0.0750	-2.72985314e+09
0.0150	0.0650	0.0650	5.69853105e+09
0.0150	0.0650	0.0750	6.77030582e+09
0.0150	0.0650	0.0850	2.26776238e+09
0.0150	0.0750	0.0750	4.17697633e+09
0.0150	0.0750	0.0850	5.53787383e+09
0.0150	0.0750	0.0950	3.32331421e+09
0.0150	0.0850	0.0850	1.83019884e+09
0.0150	0.0850	0.0950	3.97326336e+09
0.0150	0.0850	0.1050	2.93021539e+09
0.0150	0.0950	0.0950	2.56098040e+09
0.0150	0.0950	0.1050	2.10153549e+09
0.0150	0.0950	0.1150	2.27235086e+08
0.0150	0.1050	0.1050	1.40794072e+09
0.0150	0.1050	0.1150	1.88821733e+09
0.0150	0.1050	0.1250	1.34026227e+09
0.0150	0.1150	0.1150	7.12232626e+08
0.0150	0.1150	0.1250	1.97637529e+09
0.0150	0.1150	0.1350	2.53063106e+09
0.0150	0.1250	0.1250	2.40013172e+09
0.0150	0.1250	0.1350	2.33062513e+09
0.0150	0.1250	0.1450	1.75880906e+09
0.0150	0.1350	0.1350	1.25608433e+09
0.0150	0.1350	0.1450	2.00050231e+09
0.0150	0.1450	0.1450	1.23230457e+09
0.0250	0.0250	0.0250	-2.05935026e+09
0.0250	0.0250	0.0350	4.89951695e+09
0.0250	0.0250	0.0450	5.28536052e+09
0.0250	0.0250	0.0550	2.16511825e+10
0.0250	0.0350	0.0350	-8.81551575e+08
0.0250	0.0350	0.0450	-6.00559417e+08
0.0250	0.0350	0.0550	7.77674337e+09
0.0250	0.0350	0.0650	6.48198375e+09
0.0250	0.0450	0.0450	2.63077012e+09
0.0250	0.0450	0.0550	4.34486338e+09
0.0250	0.0450	0.0650	2.98199783e+09
0.0250	0.0450	0.0750	-4.28246000e+08
0.0250	0.0550	0.0550	-2.41642419e+08
0.0250	0.0550	0.0650	3.34326529e+09
0.0250	0.0550	0.0750	4.81057048e+09
0.0250	0.0550	0.0850	2.44288181e+09
0.0250	0.0650	0.0650	4.56127941e+09
0.0250	0.0650	0.0750	1.63162813e+09
0.0250	0.0650	0.0850	2.66217954e+09
0.0250	0.0650	0.0950	2.81733101e+09
0.0250	0.0750	0.0750	5.19365416e+09
0.0250	0.0750	0.0850	2.24935731e+09
0.0250	0.0750	0.0950	2.47570873e+09
0.0250	0.0750	0.1050	2.61606932e+09
0.0250	0.0850	0.0850	-6.60963521e+08
0.0250	0.0850	0.0950	1.93518837e+09
0.0250	0.0850	0.1050	1.88708333e+09
0.0250	0.0850	0.1150	4.11151147e+09
0.0250	0.0950	0.0950	1.95184600e+09
0.0250	0.0950	0.1050	2.03046923e+09
0.0250	0.0950	0.1150	2.51537631e+09
0.0250	0.0950	0.1250	-2.64420283e+07
0.0250	0.1050	0.1050	9.82641030e+08
0.0250	0.1050	0.1150	1.10824885e+09
0.0250	0.1050	0.1250	1.38407781e+09
0.0250	0.1050	0.1350	2.17200776e+09
0.0250	0.1150	0.1150	1.62127937e+09
0.0250	0.1150	0.1250	1.19017851e+09
0.0250	0.1150	0.1350	1.99720478e+09
0.0250	0.1150	0.1450	1.09347931e+09
0.0250	0.1250	0.1250	1.67294989e+09
0.0250	0.1250	0.1350	8.70975594e+08
0.0250	0.1250	0.1450	1.67576124e+09
0.0250	0.1350	0.1350	1.38854873e+09
0.0250	0.1350	0.1450	8.06499855e+08
0.0250	0.1450	0.1450	8.06800225e+08
0.0350	0.0350	0.0350	3.28737940e+09
0.0350	0.0350	0.0450	3.52735089e+09
0.0350	0.0350	0.0550	2.77021679e+09
0.0350	0.0350	0.0650	2.48489352e+09
0.0350	0.0350	0.0750	-1.77187124e+09
0.0350	0.0450	0.0450	-1.83135461e+09
0.0350	0.0450	0.0550	6.38593615e+09
0.0350	0.0450	0.0650	1.99096077e+09
0.0350	0.0450	0.0750	2.18279034e+09
0.0350	0.0450	0.0850	4.02718731e+09
0.0350	0.0550	0.0550	1.35990962e+09
0.0350	0.0550	0.0650	1.92474410e+09
0.0350	0.0550	0.0750	2.11824870e+09
0.0350	0.0550	0.0850	2.14224486e+09
0.0350	0.0550	0.0950	2.54968924e+09
0.0350	0.0650	0.0650	1.61806907e+09
0.0350	0.0650	0.0750	-1.17105448e+09
0.0350	0.0650	0.0850	9.53201899e+08
0.0350	0.0650	0.0950	2.52658728e+09
0.0350	0.0650	0.1050	1.32523748e+09
0.0350	0.0750	0.0750	2.01810281e+09
0.0350	0.0750	0.0850	-1.04506790e+08
0.0350	0.0750	0.0950	2.35410893e+09
0.0350	0.0750	0.1050	1.95543399e+09
0.0350	0.0750	0.1150	2.65957322e+09
0.0350	0.0850	0.0850	8.18928616e+07
0.0350	0.0850	0.0950	1.58585400e+09
0.0350	0.0850	0.1050	1.74335626e+09
0.0350	0.0850	0.1150	1.51179774e+09
0.0350	0.0850	0.1250	2.78521656e+09
0.0350	0.0950	0.0950	4.55111122e+08
0.0350	0.0950	0.1050	6.19166035e+08
0.0350	0.0950	0.1150	6.92732350e+08
0.0350	0.0950	0.1250	1.49250557e+09
0.0350	0.0950	0.1350	1.59460054e+09
0.0350	0.1050	0.1050	2.84323261e+08
0.0350	0.1050	0.1150	7.53080668e+07
0.0350	0.1050	0.1250	6.68891521e+08
0.0350	0.1050	0.1350	1.39989559e+09
0.0350	0.1050	0.1450	9.14680190e+08
0.0350	0.1150	0.1150	4.81620087e+08
0.0350	0.1150	0.1250	5.09103668e+08
0.0350	0.1150	0.1350	8.82907838e+08
0.0350	0.1150	0.1450	1.21953471e+09
0.0350	0.1250	0.1250	3.38218069e+08
0.0350	0.1250	0.1350	1.07891588e+09
0.0350	0.1250	0.1450	6.34958146e+08
0.0350	0.1350	0.1350	9.50288055e+08
0.0350	0.1350	0.1450	7.47078775e+08
0.0350	0.1450	0.1450	5.26240275e+08
0.0450	0.0450	0.0450	1.02939907e+10
0.0450	0.0450	0.0550	2.69102071e+08
0.0450	0.0450	0.0650	1.94696922e+09
0.0450	0.0450	0.0750	7.78684519e+08
0.0450	0.0450	0.0850	3.13901085e+09
0.0450	0.0450	0.0950	1.86176439e+09
0.0450	0.0550	0.0550	2.36339258e+09
0.0450	0.0550	0.0650	3.62368482e+09
0.0450	0.0550	0.0750	2.60886995e+09
0.0450	0.0550	0.0850	2.66346209e+09
0.0450	0.0550	0.0950	1.40947680e+09
0.0450	0.0550	0.1050	4.05140401e+09
0.0450	0.0650	0.0650	1.75808859e+09
0.0450	0.0650	0.0750	2.22186921e+09
0.0450	0.0650	0.0850	2.05780092e+09
0.0450	0.0650	0.0950	2.19008644e+09
0.0450	0.0650	0.1050	1.97080481e+09
0.0450	0.0650	0.1150	3.45298675e+09
0.0450	0.0750	0.0750	3.84240961e+09
0.0450	0.0750	0.0850	4.35728302e+08
0.0450	0.0750	0.0950	1.24109803e+09
0.0450	0.0750	0.1050	1.60847974e+09
0.0450	0.0750	0.1150	2.81351183e+09
0.0450	0.0750	0.1250	2.62918957e+09
0.0450	0.0850	0.0850	1.37331266e+09
0.0450	0.0850	0.0950	1.47737085e+09
0.0450	0.0850	0.1050	8.70398875e+08
0.0450	0.0850	0.1150	1.64945178e+09
0.0450	0.0850	0.1250	1.73570728e+09
0.0450	0.0850	0.1350	1.78980935e+09
0.0450	0.0950	0.0950	2.34510335e+09
0.0450	0.0950	0.1050	9.28496847e+08
0.0450	0.0950	0.1150	7.35464380e+08
0.0450	0.0950	0.1250	9.65405722e+08
0.0450	0.0950	0.1350	1.85797194e+09
0.0450	0.0950	0.1450	1.40565029e+09
0.0450	0.1050	0.1050	1.12861527e+09
0.0450	0.1050	0.1150	1.17862515e+09
0.0450	0.1050	0.1250	7.45380325e+08
0.0450	0.1050	0.1350	1.12795533e+09
0.0450	0.1050	0.1450	1.10775707e+09
0.0450	0.1150	0.1150	1.08209107e+09
0.0450	0.1150	0.1250	5.65178023e+08
0.0450	0.1150	0.1350	1.30429433e+09
0.0450	0.1150	0.1450	1.24582829e+09
0.0450	0.1250	0.1250	1.21580333e+09
0.0450	0.1250	0.1350	5.50547428e+08
0.0450	0.1250	0.1450	1.09388945e+09
0.0450	0.1350	0.1350	7.60140300e+08
0.0450	0.1350	0.1450	7.56695374e+08
0.0450	0.1450	0.1450	6.21008345e+08
0.0550	0.0550	0.0550	3.08079091e+09
0.0550	0.0550	0.0650	1.24307042e+09
0.0550	0.0550	0.0750	1.55892184e+09
0.0550	0.0550	0.0850	1.52137503e+09
0.0550	0.0550	0.0950	2.77471301e+09
0.0550	0.0550	0.1050	2.24671222e+09
0.0550	0.0550	0.1150	2.52251494e+09
0.0550	0.0650	0.0650	3.25620545e+09
0.0550	0.0650	0.0750	1.88921244e+09
0.0550	0.0650	0.0850	7.15261230e+08
0.0550	0.0650	0.0950	1.70036135e+09
0.0550	0.0650	0.1050	1.95090531e+09
0.0550	0.0650	0.1150	1.75415607e+09
0.0550	0.0650	0.1250	1.51564517e+09
0.0550	0.0750	0.0750	1.15644114e+09
0.0550	0.0750	0.0850	1.09123985e+09
0.0550	0.0750	0.0950	5.97693295e+08
0.0550	0.0750	0.1050	8.77383329e+08
0.0550	0.0750	0.1150	1.96374998e+09
0.0550	0.0750	0.1250	2.04131436e+09
0.0550	0.0750	0.1350	1.47714369e+09
0.0550	0.0850	0.0850	4.78313953e+08
0.0550	0.0850	0.0950	7.29633368e+08
0.0550	0.0850	0.1050	8.99624263e+08
0.0550	0.0850	0.1150	1.41324542e+09
0.0550	0.0850	0.1250	7.85289285e+08
0.0550	0.0850	0.1350	1.48627059e+09
0.0550	0.0850	0.1450	1.29119960e+09
0.0550	0.0950	0.0950	3.70694446e+08
0.0550	0.0950	0.1050	9.04823800e+08
0.0550	0.0950	0.1150	4.94518225e+08
0.0550	0.0950	0.1250	7.88877384e+08
0.0550	0.0950	0.1350	8.46656150e+08
0.0550	0.0950	0.1450	1.34666419e+09
0.0550	0.1050	0.1050	3.92393790e+08
0.0550	0.1050	0.1150	8.33867084e+08
0.0550	0.1050	0.1250	1.17755552e+09
0.0550	0.1050	0.1350	6.15123143e+08
0.0550	0.1050	0.1450	8.58794729e+08
0.0550	0.1150	0.1150	8.36463113e+08
0.0550	0.1150	0.1250	2.03570267e+08
0.0550	0.1150	0.1350	5.05678019e+08
0.0550	0.1150	0.1450	8.54960670e+08
0.0550	0.1250	0.1250	4.22309158e+08
0.0550	0.1250	0.1350	8.49443056e+08
0.0550	0.1250	0.1450	6.93322050e+08
0.0550	0.1350	0.1350	2.29795045e+08
0.0550	0.1350	0.1450	1.86069692e+08
0.0550	0.1450	0.1450	5.82107219e+08
0.0650	0.0650	0.0650	-1.11285147e+08
0.0650	0.0650	0.0750	2.41265631e+09
0.0650	0.0650	0.0850	1.02892474e+09
0.0650	0.0650	0.0950	2.04383088e+09
0.0650	0.0650	0.1050	3.48020785e+08
0.0650	0.0650	0.1150	5.88355350e+08
0.0650	0.0650	0.1250	1.22583816e+09
0.0650	0.0650	0.1350	1.95594790e+09
0.0650	0.0750	0.0750	1.50396847e+08
0.0650	0.0750	0.0850	1.23154213e+09
0.0650	0.0750	0.0950	1.40159948e+09
0.0650	0.0750	0.1050	1.46570620e+09
0.0650	0.0750	0.1150	1.08547449e+09
0.0650	0.0750	0.1250	1.49325540e+09
0.0650	0.0750	0.1350	1.43874567e+09
0.0650	0.0750	0.1450	2.14693744e+09
0.0650	0.0850	0.0850	1.23270259e+09
0.0650	0.0850	0.0950	9.07776975e+08
0.0650	0.0850	0.1050	8.88147728e+08
0.0650	0.0850	0.1150	6.68233225e+08
0.0650	0.0850	0.1250	9.51847849e+08
0.0650	0.0850	0.1350	1.17133839e+09
0.0650	0.0850	0.1450	1.32753907e+09
0.0650	0.0950	0.0950	5.62250607e+08
0.0650	0.0950	0.1050	6.62119525e+08
0.0650	0.0950	0.1150	6.79481458e+08
0.0650	0.0950	0.1250	8.25779601e+08
0.0650	0.0950	0.1350	9.05119322e+08
0.0650	0.0950	0.1450	7.88583977e+08
0.0650	0.1050	0.1050	-7.29323570e+07
0.0650	0.1050	0.1150	5.69589969e+08
0.0650	0.1050	0.1250	4.53867876e+08
0.0650	0.1050	0.1350	5.95423577e+08
0.0650	0.1050	0.1450	8.62408477e+08
0.0650	0.1150	0.1150	5.13525176e+08
0.0650	0.1150	0.1250	7.89772129e+08
0.0650	0.1150	0.1350	7.84581470e+08
0.0650	0.1150	0.1450	7.25322949e+08
0.0650	0.1250	0.1250	4.41108833e+08
0.0650	0.1250	0.1350	5.98977661e+08
0.0650	0.1250	0.1450	4.73631964e+08
0.0650	0.1350	0.1350	4.67137496e+08
0.0650	0.1350	0.1450	6.51352021e+08
0.0650	0.1450	0.1450	3.03568345e+08
0.0750	0.0750	0.0750	5.70146594e+08
0.0750	0.0750	0.0850	1.94271022e+09
0.0750	0.0750	0.0950	5.19443295e+08
0.0750	0.0750	0.1050	9.33599845e+08
0.0750	0.0750	0.1150	2.90265059e+08
0.0750	0.0750	0.1250	8.00152979e+08
0.0750	0.0750	0.1350	1.86179493e+09
0.0750	0.0750	0.1450	1.53486048e+09
0.0750	0.0850	0.0850	5.96945665e+08
0.0750	0.0850	0.0950	1.78431036e+08
0.0750	0.0850	0.1050	1.00288517e+09
0.0750	0.0850	0.1150	6.11818449e+08
0.0750	0.0850	0.1250	7.67217773e+08
0.0750	0.0850	0.1350	1.11986846e+09
0.0750	0.0850	0.1450	7.38853054e+08
0.0750	0.0950	0.0950	7.89423567e+08
0.0750	0.0950	0.1050	3.76090930e+08
0.0750	0.0950	0.1150	3.89137873e+08
0.0750	0.0950	0.1250	6.79878457e+08
0.0750	0.0950	0.1350	6.30790494e+08
0.0750	0.0950	0.1450	6.54182646e+08
0.0750	0.1050	0.1050	4.24476897e+08
0.0750	0.1050	0.1150	6.09661087e+08
0.0750	0.1050	0.1250	5.64699157e+08
0.0750	0.1050	0.1350	7.63535039e+08
0.0750	0.1050	0.1450	6.12224806e+08
0.0750	0.1150	0.1150	6.26855137e+08
0.0750	0.1150	0.1250	7.53547216e+08
0.0750	0.1150	0.1350	4.29886259e+08
0.0750	0.1150	0.1450	4.50239668e+08
0.0750	0.1250	0.1250	3.60346246e+08
0.0750	0.1250	0.1350	7.50622219e+08
0.0750	0.1250	0.1450	5.93102423e+08
0.0750	0.1350	0.1350	4.77621602e+07
0.0750	0.1350	0.1450	3.84369729e+08
0.0750	0.1450	0.1450	4.82960891e+08
0.0850	0.0850	0.0850	8.47057135e+08
0.0850	0.0850	0.0950	1.19011178e+09
0.0850	0.0850	0.1050	6.08213557e+08
0.0850	0.0850	0.1150	8.06699949e+08
0.0850	0.0850	0.1250	4.62282797e+08
0.0850	0.0850	0.1350	6.59866559e+08
0.0850	0.0850	0.1450	6.07526975e+08
0.0850	0.0950	0.0950	1.50515492e+08
0.0850	0.0950	0.1050	5.17267469e+08
0.0850	0.0950	0.1150	5.39126750e+08
0.0850	0.0950	0.1250	4.45085850e+08
0.0850	0.0950	0.1350	5.06627315e+08
0.0850	0.0950	0.1450	6.56398445e+08
0.0850	0.1050	0.1050	3.50911307e+08
0.0850	0.1050	0.1150	5.91510903e+08
0.0850	0.1050	0.1250	2.97459980e+08
0.0850	0.1050	0.1350	4.80704247e+08
0.0850	0.1050	0.1450	4.18383230e+08
0.0850	0.1150	0.1150	3.71429393e+08
0.0850	0.1150	0.1250	3.64178952e+08
0.0850	0.1150	0.1350	4.28581141e+08
0.0850	0.1150	0.1450	2.60750785e+08
0.0850	0.1250	0.1250	5.36774391e+08
0.0850	0.1250	0.1350	3.66228328e+08
0.0850	0.1250	0.1450	3.84407323e+08
0.0850	0.1350	0.1350	2.31437066e+08
0.0850	0.1350	0.1450	2.63223446e+08
0.0850	0.1450	0.1450	2.73034863e+08
0.0950	0.0950	0.0950	4.11845031e+08
0.0950	0.0950	0.1050	9.60632660e+08
0.0950	0.0950	0.1150	4.19229160e+08
0.0950	0.0950	0.1250	8.70522952e+08
0.0950	0.0950	0.1350	3.13016788e+08
0.0950	0.0950	0.1450	5.05261061e+08
0.0950	0.1050	0.1050	2.65775551e+08
0.0950	0.1050	0.1150	3.63120714e+08
0.0950	0.1050	0.1250	5.71893429e+08
0.0950	0.1050	0.1350	3.09031669e+08
0.0950	0.1050	0.1450	3.01167632e+08
0.0950	0.1150	0.1150	4.64448761e+08
0.0950	0.1150	0.1250	2.54070340e+08
0.0950	0.1150	0.1350	3.41403718e+08
0.0950	0.1150	0.1450	3.65462830e+08
0.0950	0.1250	0.1250	1.21279798e+08
0.0950	0.1250	0.1350	4.61421169e+08
0.0950	0.1250	0.1450	3.96059174e+08
0.0950	0.1350	0.1350	3.53171222e+08
0.0950	0.1350	0.1450	3.89893768e+08
0.0950	0.1450	0.1450	3.77131465e+08
0.1050	0.1050	0.1050	3.85761008e+08
0.1050	0.1050	0.1150	1.98704433e+08
0.1050	0.1050	0.1250	2.39672609e+08
0.1050	0.1050	0.1350	3.81303907e+08
0.1050	0.1050	0.1450	3.62075096e+08
0.1050	0.1150	0.1150	3.64618073e+08
0.1050	0.1150	0.1250	2.81757595e+08
0.1050	0.1150	0.1350	3.39800154e+08
0.1050	0.1150	0.1450	3.26981208e+08
0.1050	0.1250	0.1250	3.81528151e+08
0.1050	0.1250	0.1350	2.69133629e+08
0.1050	0.1250	0.1450	3.34487927e+08
0.1050	0.1350	0.1350	3.70087270e+08
0.1050	0.1350	0.1450	1.94343937e+08
0.1050	0.1450	0.1450	2.48249626e+08
0.1150	0.1150	0.1150	5.39979127e+08
0.1150	0.1150	0.1250	3.93333195e+08
0.1150	0.1150	0.1350	4.26200629e+08
0.1150	0.1150	0.1450	5.47318113e+08
0.1150	0.1250	0.1250	2.70934208e+08
0.1150	0.1250	0.1350	3.39975578e+08
0.1150	0.1250	0.1450	2.47541308e+08
0.1150	0.1350	0.1350	3.38446324e+08
0.1150	0.1350	0.1450	2.60547019e+08
0.1150	0.1450	0.1450	1.51685775e+08
0.1250	0.1250	0.1250	5.19641043e+08
0.1250	0.1250	0.1350	2.98830800e+08
0.1250	0.1250	0.1450	1.39845915e+08
0.1250	0.1350	0.1350	3.10324412e+08
0.1250	0.1350	0.1450	3.29342683e+08
0.1250	0.1450	0.1450	2.14531008e+08
0.1350	0.1350	0.1350	1.92266125e+08
0.1350	0.1350	0.1450	3.49092376e+08
0.1350	0.1450	0.1450	8.86296444e+07
0.1450	0.1450	0.1450	2.90652562e+08
