####### Bispectrum of Patchy Simulation 800 #############
# Patch: ngc
# z-type: z3
# Weights: fkp
# Fiducial Omega_m: 0.310
# Fiducial h: 0.676
# Boxsize: [1800.0, 3400.0, 1900.0]
# Grid: [170, 325, 180]
# k-binning: [0.000, 0.160, 0.010]
# Monte Carlo Simulations: 100
#
# Format: k1 | k2 | k3 | B(k1,k2,k3)
############################################
0.0150	0.0150	0.0150	-1.49944013e+09
0.0150	0.0150	0.0250	1.39421879e+10
0.0150	0.0150	0.0350	2.75956954e+10
0.0150	0.0250	0.0250	9.53885759e+09
0.0150	0.0250	0.0350	1.31350781e+10
0.0150	0.0250	0.0450	1.62266823e+10
0.0150	0.0350	0.0350	7.72462972e+09
0.0150	0.0350	0.0450	4.64361826e+09
0.0150	0.0350	0.0550	1.76451926e+10
0.0150	0.0450	0.0450	5.90143700e+09
0.0150	0.0450	0.0550	3.99991451e+09
0.0150	0.0450	0.0650	1.01732811e+10
0.0150	0.0550	0.0550	5.45309579e+09
0.0150	0.0550	0.0650	6.91465658e+09
0.0150	0.0550	0.0750	9.99351322e+09
0.0150	0.0650	0.0650	3.81123136e+09
0.0150	0.0650	0.0750	4.00339325e+09
0.0150	0.0650	0.0850	5.03404941e+09
0.0150	0.0750	0.0750	1.50869569e+09
0.0150	0.0750	0.0850	4.39229254e+09
0.0150	0.0750	0.0950	7.33301069e+09
0.0150	0.0850	0.0850	2.42915146e+09
0.0150	0.0850	0.0950	4.21701492e+09
0.0150	0.0850	0.1050	5.89440282e+09
0.0150	0.0950	0.0950	9.11911045e+08
0.0150	0.0950	0.1050	3.20591693e+09
0.0150	0.0950	0.1150	3.73393565e+09
0.0150	0.1050	0.1050	2.88944185e+09
0.0150	0.1050	0.1150	2.76833788e+09
0.0150	0.1050	0.1250	2.18700138e+09
0.0150	0.1150	0.1150	2.41565355e+09
0.0150	0.1150	0.1250	2.24382989e+09
0.0150	0.1150	0.1350	3.41950466e+09
0.0150	0.1250	0.1250	4.17889522e+08
0.0150	0.1250	0.1350	2.34581859e+09
0.0150	0.1250	0.1450	3.54260591e+09
0.0150	0.1350	0.1350	1.50181325e+09
0.0150	0.1350	0.1450	1.96815559e+09
0.0150	0.1450	0.1450	8.11466238e+08
0.0250	0.0250	0.0250	2.34494400e+09
0.0250	0.0250	0.0350	7.19959818e+09
0.0250	0.0250	0.0450	7.59730805e+09
0.0250	0.0250	0.0550	1.11717871e+09
0.0250	0.0350	0.0350	4.74687584e+09
0.0250	0.0350	0.0450	3.92937217e+09
0.0250	0.0350	0.0550	6.26215610e+09
0.0250	0.0350	0.0650	2.97785481e+09
0.0250	0.0450	0.0450	2.63474602e+09
0.0250	0.0450	0.0550	5.10380901e+09
0.0250	0.0450	0.0650	4.35505474e+09
0.0250	0.0450	0.0750	4.86796956e+09
0.0250	0.0550	0.0550	1.98354630e+09
0.0250	0.0550	0.0650	3.27100609e+09
0.0250	0.0550	0.0750	3.74454923e+09
0.0250	0.0550	0.0850	4.85855105e+09
0.0250	0.0650	0.0650	2.64254591e+09
0.0250	0.0650	0.0750	2.48465447e+09
0.0250	0.0650	0.0850	4.01197721e+09
0.0250	0.0650	0.0950	3.52586182e+09
0.0250	0.0750	0.0750	2.32372312e+09
0.0250	0.0750	0.0850	1.72152375e+09
0.0250	0.0750	0.0950	3.20285864e+09
0.0250	0.0750	0.1050	3.02025123e+09
0.0250	0.0850	0.0850	1.65832946e+09
0.0250	0.0850	0.0950	2.14519312e+09
0.0250	0.0850	0.1050	2.54155353e+09
0.0250	0.0850	0.1150	1.40384213e+09
0.0250	0.0950	0.0950	1.37680628e+09
0.0250	0.0950	0.1050	1.21176664e+09
0.0250	0.0950	0.1150	2.30988655e+09
0.0250	0.0950	0.1250	2.32022172e+09
0.0250	0.1050	0.1050	1.47701438e+09
0.0250	0.1050	0.1150	1.78601278e+09
0.0250	0.1050	0.1250	2.21621330e+09
0.0250	0.1050	0.1350	2.18746171e+09
0.0250	0.1150	0.1150	4.71237398e+08
0.0250	0.1150	0.1250	1.40429809e+09
0.0250	0.1150	0.1350	1.52797256e+09
0.0250	0.1150	0.1450	2.10073503e+09
0.0250	0.1250	0.1250	1.22126099e+09
0.0250	0.1250	0.1350	1.32098707e+09
0.0250	0.1250	0.1450	1.48326514e+09
0.0250	0.1350	0.1350	9.60871329e+08
0.0250	0.1350	0.1450	1.50959771e+09
0.0250	0.1450	0.1450	8.49842434e+08
0.0350	0.0350	0.0350	6.09273615e+09
0.0350	0.0350	0.0450	3.13841335e+09
0.0350	0.0350	0.0550	1.98954699e+09
0.0350	0.0350	0.0650	4.87083672e+09
0.0350	0.0350	0.0750	1.65159786e+09
0.0350	0.0450	0.0450	8.12162199e+08
0.0350	0.0450	0.0550	2.53021079e+09
0.0350	0.0450	0.0650	2.29145392e+09
0.0350	0.0450	0.0750	3.56106700e+09
0.0350	0.0450	0.0850	6.39163764e+09
0.0350	0.0550	0.0550	3.03234373e+09
0.0350	0.0550	0.0650	1.27937022e+09
0.0350	0.0550	0.0750	2.11008051e+09
0.0350	0.0550	0.0850	2.18624310e+09
0.0350	0.0550	0.0950	4.19665591e+09
0.0350	0.0650	0.0650	2.51871440e+09
0.0350	0.0650	0.0750	2.06921624e+09
0.0350	0.0650	0.0850	2.13044117e+09
0.0350	0.0650	0.0950	1.92417167e+09
0.0350	0.0650	0.1050	2.26462643e+09
0.0350	0.0750	0.0750	1.54095938e+09
0.0350	0.0750	0.0850	1.30587602e+09
0.0350	0.0750	0.0950	2.05779321e+09
0.0350	0.0750	0.1050	1.64747711e+09
0.0350	0.0750	0.1150	2.46402279e+09
0.0350	0.0850	0.0850	1.28982654e+09
0.0350	0.0850	0.0950	1.56878468e+09
0.0350	0.0850	0.1050	1.41026633e+09
0.0350	0.0850	0.1150	2.17495183e+09
0.0350	0.0850	0.1250	2.11141736e+09
0.0350	0.0950	0.0950	1.10077154e+09
0.0350	0.0950	0.1050	1.22813191e+09
0.0350	0.0950	0.1150	1.29396672e+09
0.0350	0.0950	0.1250	1.45904235e+09
0.0350	0.0950	0.1350	2.57463901e+09
0.0350	0.1050	0.1050	1.55625212e+09
0.0350	0.1050	0.1150	1.03380513e+09
0.0350	0.1050	0.1250	1.34307433e+09
0.0350	0.1050	0.1350	1.25548983e+09
0.0350	0.1050	0.1450	2.29066113e+09
0.0350	0.1150	0.1150	1.14366447e+09
0.0350	0.1150	0.1250	9.04616153e+08
0.0350	0.1150	0.1350	1.13476479e+09
0.0350	0.1150	0.1450	9.28640009e+08
0.0350	0.1250	0.1250	9.32398894e+08
0.0350	0.1250	0.1350	1.01832451e+09
0.0350	0.1250	0.1450	7.87954244e+08
0.0350	0.1350	0.1350	9.88145285e+08
0.0350	0.1350	0.1450	9.40362388e+08
0.0350	0.1450	0.1450	7.01741197e+08
0.0450	0.0450	0.0450	8.91302036e+08
0.0450	0.0450	0.0550	2.40686070e+09
0.0450	0.0450	0.0650	1.05841185e+09
0.0450	0.0450	0.0750	2.36311309e+09
0.0450	0.0450	0.0850	1.09124061e+09
0.0450	0.0450	0.0950	1.44816982e+09
0.0450	0.0550	0.0550	2.34646646e+09
0.0450	0.0550	0.0650	7.58780325e+08
0.0450	0.0550	0.0750	1.63617979e+09
0.0450	0.0550	0.0850	1.87863485e+09
0.0450	0.0550	0.0950	2.57638577e+09
0.0450	0.0550	0.1050	3.52084467e+09
0.0450	0.0650	0.0650	1.48436577e+09
0.0450	0.0650	0.0750	1.77853391e+09
0.0450	0.0650	0.0850	1.62489945e+09
0.0450	0.0650	0.0950	2.28295623e+09
0.0450	0.0650	0.1050	1.97150803e+09
0.0450	0.0650	0.1150	1.70081707e+09
0.0450	0.0750	0.0750	1.22222207e+09
0.0450	0.0750	0.0850	1.20663468e+09
0.0450	0.0750	0.0950	9.51904548e+08
0.0450	0.0750	0.1050	1.52002825e+09
0.0450	0.0750	0.1150	1.95345318e+09
0.0450	0.0750	0.1250	1.53657749e+09
0.0450	0.0850	0.0850	1.37863772e+09
0.0450	0.0850	0.0950	1.09171798e+09
0.0450	0.0850	0.1050	1.02297711e+09
0.0450	0.0850	0.1150	1.45228987e+09
0.0450	0.0850	0.1250	1.51786309e+09
0.0450	0.0850	0.1350	1.26498718e+09
0.0450	0.0950	0.0950	6.61814630e+08
0.0450	0.0950	0.1050	1.01104316e+09
0.0450	0.0950	0.1150	1.04383830e+09
0.0450	0.0950	0.1250	1.22707343e+09
0.0450	0.0950	0.1350	1.19653683e+09
0.0450	0.0950	0.1450	1.40680093e+09
0.0450	0.1050	0.1050	7.11635167e+08
0.0450	0.1050	0.1150	8.74269590e+08
0.0450	0.1050	0.1250	1.12225897e+09
0.0450	0.1050	0.1350	9.00547569e+08
0.0450	0.1050	0.1450	1.22690650e+09
0.0450	0.1150	0.1150	7.87468596e+08
0.0450	0.1150	0.1250	8.48811363e+08
0.0450	0.1150	0.1350	8.58191427e+08
0.0450	0.1150	0.1450	9.65339579e+08
0.0450	0.1250	0.1250	8.08901667e+08
0.0450	0.1250	0.1350	5.84369323e+08
0.0450	0.1250	0.1450	9.64859453e+08
0.0450	0.1350	0.1350	1.02066218e+09
0.0450	0.1350	0.1450	4.89260043e+08
0.0450	0.1450	0.1450	5.99728455e+08
0.0550	0.0550	0.0550	6.94523656e+08
0.0550	0.0550	0.0650	1.48974431e+09
0.0550	0.0550	0.0750	1.63541668e+09
0.0550	0.0550	0.0850	1.64002093e+09
0.0550	0.0550	0.0950	1.69716652e+09
0.0550	0.0550	0.1050	2.78949084e+09
0.0550	0.0550	0.1150	2.47048128e+09
0.0550	0.0650	0.0650	2.11989880e+09
0.0550	0.0650	0.0750	1.03100317e+09
0.0550	0.0650	0.0850	1.12077207e+09
0.0550	0.0650	0.0950	1.50595398e+09
0.0550	0.0650	0.1050	1.12623944e+09
0.0550	0.0650	0.1150	2.20245406e+09
0.0550	0.0650	0.1250	2.03230912e+09
0.0550	0.0750	0.0750	9.93015591e+08
0.0550	0.0750	0.0850	1.44276695e+09
0.0550	0.0750	0.0950	8.45553626e+08
0.0550	0.0750	0.1050	1.27005040e+09
0.0550	0.0750	0.1150	1.28227234e+09
0.0550	0.0750	0.1250	1.60872016e+09
0.0550	0.0750	0.1350	1.80468308e+09
0.0550	0.0850	0.0850	6.36999979e+08
0.0550	0.0850	0.0950	9.62468797e+08
0.0550	0.0850	0.1050	8.98853572e+08
0.0550	0.0850	0.1150	9.24618399e+08
0.0550	0.0850	0.1250	1.13264623e+09
0.0550	0.0850	0.1350	1.17956774e+09
0.0550	0.0850	0.1450	1.90126633e+09
0.0550	0.0950	0.0950	5.07012791e+08
0.0550	0.0950	0.1050	1.18384243e+09
0.0550	0.0950	0.1150	7.34374495e+08
0.0550	0.0950	0.1250	9.15929758e+08
0.0550	0.0950	0.1350	1.14902858e+09
0.0550	0.0950	0.1450	1.22055293e+09
0.0550	0.1050	0.1050	7.73167402e+08
0.0550	0.1050	0.1150	9.00765322e+08
0.0550	0.1050	0.1250	8.56928021e+08
0.0550	0.1050	0.1350	8.64206804e+08
0.0550	0.1050	0.1450	8.27435382e+08
0.0550	0.1150	0.1150	6.92158639e+08
0.0550	0.1150	0.1250	8.39277395e+08
0.0550	0.1150	0.1350	7.64927289e+08
0.0550	0.1150	0.1450	7.75463243e+08
0.0550	0.1250	0.1250	5.68413712e+08
0.0550	0.1250	0.1350	6.89846758e+08
0.0550	0.1250	0.1450	6.74983485e+08
0.0550	0.1350	0.1350	6.54863647e+08
0.0550	0.1350	0.1450	7.16222689e+08
0.0550	0.1450	0.1450	4.77520960e+08
0.0650	0.0650	0.0650	4.68035507e+08
0.0650	0.0650	0.0750	1.46110288e+09
0.0650	0.0650	0.0850	9.87557878e+08
0.0650	0.0650	0.0950	1.44996587e+09
0.0650	0.0650	0.1050	9.98411807e+08
0.0650	0.0650	0.1150	1.47512377e+09
0.0650	0.0650	0.1250	1.34990994e+09
0.0650	0.0650	0.1350	9.76380328e+08
0.0650	0.0750	0.0750	9.10137981e+08
0.0650	0.0750	0.0850	8.07869417e+08
0.0650	0.0750	0.0950	1.15703557e+09
0.0650	0.0750	0.1050	1.03346330e+09
0.0650	0.0750	0.1150	1.29823321e+09
0.0650	0.0750	0.1250	1.31858564e+09
0.0650	0.0750	0.1350	1.43379074e+09
0.0650	0.0750	0.1450	2.10826809e+09
0.0650	0.0850	0.0850	1.03915912e+09
0.0650	0.0850	0.0950	8.21700627e+08
0.0650	0.0850	0.1050	1.13856439e+09
0.0650	0.0850	0.1150	1.13056764e+09
0.0650	0.0850	0.1250	1.07479103e+09
0.0650	0.0850	0.1350	1.34379673e+09
0.0650	0.0850	0.1450	1.05660224e+09
0.0650	0.0950	0.0950	6.34373175e+08
0.0650	0.0950	0.1050	8.43434077e+08
0.0650	0.0950	0.1150	9.39784030e+08
0.0650	0.0950	0.1250	8.13315073e+08
0.0650	0.0950	0.1350	7.89404321e+08
0.0650	0.0950	0.1450	9.86796786e+08
0.0650	0.1050	0.1050	5.96811839e+08
0.0650	0.1050	0.1150	7.94443249e+08
0.0650	0.1050	0.1250	6.51678817e+08
0.0650	0.1050	0.1350	6.41941670e+08
0.0650	0.1050	0.1450	7.41152225e+08
0.0650	0.1150	0.1150	5.25336525e+08
0.0650	0.1150	0.1250	6.51039065e+08
0.0650	0.1150	0.1350	8.02410117e+08
0.0650	0.1150	0.1450	5.69338987e+08
0.0650	0.1250	0.1250	5.39714162e+08
0.0650	0.1250	0.1350	5.67090446e+08
0.0650	0.1250	0.1450	5.70910639e+08
0.0650	0.1350	0.1350	7.20360756e+08
0.0650	0.1350	0.1450	5.03067472e+08
0.0650	0.1450	0.1450	6.96946948e+08
0.0750	0.0750	0.0750	3.64117946e+08
0.0750	0.0750	0.0850	1.02021406e+09
0.0750	0.0750	0.0950	4.03122708e+08
0.0750	0.0750	0.1050	6.44680766e+08
0.0750	0.0750	0.1150	6.93124486e+08
0.0750	0.0750	0.1250	7.73354911e+08
0.0750	0.0750	0.1350	8.51489428e+08
0.0750	0.0750	0.1450	1.02267438e+09
0.0750	0.0850	0.0850	6.79552543e+08
0.0750	0.0850	0.0950	6.07232975e+08
0.0750	0.0850	0.1050	5.13307558e+08
0.0750	0.0850	0.1150	9.01073885e+08
0.0750	0.0850	0.1250	6.31203388e+08
0.0750	0.0850	0.1350	8.07312092e+08
0.0750	0.0850	0.1450	9.47015419e+08
0.0750	0.0950	0.0950	9.32943879e+08
0.0750	0.0950	0.1050	6.92893094e+08
0.0750	0.0950	0.1150	5.07076086e+08
0.0750	0.0950	0.1250	7.11559206e+08
0.0750	0.0950	0.1350	4.95099806e+08
0.0750	0.0950	0.1450	5.78935152e+08
0.0750	0.1050	0.1050	3.13206871e+08
0.0750	0.1050	0.1150	5.95144512e+08
0.0750	0.1050	0.1250	5.88204005e+08
0.0750	0.1050	0.1350	6.72073448e+08
0.0750	0.1050	0.1450	6.66119400e+08
0.0750	0.1150	0.1150	6.25731345e+08
0.0750	0.1150	0.1250	6.40303834e+08
0.0750	0.1150	0.1350	4.92457583e+08
0.0750	0.1150	0.1450	5.11079784e+08
0.0750	0.1250	0.1250	6.70037575e+08
0.0750	0.1250	0.1350	4.48499646e+08
0.0750	0.1250	0.1450	4.87173837e+08
0.0750	0.1350	0.1350	4.78712788e+08
0.0750	0.1350	0.1450	3.45575009e+08
0.0750	0.1450	0.1450	4.83973692e+08
0.0850	0.0850	0.0850	1.06807446e+09
0.0850	0.0850	0.0950	7.91707630e+08
0.0850	0.0850	0.1050	6.50084772e+08
0.0850	0.0850	0.1150	8.74316560e+08
0.0850	0.0850	0.1250	9.52587714e+08
0.0850	0.0850	0.1350	7.06919515e+08
0.0850	0.0850	0.1450	7.41480784e+08
0.0850	0.0950	0.0950	6.19097651e+08
0.0850	0.0950	0.1050	5.73109669e+08
0.0850	0.0950	0.1150	4.19128267e+08
0.0850	0.0950	0.1250	5.16675315e+08
0.0850	0.0950	0.1350	6.81846478e+08
0.0850	0.0950	0.1450	7.34548703e+08
0.0850	0.1050	0.1050	7.28102659e+08
0.0850	0.1050	0.1150	5.11853629e+08
0.0850	0.1050	0.1250	6.57910754e+08
0.0850	0.1050	0.1350	6.12382794e+08
0.0850	0.1050	0.1450	6.23495735e+08
0.0850	0.1150	0.1150	6.49363102e+08
0.0850	0.1150	0.1250	4.96234440e+08
0.0850	0.1150	0.1350	6.00990576e+08
0.0850	0.1150	0.1450	5.48878985e+08
0.0850	0.1250	0.1250	5.43068251e+08
0.0850	0.1250	0.1350	4.68708405e+08
0.0850	0.1250	0.1450	4.13253838e+08
0.0850	0.1350	0.1350	3.49446697e+08
0.0850	0.1350	0.1450	4.95055040e+08
0.0850	0.1450	0.1450	4.03914337e+08
0.0950	0.0950	0.0950	9.17608529e+08
0.0950	0.0950	0.1050	6.60473181e+08
0.0950	0.0950	0.1150	6.21997154e+08
0.0950	0.0950	0.1250	5.90670490e+08
0.0950	0.0950	0.1350	4.49483392e+08
0.0950	0.0950	0.1450	5.34829171e+08
0.0950	0.1050	0.1050	4.88951779e+08
0.0950	0.1050	0.1150	4.65757614e+08
0.0950	0.1050	0.1250	4.02116784e+08
0.0950	0.1050	0.1350	5.03016198e+08
0.0950	0.1050	0.1450	3.77909457e+08
0.0950	0.1150	0.1150	4.84184627e+08
0.0950	0.1150	0.1250	4.59066133e+08
0.0950	0.1150	0.1350	5.17816067e+08
0.0950	0.1150	0.1450	4.19470544e+08
0.0950	0.1250	0.1250	3.58204811e+08
0.0950	0.1250	0.1350	4.09580908e+08
0.0950	0.1250	0.1450	4.42776554e+08
0.0950	0.1350	0.1350	5.16504821e+08
0.0950	0.1350	0.1450	2.91702761e+08
0.0950	0.1450	0.1450	3.78760940e+08
0.1050	0.1050	0.1050	5.41814153e+08
0.1050	0.1050	0.1150	4.03491500e+08
0.1050	0.1050	0.1250	5.98745687e+08
0.1050	0.1050	0.1350	4.51226183e+08
0.1050	0.1050	0.1450	4.40718767e+08
0.1050	0.1150	0.1150	3.01657404e+08
0.1050	0.1150	0.1250	3.87301471e+08
0.1050	0.1150	0.1350	2.80656183e+08
0.1050	0.1150	0.1450	4.06894573e+08
0.1050	0.1250	0.1250	3.83488264e+08
0.1050	0.1250	0.1350	4.53486622e+08
0.1050	0.1250	0.1450	4.81092037e+08
0.1050	0.1350	0.1350	2.59772855e+08
0.1050	0.1350	0.1450	3.72217380e+08
0.1050	0.1450	0.1450	3.22910467e+08
0.1150	0.1150	0.1150	4.75999556e+08
0.1150	0.1150	0.1250	3.61981803e+08
0.1150	0.1150	0.1350	3.59569374e+08
0.1150	0.1150	0.1450	4.30025377e+08
0.1150	0.1250	0.1250	4.07011263e+08
0.1150	0.1250	0.1350	4.43325505e+08
0.1150	0.1250	0.1450	2.92358979e+08
0.1150	0.1350	0.1350	4.04392983e+08
0.1150	0.1350	0.1450	3.59033974e+08
0.1150	0.1450	0.1450	3.49465895e+08
0.1250	0.1250	0.1250	3.22596610e+08
0.1250	0.1250	0.1350	3.46067081e+08
0.1250	0.1250	0.1450	3.70908340e+08
0.1250	0.1350	0.1350	3.98026003e+08
0.1250	0.1350	0.1450	2.60310320e+08
0.1250	0.1450	0.1450	3.00138303e+08
0.1350	0.1350	0.1350	7.99882012e+07
0.1350	0.1350	0.1450	2.88102349e+08
0.1350	0.1450	0.1450	2.99713735e+08
0.1450	0.1450	0.1450	2.47452470e+08
