####### Bispectrum of Patchy Simulation 266 #############
# Patch: ngc
# z-type: z1
# Weights: fkp
# Fiducial Omega_m: 0.310
# Fiducial h: 0.676
# Boxsize: [1350.0, 2450.0, 1400.0]
# Grid: [126, 230, 130]
# k-binning: [0.000, 0.160, 0.010]
# Monte Carlo Simulations: 100
#
# Format: k1 | k2 | k3 | B(k1,k2,k3)
############################################
0.0150	0.0150	0.0150	5.61833708e+08
0.0150	0.0150	0.0250	7.78622273e+09
0.0150	0.0150	0.0350	-1.56489049e+10
0.0150	0.0250	0.0250	1.68189835e+10
0.0150	0.0250	0.0350	6.33690705e+09
0.0150	0.0250	0.0450	7.91906672e+09
0.0150	0.0350	0.0350	1.13117151e+10
0.0150	0.0350	0.0450	1.31077056e+09
0.0150	0.0350	0.0550	1.06244671e+10
0.0150	0.0450	0.0450	-2.05358771e+08
0.0150	0.0450	0.0550	5.03856085e+09
0.0150	0.0450	0.0650	5.51193488e+09
0.0150	0.0550	0.0550	2.42266225e+09
0.0150	0.0550	0.0650	4.01081756e+09
0.0150	0.0550	0.0750	1.19727327e+09
0.0150	0.0650	0.0650	1.05888294e+09
0.0150	0.0650	0.0750	2.72672984e+09
0.0150	0.0650	0.0850	5.95156982e+09
0.0150	0.0750	0.0750	2.30379227e+09
0.0150	0.0750	0.0850	2.69729173e+09
0.0150	0.0750	0.0950	5.65634195e+09
0.0150	0.0850	0.0850	2.29564190e+09
0.0150	0.0850	0.0950	1.92438748e+09
0.0150	0.0850	0.1050	3.65025920e+09
0.0150	0.0950	0.0950	1.67682399e+09
0.0150	0.0950	0.1050	2.10641954e+09
0.0150	0.0950	0.1150	2.56180901e+09
0.0150	0.1050	0.1050	1.18429629e+09
0.0150	0.1050	0.1150	1.30295659e+09
0.0150	0.1050	0.1250	2.96460703e+09
0.0150	0.1150	0.1150	1.25699108e+09
0.0150	0.1150	0.1250	1.64359583e+09
0.0150	0.1150	0.1350	1.83244659e+09
0.0150	0.1250	0.1250	1.55490501e+09
0.0150	0.1250	0.1350	1.26932331e+09
0.0150	0.1250	0.1450	9.23574275e+08
0.0150	0.1350	0.1350	1.19168464e+09
0.0150	0.1350	0.1450	1.26012607e+09
0.0150	0.1450	0.1450	1.10640515e+09
0.0250	0.0250	0.0250	5.14015871e+09
0.0250	0.0250	0.0350	3.09836612e+09
0.0250	0.0250	0.0450	5.72510023e+09
0.0250	0.0250	0.0550	2.36039790e+10
0.0250	0.0350	0.0350	5.64913453e+09
0.0250	0.0350	0.0450	5.23391616e+09
0.0250	0.0350	0.0550	1.24262148e+09
0.0250	0.0350	0.0650	1.60550647e+09
0.0250	0.0450	0.0450	5.59889337e+09
0.0250	0.0450	0.0550	4.33071185e+09
0.0250	0.0450	0.0650	5.00400926e+09
0.0250	0.0450	0.0750	1.83797169e+09
0.0250	0.0550	0.0550	2.12902969e+09
0.0250	0.0550	0.0650	1.24543602e+09
0.0250	0.0550	0.0750	3.89278010e+09
0.0250	0.0550	0.0850	2.35541027e+09
0.0250	0.0650	0.0650	2.49083083e+09
0.0250	0.0650	0.0750	3.01452002e+09
0.0250	0.0650	0.0850	2.90586607e+09
0.0250	0.0650	0.0950	4.88069748e+09
0.0250	0.0750	0.0750	3.10414510e+09
0.0250	0.0750	0.0850	1.98570640e+09
0.0250	0.0750	0.0950	3.34516075e+09
0.0250	0.0750	0.1050	2.35261111e+09
0.0250	0.0850	0.0850	2.13239021e+09
0.0250	0.0850	0.0950	2.60570395e+09
0.0250	0.0850	0.1050	2.71419009e+09
0.0250	0.0850	0.1150	3.57236373e+09
0.0250	0.0950	0.0950	1.60704345e+09
0.0250	0.0950	0.1050	1.81469571e+09
0.0250	0.0950	0.1150	1.38112041e+09
0.0250	0.0950	0.1250	1.78170468e+09
0.0250	0.1050	0.1050	1.46752504e+09
0.0250	0.1050	0.1150	1.65183551e+09
0.0250	0.1050	0.1250	1.42603719e+09
0.0250	0.1050	0.1350	2.33042109e+09
0.0250	0.1150	0.1150	1.19305448e+09
0.0250	0.1150	0.1250	1.47839028e+09
0.0250	0.1150	0.1350	1.52300590e+09
0.0250	0.1150	0.1450	1.68457478e+09
0.0250	0.1250	0.1250	1.35125230e+09
0.0250	0.1250	0.1350	1.21325886e+09
0.0250	0.1250	0.1450	1.55523574e+09
0.0250	0.1350	0.1350	1.10929716e+09
0.0250	0.1350	0.1450	7.64990461e+08
0.0250	0.1450	0.1450	1.02224885e+09
0.0350	0.0350	0.0350	6.27482468e+09
0.0350	0.0350	0.0450	5.17576367e+09
0.0350	0.0350	0.0550	3.43844121e+09
0.0350	0.0350	0.0650	2.42005747e+09
0.0350	0.0350	0.0750	6.63150199e+09
0.0350	0.0450	0.0450	2.26279073e+09
0.0350	0.0450	0.0550	4.33469996e+08
0.0350	0.0450	0.0650	4.77782262e+09
0.0350	0.0450	0.0750	3.37167186e+09
0.0350	0.0450	0.0850	3.12009596e+09
0.0350	0.0550	0.0550	2.86123778e+09
0.0350	0.0550	0.0650	1.05644068e+09
0.0350	0.0550	0.0750	2.31833626e+09
0.0350	0.0550	0.0850	2.37915710e+09
0.0350	0.0550	0.0950	1.19283483e+09
0.0350	0.0650	0.0650	2.22673551e+09
0.0350	0.0650	0.0750	1.60648546e+09
0.0350	0.0650	0.0850	2.18903223e+09
0.0350	0.0650	0.0950	2.24613175e+09
0.0350	0.0650	0.1050	2.83616943e+09
0.0350	0.0750	0.0750	1.85740112e+09
0.0350	0.0750	0.0850	1.69737279e+09
0.0350	0.0750	0.0950	1.68575225e+09
0.0350	0.0750	0.1050	2.24973865e+09
0.0350	0.0750	0.1150	1.89756753e+09
0.0350	0.0850	0.0850	1.31606997e+09
0.0350	0.0850	0.0950	1.39668787e+09
0.0350	0.0850	0.1050	1.72772226e+09
0.0350	0.0850	0.1150	1.96910537e+09
0.0350	0.0850	0.1250	3.18035143e+09
0.0350	0.0950	0.0950	9.14646166e+08
0.0350	0.0950	0.1050	1.42603629e+09
0.0350	0.0950	0.1150	1.45515407e+09
0.0350	0.0950	0.1250	1.97312986e+09
0.0350	0.0950	0.1350	2.26395307e+09
0.0350	0.1050	0.1050	9.12141069e+08
0.0350	0.1050	0.1150	1.14130830e+09
0.0350	0.1050	0.1250	1.07514020e+09
0.0350	0.1050	0.1350	1.36223415e+09
0.0350	0.1050	0.1450	1.92322888e+09
0.0350	0.1150	0.1150	8.21108215e+08
0.0350	0.1150	0.1250	7.46902607e+08
0.0350	0.1150	0.1350	1.16036144e+09
0.0350	0.1150	0.1450	1.09419120e+09
0.0350	0.1250	0.1250	3.87553099e+08
0.0350	0.1250	0.1350	8.31645209e+08
0.0350	0.1250	0.1450	1.00375935e+09
0.0350	0.1350	0.1350	1.07950638e+09
0.0350	0.1350	0.1450	9.09048007e+08
0.0350	0.1450	0.1450	4.65388885e+08
0.0450	0.0450	0.0450	3.00608023e+09
0.0450	0.0450	0.0550	2.62568352e+09
0.0450	0.0450	0.0650	2.69518026e+09
0.0450	0.0450	0.0750	3.22890781e+09
0.0450	0.0450	0.0850	2.42011859e+09
0.0450	0.0450	0.0950	3.19557028e+09
0.0450	0.0550	0.0550	1.24879638e+09
0.0450	0.0550	0.0650	1.41162040e+09
0.0450	0.0550	0.0750	2.53733928e+09
0.0450	0.0550	0.0850	2.11305005e+09
0.0450	0.0550	0.0950	2.60832114e+09
0.0450	0.0550	0.1050	1.77692678e+09
0.0450	0.0650	0.0650	1.00421054e+09
0.0450	0.0650	0.0750	2.13035794e+09
0.0450	0.0650	0.0850	1.28535152e+09
0.0450	0.0650	0.0950	1.48835025e+09
0.0450	0.0650	0.1050	1.79241992e+09
0.0450	0.0650	0.1150	2.70845482e+09
0.0450	0.0750	0.0750	1.15343509e+09
0.0450	0.0750	0.0850	2.03194139e+09
0.0450	0.0750	0.0950	1.16379907e+09
0.0450	0.0750	0.1050	1.54103255e+09
0.0450	0.0750	0.1150	1.98962736e+09
0.0450	0.0750	0.1250	2.31479894e+09
0.0450	0.0850	0.0850	1.46251559e+09
0.0450	0.0850	0.0950	1.17345368e+09
0.0450	0.0850	0.1050	1.54919282e+09
0.0450	0.0850	0.1150	1.21470175e+09
0.0450	0.0850	0.1250	1.42640010e+09
0.0450	0.0850	0.1350	1.94948330e+09
0.0450	0.0950	0.0950	7.29285816e+08
0.0450	0.0950	0.1050	9.21471278e+08
0.0450	0.0950	0.1150	1.30641686e+09
0.0450	0.0950	0.1250	1.04895314e+09
0.0450	0.0950	0.1350	1.12007448e+09
0.0450	0.0950	0.1450	1.81188643e+09
0.0450	0.1050	0.1050	1.00375720e+09
0.0450	0.1050	0.1150	7.85824997e+08
0.0450	0.1050	0.1250	8.25218211e+08
0.0450	0.1050	0.1350	1.13936253e+09
0.0450	0.1050	0.1450	1.26087364e+09
0.0450	0.1150	0.1150	7.16830114e+08
0.0450	0.1150	0.1250	1.00309138e+09
0.0450	0.1150	0.1350	8.02952596e+08
0.0450	0.1150	0.1450	9.90129056e+08
0.0450	0.1250	0.1250	7.04431525e+08
0.0450	0.1250	0.1350	7.52140922e+08
0.0450	0.1250	0.1450	8.08858368e+08
0.0450	0.1350	0.1350	6.77961529e+08
0.0450	0.1350	0.1450	6.48083065e+08
0.0450	0.1450	0.1450	8.48437617e+08
0.0550	0.0550	0.0550	3.10388595e+08
0.0550	0.0550	0.0650	1.14347125e+09
0.0550	0.0550	0.0750	1.85979440e+09
0.0550	0.0550	0.0850	1.98255534e+09
0.0550	0.0550	0.0950	1.64664468e+09
0.0550	0.0550	0.1050	1.92150589e+09
0.0550	0.0550	0.1150	3.72793554e+09
0.0550	0.0650	0.0650	1.65686318e+09
0.0550	0.0650	0.0750	7.50546252e+08
0.0550	0.0650	0.0850	1.29481070e+09
0.0550	0.0650	0.0950	1.35914461e+09
0.0550	0.0650	0.1050	1.28933242e+09
0.0550	0.0650	0.1150	1.78235457e+09
0.0550	0.0650	0.1250	2.26662315e+09
0.0550	0.0750	0.0750	6.79056917e+08
0.0550	0.0750	0.0850	6.60447425e+08
0.0550	0.0750	0.0950	1.16863661e+09
0.0550	0.0750	0.1050	1.14593913e+09
0.0550	0.0750	0.1150	1.41764431e+09
0.0550	0.0750	0.1250	1.46632385e+09
0.0550	0.0750	0.1350	2.05981815e+09
0.0550	0.0850	0.0850	1.37698708e+09
0.0550	0.0850	0.0950	8.57900251e+08
0.0550	0.0850	0.1050	7.80370647e+08
0.0550	0.0850	0.1150	1.13703935e+09
0.0550	0.0850	0.1250	1.31040349e+09
0.0550	0.0850	0.1350	1.15324167e+09
0.0550	0.0850	0.1450	1.22706854e+09
0.0550	0.0950	0.0950	8.55793627e+08
0.0550	0.0950	0.1050	6.77482634e+08
0.0550	0.0950	0.1150	8.14561569e+08
0.0550	0.0950	0.1250	6.89642535e+08
0.0550	0.0950	0.1350	9.45108785e+08
0.0550	0.0950	0.1450	9.69552174e+08
0.0550	0.1050	0.1050	7.04382373e+08
0.0550	0.1050	0.1150	6.38198192e+08
0.0550	0.1050	0.1250	7.90023958e+08
0.0550	0.1050	0.1350	8.89330481e+08
0.0550	0.1050	0.1450	8.37378177e+08
0.0550	0.1150	0.1150	5.91147003e+08
0.0550	0.1150	0.1250	7.38462448e+08
0.0550	0.1150	0.1350	6.16047718e+08
0.0550	0.1150	0.1450	9.83182486e+08
0.0550	0.1250	0.1250	6.03101279e+08
0.0550	0.1250	0.1350	4.82672302e+08
0.0550	0.1250	0.1450	5.69504484e+08
0.0550	0.1350	0.1350	4.94823258e+08
0.0550	0.1350	0.1450	6.06303279e+08
0.0550	0.1450	0.1450	4.86547171e+08
0.0650	0.0650	0.0650	1.31326153e+09
0.0650	0.0650	0.0750	1.02333686e+09
0.0650	0.0650	0.0850	1.25835110e+09
0.0650	0.0650	0.0950	7.59737742e+08
0.0650	0.0650	0.1050	1.82018272e+09
0.0650	0.0650	0.1150	1.18289266e+09
0.0650	0.0650	0.1250	1.80661219e+09
0.0650	0.0650	0.1350	1.20126068e+09
0.0650	0.0750	0.0750	1.49967783e+09
0.0650	0.0750	0.0850	8.37636611e+08
0.0650	0.0750	0.0950	9.95112543e+08
0.0650	0.0750	0.1050	1.08491992e+09
0.0650	0.0750	0.1150	9.52241773e+08
0.0650	0.0750	0.1250	1.17233305e+09
0.0650	0.0750	0.1350	1.57180898e+09
0.0650	0.0750	0.1450	1.62491446e+09
0.0650	0.0850	0.0850	1.25981555e+09
0.0650	0.0850	0.0950	3.43417998e+08
0.0650	0.0850	0.1050	6.51648528e+08
0.0650	0.0850	0.1150	7.28736504e+08
0.0650	0.0850	0.1250	6.38674283e+08
0.0650	0.0850	0.1350	9.75874414e+08
0.0650	0.0850	0.1450	1.26975262e+09
0.0650	0.0950	0.0950	8.75234481e+08
0.0650	0.0950	0.1050	8.49271677e+08
0.0650	0.0950	0.1150	8.76864040e+08
0.0650	0.0950	0.1250	4.80934703e+08
0.0650	0.0950	0.1350	8.14402162e+08
0.0650	0.0950	0.1450	8.83496913e+08
0.0650	0.1050	0.1050	6.19586828e+08
0.0650	0.1050	0.1150	6.95029592e+08
0.0650	0.1050	0.1250	4.40583010e+08
0.0650	0.1050	0.1350	6.81419228e+08
0.0650	0.1050	0.1450	6.49025869e+08
0.0650	0.1150	0.1150	6.11549587e+08
0.0650	0.1150	0.1250	5.61160691e+08
0.0650	0.1150	0.1350	5.70933633e+08
0.0650	0.1150	0.1450	6.10985799e+08
0.0650	0.1250	0.1250	4.03215016e+08
0.0650	0.1250	0.1350	6.29033414e+08
0.0650	0.1250	0.1450	5.27190375e+08
0.0650	0.1350	0.1350	5.08071734e+08
0.0650	0.1350	0.1450	5.32682654e+08
0.0650	0.1450	0.1450	4.83819961e+08
0.0750	0.0750	0.0750	1.05339987e+09
0.0750	0.0750	0.0850	9.43881796e+08
0.0750	0.0750	0.0950	1.39637474e+09
0.0750	0.0750	0.1050	7.47256290e+08
0.0750	0.0750	0.1150	1.05117190e+09
0.0750	0.0750	0.1250	1.15309856e+09
0.0750	0.0750	0.1350	1.17454193e+09
0.0750	0.0750	0.1450	1.49417227e+09
0.0750	0.0850	0.0850	3.03474210e+08
0.0750	0.0850	0.0950	9.80644585e+08
0.0750	0.0850	0.1050	6.18305502e+08
0.0750	0.0850	0.1150	6.30962510e+08
0.0750	0.0850	0.1250	8.78866243e+08
0.0750	0.0850	0.1350	1.03285902e+09
0.0750	0.0850	0.1450	9.28659040e+08
0.0750	0.0950	0.0950	4.48128195e+08
0.0750	0.0950	0.1050	7.07056722e+08
0.0750	0.0950	0.1150	6.45200469e+08
0.0750	0.0950	0.1250	6.70392102e+08
0.0750	0.0950	0.1350	6.45120914e+08
0.0750	0.0950	0.1450	7.51992081e+08
0.0750	0.1050	0.1050	6.33333030e+08
0.0750	0.1050	0.1150	6.39641102e+08
0.0750	0.1050	0.1250	6.14764146e+08
0.0750	0.1050	0.1350	6.50986825e+08
0.0750	0.1050	0.1450	6.96382210e+08
0.0750	0.1150	0.1150	5.90865903e+08
0.0750	0.1150	0.1250	4.70589356e+08
0.0750	0.1150	0.1350	5.67234233e+08
0.0750	0.1150	0.1450	5.86224534e+08
0.0750	0.1250	0.1250	2.82806863e+08
0.0750	0.1250	0.1350	5.27485788e+08
0.0750	0.1250	0.1450	5.27158850e+08
0.0750	0.1350	0.1350	5.52858889e+08
0.0750	0.1350	0.1450	4.26826082e+08
0.0750	0.1450	0.1450	5.23852674e+08
0.0850	0.0850	0.0850	5.64846919e+08
0.0850	0.0850	0.0950	5.97181216e+08
0.0850	0.0850	0.1050	6.79417748e+08
0.0850	0.0850	0.1150	7.71794414e+08
0.0850	0.0850	0.1250	6.58830488e+08
0.0850	0.0850	0.1350	8.37217383e+08
0.0850	0.0850	0.1450	5.62347912e+08
0.0850	0.0950	0.0950	4.30483869e+08
0.0850	0.0950	0.1050	4.19844915e+08
0.0850	0.0950	0.1150	4.40578922e+08
0.0850	0.0950	0.1250	5.31775294e+08
0.0850	0.0950	0.1350	6.60942400e+08
0.0850	0.0950	0.1450	6.00342313e+08
0.0850	0.1050	0.1050	5.99453394e+08
0.0850	0.1050	0.1150	5.17528436e+08
0.0850	0.1050	0.1250	4.86057981e+08
0.0850	0.1050	0.1350	4.72625723e+08
0.0850	0.1050	0.1450	4.57849265e+08
0.0850	0.1150	0.1150	4.29025796e+08
0.0850	0.1150	0.1250	4.63438122e+08
0.0850	0.1150	0.1350	4.58151652e+08
0.0850	0.1150	0.1450	4.15411023e+08
0.0850	0.1250	0.1250	4.60437293e+08
0.0850	0.1250	0.1350	4.24105206e+08
0.0850	0.1250	0.1450	3.72734836e+08
0.0850	0.1350	0.1350	2.95233987e+08
0.0850	0.1350	0.1450	4.60956847e+08
0.0850	0.1450	0.1450	3.16443044e+08
0.0950	0.0950	0.0950	8.42047043e+08
0.0950	0.0950	0.1050	4.64599974e+08
0.0950	0.0950	0.1150	3.89688566e+08
0.0950	0.0950	0.1250	5.11727579e+08
0.0950	0.0950	0.1350	4.00397907e+08
0.0950	0.0950	0.1450	3.71084301e+08
0.0950	0.1050	0.1050	5.14070240e+08
0.0950	0.1050	0.1150	4.84876063e+08
0.0950	0.1050	0.1250	3.76764637e+08
0.0950	0.1050	0.1350	3.30448523e+08
0.0950	0.1050	0.1450	5.21372098e+08
0.0950	0.1150	0.1150	1.61596770e+08
0.0950	0.1150	0.1250	3.78051723e+08
0.0950	0.1150	0.1350	4.25652970e+08
0.0950	0.1150	0.1450	3.79792506e+08
0.0950	0.1250	0.1250	5.48197739e+08
0.0950	0.1250	0.1350	3.00585489e+08
0.0950	0.1250	0.1450	3.06884019e+08
0.0950	0.1350	0.1350	4.19634029e+08
0.0950	0.1350	0.1450	3.36838126e+08
0.0950	0.1450	0.1450	3.69300392e+08
0.1050	0.1050	0.1050	3.28026048e+08
0.1050	0.1050	0.1150	3.94432399e+08
0.1050	0.1050	0.1250	4.62756960e+08
0.1050	0.1050	0.1350	4.61619694e+08
0.1050	0.1050	0.1450	1.91731991e+08
0.1050	0.1150	0.1150	3.99080470e+08
0.1050	0.1150	0.1250	4.48991336e+08
0.1050	0.1150	0.1350	3.15426272e+08
0.1050	0.1150	0.1450	3.47485981e+08
0.1050	0.1250	0.1250	3.33995618e+08
0.1050	0.1250	0.1350	3.28313436e+08
0.1050	0.1250	0.1450	3.05367635e+08
0.1050	0.1350	0.1350	2.65380659e+08
0.1050	0.1350	0.1450	3.30506040e+08
0.1050	0.1450	0.1450	3.32846076e+08
0.1150	0.1150	0.1150	2.37798463e+08
0.1150	0.1150	0.1250	4.33961132e+08
0.1150	0.1150	0.1350	4.20679609e+08
0.1150	0.1150	0.1450	3.08525341e+08
0.1150	0.1250	0.1250	3.75865096e+08
0.1150	0.1250	0.1350	3.22323949e+08
0.1150	0.1250	0.1450	3.71238719e+08
0.1150	0.1350	0.1350	3.38704769e+08
0.1150	0.1350	0.1450	2.88669361e+08
0.1150	0.1450	0.1450	2.50723972e+08
0.1250	0.1250	0.1250	1.68010490e+08
0.1250	0.1250	0.1350	4.15656867e+08
0.1250	0.1250	0.1450	3.05412868e+08
0.1250	0.1350	0.1350	2.97930462e+08
0.1250	0.1350	0.1450	2.88830236e+08
0.1250	0.1450	0.1450	2.89468730e+08
0.1350	0.1350	0.1350	3.30375244e+08
0.1350	0.1350	0.1450	3.06328787e+08
0.1350	0.1450	0.1450	2.51024029e+08
0.1450	0.1450	0.1450	1.72197178e+08
