####### Bispectrum of Patchy Simulation 370 #############
# Patch: ngc
# z-type: z3
# Weights: fkp
# Fiducial Omega_m: 0.310
# Fiducial h: 0.676
# Boxsize: [1800.0, 3400.0, 1900.0]
# Grid: [170, 325, 180]
# k-binning: [0.000, 0.160, 0.010]
# Monte Carlo Simulations: 100
#
# Format: k1 | k2 | k3 | B(k1,k2,k3)
############################################
0.0150	0.0150	0.0150	2.74283822e+10
0.0150	0.0150	0.0250	1.02828986e+09
0.0150	0.0150	0.0350	2.28259863e+10
0.0150	0.0250	0.0250	-2.62678532e+08
0.0150	0.0250	0.0350	9.56780327e+09
0.0150	0.0250	0.0450	-4.81073001e+08
0.0150	0.0350	0.0350	8.68139487e+09
0.0150	0.0350	0.0450	4.19841400e+09
0.0150	0.0350	0.0550	1.11077821e+10
0.0150	0.0450	0.0450	6.29458382e+09
0.0150	0.0450	0.0550	2.95204491e+09
0.0150	0.0450	0.0650	2.42611597e+09
0.0150	0.0550	0.0550	2.66063362e+09
0.0150	0.0550	0.0650	4.33188247e+09
0.0150	0.0550	0.0750	4.22661360e+09
0.0150	0.0650	0.0650	1.42330068e+09
0.0150	0.0650	0.0750	4.74267368e+09
0.0150	0.0650	0.0850	1.55805942e+09
0.0150	0.0750	0.0750	1.95864298e+09
0.0150	0.0750	0.0850	4.02114074e+09
0.0150	0.0750	0.0950	3.97032579e+09
0.0150	0.0850	0.0850	2.54116540e+09
0.0150	0.0850	0.0950	1.95887676e+09
0.0150	0.0850	0.1050	3.83718550e+09
0.0150	0.0950	0.0950	1.89109627e+09
0.0150	0.0950	0.1050	2.72896693e+09
0.0150	0.0950	0.1150	2.07216376e+09
0.0150	0.1050	0.1050	1.62056035e+09
0.0150	0.1050	0.1150	2.54521413e+09
0.0150	0.1050	0.1250	1.56232514e+09
0.0150	0.1150	0.1150	1.53624684e+09
0.0150	0.1150	0.1250	2.25724657e+09
0.0150	0.1150	0.1350	1.52268392e+09
0.0150	0.1250	0.1250	1.21906694e+09
0.0150	0.1250	0.1350	1.83207372e+09
0.0150	0.1250	0.1450	2.75253503e+09
0.0150	0.1350	0.1350	1.54067720e+09
0.0150	0.1350	0.1450	1.58138668e+09
0.0150	0.1450	0.1450	1.34074411e+09
0.0250	0.0250	0.0250	1.47076505e+10
0.0250	0.0250	0.0350	5.11081848e+09
0.0250	0.0250	0.0450	8.32086342e+09
0.0250	0.0250	0.0550	6.46903646e+09
0.0250	0.0350	0.0350	3.72327555e+09
0.0250	0.0350	0.0450	4.64056262e+09
0.0250	0.0350	0.0550	4.88199852e+09
0.0250	0.0350	0.0650	3.44292451e+09
0.0250	0.0450	0.0450	4.76478093e+09
0.0250	0.0450	0.0550	1.66974924e+09
0.0250	0.0450	0.0650	4.43184422e+09
0.0250	0.0450	0.0750	4.56239959e+09
0.0250	0.0550	0.0550	1.26548136e+09
0.0250	0.0550	0.0650	3.31583660e+09
0.0250	0.0550	0.0750	3.31592448e+09
0.0250	0.0550	0.0850	5.44192300e+09
0.0250	0.0650	0.0650	1.42690257e+09
0.0250	0.0650	0.0750	2.32090131e+09
0.0250	0.0650	0.0850	3.58330552e+09
0.0250	0.0650	0.0950	5.98727807e+09
0.0250	0.0750	0.0750	1.56659135e+09
0.0250	0.0750	0.0850	2.12581865e+09
0.0250	0.0750	0.0950	3.05369224e+09
0.0250	0.0750	0.1050	1.02266455e+09
0.0250	0.0850	0.0850	1.97279569e+09
0.0250	0.0850	0.0950	1.92189320e+09
0.0250	0.0850	0.1050	3.03867327e+09
0.0250	0.0850	0.1150	2.61612382e+09
0.0250	0.0950	0.0950	1.05170903e+09
0.0250	0.0950	0.1050	1.33776420e+09
0.0250	0.0950	0.1150	1.76451797e+09
0.0250	0.0950	0.1250	3.56469556e+09
0.0250	0.1050	0.1050	9.06422747e+08
0.0250	0.1050	0.1150	1.81619964e+09
0.0250	0.1050	0.1250	1.89382807e+09
0.0250	0.1050	0.1350	1.82105040e+09
0.0250	0.1150	0.1150	8.38231012e+08
0.0250	0.1150	0.1250	1.08474567e+09
0.0250	0.1150	0.1350	1.62677510e+09
0.0250	0.1150	0.1450	1.66887668e+09
0.0250	0.1250	0.1250	1.61918789e+09
0.0250	0.1250	0.1350	9.99838310e+08
0.0250	0.1250	0.1450	1.62691713e+09
0.0250	0.1350	0.1350	9.88885179e+08
0.0250	0.1350	0.1450	1.06474973e+09
0.0250	0.1450	0.1450	1.00032817e+09
0.0350	0.0350	0.0350	2.82013535e+09
0.0350	0.0350	0.0450	3.67838544e+09
0.0350	0.0350	0.0550	3.22720156e+09
0.0350	0.0350	0.0650	5.83178222e+09
0.0350	0.0350	0.0750	4.76153841e+09
0.0350	0.0450	0.0450	2.54617450e+09
0.0350	0.0450	0.0550	1.10643641e+09
0.0350	0.0450	0.0650	2.59996767e+09
0.0350	0.0450	0.0750	3.41006250e+09
0.0350	0.0450	0.0850	4.96428114e+09
0.0350	0.0550	0.0550	2.75432652e+09
0.0350	0.0550	0.0650	2.22346109e+09
0.0350	0.0550	0.0750	2.69369706e+09
0.0350	0.0550	0.0850	1.96648434e+09
0.0350	0.0550	0.0950	1.98939743e+09
0.0350	0.0650	0.0650	3.04432828e+09
0.0350	0.0650	0.0750	1.43902093e+09
0.0350	0.0650	0.0850	1.37644507e+09
0.0350	0.0650	0.0950	3.75703894e+09
0.0350	0.0650	0.1050	2.82687939e+09
0.0350	0.0750	0.0750	3.75993876e+08
0.0350	0.0750	0.0850	1.80629285e+09
0.0350	0.0750	0.0950	1.56976348e+09
0.0350	0.0750	0.1050	2.15160816e+09
0.0350	0.0750	0.1150	2.61191729e+09
0.0350	0.0850	0.0850	1.51682413e+09
0.0350	0.0850	0.0950	1.50703094e+09
0.0350	0.0850	0.1050	1.08463657e+09
0.0350	0.0850	0.1150	2.39949507e+09
0.0350	0.0850	0.1250	1.58330854e+09
0.0350	0.0950	0.0950	1.49022396e+09
0.0350	0.0950	0.1050	1.12498674e+09
0.0350	0.0950	0.1150	1.16260620e+09
0.0350	0.0950	0.1250	1.70712926e+09
0.0350	0.0950	0.1350	1.77837762e+09
0.0350	0.1050	0.1050	8.15314963e+08
0.0350	0.1050	0.1150	9.22042500e+08
0.0350	0.1050	0.1250	1.12327288e+09
0.0350	0.1050	0.1350	1.54982053e+09
0.0350	0.1050	0.1450	1.58295288e+09
0.0350	0.1150	0.1150	1.06337016e+09
0.0350	0.1150	0.1250	1.03672329e+09
0.0350	0.1150	0.1350	1.07849399e+09
0.0350	0.1150	0.1450	1.71800159e+09
0.0350	0.1250	0.1250	1.40308692e+09
0.0350	0.1250	0.1350	1.01573405e+09
0.0350	0.1250	0.1450	1.07907717e+09
0.0350	0.1350	0.1350	1.28967864e+09
0.0350	0.1350	0.1450	9.45516547e+08
0.0350	0.1450	0.1450	7.25427850e+08
0.0450	0.0450	0.0450	4.48825402e+09
0.0450	0.0450	0.0550	2.66919349e+09
0.0450	0.0450	0.0650	3.03535964e+09
0.0450	0.0450	0.0750	2.15063819e+09
0.0450	0.0450	0.0850	2.89817284e+09
0.0450	0.0450	0.0950	-8.07215572e+08
0.0450	0.0550	0.0550	2.63481725e+09
0.0450	0.0550	0.0650	1.27216606e+09
0.0450	0.0550	0.0750	9.92312677e+08
0.0450	0.0550	0.0850	1.99931274e+09
0.0450	0.0550	0.0950	2.41229280e+09
0.0450	0.0550	0.1050	2.24621326e+09
0.0450	0.0650	0.0650	1.96313237e+09
0.0450	0.0650	0.0750	2.00269407e+09
0.0450	0.0650	0.0850	1.06306512e+09
0.0450	0.0650	0.0950	2.19857889e+09
0.0450	0.0650	0.1050	1.94577143e+09
0.0450	0.0650	0.1150	2.32108143e+09
0.0450	0.0750	0.0750	1.99821594e+09
0.0450	0.0750	0.0850	1.02948915e+09
0.0450	0.0750	0.0950	1.96212609e+09
0.0450	0.0750	0.1050	1.52963693e+09
0.0450	0.0750	0.1150	2.25244517e+09
0.0450	0.0750	0.1250	2.30092976e+09
0.0450	0.0850	0.0850	1.71195320e+09
0.0450	0.0850	0.0950	9.97704248e+08
0.0450	0.0850	0.1050	1.13718442e+09
0.0450	0.0850	0.1150	1.14661480e+09
0.0450	0.0850	0.1250	1.64924610e+09
0.0450	0.0850	0.1350	1.56396916e+09
0.0450	0.0950	0.0950	6.21951676e+08
0.0450	0.0950	0.1050	1.16072409e+09
0.0450	0.0950	0.1150	1.11476961e+09
0.0450	0.0950	0.1250	9.94582859e+08
0.0450	0.0950	0.1350	1.32556117e+09
0.0450	0.0950	0.1450	2.44211700e+09
0.0450	0.1050	0.1050	5.13911553e+08
0.0450	0.1050	0.1150	8.31273893e+08
0.0450	0.1050	0.1250	8.73124916e+08
0.0450	0.1050	0.1350	1.13724713e+09
0.0450	0.1050	0.1450	9.66303735e+08
0.0450	0.1150	0.1150	7.89791320e+08
0.0450	0.1150	0.1250	9.36753130e+08
0.0450	0.1150	0.1350	7.57563578e+08
0.0450	0.1150	0.1450	9.49389069e+08
0.0450	0.1250	0.1250	7.43154360e+08
0.0450	0.1250	0.1350	5.85482362e+08
0.0450	0.1250	0.1450	7.61474826e+08
0.0450	0.1350	0.1350	8.14604143e+08
0.0450	0.1350	0.1450	5.92242464e+08
0.0450	0.1450	0.1450	5.53127541e+08
0.0550	0.0550	0.0550	-1.00001296e+09
0.0550	0.0550	0.0650	1.57098545e+09
0.0550	0.0550	0.0750	1.33621101e+09
0.0550	0.0550	0.0850	9.23293844e+08
0.0550	0.0550	0.0950	2.05089386e+09
0.0550	0.0550	0.1050	2.25894048e+09
0.0550	0.0550	0.1150	2.12405670e+09
0.0550	0.0650	0.0650	1.10563597e+09
0.0550	0.0650	0.0750	1.32555769e+09
0.0550	0.0650	0.0850	1.18020565e+09
0.0550	0.0650	0.0950	1.29259815e+09
0.0550	0.0650	0.1050	1.19777831e+09
0.0550	0.0650	0.1150	1.89893511e+09
0.0550	0.0650	0.1250	2.22252322e+09
0.0550	0.0750	0.0750	1.38168484e+09
0.0550	0.0750	0.0850	1.02235062e+09
0.0550	0.0750	0.0950	1.04244377e+09
0.0550	0.0750	0.1050	1.04415737e+09
0.0550	0.0750	0.1150	1.17648162e+09
0.0550	0.0750	0.1250	1.69811578e+09
0.0550	0.0750	0.1350	1.46393529e+09
0.0550	0.0850	0.0850	7.45417698e+08
0.0550	0.0850	0.0950	8.41609810e+08
0.0550	0.0850	0.1050	9.40381092e+08
0.0550	0.0850	0.1150	1.10945471e+09
0.0550	0.0850	0.1250	1.02895091e+09
0.0550	0.0850	0.1350	1.42119985e+09
0.0550	0.0850	0.1450	1.78706905e+09
0.0550	0.0950	0.0950	1.24300982e+09
0.0550	0.0950	0.1050	7.97875735e+08
0.0550	0.0950	0.1150	1.05338190e+09
0.0550	0.0950	0.1250	9.54521554e+08
0.0550	0.0950	0.1350	9.56033440e+08
0.0550	0.0950	0.1450	1.28016653e+09
0.0550	0.1050	0.1050	7.86781692e+08
0.0550	0.1050	0.1150	6.41136182e+08
0.0550	0.1050	0.1250	6.92992803e+08
0.0550	0.1050	0.1350	8.15607206e+08
0.0550	0.1050	0.1450	7.74153082e+08
0.0550	0.1150	0.1150	1.05239596e+09
0.0550	0.1150	0.1250	7.56159205e+08
0.0550	0.1150	0.1350	6.76310502e+08
0.0550	0.1150	0.1450	8.56639161e+08
0.0550	0.1250	0.1250	6.46291633e+08
0.0550	0.1250	0.1350	8.75852712e+08
0.0550	0.1250	0.1450	7.39294792e+08
0.0550	0.1350	0.1350	5.14655244e+08
0.0550	0.1350	0.1450	4.75969690e+08
0.0550	0.1450	0.1450	6.31981040e+08
0.0650	0.0650	0.0650	1.03284915e+09
0.0650	0.0650	0.0750	1.21817381e+09
0.0650	0.0650	0.0850	1.34232981e+09
0.0650	0.0650	0.0950	9.62595659e+08
0.0650	0.0650	0.1050	1.46050701e+09
0.0650	0.0650	0.1150	1.21734903e+09
0.0650	0.0650	0.1250	1.99846184e+09
0.0650	0.0650	0.1350	1.50957339e+09
0.0650	0.0750	0.0750	8.50858035e+08
0.0650	0.0750	0.0850	1.20385605e+09
0.0650	0.0750	0.0950	1.01765874e+09
0.0650	0.0750	0.1050	1.18069680e+09
0.0650	0.0750	0.1150	1.06371249e+09
0.0650	0.0750	0.1250	1.46113215e+09
0.0650	0.0750	0.1350	1.62500939e+09
0.0650	0.0750	0.1450	1.14654905e+09
0.0650	0.0850	0.0850	1.08503215e+09
0.0650	0.0850	0.0950	7.34905810e+08
0.0650	0.0850	0.1050	7.29903115e+08
0.0650	0.0850	0.1150	1.10359420e+09
0.0650	0.0850	0.1250	9.13554244e+08
0.0650	0.0850	0.1350	1.06183929e+09
0.0650	0.0850	0.1450	1.19865777e+09
0.0650	0.0950	0.0950	8.99498652e+08
0.0650	0.0950	0.1050	9.05788646e+08
0.0650	0.0950	0.1150	1.03604417e+09
0.0650	0.0950	0.1250	7.22197306e+08
0.0650	0.0950	0.1350	9.44208127e+08
0.0650	0.0950	0.1450	8.43622827e+08
0.0650	0.1050	0.1050	4.27161875e+08
0.0650	0.1050	0.1150	6.62535517e+08
0.0650	0.1050	0.1250	6.72832724e+08
0.0650	0.1050	0.1350	7.11192073e+08
0.0650	0.1050	0.1450	7.17924251e+08
0.0650	0.1150	0.1150	5.26063844e+08
0.0650	0.1150	0.1250	8.24274966e+08
0.0650	0.1150	0.1350	7.00751477e+08
0.0650	0.1150	0.1450	6.30152998e+08
0.0650	0.1250	0.1250	6.82779636e+08
0.0650	0.1250	0.1350	4.96480283e+08
0.0650	0.1250	0.1450	6.52494083e+08
0.0650	0.1350	0.1350	6.06833812e+08
0.0650	0.1350	0.1450	5.05314446e+08
0.0650	0.1450	0.1450	5.70870774e+08
0.0750	0.0750	0.0750	1.53625011e+09
0.0750	0.0750	0.0850	1.04383285e+09
0.0750	0.0750	0.0950	5.13048916e+08
0.0750	0.0750	0.1050	6.81314031e+08
0.0750	0.0750	0.1150	8.11383948e+08
0.0750	0.0750	0.1250	8.29554594e+08
0.0750	0.0750	0.1350	9.85168107e+08
0.0750	0.0750	0.1450	1.39999541e+09
0.0750	0.0850	0.0850	8.25010282e+08
0.0750	0.0850	0.0950	1.00469053e+09
0.0750	0.0850	0.1050	9.75415615e+08
0.0750	0.0850	0.1150	7.64811304e+08
0.0750	0.0850	0.1250	9.66500333e+08
0.0750	0.0850	0.1350	7.89815575e+08
0.0750	0.0850	0.1450	9.46881551e+08
0.0750	0.0950	0.0950	3.88278123e+08
0.0750	0.0950	0.1050	7.34721301e+08
0.0750	0.0950	0.1150	6.07629986e+08
0.0750	0.0950	0.1250	8.56734982e+08
0.0750	0.0950	0.1350	7.78435992e+08
0.0750	0.0950	0.1450	7.54913225e+08
0.0750	0.1050	0.1050	5.31881080e+08
0.0750	0.1050	0.1150	6.42655552e+08
0.0750	0.1050	0.1250	6.99741994e+08
0.0750	0.1050	0.1350	7.08232851e+08
0.0750	0.1050	0.1450	5.08556957e+08
0.0750	0.1150	0.1150	5.56644381e+08
0.0750	0.1150	0.1250	6.63587121e+08
0.0750	0.1150	0.1350	4.55386157e+08
0.0750	0.1150	0.1450	6.11741025e+08
0.0750	0.1250	0.1250	5.37681850e+08
0.0750	0.1250	0.1350	5.58777525e+08
0.0750	0.1250	0.1450	5.70826579e+08
0.0750	0.1350	0.1350	5.20962778e+08
0.0750	0.1350	0.1450	3.95465877e+08
0.0750	0.1450	0.1450	5.73813224e+08
0.0850	0.0850	0.0850	1.30473005e+09
0.0850	0.0850	0.0950	4.44927271e+08
0.0850	0.0850	0.1050	5.29422348e+08
0.0850	0.0850	0.1150	9.76652444e+08
0.0850	0.0850	0.1250	5.03160777e+08
0.0850	0.0850	0.1350	8.40028250e+08
0.0850	0.0850	0.1450	7.61946926e+08
0.0850	0.0950	0.0950	8.62190971e+08
0.0850	0.0950	0.1050	4.78583560e+08
0.0850	0.0950	0.1150	7.38164019e+08
0.0850	0.0950	0.1250	6.05360660e+08
0.0850	0.0950	0.1350	5.76326786e+08
0.0850	0.0950	0.1450	6.25594590e+08
0.0850	0.1050	0.1050	8.70968729e+08
0.0850	0.1050	0.1150	3.37424978e+08
0.0850	0.1050	0.1250	6.75170129e+08
0.0850	0.1050	0.1350	5.08349617e+08
0.0850	0.1050	0.1450	7.30392095e+08
0.0850	0.1150	0.1150	8.66197292e+08
0.0850	0.1150	0.1250	5.27252531e+08
0.0850	0.1150	0.1350	5.79063604e+08
0.0850	0.1150	0.1450	4.71946603e+08
0.0850	0.1250	0.1250	4.89057896e+08
0.0850	0.1250	0.1350	6.02243360e+08
0.0850	0.1250	0.1450	5.31016106e+08
0.0850	0.1350	0.1350	4.89478843e+08
0.0850	0.1350	0.1450	4.18176608e+08
0.0850	0.1450	0.1450	4.78789546e+08
0.0950	0.0950	0.0950	7.47198715e+08
0.0950	0.0950	0.1050	4.90828812e+08
0.0950	0.0950	0.1150	2.84946230e+08
0.0950	0.0950	0.1250	4.57950043e+08
0.0950	0.0950	0.1350	4.85980604e+08
0.0950	0.0950	0.1450	4.59669686e+08
0.0950	0.1050	0.1050	2.22344526e+08
0.0950	0.1050	0.1150	5.21488243e+08
0.0950	0.1050	0.1250	5.71174647e+08
0.0950	0.1050	0.1350	4.97323358e+08
0.0950	0.1050	0.1450	4.67942547e+08
0.0950	0.1150	0.1150	6.02300937e+08
0.0950	0.1150	0.1250	5.18662966e+08
0.0950	0.1150	0.1350	3.99234372e+08
0.0950	0.1150	0.1450	4.05194676e+08
0.0950	0.1250	0.1250	5.68969901e+08
0.0950	0.1250	0.1350	3.50663739e+08
0.0950	0.1250	0.1450	5.19460295e+08
0.0950	0.1350	0.1350	5.02155300e+08
0.0950	0.1350	0.1450	4.85010355e+08
0.0950	0.1450	0.1450	3.36822779e+08
0.1050	0.1050	0.1050	5.48076126e+08
0.1050	0.1050	0.1150	6.21357602e+08
0.1050	0.1050	0.1250	4.28213616e+08
0.1050	0.1050	0.1350	4.35766812e+08
0.1050	0.1050	0.1450	3.26843455e+08
0.1050	0.1150	0.1150	4.70408509e+08
0.1050	0.1150	0.1250	4.03659710e+08
0.1050	0.1150	0.1350	3.86987021e+08
0.1050	0.1150	0.1450	5.04830071e+08
0.1050	0.1250	0.1250	3.83946552e+08
0.1050	0.1250	0.1350	3.21330110e+08
0.1050	0.1250	0.1450	3.42234339e+08
0.1050	0.1350	0.1350	3.79802001e+08
0.1050	0.1350	0.1450	3.73032796e+08
0.1050	0.1450	0.1450	3.67949230e+08
0.1150	0.1150	0.1150	3.29387858e+08
0.1150	0.1150	0.1250	4.76237656e+08
0.1150	0.1150	0.1350	5.59068514e+08
0.1150	0.1150	0.1450	4.08953376e+08
0.1150	0.1250	0.1250	5.25980318e+08
0.1150	0.1250	0.1350	3.45222631e+08
0.1150	0.1250	0.1450	3.89512971e+08
0.1150	0.1350	0.1350	4.71541589e+08
0.1150	0.1350	0.1450	2.94962465e+08
0.1150	0.1450	0.1450	3.48017387e+08
0.1250	0.1250	0.1250	3.14911825e+08
0.1250	0.1250	0.1350	3.90229711e+08
0.1250	0.1250	0.1450	3.60830763e+08
0.1250	0.1350	0.1350	3.29085008e+08
0.1250	0.1350	0.1450	2.72575419e+08
0.1250	0.1450	0.1450	3.96490840e+08
0.1350	0.1350	0.1350	2.67980573e+08
0.1350	0.1350	0.1450	3.12656739e+08
0.1350	0.1450	0.1450	2.84579617e+08
0.1450	0.1450	0.1450	2.42266282e+08
