####### Bispectrum of Patchy Simulation 375 #############
# Patch: ngc
# z-type: z1
# Weights: fkp
# Fiducial Omega_m: 0.310
# Fiducial h: 0.676
# Boxsize: [1350.0, 2450.0, 1400.0]
# Grid: [126, 230, 130]
# k-binning: [0.000, 0.160, 0.010]
# Monte Carlo Simulations: 100
#
# Format: k1 | k2 | k3 | B(k1,k2,k3)
############################################
0.0150	0.0150	0.0150	1.31625437e+10
0.0150	0.0150	0.0250	9.18709097e+09
0.0150	0.0150	0.0350	-1.51086429e+10
0.0150	0.0250	0.0250	2.87098169e+07
0.0150	0.0250	0.0350	6.67350113e+09
0.0150	0.0250	0.0450	1.51887385e+10
0.0150	0.0350	0.0350	2.96284229e+09
0.0150	0.0350	0.0450	4.27683942e+09
0.0150	0.0350	0.0550	4.49272369e+09
0.0150	0.0450	0.0450	-7.17766719e+08
0.0150	0.0450	0.0550	6.33557871e+09
0.0150	0.0450	0.0650	2.27181470e+09
0.0150	0.0550	0.0550	3.18737373e+09
0.0150	0.0550	0.0650	4.56224205e+09
0.0150	0.0550	0.0750	8.73281016e+09
0.0150	0.0650	0.0650	4.40649415e+09
0.0150	0.0650	0.0750	3.46559594e+09
0.0150	0.0650	0.0850	5.91127269e+09
0.0150	0.0750	0.0750	3.27820043e+09
0.0150	0.0750	0.0850	2.85058558e+09
0.0150	0.0750	0.0950	2.22745458e+09
0.0150	0.0850	0.0850	1.87360106e+09
0.0150	0.0850	0.0950	2.42917874e+09
0.0150	0.0850	0.1050	4.40370526e+09
0.0150	0.0950	0.0950	8.54528288e+08
0.0150	0.0950	0.1050	2.59818914e+09
0.0150	0.0950	0.1150	1.94810872e+09
0.0150	0.1050	0.1050	1.74760102e+09
0.0150	0.1050	0.1150	1.36217967e+09
0.0150	0.1050	0.1250	2.66381202e+09
0.0150	0.1150	0.1150	1.55698550e+09
0.0150	0.1150	0.1250	7.05502335e+08
0.0150	0.1150	0.1350	1.67280017e+09
0.0150	0.1250	0.1250	1.47953117e+09
0.0150	0.1250	0.1350	9.57519686e+08
0.0150	0.1250	0.1450	1.59211214e+09
0.0150	0.1350	0.1350	1.46341072e+09
0.0150	0.1350	0.1450	1.28134388e+09
0.0150	0.1450	0.1450	7.07137919e+08
0.0250	0.0250	0.0250	-3.66344852e+09
0.0250	0.0250	0.0350	6.83887140e+09
0.0250	0.0250	0.0450	8.06209252e+09
0.0250	0.0250	0.0550	1.41853548e+10
0.0250	0.0350	0.0350	2.80414339e+09
0.0250	0.0350	0.0450	3.15069570e+09
0.0250	0.0350	0.0550	6.31401942e+09
0.0250	0.0350	0.0650	3.12283982e+09
0.0250	0.0450	0.0450	4.49639547e+09
0.0250	0.0450	0.0550	3.54955964e+09
0.0250	0.0450	0.0650	4.64159110e+09
0.0250	0.0450	0.0750	6.57620650e+09
0.0250	0.0550	0.0550	1.08994221e+09
0.0250	0.0550	0.0650	3.59763511e+09
0.0250	0.0550	0.0750	3.00712361e+09
0.0250	0.0550	0.0850	1.26953208e+09
0.0250	0.0650	0.0650	2.21054463e+09
0.0250	0.0650	0.0750	3.32292662e+09
0.0250	0.0650	0.0850	2.22488764e+09
0.0250	0.0650	0.0950	3.66171613e+09
0.0250	0.0750	0.0750	1.60405233e+09
0.0250	0.0750	0.0850	2.25925445e+09
0.0250	0.0750	0.0950	2.54410514e+09
0.0250	0.0750	0.1050	4.27772376e+09
0.0250	0.0850	0.0850	1.76690711e+09
0.0250	0.0850	0.0950	1.69620401e+09
0.0250	0.0850	0.1050	1.75942750e+09
0.0250	0.0850	0.1150	3.59499638e+09
0.0250	0.0950	0.0950	1.45376526e+09
0.0250	0.0950	0.1050	1.57853228e+09
0.0250	0.0950	0.1150	2.13314125e+09
0.0250	0.0950	0.1250	2.21468848e+09
0.0250	0.1050	0.1050	1.08499412e+09
0.0250	0.1050	0.1150	1.37184920e+09
0.0250	0.1050	0.1250	2.10492985e+09
0.0250	0.1050	0.1350	1.84906563e+09
0.0250	0.1150	0.1150	4.57121621e+08
0.0250	0.1150	0.1250	1.76990307e+09
0.0250	0.1150	0.1350	1.66048843e+09
0.0250	0.1150	0.1450	1.81330602e+09
0.0250	0.1250	0.1250	1.11700858e+09
0.0250	0.1250	0.1350	1.34443251e+09
0.0250	0.1250	0.1450	1.49808248e+09
0.0250	0.1350	0.1350	1.21633441e+09
0.0250	0.1350	0.1450	1.05209049e+09
0.0250	0.1450	0.1450	6.06445874e+08
0.0350	0.0350	0.0350	8.38777081e+07
0.0350	0.0350	0.0450	4.94259311e+09
0.0350	0.0350	0.0550	4.07919113e+09
0.0350	0.0350	0.0650	4.85707675e+09
0.0350	0.0350	0.0750	6.42997088e+09
0.0350	0.0450	0.0450	4.51880234e+09
0.0350	0.0450	0.0550	3.64196538e+09
0.0350	0.0450	0.0650	2.21654670e+09
0.0350	0.0450	0.0750	4.37826524e+09
0.0350	0.0450	0.0850	4.29323120e+09
0.0350	0.0550	0.0550	3.07568631e+08
0.0350	0.0550	0.0650	2.74656555e+09
0.0350	0.0550	0.0750	2.17072203e+09
0.0350	0.0550	0.0850	3.96397775e+09
0.0350	0.0550	0.0950	5.12862732e+09
0.0350	0.0650	0.0650	1.94148574e+09
0.0350	0.0650	0.0750	1.28730161e+09
0.0350	0.0650	0.0850	2.66527939e+09
0.0350	0.0650	0.0950	3.04387675e+09
0.0350	0.0650	0.1050	2.40918884e+09
0.0350	0.0750	0.0750	2.12867221e+09
0.0350	0.0750	0.0850	1.65637321e+09
0.0350	0.0750	0.0950	2.38526862e+09
0.0350	0.0750	0.1050	2.27548003e+09
0.0350	0.0750	0.1150	3.20594296e+09
0.0350	0.0850	0.0850	1.14711282e+09
0.0350	0.0850	0.0950	1.55173365e+09
0.0350	0.0850	0.1050	1.70125330e+09
0.0350	0.0850	0.1150	1.71409314e+09
0.0350	0.0850	0.1250	1.23199110e+09
0.0350	0.0950	0.0950	1.46387268e+09
0.0350	0.0950	0.1050	1.22280254e+09
0.0350	0.0950	0.1150	1.39475992e+09
0.0350	0.0950	0.1250	1.43150207e+09
0.0350	0.0950	0.1350	2.13938490e+09
0.0350	0.1050	0.1050	1.03950893e+09
0.0350	0.1050	0.1150	1.13329774e+09
0.0350	0.1050	0.1250	1.23972621e+09
0.0350	0.1050	0.1350	1.63909062e+09
0.0350	0.1050	0.1450	1.77783120e+09
0.0350	0.1150	0.1150	9.49444935e+08
0.0350	0.1150	0.1250	9.88215128e+08
0.0350	0.1150	0.1350	1.01951748e+09
0.0350	0.1150	0.1450	1.22036084e+09
0.0350	0.1250	0.1250	9.62917532e+08
0.0350	0.1250	0.1350	8.23098730e+08
0.0350	0.1250	0.1450	1.06384299e+09
0.0350	0.1350	0.1350	5.43144011e+08
0.0350	0.1350	0.1450	7.80956947e+08
0.0350	0.1450	0.1450	6.53447023e+08
0.0450	0.0450	0.0450	6.04014351e+09
0.0450	0.0450	0.0550	1.80984401e+09
0.0450	0.0450	0.0650	1.25175853e+09
0.0450	0.0450	0.0750	1.78665729e+09
0.0450	0.0450	0.0850	3.37193043e+09
0.0450	0.0450	0.0950	1.13895607e+09
0.0450	0.0550	0.0550	3.12866243e+09
0.0450	0.0550	0.0650	3.46851492e+09
0.0450	0.0550	0.0750	1.69672373e+09
0.0450	0.0550	0.0850	2.69095977e+09
0.0450	0.0550	0.0950	2.39424335e+09
0.0450	0.0550	0.1050	3.33014274e+09
0.0450	0.0650	0.0650	1.85849603e+09
0.0450	0.0650	0.0750	1.17684764e+09
0.0450	0.0650	0.0850	1.69063748e+09
0.0450	0.0650	0.0950	2.07387922e+09
0.0450	0.0650	0.1050	2.90730238e+09
0.0450	0.0650	0.1150	2.90828547e+09
0.0450	0.0750	0.0750	8.98120004e+08
0.0450	0.0750	0.0850	1.13363120e+09
0.0450	0.0750	0.0950	1.22788258e+09
0.0450	0.0750	0.1050	1.54817015e+09
0.0450	0.0750	0.1150	1.89347655e+09
0.0450	0.0750	0.1250	2.14169038e+09
0.0450	0.0850	0.0850	7.22996885e+08
0.0450	0.0850	0.0950	1.09824103e+09
0.0450	0.0850	0.1050	1.12262419e+09
0.0450	0.0850	0.1150	1.23132293e+09
0.0450	0.0850	0.1250	1.57410207e+09
0.0450	0.0850	0.1350	1.23371409e+09
0.0450	0.0950	0.0950	6.60202384e+08
0.0450	0.0950	0.1050	9.90214052e+08
0.0450	0.0950	0.1150	1.20787172e+09
0.0450	0.0950	0.1250	1.38745784e+09
0.0450	0.0950	0.1350	1.57994681e+09
0.0450	0.0950	0.1450	1.44326545e+09
0.0450	0.1050	0.1050	1.21451306e+09
0.0450	0.1050	0.1150	5.95201462e+08
0.0450	0.1050	0.1250	1.12881875e+09
0.0450	0.1050	0.1350	9.67581439e+08
0.0450	0.1050	0.1450	1.44380643e+09
0.0450	0.1150	0.1150	6.93940578e+08
0.0450	0.1150	0.1250	7.70672851e+08
0.0450	0.1150	0.1350	7.99826464e+08
0.0450	0.1150	0.1450	9.17704242e+08
0.0450	0.1250	0.1250	8.00027255e+08
0.0450	0.1250	0.1350	7.98125866e+08
0.0450	0.1250	0.1450	7.75331355e+08
0.0450	0.1350	0.1350	5.70553102e+08
0.0450	0.1350	0.1450	7.06656825e+08
0.0450	0.1450	0.1450	5.86374017e+08
0.0550	0.0550	0.0550	2.34978975e+09
0.0550	0.0550	0.0650	1.30175653e+09
0.0550	0.0550	0.0750	1.10531275e+09
0.0550	0.0550	0.0850	2.11739967e+09
0.0550	0.0550	0.0950	1.94484751e+09
0.0550	0.0550	0.1050	2.50681158e+09
0.0550	0.0550	0.1150	3.58364028e+09
0.0550	0.0650	0.0650	1.71876564e+09
0.0550	0.0650	0.0750	1.20784157e+09
0.0550	0.0650	0.0850	9.18520208e+08
0.0550	0.0650	0.0950	1.89962996e+09
0.0550	0.0650	0.1050	1.92014604e+09
0.0550	0.0650	0.1150	2.04206602e+09
0.0550	0.0650	0.1250	1.97900898e+09
0.0550	0.0750	0.0750	1.10900870e+09
0.0550	0.0750	0.0850	1.30218784e+09
0.0550	0.0750	0.0950	8.47804610e+08
0.0550	0.0750	0.1050	1.16895864e+09
0.0550	0.0750	0.1150	1.31459201e+09
0.0550	0.0750	0.1250	1.62253265e+09
0.0550	0.0750	0.1350	2.53091199e+09
0.0550	0.0850	0.0850	1.05727133e+09
0.0550	0.0850	0.0950	1.11751184e+09
0.0550	0.0850	0.1050	1.40695206e+09
0.0550	0.0850	0.1150	1.21022138e+09
0.0550	0.0850	0.1250	1.31667386e+09
0.0550	0.0850	0.1350	1.67981137e+09
0.0550	0.0850	0.1450	1.46182039e+09
0.0550	0.0950	0.0950	1.39841923e+09
0.0550	0.0950	0.1050	9.64342957e+08
0.0550	0.0950	0.1150	5.82822850e+08
0.0550	0.0950	0.1250	9.97567338e+08
0.0550	0.0950	0.1350	8.70721213e+08
0.0550	0.0950	0.1450	9.97438978e+08
0.0550	0.1050	0.1050	8.76295846e+08
0.0550	0.1050	0.1150	7.36415567e+08
0.0550	0.1050	0.1250	7.47298207e+08
0.0550	0.1050	0.1350	8.18311801e+08
0.0550	0.1050	0.1450	1.02768004e+09
0.0550	0.1150	0.1150	8.48113343e+08
0.0550	0.1150	0.1250	7.37258934e+08
0.0550	0.1150	0.1350	6.70158222e+08
0.0550	0.1150	0.1450	7.64728041e+08
0.0550	0.1250	0.1250	5.90948731e+08
0.0550	0.1250	0.1350	5.77597912e+08
0.0550	0.1250	0.1450	6.61350211e+08
0.0550	0.1350	0.1350	5.75045465e+08
0.0550	0.1350	0.1450	5.25853952e+08
0.0550	0.1450	0.1450	4.29297859e+08
0.0650	0.0650	0.0650	1.89674744e+09
0.0650	0.0650	0.0750	1.13144245e+09
0.0650	0.0650	0.0850	1.04953715e+09
0.0650	0.0650	0.0950	1.46103063e+09
0.0650	0.0650	0.1050	1.21763871e+09
0.0650	0.0650	0.1150	1.32578825e+09
0.0650	0.0650	0.1250	1.76906225e+09
0.0650	0.0650	0.1350	3.11706782e+09
0.0650	0.0750	0.0750	9.65112006e+08
0.0650	0.0750	0.0850	1.21497312e+09
0.0650	0.0750	0.0950	9.35525337e+08
0.0650	0.0750	0.1050	9.99181626e+08
0.0650	0.0750	0.1150	1.13953957e+09
0.0650	0.0750	0.1250	1.24207061e+09
0.0650	0.0750	0.1350	1.27667629e+09
0.0650	0.0750	0.1450	9.35125800e+08
0.0650	0.0850	0.0850	1.04434480e+09
0.0650	0.0850	0.0950	6.90990794e+08
0.0650	0.0850	0.1050	9.75763821e+08
0.0650	0.0850	0.1150	7.35919160e+08
0.0650	0.0850	0.1250	1.06937060e+09
0.0650	0.0850	0.1350	1.28609767e+09
0.0650	0.0850	0.1450	1.30688158e+09
0.0650	0.0950	0.0950	5.74443202e+08
0.0650	0.0950	0.1050	1.01760224e+09
0.0650	0.0950	0.1150	5.48109797e+08
0.0650	0.0950	0.1250	7.56228439e+08
0.0650	0.0950	0.1350	7.68337574e+08
0.0650	0.0950	0.1450	1.00496055e+09
0.0650	0.1050	0.1050	7.05501100e+08
0.0650	0.1050	0.1150	6.68217042e+08
0.0650	0.1050	0.1250	7.94402738e+08
0.0650	0.1050	0.1350	6.12020499e+08
0.0650	0.1050	0.1450	7.22750254e+08
0.0650	0.1150	0.1150	5.59347642e+08
0.0650	0.1150	0.1250	5.71045076e+08
0.0650	0.1150	0.1350	6.60608724e+08
0.0650	0.1150	0.1450	5.83203509e+08
0.0650	0.1250	0.1250	6.57459167e+08
0.0650	0.1250	0.1350	5.89020081e+08
0.0650	0.1250	0.1450	6.09453407e+08
0.0650	0.1350	0.1350	4.90857630e+08
0.0650	0.1350	0.1450	4.92085211e+08
0.0650	0.1450	0.1450	5.85308942e+08
0.0750	0.0750	0.0750	1.70128344e+09
0.0750	0.0750	0.0850	1.06845082e+09
0.0750	0.0750	0.0950	9.32376374e+08
0.0750	0.0750	0.1050	7.45859180e+08
0.0750	0.0750	0.1150	9.67910212e+08
0.0750	0.0750	0.1250	1.18241313e+09
0.0750	0.0750	0.1350	1.28185340e+09
0.0750	0.0750	0.1450	7.78651735e+08
0.0750	0.0850	0.0850	8.08533820e+08
0.0750	0.0850	0.0950	6.92247717e+08
0.0750	0.0850	0.1050	7.90902549e+08
0.0750	0.0850	0.1150	7.75408097e+08
0.0750	0.0850	0.1250	7.39138581e+08
0.0750	0.0850	0.1350	8.70737491e+08
0.0750	0.0850	0.1450	8.39480408e+08
0.0750	0.0950	0.0950	1.03451618e+09
0.0750	0.0950	0.1050	6.68258720e+08
0.0750	0.0950	0.1150	7.30409898e+08
0.0750	0.0950	0.1250	5.35843851e+08
0.0750	0.0950	0.1350	6.18072346e+08
0.0750	0.0950	0.1450	6.76703341e+08
0.0750	0.1050	0.1050	5.12070350e+08
0.0750	0.1050	0.1150	5.50329324e+08
0.0750	0.1050	0.1250	4.79146184e+08
0.0750	0.1050	0.1350	6.86159005e+08
0.0750	0.1050	0.1450	6.44761388e+08
0.0750	0.1150	0.1150	5.54435114e+08
0.0750	0.1150	0.1250	4.92158969e+08
0.0750	0.1150	0.1350	5.36279891e+08
0.0750	0.1150	0.1450	4.81858418e+08
0.0750	0.1250	0.1250	5.27166696e+08
0.0750	0.1250	0.1350	5.01651991e+08
0.0750	0.1250	0.1450	6.23725060e+08
0.0750	0.1350	0.1350	4.63880376e+08
0.0750	0.1350	0.1450	3.96313931e+08
0.0750	0.1450	0.1450	4.22448889e+08
0.0850	0.0850	0.0850	1.58862969e+09
0.0850	0.0850	0.0950	4.62245539e+08
0.0850	0.0850	0.1050	7.31358346e+08
0.0850	0.0850	0.1150	5.35719441e+08
0.0850	0.0850	0.1250	4.20221842e+08
0.0850	0.0850	0.1350	6.76675836e+08
0.0850	0.0850	0.1450	5.39885983e+08
0.0850	0.0950	0.0950	3.68714492e+08
0.0850	0.0950	0.1050	6.44647383e+08
0.0850	0.0950	0.1150	5.38916424e+08
0.0850	0.0950	0.1250	5.87966085e+08
0.0850	0.0950	0.1350	6.13867814e+08
0.0850	0.0950	0.1450	6.41232009e+08
0.0850	0.1050	0.1050	4.62571772e+08
0.0850	0.1050	0.1150	5.61648781e+08
0.0850	0.1050	0.1250	4.69172225e+08
0.0850	0.1050	0.1350	4.70184389e+08
0.0850	0.1050	0.1450	4.45535904e+08
0.0850	0.1150	0.1150	3.25213490e+08
0.0850	0.1150	0.1250	3.68540240e+08
0.0850	0.1150	0.1350	5.29192390e+08
0.0850	0.1150	0.1450	3.56194396e+08
0.0850	0.1250	0.1250	4.35138756e+08
0.0850	0.1250	0.1350	3.92885935e+08
0.0850	0.1250	0.1450	3.76737719e+08
0.0850	0.1350	0.1350	5.10359286e+08
0.0850	0.1350	0.1450	4.46185046e+08
0.0850	0.1450	0.1450	3.73478029e+08
0.0950	0.0950	0.0950	1.02013669e+09
0.0950	0.0950	0.1050	2.78698653e+08
0.0950	0.0950	0.1150	4.79347475e+08
0.0950	0.0950	0.1250	4.90281181e+08
0.0950	0.0950	0.1350	5.79681873e+08
0.0950	0.0950	0.1450	5.33286336e+08
0.0950	0.1050	0.1050	6.49979823e+08
0.0950	0.1050	0.1150	3.59046592e+08
0.0950	0.1050	0.1250	4.22780067e+08
0.0950	0.1050	0.1350	3.72993133e+08
0.0950	0.1050	0.1450	4.98659688e+08
0.0950	0.1150	0.1150	4.63353806e+08
0.0950	0.1150	0.1250	3.46481264e+08
0.0950	0.1150	0.1350	3.62407152e+08
0.0950	0.1150	0.1450	4.19248463e+08
0.0950	0.1250	0.1250	3.82295167e+08
0.0950	0.1250	0.1350	4.35883334e+08
0.0950	0.1250	0.1450	3.98989341e+08
0.0950	0.1350	0.1350	3.96049799e+08
0.0950	0.1350	0.1450	2.69339117e+08
0.0950	0.1450	0.1450	4.20508589e+08
0.1050	0.1050	0.1050	4.64512267e+08
0.1050	0.1050	0.1150	4.56497179e+08
0.1050	0.1050	0.1250	3.23753936e+08
0.1050	0.1050	0.1350	5.18078765e+08
0.1050	0.1050	0.1450	2.89235947e+08
0.1050	0.1150	0.1150	4.37737100e+08
0.1050	0.1150	0.1250	3.43713835e+08
0.1050	0.1150	0.1350	3.58096686e+08
0.1050	0.1150	0.1450	3.54614547e+08
0.1050	0.1250	0.1250	3.27800686e+08
0.1050	0.1250	0.1350	3.36563862e+08
0.1050	0.1250	0.1450	3.95873191e+08
0.1050	0.1350	0.1350	2.72741264e+08
0.1050	0.1350	0.1450	3.11056284e+08
0.1050	0.1450	0.1450	2.72233111e+08
0.1150	0.1150	0.1150	2.83947942e+08
0.1150	0.1150	0.1250	2.56617951e+08
0.1150	0.1150	0.1350	3.62718960e+08
0.1150	0.1150	0.1450	2.90614803e+08
0.1150	0.1250	0.1250	3.23804719e+08
0.1150	0.1250	0.1350	3.11176795e+08
0.1150	0.1250	0.1450	3.07334810e+08
0.1150	0.1350	0.1350	3.95354618e+08
0.1150	0.1350	0.1450	2.85877438e+08
0.1150	0.1450	0.1450	2.65817299e+08
0.1250	0.1250	0.1250	3.27712115e+08
0.1250	0.1250	0.1350	2.19166248e+08
0.1250	0.1250	0.1450	2.37785078e+08
0.1250	0.1350	0.1350	3.44914527e+08
0.1250	0.1350	0.1450	2.04684905e+08
0.1250	0.1450	0.1450	2.65990705e+08
0.1350	0.1350	0.1350	3.34145652e+08
0.1350	0.1350	0.1450	1.80632619e+08
0.1350	0.1450	0.1450	2.92258466e+08
0.1450	0.1450	0.1450	8.22134382e+07
