####### Bispectrum of Patchy Simulation 318 #############
# Patch: sgc
# z-type: z3
# Weights: fkp
# Fiducial Omega_m: 0.310
# Fiducial h: 0.676
# Boxsize: [1000.0, 2600.0, 1500.0]
# Grid: [95, 250, 140]
# k-binning: [0.000, 0.160, 0.010]
# Monte Carlo Simulations: 100
#
# Format: k1 | k2 | k3 | B(k1,k2,k3)
############################################
0.0150	0.0150	0.0150	-4.46088021e+10
0.0150	0.0150	0.0250	2.98591513e+10
0.0150	0.0150	0.0350	7.43259277e+09
0.0150	0.0250	0.0250	2.44866686e+10
0.0150	0.0250	0.0350	1.60539081e+10
0.0150	0.0250	0.0450	2.20025214e+10
0.0150	0.0350	0.0350	-5.24894562e+09
0.0150	0.0350	0.0450	1.58458705e+10
0.0150	0.0350	0.0550	-6.63921615e+08
0.0150	0.0450	0.0450	-5.17865510e+09
0.0150	0.0450	0.0550	5.29980193e+09
0.0150	0.0450	0.0650	1.24920625e+10
0.0150	0.0550	0.0550	5.51396236e+09
0.0150	0.0550	0.0650	6.97440446e+09
0.0150	0.0550	0.0750	6.39177749e+09
0.0150	0.0650	0.0650	6.10818673e+09
0.0150	0.0650	0.0750	1.17469228e+09
0.0150	0.0650	0.0850	8.70474077e+09
0.0150	0.0750	0.0750	7.45977292e+09
0.0150	0.0750	0.0850	5.07354346e+09
0.0150	0.0750	0.0950	2.17109230e+09
0.0150	0.0850	0.0850	1.97787585e+09
0.0150	0.0850	0.0950	2.04226290e+09
0.0150	0.0850	0.1050	9.06735566e+09
0.0150	0.0950	0.0950	4.68226303e+09
0.0150	0.0950	0.1050	1.86726618e+09
0.0150	0.0950	0.1150	8.41542773e+09
0.0150	0.1050	0.1050	3.43800614e+09
0.0150	0.1050	0.1150	2.62100972e+09
0.0150	0.1050	0.1250	3.67751883e+09
0.0150	0.1150	0.1150	2.22318046e+09
0.0150	0.1150	0.1250	5.91389946e+08
0.0150	0.1150	0.1350	3.88826261e+09
0.0150	0.1250	0.1250	2.59663327e+09
0.0150	0.1250	0.1350	1.64398683e+09
0.0150	0.1250	0.1450	3.62238725e+09
0.0150	0.1350	0.1350	2.04054793e+09
0.0150	0.1350	0.1450	1.52896046e+09
0.0150	0.1450	0.1450	8.65107753e+08
0.0250	0.0250	0.0250	5.45409869e+09
0.0250	0.0250	0.0350	-3.65277670e+09
0.0250	0.0250	0.0450	2.98934294e+09
0.0250	0.0250	0.0550	1.81939305e+10
0.0250	0.0350	0.0350	4.23902726e+08
0.0250	0.0350	0.0450	6.19967241e+09
0.0250	0.0350	0.0550	2.05805692e+09
0.0250	0.0350	0.0650	4.60219144e+09
0.0250	0.0450	0.0450	6.69177817e+09
0.0250	0.0450	0.0550	3.54273556e+09
0.0250	0.0450	0.0650	4.43909147e+09
0.0250	0.0450	0.0750	7.70499447e+09
0.0250	0.0550	0.0550	4.02720899e+09
0.0250	0.0550	0.0650	2.16241341e+09
0.0250	0.0550	0.0750	4.79168609e+09
0.0250	0.0550	0.0850	6.96456231e+08
0.0250	0.0650	0.0650	2.35549785e+09
0.0250	0.0650	0.0750	5.63723849e+09
0.0250	0.0650	0.0850	4.35457715e+09
0.0250	0.0650	0.0950	4.88674651e+09
0.0250	0.0750	0.0750	2.79282470e+09
0.0250	0.0750	0.0850	3.14078608e+09
0.0250	0.0750	0.0950	5.20640773e+09
0.0250	0.0750	0.1050	3.55170749e+09
0.0250	0.0850	0.0850	4.15363917e+09
0.0250	0.0850	0.0950	1.90732628e+09
0.0250	0.0850	0.1050	2.92621786e+09
0.0250	0.0850	0.1150	4.89997216e+09
0.0250	0.0950	0.0950	3.88413860e+08
0.0250	0.0950	0.1050	2.81024069e+09
0.0250	0.0950	0.1150	2.66098294e+09
0.0250	0.0950	0.1250	2.33623955e+09
0.0250	0.1050	0.1050	1.75190756e+09
0.0250	0.1050	0.1150	1.59609148e+09
0.0250	0.1050	0.1250	1.99977144e+09
0.0250	0.1050	0.1350	1.84314940e+09
0.0250	0.1150	0.1150	7.85836721e+08
0.0250	0.1150	0.1250	1.43061696e+09
0.0250	0.1150	0.1350	2.63413652e+09
0.0250	0.1150	0.1450	2.72855123e+09
0.0250	0.1250	0.1250	2.36312775e+09
0.0250	0.1250	0.1350	1.36231005e+09
0.0250	0.1250	0.1450	2.47089441e+09
0.0250	0.1350	0.1350	1.23484640e+09
0.0250	0.1350	0.1450	1.55883706e+09
0.0250	0.1450	0.1450	1.87147215e+09
0.0350	0.0350	0.0350	1.67075160e+10
0.0350	0.0350	0.0450	-4.67755565e+09
0.0350	0.0350	0.0550	6.86921351e+08
0.0350	0.0350	0.0650	5.56487039e+09
0.0350	0.0350	0.0750	6.37554150e+09
0.0350	0.0450	0.0450	2.07127731e+09
0.0350	0.0450	0.0550	-4.68430864e+08
0.0350	0.0450	0.0650	2.69079027e+09
0.0350	0.0450	0.0750	3.30339172e+09
0.0350	0.0450	0.0850	3.09179673e+09
0.0350	0.0550	0.0550	2.29232407e+09
0.0350	0.0550	0.0650	2.72457135e+09
0.0350	0.0550	0.0750	1.10635802e+09
0.0350	0.0550	0.0850	3.42625850e+09
0.0350	0.0550	0.0950	5.24164047e+09
0.0350	0.0650	0.0650	1.20808552e+09
0.0350	0.0650	0.0750	1.69433844e+09
0.0350	0.0650	0.0850	8.40416338e+08
0.0350	0.0650	0.0950	2.31794726e+09
0.0350	0.0650	0.1050	5.98860787e+09
0.0350	0.0750	0.0750	1.07061475e+09
0.0350	0.0750	0.0850	7.64918362e+08
0.0350	0.0750	0.0950	1.74082035e+09
0.0350	0.0750	0.1050	1.18349301e+09
0.0350	0.0750	0.1150	3.87266381e+09
0.0350	0.0850	0.0850	9.25375497e+08
0.0350	0.0850	0.0950	2.44549966e+09
0.0350	0.0850	0.1050	1.69614275e+09
0.0350	0.0850	0.1150	2.29381919e+09
0.0350	0.0850	0.1250	2.08642708e+09
0.0350	0.0950	0.0950	7.70903343e+08
0.0350	0.0950	0.1050	1.16603877e+09
0.0350	0.0950	0.1150	1.46618323e+09
0.0350	0.0950	0.1250	1.11786119e+09
0.0350	0.0950	0.1350	3.30600726e+09
0.0350	0.1050	0.1050	1.87458838e+09
0.0350	0.1050	0.1150	1.31622489e+09
0.0350	0.1050	0.1250	1.67169614e+09
0.0350	0.1050	0.1350	1.45489175e+09
0.0350	0.1050	0.1450	2.31056426e+09
0.0350	0.1150	0.1150	1.27362740e+09
0.0350	0.1150	0.1250	9.33501979e+08
0.0350	0.1150	0.1350	7.48262127e+08
0.0350	0.1150	0.1450	5.81957309e+08
0.0350	0.1250	0.1250	9.55485487e+08
0.0350	0.1250	0.1350	1.06549118e+09
0.0350	0.1250	0.1450	1.17840814e+09
0.0350	0.1350	0.1350	1.11357573e+09
0.0350	0.1350	0.1450	6.83409596e+08
0.0350	0.1450	0.1450	6.30799545e+08
0.0450	0.0450	0.0450	1.25209221e+09
0.0450	0.0450	0.0550	2.43595269e+09
0.0450	0.0450	0.0650	3.00002814e+09
0.0450	0.0450	0.0750	3.10162333e+09
0.0450	0.0450	0.0850	-1.29140113e+08
0.0450	0.0450	0.0950	4.85510424e+09
0.0450	0.0550	0.0550	3.02585168e+09
0.0450	0.0550	0.0650	2.47131922e+09
0.0450	0.0550	0.0750	1.35971766e+09
0.0450	0.0550	0.0850	2.19703209e+09
0.0450	0.0550	0.0950	1.73139099e+09
0.0450	0.0550	0.1050	-1.55478378e+09
0.0450	0.0650	0.0650	5.32381139e+08
0.0450	0.0650	0.0750	2.39531201e+09
0.0450	0.0650	0.0850	1.75896324e+09
0.0450	0.0650	0.0950	1.81496584e+09
0.0450	0.0650	0.1050	1.32048584e+09
0.0450	0.0650	0.1150	2.16896825e+09
0.0450	0.0750	0.0750	1.02903311e+09
0.0450	0.0750	0.0850	9.29582518e+08
0.0450	0.0750	0.0950	1.65492953e+09
0.0450	0.0750	0.1050	1.55074698e+09
0.0450	0.0750	0.1150	1.49889211e+09
0.0450	0.0750	0.1250	2.54503245e+09
0.0450	0.0850	0.0850	2.44712065e+09
0.0450	0.0850	0.0950	7.28012659e+08
0.0450	0.0850	0.1050	8.66077872e+08
0.0450	0.0850	0.1150	1.57668158e+09
0.0450	0.0850	0.1250	1.16655148e+09
0.0450	0.0850	0.1350	7.01397803e+08
0.0450	0.0950	0.0950	1.90720898e+09
0.0450	0.0950	0.1050	1.16444692e+09
0.0450	0.0950	0.1150	1.16078240e+09
0.0450	0.0950	0.1250	1.10816992e+09
0.0450	0.0950	0.1350	1.18547761e+09
0.0450	0.0950	0.1450	1.42638634e+09
0.0450	0.1050	0.1050	3.72268563e+08
0.0450	0.1050	0.1150	1.13154698e+09
0.0450	0.1050	0.1250	7.21489298e+08
0.0450	0.1050	0.1350	1.17575190e+09
0.0450	0.1050	0.1450	1.10158780e+09
0.0450	0.1150	0.1150	6.88375960e+08
0.0450	0.1150	0.1250	1.08771078e+09
0.0450	0.1150	0.1350	1.04429777e+09
0.0450	0.1150	0.1450	9.16596336e+08
0.0450	0.1250	0.1250	9.39576414e+08
0.0450	0.1250	0.1350	4.90029331e+08
0.0450	0.1250	0.1450	7.62340230e+08
0.0450	0.1350	0.1350	4.02398116e+08
0.0450	0.1350	0.1450	4.81093947e+08
0.0450	0.1450	0.1450	4.83790455e+08
0.0550	0.0550	0.0550	1.06462460e+09
0.0550	0.0550	0.0650	1.63857387e+09
0.0550	0.0550	0.0750	3.12942270e+09
0.0550	0.0550	0.0850	8.59201378e+07
0.0550	0.0550	0.0950	1.77648463e+09
0.0550	0.0550	0.1050	2.10276505e+09
0.0550	0.0550	0.1150	3.57947254e+09
0.0550	0.0650	0.0650	2.67580265e+09
0.0550	0.0650	0.0750	1.53485878e+09
0.0550	0.0650	0.0850	1.53168851e+09
0.0550	0.0650	0.0950	1.59872041e+09
0.0550	0.0650	0.1050	1.42911775e+09
0.0550	0.0650	0.1150	1.80706181e+09
0.0550	0.0650	0.1250	7.96958191e+08
0.0550	0.0750	0.0750	1.04097911e+09
0.0550	0.0750	0.0850	1.25170105e+09
0.0550	0.0750	0.0950	9.73437255e+08
0.0550	0.0750	0.1050	1.43114833e+09
0.0550	0.0750	0.1150	1.85582060e+09
0.0550	0.0750	0.1250	1.68723261e+09
0.0550	0.0750	0.1350	1.87402887e+09
0.0550	0.0850	0.0850	1.29528001e+09
0.0550	0.0850	0.0950	6.68585889e+08
0.0550	0.0850	0.1050	8.39585024e+08
0.0550	0.0850	0.1150	1.97742181e+09
0.0550	0.0850	0.1250	1.00151392e+09
0.0550	0.0850	0.1350	1.72213082e+09
0.0550	0.0850	0.1450	1.76800444e+09
0.0550	0.0950	0.0950	1.02548687e+09
0.0550	0.0950	0.1050	1.34994100e+09
0.0550	0.0950	0.1150	9.15891473e+08
0.0550	0.0950	0.1250	5.63928468e+08
0.0550	0.0950	0.1350	1.51594708e+09
0.0550	0.0950	0.1450	1.29033868e+09
0.0550	0.1050	0.1050	1.18594495e+09
0.0550	0.1050	0.1150	1.02391095e+09
0.0550	0.1050	0.1250	9.99894884e+08
0.0550	0.1050	0.1350	7.69449333e+08
0.0550	0.1050	0.1450	8.33705767e+08
0.0550	0.1150	0.1150	7.50598684e+08
0.0550	0.1150	0.1250	8.62900381e+08
0.0550	0.1150	0.1350	6.49062428e+08
0.0550	0.1150	0.1450	5.72977395e+08
0.0550	0.1250	0.1250	7.94979514e+08
0.0550	0.1250	0.1350	1.03073927e+09
0.0550	0.1250	0.1450	6.22987291e+08
0.0550	0.1350	0.1350	6.22032682e+08
0.0550	0.1350	0.1450	7.22372897e+08
0.0550	0.1450	0.1450	4.48217559e+08
0.0650	0.0650	0.0650	-5.08914685e+08
0.0650	0.0650	0.0750	1.49306249e+09
0.0650	0.0650	0.0850	1.91507178e+08
0.0650	0.0650	0.0950	4.21216683e+08
0.0650	0.0650	0.1050	1.47621454e+09
0.0650	0.0650	0.1150	1.31990816e+09
0.0650	0.0650	0.1250	2.17959075e+09
0.0650	0.0650	0.1350	1.44598614e+09
0.0650	0.0750	0.0750	1.35565983e+09
0.0650	0.0750	0.0850	1.45812095e+09
0.0650	0.0750	0.0950	7.38691847e+08
0.0650	0.0750	0.1050	1.16023937e+09
0.0650	0.0750	0.1150	1.00340118e+09
0.0650	0.0750	0.1250	1.51616330e+09
0.0650	0.0750	0.1350	1.52059625e+09
0.0650	0.0750	0.1450	1.66698136e+09
0.0650	0.0850	0.0850	1.62675400e+09
0.0650	0.0850	0.0950	1.14873921e+09
0.0650	0.0850	0.1050	1.29681262e+09
0.0650	0.0850	0.1150	5.89453712e+08
0.0650	0.0850	0.1250	1.17572233e+09
0.0650	0.0850	0.1350	1.13308775e+09
0.0650	0.0850	0.1450	1.29255909e+09
0.0650	0.0950	0.0950	7.29215214e+08
0.0650	0.0950	0.1050	5.75637798e+08
0.0650	0.0950	0.1150	9.90427532e+08
0.0650	0.0950	0.1250	6.22111746e+08
0.0650	0.0950	0.1350	1.24368166e+09
0.0650	0.0950	0.1450	1.10584660e+09
0.0650	0.1050	0.1050	6.13027760e+08
0.0650	0.1050	0.1150	7.05325956e+08
0.0650	0.1050	0.1250	8.30159623e+08
0.0650	0.1050	0.1350	3.90492860e+08
0.0650	0.1050	0.1450	8.70031690e+08
0.0650	0.1150	0.1150	7.71085863e+08
0.0650	0.1150	0.1250	8.60244382e+08
0.0650	0.1150	0.1350	9.40761902e+08
0.0650	0.1150	0.1450	6.79198446e+08
0.0650	0.1250	0.1250	9.54352167e+08
0.0650	0.1250	0.1350	5.09315702e+08
0.0650	0.1250	0.1450	6.31701762e+08
0.0650	0.1350	0.1350	6.98358366e+08
0.0650	0.1350	0.1450	5.15402162e+08
0.0650	0.1450	0.1450	7.48329163e+08
0.0750	0.0750	0.0750	4.68408735e+08
0.0750	0.0750	0.0850	1.00835945e+09
0.0750	0.0750	0.0950	1.32065200e+09
0.0750	0.0750	0.1050	1.07134438e+09
0.0750	0.0750	0.1150	8.90937573e+08
0.0750	0.0750	0.1250	1.96225145e+09
0.0750	0.0750	0.1350	1.54138899e+09
0.0750	0.0750	0.1450	1.34969028e+09
0.0750	0.0850	0.0850	1.18578109e+09
0.0750	0.0850	0.0950	8.20623407e+08
0.0750	0.0850	0.1050	7.13453476e+08
0.0750	0.0850	0.1150	9.24402180e+08
0.0750	0.0850	0.1250	5.84331415e+08
0.0750	0.0850	0.1350	8.07759438e+08
0.0750	0.0850	0.1450	1.30400602e+09
0.0750	0.0950	0.0950	1.23844921e+09
0.0750	0.0950	0.1050	8.74147238e+08
0.0750	0.0950	0.1150	8.81131628e+08
0.0750	0.0950	0.1250	9.07297184e+08
0.0750	0.0950	0.1350	9.47999176e+08
0.0750	0.0950	0.1450	7.75827872e+08
0.0750	0.1050	0.1050	2.29995020e+08
0.0750	0.1050	0.1150	5.31992465e+08
0.0750	0.1050	0.1250	4.11159080e+08
0.0750	0.1050	0.1350	9.36306021e+08
0.0750	0.1050	0.1450	8.30542775e+08
0.0750	0.1150	0.1150	7.44738421e+08
0.0750	0.1150	0.1250	8.80158342e+08
0.0750	0.1150	0.1350	7.46778191e+08
0.0750	0.1150	0.1450	5.04592546e+08
0.0750	0.1250	0.1250	2.34931595e+08
0.0750	0.1250	0.1350	7.68978929e+08
0.0750	0.1250	0.1450	5.88369476e+08
0.0750	0.1350	0.1350	2.29933150e+08
0.0750	0.1350	0.1450	7.05600347e+08
0.0750	0.1450	0.1450	3.29498212e+08
0.0850	0.0850	0.0850	2.32621568e+09
0.0850	0.0850	0.0950	8.86344566e+08
0.0850	0.0850	0.1050	7.43922961e+08
0.0850	0.0850	0.1150	1.04203320e+09
0.0850	0.0850	0.1250	3.93385658e+08
0.0850	0.0850	0.1350	1.03702109e+09
0.0850	0.0850	0.1450	8.46486723e+08
0.0850	0.0950	0.0950	2.65310392e+08
0.0850	0.0950	0.1050	8.25399239e+08
0.0850	0.0950	0.1150	5.35533998e+08
0.0850	0.0950	0.1250	5.53982432e+08
0.0850	0.0950	0.1350	7.37879199e+08
0.0850	0.0950	0.1450	4.39981829e+08
0.0850	0.1050	0.1050	5.70640664e+08
0.0850	0.1050	0.1150	8.20775553e+08
0.0850	0.1050	0.1250	1.04425246e+09
0.0850	0.1050	0.1350	2.91028516e+08
0.0850	0.1050	0.1450	6.24935287e+08
0.0850	0.1150	0.1150	5.98089600e+08
0.0850	0.1150	0.1250	3.79176017e+08
0.0850	0.1150	0.1350	5.04528102e+08
0.0850	0.1150	0.1450	6.66216134e+08
0.0850	0.1250	0.1250	5.39772634e+08
0.0850	0.1250	0.1350	6.56156643e+08
0.0850	0.1250	0.1450	5.78498509e+08
0.0850	0.1350	0.1350	3.89218465e+08
0.0850	0.1350	0.1450	5.09389206e+08
0.0850	0.1450	0.1450	5.54228126e+08
0.0950	0.0950	0.0950	1.28217491e+09
0.0950	0.0950	0.1050	8.63959099e+08
0.0950	0.0950	0.1150	3.83195798e+08
0.0950	0.0950	0.1250	8.02751746e+08
0.0950	0.0950	0.1350	3.09771290e+08
0.0950	0.0950	0.1450	7.97561687e+08
0.0950	0.1050	0.1050	2.38819661e+08
0.0950	0.1050	0.1150	6.78187402e+08
0.0950	0.1050	0.1250	4.89880895e+08
0.0950	0.1050	0.1350	5.30640060e+08
0.0950	0.1050	0.1450	3.67677398e+08
0.0950	0.1150	0.1150	8.59990557e+08
0.0950	0.1150	0.1250	5.87797653e+08
0.0950	0.1150	0.1350	5.55366929e+08
0.0950	0.1150	0.1450	3.02270083e+08
0.0950	0.1250	0.1250	3.23394508e+08
0.0950	0.1250	0.1350	4.37827012e+08
0.0950	0.1250	0.1450	4.86119040e+08
0.0950	0.1350	0.1350	3.50997287e+08
0.0950	0.1350	0.1450	4.21162643e+08
0.0950	0.1450	0.1450	7.53354101e+08
0.1050	0.1050	0.1050	1.50723954e+09
0.1050	0.1050	0.1150	3.06031424e+08
0.1050	0.1050	0.1250	6.93792309e+08
0.1050	0.1050	0.1350	1.90206908e+08
0.1050	0.1050	0.1450	5.21227647e+08
0.1050	0.1150	0.1150	6.51992973e+08
0.1050	0.1150	0.1250	2.32378102e+08
0.1050	0.1150	0.1350	4.78868103e+08
0.1050	0.1150	0.1450	4.82808248e+08
0.1050	0.1250	0.1250	2.38623708e+08
0.1050	0.1250	0.1350	3.80032987e+08
0.1050	0.1250	0.1450	4.50015975e+08
0.1050	0.1350	0.1350	5.54775988e+08
0.1050	0.1350	0.1450	3.75367376e+08
0.1050	0.1450	0.1450	3.15340332e+08
0.1150	0.1150	0.1150	2.66188245e+08
0.1150	0.1150	0.1250	5.49669421e+08
0.1150	0.1150	0.1350	9.32716783e+07
0.1150	0.1150	0.1450	5.93500575e+08
0.1150	0.1250	0.1250	6.28926033e+08
0.1150	0.1250	0.1350	5.07513799e+08
0.1150	0.1250	0.1450	3.00056388e+08
0.1150	0.1350	0.1350	3.61297902e+08
0.1150	0.1350	0.1450	3.26220151e+08
0.1150	0.1450	0.1450	2.67335444e+08
0.1250	0.1250	0.1250	3.24997401e+08
0.1250	0.1250	0.1350	3.91516132e+08
0.1250	0.1250	0.1450	2.78851463e+08
0.1250	0.1350	0.1350	3.93492143e+08
0.1250	0.1350	0.1450	4.65415235e+08
0.1250	0.1450	0.1450	1.58963771e+08
0.1350	0.1350	0.1350	4.05769271e+08
0.1350	0.1350	0.1450	2.04409023e+08
0.1350	0.1450	0.1450	2.44411023e+08
0.1450	0.1450	0.1450	5.18637316e+08
