####### Bispectrum of Patchy Simulation 186 #############
# Patch: sgc
# z-type: z3
# Weights: fkp
# Fiducial Omega_m: 0.310
# Fiducial h: 0.676
# Boxsize: [1000.0, 2600.0, 1500.0]
# Grid: [95, 250, 140]
# k-binning: [0.000, 0.160, 0.010]
# Monte Carlo Simulations: 100
#
# Format: k1 | k2 | k3 | B(k1,k2,k3)
############################################
0.0150	0.0150	0.0150	6.61918654e+10
0.0150	0.0150	0.0250	6.12407464e+10
0.0150	0.0150	0.0350	-2.45012680e+10
0.0150	0.0250	0.0250	3.27094060e+10
0.0150	0.0250	0.0350	5.74527694e+09
0.0150	0.0250	0.0450	2.76406969e+10
0.0150	0.0350	0.0350	-7.00290092e+09
0.0150	0.0350	0.0450	1.02191542e+10
0.0150	0.0350	0.0550	1.52508415e+10
0.0150	0.0450	0.0450	5.86698863e+09
0.0150	0.0450	0.0550	5.68692908e+09
0.0150	0.0450	0.0650	8.14693552e+09
0.0150	0.0550	0.0550	2.38493742e+09
0.0150	0.0550	0.0650	4.97447318e+09
0.0150	0.0550	0.0750	2.08471451e+09
0.0150	0.0650	0.0650	2.20121540e+09
0.0150	0.0650	0.0750	5.75725259e+09
0.0150	0.0650	0.0850	7.19204028e+09
0.0150	0.0750	0.0750	5.54071971e+09
0.0150	0.0750	0.0850	2.40350985e+09
0.0150	0.0750	0.0950	1.20987869e+10
0.0150	0.0850	0.0850	2.15631643e+09
0.0150	0.0850	0.0950	4.89137392e+09
0.0150	0.0850	0.1050	7.74397080e+09
0.0150	0.0950	0.0950	2.56082627e+09
0.0150	0.0950	0.1050	3.73702338e+09
0.0150	0.0950	0.1150	3.89378211e+09
0.0150	0.1050	0.1050	1.36788929e+09
0.0150	0.1050	0.1150	5.26407421e+09
0.0150	0.1050	0.1250	2.49169181e+09
0.0150	0.1150	0.1150	1.76722102e+09
0.0150	0.1150	0.1250	1.70069641e+09
0.0150	0.1150	0.1350	4.77942497e+08
0.0150	0.1250	0.1250	1.42110538e+09
0.0150	0.1250	0.1350	1.69958251e+09
0.0150	0.1250	0.1450	4.82638416e+09
0.0150	0.1350	0.1350	1.63221418e+09
0.0150	0.1350	0.1450	1.80451981e+09
0.0150	0.1450	0.1450	6.16716885e+08
0.0250	0.0250	0.0250	4.63960545e+09
0.0250	0.0250	0.0350	2.42574298e+10
0.0250	0.0250	0.0450	-1.23665006e+10
0.0250	0.0250	0.0550	1.99594313e+10
0.0250	0.0350	0.0350	-3.48855356e+09
0.0250	0.0350	0.0450	9.13972475e+09
0.0250	0.0350	0.0550	7.32448532e+09
0.0250	0.0350	0.0650	1.29125243e+10
0.0250	0.0450	0.0450	-6.55767086e+09
0.0250	0.0450	0.0550	6.50200311e+09
0.0250	0.0450	0.0650	7.25572488e+09
0.0250	0.0450	0.0750	1.11768398e+10
0.0250	0.0550	0.0550	5.03560265e+08
0.0250	0.0550	0.0650	3.87832169e+09
0.0250	0.0550	0.0750	3.29468411e+09
0.0250	0.0550	0.0850	7.30390226e+09
0.0250	0.0650	0.0650	1.60942100e+09
0.0250	0.0650	0.0750	3.14873093e+09
0.0250	0.0650	0.0850	4.88302533e+09
0.0250	0.0650	0.0950	4.47285816e+09
0.0250	0.0750	0.0750	3.82353237e+09
0.0250	0.0750	0.0850	3.36915881e+09
0.0250	0.0750	0.0950	2.79656804e+09
0.0250	0.0750	0.1050	2.75952510e+09
0.0250	0.0850	0.0850	3.86797349e+09
0.0250	0.0850	0.0950	1.84554885e+09
0.0250	0.0850	0.1050	3.46053509e+09
0.0250	0.0850	0.1150	3.89129688e+09
0.0250	0.0950	0.0950	3.79931398e+09
0.0250	0.0950	0.1050	1.99961343e+09
0.0250	0.0950	0.1150	3.33904580e+09
0.0250	0.0950	0.1250	1.99844702e+09
0.0250	0.1050	0.1050	1.35701453e+09
0.0250	0.1050	0.1150	1.44811839e+09
0.0250	0.1050	0.1250	2.38249224e+09
0.0250	0.1050	0.1350	3.76920713e+09
0.0250	0.1150	0.1150	2.48297528e+09
0.0250	0.1150	0.1250	2.38743142e+09
0.0250	0.1150	0.1350	2.01153049e+09
0.0250	0.1150	0.1450	6.57537197e+08
0.0250	0.1250	0.1250	2.39052817e+09
0.0250	0.1250	0.1350	1.17685536e+09
0.0250	0.1250	0.1450	2.01494174e+09
0.0250	0.1350	0.1350	2.09193729e+09
0.0250	0.1350	0.1450	1.86275159e+09
0.0250	0.1450	0.1450	1.51695282e+09
0.0350	0.0350	0.0350	-3.37491779e+09
0.0350	0.0350	0.0450	7.38781122e+09
0.0350	0.0350	0.0550	6.76645331e+09
0.0350	0.0350	0.0650	5.87442792e+09
0.0350	0.0350	0.0750	9.26889109e+08
0.0350	0.0450	0.0450	-2.84352471e+09
0.0350	0.0450	0.0550	-1.27010390e+09
0.0350	0.0450	0.0650	3.71300197e+09
0.0350	0.0450	0.0750	2.56013549e+09
0.0350	0.0450	0.0850	4.80957127e+09
0.0350	0.0550	0.0550	4.16625934e+09
0.0350	0.0550	0.0650	2.70906974e+09
0.0350	0.0550	0.0750	4.66762549e+07
0.0350	0.0550	0.0850	2.98628964e+09
0.0350	0.0550	0.0950	4.71670719e+09
0.0350	0.0650	0.0650	2.48066255e+09
0.0350	0.0650	0.0750	2.88695133e+09
0.0350	0.0650	0.0850	2.41813959e+09
0.0350	0.0650	0.0950	2.88021593e+09
0.0350	0.0650	0.1050	6.44266182e+08
0.0350	0.0750	0.0750	8.73557363e+08
0.0350	0.0750	0.0850	1.16454126e+09
0.0350	0.0750	0.0950	2.00745155e+09
0.0350	0.0750	0.1050	2.61747059e+09
0.0350	0.0750	0.1150	4.95902974e+08
0.0350	0.0850	0.0850	9.57270730e+08
0.0350	0.0850	0.0950	1.21153129e+09
0.0350	0.0850	0.1050	1.64493062e+09
0.0350	0.0850	0.1150	2.04881636e+09
0.0350	0.0850	0.1250	2.01284331e+09
0.0350	0.0950	0.0950	1.90448356e+09
0.0350	0.0950	0.1050	9.83068049e+08
0.0350	0.0950	0.1150	1.94765258e+09
0.0350	0.0950	0.1250	1.36963529e+09
0.0350	0.0950	0.1350	1.44354491e+09
0.0350	0.1050	0.1050	1.30477468e+09
0.0350	0.1050	0.1150	1.23507272e+09
0.0350	0.1050	0.1250	1.01895994e+09
0.0350	0.1050	0.1350	1.72382020e+09
0.0350	0.1050	0.1450	2.19395260e+09
0.0350	0.1150	0.1150	1.12781948e+09
0.0350	0.1150	0.1250	9.69850795e+08
0.0350	0.1150	0.1350	1.09707632e+09
0.0350	0.1150	0.1450	1.95404322e+09
0.0350	0.1250	0.1250	6.90005050e+08
0.0350	0.1250	0.1350	8.80438946e+08
0.0350	0.1250	0.1450	1.17923803e+09
0.0350	0.1350	0.1350	1.08095368e+09
0.0350	0.1350	0.1450	7.72085309e+08
0.0350	0.1450	0.1450	1.01139535e+09
0.0450	0.0450	0.0450	2.37581071e+08
0.0450	0.0450	0.0550	4.53422238e+09
0.0450	0.0450	0.0650	6.67175489e+08
0.0450	0.0450	0.0750	1.84168602e+09
0.0450	0.0450	0.0850	2.69311543e+09
0.0450	0.0450	0.0950	-2.84380358e+09
0.0450	0.0550	0.0550	-6.29977991e+08
0.0450	0.0550	0.0650	1.79208419e+09
0.0450	0.0550	0.0750	1.32386535e+09
0.0450	0.0550	0.0850	1.18419374e+09
0.0450	0.0550	0.0950	3.48037166e+09
0.0450	0.0550	0.1050	1.27390243e+09
0.0450	0.0650	0.0650	3.43877958e+09
0.0450	0.0650	0.0750	-2.09864749e+07
0.0450	0.0650	0.0850	1.54883167e+09
0.0450	0.0650	0.0950	1.27095867e+09
0.0450	0.0650	0.1050	2.22569386e+09
0.0450	0.0650	0.1150	4.12052823e+09
0.0450	0.0750	0.0750	4.36390270e+08
0.0450	0.0750	0.0850	1.34334873e+09
0.0450	0.0750	0.0950	1.20397927e+09
0.0450	0.0750	0.1050	1.94330895e+09
0.0450	0.0750	0.1150	1.85941776e+09
0.0450	0.0750	0.1250	7.73661487e+08
0.0450	0.0850	0.0850	1.43737925e+09
0.0450	0.0850	0.0950	1.66677227e+09
0.0450	0.0850	0.1050	1.37539189e+09
0.0450	0.0850	0.1150	1.55776791e+09
0.0450	0.0850	0.1250	1.77115332e+09
0.0450	0.0850	0.1350	1.52959533e+09
0.0450	0.0950	0.0950	6.21265394e+08
0.0450	0.0950	0.1050	1.78491779e+09
0.0450	0.0950	0.1150	1.19485380e+09
0.0450	0.0950	0.1250	1.61540187e+09
0.0450	0.0950	0.1350	1.98958461e+09
0.0450	0.0950	0.1450	1.26023503e+09
0.0450	0.1050	0.1050	1.44145915e+08
0.0450	0.1050	0.1150	1.02208610e+09
0.0450	0.1050	0.1250	6.75194190e+08
0.0450	0.1050	0.1350	1.08527502e+09
0.0450	0.1050	0.1450	9.28569962e+08
0.0450	0.1150	0.1150	9.15072358e+08
0.0450	0.1150	0.1250	1.17281189e+09
0.0450	0.1150	0.1350	1.21235822e+09
0.0450	0.1150	0.1450	1.01844136e+09
0.0450	0.1250	0.1250	6.37925650e+08
0.0450	0.1250	0.1350	9.45733939e+08
0.0450	0.1250	0.1450	9.93563834e+08
0.0450	0.1350	0.1350	8.49606117e+08
0.0450	0.1350	0.1450	7.76035755e+08
0.0450	0.1450	0.1450	6.47597828e+08
0.0550	0.0550	0.0550	3.77360110e+09
0.0550	0.0550	0.0650	2.19088711e+09
0.0550	0.0550	0.0750	1.71663078e+09
0.0550	0.0550	0.0850	3.20144488e+09
0.0550	0.0550	0.0950	1.92545070e+09
0.0550	0.0550	0.1050	1.67417324e+09
0.0550	0.0550	0.1150	5.88511900e+09
0.0550	0.0650	0.0650	1.26775878e+09
0.0550	0.0650	0.0750	9.77479614e+08
0.0550	0.0650	0.0850	1.70819573e+08
0.0550	0.0650	0.0950	1.79082757e+09
0.0550	0.0650	0.1050	1.68903476e+09
0.0550	0.0650	0.1150	1.62035378e+09
0.0550	0.0650	0.1250	1.94357514e+09
0.0550	0.0750	0.0750	1.00773458e+09
0.0550	0.0750	0.0850	6.13511215e+08
0.0550	0.0750	0.0950	6.67903123e+08
0.0550	0.0750	0.1050	8.91263873e+08
0.0550	0.0750	0.1150	1.90851071e+09
0.0550	0.0750	0.1250	1.32626527e+09
0.0550	0.0750	0.1350	1.72137118e+09
0.0550	0.0850	0.0850	1.50839074e+09
0.0550	0.0850	0.0950	8.52809467e+08
0.0550	0.0850	0.1050	1.40102219e+09
0.0550	0.0850	0.1150	1.08811685e+09
0.0550	0.0850	0.1250	1.67876618e+09
0.0550	0.0850	0.1350	1.54888822e+09
0.0550	0.0850	0.1450	9.72983178e+08
0.0550	0.0950	0.0950	1.24296344e+09
0.0550	0.0950	0.1050	8.22116782e+08
0.0550	0.0950	0.1150	8.35356037e+08
0.0550	0.0950	0.1250	8.81621341e+08
0.0550	0.0950	0.1350	1.21000971e+09
0.0550	0.0950	0.1450	1.21610328e+09
0.0550	0.1050	0.1050	1.07336707e+09
0.0550	0.1050	0.1150	6.07593171e+08
0.0550	0.1050	0.1250	1.12789566e+09
0.0550	0.1050	0.1350	9.27824549e+08
0.0550	0.1050	0.1450	8.87756984e+08
0.0550	0.1150	0.1150	4.83128145e+08
0.0550	0.1150	0.1250	1.02708129e+09
0.0550	0.1150	0.1350	7.50369689e+08
0.0550	0.1150	0.1450	1.08556888e+09
0.0550	0.1250	0.1250	2.88455720e+08
0.0550	0.1250	0.1350	6.26870755e+08
0.0550	0.1250	0.1450	5.15917525e+08
0.0550	0.1350	0.1350	8.88911608e+08
0.0550	0.1350	0.1450	6.77288596e+08
0.0550	0.1450	0.1450	3.05691547e+08
0.0650	0.0650	0.0650	1.30235763e+09
0.0650	0.0650	0.0750	1.90191318e+09
0.0650	0.0650	0.0850	1.27667232e+09
0.0650	0.0650	0.0950	2.64455777e+08
0.0650	0.0650	0.1050	2.51378004e+09
0.0650	0.0650	0.1150	1.68051944e+09
0.0650	0.0650	0.1250	2.54101958e+09
0.0650	0.0650	0.1350	6.72505246e+08
0.0650	0.0750	0.0750	1.65629134e+09
0.0650	0.0750	0.0850	6.33369273e+08
0.0650	0.0750	0.0950	1.43810847e+09
0.0650	0.0750	0.1050	1.16599050e+09
0.0650	0.0750	0.1150	1.63708430e+09
0.0650	0.0750	0.1250	1.17904736e+09
0.0650	0.0750	0.1350	2.18011302e+09
0.0650	0.0750	0.1450	1.40675902e+09
0.0650	0.0850	0.0850	7.57327436e+08
0.0650	0.0850	0.0950	1.04118599e+09
0.0650	0.0850	0.1050	6.60393827e+08
0.0650	0.0850	0.1150	1.19767759e+09
0.0650	0.0850	0.1250	8.12295068e+08
0.0650	0.0850	0.1350	1.04790185e+09
0.0650	0.0850	0.1450	1.79953891e+09
0.0650	0.0950	0.0950	7.63882780e+08
0.0650	0.0950	0.1050	1.10668570e+09
0.0650	0.0950	0.1150	9.99808886e+08
0.0650	0.0950	0.1250	9.00530803e+08
0.0650	0.0950	0.1350	1.30641346e+09
0.0650	0.0950	0.1450	1.19346739e+09
0.0650	0.1050	0.1050	3.88567769e+08
0.0650	0.1050	0.1150	1.11862658e+09
0.0650	0.1050	0.1250	7.04261877e+08
0.0650	0.1050	0.1350	7.62266167e+08
0.0650	0.1050	0.1450	8.79906065e+08
0.0650	0.1150	0.1150	1.24182858e+09
0.0650	0.1150	0.1250	7.15159069e+08
0.0650	0.1150	0.1350	1.14228431e+09
0.0650	0.1150	0.1450	5.84847574e+08
0.0650	0.1250	0.1250	2.18932199e+08
0.0650	0.1250	0.1350	7.93976664e+08
0.0650	0.1250	0.1450	6.23495655e+08
0.0650	0.1350	0.1350	9.02828049e+08
0.0650	0.1350	0.1450	6.60143401e+08
0.0650	0.1450	0.1450	5.04480892e+08
0.0750	0.0750	0.0750	9.20644868e+08
0.0750	0.0750	0.0850	9.21531160e+08
0.0750	0.0750	0.0950	1.62217008e+07
0.0750	0.0750	0.1050	8.08465626e+08
0.0750	0.0750	0.1150	1.17670471e+09
0.0750	0.0750	0.1250	1.09632056e+09
0.0750	0.0750	0.1350	7.75960683e+08
0.0750	0.0750	0.1450	8.47010881e+08
0.0750	0.0850	0.0850	3.72171219e+08
0.0750	0.0850	0.0950	9.55222211e+08
0.0750	0.0850	0.1050	5.82169811e+08
0.0750	0.0850	0.1150	7.10216275e+08
0.0750	0.0850	0.1250	5.92817897e+08
0.0750	0.0850	0.1350	1.23291821e+09
0.0750	0.0850	0.1450	1.14109384e+09
0.0750	0.0950	0.0950	7.83568051e+08
0.0750	0.0950	0.1050	6.78608216e+08
0.0750	0.0950	0.1150	7.86767377e+08
0.0750	0.0950	0.1250	5.60432589e+08
0.0750	0.0950	0.1350	6.06456961e+08
0.0750	0.0950	0.1450	8.42640890e+08
0.0750	0.1050	0.1050	9.14965462e+08
0.0750	0.1050	0.1150	5.83923700e+08
0.0750	0.1050	0.1250	7.58512532e+08
0.0750	0.1050	0.1350	7.17797826e+08
0.0750	0.1050	0.1450	5.95738195e+08
0.0750	0.1150	0.1150	7.47433644e+08
0.0750	0.1150	0.1250	7.03249571e+08
0.0750	0.1150	0.1350	6.23748018e+08
0.0750	0.1150	0.1450	7.43622339e+08
0.0750	0.1250	0.1250	3.29984870e+08
0.0750	0.1250	0.1350	6.83719659e+08
0.0750	0.1250	0.1450	6.68400190e+08
0.0750	0.1350	0.1350	5.77492690e+08
0.0750	0.1350	0.1450	4.50619239e+08
0.0750	0.1450	0.1450	3.82321310e+08
0.0850	0.0850	0.0850	1.79555804e+09
0.0850	0.0850	0.0950	9.44048025e+08
0.0850	0.0850	0.1050	1.21361157e+09
0.0850	0.0850	0.1150	3.08153312e+08
0.0850	0.0850	0.1250	1.02681020e+09
0.0850	0.0850	0.1350	6.29822675e+08
0.0850	0.0850	0.1450	5.89217565e+08
0.0850	0.0950	0.0950	1.99612055e+08
0.0850	0.0950	0.1050	1.01736762e+09
0.0850	0.0950	0.1150	1.00083907e+09
0.0850	0.0950	0.1250	7.73283328e+08
0.0850	0.0950	0.1350	5.75890305e+08
0.0850	0.0950	0.1450	6.92103120e+08
0.0850	0.1050	0.1050	6.48844093e+08
0.0850	0.1050	0.1150	1.02329182e+09
0.0850	0.1050	0.1250	8.22386866e+08
0.0850	0.1050	0.1350	4.63998133e+08
0.0850	0.1050	0.1450	6.74880833e+08
0.0850	0.1150	0.1150	6.30126607e+08
0.0850	0.1150	0.1250	4.58353761e+08
0.0850	0.1150	0.1350	2.75784256e+08
0.0850	0.1150	0.1450	5.12885569e+08
0.0850	0.1250	0.1250	6.59849194e+08
0.0850	0.1250	0.1350	6.88663441e+08
0.0850	0.1250	0.1450	4.79887160e+08
0.0850	0.1350	0.1350	6.43213778e+08
0.0850	0.1350	0.1450	4.09974661e+08
0.0850	0.1450	0.1450	2.66642157e+08
0.0950	0.0950	0.0950	4.11028485e+08
0.0950	0.0950	0.1050	1.18983388e+09
0.0950	0.0950	0.1150	1.68958422e+08
0.0950	0.0950	0.1250	1.17701266e+09
0.0950	0.0950	0.1350	6.41407485e+08
0.0950	0.0950	0.1450	2.85503723e+08
0.0950	0.1050	0.1050	3.08494343e+08
0.0950	0.1050	0.1150	4.03559698e+08
0.0950	0.1050	0.1250	3.64631143e+08
0.0950	0.1050	0.1350	5.46126066e+08
0.0950	0.1050	0.1450	6.95988499e+08
0.0950	0.1150	0.1150	3.67167685e+08
0.0950	0.1150	0.1250	5.27341646e+08
0.0950	0.1150	0.1350	7.35760887e+08
0.0950	0.1150	0.1450	4.44514488e+08
0.0950	0.1250	0.1250	4.86233787e+08
0.0950	0.1250	0.1350	4.08435292e+08
0.0950	0.1250	0.1450	2.72117284e+08
0.0950	0.1350	0.1350	5.23300338e+08
0.0950	0.1350	0.1450	3.25028356e+08
0.0950	0.1450	0.1450	5.27683479e+08
0.1050	0.1050	0.1050	7.00031053e+08
0.1050	0.1050	0.1150	4.03075413e+08
0.1050	0.1050	0.1250	6.97103184e+08
0.1050	0.1050	0.1350	5.31765190e+08
0.1050	0.1050	0.1450	4.84832395e+08
0.1050	0.1150	0.1150	6.19172843e+08
0.1050	0.1150	0.1250	5.30935833e+08
0.1050	0.1150	0.1350	5.60919231e+08
0.1050	0.1150	0.1450	2.17536154e+08
0.1050	0.1250	0.1250	3.59614509e+08
0.1050	0.1250	0.1350	4.05429672e+08
0.1050	0.1250	0.1450	5.40171727e+08
0.1050	0.1350	0.1350	3.37207069e+08
0.1050	0.1350	0.1450	3.95987370e+08
0.1050	0.1450	0.1450	2.61064433e+08
0.1150	0.1150	0.1150	3.38816500e+08
0.1150	0.1150	0.1250	5.76455206e+08
0.1150	0.1150	0.1350	5.07182548e+08
0.1150	0.1150	0.1450	5.10868615e+08
0.1150	0.1250	0.1250	3.96436369e+08
0.1150	0.1250	0.1350	3.68080519e+08
0.1150	0.1250	0.1450	5.73108164e+08
0.1150	0.1350	0.1350	4.96464228e+08
0.1150	0.1350	0.1450	3.92220454e+08
0.1150	0.1450	0.1450	4.42425278e+08
0.1250	0.1250	0.1250	2.24288827e+08
0.1250	0.1250	0.1350	3.19712934e+08
0.1250	0.1250	0.1450	4.81886844e+08
0.1250	0.1350	0.1350	5.49363468e+08
0.1250	0.1350	0.1450	3.43668755e+08
0.1250	0.1450	0.1450	2.02154786e+08
0.1350	0.1350	0.1350	1.66729683e+08
0.1350	0.1350	0.1450	3.80055128e+08
0.1350	0.1450	0.1450	2.99189049e+08
0.1450	0.1450	0.1450	3.41906763e+08
