####### Bispectrum of Patchy Simulation 31 #############
# Patch: sgc
# z-type: z3
# Weights: fkp
# Fiducial Omega_m: 0.310
# Fiducial h: 0.676
# Boxsize: [1000.0, 2600.0, 1500.0]
# Grid: [95, 250, 140]
# k-binning: [0.000, 0.160, 0.010]
# Monte Carlo Simulations: 100
#
# Format: k1 | k2 | k3 | B(k1,k2,k3)
############################################
0.0150	0.0150	0.0150	1.51968380e+10
0.0150	0.0150	0.0250	-1.30978226e+10
0.0150	0.0150	0.0350	6.22614495e+09
0.0150	0.0250	0.0250	1.47787868e+10
0.0150	0.0250	0.0350	3.36604640e+09
0.0150	0.0250	0.0450	2.61150292e+10
0.0150	0.0350	0.0350	2.75555091e+09
0.0150	0.0350	0.0450	1.10281522e+09
0.0150	0.0350	0.0550	1.95339150e+10
0.0150	0.0450	0.0450	3.83669067e+09
0.0150	0.0450	0.0550	7.47948208e+09
0.0150	0.0450	0.0650	6.32608333e+09
0.0150	0.0550	0.0550	9.75471654e+08
0.0150	0.0550	0.0650	4.54157062e+09
0.0150	0.0550	0.0750	-1.77283579e+08
0.0150	0.0650	0.0650	-2.00813706e+09
0.0150	0.0650	0.0750	3.06881026e+09
0.0150	0.0650	0.0850	6.59057415e+09
0.0150	0.0750	0.0750	3.65410306e+09
0.0150	0.0750	0.0850	3.03592331e+09
0.0150	0.0750	0.0950	-1.86678745e+09
0.0150	0.0850	0.0850	1.43553223e+09
0.0150	0.0850	0.0950	1.70941146e+09
0.0150	0.0850	0.1050	3.79331985e+09
0.0150	0.0950	0.0950	9.22962278e+08
0.0150	0.0950	0.1050	8.09420963e+08
0.0150	0.0950	0.1150	1.97620105e+09
0.0150	0.1050	0.1050	9.10891480e+07
0.0150	0.1050	0.1150	3.10851963e+09
0.0150	0.1050	0.1250	1.28514056e+09
0.0150	0.1150	0.1150	6.13604129e+08
0.0150	0.1150	0.1250	1.15040617e+09
0.0150	0.1150	0.1350	3.57078460e+09
0.0150	0.1250	0.1250	-5.54815499e+08
0.0150	0.1250	0.1350	2.03349989e+09
0.0150	0.1250	0.1450	3.30830966e+09
0.0150	0.1350	0.1350	1.94236581e+09
0.0150	0.1350	0.1450	1.01066162e+09
0.0150	0.1450	0.1450	1.44478561e+09
0.0250	0.0250	0.0250	1.24084519e+10
0.0250	0.0250	0.0350	-1.98398912e+09
0.0250	0.0250	0.0450	2.14135814e+09
0.0250	0.0250	0.0550	-6.53550709e+09
0.0250	0.0350	0.0350	8.59697239e+09
0.0250	0.0350	0.0450	2.85332232e+09
0.0250	0.0350	0.0550	1.82077771e+09
0.0250	0.0350	0.0650	1.35488896e+10
0.0250	0.0450	0.0450	4.35877552e+08
0.0250	0.0450	0.0550	2.57921060e+09
0.0250	0.0450	0.0650	3.46263123e+09
0.0250	0.0450	0.0750	8.45001785e+09
0.0250	0.0550	0.0550	2.62044087e+09
0.0250	0.0550	0.0650	3.00789683e+09
0.0250	0.0550	0.0750	4.38784932e+09
0.0250	0.0550	0.0850	4.81133437e+09
0.0250	0.0650	0.0650	5.89915960e+09
0.0250	0.0650	0.0750	1.65739272e+09
0.0250	0.0650	0.0850	2.30761342e+09
0.0250	0.0650	0.0950	3.09056625e+09
0.0250	0.0750	0.0750	4.48429608e+09
0.0250	0.0750	0.0850	1.98146487e+09
0.0250	0.0750	0.0950	4.30666750e+09
0.0250	0.0750	0.1050	1.32881065e+09
0.0250	0.0850	0.0850	2.18954331e+09
0.0250	0.0850	0.0950	1.38672555e+09
0.0250	0.0850	0.1050	2.53539289e+09
0.0250	0.0850	0.1150	5.15501363e+09
0.0250	0.0950	0.0950	1.50056974e+09
0.0250	0.0950	0.1050	1.06976915e+09
0.0250	0.0950	0.1150	2.40826748e+09
0.0250	0.0950	0.1250	3.78821394e+09
0.0250	0.1050	0.1050	2.04323817e+09
0.0250	0.1050	0.1150	1.09091867e+09
0.0250	0.1050	0.1250	8.23792333e+08
0.0250	0.1050	0.1350	2.29236587e+09
0.0250	0.1150	0.1150	2.32123109e+09
0.0250	0.1150	0.1250	1.44076148e+09
0.0250	0.1150	0.1350	1.89604034e+09
0.0250	0.1150	0.1450	2.94433364e+09
0.0250	0.1250	0.1250	6.76552882e+08
0.0250	0.1250	0.1350	1.43565377e+09
0.0250	0.1250	0.1450	1.79785650e+09
0.0250	0.1350	0.1350	9.19189915e+08
0.0250	0.1350	0.1450	9.27689375e+08
0.0250	0.1450	0.1450	8.89475218e+08
0.0350	0.0350	0.0350	-3.98885321e+09
0.0350	0.0350	0.0450	3.64891596e+09
0.0350	0.0350	0.0550	1.88409739e+09
0.0350	0.0350	0.0650	2.78201695e+09
0.0350	0.0350	0.0750	3.80549577e+09
0.0350	0.0450	0.0450	3.01199316e+09
0.0350	0.0450	0.0550	2.07477674e+09
0.0350	0.0450	0.0650	3.69370895e+09
0.0350	0.0450	0.0750	3.41517737e+09
0.0350	0.0450	0.0850	4.26259175e+09
0.0350	0.0550	0.0550	8.85714177e+08
0.0350	0.0550	0.0650	2.33594719e+09
0.0350	0.0550	0.0750	1.91579223e+09
0.0350	0.0550	0.0850	2.73725522e+09
0.0350	0.0550	0.0950	3.07719647e+09
0.0350	0.0650	0.0650	2.91062774e+09
0.0350	0.0650	0.0750	2.34440756e+09
0.0350	0.0650	0.0850	1.75893741e+09
0.0350	0.0650	0.0950	3.86788501e+09
0.0350	0.0650	0.1050	5.26217120e+09
0.0350	0.0750	0.0750	8.61789927e+08
0.0350	0.0750	0.0850	2.25992996e+09
0.0350	0.0750	0.0950	1.07914888e+09
0.0350	0.0750	0.1050	1.75149532e+09
0.0350	0.0750	0.1150	2.58706452e+09
0.0350	0.0850	0.0850	5.56109529e+08
0.0350	0.0850	0.0950	2.07122635e+09
0.0350	0.0850	0.1050	1.11660558e+09
0.0350	0.0850	0.1150	1.80928365e+09
0.0350	0.0850	0.1250	1.56381258e+09
0.0350	0.0950	0.0950	1.08640644e+09
0.0350	0.0950	0.1050	5.58823145e+08
0.0350	0.0950	0.1150	1.85971531e+09
0.0350	0.0950	0.1250	1.78600807e+09
0.0350	0.0950	0.1350	2.96873457e+09
0.0350	0.1050	0.1050	2.15881757e+09
0.0350	0.1050	0.1150	8.21302798e+08
0.0350	0.1050	0.1250	1.33957654e+09
0.0350	0.1050	0.1350	1.55402059e+09
0.0350	0.1050	0.1450	1.01411740e+09
0.0350	0.1150	0.1150	1.48651183e+09
0.0350	0.1150	0.1250	1.07036381e+09
0.0350	0.1150	0.1350	9.48980604e+08
0.0350	0.1150	0.1450	1.74644767e+09
0.0350	0.1250	0.1250	1.25047795e+09
0.0350	0.1250	0.1350	1.65096433e+09
0.0350	0.1250	0.1450	1.08748628e+09
0.0350	0.1350	0.1350	5.16095844e+08
0.0350	0.1350	0.1450	7.58057309e+08
0.0350	0.1450	0.1450	1.07718143e+09
0.0450	0.0450	0.0450	-4.91651604e+09
0.0450	0.0450	0.0550	6.07998056e+09
0.0450	0.0450	0.0650	1.20026741e+09
0.0450	0.0450	0.0750	1.80767636e+09
0.0450	0.0450	0.0850	4.58773904e+09
0.0450	0.0450	0.0950	3.81401420e+09
0.0450	0.0550	0.0550	2.07411799e+09
0.0450	0.0550	0.0650	2.63097663e+09
0.0450	0.0550	0.0750	1.53758100e+09
0.0450	0.0550	0.0850	1.39627483e+09
0.0450	0.0550	0.0950	2.21847441e+09
0.0450	0.0550	0.1050	2.69018722e+09
0.0450	0.0650	0.0650	3.45043111e+09
0.0450	0.0650	0.0750	1.46498535e+09
0.0450	0.0650	0.0850	2.25633371e+09
0.0450	0.0650	0.0950	1.58134831e+09
0.0450	0.0650	0.1050	3.07269740e+09
0.0450	0.0650	0.1150	1.23090583e+09
0.0450	0.0750	0.0750	2.91389420e+08
0.0450	0.0750	0.0850	2.03674257e+09
0.0450	0.0750	0.0950	1.42067262e+09
0.0450	0.0750	0.1050	2.30466048e+09
0.0450	0.0750	0.1150	2.79310923e+09
0.0450	0.0750	0.1250	2.38648233e+09
0.0450	0.0850	0.0850	1.11478243e+09
0.0450	0.0850	0.0950	1.24624681e+09
0.0450	0.0850	0.1050	1.05293561e+09
0.0450	0.0850	0.1150	1.95865307e+09
0.0450	0.0850	0.1250	2.03286761e+09
0.0450	0.0850	0.1350	8.69317303e+08
0.0450	0.0950	0.0950	9.80694937e+08
0.0450	0.0950	0.1050	1.48242155e+09
0.0450	0.0950	0.1150	1.03476135e+09
0.0450	0.0950	0.1250	1.12113169e+09
0.0450	0.0950	0.1350	1.64778956e+09
0.0450	0.0950	0.1450	1.29988546e+09
0.0450	0.1050	0.1050	-9.61375458e+06
0.0450	0.1050	0.1150	1.20615112e+09
0.0450	0.1050	0.1250	1.13131823e+09
0.0450	0.1050	0.1350	1.11387035e+09
0.0450	0.1050	0.1450	9.02003521e+08
0.0450	0.1150	0.1150	1.85002516e+08
0.0450	0.1150	0.1250	9.27109368e+08
0.0450	0.1150	0.1350	9.42577349e+08
0.0450	0.1150	0.1450	1.20651887e+09
0.0450	0.1250	0.1250	5.77104645e+08
0.0450	0.1250	0.1350	7.76397936e+08
0.0450	0.1250	0.1450	8.83696897e+08
0.0450	0.1350	0.1350	7.33117675e+08
0.0450	0.1350	0.1450	9.34030753e+08
0.0450	0.1450	0.1450	7.09294779e+08
0.0550	0.0550	0.0550	2.50365197e+09
0.0550	0.0550	0.0650	1.26645955e+09
0.0550	0.0550	0.0750	5.00975058e+08
0.0550	0.0550	0.0850	1.42779267e+09
0.0550	0.0550	0.0950	2.65819387e+09
0.0550	0.0550	0.1050	9.15961742e+08
0.0550	0.0550	0.1150	6.45792461e+09
0.0550	0.0650	0.0650	5.85032360e+08
0.0550	0.0650	0.0750	2.10415538e+09
0.0550	0.0650	0.0850	6.54202960e+08
0.0550	0.0650	0.0950	1.15844654e+09
0.0550	0.0650	0.1050	2.18692816e+09
0.0550	0.0650	0.1150	1.24522666e+09
0.0550	0.0650	0.1250	1.93971042e+09
0.0550	0.0750	0.0750	-5.21917985e+08
0.0550	0.0750	0.0850	1.71620342e+09
0.0550	0.0750	0.0950	1.31448932e+09
0.0550	0.0750	0.1050	1.33881628e+09
0.0550	0.0750	0.1150	1.54343723e+09
0.0550	0.0750	0.1250	2.07735921e+09
0.0550	0.0750	0.1350	2.73009529e+09
0.0550	0.0850	0.0850	7.32371942e+08
0.0550	0.0850	0.0950	1.38427501e+09
0.0550	0.0850	0.1050	9.25470233e+08
0.0550	0.0850	0.1150	1.06638348e+09
0.0550	0.0850	0.1250	1.43629534e+09
0.0550	0.0850	0.1350	1.38894278e+09
0.0550	0.0850	0.1450	2.26519043e+09
0.0550	0.0950	0.0950	7.67219259e+08
0.0550	0.0950	0.1050	7.02599847e+08
0.0550	0.0950	0.1150	5.53789550e+08
0.0550	0.0950	0.1250	9.69960774e+08
0.0550	0.0950	0.1350	1.04540249e+09
0.0550	0.0950	0.1450	1.14858474e+09
0.0550	0.1050	0.1050	1.24892759e+09
0.0550	0.1050	0.1150	7.36583140e+08
0.0550	0.1050	0.1250	8.24012156e+08
0.0550	0.1050	0.1350	6.04633898e+08
0.0550	0.1050	0.1450	7.09965777e+08
0.0550	0.1150	0.1150	1.51487425e+09
0.0550	0.1150	0.1250	8.85690990e+08
0.0550	0.1150	0.1350	5.66938710e+08
0.0550	0.1150	0.1450	1.12183445e+09
0.0550	0.1250	0.1250	1.52475461e+09
0.0550	0.1250	0.1350	7.16211687e+08
0.0550	0.1250	0.1450	6.84178499e+08
0.0550	0.1350	0.1350	7.49377428e+08
0.0550	0.1350	0.1450	6.23665661e+08
0.0550	0.1450	0.1450	8.44654977e+08
0.0650	0.0650	0.0650	5.98344929e+09
0.0650	0.0650	0.0750	1.13725226e+09
0.0650	0.0650	0.0850	1.79795069e+09
0.0650	0.0650	0.0950	1.02346310e+09
0.0650	0.0650	0.1050	1.25314691e+09
0.0650	0.0650	0.1150	2.14683853e+09
0.0650	0.0650	0.1250	1.56346027e+09
0.0650	0.0650	0.1350	2.03995108e+09
0.0650	0.0750	0.0750	1.28646572e+09
0.0650	0.0750	0.0850	8.33727961e+08
0.0650	0.0750	0.0950	1.17264361e+09
0.0650	0.0750	0.1050	1.36583088e+09
0.0650	0.0750	0.1150	1.02788017e+09
0.0650	0.0750	0.1250	1.58161793e+09
0.0650	0.0750	0.1350	2.28210565e+09
0.0650	0.0750	0.1450	1.49889382e+09
0.0650	0.0850	0.0850	1.17874329e+09
0.0650	0.0850	0.0950	1.17570766e+09
0.0650	0.0850	0.1050	1.20341419e+09
0.0650	0.0850	0.1150	9.26681238e+08
0.0650	0.0850	0.1250	1.20455253e+09
0.0650	0.0850	0.1350	1.30882956e+09
0.0650	0.0850	0.1450	1.31428318e+09
0.0650	0.0950	0.0950	1.78721963e+09
0.0650	0.0950	0.1050	8.90893949e+08
0.0650	0.0950	0.1150	1.01977882e+09
0.0650	0.0950	0.1250	1.06921272e+09
0.0650	0.0950	0.1350	9.29999652e+08
0.0650	0.0950	0.1450	1.16640715e+09
0.0650	0.1050	0.1050	3.64744237e+08
0.0650	0.1050	0.1150	7.50755585e+08
0.0650	0.1050	0.1250	1.18894885e+09
0.0650	0.1050	0.1350	7.59368508e+08
0.0650	0.1050	0.1450	8.20156840e+08
0.0650	0.1150	0.1150	9.16525487e+08
0.0650	0.1150	0.1250	9.05805065e+08
0.0650	0.1150	0.1350	1.07404526e+09
0.0650	0.1150	0.1450	7.07953228e+08
0.0650	0.1250	0.1250	2.00085334e+08
0.0650	0.1250	0.1350	1.07189761e+09
0.0650	0.1250	0.1450	7.55664771e+08
0.0650	0.1350	0.1350	4.64311844e+08
0.0650	0.1350	0.1450	6.00408839e+08
0.0650	0.1450	0.1450	2.99232825e+08
0.0750	0.0750	0.0750	4.79494969e+08
0.0750	0.0750	0.0850	2.31798114e+09
0.0750	0.0750	0.0950	9.64849922e+08
0.0750	0.0750	0.1050	8.73998209e+08
0.0750	0.0750	0.1150	8.80175984e+08
0.0750	0.0750	0.1250	1.23570907e+09
0.0750	0.0750	0.1350	1.54623211e+09
0.0750	0.0750	0.1450	1.23216381e+09
0.0750	0.0850	0.0850	1.01203103e+09
0.0750	0.0850	0.0950	3.86429092e+08
0.0750	0.0850	0.1050	3.35605575e+08
0.0750	0.0850	0.1150	8.49540617e+08
0.0750	0.0850	0.1250	1.08794550e+09
0.0750	0.0850	0.1350	1.17078033e+09
0.0750	0.0850	0.1450	1.18135315e+09
0.0750	0.0950	0.0950	4.72777138e+08
0.0750	0.0950	0.1050	6.73840477e+08
0.0750	0.0950	0.1150	6.06487003e+08
0.0750	0.0950	0.1250	9.70100836e+08
0.0750	0.0950	0.1350	4.95609829e+08
0.0750	0.0950	0.1450	8.39965653e+08
0.0750	0.1050	0.1050	8.43177188e+08
0.0750	0.1050	0.1150	7.91835160e+08
0.0750	0.1050	0.1250	5.35701319e+08
0.0750	0.1050	0.1350	6.09438305e+08
0.0750	0.1050	0.1450	7.09499146e+08
0.0750	0.1150	0.1150	7.65055359e+08
0.0750	0.1150	0.1250	4.11016998e+08
0.0750	0.1150	0.1350	6.37372470e+08
0.0750	0.1150	0.1450	6.77488626e+08
0.0750	0.1250	0.1250	8.48450265e+08
0.0750	0.1250	0.1350	7.11937378e+08
0.0750	0.1250	0.1450	6.12995482e+08
0.0750	0.1350	0.1350	7.72641270e+08
0.0750	0.1350	0.1450	6.50968283e+08
0.0750	0.1450	0.1450	8.43966498e+08
0.0850	0.0850	0.0850	5.92357221e+08
0.0850	0.0850	0.0950	1.07106663e+09
0.0850	0.0850	0.1050	1.16305459e+09
0.0850	0.0850	0.1150	7.25668296e+08
0.0850	0.0850	0.1250	4.27631039e+08
0.0850	0.0850	0.1350	5.52929738e+08
0.0850	0.0850	0.1450	5.53546393e+08
0.0850	0.0950	0.0950	2.97265904e+08
0.0850	0.0950	0.1050	5.52438245e+08
0.0850	0.0950	0.1150	1.01123085e+09
0.0850	0.0950	0.1250	5.87431882e+08
0.0850	0.0950	0.1350	7.15984648e+08
0.0850	0.0950	0.1450	6.39122128e+08
0.0850	0.1050	0.1050	8.14038165e+08
0.0850	0.1050	0.1150	6.65906905e+08
0.0850	0.1050	0.1250	7.85618552e+08
0.0850	0.1050	0.1350	5.86617128e+08
0.0850	0.1050	0.1450	4.57888471e+08
0.0850	0.1150	0.1150	5.73313406e+08
0.0850	0.1150	0.1250	4.48494262e+08
0.0850	0.1150	0.1350	4.48580526e+08
0.0850	0.1150	0.1450	6.29970686e+08
0.0850	0.1250	0.1250	6.77121947e+08
0.0850	0.1250	0.1350	4.80540271e+08
0.0850	0.1250	0.1450	5.30282030e+08
0.0850	0.1350	0.1350	3.40531007e+08
0.0850	0.1350	0.1450	4.44002750e+08
0.0850	0.1450	0.1450	3.24953782e+08
0.0950	0.0950	0.0950	6.23751804e+08
0.0950	0.0950	0.1050	7.59777185e+08
0.0950	0.0950	0.1150	3.16235320e+08
0.0950	0.0950	0.1250	1.00437585e+09
0.0950	0.0950	0.1350	5.92059843e+08
0.0950	0.0950	0.1450	7.30543906e+08
0.0950	0.1050	0.1050	3.83161600e+08
0.0950	0.1050	0.1150	9.02485445e+08
0.0950	0.1050	0.1250	3.86386757e+08
0.0950	0.1050	0.1350	5.25690233e+08
0.0950	0.1050	0.1450	3.63171908e+08
0.0950	0.1150	0.1150	3.97054454e+08
0.0950	0.1150	0.1250	5.43361481e+08
0.0950	0.1150	0.1350	4.58150390e+08
0.0950	0.1150	0.1450	5.27960073e+08
0.0950	0.1250	0.1250	2.72734951e+08
0.0950	0.1250	0.1350	6.42364928e+08
0.0950	0.1250	0.1450	4.23215631e+08
0.0950	0.1350	0.1350	4.53336304e+08
0.0950	0.1350	0.1450	5.28618890e+08
0.0950	0.1450	0.1450	5.04005325e+08
0.1050	0.1050	0.1050	8.48732643e+08
0.1050	0.1050	0.1150	5.83646595e+08
0.1050	0.1050	0.1250	7.33891841e+08
0.1050	0.1050	0.1350	5.00894711e+08
0.1050	0.1050	0.1450	2.76448612e+08
0.1050	0.1150	0.1150	4.78165256e+08
0.1050	0.1150	0.1250	5.39957163e+08
0.1050	0.1150	0.1350	4.09440944e+08
0.1050	0.1150	0.1450	5.03745383e+08
0.1050	0.1250	0.1250	4.31033779e+08
0.1050	0.1250	0.1350	3.77537304e+08
0.1050	0.1250	0.1450	4.05952277e+08
0.1050	0.1350	0.1350	5.07580082e+08
0.1050	0.1350	0.1450	4.53730818e+08
0.1050	0.1450	0.1450	5.56248505e+08
0.1150	0.1150	0.1150	2.35519669e+08
0.1150	0.1150	0.1250	2.71465314e+08
0.1150	0.1150	0.1350	4.50658372e+08
0.1150	0.1150	0.1450	4.73477774e+08
0.1150	0.1250	0.1250	5.75083805e+08
0.1150	0.1250	0.1350	3.44973227e+08
0.1150	0.1250	0.1450	3.88290840e+08
0.1150	0.1350	0.1350	2.71305692e+08
0.1150	0.1350	0.1450	4.79273786e+08
0.1150	0.1450	0.1450	3.25250955e+08
0.1250	0.1250	0.1250	3.70805161e+08
0.1250	0.1250	0.1350	3.35083701e+08
0.1250	0.1250	0.1450	4.18953335e+08
0.1250	0.1350	0.1350	6.36414107e+08
0.1250	0.1350	0.1450	3.45405204e+08
0.1250	0.1450	0.1450	4.97619734e+08
0.1350	0.1350	0.1350	4.38290240e+08
0.1350	0.1350	0.1450	2.58861948e+08
0.1350	0.1450	0.1450	3.88620363e+08
0.1450	0.1450	0.1450	2.17486380e+08
