####### Bispectrum of Patchy Simulation 93 #############
# Patch: ngc
# z-type: z1
# Weights: fkp
# Fiducial Omega_m: 0.310
# Fiducial h: 0.676
# Boxsize: [1350.0, 2450.0, 1400.0]
# Grid: [126, 230, 130]
# k-binning: [0.000, 0.160, 0.010]
# Monte Carlo Simulations: 100
#
# Format: k1 | k2 | k3 | B(k1,k2,k3)
############################################
0.0150	0.0150	0.0150	4.68638453e+09
0.0150	0.0150	0.0250	1.52672761e+10
0.0150	0.0150	0.0350	4.06677094e+10
0.0150	0.0250	0.0250	-1.32253997e+10
0.0150	0.0250	0.0350	5.92310140e+09
0.0150	0.0250	0.0450	1.29401831e+10
0.0150	0.0350	0.0350	-3.03033963e+09
0.0150	0.0350	0.0450	9.10050678e+09
0.0150	0.0350	0.0550	1.24232152e+10
0.0150	0.0450	0.0450	8.46408221e+09
0.0150	0.0450	0.0550	6.28366882e+09
0.0150	0.0450	0.0650	7.81979207e+09
0.0150	0.0550	0.0550	1.90263402e+09
0.0150	0.0550	0.0650	3.95660909e+09
0.0150	0.0550	0.0750	7.11707681e+09
0.0150	0.0650	0.0650	2.24151800e+09
0.0150	0.0650	0.0750	3.27313759e+09
0.0150	0.0650	0.0850	6.78145752e+09
0.0150	0.0750	0.0750	2.06267537e+09
0.0150	0.0750	0.0850	3.25414394e+09
0.0150	0.0750	0.0950	3.56233005e+09
0.0150	0.0850	0.0850	7.59822308e+08
0.0150	0.0850	0.0950	2.48905649e+09
0.0150	0.0850	0.1050	3.84828722e+09
0.0150	0.0950	0.0950	9.27876920e+08
0.0150	0.0950	0.1050	3.29091675e+09
0.0150	0.0950	0.1150	4.32393951e+09
0.0150	0.1050	0.1050	1.09098739e+09
0.0150	0.1050	0.1150	2.09116049e+09
0.0150	0.1050	0.1250	1.31581563e+09
0.0150	0.1150	0.1150	1.12108776e+09
0.0150	0.1150	0.1250	1.62387453e+09
0.0150	0.1150	0.1350	2.28978535e+09
0.0150	0.1250	0.1250	9.40087132e+08
0.0150	0.1250	0.1350	1.39660043e+09
0.0150	0.1250	0.1450	3.45930050e+09
0.0150	0.1350	0.1350	1.45562398e+09
0.0150	0.1350	0.1450	1.77284404e+09
0.0150	0.1450	0.1450	9.63995224e+08
0.0250	0.0250	0.0250	1.28147940e+10
0.0250	0.0250	0.0350	7.36074344e+09
0.0250	0.0250	0.0450	8.43384593e+09
0.0250	0.0250	0.0550	9.26006675e+09
0.0250	0.0350	0.0350	4.71556623e+09
0.0250	0.0350	0.0450	5.28285371e+09
0.0250	0.0350	0.0550	5.88106569e+09
0.0250	0.0350	0.0650	9.93426500e+09
0.0250	0.0450	0.0450	5.64852817e+09
0.0250	0.0450	0.0550	4.71758415e+09
0.0250	0.0450	0.0650	3.53551388e+09
0.0250	0.0450	0.0750	6.00501284e+09
0.0250	0.0550	0.0550	2.54457909e+09
0.0250	0.0550	0.0650	4.42804085e+09
0.0250	0.0550	0.0750	3.53643721e+09
0.0250	0.0550	0.0850	1.45252256e+09
0.0250	0.0650	0.0650	2.63815973e+09
0.0250	0.0650	0.0750	4.35223911e+09
0.0250	0.0650	0.0850	4.47736734e+09
0.0250	0.0650	0.0950	3.66130204e+09
0.0250	0.0750	0.0750	1.89355938e+09
0.0250	0.0750	0.0850	2.59160473e+09
0.0250	0.0750	0.0950	2.95369418e+09
0.0250	0.0750	0.1050	4.28807308e+09
0.0250	0.0850	0.0850	1.29997105e+09
0.0250	0.0850	0.0950	2.53512364e+09
0.0250	0.0850	0.1050	3.49867883e+09
0.0250	0.0850	0.1150	2.80738631e+09
0.0250	0.0950	0.0950	1.08917237e+09
0.0250	0.0950	0.1050	1.79336652e+09
0.0250	0.0950	0.1150	2.39622767e+09
0.0250	0.0950	0.1250	1.64314848e+09
0.0250	0.1050	0.1050	2.07088618e+09
0.0250	0.1050	0.1150	1.92060329e+09
0.0250	0.1050	0.1250	2.24069038e+09
0.0250	0.1050	0.1350	2.75768793e+09
0.0250	0.1150	0.1150	1.32842904e+09
0.0250	0.1150	0.1250	1.44416720e+09
0.0250	0.1150	0.1350	1.59284641e+09
0.0250	0.1150	0.1450	2.30831520e+09
0.0250	0.1250	0.1250	1.31308237e+09
0.0250	0.1250	0.1350	1.57819913e+09
0.0250	0.1250	0.1450	2.06928033e+09
0.0250	0.1350	0.1350	8.87414983e+08
0.0250	0.1350	0.1450	1.03482644e+09
0.0250	0.1450	0.1450	1.56737712e+09
0.0350	0.0350	0.0350	6.75274980e+09
0.0350	0.0350	0.0450	2.11044218e+09
0.0350	0.0350	0.0550	5.54043926e+09
0.0350	0.0350	0.0650	5.61487429e+09
0.0350	0.0350	0.0750	5.03848607e+09
0.0350	0.0450	0.0450	4.50540806e+09
0.0350	0.0450	0.0550	2.80860574e+09
0.0350	0.0450	0.0650	2.87641893e+09
0.0350	0.0450	0.0750	3.08209771e+09
0.0350	0.0450	0.0850	2.65222762e+09
0.0350	0.0550	0.0550	1.26353497e+09
0.0350	0.0550	0.0650	1.87373344e+09
0.0350	0.0550	0.0750	3.13084465e+09
0.0350	0.0550	0.0850	3.40139554e+09
0.0350	0.0550	0.0950	3.57448170e+09
0.0350	0.0650	0.0650	1.46617357e+09
0.0350	0.0650	0.0750	1.58831648e+09
0.0350	0.0650	0.0850	2.53956948e+09
0.0350	0.0650	0.0950	2.98554470e+09
0.0350	0.0650	0.1050	2.19195879e+09
0.0350	0.0750	0.0750	1.56710067e+09
0.0350	0.0750	0.0850	2.07576498e+09
0.0350	0.0750	0.0950	1.74986890e+09
0.0350	0.0750	0.1050	2.84296997e+09
0.0350	0.0750	0.1150	2.13035762e+09
0.0350	0.0850	0.0850	2.03402323e+09
0.0350	0.0850	0.0950	1.48283697e+09
0.0350	0.0850	0.1050	1.17680141e+09
0.0350	0.0850	0.1150	2.15561425e+09
0.0350	0.0850	0.1250	2.12847528e+09
0.0350	0.0950	0.0950	1.74128870e+09
0.0350	0.0950	0.1050	1.55159144e+09
0.0350	0.0950	0.1150	1.58940525e+09
0.0350	0.0950	0.1250	1.66859145e+09
0.0350	0.0950	0.1350	1.70656844e+09
0.0350	0.1050	0.1050	7.80224951e+08
0.0350	0.1050	0.1150	1.57525702e+09
0.0350	0.1050	0.1250	1.30145839e+09
0.0350	0.1050	0.1350	1.28402276e+09
0.0350	0.1050	0.1450	2.00358862e+09
0.0350	0.1150	0.1150	8.60276425e+08
0.0350	0.1150	0.1250	1.03518993e+09
0.0350	0.1150	0.1350	1.15281663e+09
0.0350	0.1150	0.1450	1.43534119e+09
0.0350	0.1250	0.1250	9.81979389e+08
0.0350	0.1250	0.1350	8.08699383e+08
0.0350	0.1250	0.1450	1.07432267e+09
0.0350	0.1350	0.1350	1.16384600e+09
0.0350	0.1350	0.1450	6.02027225e+08
0.0350	0.1450	0.1450	8.53779981e+08
0.0450	0.0450	0.0450	2.87242922e+09
0.0450	0.0450	0.0550	2.52524712e+09
0.0450	0.0450	0.0650	3.74686550e+09
0.0450	0.0450	0.0750	4.03265520e+09
0.0450	0.0450	0.0850	5.28357501e+09
0.0450	0.0450	0.0950	2.67402183e+09
0.0450	0.0550	0.0550	2.44435462e+09
0.0450	0.0550	0.0650	2.54068909e+09
0.0450	0.0550	0.0750	2.12119701e+09
0.0450	0.0550	0.0850	2.52157903e+09
0.0450	0.0550	0.0950	2.95897018e+09
0.0450	0.0550	0.1050	2.88554021e+09
0.0450	0.0650	0.0650	9.46612664e+08
0.0450	0.0650	0.0750	1.92147783e+09
0.0450	0.0650	0.0850	1.45556730e+09
0.0450	0.0650	0.0950	1.97967578e+09
0.0450	0.0650	0.1050	1.78814379e+09
0.0450	0.0650	0.1150	2.70025222e+09
0.0450	0.0750	0.0750	2.31556126e+09
0.0450	0.0750	0.0850	1.07055052e+09
0.0450	0.0750	0.0950	1.64026490e+09
0.0450	0.0750	0.1050	1.29693574e+09
0.0450	0.0750	0.1150	1.80352398e+09
0.0450	0.0750	0.1250	2.51827811e+09
0.0450	0.0850	0.0850	1.05763800e+09
0.0450	0.0850	0.0950	1.31193730e+09
0.0450	0.0850	0.1050	1.21684395e+09
0.0450	0.0850	0.1150	1.62358996e+09
0.0450	0.0850	0.1250	1.75794880e+09
0.0450	0.0850	0.1350	1.43707175e+09
0.0450	0.0950	0.0950	1.21900695e+09
0.0450	0.0950	0.1050	1.05980838e+09
0.0450	0.0950	0.1150	1.28294778e+09
0.0450	0.0950	0.1250	1.28738806e+09
0.0450	0.0950	0.1350	1.62771370e+09
0.0450	0.0950	0.1450	1.63484515e+09
0.0450	0.1050	0.1050	1.41511963e+09
0.0450	0.1050	0.1150	7.68573417e+08
0.0450	0.1050	0.1250	1.29836406e+09
0.0450	0.1050	0.1350	1.17477767e+09
0.0450	0.1050	0.1450	1.16810365e+09
0.0450	0.1150	0.1150	7.48107800e+08
0.0450	0.1150	0.1250	8.72550379e+08
0.0450	0.1150	0.1350	1.00000413e+09
0.0450	0.1150	0.1450	9.50627281e+08
0.0450	0.1250	0.1250	6.44912330e+08
0.0450	0.1250	0.1350	8.58442134e+08
0.0450	0.1250	0.1450	8.44477366e+08
0.0450	0.1350	0.1350	8.78706820e+08
0.0450	0.1350	0.1450	6.89938889e+08
0.0450	0.1450	0.1450	5.12942421e+08
0.0550	0.0550	0.0550	1.32100773e+09
0.0550	0.0550	0.0650	1.00269220e+09
0.0550	0.0550	0.0750	1.09279607e+09
0.0550	0.0550	0.0850	1.54563219e+09
0.0550	0.0550	0.0950	1.38997559e+09
0.0550	0.0550	0.1050	2.34538154e+09
0.0550	0.0550	0.1150	1.90342164e+09
0.0550	0.0650	0.0650	9.31872154e+08
0.0550	0.0650	0.0750	1.68923032e+09
0.0550	0.0650	0.0850	1.61077194e+09
0.0550	0.0650	0.0950	1.34692177e+09
0.0550	0.0650	0.1050	1.81197088e+09
0.0550	0.0650	0.1150	2.12525769e+09
0.0550	0.0650	0.1250	1.26999525e+09
0.0550	0.0750	0.0750	1.15282094e+09
0.0550	0.0750	0.0850	1.10874581e+09
0.0550	0.0750	0.0950	8.64201299e+08
0.0550	0.0750	0.1050	1.14955362e+09
0.0550	0.0750	0.1150	1.16118600e+09
0.0550	0.0750	0.1250	1.62566295e+09
0.0550	0.0750	0.1350	1.28672037e+09
0.0550	0.0850	0.0850	9.76246369e+08
0.0550	0.0850	0.0950	9.56609215e+08
0.0550	0.0850	0.1050	1.01594753e+09
0.0550	0.0850	0.1150	7.88619348e+08
0.0550	0.0850	0.1250	1.31598061e+09
0.0550	0.0850	0.1350	1.49658958e+09
0.0550	0.0850	0.1450	1.49423796e+09
0.0550	0.0950	0.0950	8.57512835e+08
0.0550	0.0950	0.1050	6.98149329e+08
0.0550	0.0950	0.1150	1.08678107e+09
0.0550	0.0950	0.1250	7.40579740e+08
0.0550	0.0950	0.1350	1.24081509e+09
0.0550	0.0950	0.1450	1.26086142e+09
0.0550	0.1050	0.1050	8.45108861e+08
0.0550	0.1050	0.1150	8.52120983e+08
0.0550	0.1050	0.1250	5.84919736e+08
0.0550	0.1050	0.1350	7.70876948e+08
0.0550	0.1050	0.1450	8.37345769e+08
0.0550	0.1150	0.1150	2.26482955e+08
0.0550	0.1150	0.1250	5.32318832e+08
0.0550	0.1150	0.1350	7.79129982e+08
0.0550	0.1150	0.1450	7.64288320e+08
0.0550	0.1250	0.1250	5.87769209e+08
0.0550	0.1250	0.1350	6.51475831e+08
0.0550	0.1250	0.1450	6.10907616e+08
0.0550	0.1350	0.1350	5.15943529e+08
0.0550	0.1350	0.1450	6.03703700e+08
0.0550	0.1450	0.1450	7.39645070e+08
0.0650	0.0650	0.0650	5.71239498e+07
0.0650	0.0650	0.0750	1.54462674e+09
0.0650	0.0650	0.0850	1.32750260e+09
0.0650	0.0650	0.0950	1.04863457e+09
0.0650	0.0650	0.1050	6.05161578e+08
0.0650	0.0650	0.1150	1.10497860e+09
0.0650	0.0650	0.1250	1.42377891e+09
0.0650	0.0650	0.1350	2.11688494e+09
0.0650	0.0750	0.0750	6.84965044e+08
0.0650	0.0750	0.0850	7.86564004e+08
0.0650	0.0750	0.0950	1.30713297e+09
0.0650	0.0750	0.1050	1.18944107e+09
0.0650	0.0750	0.1150	1.10946224e+09
0.0650	0.0750	0.1250	1.07144507e+09
0.0650	0.0750	0.1350	1.41966887e+09
0.0650	0.0750	0.1450	1.19077815e+09
0.0650	0.0850	0.0850	6.13388025e+08
0.0650	0.0850	0.0950	7.39241090e+08
0.0650	0.0850	0.1050	8.55160434e+08
0.0650	0.0850	0.1150	7.97540074e+08
0.0650	0.0850	0.1250	8.15323785e+08
0.0650	0.0850	0.1350	9.08171025e+08
0.0650	0.0850	0.1450	1.00078353e+09
0.0650	0.0950	0.0950	7.67219956e+08
0.0650	0.0950	0.1050	6.80026007e+08
0.0650	0.0950	0.1150	7.46577874e+08
0.0650	0.0950	0.1250	6.72445955e+08
0.0650	0.0950	0.1350	8.17451885e+08
0.0650	0.0950	0.1450	9.38988255e+08
0.0650	0.1050	0.1050	3.20929038e+08
0.0650	0.1050	0.1150	4.84710539e+08
0.0650	0.1050	0.1250	6.99667031e+08
0.0650	0.1050	0.1350	5.74330629e+08
0.0650	0.1050	0.1450	6.87990628e+08
0.0650	0.1150	0.1150	5.08717235e+08
0.0650	0.1150	0.1250	6.24007477e+08
0.0650	0.1150	0.1350	5.15775116e+08
0.0650	0.1150	0.1450	7.31119512e+08
0.0650	0.1250	0.1250	6.49469163e+08
0.0650	0.1250	0.1350	5.84410123e+08
0.0650	0.1250	0.1450	4.67097576e+08
0.0650	0.1350	0.1350	5.59124438e+08
0.0650	0.1350	0.1450	5.54055757e+08
0.0650	0.1450	0.1450	5.15483940e+08
0.0750	0.0750	0.0750	9.26578901e+08
0.0750	0.0750	0.0850	7.84587912e+08
0.0750	0.0750	0.0950	9.42625367e+08
0.0750	0.0750	0.1050	7.96396678e+08
0.0750	0.0750	0.1150	9.72191845e+08
0.0750	0.0750	0.1250	1.00991416e+09
0.0750	0.0750	0.1350	1.21763206e+09
0.0750	0.0750	0.1450	1.46600337e+09
0.0750	0.0850	0.0850	9.19449315e+08
0.0750	0.0850	0.0950	9.16908686e+08
0.0750	0.0850	0.1050	6.69546230e+08
0.0750	0.0850	0.1150	7.41195739e+08
0.0750	0.0850	0.1250	7.91605509e+08
0.0750	0.0850	0.1350	9.27229597e+08
0.0750	0.0850	0.1450	9.20458903e+08
0.0750	0.0950	0.0950	5.48314967e+08
0.0750	0.0950	0.1050	5.99055130e+08
0.0750	0.0950	0.1150	6.11871767e+08
0.0750	0.0950	0.1250	9.51787202e+08
0.0750	0.0950	0.1350	6.58337782e+08
0.0750	0.0950	0.1450	8.20508282e+08
0.0750	0.1050	0.1050	8.70209577e+08
0.0750	0.1050	0.1150	7.46662201e+08
0.0750	0.1050	0.1250	3.44070495e+08
0.0750	0.1050	0.1350	6.92315726e+08
0.0750	0.1050	0.1450	6.11644539e+08
0.0750	0.1150	0.1150	4.90237331e+08
0.0750	0.1150	0.1250	5.44565155e+08
0.0750	0.1150	0.1350	5.22055327e+08
0.0750	0.1150	0.1450	4.59034118e+08
0.0750	0.1250	0.1250	5.80431015e+08
0.0750	0.1250	0.1350	4.22619649e+08
0.0750	0.1250	0.1450	3.77859925e+08
0.0750	0.1350	0.1350	4.49619561e+08
0.0750	0.1350	0.1450	4.70821208e+08
0.0750	0.1450	0.1450	4.32762566e+08
0.0850	0.0850	0.0850	2.96011997e+08
0.0850	0.0850	0.0950	6.79974090e+08
0.0850	0.0850	0.1050	5.96018433e+08
0.0850	0.0850	0.1150	7.30996233e+08
0.0850	0.0850	0.1250	7.42019742e+08
0.0850	0.0850	0.1350	9.11332605e+08
0.0850	0.0850	0.1450	7.25431349e+08
0.0850	0.0950	0.0950	4.11617880e+08
0.0850	0.0950	0.1050	5.10058392e+08
0.0850	0.0950	0.1150	5.46582396e+08
0.0850	0.0950	0.1250	4.73188636e+08
0.0850	0.0950	0.1350	5.12765240e+08
0.0850	0.0950	0.1450	5.07737376e+08
0.0850	0.1050	0.1050	7.52725511e+08
0.0850	0.1050	0.1150	3.59706598e+08
0.0850	0.1050	0.1250	4.71489801e+08
0.0850	0.1050	0.1350	6.05506051e+08
0.0850	0.1050	0.1450	5.42489382e+08
0.0850	0.1150	0.1150	4.47853618e+08
0.0850	0.1150	0.1250	4.06146385e+08
0.0850	0.1150	0.1350	6.14684644e+08
0.0850	0.1150	0.1450	4.35551187e+08
0.0850	0.1250	0.1250	5.08877460e+08
0.0850	0.1250	0.1350	3.58509793e+08
0.0850	0.1250	0.1450	4.28495394e+08
0.0850	0.1350	0.1350	4.19883456e+08
0.0850	0.1350	0.1450	3.80502279e+08
0.0850	0.1450	0.1450	3.44122554e+08
0.0950	0.0950	0.0950	7.30604062e+08
0.0950	0.0950	0.1050	5.09698112e+08
0.0950	0.0950	0.1150	5.13765399e+08
0.0950	0.0950	0.1250	4.58096512e+08
0.0950	0.0950	0.1350	6.83306670e+08
0.0950	0.0950	0.1450	4.35451881e+08
0.0950	0.1050	0.1050	4.28486656e+08
0.0950	0.1050	0.1150	5.15555381e+08
0.0950	0.1050	0.1250	5.90815705e+08
0.0950	0.1050	0.1350	3.55290136e+08
0.0950	0.1050	0.1450	4.16230529e+08
0.0950	0.1150	0.1150	2.87100095e+08
0.0950	0.1150	0.1250	3.59486669e+08
0.0950	0.1150	0.1350	4.12341176e+08
0.0950	0.1150	0.1450	4.17044357e+08
0.0950	0.1250	0.1250	2.60996651e+08
0.0950	0.1250	0.1350	3.72223180e+08
0.0950	0.1250	0.1450	4.05390251e+08
0.0950	0.1350	0.1350	3.34547720e+08
0.0950	0.1350	0.1450	3.97417057e+08
0.0950	0.1450	0.1450	2.29609281e+08
0.1050	0.1050	0.1050	3.72488464e+08
0.1050	0.1050	0.1150	2.73085651e+08
0.1050	0.1050	0.1250	3.03045726e+08
0.1050	0.1050	0.1350	4.54139969e+08
0.1050	0.1050	0.1450	3.84352003e+08
0.1050	0.1150	0.1150	3.00566708e+08
0.1050	0.1150	0.1250	3.26076071e+08
0.1050	0.1150	0.1350	3.60639393e+08
0.1050	0.1150	0.1450	2.62454894e+08
0.1050	0.1250	0.1250	3.99937411e+08
0.1050	0.1250	0.1350	2.89638219e+08
0.1050	0.1250	0.1450	3.31847692e+08
0.1050	0.1350	0.1350	3.84639884e+08
0.1050	0.1350	0.1450	3.56205539e+08
0.1050	0.1450	0.1450	2.33443361e+08
0.1150	0.1150	0.1150	3.00233600e+08
0.1150	0.1150	0.1250	3.47351301e+08
0.1150	0.1150	0.1350	2.94166630e+08
0.1150	0.1150	0.1450	3.61623155e+08
0.1150	0.1250	0.1250	3.47740498e+08
0.1150	0.1250	0.1350	2.63126217e+08
0.1150	0.1250	0.1450	3.29886259e+08
0.1150	0.1350	0.1350	2.40041036e+08
0.1150	0.1350	0.1450	2.98253273e+08
0.1150	0.1450	0.1450	3.70360133e+08
0.1250	0.1250	0.1250	3.17232295e+08
0.1250	0.1250	0.1350	3.25853762e+08
0.1250	0.1250	0.1450	2.34156130e+08
0.1250	0.1350	0.1350	2.84416468e+08
0.1250	0.1350	0.1450	2.79434157e+08
0.1250	0.1450	0.1450	1.43050054e+08
0.1350	0.1350	0.1350	4.02375047e+08
0.1350	0.1350	0.1450	1.42560107e+08
0.1350	0.1450	0.1450	3.25811614e+08
0.1450	0.1450	0.1450	2.28843798e+08
