####### Bispectrum of Patchy Simulation 544 #############
# Patch: ngc
# z-type: z3
# Weights: fkp
# Fiducial Omega_m: 0.310
# Fiducial h: 0.676
# Boxsize: [1800.0, 3400.0, 1900.0]
# Grid: [170, 325, 180]
# k-binning: [0.000, 0.160, 0.010]
# Monte Carlo Simulations: 100
#
# Format: k1 | k2 | k3 | B(k1,k2,k3)
############################################
0.0150	0.0150	0.0150	3.99260356e+10
0.0150	0.0150	0.0250	-1.47871009e+10
0.0150	0.0150	0.0350	-4.07055759e+09
0.0150	0.0250	0.0250	1.83935394e+10
0.0150	0.0250	0.0350	5.64634197e+09
0.0150	0.0250	0.0450	4.75754222e+09
0.0150	0.0350	0.0350	-5.03358913e+09
0.0150	0.0350	0.0450	6.96469475e+09
0.0150	0.0350	0.0550	2.65795235e+09
0.0150	0.0450	0.0450	-1.59990190e+09
0.0150	0.0450	0.0550	6.62540898e+09
0.0150	0.0450	0.0650	9.22408546e+09
0.0150	0.0550	0.0550	4.98591249e+09
0.0150	0.0550	0.0650	3.68977622e+09
0.0150	0.0550	0.0750	2.24434891e+08
0.0150	0.0650	0.0650	3.47855983e+09
0.0150	0.0650	0.0750	3.02902898e+09
0.0150	0.0650	0.0850	5.58992593e+09
0.0150	0.0750	0.0750	2.80362697e+09
0.0150	0.0750	0.0850	3.50317759e+09
0.0150	0.0750	0.0950	4.09433293e+09
0.0150	0.0850	0.0850	1.54223119e+09
0.0150	0.0850	0.0950	2.68168125e+09
0.0150	0.0850	0.1050	2.29210279e+09
0.0150	0.0950	0.0950	6.03070244e+08
0.0150	0.0950	0.1050	2.79316947e+09
0.0150	0.0950	0.1150	4.53851670e+09
0.0150	0.1050	0.1050	7.93195658e+08
0.0150	0.1050	0.1150	1.84056222e+09
0.0150	0.1050	0.1250	3.35720864e+09
0.0150	0.1150	0.1150	1.82310966e+09
0.0150	0.1150	0.1250	2.04031442e+09
0.0150	0.1150	0.1350	2.67089415e+09
0.0150	0.1250	0.1250	6.78119003e+08
0.0150	0.1250	0.1350	1.80531834e+09
0.0150	0.1250	0.1450	2.25688019e+09
0.0150	0.1350	0.1350	1.85557050e+09
0.0150	0.1350	0.1450	1.28079925e+09
0.0150	0.1450	0.1450	1.44669702e+09
0.0250	0.0250	0.0250	6.74084126e+09
0.0250	0.0250	0.0350	5.21299772e+09
0.0250	0.0250	0.0450	7.38885376e+09
0.0250	0.0250	0.0550	-9.29336701e+08
0.0250	0.0350	0.0350	6.91801738e+09
0.0250	0.0350	0.0450	2.37319358e+09
0.0250	0.0350	0.0550	4.24547163e+09
0.0250	0.0350	0.0650	4.52401450e+09
0.0250	0.0450	0.0450	3.99854926e+09
0.0250	0.0450	0.0550	1.69800052e+09
0.0250	0.0450	0.0650	5.28103841e+09
0.0250	0.0450	0.0750	4.09595059e+09
0.0250	0.0550	0.0550	1.75378512e+09
0.0250	0.0550	0.0650	4.01699933e+09
0.0250	0.0550	0.0750	3.68494363e+09
0.0250	0.0550	0.0850	5.36961060e+09
0.0250	0.0650	0.0650	1.31561086e+09
0.0250	0.0650	0.0750	2.77036641e+09
0.0250	0.0650	0.0850	3.01529715e+09
0.0250	0.0650	0.0950	4.87627648e+09
0.0250	0.0750	0.0750	3.12437615e+09
0.0250	0.0750	0.0850	2.64666303e+09
0.0250	0.0750	0.0950	2.82324854e+09
0.0250	0.0750	0.1050	2.25503045e+09
0.0250	0.0850	0.0850	1.98932266e+09
0.0250	0.0850	0.0950	1.40278590e+09
0.0250	0.0850	0.1050	3.17488636e+09
0.0250	0.0850	0.1150	2.33388210e+09
0.0250	0.0950	0.0950	2.37237634e+09
0.0250	0.0950	0.1050	1.61580349e+09
0.0250	0.0950	0.1150	1.98907993e+09
0.0250	0.0950	0.1250	1.86838092e+09
0.0250	0.1050	0.1050	1.21251694e+09
0.0250	0.1050	0.1150	1.30339214e+09
0.0250	0.1050	0.1250	1.55956912e+09
0.0250	0.1050	0.1350	1.86614264e+09
0.0250	0.1150	0.1150	1.35389073e+09
0.0250	0.1150	0.1250	1.36776508e+09
0.0250	0.1150	0.1350	1.76657758e+09
0.0250	0.1150	0.1450	2.17854227e+09
0.0250	0.1250	0.1250	1.21560357e+09
0.0250	0.1250	0.1350	1.22792358e+09
0.0250	0.1250	0.1450	1.19083747e+09
0.0250	0.1350	0.1350	6.92760268e+08
0.0250	0.1350	0.1450	1.20480948e+09
0.0250	0.1450	0.1450	1.11880878e+09
0.0350	0.0350	0.0350	-8.13833874e+08
0.0350	0.0350	0.0450	5.60726447e+09
0.0350	0.0350	0.0550	1.49124088e+09
0.0350	0.0350	0.0650	2.55515054e+09
0.0350	0.0350	0.0750	5.48824664e+09
0.0350	0.0450	0.0450	2.62569652e+09
0.0350	0.0450	0.0550	2.46791756e+09
0.0350	0.0450	0.0650	3.06741510e+09
0.0350	0.0450	0.0750	2.52914818e+09
0.0350	0.0450	0.0850	4.79712567e+09
0.0350	0.0550	0.0550	3.45274370e+09
0.0350	0.0550	0.0650	1.76243282e+09
0.0350	0.0550	0.0750	2.02073593e+09
0.0350	0.0550	0.0850	2.77799729e+09
0.0350	0.0550	0.0950	5.60824904e+09
0.0350	0.0650	0.0650	2.67692684e+09
0.0350	0.0650	0.0750	2.89126511e+09
0.0350	0.0650	0.0850	2.06749106e+09
0.0350	0.0650	0.0950	2.72124646e+09
0.0350	0.0650	0.1050	3.23056882e+09
0.0350	0.0750	0.0750	1.11033080e+09
0.0350	0.0750	0.0850	1.96758402e+09
0.0350	0.0750	0.0950	1.64736246e+09
0.0350	0.0750	0.1050	2.21633127e+09
0.0350	0.0750	0.1150	2.83265871e+09
0.0350	0.0850	0.0850	1.88316892e+09
0.0350	0.0850	0.0950	1.40562517e+09
0.0350	0.0850	0.1050	1.90473483e+09
0.0350	0.0850	0.1150	2.19106984e+09
0.0350	0.0850	0.1250	1.86893622e+09
0.0350	0.0950	0.0950	1.02114149e+09
0.0350	0.0950	0.1050	1.72928243e+09
0.0350	0.0950	0.1150	1.70801343e+09
0.0350	0.0950	0.1250	1.80747411e+09
0.0350	0.0950	0.1350	2.38096138e+09
0.0350	0.1050	0.1050	9.84568585e+08
0.0350	0.1050	0.1150	9.93648734e+08
0.0350	0.1050	0.1250	1.10456674e+09
0.0350	0.1050	0.1350	1.48019279e+09
0.0350	0.1050	0.1450	2.05725519e+09
0.0350	0.1150	0.1150	1.53531169e+09
0.0350	0.1150	0.1250	9.40856638e+08
0.0350	0.1150	0.1350	9.66174259e+08
0.0350	0.1150	0.1450	1.36331892e+09
0.0350	0.1250	0.1250	7.71376865e+08
0.0350	0.1250	0.1350	1.03114667e+09
0.0350	0.1250	0.1450	1.09942687e+09
0.0350	0.1350	0.1350	7.39353618e+08
0.0350	0.1350	0.1450	1.22155326e+09
0.0350	0.1450	0.1450	4.78532509e+08
0.0450	0.0450	0.0450	1.54653306e+09
0.0450	0.0450	0.0550	2.24337874e+09
0.0450	0.0450	0.0650	-9.18869982e+07
0.0450	0.0450	0.0750	2.19294402e+09
0.0450	0.0450	0.0850	3.05014353e+09
0.0450	0.0450	0.0950	3.48475956e+09
0.0450	0.0550	0.0550	2.26111751e+09
0.0450	0.0550	0.0650	2.47450110e+09
0.0450	0.0550	0.0750	1.93312018e+09
0.0450	0.0550	0.0850	1.66696359e+09
0.0450	0.0550	0.0950	1.64390549e+09
0.0450	0.0550	0.1050	2.81222559e+09
0.0450	0.0650	0.0650	1.35534509e+09
0.0450	0.0650	0.0750	1.51392959e+09
0.0450	0.0650	0.0850	2.25325633e+09
0.0450	0.0650	0.0950	2.25345509e+09
0.0450	0.0650	0.1050	2.18743977e+09
0.0450	0.0650	0.1150	3.03918298e+09
0.0450	0.0750	0.0750	9.94136354e+08
0.0450	0.0750	0.0850	1.01879832e+09
0.0450	0.0750	0.0950	9.40305624e+08
0.0450	0.0750	0.1050	1.50912295e+09
0.0450	0.0750	0.1150	1.66339275e+09
0.0450	0.0750	0.1250	2.09765579e+09
0.0450	0.0850	0.0850	8.44265062e+08
0.0450	0.0850	0.0950	1.68080728e+09
0.0450	0.0850	0.1050	1.35256036e+09
0.0450	0.0850	0.1150	1.24194743e+09
0.0450	0.0850	0.1250	1.54307338e+09
0.0450	0.0850	0.1350	1.83662805e+09
0.0450	0.0950	0.0950	1.24210495e+09
0.0450	0.0950	0.1050	6.29792890e+08
0.0450	0.0950	0.1150	1.07156614e+09
0.0450	0.0950	0.1250	1.12032706e+09
0.0450	0.0950	0.1350	1.12581113e+09
0.0450	0.0950	0.1450	1.54003461e+09
0.0450	0.1050	0.1050	7.63992290e+08
0.0450	0.1050	0.1150	8.17563424e+08
0.0450	0.1050	0.1250	8.53462228e+08
0.0450	0.1050	0.1350	1.05838695e+09
0.0450	0.1050	0.1450	1.05096693e+09
0.0450	0.1150	0.1150	7.87821808e+08
0.0450	0.1150	0.1250	7.11552263e+08
0.0450	0.1150	0.1350	8.02868033e+08
0.0450	0.1150	0.1450	8.90479883e+08
0.0450	0.1250	0.1250	7.60830638e+08
0.0450	0.1250	0.1350	7.17080570e+08
0.0450	0.1250	0.1450	7.02950534e+08
0.0450	0.1350	0.1350	1.18632882e+09
0.0450	0.1350	0.1450	5.32808561e+08
0.0450	0.1450	0.1450	6.27066636e+08
0.0550	0.0550	0.0550	1.17760420e+09
0.0550	0.0550	0.0650	4.30502802e+08
0.0550	0.0550	0.0750	1.60923128e+09
0.0550	0.0550	0.0850	2.09188991e+09
0.0550	0.0550	0.0950	1.87595867e+09
0.0550	0.0550	0.1050	1.98985307e+09
0.0550	0.0550	0.1150	1.47080455e+09
0.0550	0.0650	0.0650	3.12112487e+09
0.0550	0.0650	0.0750	1.31270101e+09
0.0550	0.0650	0.0850	1.69858828e+09
0.0550	0.0650	0.0950	1.51298591e+09
0.0550	0.0650	0.1050	1.35671883e+09
0.0550	0.0650	0.1150	1.95455371e+09
0.0550	0.0650	0.1250	1.64341629e+09
0.0550	0.0750	0.0750	1.37242309e+09
0.0550	0.0750	0.0850	1.45747727e+09
0.0550	0.0750	0.0950	1.35929221e+09
0.0550	0.0750	0.1050	7.43420486e+08
0.0550	0.0750	0.1150	1.81752826e+09
0.0550	0.0750	0.1250	1.55963901e+09
0.0550	0.0750	0.1350	1.35041614e+09
0.0550	0.0850	0.0850	1.25729778e+09
0.0550	0.0850	0.0950	5.13487054e+08
0.0550	0.0850	0.1050	9.76004003e+08
0.0550	0.0850	0.1150	1.21503624e+09
0.0550	0.0850	0.1250	1.06609012e+09
0.0550	0.0850	0.1350	1.48916420e+09
0.0550	0.0850	0.1450	1.38556662e+09
0.0550	0.0950	0.0950	1.22478348e+09
0.0550	0.0950	0.1050	1.04035239e+09
0.0550	0.0950	0.1150	1.21655073e+09
0.0550	0.0950	0.1250	9.50262953e+08
0.0550	0.0950	0.1350	1.08132906e+09
0.0550	0.0950	0.1450	1.25687334e+09
0.0550	0.1050	0.1050	7.66642068e+08
0.0550	0.1050	0.1150	7.71996285e+08
0.0550	0.1050	0.1250	7.06355567e+08
0.0550	0.1050	0.1350	7.94491743e+08
0.0550	0.1050	0.1450	8.45565033e+08
0.0550	0.1150	0.1150	7.21868515e+08
0.0550	0.1150	0.1250	7.00118770e+08
0.0550	0.1150	0.1350	7.64394412e+08
0.0550	0.1150	0.1450	8.04455863e+08
0.0550	0.1250	0.1250	6.24368991e+08
0.0550	0.1250	0.1350	7.03252187e+08
0.0550	0.1250	0.1450	6.39174894e+08
0.0550	0.1350	0.1350	5.09041409e+08
0.0550	0.1350	0.1450	7.02355467e+08
0.0550	0.1450	0.1450	4.78752487e+08
0.0650	0.0650	0.0650	1.16311373e+09
0.0650	0.0650	0.0750	1.25671670e+09
0.0650	0.0650	0.0850	1.39336638e+09
0.0650	0.0650	0.0950	1.17117334e+09
0.0650	0.0650	0.1050	1.08620757e+09
0.0650	0.0650	0.1150	1.81715957e+09
0.0650	0.0650	0.1250	1.47085216e+09
0.0650	0.0650	0.1350	2.31207778e+09
0.0650	0.0750	0.0750	1.37722395e+09
0.0650	0.0750	0.0850	1.24961685e+09
0.0650	0.0750	0.0950	1.16049116e+09
0.0650	0.0750	0.1050	1.22928651e+09
0.0650	0.0750	0.1150	7.83633471e+08
0.0650	0.0750	0.1250	1.02915316e+09
0.0650	0.0750	0.1350	1.46178244e+09
0.0650	0.0750	0.1450	1.19321286e+09
0.0650	0.0850	0.0850	1.11769284e+09
0.0650	0.0850	0.0950	1.30589758e+09
0.0650	0.0850	0.1050	9.48234748e+08
0.0650	0.0850	0.1150	9.27061681e+08
0.0650	0.0850	0.1250	1.03442409e+09
0.0650	0.0850	0.1350	1.28834178e+09
0.0650	0.0850	0.1450	1.47033583e+09
0.0650	0.0950	0.0950	7.34194000e+08
0.0650	0.0950	0.1050	8.71028998e+08
0.0650	0.0950	0.1150	6.77109153e+08
0.0650	0.0950	0.1250	7.75901931e+08
0.0650	0.0950	0.1350	8.54312520e+08
0.0650	0.0950	0.1450	8.19918326e+08
0.0650	0.1050	0.1050	6.65624628e+08
0.0650	0.1050	0.1150	7.04431552e+08
0.0650	0.1050	0.1250	7.10946853e+08
0.0650	0.1050	0.1350	8.04875754e+08
0.0650	0.1050	0.1450	8.78872750e+08
0.0650	0.1150	0.1150	6.53045296e+08
0.0650	0.1150	0.1250	7.33282393e+08
0.0650	0.1150	0.1350	7.48838428e+08
0.0650	0.1150	0.1450	7.53183967e+08
0.0650	0.1250	0.1250	7.65159499e+08
0.0650	0.1250	0.1350	5.06431479e+08
0.0650	0.1250	0.1450	6.63145936e+08
0.0650	0.1350	0.1350	7.45189424e+08
0.0650	0.1350	0.1450	5.75596491e+08
0.0650	0.1450	0.1450	7.11850179e+08
0.0750	0.0750	0.0750	1.42193716e+09
0.0750	0.0750	0.0850	7.87850538e+08
0.0750	0.0750	0.0950	7.83305481e+08
0.0750	0.0750	0.1050	5.57334038e+08
0.0750	0.0750	0.1150	9.63060396e+08
0.0750	0.0750	0.1250	1.12574209e+09
0.0750	0.0750	0.1350	7.79226020e+08
0.0750	0.0750	0.1450	1.23037918e+09
0.0750	0.0850	0.0850	6.70671254e+08
0.0750	0.0850	0.0950	6.37367423e+08
0.0750	0.0850	0.1050	7.07256270e+08
0.0750	0.0850	0.1150	7.37328378e+08
0.0750	0.0850	0.1250	7.82140452e+08
0.0750	0.0850	0.1350	1.05253334e+09
0.0750	0.0850	0.1450	8.93888248e+08
0.0750	0.0950	0.0950	6.57330596e+08
0.0750	0.0950	0.1050	8.49155012e+08
0.0750	0.0950	0.1150	8.17842117e+08
0.0750	0.0950	0.1250	6.41509542e+08
0.0750	0.0950	0.1350	5.70941079e+08
0.0750	0.0950	0.1450	8.90412830e+08
0.0750	0.1050	0.1050	5.17124359e+08
0.0750	0.1050	0.1150	6.59407285e+08
0.0750	0.1050	0.1250	5.40908427e+08
0.0750	0.1050	0.1350	5.51692537e+08
0.0750	0.1050	0.1450	5.59311283e+08
0.0750	0.1150	0.1150	4.88778328e+08
0.0750	0.1150	0.1250	6.41011986e+08
0.0750	0.1150	0.1350	5.69984641e+08
0.0750	0.1150	0.1450	6.06735643e+08
0.0750	0.1250	0.1250	4.55293854e+08
0.0750	0.1250	0.1350	4.63135362e+08
0.0750	0.1250	0.1450	5.00512197e+08
0.0750	0.1350	0.1350	5.01212293e+08
0.0750	0.1350	0.1450	5.52539380e+08
0.0750	0.1450	0.1450	4.23524248e+08
0.0850	0.0850	0.0850	1.17821848e+09
0.0850	0.0850	0.0950	9.77753758e+08
0.0850	0.0850	0.1050	5.11102998e+08
0.0850	0.0850	0.1150	1.02166587e+09
0.0850	0.0850	0.1250	6.55725346e+08
0.0850	0.0850	0.1350	7.92469087e+08
0.0850	0.0850	0.1450	8.64932828e+08
0.0850	0.0950	0.0950	7.39560100e+08
0.0850	0.0950	0.1050	8.66117129e+08
0.0850	0.0950	0.1150	6.73460190e+08
0.0850	0.0950	0.1250	7.12662632e+08
0.0850	0.0950	0.1350	6.19132053e+08
0.0850	0.0950	0.1450	5.47777143e+08
0.0850	0.1050	0.1050	7.56016776e+08
0.0850	0.1050	0.1150	4.18313802e+08
0.0850	0.1050	0.1250	4.56928880e+08
0.0850	0.1050	0.1350	5.86609976e+08
0.0850	0.1050	0.1450	6.13543604e+08
0.0850	0.1150	0.1150	4.89110876e+08
0.0850	0.1150	0.1250	6.64956109e+08
0.0850	0.1150	0.1350	4.73817301e+08
0.0850	0.1150	0.1450	5.01068057e+08
0.0850	0.1250	0.1250	5.03472857e+08
0.0850	0.1250	0.1350	5.40870445e+08
0.0850	0.1250	0.1450	4.59674567e+08
0.0850	0.1350	0.1350	4.87964453e+08
0.0850	0.1350	0.1450	4.70788368e+08
0.0850	0.1450	0.1450	4.25242354e+08
0.0950	0.0950	0.0950	7.79626492e+08
0.0950	0.0950	0.1050	7.36681266e+08
0.0950	0.0950	0.1150	7.56373583e+08
0.0950	0.0950	0.1250	3.44342617e+08
0.0950	0.0950	0.1350	4.90604117e+08
0.0950	0.0950	0.1450	6.31123177e+08
0.0950	0.1050	0.1050	4.10052464e+08
0.0950	0.1050	0.1150	4.75945872e+08
0.0950	0.1050	0.1250	6.01305461e+08
0.0950	0.1050	0.1350	5.17120859e+08
0.0950	0.1050	0.1450	4.55360392e+08
0.0950	0.1150	0.1150	4.90626736e+08
0.0950	0.1150	0.1250	4.58046459e+08
0.0950	0.1150	0.1350	4.94572637e+08
0.0950	0.1150	0.1450	4.35024676e+08
0.0950	0.1250	0.1250	4.20195207e+08
0.0950	0.1250	0.1350	4.09426626e+08
0.0950	0.1250	0.1450	4.21521371e+08
0.0950	0.1350	0.1350	4.53701403e+08
0.0950	0.1350	0.1450	3.80174292e+08
0.0950	0.1450	0.1450	4.68630283e+08
0.1050	0.1050	0.1050	5.92138809e+08
0.1050	0.1050	0.1150	5.78428066e+08
0.1050	0.1050	0.1250	3.76412308e+08
0.1050	0.1050	0.1350	4.35838656e+08
0.1050	0.1050	0.1450	4.16906828e+08
0.1050	0.1150	0.1150	4.05094602e+08
0.1050	0.1150	0.1250	3.94341224e+08
0.1050	0.1150	0.1350	3.56775140e+08
0.1050	0.1150	0.1450	3.83770852e+08
0.1050	0.1250	0.1250	4.01787356e+08
0.1050	0.1250	0.1350	4.34428287e+08
0.1050	0.1250	0.1450	3.94455954e+08
0.1050	0.1350	0.1350	3.45315569e+08
0.1050	0.1350	0.1450	3.71583454e+08
0.1050	0.1450	0.1450	3.68604985e+08
0.1150	0.1150	0.1150	3.39904212e+08
0.1150	0.1150	0.1250	4.25331114e+08
0.1150	0.1150	0.1350	4.07568411e+08
0.1150	0.1150	0.1450	4.45595985e+08
0.1150	0.1250	0.1250	4.04470060e+08
0.1150	0.1250	0.1350	4.00378732e+08
0.1150	0.1250	0.1450	3.47527583e+08
0.1150	0.1350	0.1350	3.44041154e+08
0.1150	0.1350	0.1450	3.06219340e+08
0.1150	0.1450	0.1450	3.99120548e+08
0.1250	0.1250	0.1250	3.15822580e+08
0.1250	0.1250	0.1350	3.69991837e+08
0.1250	0.1250	0.1450	2.54679534e+08
0.1250	0.1350	0.1350	2.98886052e+08
0.1250	0.1350	0.1450	3.18448910e+08
0.1250	0.1450	0.1450	3.80438539e+08
0.1350	0.1350	0.1350	3.60804454e+08
0.1350	0.1350	0.1450	2.91696922e+08
0.1350	0.1450	0.1450	3.32216146e+08
0.1450	0.1450	0.1450	2.98718185e+08
