####### Bispectrum of Patchy Simulation 597 #############
# Patch: ngc
# z-type: z1
# Weights: fkp
# Fiducial Omega_m: 0.310
# Fiducial h: 0.676
# Boxsize: [1350.0, 2450.0, 1400.0]
# Grid: [126, 230, 130]
# k-binning: [0.000, 0.160, 0.010]
# Monte Carlo Simulations: 100
#
# Format: k1 | k2 | k3 | B(k1,k2,k3)
############################################
0.0150	0.0150	0.0150	-1.83716364e+10
0.0150	0.0150	0.0250	2.80859704e+10
0.0150	0.0150	0.0350	4.07191812e+10
0.0150	0.0250	0.0250	-1.16167704e+10
0.0150	0.0250	0.0350	5.21426958e+09
0.0150	0.0250	0.0450	8.60697014e+09
0.0150	0.0350	0.0350	-2.64233037e+09
0.0150	0.0350	0.0450	6.27104955e+09
0.0150	0.0350	0.0550	3.24803823e+09
0.0150	0.0450	0.0450	2.34071945e+08
0.0150	0.0450	0.0550	7.43795928e+09
0.0150	0.0450	0.0650	3.60219232e+09
0.0150	0.0550	0.0550	-1.53076750e+09
0.0150	0.0550	0.0650	4.39535961e+09
0.0150	0.0550	0.0750	5.46478758e+09
0.0150	0.0650	0.0650	3.39414665e+08
0.0150	0.0650	0.0750	3.99009468e+09
0.0150	0.0650	0.0850	5.68388754e+09
0.0150	0.0750	0.0750	6.30565119e+08
0.0150	0.0750	0.0850	4.10280692e+09
0.0150	0.0750	0.0950	3.85313653e+09
0.0150	0.0850	0.0850	3.43798417e+09
0.0150	0.0850	0.0950	3.04707416e+09
0.0150	0.0850	0.1050	2.60065630e+09
0.0150	0.0950	0.0950	2.43638155e+09
0.0150	0.0950	0.1050	2.20888395e+09
0.0150	0.0950	0.1150	2.67492454e+09
0.0150	0.1050	0.1050	1.52699574e+09
0.0150	0.1050	0.1150	2.51722640e+09
0.0150	0.1050	0.1250	1.82082241e+09
0.0150	0.1150	0.1150	8.93048967e+08
0.0150	0.1150	0.1250	2.40149285e+09
0.0150	0.1150	0.1350	2.92421659e+09
0.0150	0.1250	0.1250	1.84743439e+09
0.0150	0.1250	0.1350	2.38101547e+09
0.0150	0.1250	0.1450	1.12865097e+09
0.0150	0.1350	0.1350	9.30803550e+08
0.0150	0.1350	0.1450	2.13909355e+09
0.0150	0.1450	0.1450	2.04820487e+09
0.0250	0.0250	0.0250	1.25926697e+10
0.0250	0.0250	0.0350	9.29295007e+09
0.0250	0.0250	0.0450	-8.46841201e+08
0.0250	0.0250	0.0550	1.29494393e+10
0.0250	0.0350	0.0350	4.20383858e+09
0.0250	0.0350	0.0450	6.06340981e+09
0.0250	0.0350	0.0550	5.34825528e+09
0.0250	0.0350	0.0650	1.00639725e+10
0.0250	0.0450	0.0450	2.53476769e+09
0.0250	0.0450	0.0550	2.72774521e+09
0.0250	0.0450	0.0650	4.49652619e+09
0.0250	0.0450	0.0750	7.46703001e+09
0.0250	0.0550	0.0550	4.94085432e+09
0.0250	0.0550	0.0650	2.99493556e+09
0.0250	0.0550	0.0750	4.01087007e+09
0.0250	0.0550	0.0850	5.42492453e+09
0.0250	0.0650	0.0650	2.92885398e+09
0.0250	0.0650	0.0750	2.42735551e+09
0.0250	0.0650	0.0850	3.52667066e+09
0.0250	0.0650	0.0950	3.79256721e+09
0.0250	0.0750	0.0750	2.65370101e+09
0.0250	0.0750	0.0850	2.04116549e+09
0.0250	0.0750	0.0950	2.90838358e+09
0.0250	0.0750	0.1050	3.99004797e+09
0.0250	0.0850	0.0850	1.90314142e+09
0.0250	0.0850	0.0950	2.29604222e+09
0.0250	0.0850	0.1050	3.07255610e+09
0.0250	0.0850	0.1150	2.73628844e+09
0.0250	0.0950	0.0950	9.87243051e+08
0.0250	0.0950	0.1050	1.72760709e+09
0.0250	0.0950	0.1150	2.28357236e+09
0.0250	0.0950	0.1250	1.20339110e+09
0.0250	0.1050	0.1050	1.45849914e+09
0.0250	0.1050	0.1150	1.96724119e+09
0.0250	0.1050	0.1250	2.29871921e+09
0.0250	0.1050	0.1350	2.45311466e+09
0.0250	0.1150	0.1150	9.64025934e+08
0.0250	0.1150	0.1250	1.13346408e+09
0.0250	0.1150	0.1350	1.79060235e+09
0.0250	0.1150	0.1450	1.46320106e+09
0.0250	0.1250	0.1250	1.22563317e+09
0.0250	0.1250	0.1350	1.23428214e+09
0.0250	0.1250	0.1450	1.91970458e+09
0.0250	0.1350	0.1350	1.02702784e+09
0.0250	0.1350	0.1450	1.09154389e+09
0.0250	0.1450	0.1450	5.92264311e+08
0.0350	0.0350	0.0350	3.65305674e+09
0.0350	0.0350	0.0450	9.02585398e+08
0.0350	0.0350	0.0550	3.68920281e+09
0.0350	0.0350	0.0650	5.34540127e+09
0.0350	0.0350	0.0750	1.07402067e+10
0.0350	0.0450	0.0450	1.69978324e+09
0.0350	0.0450	0.0550	2.88165959e+09
0.0350	0.0450	0.0650	2.79898324e+09
0.0350	0.0450	0.0750	3.61810745e+09
0.0350	0.0450	0.0850	4.19987026e+09
0.0350	0.0550	0.0550	3.04522866e+09
0.0350	0.0550	0.0650	1.79116308e+09
0.0350	0.0550	0.0750	1.94821631e+09
0.0350	0.0550	0.0850	2.86966608e+09
0.0350	0.0550	0.0950	3.84591941e+09
0.0350	0.0650	0.0650	1.15125756e+09
0.0350	0.0650	0.0750	9.53483909e+08
0.0350	0.0650	0.0850	2.55274316e+09
0.0350	0.0650	0.0950	3.03448598e+09
0.0350	0.0650	0.1050	4.27613541e+09
0.0350	0.0750	0.0750	1.67857436e+09
0.0350	0.0750	0.0850	2.03704019e+09
0.0350	0.0750	0.0950	1.85642866e+09
0.0350	0.0750	0.1050	2.30464128e+09
0.0350	0.0750	0.1150	3.35991775e+09
0.0350	0.0850	0.0850	6.81961172e+08
0.0350	0.0850	0.0950	1.39872538e+09
0.0350	0.0850	0.1050	1.31223925e+09
0.0350	0.0850	0.1150	2.49385460e+09
0.0350	0.0850	0.1250	1.71984149e+09
0.0350	0.0950	0.0950	9.24916275e+08
0.0350	0.0950	0.1050	1.18260120e+09
0.0350	0.0950	0.1150	1.47398451e+09
0.0350	0.0950	0.1250	1.70845656e+09
0.0350	0.0950	0.1350	1.95231120e+09
0.0350	0.1050	0.1050	7.70830092e+08
0.0350	0.1050	0.1150	9.42763279e+08
0.0350	0.1050	0.1250	1.37832481e+09
0.0350	0.1050	0.1350	9.93848361e+08
0.0350	0.1050	0.1450	1.22143096e+09
0.0350	0.1150	0.1150	1.33818798e+09
0.0350	0.1150	0.1250	8.76646762e+08
0.0350	0.1150	0.1350	1.50268253e+09
0.0350	0.1150	0.1450	1.71067987e+09
0.0350	0.1250	0.1250	7.59728426e+08
0.0350	0.1250	0.1350	8.26162068e+08
0.0350	0.1250	0.1450	9.25315206e+08
0.0350	0.1350	0.1350	7.31803866e+08
0.0350	0.1350	0.1450	7.29368354e+08
0.0350	0.1450	0.1450	8.39656288e+08
0.0450	0.0450	0.0450	3.92410468e+09
0.0450	0.0450	0.0550	2.74419271e+09
0.0450	0.0450	0.0650	3.12893526e+09
0.0450	0.0450	0.0750	2.31915204e+09
0.0450	0.0450	0.0850	1.74316669e+09
0.0450	0.0450	0.0950	2.18574881e+09
0.0450	0.0550	0.0550	-2.20969898e+08
0.0450	0.0550	0.0650	7.42722119e+08
0.0450	0.0550	0.0750	1.47227313e+09
0.0450	0.0550	0.0850	1.66233197e+09
0.0450	0.0550	0.0950	2.08527598e+09
0.0450	0.0550	0.1050	4.56922016e+09
0.0450	0.0650	0.0650	3.00155972e+09
0.0450	0.0650	0.0750	1.51538782e+09
0.0450	0.0650	0.0850	1.75202927e+09
0.0450	0.0650	0.0950	1.23038003e+09
0.0450	0.0650	0.1050	1.84975927e+09
0.0450	0.0650	0.1150	2.18164644e+09
0.0450	0.0750	0.0750	1.55068894e+09
0.0450	0.0750	0.0850	1.71803769e+09
0.0450	0.0750	0.0950	1.47665304e+09
0.0450	0.0750	0.1050	1.57139280e+09
0.0450	0.0750	0.1150	2.00426427e+09
0.0450	0.0750	0.1250	2.12485563e+09
0.0450	0.0850	0.0850	1.24977814e+09
0.0450	0.0850	0.0950	6.62320732e+08
0.0450	0.0850	0.1050	1.27025605e+09
0.0450	0.0850	0.1150	8.50183343e+08
0.0450	0.0850	0.1250	1.93536050e+09
0.0450	0.0850	0.1350	1.22229048e+09
0.0450	0.0950	0.0950	9.51600812e+08
0.0450	0.0950	0.1050	9.86514245e+08
0.0450	0.0950	0.1150	1.34735012e+09
0.0450	0.0950	0.1250	1.10159714e+09
0.0450	0.0950	0.1350	1.15982155e+09
0.0450	0.0950	0.1450	1.22535572e+09
0.0450	0.1050	0.1050	8.20493588e+08
0.0450	0.1050	0.1150	8.10241075e+08
0.0450	0.1050	0.1250	1.06925329e+09
0.0450	0.1050	0.1350	1.04287232e+09
0.0450	0.1050	0.1450	1.31022414e+09
0.0450	0.1150	0.1150	8.14404333e+08
0.0450	0.1150	0.1250	8.59795092e+08
0.0450	0.1150	0.1350	6.25095270e+08
0.0450	0.1150	0.1450	9.44581868e+08
0.0450	0.1250	0.1250	7.51693546e+08
0.0450	0.1250	0.1350	6.15864155e+08
0.0450	0.1250	0.1450	8.99372075e+08
0.0450	0.1350	0.1350	6.21277804e+08
0.0450	0.1350	0.1450	5.43461354e+08
0.0450	0.1450	0.1450	7.37827029e+08
0.0550	0.0550	0.0550	1.17431220e+07
0.0550	0.0550	0.0650	1.85647945e+09
0.0550	0.0550	0.0750	1.37230834e+09
0.0550	0.0550	0.0850	9.93529543e+08
0.0550	0.0550	0.0950	1.75539038e+09
0.0550	0.0550	0.1050	2.05759230e+09
0.0550	0.0550	0.1150	1.12666297e+09
0.0550	0.0650	0.0650	5.31138585e+08
0.0550	0.0650	0.0750	7.91449472e+08
0.0550	0.0650	0.0850	1.05731395e+09
0.0550	0.0650	0.0950	1.08500163e+09
0.0550	0.0650	0.1050	1.43554118e+09
0.0550	0.0650	0.1150	1.85962840e+09
0.0550	0.0650	0.1250	1.92088012e+09
0.0550	0.0750	0.0750	1.27254530e+09
0.0550	0.0750	0.0850	7.49884211e+08
0.0550	0.0750	0.0950	1.21550442e+09
0.0550	0.0750	0.1050	1.01155671e+09
0.0550	0.0750	0.1150	9.74744519e+08
0.0550	0.0750	0.1250	1.51559557e+09
0.0550	0.0750	0.1350	7.95268979e+08
0.0550	0.0850	0.0850	9.67862064e+08
0.0550	0.0850	0.0950	9.23674878e+08
0.0550	0.0850	0.1050	8.91278988e+08
0.0550	0.0850	0.1150	9.24424210e+08
0.0550	0.0850	0.1250	1.11840946e+09
0.0550	0.0850	0.1350	1.29733608e+09
0.0550	0.0850	0.1450	1.01371005e+09
0.0550	0.0950	0.0950	8.95003512e+08
0.0550	0.0950	0.1050	4.92954622e+08
0.0550	0.0950	0.1150	8.23456477e+08
0.0550	0.0950	0.1250	7.62546505e+08
0.0550	0.0950	0.1350	1.09388963e+09
0.0550	0.0950	0.1450	1.14648152e+09
0.0550	0.1050	0.1050	8.76368867e+08
0.0550	0.1050	0.1150	6.06965736e+08
0.0550	0.1050	0.1250	5.39920490e+08
0.0550	0.1050	0.1350	5.58928367e+08
0.0550	0.1050	0.1450	6.55834211e+08
0.0550	0.1150	0.1150	5.80870222e+08
0.0550	0.1150	0.1250	6.69567652e+08
0.0550	0.1150	0.1350	6.77710007e+08
0.0550	0.1150	0.1450	6.28104419e+08
0.0550	0.1250	0.1250	4.79723020e+08
0.0550	0.1250	0.1350	4.74385138e+08
0.0550	0.1250	0.1450	5.93198482e+08
0.0550	0.1350	0.1350	8.28288275e+08
0.0550	0.1350	0.1450	4.25621504e+08
0.0550	0.1450	0.1450	3.06706282e+08
0.0650	0.0650	0.0650	1.89123926e+08
0.0650	0.0650	0.0750	1.64958201e+09
0.0650	0.0650	0.0850	1.20440107e+09
0.0650	0.0650	0.0950	1.39761174e+09
0.0650	0.0650	0.1050	1.16518816e+09
0.0650	0.0650	0.1150	1.51750002e+09
0.0650	0.0650	0.1250	1.66518176e+09
0.0650	0.0650	0.1350	2.52800530e+09
0.0650	0.0750	0.0750	9.94455095e+08
0.0650	0.0750	0.0850	9.82279103e+08
0.0650	0.0750	0.0950	9.90709887e+08
0.0650	0.0750	0.1050	1.03891064e+09
0.0650	0.0750	0.1150	1.09920669e+09
0.0650	0.0750	0.1250	1.06759636e+09
0.0650	0.0750	0.1350	1.40871462e+09
0.0650	0.0750	0.1450	1.41417074e+09
0.0650	0.0850	0.0850	8.90477165e+08
0.0650	0.0850	0.0950	6.99928358e+08
0.0650	0.0850	0.1050	7.06912710e+08
0.0650	0.0850	0.1150	7.91870452e+08
0.0650	0.0850	0.1250	1.19101089e+09
0.0650	0.0850	0.1350	1.12229066e+09
0.0650	0.0850	0.1450	1.23014558e+09
0.0650	0.0950	0.0950	1.07367090e+09
0.0650	0.0950	0.1050	5.74413155e+08
0.0650	0.0950	0.1150	8.63813365e+08
0.0650	0.0950	0.1250	8.20773682e+08
0.0650	0.0950	0.1350	6.13007251e+08
0.0650	0.0950	0.1450	9.02603391e+08
0.0650	0.1050	0.1050	6.25450521e+08
0.0650	0.1050	0.1150	7.41494240e+08
0.0650	0.1050	0.1250	7.40932433e+08
0.0650	0.1050	0.1350	8.12977386e+08
0.0650	0.1050	0.1450	9.29523441e+08
0.0650	0.1150	0.1150	7.05766141e+08
0.0650	0.1150	0.1250	6.49576300e+08
0.0650	0.1150	0.1350	5.96935189e+08
0.0650	0.1150	0.1450	5.96419047e+08
0.0650	0.1250	0.1250	4.84839212e+08
0.0650	0.1250	0.1350	5.37805040e+08
0.0650	0.1250	0.1450	6.01165779e+08
0.0650	0.1350	0.1350	4.65521600e+08
0.0650	0.1350	0.1450	5.42363388e+08
0.0650	0.1450	0.1450	5.26594068e+08
0.0750	0.0750	0.0750	9.21376226e+08
0.0750	0.0750	0.0850	7.11455140e+08
0.0750	0.0750	0.0950	1.04845719e+09
0.0750	0.0750	0.1050	6.80301254e+08
0.0750	0.0750	0.1150	1.11780578e+09
0.0750	0.0750	0.1250	9.91737738e+08
0.0750	0.0750	0.1350	1.02695273e+09
0.0750	0.0750	0.1450	1.40319137e+09
0.0750	0.0850	0.0850	9.91014387e+08
0.0750	0.0850	0.0950	5.77203584e+08
0.0750	0.0850	0.1050	4.53730121e+08
0.0750	0.0850	0.1150	7.59636916e+08
0.0750	0.0850	0.1250	8.02101458e+08
0.0750	0.0850	0.1350	1.06462174e+09
0.0750	0.0850	0.1450	8.13692459e+08
0.0750	0.0950	0.0950	5.67910769e+08
0.0750	0.0950	0.1050	7.04213578e+08
0.0750	0.0950	0.1150	7.25336028e+08
0.0750	0.0950	0.1250	6.56331534e+08
0.0750	0.0950	0.1350	7.54895589e+08
0.0750	0.0950	0.1450	6.64765519e+08
0.0750	0.1050	0.1050	6.20262658e+08
0.0750	0.1050	0.1150	6.27034084e+08
0.0750	0.1050	0.1250	6.14880325e+08
0.0750	0.1050	0.1350	5.86408860e+08
0.0750	0.1050	0.1450	6.69706912e+08
0.0750	0.1150	0.1150	4.15534590e+08
0.0750	0.1150	0.1250	4.98452002e+08
0.0750	0.1150	0.1350	5.37593142e+08
0.0750	0.1150	0.1450	4.97043823e+08
0.0750	0.1250	0.1250	5.79747580e+08
0.0750	0.1250	0.1350	4.24818538e+08
0.0750	0.1250	0.1450	4.42692927e+08
0.0750	0.1350	0.1350	4.27971413e+08
0.0750	0.1350	0.1450	4.23983585e+08
0.0750	0.1450	0.1450	3.46111491e+08
0.0850	0.0850	0.0850	1.07282972e+09
0.0850	0.0850	0.0950	7.49767221e+08
0.0850	0.0850	0.1050	5.92751594e+08
0.0850	0.0850	0.1150	4.69788767e+08
0.0850	0.0850	0.1250	5.88547008e+08
0.0850	0.0850	0.1350	7.29926555e+08
0.0850	0.0850	0.1450	6.87100445e+08
0.0850	0.0950	0.0950	8.43769408e+08
0.0850	0.0950	0.1050	4.69732041e+08
0.0850	0.0950	0.1150	5.66372356e+08
0.0850	0.0950	0.1250	5.35151189e+08
0.0850	0.0950	0.1350	6.07121237e+08
0.0850	0.0950	0.1450	4.99215266e+08
0.0850	0.1050	0.1050	4.18554087e+08
0.0850	0.1050	0.1150	6.07711859e+08
0.0850	0.1050	0.1250	4.30269908e+08
0.0850	0.1050	0.1350	4.35840731e+08
0.0850	0.1050	0.1450	4.52193167e+08
0.0850	0.1150	0.1150	5.29180557e+08
0.0850	0.1150	0.1250	5.19797792e+08
0.0850	0.1150	0.1350	4.09860231e+08
0.0850	0.1150	0.1450	3.87557549e+08
0.0850	0.1250	0.1250	4.19677981e+08
0.0850	0.1250	0.1350	3.82172175e+08
0.0850	0.1250	0.1450	4.27077144e+08
0.0850	0.1350	0.1350	5.35447879e+08
0.0850	0.1350	0.1450	3.74601581e+08
0.0850	0.1450	0.1450	2.45395552e+08
0.0950	0.0950	0.0950	4.36754663e+08
0.0950	0.0950	0.1050	6.10879168e+08
0.0950	0.0950	0.1150	4.19705125e+08
0.0950	0.0950	0.1250	4.84894636e+08
0.0950	0.0950	0.1350	3.27197752e+08
0.0950	0.0950	0.1450	4.03057189e+08
0.0950	0.1050	0.1050	5.31446533e+08
0.0950	0.1050	0.1150	4.35822543e+08
0.0950	0.1050	0.1250	6.04084747e+08
0.0950	0.1050	0.1350	3.78302622e+08
0.0950	0.1050	0.1450	4.16792755e+08
0.0950	0.1150	0.1150	3.64887779e+08
0.0950	0.1150	0.1250	4.05819063e+08
0.0950	0.1150	0.1350	3.64805951e+08
0.0950	0.1150	0.1450	3.87224835e+08
0.0950	0.1250	0.1250	5.21783912e+08
0.0950	0.1250	0.1350	3.36056624e+08
0.0950	0.1250	0.1450	3.53821086e+08
0.0950	0.1350	0.1350	2.39048535e+08
0.0950	0.1350	0.1450	2.82387821e+08
0.0950	0.1450	0.1450	3.16742650e+08
0.1050	0.1050	0.1050	5.06938717e+08
0.1050	0.1050	0.1150	5.92039461e+08
0.1050	0.1050	0.1250	3.13816460e+08
0.1050	0.1050	0.1350	5.19121756e+08
0.1050	0.1050	0.1450	4.44060919e+08
0.1050	0.1150	0.1150	2.71542710e+08
0.1050	0.1150	0.1250	3.28029101e+08
0.1050	0.1150	0.1350	4.36922092e+08
0.1050	0.1150	0.1450	3.51092024e+08
0.1050	0.1250	0.1250	3.65550254e+08
0.1050	0.1250	0.1350	3.46272829e+08
0.1050	0.1250	0.1450	3.06429991e+08
0.1050	0.1350	0.1350	4.37867200e+08
0.1050	0.1350	0.1450	3.55305934e+08
0.1050	0.1450	0.1450	2.25051371e+08
0.1150	0.1150	0.1150	2.23900522e+08
0.1150	0.1150	0.1250	3.12557181e+08
0.1150	0.1150	0.1350	2.77414453e+08
0.1150	0.1150	0.1450	3.44799773e+08
0.1150	0.1250	0.1250	3.53081429e+08
0.1150	0.1250	0.1350	2.32169514e+08
0.1150	0.1250	0.1450	2.81986310e+08
0.1150	0.1350	0.1350	2.94000058e+08
0.1150	0.1350	0.1450	2.44066507e+08
0.1150	0.1450	0.1450	3.37988938e+08
0.1250	0.1250	0.1250	2.17550714e+08
0.1250	0.1250	0.1350	3.41567472e+08
0.1250	0.1250	0.1450	2.85885074e+08
0.1250	0.1350	0.1350	2.62552651e+08
0.1250	0.1350	0.1450	2.85895858e+08
0.1250	0.1450	0.1450	2.10414855e+08
0.1350	0.1350	0.1350	3.37496763e+08
0.1350	0.1350	0.1450	2.84229688e+08
0.1350	0.1450	0.1450	1.95924917e+08
0.1450	0.1450	0.1450	2.77910739e+08
