####### Bispectrum of Patchy Simulation 425 #############
# Patch: sgc
# z-type: z3
# Weights: fkp
# Fiducial Omega_m: 0.310
# Fiducial h: 0.676
# Boxsize: [1000.0, 2600.0, 1500.0]
# Grid: [95, 250, 140]
# k-binning: [0.000, 0.160, 0.010]
# Monte Carlo Simulations: 100
#
# Format: k1 | k2 | k3 | B(k1,k2,k3)
############################################
0.0150	0.0150	0.0150	3.34212430e+09
0.0150	0.0150	0.0250	-2.53413799e+09
0.0150	0.0150	0.0350	2.50763717e+09
0.0150	0.0250	0.0250	1.46763690e+10
0.0150	0.0250	0.0350	-6.88020209e+09
0.0150	0.0250	0.0450	9.09683106e+09
0.0150	0.0350	0.0350	-1.33050106e+09
0.0150	0.0350	0.0450	-2.13936289e+08
0.0150	0.0350	0.0550	6.02295742e+09
0.0150	0.0450	0.0450	1.34681865e+09
0.0150	0.0450	0.0550	3.65330832e+09
0.0150	0.0450	0.0650	1.14234933e+10
0.0150	0.0550	0.0550	-8.03091180e+08
0.0150	0.0550	0.0650	2.80628315e+09
0.0150	0.0550	0.0750	6.01456875e+09
0.0150	0.0650	0.0650	5.77575515e+09
0.0150	0.0650	0.0750	2.28329357e+09
0.0150	0.0650	0.0850	1.52479475e+10
0.0150	0.0750	0.0750	1.38314033e+09
0.0150	0.0750	0.0850	7.04559245e+08
0.0150	0.0750	0.0950	4.32285485e+09
0.0150	0.0850	0.0850	3.83738255e+09
0.0150	0.0850	0.0950	3.25837586e+09
0.0150	0.0850	0.1050	4.94920495e+09
0.0150	0.0950	0.0950	1.94227156e+09
0.0150	0.0950	0.1050	1.16206698e+09
0.0150	0.0950	0.1150	2.94310029e+09
0.0150	0.1050	0.1050	1.12817362e+09
0.0150	0.1050	0.1150	2.84932402e+09
0.0150	0.1050	0.1250	4.06088262e+09
0.0150	0.1150	0.1150	1.89244160e+08
0.0150	0.1150	0.1250	1.09557704e+09
0.0150	0.1150	0.1350	1.67607646e+09
0.0150	0.1250	0.1250	5.76458930e+08
0.0150	0.1250	0.1350	1.16029374e+09
0.0150	0.1250	0.1450	3.72988576e+09
0.0150	0.1350	0.1350	2.30268874e+09
0.0150	0.1350	0.1450	7.98244561e+08
0.0150	0.1450	0.1450	1.07675993e+09
0.0250	0.0250	0.0250	-8.96280686e+08
0.0250	0.0250	0.0350	-4.18918621e+09
0.0250	0.0250	0.0450	1.70118131e+10
0.0250	0.0250	0.0550	3.30092426e+09
0.0250	0.0350	0.0350	2.16435848e+09
0.0250	0.0350	0.0450	4.13261181e+09
0.0250	0.0350	0.0550	6.75272257e+09
0.0250	0.0350	0.0650	1.02846512e+10
0.0250	0.0450	0.0450	6.50699465e+09
0.0250	0.0450	0.0550	2.45369034e+09
0.0250	0.0450	0.0650	3.33994868e+09
0.0250	0.0450	0.0750	-2.09859952e+08
0.0250	0.0550	0.0550	9.52996202e+08
0.0250	0.0550	0.0650	1.73983028e+09
0.0250	0.0550	0.0750	6.07279947e+09
0.0250	0.0550	0.0850	3.81410373e+09
0.0250	0.0650	0.0650	2.10548841e+09
0.0250	0.0650	0.0750	3.46570966e+09
0.0250	0.0650	0.0850	1.90539015e+09
0.0250	0.0650	0.0950	6.04173255e+09
0.0250	0.0750	0.0750	2.91089452e+09
0.0250	0.0750	0.0850	1.97288607e+09
0.0250	0.0750	0.0950	4.08951655e+09
0.0250	0.0750	0.1050	3.85334354e+09
0.0250	0.0850	0.0850	1.76146950e+09
0.0250	0.0850	0.0950	1.81251936e+09
0.0250	0.0850	0.1050	2.91209138e+09
0.0250	0.0850	0.1150	4.68802979e+09
0.0250	0.0950	0.0950	3.26160293e+09
0.0250	0.0950	0.1050	1.81163972e+09
0.0250	0.0950	0.1150	1.85419577e+09
0.0250	0.0950	0.1250	4.77700302e+09
0.0250	0.1050	0.1050	6.96232647e+08
0.0250	0.1050	0.1150	1.39844407e+09
0.0250	0.1050	0.1250	1.05697956e+09
0.0250	0.1050	0.1350	7.10790171e+08
0.0250	0.1150	0.1150	1.77827899e+09
0.0250	0.1150	0.1250	1.43011790e+09
0.0250	0.1150	0.1350	1.98330050e+09
0.0250	0.1150	0.1450	8.13258742e+08
0.0250	0.1250	0.1250	2.00264473e+09
0.0250	0.1250	0.1350	1.09412098e+09
0.0250	0.1250	0.1450	1.69511169e+09
0.0250	0.1350	0.1350	1.55445246e+09
0.0250	0.1350	0.1450	1.09484685e+09
0.0250	0.1450	0.1450	1.31388459e+09
0.0350	0.0350	0.0350	1.16151551e+10
0.0350	0.0350	0.0450	-4.43843641e+09
0.0350	0.0350	0.0550	1.19801332e+09
0.0350	0.0350	0.0650	4.01515255e+09
0.0350	0.0350	0.0750	-5.78616773e+09
0.0350	0.0450	0.0450	2.60540773e+09
0.0350	0.0450	0.0550	1.46704193e+09
0.0350	0.0450	0.0650	4.08672725e+09
0.0350	0.0450	0.0750	5.68628566e+09
0.0350	0.0450	0.0850	2.09024947e+09
0.0350	0.0550	0.0550	2.10537056e+09
0.0350	0.0550	0.0650	3.01180274e+09
0.0350	0.0550	0.0750	9.28154845e+08
0.0350	0.0550	0.0850	4.32551276e+09
0.0350	0.0550	0.0950	3.50328637e+09
0.0350	0.0650	0.0650	-9.60040102e+08
0.0350	0.0650	0.0750	2.64117577e+09
0.0350	0.0650	0.0850	2.54354451e+09
0.0350	0.0650	0.0950	2.27035390e+09
0.0350	0.0650	0.1050	3.53012764e+09
0.0350	0.0750	0.0750	1.30073304e+09
0.0350	0.0750	0.0850	3.05595947e+09
0.0350	0.0750	0.0950	2.03939865e+09
0.0350	0.0750	0.1050	2.25106343e+09
0.0350	0.0750	0.1150	1.97749064e+09
0.0350	0.0850	0.0850	1.57884322e+09
0.0350	0.0850	0.0950	2.86522175e+09
0.0350	0.0850	0.1050	1.83057218e+09
0.0350	0.0850	0.1150	1.81518732e+09
0.0350	0.0850	0.1250	4.05330377e+09
0.0350	0.0950	0.0950	1.06593272e+09
0.0350	0.0950	0.1050	1.42364058e+09
0.0350	0.0950	0.1150	2.53831120e+09
0.0350	0.0950	0.1250	1.29106307e+09
0.0350	0.0950	0.1350	2.23438865e+09
0.0350	0.1050	0.1050	1.01133913e+09
0.0350	0.1050	0.1150	8.89641101e+08
0.0350	0.1050	0.1250	1.98262181e+09
0.0350	0.1050	0.1350	2.00036457e+09
0.0350	0.1050	0.1450	1.17026716e+09
0.0350	0.1150	0.1150	9.78050594e+08
0.0350	0.1150	0.1250	8.38141559e+08
0.0350	0.1150	0.1350	1.45978426e+09
0.0350	0.1150	0.1450	1.49760730e+09
0.0350	0.1250	0.1250	6.48922576e+08
0.0350	0.1250	0.1350	9.45537311e+08
0.0350	0.1250	0.1450	9.69662630e+08
0.0350	0.1350	0.1350	1.56789265e+09
0.0350	0.1350	0.1450	1.29896223e+09
0.0350	0.1450	0.1450	7.78198524e+08
0.0450	0.0450	0.0450	5.74312701e+09
0.0450	0.0450	0.0550	4.32202666e+09
0.0450	0.0450	0.0650	3.34916950e+09
0.0450	0.0450	0.0750	2.60010092e+09
0.0450	0.0450	0.0850	4.05432084e+09
0.0450	0.0450	0.0950	1.11895111e+09
0.0450	0.0550	0.0550	-1.12198660e+09
0.0450	0.0550	0.0650	1.84608587e+09
0.0450	0.0550	0.0750	1.25679342e+09
0.0450	0.0550	0.0850	2.24528742e+09
0.0450	0.0550	0.0950	2.71580689e+09
0.0450	0.0550	0.1050	2.51730461e+09
0.0450	0.0650	0.0650	1.70035592e+09
0.0450	0.0650	0.0750	2.13320130e+09
0.0450	0.0650	0.0850	1.01539031e+09
0.0450	0.0650	0.0950	2.93329618e+09
0.0450	0.0650	0.1050	3.02547356e+09
0.0450	0.0650	0.1150	3.36965875e+09
0.0450	0.0750	0.0750	5.56013386e+08
0.0450	0.0750	0.0850	1.86379005e+09
0.0450	0.0750	0.0950	1.44811526e+09
0.0450	0.0750	0.1050	1.78008905e+09
0.0450	0.0750	0.1150	2.03636595e+09
0.0450	0.0750	0.1250	1.45353492e+09
0.0450	0.0850	0.0850	1.39135232e+09
0.0450	0.0850	0.0950	1.41102795e+09
0.0450	0.0850	0.1050	1.30479099e+09
0.0450	0.0850	0.1150	1.86681996e+09
0.0450	0.0850	0.1250	2.49602610e+09
0.0450	0.0850	0.1350	1.53031931e+09
0.0450	0.0950	0.0950	9.38212109e+08
0.0450	0.0950	0.1050	1.47294177e+09
0.0450	0.0950	0.1150	1.57251236e+09
0.0450	0.0950	0.1250	1.24521581e+09
0.0450	0.0950	0.1350	1.83467437e+09
0.0450	0.0950	0.1450	1.02417059e+09
0.0450	0.1050	0.1050	3.09610722e+08
0.0450	0.1050	0.1150	1.09576981e+09
0.0450	0.1050	0.1250	1.24915338e+09
0.0450	0.1050	0.1350	7.35210842e+08
0.0450	0.1050	0.1450	1.48947852e+09
0.0450	0.1150	0.1150	1.18210221e+09
0.0450	0.1150	0.1250	1.25773843e+09
0.0450	0.1150	0.1350	1.29383888e+09
0.0450	0.1150	0.1450	1.19912207e+09
0.0450	0.1250	0.1250	1.39244811e+09
0.0450	0.1250	0.1350	8.96704878e+08
0.0450	0.1250	0.1450	6.72601933e+08
0.0450	0.1350	0.1350	4.00825619e+08
0.0450	0.1350	0.1450	7.98464911e+08
0.0450	0.1450	0.1450	9.18975502e+08
0.0550	0.0550	0.0550	6.32947538e+09
0.0550	0.0550	0.0650	1.39188905e+09
0.0550	0.0550	0.0750	1.62489758e+08
0.0550	0.0550	0.0850	1.17351660e+09
0.0550	0.0550	0.0950	1.35258972e+09
0.0550	0.0550	0.1050	1.72956827e+09
0.0550	0.0550	0.1150	6.09181423e+09
0.0550	0.0650	0.0650	1.95062515e+09
0.0550	0.0650	0.0750	2.00932823e+09
0.0550	0.0650	0.0850	1.40724960e+09
0.0550	0.0650	0.0950	1.94910279e+09
0.0550	0.0650	0.1050	9.89563651e+08
0.0550	0.0650	0.1150	1.49115701e+09
0.0550	0.0650	0.1250	1.43151621e+09
0.0550	0.0750	0.0750	1.62219388e+09
0.0550	0.0750	0.0850	1.47453458e+09
0.0550	0.0750	0.0950	1.21247169e+09
0.0550	0.0750	0.1050	1.33657771e+09
0.0550	0.0750	0.1150	1.52684430e+09
0.0550	0.0750	0.1250	1.49283207e+09
0.0550	0.0750	0.1350	2.85291108e+09
0.0550	0.0850	0.0850	1.39527809e+09
0.0550	0.0850	0.0950	1.04241963e+09
0.0550	0.0850	0.1050	1.23598150e+09
0.0550	0.0850	0.1150	8.12496411e+08
0.0550	0.0850	0.1250	7.84627037e+08
0.0550	0.0850	0.1350	1.51328726e+09
0.0550	0.0850	0.1450	1.67871871e+09
0.0550	0.0950	0.0950	3.79035934e+08
0.0550	0.0950	0.1050	7.72536197e+08
0.0550	0.0950	0.1150	7.38200278e+08
0.0550	0.0950	0.1250	1.08814402e+09
0.0550	0.0950	0.1350	9.84065529e+08
0.0550	0.0950	0.1450	1.41045589e+09
0.0550	0.1050	0.1050	9.96709882e+08
0.0550	0.1050	0.1150	6.76789876e+08
0.0550	0.1050	0.1250	5.30328165e+08
0.0550	0.1050	0.1350	9.92497080e+08
0.0550	0.1050	0.1450	5.80730413e+08
0.0550	0.1150	0.1150	1.13810398e+09
0.0550	0.1150	0.1250	8.81109077e+08
0.0550	0.1150	0.1350	7.52109653e+08
0.0550	0.1150	0.1450	8.54156887e+08
0.0550	0.1250	0.1250	8.64452134e+08
0.0550	0.1250	0.1350	8.36977171e+08
0.0550	0.1250	0.1450	6.00029867e+08
0.0550	0.1350	0.1350	6.14409737e+08
0.0550	0.1350	0.1450	5.63061690e+08
0.0550	0.1450	0.1450	4.26318248e+08
0.0650	0.0650	0.0650	6.42929388e+07
0.0650	0.0650	0.0750	1.07343220e+09
0.0650	0.0650	0.0850	9.35029003e+08
0.0650	0.0650	0.0950	2.19073306e+09
0.0650	0.0650	0.1050	1.02950035e+09
0.0650	0.0650	0.1150	1.24907625e+09
0.0650	0.0650	0.1250	2.32710761e+09
0.0650	0.0650	0.1350	2.22726958e+09
0.0650	0.0750	0.0750	1.36045068e+09
0.0650	0.0750	0.0850	1.16895230e+09
0.0650	0.0750	0.0950	1.22518131e+09
0.0650	0.0750	0.1050	5.87076458e+08
0.0650	0.0750	0.1150	1.55754309e+09
0.0650	0.0750	0.1250	1.27850090e+09
0.0650	0.0750	0.1350	1.58651017e+09
0.0650	0.0750	0.1450	1.33598160e+09
0.0650	0.0850	0.0850	5.63806222e+08
0.0650	0.0850	0.0950	3.03959644e+08
0.0650	0.0850	0.1050	1.42371631e+09
0.0650	0.0850	0.1150	1.19498822e+09
0.0650	0.0850	0.1250	7.82554126e+08
0.0650	0.0850	0.1350	1.53089254e+09
0.0650	0.0850	0.1450	1.71514935e+09
0.0650	0.0950	0.0950	4.94174651e+08
0.0650	0.0950	0.1050	1.30443535e+09
0.0650	0.0950	0.1150	8.01309506e+08
0.0650	0.0950	0.1250	7.88180914e+08
0.0650	0.0950	0.1350	1.52823161e+09
0.0650	0.0950	0.1450	1.16600434e+09
0.0650	0.1050	0.1050	4.22878342e+08
0.0650	0.1050	0.1150	8.53075699e+08
0.0650	0.1050	0.1250	7.45773082e+08
0.0650	0.1050	0.1350	5.41384638e+08
0.0650	0.1050	0.1450	9.39234665e+08
0.0650	0.1150	0.1150	7.47902083e+08
0.0650	0.1150	0.1250	8.14841144e+08
0.0650	0.1150	0.1350	7.25531050e+08
0.0650	0.1150	0.1450	7.54038873e+08
0.0650	0.1250	0.1250	6.56351155e+08
0.0650	0.1250	0.1350	5.88061105e+08
0.0650	0.1250	0.1450	3.83277371e+08
0.0650	0.1350	0.1350	6.85110492e+08
0.0650	0.1350	0.1450	6.00820290e+08
0.0650	0.1450	0.1450	6.31307704e+08
0.0750	0.0750	0.0750	8.37864795e+08
0.0750	0.0750	0.0850	4.61276895e+08
0.0750	0.0750	0.0950	1.25617212e+09
0.0750	0.0750	0.1050	1.09864617e+09
0.0750	0.0750	0.1150	1.04910187e+09
0.0750	0.0750	0.1250	1.11611538e+09
0.0750	0.0750	0.1350	1.53032041e+09
0.0750	0.0750	0.1450	1.53769411e+09
0.0750	0.0850	0.0850	7.95271552e+08
0.0750	0.0850	0.0950	8.12918309e+08
0.0750	0.0850	0.1050	6.06335450e+08
0.0750	0.0850	0.1150	8.51665891e+08
0.0750	0.0850	0.1250	1.24836097e+09
0.0750	0.0850	0.1350	9.19467248e+08
0.0750	0.0850	0.1450	1.03452142e+09
0.0750	0.0950	0.0950	8.26495030e+08
0.0750	0.0950	0.1050	7.43031664e+08
0.0750	0.0950	0.1150	5.45626342e+08
0.0750	0.0950	0.1250	8.28505510e+08
0.0750	0.0950	0.1350	1.02306787e+09
0.0750	0.0950	0.1450	6.92703162e+08
0.0750	0.1050	0.1050	1.08184114e+09
0.0750	0.1050	0.1150	8.67505406e+08
0.0750	0.1050	0.1250	6.03932229e+08
0.0750	0.1050	0.1350	6.72703289e+08
0.0750	0.1050	0.1450	4.39371741e+08
0.0750	0.1150	0.1150	1.66701381e+08
0.0750	0.1150	0.1250	9.11726817e+08
0.0750	0.1150	0.1350	6.94160890e+08
0.0750	0.1150	0.1450	4.03853965e+08
0.0750	0.1250	0.1250	4.73545838e+08
0.0750	0.1250	0.1350	8.30749920e+08
0.0750	0.1250	0.1450	7.62144015e+08
0.0750	0.1350	0.1350	5.13870243e+08
0.0750	0.1350	0.1450	4.45857046e+08
0.0750	0.1450	0.1450	6.25165741e+08
0.0850	0.0850	0.0850	2.15375688e+09
0.0850	0.0850	0.0950	1.16539718e+09
0.0850	0.0850	0.1050	1.00677604e+09
0.0850	0.0850	0.1150	8.65881774e+08
0.0850	0.0850	0.1250	9.10816415e+08
0.0850	0.0850	0.1350	1.24656385e+09
0.0850	0.0850	0.1450	9.19079950e+08
0.0850	0.0950	0.0950	5.79913464e+08
0.0850	0.0950	0.1050	1.05038141e+09
0.0850	0.0950	0.1150	1.00327886e+09
0.0850	0.0950	0.1250	5.25985304e+08
0.0850	0.0950	0.1350	8.15472677e+08
0.0850	0.0950	0.1450	9.29760512e+08
0.0850	0.1050	0.1050	6.36022119e+08
0.0850	0.1050	0.1150	6.27808507e+08
0.0850	0.1050	0.1250	7.58136781e+08
0.0850	0.1050	0.1350	6.98712551e+08
0.0850	0.1050	0.1450	2.69481180e+08
0.0850	0.1150	0.1150	8.97187557e+08
0.0850	0.1150	0.1250	3.87275382e+08
0.0850	0.1150	0.1350	4.48371809e+08
0.0850	0.1150	0.1450	6.40382306e+08
0.0850	0.1250	0.1250	8.56176894e+08
0.0850	0.1250	0.1350	5.97834914e+08
0.0850	0.1250	0.1450	5.64281514e+08
0.0850	0.1350	0.1350	6.01008110e+08
0.0850	0.1350	0.1450	6.05608609e+08
0.0850	0.1450	0.1450	4.45216368e+08
0.0950	0.0950	0.0950	1.14884628e+09
0.0950	0.0950	0.1050	8.01489413e+08
0.0950	0.0950	0.1150	4.11498090e+08
0.0950	0.0950	0.1250	5.83209820e+08
0.0950	0.0950	0.1350	5.78390800e+08
0.0950	0.0950	0.1450	6.55514895e+08
0.0950	0.1050	0.1050	4.55179390e+08
0.0950	0.1050	0.1150	6.98678189e+08
0.0950	0.1050	0.1250	5.41460914e+08
0.0950	0.1050	0.1350	4.36018438e+08
0.0950	0.1050	0.1450	6.95492648e+08
0.0950	0.1150	0.1150	6.42696376e+08
0.0950	0.1150	0.1250	5.23676392e+08
0.0950	0.1150	0.1350	6.56346230e+08
0.0950	0.1150	0.1450	4.85154363e+08
0.0950	0.1250	0.1250	4.79528196e+08
0.0950	0.1250	0.1350	7.50588747e+08
0.0950	0.1250	0.1450	2.73660638e+08
0.0950	0.1350	0.1350	5.57189265e+08
0.0950	0.1350	0.1450	4.98137710e+08
0.0950	0.1450	0.1450	4.27437545e+08
0.1050	0.1050	0.1050	7.75623053e+08
0.1050	0.1050	0.1150	2.06017693e+08
0.1050	0.1050	0.1250	6.52076904e+08
0.1050	0.1050	0.1350	3.67716101e+08
0.1050	0.1050	0.1450	3.08848118e+08
0.1050	0.1150	0.1150	6.86613373e+08
0.1050	0.1150	0.1250	3.27591924e+08
0.1050	0.1150	0.1350	5.16950585e+08
0.1050	0.1150	0.1450	3.49054019e+08
0.1050	0.1250	0.1250	3.03499445e+08
0.1050	0.1250	0.1350	4.16422614e+08
0.1050	0.1250	0.1450	4.56808453e+08
0.1050	0.1350	0.1350	3.82230043e+08
0.1050	0.1350	0.1450	3.55869913e+08
0.1050	0.1450	0.1450	1.92496294e+08
0.1150	0.1150	0.1150	2.78284944e+08
0.1150	0.1150	0.1250	3.09331470e+08
0.1150	0.1150	0.1350	2.92185780e+08
0.1150	0.1150	0.1450	5.36571306e+08
0.1150	0.1250	0.1250	7.29627666e+08
0.1150	0.1250	0.1350	5.11612612e+08
0.1150	0.1250	0.1450	4.14692988e+08
0.1150	0.1350	0.1350	4.85162947e+08
0.1150	0.1350	0.1450	4.14802898e+08
0.1150	0.1450	0.1450	2.98575154e+08
0.1250	0.1250	0.1250	4.16022917e+08
0.1250	0.1250	0.1350	4.08799568e+08
0.1250	0.1250	0.1450	3.35641964e+08
0.1250	0.1350	0.1350	3.97450928e+08
0.1250	0.1350	0.1450	2.81226126e+08
0.1250	0.1450	0.1450	3.51781132e+08
0.1350	0.1350	0.1350	8.29757730e+08
0.1350	0.1350	0.1450	4.27438825e+08
0.1350	0.1450	0.1450	3.11336481e+08
0.1450	0.1450	0.1450	3.46027929e+08
