####### Bispectrum of Patchy Simulation 140 #############
# Patch: sgc
# z-type: z1
# Weights: fkp
# Fiducial Omega_m: 0.310
# Fiducial h: 0.676
# Boxsize: [1000.0, 1900.0, 1100.0]
# Grid: [95, 180, 105]
# k-binning: [0.000, 0.160, 0.010]
# Monte Carlo Simulations: 100
#
# Format: k1 | k2 | k3 | B(k1,k2,k3)
############################################
0.0150	0.0150	0.0150	-6.84872059e+10
0.0150	0.0150	0.0250	5.61544633e+09
0.0150	0.0150	0.0350	5.20817054e+09
0.0150	0.0250	0.0250	-4.33833588e+09
0.0150	0.0250	0.0350	5.39973162e+09
0.0150	0.0250	0.0450	8.90295347e+09
0.0150	0.0350	0.0350	3.90871973e+09
0.0150	0.0350	0.0450	6.07503158e+09
0.0150	0.0350	0.0550	1.93493837e+09
0.0150	0.0450	0.0450	2.01722864e+09
0.0150	0.0450	0.0550	3.90208659e+09
0.0150	0.0450	0.0650	2.36739658e+09
0.0150	0.0550	0.0550	4.52112045e+09
0.0150	0.0550	0.0650	4.02245508e+09
0.0150	0.0550	0.0750	-2.96675016e+09
0.0150	0.0650	0.0650	1.10300857e+09
0.0150	0.0650	0.0750	6.03568339e+09
0.0150	0.0650	0.0850	1.38754415e+09
0.0150	0.0750	0.0750	1.64560110e+08
0.0150	0.0750	0.0850	3.55134964e+09
0.0150	0.0750	0.0950	1.15085165e+09
0.0150	0.0850	0.0850	8.71391606e+08
0.0150	0.0850	0.0950	3.72604427e+09
0.0150	0.0850	0.1050	2.68334294e+09
0.0150	0.0950	0.0950	-9.84026080e+08
0.0150	0.0950	0.1050	1.88747389e+09
0.0150	0.0950	0.1150	3.39734272e+08
0.0150	0.1050	0.1050	1.15308268e+09
0.0150	0.1050	0.1150	2.65688689e+09
0.0150	0.1050	0.1250	1.42660131e+09
0.0150	0.1150	0.1150	-3.83191470e+08
0.0150	0.1150	0.1250	1.29288917e+09
0.0150	0.1150	0.1350	1.79355754e+09
0.0150	0.1250	0.1250	9.40281869e+08
0.0150	0.1250	0.1350	7.46775360e+08
0.0150	0.1250	0.1450	1.72378682e+09
0.0150	0.1350	0.1350	1.06355667e+09
0.0150	0.1350	0.1450	1.29043773e+09
0.0150	0.1450	0.1450	7.72507679e+08
0.0250	0.0250	0.0250	2.03593222e+10
0.0250	0.0250	0.0350	5.60787714e+09
0.0250	0.0250	0.0450	2.46118361e+09
0.0250	0.0250	0.0550	-6.04164013e+08
0.0250	0.0350	0.0350	8.55313660e+08
0.0250	0.0350	0.0450	3.47765323e+09
0.0250	0.0350	0.0550	-5.14538309e+08
0.0250	0.0350	0.0650	8.36219184e+09
0.0250	0.0450	0.0450	7.61662468e+09
0.0250	0.0450	0.0550	5.77640269e+09
0.0250	0.0450	0.0650	8.29919032e+09
0.0250	0.0450	0.0750	-1.15503877e+09
0.0250	0.0550	0.0550	-2.70811176e+09
0.0250	0.0550	0.0650	5.93253324e+09
0.0250	0.0550	0.0750	5.20430657e+09
0.0250	0.0550	0.0850	4.92859635e+09
0.0250	0.0650	0.0650	3.02111050e+09
0.0250	0.0650	0.0750	1.74015900e+09
0.0250	0.0650	0.0850	3.13361494e+09
0.0250	0.0650	0.0950	2.93894511e+09
0.0250	0.0750	0.0750	1.41507154e+09
0.0250	0.0750	0.0850	7.45713356e+08
0.0250	0.0750	0.0950	5.25346064e+09
0.0250	0.0750	0.1050	5.34650152e+08
0.0250	0.0850	0.0850	3.71676000e+09
0.0250	0.0850	0.0950	2.34068818e+09
0.0250	0.0850	0.1050	3.27299601e+09
0.0250	0.0850	0.1150	3.52349893e+09
0.0250	0.0950	0.0950	2.53514633e+09
0.0250	0.0950	0.1050	2.53412642e+09
0.0250	0.0950	0.1150	2.92967477e+09
0.0250	0.0950	0.1250	2.67267783e+09
0.0250	0.1050	0.1050	1.39176065e+09
0.0250	0.1050	0.1150	1.77031355e+09
0.0250	0.1050	0.1250	1.31897276e+09
0.0250	0.1050	0.1350	1.89845620e+09
0.0250	0.1150	0.1150	-2.85555635e+08
0.0250	0.1150	0.1250	1.74498791e+09
0.0250	0.1150	0.1350	1.07009266e+09
0.0250	0.1150	0.1450	7.48742236e+08
0.0250	0.1250	0.1250	1.11255900e+09
0.0250	0.1250	0.1350	9.35269838e+08
0.0250	0.1250	0.1450	2.15540549e+09
0.0250	0.1350	0.1350	9.96701683e+08
0.0250	0.1350	0.1450	1.21160930e+09
0.0250	0.1450	0.1450	4.24800957e+08
0.0350	0.0350	0.0350	-4.47047271e+09
0.0350	0.0350	0.0450	5.48248894e+09
0.0350	0.0350	0.0550	5.35734895e+09
0.0350	0.0350	0.0650	5.13732347e+09
0.0350	0.0350	0.0750	-5.26194665e+09
0.0350	0.0450	0.0450	2.98210539e+09
0.0350	0.0450	0.0550	2.34345319e+09
0.0350	0.0450	0.0650	1.42859453e+09
0.0350	0.0450	0.0750	3.56412182e+09
0.0350	0.0450	0.0850	-1.70156080e+08
0.0350	0.0550	0.0550	3.67773205e+09
0.0350	0.0550	0.0650	3.09964693e+09
0.0350	0.0550	0.0750	3.75292053e+09
0.0350	0.0550	0.0850	3.37979003e+09
0.0350	0.0550	0.0950	4.05873473e+09
0.0350	0.0650	0.0650	2.57119689e+08
0.0350	0.0650	0.0750	2.52250481e+09
0.0350	0.0650	0.0850	1.51369825e+09
0.0350	0.0650	0.0950	2.28023818e+09
0.0350	0.0650	0.1050	1.28884346e+09
0.0350	0.0750	0.0750	3.16557868e+09
0.0350	0.0750	0.0850	1.86723950e+09
0.0350	0.0750	0.0950	2.96897832e+09
0.0350	0.0750	0.1050	2.37549886e+09
0.0350	0.0750	0.1150	3.16947641e+09
0.0350	0.0850	0.0850	3.95853517e+08
0.0350	0.0850	0.0950	9.20783677e+08
0.0350	0.0850	0.1050	1.67228106e+09
0.0350	0.0850	0.1150	1.02090786e+09
0.0350	0.0850	0.1250	2.78984176e+09
0.0350	0.0950	0.0950	6.86006463e+08
0.0350	0.0950	0.1050	1.05922409e+09
0.0350	0.0950	0.1150	1.20986882e+09
0.0350	0.0950	0.1250	1.43291920e+09
0.0350	0.0950	0.1350	2.16033445e+09
0.0350	0.1050	0.1050	8.62375347e+08
0.0350	0.1050	0.1150	1.02257237e+09
0.0350	0.1050	0.1250	8.58745333e+08
0.0350	0.1050	0.1350	1.61687082e+09
0.0350	0.1050	0.1450	1.80027738e+09
0.0350	0.1150	0.1150	2.75876459e+08
0.0350	0.1150	0.1250	9.16450948e+08
0.0350	0.1150	0.1350	6.89701357e+08
0.0350	0.1150	0.1450	1.40833113e+09
0.0350	0.1250	0.1250	7.26305705e+08
0.0350	0.1250	0.1350	8.75916716e+08
0.0350	0.1250	0.1450	9.29226872e+08
0.0350	0.1350	0.1350	7.24152189e+08
0.0350	0.1350	0.1450	7.58493483e+08
0.0350	0.1450	0.1450	9.32793031e+08
0.0450	0.0450	0.0450	-2.64227068e+09
0.0450	0.0450	0.0550	-3.64756600e+07
0.0450	0.0450	0.0650	2.29105797e+09
0.0450	0.0450	0.0750	3.00149255e+09
0.0450	0.0450	0.0850	5.25138921e+09
0.0450	0.0450	0.0950	2.30497325e+09
0.0450	0.0550	0.0550	1.78249391e+09
0.0450	0.0550	0.0650	1.95864510e+09
0.0450	0.0550	0.0750	2.79325560e+09
0.0450	0.0550	0.0850	1.19246909e+09
0.0450	0.0550	0.0950	3.01424540e+09
0.0450	0.0550	0.1050	4.39449546e+09
0.0450	0.0650	0.0650	1.66526579e+09
0.0450	0.0650	0.0750	1.81724043e+09
0.0450	0.0650	0.0850	1.46503477e+09
0.0450	0.0650	0.0950	2.17540854e+09
0.0450	0.0650	0.1050	3.46738882e+09
0.0450	0.0650	0.1150	2.17422878e+09
0.0450	0.0750	0.0750	3.67635632e+09
0.0450	0.0750	0.0850	1.13282715e+09
0.0450	0.0750	0.0950	2.11573365e+09
0.0450	0.0750	0.1050	1.06068247e+09
0.0450	0.0750	0.1150	1.18474746e+09
0.0450	0.0750	0.1250	1.83903691e+09
0.0450	0.0850	0.0850	1.32271987e+09
0.0450	0.0850	0.0950	1.07796373e+09
0.0450	0.0850	0.1050	3.60439651e+08
0.0450	0.0850	0.1150	1.25275842e+09
0.0450	0.0850	0.1250	1.67070992e+09
0.0450	0.0850	0.1350	2.44601410e+09
0.0450	0.0950	0.0950	1.78854389e+09
0.0450	0.0950	0.1050	1.69092106e+09
0.0450	0.0950	0.1150	8.52769367e+08
0.0450	0.0950	0.1250	1.32652331e+09
0.0450	0.0950	0.1350	1.95099868e+09
0.0450	0.0950	0.1450	1.29861999e+09
0.0450	0.1050	0.1050	8.60732599e+08
0.0450	0.1050	0.1150	8.45623158e+08
0.0450	0.1050	0.1250	1.19249254e+09
0.0450	0.1050	0.1350	6.05105675e+08
0.0450	0.1050	0.1450	1.49176832e+09
0.0450	0.1150	0.1150	3.15522780e+08
0.0450	0.1150	0.1250	7.04070624e+08
0.0450	0.1150	0.1350	9.43614226e+08
0.0450	0.1150	0.1450	8.40361549e+08
0.0450	0.1250	0.1250	3.19393098e+08
0.0450	0.1250	0.1350	8.22530723e+08
0.0450	0.1250	0.1450	1.13207436e+09
0.0450	0.1350	0.1350	5.62024625e+08
0.0450	0.1350	0.1450	5.87091887e+08
0.0450	0.1450	0.1450	3.68097973e+08
0.0550	0.0550	0.0550	6.26339491e+09
0.0550	0.0550	0.0650	2.06862190e+09
0.0550	0.0550	0.0750	1.25326152e+09
0.0550	0.0550	0.0850	1.66241358e+09
0.0550	0.0550	0.0950	2.83585381e+09
0.0550	0.0550	0.1050	1.65165815e+09
0.0550	0.0550	0.1150	5.39004705e+09
0.0550	0.0650	0.0650	1.51983562e+09
0.0550	0.0650	0.0750	9.66312312e+08
0.0550	0.0650	0.0850	1.64922267e+09
0.0550	0.0650	0.0950	1.62868595e+09
0.0550	0.0650	0.1050	1.06659835e+09
0.0550	0.0650	0.1150	1.86107732e+09
0.0550	0.0650	0.1250	1.20532444e+09
0.0550	0.0750	0.0750	1.10801394e+09
0.0550	0.0750	0.0850	1.30596319e+09
0.0550	0.0750	0.0950	1.76061977e+09
0.0550	0.0750	0.1050	1.46371351e+09
0.0550	0.0750	0.1150	1.78573932e+09
0.0550	0.0750	0.1250	1.95185645e+09
0.0550	0.0750	0.1350	1.05452852e+09
0.0550	0.0850	0.0850	1.27016053e+09
0.0550	0.0850	0.0950	9.74868480e+08
0.0550	0.0850	0.1050	1.15584339e+09
0.0550	0.0850	0.1150	1.13265661e+09
0.0550	0.0850	0.1250	1.18942739e+09
0.0550	0.0850	0.1350	1.25202603e+09
0.0550	0.0850	0.1450	1.93754342e+09
0.0550	0.0950	0.0950	3.56272743e+07
0.0550	0.0950	0.1050	1.36856309e+09
0.0550	0.0950	0.1150	1.24238004e+09
0.0550	0.0950	0.1250	7.99948703e+08
0.0550	0.0950	0.1350	1.13962549e+09
0.0550	0.0950	0.1450	1.75134164e+09
0.0550	0.1050	0.1050	1.14047590e+09
0.0550	0.1050	0.1150	5.68099985e+08
0.0550	0.1050	0.1250	1.13449076e+09
0.0550	0.1050	0.1350	1.08993648e+09
0.0550	0.1050	0.1450	9.87027272e+08
0.0550	0.1150	0.1150	1.71010690e+08
0.0550	0.1150	0.1250	2.68099945e+08
0.0550	0.1150	0.1350	8.58102237e+08
0.0550	0.1150	0.1450	5.75340989e+08
0.0550	0.1250	0.1250	9.04625659e+08
0.0550	0.1250	0.1350	9.55558163e+08
0.0550	0.1250	0.1450	9.19581346e+08
0.0550	0.1350	0.1350	4.28469804e+08
0.0550	0.1350	0.1450	5.38813230e+08
0.0550	0.1450	0.1450	8.79049656e+08
0.0650	0.0650	0.0650	3.89139312e+08
0.0650	0.0650	0.0750	2.26518826e+09
0.0650	0.0650	0.0850	6.05146923e+08
0.0650	0.0650	0.0950	1.90664683e+09
0.0650	0.0650	0.1050	6.92936237e+08
0.0650	0.0650	0.1150	1.22698823e+09
0.0650	0.0650	0.1250	1.48098424e+09
0.0650	0.0650	0.1350	1.06071282e+09
0.0650	0.0750	0.0750	1.36835985e+09
0.0650	0.0750	0.0850	1.45252560e+09
0.0650	0.0750	0.0950	9.62496850e+08
0.0650	0.0750	0.1050	8.20351763e+08
0.0650	0.0750	0.1150	1.43208046e+09
0.0650	0.0750	0.1250	1.45124117e+09
0.0650	0.0750	0.1350	1.99163246e+09
0.0650	0.0750	0.1450	1.11540154e+09
0.0650	0.0850	0.0850	1.50703013e+08
0.0650	0.0850	0.0950	1.24623873e+09
0.0650	0.0850	0.1050	9.64812554e+08
0.0650	0.0850	0.1150	7.63135838e+08
0.0650	0.0850	0.1250	7.32955367e+08
0.0650	0.0850	0.1350	1.08112075e+09
0.0650	0.0850	0.1450	1.05065989e+09
0.0650	0.0950	0.0950	5.73013005e+08
0.0650	0.0950	0.1050	7.05756391e+08
0.0650	0.0950	0.1150	5.77129609e+08
0.0650	0.0950	0.1250	8.03402482e+08
0.0650	0.0950	0.1350	1.06248891e+09
0.0650	0.0950	0.1450	4.05854267e+08
0.0650	0.1050	0.1050	8.87241227e+08
0.0650	0.1050	0.1150	5.60986514e+08
0.0650	0.1050	0.1250	8.10627180e+08
0.0650	0.1050	0.1350	5.88659930e+08
0.0650	0.1050	0.1450	5.88437995e+08
0.0650	0.1150	0.1150	9.11521208e+08
0.0650	0.1150	0.1250	5.00787554e+08
0.0650	0.1150	0.1350	7.15967042e+08
0.0650	0.1150	0.1450	5.60014707e+08
0.0650	0.1250	0.1250	5.80719779e+08
0.0650	0.1250	0.1350	5.12561194e+08
0.0650	0.1250	0.1450	5.36167185e+08
0.0650	0.1350	0.1350	3.08907678e+08
0.0650	0.1350	0.1450	6.44254552e+08
0.0650	0.1450	0.1450	5.34752350e+08
0.0750	0.0750	0.0750	-7.93314298e+07
0.0750	0.0750	0.0850	1.29888961e+09
0.0750	0.0750	0.0950	1.08660655e+09
0.0750	0.0750	0.1050	1.19381505e+09
0.0750	0.0750	0.1150	7.38668282e+08
0.0750	0.0750	0.1250	6.21159258e+08
0.0750	0.0750	0.1350	1.18419449e+09
0.0750	0.0750	0.1450	1.09139858e+09
0.0750	0.0850	0.0850	6.78776903e+08
0.0750	0.0850	0.0950	5.03182486e+08
0.0750	0.0850	0.1050	5.77381592e+08
0.0750	0.0850	0.1150	5.87197779e+08
0.0750	0.0850	0.1250	7.92831340e+08
0.0750	0.0850	0.1350	1.03657925e+09
0.0750	0.0850	0.1450	9.57050546e+08
0.0750	0.0950	0.0950	7.55251391e+08
0.0750	0.0950	0.1050	7.51590004e+08
0.0750	0.0950	0.1150	5.93996489e+08
0.0750	0.0950	0.1250	7.41510618e+08
0.0750	0.0950	0.1350	7.38565638e+08
0.0750	0.0950	0.1450	7.70307872e+08
0.0750	0.1050	0.1050	4.68430257e+08
0.0750	0.1050	0.1150	8.03782653e+08
0.0750	0.1050	0.1250	5.36652885e+08
0.0750	0.1050	0.1350	7.31447135e+08
0.0750	0.1050	0.1450	8.46391935e+08
0.0750	0.1150	0.1150	3.88393573e+08
0.0750	0.1150	0.1250	2.59548443e+08
0.0750	0.1150	0.1350	6.49719801e+08
0.0750	0.1150	0.1450	6.02978134e+08
0.0750	0.1250	0.1250	4.66355305e+08
0.0750	0.1250	0.1350	5.07170415e+08
0.0750	0.1250	0.1450	5.30859277e+08
0.0750	0.1350	0.1350	6.34667454e+08
0.0750	0.1350	0.1450	3.64023125e+08
0.0750	0.1450	0.1450	2.19124406e+08
0.0850	0.0850	0.0850	9.76691805e+08
0.0850	0.0850	0.0950	-8.46495995e+07
0.0850	0.0850	0.1050	1.19443104e+09
0.0850	0.0850	0.1150	6.78788393e+08
0.0850	0.0850	0.1250	3.75162126e+08
0.0850	0.0850	0.1350	2.71909705e+08
0.0850	0.0850	0.1450	8.90907832e+08
0.0850	0.0950	0.0950	7.05229965e+08
0.0850	0.0950	0.1050	2.99155437e+08
0.0850	0.0950	0.1150	5.51326754e+08
0.0850	0.0950	0.1250	3.72653527e+08
0.0850	0.0950	0.1350	5.55326834e+08
0.0850	0.0950	0.1450	3.57632806e+08
0.0850	0.1050	0.1050	9.46974771e+08
0.0850	0.1050	0.1150	6.85700965e+08
0.0850	0.1050	0.1250	3.74478848e+08
0.0850	0.1050	0.1350	4.14781015e+08
0.0850	0.1050	0.1450	4.19307341e+08
0.0850	0.1150	0.1150	2.05110096e+08
0.0850	0.1150	0.1250	6.75713565e+08
0.0850	0.1150	0.1350	1.29375726e+08
0.0850	0.1150	0.1450	3.63417661e+08
0.0850	0.1250	0.1250	-1.36143630e+08
0.0850	0.1250	0.1350	3.94564106e+08
0.0850	0.1250	0.1450	2.77182972e+08
0.0850	0.1350	0.1350	3.47343903e+08
0.0850	0.1350	0.1450	3.79784006e+08
0.0850	0.1450	0.1450	5.12178402e+08
0.0950	0.0950	0.0950	2.38659900e+07
0.0950	0.0950	0.1050	7.59875021e+08
0.0950	0.0950	0.1150	1.39697910e+08
0.0950	0.0950	0.1250	3.75972205e+08
0.0950	0.0950	0.1350	3.58029059e+08
0.0950	0.0950	0.1450	5.74241587e+08
0.0950	0.1050	0.1050	6.49181539e+08
0.0950	0.1050	0.1150	3.63064098e+07
0.0950	0.1050	0.1250	2.98232647e+08
0.0950	0.1050	0.1350	5.58737890e+08
0.0950	0.1050	0.1450	4.64498076e+08
0.0950	0.1150	0.1150	7.46121711e+08
0.0950	0.1150	0.1250	2.55752141e+08
0.0950	0.1150	0.1350	2.88264834e+08
0.0950	0.1150	0.1450	2.89227750e+08
0.0950	0.1250	0.1250	4.18539515e+08
0.0950	0.1250	0.1350	2.65096647e+08
0.0950	0.1250	0.1450	4.67644001e+08
0.0950	0.1350	0.1350	4.03252897e+08
0.0950	0.1350	0.1450	1.37590004e+08
0.0950	0.1450	0.1450	3.91747891e+08
0.1050	0.1050	0.1050	5.58452728e+08
0.1050	0.1050	0.1150	2.26368450e+08
0.1050	0.1050	0.1250	4.15347443e+08
0.1050	0.1050	0.1350	3.25395189e+08
0.1050	0.1050	0.1450	4.98917280e+08
0.1050	0.1150	0.1150	4.24415337e+08
0.1050	0.1150	0.1250	2.62901317e+08
0.1050	0.1150	0.1350	6.21462144e+08
0.1050	0.1150	0.1450	3.81207773e+08
0.1050	0.1250	0.1250	1.92569345e+08
0.1050	0.1250	0.1350	4.56125223e+08
0.1050	0.1250	0.1450	4.30056856e+08
0.1050	0.1350	0.1350	3.32180577e+08
0.1050	0.1350	0.1450	3.23162279e+08
0.1050	0.1450	0.1450	2.45578634e+08
0.1150	0.1150	0.1150	5.01943450e+08
0.1150	0.1150	0.1250	4.71229233e+08
0.1150	0.1150	0.1350	2.29758151e+08
0.1150	0.1150	0.1450	3.62897160e+08
0.1150	0.1250	0.1250	1.95210677e+08
0.1150	0.1250	0.1350	2.49040786e+08
0.1150	0.1250	0.1450	3.34236320e+08
0.1150	0.1350	0.1350	3.06489763e+08
0.1150	0.1350	0.1450	2.16651947e+08
0.1150	0.1450	0.1450	3.82956019e+08
0.1250	0.1250	0.1250	2.64285998e+08
0.1250	0.1250	0.1350	3.19583482e+08
0.1250	0.1250	0.1450	3.31419433e+08
0.1250	0.1350	0.1350	1.91657256e+08
0.1250	0.1350	0.1450	2.55500147e+08
0.1250	0.1450	0.1450	2.14526616e+08
0.1350	0.1350	0.1350	1.41377936e+08
0.1350	0.1350	0.1450	2.07287890e+08
0.1350	0.1450	0.1450	1.82593489e+08
0.1450	0.1450	0.1450	2.34309058e+08
