####### Bispectrum of Patchy Simulation 319 #############
# Patch: sgc
# z-type: z3
# Weights: fkp
# Fiducial Omega_m: 0.310
# Fiducial h: 0.676
# Boxsize: [1000.0, 2600.0, 1500.0]
# Grid: [95, 250, 140]
# k-binning: [0.000, 0.160, 0.010]
# Monte Carlo Simulations: 100
#
# Format: k1 | k2 | k3 | B(k1,k2,k3)
############################################
0.0150	0.0150	0.0150	3.67900821e+10
0.0150	0.0150	0.0250	4.14827958e+09
0.0150	0.0150	0.0350	1.72488392e+10
0.0150	0.0250	0.0250	1.87022240e+10
0.0150	0.0250	0.0350	3.53533945e+09
0.0150	0.0250	0.0450	1.01126802e+10
0.0150	0.0350	0.0350	-2.82008102e+09
0.0150	0.0350	0.0450	-2.96312002e+09
0.0150	0.0350	0.0550	2.55339503e+10
0.0150	0.0450	0.0450	4.88275346e+09
0.0150	0.0450	0.0550	1.78020393e+08
0.0150	0.0450	0.0650	1.08842230e+10
0.0150	0.0550	0.0550	1.81335941e+09
0.0150	0.0550	0.0650	3.62547324e+09
0.0150	0.0550	0.0750	7.52474818e+09
0.0150	0.0650	0.0650	4.80391874e+09
0.0150	0.0650	0.0750	2.07250195e+09
0.0150	0.0650	0.0850	6.07411366e+09
0.0150	0.0750	0.0750	4.05452676e+09
0.0150	0.0750	0.0850	9.70595598e+08
0.0150	0.0750	0.0950	5.75152935e+09
0.0150	0.0850	0.0850	2.53478437e+09
0.0150	0.0850	0.0950	1.72990165e+09
0.0150	0.0850	0.1050	4.49609747e+09
0.0150	0.0950	0.0950	3.28658608e+09
0.0150	0.0950	0.1050	1.35902517e+09
0.0150	0.0950	0.1150	3.83190452e+09
0.0150	0.1050	0.1050	1.13919649e+09
0.0150	0.1050	0.1150	2.24012507e+09
0.0150	0.1050	0.1250	5.05236457e+09
0.0150	0.1150	0.1150	2.67537327e+09
0.0150	0.1150	0.1250	3.83522279e+07
0.0150	0.1150	0.1350	1.53756091e+09
0.0150	0.1250	0.1250	1.00561613e+09
0.0150	0.1250	0.1350	2.00722691e+09
0.0150	0.1250	0.1450	3.16194947e+09
0.0150	0.1350	0.1350	5.02459703e+08
0.0150	0.1350	0.1450	1.58308514e+09
0.0150	0.1450	0.1450	6.11329917e+08
0.0250	0.0250	0.0250	-1.05182821e+09
0.0250	0.0250	0.0350	1.51348642e+10
0.0250	0.0250	0.0450	4.79561336e+09
0.0250	0.0250	0.0550	1.11993234e+10
0.0250	0.0350	0.0350	2.49141191e+08
0.0250	0.0350	0.0450	5.12123781e+09
0.0250	0.0350	0.0550	2.20968643e+09
0.0250	0.0350	0.0650	4.89339403e+09
0.0250	0.0450	0.0450	5.80562369e+09
0.0250	0.0450	0.0550	4.25898369e+09
0.0250	0.0450	0.0650	6.17929725e+09
0.0250	0.0450	0.0750	3.06461094e+09
0.0250	0.0550	0.0550	-2.36269584e+09
0.0250	0.0550	0.0650	2.61172341e+09
0.0250	0.0550	0.0750	5.27297573e+09
0.0250	0.0550	0.0850	1.15875852e+09
0.0250	0.0650	0.0650	3.97823281e+07
0.0250	0.0650	0.0750	4.03353292e+09
0.0250	0.0650	0.0850	4.96128965e+09
0.0250	0.0650	0.0950	2.37424090e+09
0.0250	0.0750	0.0750	2.68465284e+09
0.0250	0.0750	0.0850	3.58334702e+09
0.0250	0.0750	0.0950	2.25165855e+09
0.0250	0.0750	0.1050	3.65948954e+09
0.0250	0.0850	0.0850	2.18083181e+09
0.0250	0.0850	0.0950	2.52256375e+09
0.0250	0.0850	0.1050	3.11013505e+09
0.0250	0.0850	0.1150	3.34869696e+09
0.0250	0.0950	0.0950	2.51086240e+09
0.0250	0.0950	0.1050	1.47280393e+09
0.0250	0.0950	0.1150	2.28194921e+09
0.0250	0.0950	0.1250	8.60620268e+08
0.0250	0.1050	0.1050	1.30921010e+09
0.0250	0.1050	0.1150	2.03253046e+09
0.0250	0.1050	0.1250	1.77458181e+09
0.0250	0.1050	0.1350	1.48720426e+09
0.0250	0.1150	0.1150	4.00261703e+08
0.0250	0.1150	0.1250	1.86051612e+09
0.0250	0.1150	0.1350	1.77133205e+09
0.0250	0.1150	0.1450	1.34081062e+09
0.0250	0.1250	0.1250	1.30510686e+09
0.0250	0.1250	0.1350	1.30688402e+09
0.0250	0.1250	0.1450	1.50610544e+09
0.0250	0.1350	0.1350	1.47391965e+09
0.0250	0.1350	0.1450	2.16381299e+09
0.0250	0.1450	0.1450	7.93519477e+08
0.0350	0.0350	0.0350	-5.84499140e+09
0.0350	0.0350	0.0450	1.88170837e+09
0.0350	0.0350	0.0550	2.69404919e+09
0.0350	0.0350	0.0650	8.73856077e+09
0.0350	0.0350	0.0750	4.96651367e+09
0.0350	0.0450	0.0450	2.54545259e+08
0.0350	0.0450	0.0550	3.83856026e+09
0.0350	0.0450	0.0650	2.37992299e+09
0.0350	0.0450	0.0750	3.55870851e+09
0.0350	0.0450	0.0850	7.35540985e+09
0.0350	0.0550	0.0550	3.24198485e+09
0.0350	0.0550	0.0650	4.18393292e+09
0.0350	0.0550	0.0750	2.23797304e+09
0.0350	0.0550	0.0850	3.76947489e+09
0.0350	0.0550	0.0950	4.39611953e+08
0.0350	0.0650	0.0650	2.38443695e+09
0.0350	0.0650	0.0750	1.10118543e+09
0.0350	0.0650	0.0850	1.69468358e+09
0.0350	0.0650	0.0950	2.36704646e+09
0.0350	0.0650	0.1050	3.75773962e+09
0.0350	0.0750	0.0750	1.63765625e+09
0.0350	0.0750	0.0850	1.90247269e+09
0.0350	0.0750	0.0950	1.04325281e+09
0.0350	0.0750	0.1050	1.58588337e+09
0.0350	0.0750	0.1150	1.12921255e+09
0.0350	0.0850	0.0850	9.38880629e+08
0.0350	0.0850	0.0950	1.49997279e+09
0.0350	0.0850	0.1050	1.71919357e+09
0.0350	0.0850	0.1150	1.71262981e+09
0.0350	0.0850	0.1250	3.25141336e+09
0.0350	0.0950	0.0950	4.04756743e+08
0.0350	0.0950	0.1050	2.06355263e+09
0.0350	0.0950	0.1150	1.73555904e+09
0.0350	0.0950	0.1250	1.35988734e+09
0.0350	0.0950	0.1350	1.37366570e+09
0.0350	0.1050	0.1050	1.90692830e+09
0.0350	0.1050	0.1150	1.11912307e+09
0.0350	0.1050	0.1250	6.40672659e+08
0.0350	0.1050	0.1350	1.11545417e+09
0.0350	0.1050	0.1450	3.06200203e+09
0.0350	0.1150	0.1150	1.40192780e+09
0.0350	0.1150	0.1250	8.68985708e+08
0.0350	0.1150	0.1350	1.68150258e+09
0.0350	0.1150	0.1450	1.20427322e+09
0.0350	0.1250	0.1250	8.79412388e+08
0.0350	0.1250	0.1350	6.86464125e+08
0.0350	0.1250	0.1450	1.12201943e+09
0.0350	0.1350	0.1350	1.21709452e+09
0.0350	0.1350	0.1450	7.39608833e+08
0.0350	0.1450	0.1450	8.26352156e+08
0.0450	0.0450	0.0450	8.90172855e+08
0.0450	0.0450	0.0550	2.11177355e+09
0.0450	0.0450	0.0650	5.68562471e+07
0.0450	0.0450	0.0750	1.51516829e+09
0.0450	0.0450	0.0850	1.76441779e+09
0.0450	0.0450	0.0950	2.81537467e+09
0.0450	0.0550	0.0550	9.94873531e+08
0.0450	0.0550	0.0650	2.88990204e+09
0.0450	0.0550	0.0750	1.43179926e+09
0.0450	0.0550	0.0850	1.71635675e+09
0.0450	0.0550	0.0950	2.80630341e+09
0.0450	0.0550	0.1050	2.28235817e+09
0.0450	0.0650	0.0650	2.49403721e+09
0.0450	0.0650	0.0750	2.55869961e+09
0.0450	0.0650	0.0850	1.47128941e+09
0.0450	0.0650	0.0950	1.57890103e+09
0.0450	0.0650	0.1050	1.60729517e+09
0.0450	0.0650	0.1150	1.91217439e+09
0.0450	0.0750	0.0750	3.43348873e+08
0.0450	0.0750	0.0850	1.79977550e+09
0.0450	0.0750	0.0950	2.35249587e+09
0.0450	0.0750	0.1050	1.97016719e+09
0.0450	0.0750	0.1150	1.43433137e+09
0.0450	0.0750	0.1250	1.75918556e+09
0.0450	0.0850	0.0850	1.83877349e+09
0.0450	0.0850	0.0950	1.31319368e+09
0.0450	0.0850	0.1050	9.15557521e+08
0.0450	0.0850	0.1150	1.33556300e+09
0.0450	0.0850	0.1250	1.13171978e+09
0.0450	0.0850	0.1350	1.54058365e+09
0.0450	0.0950	0.0950	8.52500760e+08
0.0450	0.0950	0.1050	1.06651414e+09
0.0450	0.0950	0.1150	1.73797433e+09
0.0450	0.0950	0.1250	7.75176199e+08
0.0450	0.0950	0.1350	1.37635518e+09
0.0450	0.0950	0.1450	3.19136374e+08
0.0450	0.1050	0.1050	9.65785895e+08
0.0450	0.1050	0.1150	1.05708200e+09
0.0450	0.1050	0.1250	1.32604224e+09
0.0450	0.1050	0.1350	1.01154911e+09
0.0450	0.1050	0.1450	1.41892520e+09
0.0450	0.1150	0.1150	4.79770607e+08
0.0450	0.1150	0.1250	1.09235063e+09
0.0450	0.1150	0.1350	6.46913892e+08
0.0450	0.1150	0.1450	7.16232971e+08
0.0450	0.1250	0.1250	7.07802552e+08
0.0450	0.1250	0.1350	1.02306299e+09
0.0450	0.1250	0.1450	6.40098431e+08
0.0450	0.1350	0.1350	9.93804914e+08
0.0450	0.1350	0.1450	9.33929688e+08
0.0450	0.1450	0.1450	2.57171844e+08
0.0550	0.0550	0.0550	3.16330785e+09
0.0550	0.0550	0.0650	1.44923281e+09
0.0550	0.0550	0.0750	9.76666091e+08
0.0550	0.0550	0.0850	1.35526991e+09
0.0550	0.0550	0.0950	2.16610620e+09
0.0550	0.0550	0.1050	1.69009802e+09
0.0550	0.0550	0.1150	2.02617957e+09
0.0550	0.0650	0.0650	7.31613886e+07
0.0550	0.0650	0.0750	1.18090113e+09
0.0550	0.0650	0.0850	2.40520429e+09
0.0550	0.0650	0.0950	1.83324403e+09
0.0550	0.0650	0.1050	1.92537711e+09
0.0550	0.0650	0.1150	2.16347670e+09
0.0550	0.0650	0.1250	1.33678005e+09
0.0550	0.0750	0.0750	1.67243487e+09
0.0550	0.0750	0.0850	9.27441661e+08
0.0550	0.0750	0.0950	7.40286610e+08
0.0550	0.0750	0.1050	1.12442667e+09
0.0550	0.0750	0.1150	1.82187049e+09
0.0550	0.0750	0.1250	2.11590353e+09
0.0550	0.0750	0.1350	1.38412594e+09
0.0550	0.0850	0.0850	1.47012905e+09
0.0550	0.0850	0.0950	1.12901787e+09
0.0550	0.0850	0.1050	1.58381205e+09
0.0550	0.0850	0.1150	5.83972667e+08
0.0550	0.0850	0.1250	1.45531012e+09
0.0550	0.0850	0.1350	1.64107851e+09
0.0550	0.0850	0.1450	1.31276090e+09
0.0550	0.0950	0.0950	7.85470178e+08
0.0550	0.0950	0.1050	9.08858400e+08
0.0550	0.0950	0.1150	9.59441679e+08
0.0550	0.0950	0.1250	1.12363003e+09
0.0550	0.0950	0.1350	1.01898998e+09
0.0550	0.0950	0.1450	1.26460894e+09
0.0550	0.1050	0.1050	1.05994089e+09
0.0550	0.1050	0.1150	7.07275697e+08
0.0550	0.1050	0.1250	7.13567956e+08
0.0550	0.1050	0.1350	6.57657258e+08
0.0550	0.1050	0.1450	7.24584979e+08
0.0550	0.1150	0.1150	1.02568884e+09
0.0550	0.1150	0.1250	7.01846827e+08
0.0550	0.1150	0.1350	7.09981369e+08
0.0550	0.1150	0.1450	1.15618262e+09
0.0550	0.1250	0.1250	7.36752464e+08
0.0550	0.1250	0.1350	4.06846357e+08
0.0550	0.1250	0.1450	7.21692093e+08
0.0550	0.1350	0.1350	9.85111857e+08
0.0550	0.1350	0.1450	6.10073850e+08
0.0550	0.1450	0.1450	6.94064332e+08
0.0650	0.0650	0.0650	2.81494146e+09
0.0650	0.0650	0.0750	2.35875789e+09
0.0650	0.0650	0.0850	7.78810906e+08
0.0650	0.0650	0.0950	1.50999052e+09
0.0650	0.0650	0.1050	1.24638462e+09
0.0650	0.0650	0.1150	1.10993376e+09
0.0650	0.0650	0.1250	2.07614648e+09
0.0650	0.0650	0.1350	1.97345813e+09
0.0650	0.0750	0.0750	-4.48504288e+08
0.0650	0.0750	0.0850	1.12449377e+09
0.0650	0.0750	0.0950	1.32706188e+09
0.0650	0.0750	0.1050	1.28447224e+09
0.0650	0.0750	0.1150	1.60513603e+09
0.0650	0.0750	0.1250	7.54296027e+08
0.0650	0.0750	0.1350	8.33283364e+08
0.0650	0.0750	0.1450	1.38192600e+09
0.0650	0.0850	0.0850	2.35599268e+09
0.0650	0.0850	0.0950	6.59227833e+08
0.0650	0.0850	0.1050	8.42263648e+08
0.0650	0.0850	0.1150	9.41802571e+08
0.0650	0.0850	0.1250	1.13444900e+09
0.0650	0.0850	0.1350	1.01984626e+09
0.0650	0.0850	0.1450	1.13794385e+09
0.0650	0.0950	0.0950	1.37630607e+09
0.0650	0.0950	0.1050	1.08851414e+09
0.0650	0.0950	0.1150	9.28708710e+08
0.0650	0.0950	0.1250	1.00947446e+09
0.0650	0.0950	0.1350	1.03396892e+09
0.0650	0.0950	0.1450	8.43057093e+08
0.0650	0.1050	0.1050	7.66819889e+08
0.0650	0.1050	0.1150	5.92056545e+08
0.0650	0.1050	0.1250	6.83667465e+08
0.0650	0.1050	0.1350	5.72878792e+08
0.0650	0.1050	0.1450	7.86750639e+08
0.0650	0.1150	0.1150	5.73528625e+08
0.0650	0.1150	0.1250	6.86589889e+08
0.0650	0.1150	0.1350	7.41113566e+08
0.0650	0.1150	0.1450	6.83150260e+08
0.0650	0.1250	0.1250	4.81271863e+08
0.0650	0.1250	0.1350	5.90366805e+08
0.0650	0.1250	0.1450	6.38168602e+08
0.0650	0.1350	0.1350	3.36294679e+08
0.0650	0.1350	0.1450	6.79384154e+08
0.0650	0.1450	0.1450	3.08185823e+08
0.0750	0.0750	0.0750	2.10296088e+09
0.0750	0.0750	0.0850	1.09944878e+09
0.0750	0.0750	0.0950	1.29368542e+09
0.0750	0.0750	0.1050	8.53294772e+08
0.0750	0.0750	0.1150	1.48778579e+09
0.0750	0.0750	0.1250	5.59215827e+08
0.0750	0.0750	0.1350	8.67422050e+08
0.0750	0.0750	0.1450	1.20663706e+09
0.0750	0.0850	0.0850	-2.58482736e+08
0.0750	0.0850	0.0950	7.46799898e+08
0.0750	0.0850	0.1050	6.99891103e+08
0.0750	0.0850	0.1150	8.24464870e+08
0.0750	0.0850	0.1250	7.81751566e+08
0.0750	0.0850	0.1350	1.08789658e+09
0.0750	0.0850	0.1450	7.69553853e+08
0.0750	0.0950	0.0950	1.28318974e+09
0.0750	0.0950	0.1050	7.38550416e+08
0.0750	0.0950	0.1150	3.71172644e+08
0.0750	0.0950	0.1250	8.23047190e+08
0.0750	0.0950	0.1350	5.77342325e+08
0.0750	0.0950	0.1450	8.58267841e+08
0.0750	0.1050	0.1050	6.90658388e+08
0.0750	0.1050	0.1150	7.17720317e+08
0.0750	0.1050	0.1250	4.72272863e+08
0.0750	0.1050	0.1350	6.43128057e+08
0.0750	0.1050	0.1450	6.59597639e+08
0.0750	0.1150	0.1150	7.02976620e+08
0.0750	0.1150	0.1250	7.03721677e+08
0.0750	0.1150	0.1350	5.12200911e+08
0.0750	0.1150	0.1450	6.45354101e+08
0.0750	0.1250	0.1250	8.25391068e+08
0.0750	0.1250	0.1350	7.23814143e+08
0.0750	0.1250	0.1450	5.70675424e+08
0.0750	0.1350	0.1350	7.20716920e+08
0.0750	0.1350	0.1450	3.39730509e+08
0.0750	0.1450	0.1450	6.06763558e+08
0.0850	0.0850	0.0850	2.48468957e+09
0.0850	0.0850	0.0950	8.54951499e+08
0.0850	0.0850	0.1050	1.17364955e+09
0.0850	0.0850	0.1150	1.02868959e+09
0.0850	0.0850	0.1250	5.34258677e+08
0.0850	0.0850	0.1350	9.76600705e+08
0.0850	0.0850	0.1450	8.40178232e+08
0.0850	0.0950	0.0950	5.06769410e+08
0.0850	0.0950	0.1050	1.05572355e+09
0.0850	0.0950	0.1150	3.42735727e+08
0.0850	0.0950	0.1250	9.87064102e+08
0.0850	0.0950	0.1350	4.84074894e+08
0.0850	0.0950	0.1450	8.13396531e+08
0.0850	0.1050	0.1050	5.41731499e+08
0.0850	0.1050	0.1150	5.14243767e+08
0.0850	0.1050	0.1250	6.72660807e+08
0.0850	0.1050	0.1350	7.61490627e+08
0.0850	0.1050	0.1450	4.86011611e+08
0.0850	0.1150	0.1150	4.45643223e+08
0.0850	0.1150	0.1250	3.41065952e+08
0.0850	0.1150	0.1350	4.71096556e+08
0.0850	0.1150	0.1450	6.74475299e+08
0.0850	0.1250	0.1250	5.38630046e+08
0.0850	0.1250	0.1350	5.44499468e+08
0.0850	0.1250	0.1450	4.53718602e+08
0.0850	0.1350	0.1350	6.09774939e+08
0.0850	0.1350	0.1450	4.68662297e+08
0.0850	0.1450	0.1450	4.11009466e+08
0.0950	0.0950	0.0950	-6.50105094e+06
0.0950	0.0950	0.1050	9.47801637e+08
0.0950	0.0950	0.1150	3.78692449e+08
0.0950	0.0950	0.1250	5.80644664e+08
0.0950	0.0950	0.1350	6.11233606e+08
0.0950	0.0950	0.1450	6.95757419e+08
0.0950	0.1050	0.1050	4.77389397e+08
0.0950	0.1050	0.1150	6.73969606e+08
0.0950	0.1050	0.1250	3.91999533e+08
0.0950	0.1050	0.1350	7.41139949e+08
0.0950	0.1050	0.1450	2.59655275e+08
0.0950	0.1150	0.1150	2.03499581e+08
0.0950	0.1150	0.1250	4.65261920e+08
0.0950	0.1150	0.1350	5.23445887e+08
0.0950	0.1150	0.1450	3.44143545e+08
0.0950	0.1250	0.1250	3.59779131e+08
0.0950	0.1250	0.1350	6.33282771e+08
0.0950	0.1250	0.1450	2.37654031e+08
0.0950	0.1350	0.1350	4.24768618e+08
0.0950	0.1350	0.1450	4.50776117e+08
0.0950	0.1450	0.1450	5.25290298e+08
0.1050	0.1050	0.1050	9.46094619e+08
0.1050	0.1050	0.1150	4.36049655e+08
0.1050	0.1050	0.1250	6.03393146e+08
0.1050	0.1050	0.1350	3.48315277e+08
0.1050	0.1050	0.1450	6.89574507e+08
0.1050	0.1150	0.1150	7.71334480e+08
0.1050	0.1150	0.1250	3.33600972e+08
0.1050	0.1150	0.1350	6.58376601e+08
0.1050	0.1150	0.1450	2.49503150e+08
0.1050	0.1250	0.1250	2.89973574e+08
0.1050	0.1250	0.1350	4.94266930e+08
0.1050	0.1250	0.1450	5.67833187e+08
0.1050	0.1350	0.1350	3.87254716e+08
0.1050	0.1350	0.1450	4.42947462e+08
0.1050	0.1450	0.1450	3.08496464e+08
0.1150	0.1150	0.1150	1.50038682e+08
0.1150	0.1150	0.1250	2.34838611e+08
0.1150	0.1150	0.1350	3.29856058e+08
0.1150	0.1150	0.1450	5.79754285e+08
0.1150	0.1250	0.1250	2.92054863e+08
0.1150	0.1250	0.1350	4.18827707e+08
0.1150	0.1250	0.1450	3.75562003e+08
0.1150	0.1350	0.1350	5.91337292e+08
0.1150	0.1350	0.1450	3.54891279e+08
0.1150	0.1450	0.1450	2.51826544e+08
0.1250	0.1250	0.1250	4.39374342e+08
0.1250	0.1250	0.1350	2.72745611e+08
0.1250	0.1250	0.1450	2.70999252e+08
0.1250	0.1350	0.1350	5.07479820e+08
0.1250	0.1350	0.1450	3.36827642e+08
0.1250	0.1450	0.1450	3.54588058e+08
0.1350	0.1350	0.1350	2.34670237e+08
0.1350	0.1350	0.1450	4.13088859e+08
0.1350	0.1450	0.1450	2.33355076e+08
0.1450	0.1450	0.1450	5.26806968e+08
