####### Bispectrum of Patchy Simulation 965 #############
# Patch: ngc
# z-type: z3
# Weights: fkp
# Fiducial Omega_m: 0.310
# Fiducial h: 0.676
# Boxsize: [1800.0, 3400.0, 1900.0]
# Grid: [170, 325, 180]
# k-binning: [0.000, 0.160, 0.010]
# Monte Carlo Simulations: 100
#
# Format: k1 | k2 | k3 | B(k1,k2,k3)
############################################
0.0150	0.0150	0.0150	4.73719488e+10
0.0150	0.0150	0.0250	1.83029571e+10
0.0150	0.0150	0.0350	4.80583068e+10
0.0150	0.0250	0.0250	1.18619431e+10
0.0150	0.0250	0.0350	1.35881212e+10
0.0150	0.0250	0.0450	4.34228690e+09
0.0150	0.0350	0.0350	3.45740556e+09
0.0150	0.0350	0.0450	9.86889332e+09
0.0150	0.0350	0.0550	9.42439435e+09
0.0150	0.0450	0.0450	4.62163377e+09
0.0150	0.0450	0.0550	8.13744446e+09
0.0150	0.0450	0.0650	1.42959005e+10
0.0150	0.0550	0.0550	1.75769365e+09
0.0150	0.0550	0.0650	5.03637850e+09
0.0150	0.0550	0.0750	8.55834258e+09
0.0150	0.0650	0.0650	3.84772311e+09
0.0150	0.0650	0.0750	4.64182957e+09
0.0150	0.0650	0.0850	4.02474359e+09
0.0150	0.0750	0.0750	2.42156274e+09
0.0150	0.0750	0.0850	4.60532610e+09
0.0150	0.0750	0.0950	5.68707411e+09
0.0150	0.0850	0.0850	2.19115135e+09
0.0150	0.0850	0.0950	3.11896854e+09
0.0150	0.0850	0.1050	3.77827507e+09
0.0150	0.0950	0.0950	2.36085674e+09
0.0150	0.0950	0.1050	2.36463243e+09
0.0150	0.0950	0.1150	2.77956352e+09
0.0150	0.1050	0.1050	2.23070123e+09
0.0150	0.1050	0.1150	2.12061065e+09
0.0150	0.1050	0.1250	1.87612414e+09
0.0150	0.1150	0.1150	2.57749302e+09
0.0150	0.1150	0.1250	1.38829829e+09
0.0150	0.1150	0.1350	2.59033650e+09
0.0150	0.1250	0.1250	1.14942403e+09
0.0150	0.1250	0.1350	2.19447415e+09
0.0150	0.1250	0.1450	1.78574806e+09
0.0150	0.1350	0.1350	1.03965121e+09
0.0150	0.1350	0.1450	1.83158520e+09
0.0150	0.1450	0.1450	1.78537653e+09
0.0250	0.0250	0.0250	7.28224498e+08
0.0250	0.0250	0.0350	3.48711933e+09
0.0250	0.0250	0.0450	6.64003215e+09
0.0250	0.0250	0.0550	1.25477639e+10
0.0250	0.0350	0.0350	4.86291989e+09
0.0250	0.0350	0.0450	3.07246547e+09
0.0250	0.0350	0.0550	6.64021327e+09
0.0250	0.0350	0.0650	7.45106267e+09
0.0250	0.0450	0.0450	4.41523943e+09
0.0250	0.0450	0.0550	1.89652517e+09
0.0250	0.0450	0.0650	6.36020248e+09
0.0250	0.0450	0.0750	5.87305671e+09
0.0250	0.0550	0.0550	4.31754435e+09
0.0250	0.0550	0.0650	2.60992629e+09
0.0250	0.0550	0.0750	3.84976331e+09
0.0250	0.0550	0.0850	1.52700014e+09
0.0250	0.0650	0.0650	3.56601627e+09
0.0250	0.0650	0.0750	2.48975534e+09
0.0250	0.0650	0.0850	2.67464904e+09
0.0250	0.0650	0.0950	2.66329575e+09
0.0250	0.0750	0.0750	2.62830383e+09
0.0250	0.0750	0.0850	2.63928193e+09
0.0250	0.0750	0.0950	2.69622239e+09
0.0250	0.0750	0.1050	3.62679894e+09
0.0250	0.0850	0.0850	1.36049355e+09
0.0250	0.0850	0.0950	2.46423381e+09
0.0250	0.0850	0.1050	2.36153499e+09
0.0250	0.0850	0.1150	4.36382016e+09
0.0250	0.0950	0.0950	1.68848046e+09
0.0250	0.0950	0.1050	1.49967746e+09
0.0250	0.0950	0.1150	2.27765895e+09
0.0250	0.0950	0.1250	1.80936579e+09
0.0250	0.1050	0.1050	1.06971276e+09
0.0250	0.1050	0.1150	1.74685471e+09
0.0250	0.1050	0.1250	1.64545110e+09
0.0250	0.1050	0.1350	1.95068863e+09
0.0250	0.1150	0.1150	6.33230389e+08
0.0250	0.1150	0.1250	1.37945160e+09
0.0250	0.1150	0.1350	1.65034529e+09
0.0250	0.1150	0.1450	2.70823176e+09
0.0250	0.1250	0.1250	1.81062825e+09
0.0250	0.1250	0.1350	1.40825477e+09
0.0250	0.1250	0.1450	1.13555630e+09
0.0250	0.1350	0.1350	1.15150802e+09
0.0250	0.1350	0.1450	8.07594864e+08
0.0250	0.1450	0.1450	1.25339032e+09
0.0350	0.0350	0.0350	5.18524506e+09
0.0350	0.0350	0.0450	4.84273308e+09
0.0350	0.0350	0.0550	3.47236384e+09
0.0350	0.0350	0.0650	2.95506898e+09
0.0350	0.0350	0.0750	1.00208637e+10
0.0350	0.0450	0.0450	2.43989501e+09
0.0350	0.0450	0.0550	3.92400303e+09
0.0350	0.0450	0.0650	2.31946007e+09
0.0350	0.0450	0.0750	3.23508244e+09
0.0350	0.0450	0.0850	4.56450213e+09
0.0350	0.0550	0.0550	2.01902586e+09
0.0350	0.0550	0.0650	2.48589865e+09
0.0350	0.0550	0.0750	3.14165954e+09
0.0350	0.0550	0.0850	2.90027532e+09
0.0350	0.0550	0.0950	3.60347028e+09
0.0350	0.0650	0.0650	1.64099573e+09
0.0350	0.0650	0.0750	2.32512098e+09
0.0350	0.0650	0.0850	3.04410014e+09
0.0350	0.0650	0.0950	2.68692187e+09
0.0350	0.0650	0.1050	3.96940893e+09
0.0350	0.0750	0.0750	2.32252140e+09
0.0350	0.0750	0.0850	1.71957525e+09
0.0350	0.0750	0.0950	2.40317509e+09
0.0350	0.0750	0.1050	2.62368773e+09
0.0350	0.0750	0.1150	3.47505733e+09
0.0350	0.0850	0.0850	2.17283023e+09
0.0350	0.0850	0.0950	1.71075927e+09
0.0350	0.0850	0.1050	1.70784503e+09
0.0350	0.0850	0.1150	1.96857622e+09
0.0350	0.0850	0.1250	1.38551454e+09
0.0350	0.0950	0.0950	1.70529859e+09
0.0350	0.0950	0.1050	1.42274416e+09
0.0350	0.0950	0.1150	1.84175858e+09
0.0350	0.0950	0.1250	2.00142116e+09
0.0350	0.0950	0.1350	1.68688925e+09
0.0350	0.1050	0.1050	1.55526252e+09
0.0350	0.1050	0.1150	1.38141349e+09
0.0350	0.1050	0.1250	1.41178664e+09
0.0350	0.1050	0.1350	1.46697222e+09
0.0350	0.1050	0.1450	2.00016744e+09
0.0350	0.1150	0.1150	1.13557888e+09
0.0350	0.1150	0.1250	9.90956709e+08
0.0350	0.1150	0.1350	1.13733298e+09
0.0350	0.1150	0.1450	1.06509090e+09
0.0350	0.1250	0.1250	7.99799143e+08
0.0350	0.1250	0.1350	7.99019977e+08
0.0350	0.1250	0.1450	1.23029176e+09
0.0350	0.1350	0.1350	8.89651602e+08
0.0350	0.1350	0.1450	1.24832899e+09
0.0350	0.1450	0.1450	8.98105689e+08
0.0450	0.0450	0.0450	3.21404553e+09
0.0450	0.0450	0.0550	1.84849771e+09
0.0450	0.0450	0.0650	2.17668885e+09
0.0450	0.0450	0.0750	1.79795908e+09
0.0450	0.0450	0.0850	3.30614852e+09
0.0450	0.0450	0.0950	4.85604856e+08
0.0450	0.0550	0.0550	1.72985353e+09
0.0450	0.0550	0.0650	2.11343809e+09
0.0450	0.0550	0.0750	2.27683907e+09
0.0450	0.0550	0.0850	1.94738837e+09
0.0450	0.0550	0.0950	2.61420337e+09
0.0450	0.0550	0.1050	2.50717945e+09
0.0450	0.0650	0.0650	1.07602977e+09
0.0450	0.0650	0.0750	1.80251743e+09
0.0450	0.0650	0.0850	1.31686945e+09
0.0450	0.0650	0.0950	2.14207636e+09
0.0450	0.0650	0.1050	1.98099689e+09
0.0450	0.0650	0.1150	2.35874023e+09
0.0450	0.0750	0.0750	1.57190221e+09
0.0450	0.0750	0.0850	1.52012953e+09
0.0450	0.0750	0.0950	1.22526081e+09
0.0450	0.0750	0.1050	1.87099472e+09
0.0450	0.0750	0.1150	1.59409154e+09
0.0450	0.0750	0.1250	2.10237820e+09
0.0450	0.0850	0.0850	1.39740950e+09
0.0450	0.0850	0.0950	9.28276161e+08
0.0450	0.0850	0.1050	1.15644698e+09
0.0450	0.0850	0.1150	1.54861456e+09
0.0450	0.0850	0.1250	1.62552745e+09
0.0450	0.0850	0.1350	1.36499834e+09
0.0450	0.0950	0.0950	5.64259443e+08
0.0450	0.0950	0.1050	1.20170428e+09
0.0450	0.0950	0.1150	9.79120692e+08
0.0450	0.0950	0.1250	1.25658054e+09
0.0450	0.0950	0.1350	1.13754072e+09
0.0450	0.0950	0.1450	1.55672727e+09
0.0450	0.1050	0.1050	1.32915359e+09
0.0450	0.1050	0.1150	7.03420245e+08
0.0450	0.1050	0.1250	9.50253890e+08
0.0450	0.1050	0.1350	1.11745382e+09
0.0450	0.1050	0.1450	1.11752428e+09
0.0450	0.1150	0.1150	9.28810633e+08
0.0450	0.1150	0.1250	7.02485679e+08
0.0450	0.1150	0.1350	9.34140176e+08
0.0450	0.1150	0.1450	1.10116485e+09
0.0450	0.1250	0.1250	9.12448835e+08
0.0450	0.1250	0.1350	7.57733986e+08
0.0450	0.1250	0.1450	8.26156881e+08
0.0450	0.1350	0.1350	5.65196280e+08
0.0450	0.1350	0.1450	6.36589310e+08
0.0450	0.1450	0.1450	6.19013118e+08
0.0550	0.0550	0.0550	1.84060102e+09
0.0550	0.0550	0.0650	5.00275513e+08
0.0550	0.0550	0.0750	1.54340665e+09
0.0550	0.0550	0.0850	1.30785313e+09
0.0550	0.0550	0.0950	1.16201115e+09
0.0550	0.0550	0.1050	2.61578582e+09
0.0550	0.0550	0.1150	2.32467188e+09
0.0550	0.0650	0.0650	1.80087019e+09
0.0550	0.0650	0.0750	1.81281487e+09
0.0550	0.0650	0.0850	1.69856121e+09
0.0550	0.0650	0.0950	1.35570639e+09
0.0550	0.0650	0.1050	1.65976589e+09
0.0550	0.0650	0.1150	1.73401658e+09
0.0550	0.0650	0.1250	1.88553991e+09
0.0550	0.0750	0.0750	1.19108787e+09
0.0550	0.0750	0.0850	1.45411536e+09
0.0550	0.0750	0.0950	1.46659221e+09
0.0550	0.0750	0.1050	1.48929194e+09
0.0550	0.0750	0.1150	1.86047601e+09
0.0550	0.0750	0.1250	1.49162250e+09
0.0550	0.0750	0.1350	1.13695919e+09
0.0550	0.0850	0.0850	6.56825178e+08
0.0550	0.0850	0.0950	8.87070559e+08
0.0550	0.0850	0.1050	1.12606925e+09
0.0550	0.0850	0.1150	8.11896797e+08
0.0550	0.0850	0.1250	1.31235838e+09
0.0550	0.0850	0.1350	1.33999269e+09
0.0550	0.0850	0.1450	1.13188847e+09
0.0550	0.0950	0.0950	1.25098926e+09
0.0550	0.0950	0.1050	8.50098595e+08
0.0550	0.0950	0.1150	1.05873304e+09
0.0550	0.0950	0.1250	9.07609629e+08
0.0550	0.0950	0.1350	8.95230249e+08
0.0550	0.0950	0.1450	1.34508388e+09
0.0550	0.1050	0.1050	4.36384592e+08
0.0550	0.1050	0.1150	1.12159438e+09
0.0550	0.1050	0.1250	7.96183360e+08
0.0550	0.1050	0.1350	7.80050055e+08
0.0550	0.1050	0.1450	8.43211455e+08
0.0550	0.1150	0.1150	8.02482750e+08
0.0550	0.1150	0.1250	6.97263634e+08
0.0550	0.1150	0.1350	6.45804339e+08
0.0550	0.1150	0.1450	7.76078771e+08
0.0550	0.1250	0.1250	7.27873307e+08
0.0550	0.1250	0.1350	6.30909688e+08
0.0550	0.1250	0.1450	7.01756002e+08
0.0550	0.1350	0.1350	6.13231373e+08
0.0550	0.1350	0.1450	5.85251750e+08
0.0550	0.1450	0.1450	6.93957624e+08
0.0650	0.0650	0.0650	5.93349386e+08
0.0650	0.0650	0.0750	1.30136858e+09
0.0650	0.0650	0.0850	1.05762989e+09
0.0650	0.0650	0.0950	1.24107155e+09
0.0650	0.0650	0.1050	1.28848065e+09
0.0650	0.0650	0.1150	1.42228147e+09
0.0650	0.0650	0.1250	1.45584358e+09
0.0650	0.0650	0.1350	1.75218675e+09
0.0650	0.0750	0.0750	1.88928838e+09
0.0650	0.0750	0.0850	1.12988667e+09
0.0650	0.0750	0.0950	1.00270551e+09
0.0650	0.0750	0.1050	1.14114424e+09
0.0650	0.0750	0.1150	1.47022273e+09
0.0650	0.0750	0.1250	1.21950440e+09
0.0650	0.0750	0.1350	1.54045677e+09
0.0650	0.0750	0.1450	1.27702215e+09
0.0650	0.0850	0.0850	1.10465608e+09
0.0650	0.0850	0.0950	1.11714531e+09
0.0650	0.0850	0.1050	6.58006970e+08
0.0650	0.0850	0.1150	1.13086896e+09
0.0650	0.0850	0.1250	1.05337003e+09
0.0650	0.0850	0.1350	1.08795227e+09
0.0650	0.0850	0.1450	1.42587327e+09
0.0650	0.0950	0.0950	9.43948140e+08
0.0650	0.0950	0.1050	7.81369889e+08
0.0650	0.0950	0.1150	8.81282722e+08
0.0650	0.0950	0.1250	9.19243083e+08
0.0650	0.0950	0.1350	9.79496327e+08
0.0650	0.0950	0.1450	9.99024033e+08
0.0650	0.1050	0.1050	8.30814229e+08
0.0650	0.1050	0.1150	8.81942055e+08
0.0650	0.1050	0.1250	6.58792203e+08
0.0650	0.1050	0.1350	6.53665659e+08
0.0650	0.1050	0.1450	7.60561150e+08
0.0650	0.1150	0.1150	6.24642827e+08
0.0650	0.1150	0.1250	7.36973575e+08
0.0650	0.1150	0.1350	9.03513705e+08
0.0650	0.1150	0.1450	7.83240375e+08
0.0650	0.1250	0.1250	8.50698128e+08
0.0650	0.1250	0.1350	5.36308667e+08
0.0650	0.1250	0.1450	5.96764128e+08
0.0650	0.1350	0.1350	7.19874522e+08
0.0650	0.1350	0.1450	5.59525996e+08
0.0650	0.1450	0.1450	5.20880734e+08
0.0750	0.0750	0.0750	1.32810628e+09
0.0750	0.0750	0.0850	1.07226706e+09
0.0750	0.0750	0.0950	1.12905034e+09
0.0750	0.0750	0.1050	1.31437429e+09
0.0750	0.0750	0.1150	7.99414848e+08
0.0750	0.0750	0.1250	6.92772642e+08
0.0750	0.0750	0.1350	1.25410670e+09
0.0750	0.0750	0.1450	1.34467738e+09
0.0750	0.0850	0.0850	1.01824008e+09
0.0750	0.0850	0.0950	7.92083025e+08
0.0750	0.0850	0.1050	7.65858243e+08
0.0750	0.0850	0.1150	7.22181290e+08
0.0750	0.0850	0.1250	9.75160475e+08
0.0750	0.0850	0.1350	8.24895694e+08
0.0750	0.0850	0.1450	1.01148209e+09
0.0750	0.0950	0.0950	8.38435203e+08
0.0750	0.0950	0.1050	7.05012364e+08
0.0750	0.0950	0.1150	6.83010766e+08
0.0750	0.0950	0.1250	8.53275886e+08
0.0750	0.0950	0.1350	6.69780112e+08
0.0750	0.0950	0.1450	9.28857805e+08
0.0750	0.1050	0.1050	7.32153801e+08
0.0750	0.1050	0.1150	6.70616062e+08
0.0750	0.1050	0.1250	5.76153429e+08
0.0750	0.1050	0.1350	9.16024084e+08
0.0750	0.1050	0.1450	7.07949397e+08
0.0750	0.1150	0.1150	5.79545147e+08
0.0750	0.1150	0.1250	6.26094679e+08
0.0750	0.1150	0.1350	4.63640103e+08
0.0750	0.1150	0.1450	6.38738004e+08
0.0750	0.1250	0.1250	5.08997720e+08
0.0750	0.1250	0.1350	6.63500795e+08
0.0750	0.1250	0.1450	5.78588346e+08
0.0750	0.1350	0.1350	6.10388628e+08
0.0750	0.1350	0.1450	5.75545870e+08
0.0750	0.1450	0.1450	6.48306072e+08
0.0850	0.0850	0.0850	6.75886549e+08
0.0850	0.0850	0.0950	6.33657786e+08
0.0850	0.0850	0.1050	8.39727376e+08
0.0850	0.0850	0.1150	7.77158043e+08
0.0850	0.0850	0.1250	6.45237281e+08
0.0850	0.0850	0.1350	4.80249375e+08
0.0850	0.0850	0.1450	8.41538234e+08
0.0850	0.0950	0.0950	7.38031998e+08
0.0850	0.0950	0.1050	6.24631482e+08
0.0850	0.0950	0.1150	4.24640759e+08
0.0850	0.0950	0.1250	5.94754569e+08
0.0850	0.0950	0.1350	5.68796219e+08
0.0850	0.0950	0.1450	7.06485789e+08
0.0850	0.1050	0.1050	5.41574829e+08
0.0850	0.1050	0.1150	4.81517567e+08
0.0850	0.1050	0.1250	4.32755654e+08
0.0850	0.1050	0.1350	4.59807620e+08
0.0850	0.1050	0.1450	5.90709248e+08
0.0850	0.1150	0.1150	4.05912701e+08
0.0850	0.1150	0.1250	5.59993167e+08
0.0850	0.1150	0.1350	5.55079644e+08
0.0850	0.1150	0.1450	5.04318032e+08
0.0850	0.1250	0.1250	4.00241407e+08
0.0850	0.1250	0.1350	4.89491152e+08
0.0850	0.1250	0.1450	5.18274338e+08
0.0850	0.1350	0.1350	4.03655585e+08
0.0850	0.1350	0.1450	4.82011760e+08
0.0850	0.1450	0.1450	4.51919532e+08
0.0950	0.0950	0.0950	4.21283901e+08
0.0950	0.0950	0.1050	3.60743029e+08
0.0950	0.0950	0.1150	6.18384974e+08
0.0950	0.0950	0.1250	4.88732795e+08
0.0950	0.0950	0.1350	5.87444312e+08
0.0950	0.0950	0.1450	4.88561381e+08
0.0950	0.1050	0.1050	5.45653462e+08
0.0950	0.1050	0.1150	5.00897529e+08
0.0950	0.1050	0.1250	5.14375266e+08
0.0950	0.1050	0.1350	5.37963693e+08
0.0950	0.1050	0.1450	4.40241630e+08
0.0950	0.1150	0.1150	4.71698845e+08
0.0950	0.1150	0.1250	3.77638436e+08
0.0950	0.1150	0.1350	3.53066024e+08
0.0950	0.1150	0.1450	4.75733404e+08
0.0950	0.1250	0.1250	5.25353793e+08
0.0950	0.1250	0.1350	4.75857881e+08
0.0950	0.1250	0.1450	3.83157852e+08
0.0950	0.1350	0.1350	3.00245025e+08
0.0950	0.1350	0.1450	3.56851171e+08
0.0950	0.1450	0.1450	3.77341970e+08
0.1050	0.1050	0.1050	4.70903505e+08
0.1050	0.1050	0.1150	7.69130614e+08
0.1050	0.1050	0.1250	3.46664315e+08
0.1050	0.1050	0.1350	4.70797838e+08
0.1050	0.1050	0.1450	3.89463097e+08
0.1050	0.1150	0.1150	4.33906285e+08
0.1050	0.1150	0.1250	5.29538249e+08
0.1050	0.1150	0.1350	4.37489461e+08
0.1050	0.1150	0.1450	4.12513161e+08
0.1050	0.1250	0.1250	4.32113924e+08
0.1050	0.1250	0.1350	3.61530344e+08
0.1050	0.1250	0.1450	3.41320750e+08
0.1050	0.1350	0.1350	3.07179445e+08
0.1050	0.1350	0.1450	3.85386128e+08
0.1050	0.1450	0.1450	3.99793591e+08
0.1150	0.1150	0.1150	3.66821657e+08
0.1150	0.1150	0.1250	2.83253933e+08
0.1150	0.1150	0.1350	3.25676945e+08
0.1150	0.1150	0.1450	4.02958675e+08
0.1150	0.1250	0.1250	5.23318757e+08
0.1150	0.1250	0.1350	3.51978655e+08
0.1150	0.1250	0.1450	3.65319010e+08
0.1150	0.1350	0.1350	3.92000350e+08
0.1150	0.1350	0.1450	2.67179397e+08
0.1150	0.1450	0.1450	3.29312712e+08
0.1250	0.1250	0.1250	5.31152402e+08
0.1250	0.1250	0.1350	2.39240294e+08
0.1250	0.1250	0.1450	3.03439844e+08
0.1250	0.1350	0.1350	2.69508376e+08
0.1250	0.1350	0.1450	3.02791189e+08
0.1250	0.1450	0.1450	2.98302657e+08
0.1350	0.1350	0.1350	3.41627279e+08
0.1350	0.1350	0.1450	3.59947514e+08
0.1350	0.1450	0.1450	3.13687400e+08
0.1450	0.1450	0.1450	4.19830185e+08
