####### Bispectrum of Patchy Simulation 550 #############
# Patch: sgc
# z-type: z1
# Weights: fkp
# Fiducial Omega_m: 0.310
# Fiducial h: 0.676
# Boxsize: [1000.0, 1900.0, 1100.0]
# Grid: [95, 180, 105]
# k-binning: [0.000, 0.160, 0.010]
# Monte Carlo Simulations: 100
#
# Format: k1 | k2 | k3 | B(k1,k2,k3)
############################################
0.0150	0.0150	0.0150	-1.83563342e+10
0.0150	0.0150	0.0250	-4.90128867e+09
0.0150	0.0150	0.0350	-3.74605017e+09
0.0150	0.0250	0.0250	4.03159182e+10
0.0150	0.0250	0.0350	1.05704793e+10
0.0150	0.0250	0.0450	7.79280722e+09
0.0150	0.0350	0.0350	1.11669956e+09
0.0150	0.0350	0.0450	1.04987010e+10
0.0150	0.0350	0.0550	7.02688357e+09
0.0150	0.0450	0.0450	3.53097676e+09
0.0150	0.0450	0.0550	8.43968824e+09
0.0150	0.0450	0.0650	5.78195862e+09
0.0150	0.0550	0.0550	1.53604006e+09
0.0150	0.0550	0.0650	2.80765084e+09
0.0150	0.0550	0.0750	7.63536427e+09
0.0150	0.0650	0.0650	1.05908038e+09
0.0150	0.0650	0.0750	4.67742719e+09
0.0150	0.0650	0.0850	-1.74977831e+09
0.0150	0.0750	0.0750	-1.96479699e+09
0.0150	0.0750	0.0850	3.70249406e+09
0.0150	0.0750	0.0950	6.93133776e+09
0.0150	0.0850	0.0850	-4.07773351e+07
0.0150	0.0850	0.0950	4.84235392e+09
0.0150	0.0850	0.1050	-3.07136477e+08
0.0150	0.0950	0.0950	8.75891359e+08
0.0150	0.0950	0.1050	2.80676532e+09
0.0150	0.0950	0.1150	3.33717930e+09
0.0150	0.1050	0.1050	1.74289265e+09
0.0150	0.1050	0.1150	2.75868845e+09
0.0150	0.1050	0.1250	1.16186194e+09
0.0150	0.1150	0.1150	2.79131845e+09
0.0150	0.1150	0.1250	2.65300044e+09
0.0150	0.1150	0.1350	3.76611555e+09
0.0150	0.1250	0.1250	1.97448169e+09
0.0150	0.1250	0.1350	1.31926259e+09
0.0150	0.1250	0.1450	2.21025585e+09
0.0150	0.1350	0.1350	1.45574316e+09
0.0150	0.1350	0.1450	2.27593796e+09
0.0150	0.1450	0.1450	1.22883764e+09
0.0250	0.0250	0.0250	5.63635447e+09
0.0250	0.0250	0.0350	8.30916061e+09
0.0250	0.0250	0.0450	1.63344134e+10
0.0250	0.0250	0.0550	4.19237600e+09
0.0250	0.0350	0.0350	-3.81922612e+09
0.0250	0.0350	0.0450	1.21668393e+08
0.0250	0.0350	0.0550	2.77687756e+09
0.0250	0.0350	0.0650	6.25791112e+09
0.0250	0.0450	0.0450	1.14262837e+10
0.0250	0.0450	0.0550	3.58766956e+09
0.0250	0.0450	0.0650	1.90362729e+09
0.0250	0.0450	0.0750	8.39125193e+09
0.0250	0.0550	0.0550	1.89747956e+09
0.0250	0.0550	0.0650	5.49995178e+09
0.0250	0.0550	0.0750	5.95381772e+09
0.0250	0.0550	0.0850	-9.50374929e+08
0.0250	0.0650	0.0650	3.67264806e+09
0.0250	0.0650	0.0750	1.05367240e+09
0.0250	0.0650	0.0850	3.92569710e+09
0.0250	0.0650	0.0950	-1.47772072e+09
0.0250	0.0750	0.0750	3.58563220e+09
0.0250	0.0750	0.0850	1.82326135e+09
0.0250	0.0750	0.0950	3.75947788e+09
0.0250	0.0750	0.1050	2.10346484e+09
0.0250	0.0850	0.0850	1.64467203e+09
0.0250	0.0850	0.0950	8.92559869e+08
0.0250	0.0850	0.1050	2.41876493e+09
0.0250	0.0850	0.1150	1.12952976e+09
0.0250	0.0950	0.0950	4.04805747e+09
0.0250	0.0950	0.1050	1.40381734e+09
0.0250	0.0950	0.1150	1.88628872e+09
0.0250	0.0950	0.1250	2.24353949e+09
0.0250	0.1050	0.1050	2.10962245e+09
0.0250	0.1050	0.1150	1.53412857e+09
0.0250	0.1050	0.1250	9.96651830e+08
0.0250	0.1050	0.1350	2.89795854e+09
0.0250	0.1150	0.1150	7.05020587e+08
0.0250	0.1150	0.1250	8.81349272e+08
0.0250	0.1150	0.1350	1.80859208e+09
0.0250	0.1150	0.1450	3.33274917e+08
0.0250	0.1250	0.1250	2.98471670e+08
0.0250	0.1250	0.1350	1.63326910e+09
0.0250	0.1250	0.1450	2.12571166e+09
0.0250	0.1350	0.1350	6.52492263e+08
0.0250	0.1350	0.1450	7.27853365e+08
0.0250	0.1450	0.1450	1.18573841e+09
0.0350	0.0350	0.0350	3.24380304e+08
0.0350	0.0350	0.0450	6.14833116e+08
0.0350	0.0350	0.0550	-1.52202117e+09
0.0350	0.0350	0.0650	1.15131115e+10
0.0350	0.0350	0.0750	6.69606296e+09
0.0350	0.0450	0.0450	8.62856022e+09
0.0350	0.0450	0.0550	1.59019167e+09
0.0350	0.0450	0.0650	3.24344096e+09
0.0350	0.0450	0.0750	1.74898068e+09
0.0350	0.0450	0.0850	7.64254127e+09
0.0350	0.0550	0.0550	3.63665085e+08
0.0350	0.0550	0.0650	4.66675284e+09
0.0350	0.0550	0.0750	2.87048531e+09
0.0350	0.0550	0.0850	3.02157369e+09
0.0350	0.0550	0.0950	1.87203386e+08
0.0350	0.0650	0.0650	-2.31254694e+09
0.0350	0.0650	0.0750	3.36282308e+09
0.0350	0.0650	0.0850	8.05815851e+08
0.0350	0.0650	0.0950	2.79181743e+09
0.0350	0.0650	0.1050	3.29708837e+09
0.0350	0.0750	0.0750	2.06637300e+09
0.0350	0.0750	0.0850	1.26868034e+09
0.0350	0.0750	0.0950	1.75832968e+09
0.0350	0.0750	0.1050	1.49555251e+09
0.0350	0.0750	0.1150	3.96049903e+09
0.0350	0.0850	0.0850	3.30363613e+09
0.0350	0.0850	0.0950	1.76613933e+09
0.0350	0.0850	0.1050	1.21299945e+09
0.0350	0.0850	0.1150	2.54231846e+09
0.0350	0.0850	0.1250	1.77695657e+09
0.0350	0.0950	0.0950	-3.20634855e+07
0.0350	0.0950	0.1050	1.67652567e+09
0.0350	0.0950	0.1150	1.25033408e+09
0.0350	0.0950	0.1250	1.05382159e+09
0.0350	0.0950	0.1350	3.51199815e+09
0.0350	0.1050	0.1050	-4.00371363e+08
0.0350	0.1050	0.1150	9.20747647e+08
0.0350	0.1050	0.1250	1.75416782e+09
0.0350	0.1050	0.1350	1.59941855e+09
0.0350	0.1050	0.1450	2.90850500e+09
0.0350	0.1150	0.1150	9.20672221e+08
0.0350	0.1150	0.1250	1.04074725e+09
0.0350	0.1150	0.1350	1.41748236e+09
0.0350	0.1150	0.1450	7.87378772e+08
0.0350	0.1250	0.1250	1.02572193e+09
0.0350	0.1250	0.1350	1.34027246e+09
0.0350	0.1250	0.1450	9.69187736e+08
0.0350	0.1350	0.1350	6.50762131e+08
0.0350	0.1350	0.1450	8.83001354e+08
0.0350	0.1450	0.1450	1.31677388e+09
0.0450	0.0450	0.0450	-1.55948348e+09
0.0450	0.0450	0.0550	2.22278481e+09
0.0450	0.0450	0.0650	-8.39938349e+08
0.0450	0.0450	0.0750	2.08695428e+09
0.0450	0.0450	0.0850	2.41017851e+09
0.0450	0.0450	0.0950	2.88588627e+09
0.0450	0.0550	0.0550	1.44514839e+09
0.0450	0.0550	0.0650	1.95821166e+09
0.0450	0.0550	0.0750	1.14558980e+09
0.0450	0.0550	0.0850	2.58298392e+09
0.0450	0.0550	0.0950	2.20380113e+09
0.0450	0.0550	0.1050	3.89260410e+09
0.0450	0.0650	0.0650	2.13280012e+09
0.0450	0.0650	0.0750	2.60956361e+09
0.0450	0.0650	0.0850	2.98386317e+08
0.0450	0.0650	0.0950	2.37908709e+09
0.0450	0.0650	0.1050	2.45760157e+09
0.0450	0.0650	0.1150	1.43891739e+09
0.0450	0.0750	0.0750	4.94706780e+08
0.0450	0.0750	0.0850	2.67726135e+09
0.0450	0.0750	0.0950	1.95896297e+09
0.0450	0.0750	0.1050	7.89076417e+08
0.0450	0.0750	0.1150	1.76130656e+09
0.0450	0.0750	0.1250	1.61379621e+09
0.0450	0.0850	0.0850	5.11689026e+08
0.0450	0.0850	0.0950	1.11147898e+09
0.0450	0.0850	0.1050	1.53440844e+09
0.0450	0.0850	0.1150	1.19887114e+09
0.0450	0.0850	0.1250	1.50510588e+09
0.0450	0.0850	0.1350	1.66899935e+09
0.0450	0.0950	0.0950	9.69710283e+08
0.0450	0.0950	0.1050	8.73321965e+08
0.0450	0.0950	0.1150	8.08731933e+08
0.0450	0.0950	0.1250	1.52031820e+09
0.0450	0.0950	0.1350	1.20371175e+09
0.0450	0.0950	0.1450	6.36813543e+08
0.0450	0.1050	0.1050	9.72931937e+08
0.0450	0.1050	0.1150	4.16625662e+08
0.0450	0.1050	0.1250	9.30694406e+08
0.0450	0.1050	0.1350	8.89138795e+08
0.0450	0.1050	0.1450	1.24199944e+09
0.0450	0.1150	0.1150	7.48960328e+08
0.0450	0.1150	0.1250	5.31927414e+08
0.0450	0.1150	0.1350	8.17208869e+08
0.0450	0.1150	0.1450	1.02693376e+09
0.0450	0.1250	0.1250	9.84364622e+08
0.0450	0.1250	0.1350	8.94030199e+08
0.0450	0.1250	0.1450	6.19094176e+08
0.0450	0.1350	0.1350	9.49010128e+08
0.0450	0.1350	0.1450	5.09266279e+08
0.0450	0.1450	0.1450	4.08950993e+08
0.0550	0.0550	0.0550	1.27685704e+09
0.0550	0.0550	0.0650	3.11637147e+09
0.0550	0.0550	0.0750	1.70342303e+09
0.0550	0.0550	0.0850	1.77697787e+09
0.0550	0.0550	0.0950	1.76641856e+09
0.0550	0.0550	0.1050	3.18694968e+09
0.0550	0.0550	0.1150	8.28271069e+08
0.0550	0.0650	0.0650	1.84128660e+09
0.0550	0.0650	0.0750	1.05582759e+09
0.0550	0.0650	0.0850	1.88574585e+09
0.0550	0.0650	0.0950	2.24296143e+09
0.0550	0.0650	0.1050	2.33402685e+09
0.0550	0.0650	0.1150	1.08660807e+09
0.0550	0.0650	0.1250	2.00860337e+09
0.0550	0.0750	0.0750	8.94223256e+08
0.0550	0.0750	0.0850	1.43348054e+09
0.0550	0.0750	0.0950	1.06147614e+09
0.0550	0.0750	0.1050	1.25391030e+09
0.0550	0.0750	0.1150	1.52347254e+09
0.0550	0.0750	0.1250	1.78691323e+09
0.0550	0.0750	0.1350	1.99676878e+09
0.0550	0.0850	0.0850	2.02500127e+09
0.0550	0.0850	0.0950	1.00924619e+09
0.0550	0.0850	0.1050	1.33002454e+09
0.0550	0.0850	0.1150	1.69928478e+09
0.0550	0.0850	0.1250	1.05613555e+09
0.0550	0.0850	0.1350	1.39715835e+09
0.0550	0.0850	0.1450	2.22513505e+09
0.0550	0.0950	0.0950	9.80468340e+08
0.0550	0.0950	0.1050	1.10551886e+09
0.0550	0.0950	0.1150	1.29019677e+09
0.0550	0.0950	0.1250	1.00474349e+09
0.0550	0.0950	0.1350	1.23809360e+09
0.0550	0.0950	0.1450	1.56415148e+09
0.0550	0.1050	0.1050	3.21243450e+08
0.0550	0.1050	0.1150	1.20669210e+09
0.0550	0.1050	0.1250	8.28498684e+08
0.0550	0.1050	0.1350	8.24948397e+08
0.0550	0.1050	0.1450	1.25089339e+09
0.0550	0.1150	0.1150	7.20943036e+08
0.0550	0.1150	0.1250	8.35157044e+08
0.0550	0.1150	0.1350	7.93585759e+08
0.0550	0.1150	0.1450	8.27388114e+08
0.0550	0.1250	0.1250	4.91449492e+08
0.0550	0.1250	0.1350	5.04239266e+08
0.0550	0.1250	0.1450	7.80754095e+08
0.0550	0.1350	0.1350	6.86205467e+08
0.0550	0.1350	0.1450	5.93457541e+08
0.0550	0.1450	0.1450	4.57581888e+08
0.0650	0.0650	0.0650	1.01199043e+09
0.0650	0.0650	0.0750	3.86220937e+08
0.0650	0.0650	0.0850	4.80696352e+08
0.0650	0.0650	0.0950	1.83982882e+09
0.0650	0.0650	0.1050	1.65642241e+09
0.0650	0.0650	0.1150	1.34560257e+09
0.0650	0.0650	0.1250	1.90900167e+09
0.0650	0.0650	0.1350	3.59378281e+09
0.0650	0.0750	0.0750	2.34265312e+09
0.0650	0.0750	0.0850	2.68152679e+08
0.0650	0.0750	0.0950	1.14051393e+09
0.0650	0.0750	0.1050	5.55534718e+08
0.0650	0.0750	0.1150	1.10699020e+09
0.0650	0.0750	0.1250	1.25100559e+09
0.0650	0.0750	0.1350	1.19786147e+09
0.0650	0.0750	0.1450	2.25030570e+09
0.0650	0.0850	0.0850	-3.09777589e+08
0.0650	0.0850	0.0950	1.18740705e+09
0.0650	0.0850	0.1050	1.08871752e+09
0.0650	0.0850	0.1150	6.74921529e+08
0.0650	0.0850	0.1250	6.91060120e+08
0.0650	0.0850	0.1350	1.33937487e+09
0.0650	0.0850	0.1450	1.37229989e+09
0.0650	0.0950	0.0950	3.65123378e+08
0.0650	0.0950	0.1050	8.24559203e+08
0.0650	0.0950	0.1150	8.35128445e+08
0.0650	0.0950	0.1250	9.21930991e+08
0.0650	0.0950	0.1350	1.24110321e+09
0.0650	0.0950	0.1450	1.01145409e+09
0.0650	0.1050	0.1050	4.04772996e+08
0.0650	0.1050	0.1150	4.71854172e+08
0.0650	0.1050	0.1250	7.33085537e+08
0.0650	0.1050	0.1350	7.87900510e+08
0.0650	0.1050	0.1450	6.57652066e+08
0.0650	0.1150	0.1150	8.03392644e+08
0.0650	0.1150	0.1250	7.39240189e+08
0.0650	0.1150	0.1350	6.40449734e+08
0.0650	0.1150	0.1450	7.39498754e+08
0.0650	0.1250	0.1250	3.91008597e+08
0.0650	0.1250	0.1350	5.87615189e+08
0.0650	0.1250	0.1450	4.48282254e+08
0.0650	0.1350	0.1350	3.84306406e+08
0.0650	0.1350	0.1450	5.74441277e+08
0.0650	0.1450	0.1450	6.40224906e+08
0.0750	0.0750	0.0750	2.76183110e+09
0.0750	0.0750	0.0850	1.69370922e+09
0.0750	0.0750	0.0950	7.54643565e+08
0.0750	0.0750	0.1050	6.50361303e+08
0.0750	0.0750	0.1150	1.53983071e+09
0.0750	0.0750	0.1250	1.28526030e+09
0.0750	0.0750	0.1350	1.78334116e+09
0.0750	0.0750	0.1450	1.13024593e+09
0.0750	0.0850	0.0850	1.10960022e+09
0.0750	0.0850	0.0950	9.21033641e+08
0.0750	0.0850	0.1050	9.18813691e+08
0.0750	0.0850	0.1150	4.01680140e+08
0.0750	0.0850	0.1250	1.01454633e+09
0.0750	0.0850	0.1350	8.25279282e+08
0.0750	0.0850	0.1450	8.97936760e+08
0.0750	0.0950	0.0950	9.56703782e+08
0.0750	0.0950	0.1050	5.65307851e+08
0.0750	0.0950	0.1150	7.00594172e+08
0.0750	0.0950	0.1250	6.43854142e+08
0.0750	0.0950	0.1350	6.70691200e+08
0.0750	0.0950	0.1450	8.33862914e+08
0.0750	0.1050	0.1050	2.04187176e+08
0.0750	0.1050	0.1150	5.23867304e+08
0.0750	0.1050	0.1250	4.61659402e+08
0.0750	0.1050	0.1350	3.19090826e+08
0.0750	0.1050	0.1450	5.59381538e+08
0.0750	0.1150	0.1150	5.61525979e+08
0.0750	0.1150	0.1250	4.57769521e+08
0.0750	0.1150	0.1350	5.63030459e+08
0.0750	0.1150	0.1450	5.23629839e+08
0.0750	0.1250	0.1250	6.56522231e+08
0.0750	0.1250	0.1350	6.84286292e+08
0.0750	0.1250	0.1450	5.24173908e+08
0.0750	0.1350	0.1350	5.65811514e+08
0.0750	0.1350	0.1450	3.67932748e+08
0.0750	0.1450	0.1450	3.05309450e+08
0.0850	0.0850	0.0850	1.25593151e+09
0.0850	0.0850	0.0950	7.03221969e+08
0.0850	0.0850	0.1050	3.07161915e+08
0.0850	0.0850	0.1150	6.16125662e+08
0.0850	0.0850	0.1250	5.81394603e+08
0.0850	0.0850	0.1350	6.43699313e+08
0.0850	0.0850	0.1450	6.43751220e+08
0.0850	0.0950	0.0950	5.55779034e+08
0.0850	0.0950	0.1050	7.00125999e+08
0.0850	0.0950	0.1150	4.36951947e+08
0.0850	0.0950	0.1250	5.06854805e+08
0.0850	0.0950	0.1350	6.19855950e+08
0.0850	0.0950	0.1450	5.98185375e+08
0.0850	0.1050	0.1050	6.73509687e+08
0.0850	0.1050	0.1150	6.55337318e+08
0.0850	0.1050	0.1250	3.71934883e+08
0.0850	0.1050	0.1350	7.33871311e+08
0.0850	0.1050	0.1450	5.34000632e+08
0.0850	0.1150	0.1150	4.57068581e+08
0.0850	0.1150	0.1250	5.43218064e+08
0.0850	0.1150	0.1350	5.22200677e+08
0.0850	0.1150	0.1450	4.84651093e+08
0.0850	0.1250	0.1250	4.55073912e+08
0.0850	0.1250	0.1350	5.29752559e+08
0.0850	0.1250	0.1450	4.08066579e+08
0.0850	0.1350	0.1350	1.55412071e+08
0.0850	0.1350	0.1450	4.32981846e+08
0.0850	0.1450	0.1450	3.92359610e+08
0.0950	0.0950	0.0950	3.56630105e+08
0.0950	0.0950	0.1050	3.80783398e+08
0.0950	0.0950	0.1150	7.58176704e+08
0.0950	0.0950	0.1250	3.88356101e+08
0.0950	0.0950	0.1350	1.03466933e+08
0.0950	0.0950	0.1450	2.70920725e+08
0.0950	0.1050	0.1050	4.54536863e+08
0.0950	0.1050	0.1150	1.43354304e+08
0.0950	0.1050	0.1250	6.18885454e+08
0.0950	0.1050	0.1350	4.87239973e+08
0.0950	0.1050	0.1450	5.81831977e+08
0.0950	0.1150	0.1150	6.01898962e+08
0.0950	0.1150	0.1250	2.45514661e+08
0.0950	0.1150	0.1350	4.07859908e+08
0.0950	0.1150	0.1450	4.49831160e+08
0.0950	0.1250	0.1250	4.13935833e+08
0.0950	0.1250	0.1350	1.13296342e+08
0.0950	0.1250	0.1450	6.00133655e+08
0.0950	0.1350	0.1350	3.81804129e+08
0.0950	0.1350	0.1450	3.38168733e+08
0.0950	0.1450	0.1450	1.79173110e+08
0.1050	0.1050	0.1050	2.86424945e+08
0.1050	0.1050	0.1150	3.23911781e+08
0.1050	0.1050	0.1250	2.78764236e+08
0.1050	0.1050	0.1350	5.46740781e+08
0.1050	0.1050	0.1450	3.03593780e+08
0.1050	0.1150	0.1150	4.57296091e+08
0.1050	0.1150	0.1250	3.30171589e+08
0.1050	0.1150	0.1350	4.17908327e+08
0.1050	0.1150	0.1450	3.80252416e+08
0.1050	0.1250	0.1250	5.32596269e+08
0.1050	0.1250	0.1350	2.53984498e+08
0.1050	0.1250	0.1450	1.28214609e+08
0.1050	0.1350	0.1350	2.83125659e+08
0.1050	0.1350	0.1450	1.59569630e+08
0.1050	0.1450	0.1450	1.55019332e+08
0.1150	0.1150	0.1150	5.01908430e+08
0.1150	0.1150	0.1250	5.11998999e+08
0.1150	0.1150	0.1350	2.64551564e+08
0.1150	0.1150	0.1450	2.85727420e+08
0.1150	0.1250	0.1250	1.15218155e+08
0.1150	0.1250	0.1350	5.18970274e+08
0.1150	0.1250	0.1450	3.52743594e+08
0.1150	0.1350	0.1350	2.36984681e+08
0.1150	0.1350	0.1450	3.76770272e+08
0.1150	0.1450	0.1450	2.93635850e+08
0.1250	0.1250	0.1250	4.44086325e+08
0.1250	0.1250	0.1350	2.35045114e+08
0.1250	0.1250	0.1450	3.61221385e+08
0.1250	0.1350	0.1350	2.86881919e+08
0.1250	0.1350	0.1450	2.19356765e+08
0.1250	0.1450	0.1450	2.77441453e+08
0.1350	0.1350	0.1350	6.15442863e+08
0.1350	0.1350	0.1450	3.52743172e+08
0.1350	0.1450	0.1450	3.13685791e+08
0.1450	0.1450	0.1450	2.49901186e+08
