####### Bispectrum of Patchy Simulation 844 #############
# Patch: ngc
# z-type: z3
# Weights: fkp
# Fiducial Omega_m: 0.310
# Fiducial h: 0.676
# Boxsize: [1800.0, 3400.0, 1900.0]
# Grid: [170, 325, 180]
# k-binning: [0.000, 0.160, 0.010]
# Monte Carlo Simulations: 100
#
# Format: k1 | k2 | k3 | B(k1,k2,k3)
############################################
0.0150	0.0150	0.0150	-2.79751875e+10
0.0150	0.0150	0.0250	7.05155248e+09
0.0150	0.0150	0.0350	2.14430014e+10
0.0150	0.0250	0.0250	7.54213126e+07
0.0150	0.0250	0.0350	9.53168369e+09
0.0150	0.0250	0.0450	8.02486889e+08
0.0150	0.0350	0.0350	-6.29738548e+08
0.0150	0.0350	0.0450	5.71590412e+09
0.0150	0.0350	0.0550	3.19835807e+09
0.0150	0.0450	0.0450	1.69845475e+09
0.0150	0.0450	0.0550	3.42294119e+09
0.0150	0.0450	0.0650	4.14643574e+09
0.0150	0.0550	0.0550	2.46964426e+09
0.0150	0.0550	0.0650	2.75689351e+09
0.0150	0.0550	0.0750	5.00016495e+09
0.0150	0.0650	0.0650	1.57012575e+09
0.0150	0.0650	0.0750	3.22910628e+09
0.0150	0.0650	0.0850	2.82897163e+09
0.0150	0.0750	0.0750	1.94563834e+09
0.0150	0.0750	0.0850	3.26650671e+09
0.0150	0.0750	0.0950	3.67679075e+09
0.0150	0.0850	0.0850	1.73900051e+09
0.0150	0.0850	0.0950	2.34988426e+09
0.0150	0.0850	0.1050	3.66241893e+09
0.0150	0.0950	0.0950	7.36366148e+08
0.0150	0.0950	0.1050	2.36193813e+09
0.0150	0.0950	0.1150	2.91946904e+09
0.0150	0.1050	0.1050	1.52078897e+09
0.0150	0.1050	0.1150	2.20400492e+09
0.0150	0.1050	0.1250	1.70498711e+09
0.0150	0.1150	0.1150	8.06389326e+08
0.0150	0.1150	0.1250	2.32585461e+09
0.0150	0.1150	0.1350	2.20370060e+09
0.0150	0.1250	0.1250	6.86459067e+08
0.0150	0.1250	0.1350	1.16978952e+09
0.0150	0.1250	0.1450	1.65566684e+09
0.0150	0.1350	0.1350	1.55778513e+09
0.0150	0.1350	0.1450	1.47869590e+09
0.0150	0.1450	0.1450	1.07806264e+09
0.0250	0.0250	0.0250	1.85201383e+10
0.0250	0.0250	0.0350	4.16335214e+09
0.0250	0.0250	0.0450	4.15620391e+08
0.0250	0.0250	0.0550	1.06497817e+10
0.0250	0.0350	0.0350	9.58135724e+09
0.0250	0.0350	0.0450	4.76885742e+09
0.0250	0.0350	0.0550	3.27342275e+09
0.0250	0.0350	0.0650	6.68918591e+09
0.0250	0.0450	0.0450	-6.92197262e+08
0.0250	0.0450	0.0550	5.61881129e+09
0.0250	0.0450	0.0650	4.04395867e+09
0.0250	0.0450	0.0750	6.43566047e+09
0.0250	0.0550	0.0550	1.14496131e+09
0.0250	0.0550	0.0650	3.18393628e+09
0.0250	0.0550	0.0750	1.44196108e+09
0.0250	0.0550	0.0850	3.65391542e+09
0.0250	0.0650	0.0650	3.26656267e+09
0.0250	0.0650	0.0750	2.88644873e+09
0.0250	0.0650	0.0850	3.54398088e+09
0.0250	0.0650	0.0950	3.05432920e+09
0.0250	0.0750	0.0750	2.79454540e+09
0.0250	0.0750	0.0850	1.50445363e+09
0.0250	0.0750	0.0950	3.24980926e+09
0.0250	0.0750	0.1050	2.29873376e+09
0.0250	0.0850	0.0850	2.34203108e+09
0.0250	0.0850	0.0950	1.54046811e+09
0.0250	0.0850	0.1050	2.21790631e+09
0.0250	0.0850	0.1150	3.30199097e+09
0.0250	0.0950	0.0950	1.18660112e+09
0.0250	0.0950	0.1050	2.02409148e+09
0.0250	0.0950	0.1150	2.08826350e+09
0.0250	0.0950	0.1250	8.42038091e+08
0.0250	0.1050	0.1050	1.68037777e+09
0.0250	0.1050	0.1150	1.39264527e+09
0.0250	0.1050	0.1250	1.92523132e+09
0.0250	0.1050	0.1350	2.75837898e+09
0.0250	0.1150	0.1150	1.11447250e+09
0.0250	0.1150	0.1250	1.50803732e+09
0.0250	0.1150	0.1350	1.26938715e+09
0.0250	0.1150	0.1450	1.36634093e+09
0.0250	0.1250	0.1250	1.28065165e+09
0.0250	0.1250	0.1350	1.52649395e+09
0.0250	0.1250	0.1450	1.27901526e+09
0.0250	0.1350	0.1350	1.23032268e+09
0.0250	0.1350	0.1450	1.19915008e+09
0.0250	0.1450	0.1450	9.73029075e+08
0.0350	0.0350	0.0350	7.94557551e+09
0.0350	0.0350	0.0450	-9.31892792e+07
0.0350	0.0350	0.0550	3.52719352e+09
0.0350	0.0350	0.0650	4.49999886e+09
0.0350	0.0350	0.0750	6.80352431e+09
0.0350	0.0450	0.0450	7.81270867e+08
0.0350	0.0450	0.0550	2.39115167e+09
0.0350	0.0450	0.0650	2.81893216e+09
0.0350	0.0450	0.0750	3.68048060e+09
0.0350	0.0450	0.0850	4.08106682e+09
0.0350	0.0550	0.0550	3.08576436e+09
0.0350	0.0550	0.0650	1.80953260e+09
0.0350	0.0550	0.0750	2.35626776e+09
0.0350	0.0550	0.0850	1.99747196e+09
0.0350	0.0550	0.0950	5.81047948e+09
0.0350	0.0650	0.0650	3.16106053e+09
0.0350	0.0650	0.0750	2.34153256e+09
0.0350	0.0650	0.0850	2.55396860e+09
0.0350	0.0650	0.0950	2.84578212e+09
0.0350	0.0650	0.1050	3.43246884e+09
0.0350	0.0750	0.0750	1.11249898e+09
0.0350	0.0750	0.0850	2.05129640e+09
0.0350	0.0750	0.0950	1.93546357e+09
0.0350	0.0750	0.1050	2.77063430e+09
0.0350	0.0750	0.1150	1.23123595e+09
0.0350	0.0850	0.0850	9.96286264e+08
0.0350	0.0850	0.0950	2.14657849e+09
0.0350	0.0850	0.1050	2.19669021e+09
0.0350	0.0850	0.1150	2.57090960e+09
0.0350	0.0850	0.1250	2.03911346e+09
0.0350	0.0950	0.0950	1.29167121e+09
0.0350	0.0950	0.1050	1.23218558e+09
0.0350	0.0950	0.1150	1.97462356e+09
0.0350	0.0950	0.1250	1.69714093e+09
0.0350	0.0950	0.1350	1.24542230e+09
0.0350	0.1050	0.1050	1.15465078e+09
0.0350	0.1050	0.1150	1.25089373e+09
0.0350	0.1050	0.1250	1.24501491e+09
0.0350	0.1050	0.1350	1.64029398e+09
0.0350	0.1050	0.1450	7.65199776e+08
0.0350	0.1150	0.1150	1.38338792e+09
0.0350	0.1150	0.1250	6.78925760e+08
0.0350	0.1150	0.1350	1.41213112e+09
0.0350	0.1150	0.1450	1.72410281e+09
0.0350	0.1250	0.1250	1.39271858e+09
0.0350	0.1250	0.1350	7.51169354e+08
0.0350	0.1250	0.1450	1.10914920e+09
0.0350	0.1350	0.1350	1.12814793e+09
0.0350	0.1350	0.1450	1.07983222e+09
0.0350	0.1450	0.1450	8.43279105e+08
0.0450	0.0450	0.0450	7.18233918e+09
0.0450	0.0450	0.0550	2.50929750e+09
0.0450	0.0450	0.0650	9.48890176e+08
0.0450	0.0450	0.0750	3.44977527e+09
0.0450	0.0450	0.0850	2.46102956e+09
0.0450	0.0450	0.0950	4.74802704e+09
0.0450	0.0550	0.0550	2.27887636e+09
0.0450	0.0550	0.0650	1.98879190e+09
0.0450	0.0550	0.0750	1.93216893e+09
0.0450	0.0550	0.0850	1.85302080e+09
0.0450	0.0550	0.0950	2.37063988e+09
0.0450	0.0550	0.1050	1.58626658e+09
0.0450	0.0650	0.0650	1.82107122e+09
0.0450	0.0650	0.0750	1.68029639e+09
0.0450	0.0650	0.0850	2.15424422e+09
0.0450	0.0650	0.0950	1.84914607e+09
0.0450	0.0650	0.1050	2.42986290e+09
0.0450	0.0650	0.1150	2.08799626e+09
0.0450	0.0750	0.0750	1.15216490e+09
0.0450	0.0750	0.0850	8.75729483e+08
0.0450	0.0750	0.0950	1.48116891e+09
0.0450	0.0750	0.1050	1.80203695e+09
0.0450	0.0750	0.1150	1.76125593e+09
0.0450	0.0750	0.1250	1.73860507e+09
0.0450	0.0850	0.0850	1.99029966e+09
0.0450	0.0850	0.0950	1.40826872e+09
0.0450	0.0850	0.1050	1.03144883e+09
0.0450	0.0850	0.1150	1.51061985e+09
0.0450	0.0850	0.1250	1.44516272e+09
0.0450	0.0850	0.1350	1.17324354e+09
0.0450	0.0950	0.0950	9.63906571e+08
0.0450	0.0950	0.1050	1.07421263e+09
0.0450	0.0950	0.1150	9.91532518e+08
0.0450	0.0950	0.1250	1.29687144e+09
0.0450	0.0950	0.1350	1.34693872e+09
0.0450	0.0950	0.1450	1.41025242e+09
0.0450	0.1050	0.1050	6.70386512e+08
0.0450	0.1050	0.1150	9.72046712e+08
0.0450	0.1050	0.1250	1.00363973e+09
0.0450	0.1050	0.1350	1.12365426e+09
0.0450	0.1050	0.1450	1.18336018e+09
0.0450	0.1150	0.1150	8.34662043e+08
0.0450	0.1150	0.1250	8.65253484e+08
0.0450	0.1150	0.1350	6.81462117e+08
0.0450	0.1150	0.1450	9.41457507e+08
0.0450	0.1250	0.1250	1.14540804e+09
0.0450	0.1250	0.1350	8.55715105e+08
0.0450	0.1250	0.1450	9.30094220e+08
0.0450	0.1350	0.1350	1.26789022e+09
0.0450	0.1350	0.1450	5.37002945e+08
0.0450	0.1450	0.1450	7.70918741e+08
0.0550	0.0550	0.0550	1.89986903e+09
0.0550	0.0550	0.0650	8.44427313e+08
0.0550	0.0550	0.0750	2.21359548e+09
0.0550	0.0550	0.0850	1.20675721e+09
0.0550	0.0550	0.0950	1.87779036e+09
0.0550	0.0550	0.1050	2.01655455e+09
0.0550	0.0550	0.1150	1.85436267e+09
0.0550	0.0650	0.0650	1.37466793e+09
0.0550	0.0650	0.0750	1.61066149e+09
0.0550	0.0650	0.0850	2.05386073e+09
0.0550	0.0650	0.0950	1.12699932e+09
0.0550	0.0650	0.1050	1.28116921e+09
0.0550	0.0650	0.1150	1.85144854e+09
0.0550	0.0650	0.1250	1.88765815e+09
0.0550	0.0750	0.0750	1.67165793e+09
0.0550	0.0750	0.0850	1.12008733e+09
0.0550	0.0750	0.0950	1.46167911e+09
0.0550	0.0750	0.1050	9.98934133e+08
0.0550	0.0750	0.1150	1.59493901e+09
0.0550	0.0750	0.1250	1.33594034e+09
0.0550	0.0750	0.1350	1.52939782e+09
0.0550	0.0850	0.0850	1.23224263e+09
0.0550	0.0850	0.0950	9.87161476e+08
0.0550	0.0850	0.1050	1.02002382e+09
0.0550	0.0850	0.1150	9.88219768e+08
0.0550	0.0850	0.1250	1.14723544e+09
0.0550	0.0850	0.1350	1.42914482e+09
0.0550	0.0850	0.1450	1.74258303e+09
0.0550	0.0950	0.0950	8.82845796e+08
0.0550	0.0950	0.1050	1.02851003e+09
0.0550	0.0950	0.1150	6.97068765e+08
0.0550	0.0950	0.1250	9.10890406e+08
0.0550	0.0950	0.1350	1.07333117e+09
0.0550	0.0950	0.1450	1.04590198e+09
0.0550	0.1050	0.1050	7.55740681e+08
0.0550	0.1050	0.1150	8.14606065e+08
0.0550	0.1050	0.1250	7.45011941e+08
0.0550	0.1050	0.1350	9.49806315e+08
0.0550	0.1050	0.1450	8.56118486e+08
0.0550	0.1150	0.1150	1.11553470e+09
0.0550	0.1150	0.1250	6.41358289e+08
0.0550	0.1150	0.1350	9.50998113e+08
0.0550	0.1150	0.1450	5.95760579e+08
0.0550	0.1250	0.1250	5.05643710e+08
0.0550	0.1250	0.1350	5.85898175e+08
0.0550	0.1250	0.1450	6.93246344e+08
0.0550	0.1350	0.1350	7.74894740e+08
0.0550	0.1350	0.1450	6.97713460e+08
0.0550	0.1450	0.1450	7.14908040e+08
0.0650	0.0650	0.0650	1.96381225e+09
0.0650	0.0650	0.0750	1.26301884e+09
0.0650	0.0650	0.0850	9.73824507e+08
0.0650	0.0650	0.0950	1.06169517e+09
0.0650	0.0650	0.1050	1.59819208e+09
0.0650	0.0650	0.1150	1.66070561e+09
0.0650	0.0650	0.1250	2.04356417e+09
0.0650	0.0650	0.1350	2.40973321e+09
0.0650	0.0750	0.0750	7.37059553e+08
0.0650	0.0750	0.0850	1.05243262e+09
0.0650	0.0750	0.0950	1.11205131e+09
0.0650	0.0750	0.1050	1.16814760e+09
0.0650	0.0750	0.1150	1.09948829e+09
0.0650	0.0750	0.1250	1.57443938e+09
0.0650	0.0750	0.1350	1.60792628e+09
0.0650	0.0750	0.1450	1.61485725e+09
0.0650	0.0850	0.0850	9.29967650e+08
0.0650	0.0850	0.0950	1.05950496e+09
0.0650	0.0850	0.1050	9.64239392e+08
0.0650	0.0850	0.1150	9.77433542e+08
0.0650	0.0850	0.1250	1.03073475e+09
0.0650	0.0850	0.1350	1.12592504e+09
0.0650	0.0850	0.1450	1.31162675e+09
0.0650	0.0950	0.0950	4.22677016e+08
0.0650	0.0950	0.1050	8.18088245e+08
0.0650	0.0950	0.1150	8.31024276e+08
0.0650	0.0950	0.1250	6.38596226e+08
0.0650	0.0950	0.1350	9.98431801e+08
0.0650	0.0950	0.1450	9.58388800e+08
0.0650	0.1050	0.1050	9.67350143e+08
0.0650	0.1050	0.1150	9.00201710e+08
0.0650	0.1050	0.1250	6.59735527e+08
0.0650	0.1050	0.1350	7.14351772e+08
0.0650	0.1050	0.1450	8.98786644e+08
0.0650	0.1150	0.1150	5.72821858e+08
0.0650	0.1150	0.1250	6.71860706e+08
0.0650	0.1150	0.1350	6.06061989e+08
0.0650	0.1150	0.1450	6.49576091e+08
0.0650	0.1250	0.1250	8.30613322e+08
0.0650	0.1250	0.1350	6.93870828e+08
0.0650	0.1250	0.1450	7.27302280e+08
0.0650	0.1350	0.1350	7.11211934e+08
0.0650	0.1350	0.1450	4.44316343e+08
0.0650	0.1450	0.1450	4.73357661e+08
0.0750	0.0750	0.0750	6.79176716e+08
0.0750	0.0750	0.0850	6.94098406e+08
0.0750	0.0750	0.0950	1.14858216e+09
0.0750	0.0750	0.1050	6.34006538e+08
0.0750	0.0750	0.1150	6.80947463e+08
0.0750	0.0750	0.1250	1.02289816e+09
0.0750	0.0750	0.1350	1.37869024e+09
0.0750	0.0750	0.1450	1.28762146e+09
0.0750	0.0850	0.0850	1.03683156e+09
0.0750	0.0850	0.0950	8.07882499e+08
0.0750	0.0850	0.1050	9.63504012e+08
0.0750	0.0850	0.1150	7.30757917e+08
0.0750	0.0850	0.1250	9.91450099e+08
0.0750	0.0850	0.1350	9.91613438e+08
0.0750	0.0850	0.1450	1.16650567e+09
0.0750	0.0950	0.0950	7.74083254e+08
0.0750	0.0950	0.1050	7.77339943e+08
0.0750	0.0950	0.1150	7.96980572e+08
0.0750	0.0950	0.1250	8.25006210e+08
0.0750	0.0950	0.1350	8.50645588e+08
0.0750	0.0950	0.1450	8.41818217e+08
0.0750	0.1050	0.1050	7.58373346e+08
0.0750	0.1050	0.1150	5.66237532e+08
0.0750	0.1050	0.1250	6.37456054e+08
0.0750	0.1050	0.1350	7.01868534e+08
0.0750	0.1050	0.1450	7.20602630e+08
0.0750	0.1150	0.1150	5.56868325e+08
0.0750	0.1150	0.1250	6.97762415e+08
0.0750	0.1150	0.1350	5.27390355e+08
0.0750	0.1150	0.1450	6.46656503e+08
0.0750	0.1250	0.1250	6.50641996e+08
0.0750	0.1250	0.1350	5.75037262e+08
0.0750	0.1250	0.1450	5.57296012e+08
0.0750	0.1350	0.1350	5.50835698e+08
0.0750	0.1350	0.1450	4.67124491e+08
0.0750	0.1450	0.1450	4.54784449e+08
0.0850	0.0850	0.0850	1.17584130e+09
0.0850	0.0850	0.0950	8.60636076e+08
0.0850	0.0850	0.1050	5.49374817e+08
0.0850	0.0850	0.1150	9.25586276e+08
0.0850	0.0850	0.1250	7.04555358e+08
0.0850	0.0850	0.1350	7.94916425e+08
0.0850	0.0850	0.1450	7.48173447e+08
0.0850	0.0950	0.0950	6.18141633e+08
0.0850	0.0950	0.1050	8.90224132e+08
0.0850	0.0950	0.1150	5.38433262e+08
0.0850	0.0950	0.1250	6.94700127e+08
0.0850	0.0950	0.1350	5.83776737e+08
0.0850	0.0950	0.1450	6.73272081e+08
0.0850	0.1050	0.1050	7.48133819e+08
0.0850	0.1050	0.1150	5.15576429e+08
0.0850	0.1050	0.1250	6.26925619e+08
0.0850	0.1050	0.1350	5.60934370e+08
0.0850	0.1050	0.1450	6.26622572e+08
0.0850	0.1150	0.1150	6.47359929e+08
0.0850	0.1150	0.1250	4.74929580e+08
0.0850	0.1150	0.1350	6.60785480e+08
0.0850	0.1150	0.1450	4.96756584e+08
0.0850	0.1250	0.1250	7.69215938e+08
0.0850	0.1250	0.1350	4.47550420e+08
0.0850	0.1250	0.1450	5.12977830e+08
0.0850	0.1350	0.1350	6.23587981e+08
0.0850	0.1350	0.1450	3.80810746e+08
0.0850	0.1450	0.1450	5.06785757e+08
0.0950	0.0950	0.0950	2.86514879e+08
0.0950	0.0950	0.1050	9.30154862e+08
0.0950	0.0950	0.1150	5.46919927e+08
0.0950	0.0950	0.1250	6.52611551e+08
0.0950	0.0950	0.1350	5.42016415e+08
0.0950	0.0950	0.1450	6.55020582e+08
0.0950	0.1050	0.1050	5.07204624e+08
0.0950	0.1050	0.1150	6.14445220e+08
0.0950	0.1050	0.1250	4.58552117e+08
0.0950	0.1050	0.1350	4.96461291e+08
0.0950	0.1050	0.1450	4.69373442e+08
0.0950	0.1150	0.1150	7.00133665e+08
0.0950	0.1150	0.1250	4.64401582e+08
0.0950	0.1150	0.1350	5.00878932e+08
0.0950	0.1150	0.1450	4.38524751e+08
0.0950	0.1250	0.1250	4.76779457e+08
0.0950	0.1250	0.1350	4.13654037e+08
0.0950	0.1250	0.1450	4.16653709e+08
0.0950	0.1350	0.1350	5.78271241e+08
0.0950	0.1350	0.1450	4.41817457e+08
0.0950	0.1450	0.1450	4.18015691e+08
0.1050	0.1050	0.1050	5.96010802e+08
0.1050	0.1050	0.1150	4.78611629e+08
0.1050	0.1050	0.1250	4.74904549e+08
0.1050	0.1050	0.1350	4.19352153e+08
0.1050	0.1050	0.1450	3.75429943e+08
0.1050	0.1150	0.1150	3.48636512e+08
0.1050	0.1150	0.1250	4.31779864e+08
0.1050	0.1150	0.1350	4.82460182e+08
0.1050	0.1150	0.1450	3.97242707e+08
0.1050	0.1250	0.1250	3.97063695e+08
0.1050	0.1250	0.1350	4.54001210e+08
0.1050	0.1250	0.1450	4.09068306e+08
0.1050	0.1350	0.1350	3.39001884e+08
0.1050	0.1350	0.1450	4.16358673e+08
0.1050	0.1450	0.1450	4.57008057e+08
0.1150	0.1150	0.1150	4.16384309e+08
0.1150	0.1150	0.1250	3.14047403e+08
0.1150	0.1150	0.1350	4.05370958e+08
0.1150	0.1150	0.1450	4.53881755e+08
0.1150	0.1250	0.1250	2.98981432e+08
0.1150	0.1250	0.1350	4.26002235e+08
0.1150	0.1250	0.1450	3.52743963e+08
0.1150	0.1350	0.1350	4.68177215e+08
0.1150	0.1350	0.1450	3.02667750e+08
0.1150	0.1450	0.1450	3.48222974e+08
0.1250	0.1250	0.1250	3.04992249e+08
0.1250	0.1250	0.1350	4.32784522e+08
0.1250	0.1250	0.1450	4.32932684e+08
0.1250	0.1350	0.1350	3.95361494e+08
0.1250	0.1350	0.1450	2.54612931e+08
0.1250	0.1450	0.1450	3.23056438e+08
0.1350	0.1350	0.1350	4.15459732e+08
0.1350	0.1350	0.1450	3.51079070e+08
0.1350	0.1450	0.1450	3.77426069e+08
0.1450	0.1450	0.1450	9.54707974e+07
