####### Bispectrum of Patchy Simulation 495 #############
# Patch: ngc
# z-type: z1
# Weights: fkp
# Fiducial Omega_m: 0.310
# Fiducial h: 0.676
# Boxsize: [1350.0, 2450.0, 1400.0]
# Grid: [126, 230, 130]
# k-binning: [0.000, 0.160, 0.010]
# Monte Carlo Simulations: 100
#
# Format: k1 | k2 | k3 | B(k1,k2,k3)
############################################
0.0150	0.0150	0.0150	-4.61480041e+10
0.0150	0.0150	0.0250	1.41898053e+10
0.0150	0.0150	0.0350	-2.85117969e+10
0.0150	0.0250	0.0250	-3.56098280e+09
0.0150	0.0250	0.0350	8.84867750e+09
0.0150	0.0250	0.0450	1.80940068e+10
0.0150	0.0350	0.0350	7.20711732e+09
0.0150	0.0350	0.0450	6.81084103e+09
0.0150	0.0350	0.0550	7.28604567e+09
0.0150	0.0450	0.0450	4.12488706e+08
0.0150	0.0450	0.0550	7.13795884e+09
0.0150	0.0450	0.0650	3.40448215e+09
0.0150	0.0550	0.0550	8.59879932e+09
0.0150	0.0550	0.0650	3.94383895e+09
0.0150	0.0550	0.0750	6.98556372e+09
0.0150	0.0650	0.0650	3.14744281e+09
0.0150	0.0650	0.0750	4.01714770e+09
0.0150	0.0650	0.0850	5.08439968e+09
0.0150	0.0750	0.0750	5.33085200e+09
0.0150	0.0750	0.0850	2.01260647e+09
0.0150	0.0750	0.0950	3.21859952e+09
0.0150	0.0850	0.0850	2.08473861e+09
0.0150	0.0850	0.0950	3.53382437e+09
0.0150	0.0850	0.1050	3.55898664e+09
0.0150	0.0950	0.0950	2.28998755e+09
0.0150	0.0950	0.1050	2.56278495e+09
0.0150	0.0950	0.1150	3.09030086e+09
0.0150	0.1050	0.1050	2.45037222e+09
0.0150	0.1050	0.1150	2.64907021e+09
0.0150	0.1050	0.1250	2.38454520e+09
0.0150	0.1150	0.1150	9.98996726e+08
0.0150	0.1150	0.1250	2.59950190e+09
0.0150	0.1150	0.1350	1.40272207e+09
0.0150	0.1250	0.1250	1.25554315e+09
0.0150	0.1250	0.1350	1.30319299e+09
0.0150	0.1250	0.1450	3.32998139e+09
0.0150	0.1350	0.1350	1.62415858e+09
0.0150	0.1350	0.1450	2.02733309e+09
0.0150	0.1450	0.1450	1.12097582e+09
0.0250	0.0250	0.0250	2.29209816e+10
0.0250	0.0250	0.0350	3.97043456e+09
0.0250	0.0250	0.0450	1.46259829e+10
0.0250	0.0250	0.0550	2.10150924e+09
0.0250	0.0350	0.0350	1.60537806e+09
0.0250	0.0350	0.0450	4.16165214e+09
0.0250	0.0350	0.0550	7.25684255e+09
0.0250	0.0350	0.0650	4.35744832e+09
0.0250	0.0450	0.0450	3.33358918e+09
0.0250	0.0450	0.0550	3.48513312e+09
0.0250	0.0450	0.0650	5.71840334e+09
0.0250	0.0450	0.0750	2.49437363e+08
0.0250	0.0550	0.0550	6.30058545e+09
0.0250	0.0550	0.0650	3.80924087e+09
0.0250	0.0550	0.0750	5.30788084e+09
0.0250	0.0550	0.0850	5.29067442e+09
0.0250	0.0650	0.0650	3.65054441e+09
0.0250	0.0650	0.0750	3.23190209e+09
0.0250	0.0650	0.0850	2.70943466e+09
0.0250	0.0650	0.0950	1.34951974e+09
0.0250	0.0750	0.0750	1.39625919e+09
0.0250	0.0750	0.0850	2.38058068e+09
0.0250	0.0750	0.0950	4.37221764e+09
0.0250	0.0750	0.1050	2.94874583e+09
0.0250	0.0850	0.0850	2.08725606e+09
0.0250	0.0850	0.0950	1.48258693e+09
0.0250	0.0850	0.1050	3.15751799e+09
0.0250	0.0850	0.1150	2.81498576e+09
0.0250	0.0950	0.0950	1.79464355e+09
0.0250	0.0950	0.1050	1.63596810e+09
0.0250	0.0950	0.1150	2.06662779e+09
0.0250	0.0950	0.1250	1.33236148e+09
0.0250	0.1050	0.1050	1.26711185e+09
0.0250	0.1050	0.1150	1.33661073e+09
0.0250	0.1050	0.1250	2.42982672e+09
0.0250	0.1050	0.1350	1.31793865e+09
0.0250	0.1150	0.1150	1.34225956e+09
0.0250	0.1150	0.1250	1.09412877e+09
0.0250	0.1150	0.1350	1.78830164e+09
0.0250	0.1150	0.1450	2.43844122e+09
0.0250	0.1250	0.1250	1.15786238e+09
0.0250	0.1250	0.1350	1.28972747e+09
0.0250	0.1250	0.1450	1.54272172e+09
0.0250	0.1350	0.1350	1.19210963e+09
0.0250	0.1350	0.1450	9.95812034e+08
0.0250	0.1450	0.1450	9.70604939e+08
0.0350	0.0350	0.0350	1.47671759e+09
0.0350	0.0350	0.0450	3.34969052e+08
0.0350	0.0350	0.0550	3.52246076e+09
0.0350	0.0350	0.0650	2.44565164e+09
0.0350	0.0350	0.0750	2.13704492e+09
0.0350	0.0450	0.0450	3.81157341e+09
0.0350	0.0450	0.0550	1.30801039e+09
0.0350	0.0450	0.0650	2.37369383e+09
0.0350	0.0450	0.0750	3.13389655e+09
0.0350	0.0450	0.0850	1.84723624e+09
0.0350	0.0550	0.0550	2.17090297e+09
0.0350	0.0550	0.0650	3.56694866e+09
0.0350	0.0550	0.0750	2.14643192e+09
0.0350	0.0550	0.0850	3.73286212e+09
0.0350	0.0550	0.0950	3.59309515e+09
0.0350	0.0650	0.0650	1.34024034e+09
0.0350	0.0650	0.0750	2.06679243e+09
0.0350	0.0650	0.0850	2.61520919e+09
0.0350	0.0650	0.0950	2.99874827e+09
0.0350	0.0650	0.1050	3.39341528e+09
0.0350	0.0750	0.0750	1.57342572e+09
0.0350	0.0750	0.0850	2.60309121e+09
0.0350	0.0750	0.0950	1.53713925e+09
0.0350	0.0750	0.1050	2.34685283e+09
0.0350	0.0750	0.1150	2.76672305e+09
0.0350	0.0850	0.0850	1.27217834e+09
0.0350	0.0850	0.0950	1.85593429e+09
0.0350	0.0850	0.1050	1.96676667e+09
0.0350	0.0850	0.1150	2.13263864e+09
0.0350	0.0850	0.1250	3.44882635e+09
0.0350	0.0950	0.0950	1.51434362e+09
0.0350	0.0950	0.1050	1.11060658e+09
0.0350	0.0950	0.1150	1.65443903e+09
0.0350	0.0950	0.1250	1.71023229e+09
0.0350	0.0950	0.1350	1.82460360e+09
0.0350	0.1050	0.1050	1.28050971e+09
0.0350	0.1050	0.1150	9.59345824e+08
0.0350	0.1050	0.1250	1.15596617e+09
0.0350	0.1050	0.1350	1.43142816e+09
0.0350	0.1050	0.1450	1.68429693e+09
0.0350	0.1150	0.1150	1.20712501e+09
0.0350	0.1150	0.1250	1.08748274e+09
0.0350	0.1150	0.1350	1.00531391e+09
0.0350	0.1150	0.1450	1.49529234e+09
0.0350	0.1250	0.1250	8.59997822e+08
0.0350	0.1250	0.1350	7.61281654e+08
0.0350	0.1250	0.1450	1.03586082e+09
0.0350	0.1350	0.1350	6.72476038e+08
0.0350	0.1350	0.1450	8.59922490e+08
0.0350	0.1450	0.1450	7.59316980e+08
0.0450	0.0450	0.0450	4.38694902e+09
0.0450	0.0450	0.0550	4.17485976e+09
0.0450	0.0450	0.0650	1.04025751e+09
0.0450	0.0450	0.0750	3.40805784e+09
0.0450	0.0450	0.0850	2.69681301e+09
0.0450	0.0450	0.0950	8.95945244e+08
0.0450	0.0550	0.0550	1.04492657e+09
0.0450	0.0550	0.0650	2.53617451e+09
0.0450	0.0550	0.0750	1.77639041e+09
0.0450	0.0550	0.0850	2.25199119e+09
0.0450	0.0550	0.0950	2.81836842e+09
0.0450	0.0550	0.1050	1.87196538e+09
0.0450	0.0650	0.0650	2.87164511e+09
0.0450	0.0650	0.0750	1.97290958e+09
0.0450	0.0650	0.0850	1.81549803e+09
0.0450	0.0650	0.0950	1.71400074e+09
0.0450	0.0650	0.1050	2.26455357e+09
0.0450	0.0650	0.1150	1.83085389e+09
0.0450	0.0750	0.0750	2.38157506e+09
0.0450	0.0750	0.0850	1.67776660e+09
0.0450	0.0750	0.0950	1.47751419e+09
0.0450	0.0750	0.1050	1.62332602e+09
0.0450	0.0750	0.1150	2.09307592e+09
0.0450	0.0750	0.1250	2.49316923e+09
0.0450	0.0850	0.0850	1.28194081e+09
0.0450	0.0850	0.0950	1.18016453e+09
0.0450	0.0850	0.1050	1.12429237e+09
0.0450	0.0850	0.1150	1.45193012e+09
0.0450	0.0850	0.1250	1.82094390e+09
0.0450	0.0850	0.1350	1.44310427e+09
0.0450	0.0950	0.0950	1.44308287e+09
0.0450	0.0950	0.1050	1.35582575e+09
0.0450	0.0950	0.1150	8.65909894e+08
0.0450	0.0950	0.1250	1.30611950e+09
0.0450	0.0950	0.1350	1.59902413e+09
0.0450	0.0950	0.1450	1.90261021e+09
0.0450	0.1050	0.1050	9.27128665e+08
0.0450	0.1050	0.1150	9.76736654e+08
0.0450	0.1050	0.1250	8.51817670e+08
0.0450	0.1050	0.1350	8.52261541e+08
0.0450	0.1050	0.1450	9.60493451e+08
0.0450	0.1150	0.1150	8.89169245e+08
0.0450	0.1150	0.1250	9.08292497e+08
0.0450	0.1150	0.1350	9.25798287e+08
0.0450	0.1150	0.1450	9.91438446e+08
0.0450	0.1250	0.1250	1.04284595e+09
0.0450	0.1250	0.1350	6.76190969e+08
0.0450	0.1250	0.1450	8.47459319e+08
0.0450	0.1350	0.1350	4.38383596e+08
0.0450	0.1350	0.1450	6.81809017e+08
0.0450	0.1450	0.1450	8.53179066e+08
0.0550	0.0550	0.0550	3.05906502e+09
0.0550	0.0550	0.0650	4.94399753e+07
0.0550	0.0550	0.0750	2.18225394e+09
0.0550	0.0550	0.0850	1.31769196e+09
0.0550	0.0550	0.0950	1.66545839e+09
0.0550	0.0550	0.1050	2.98797029e+09
0.0550	0.0550	0.1150	2.53698152e+09
0.0550	0.0650	0.0650	9.55930079e+08
0.0550	0.0650	0.0750	1.00153704e+09
0.0550	0.0650	0.0850	1.17541088e+09
0.0550	0.0650	0.0950	1.54151282e+09
0.0550	0.0650	0.1050	1.28676263e+09
0.0550	0.0650	0.1150	1.59771011e+09
0.0550	0.0650	0.1250	2.27654451e+09
0.0550	0.0750	0.0750	1.68501449e+09
0.0550	0.0750	0.0850	9.81836375e+08
0.0550	0.0750	0.0950	1.27459161e+09
0.0550	0.0750	0.1050	1.23633733e+09
0.0550	0.0750	0.1150	1.57252952e+09
0.0550	0.0750	0.1250	1.46525481e+09
0.0550	0.0750	0.1350	1.86367553e+09
0.0550	0.0850	0.0850	1.11422512e+09
0.0550	0.0850	0.0950	9.91542968e+08
0.0550	0.0850	0.1050	8.40671742e+08
0.0550	0.0850	0.1150	1.15293957e+09
0.0550	0.0850	0.1250	1.48295255e+09
0.0550	0.0850	0.1350	1.61514386e+09
0.0550	0.0850	0.1450	9.03567005e+08
0.0550	0.0950	0.0950	5.94868832e+08
0.0550	0.0950	0.1050	7.10621620e+08
0.0550	0.0950	0.1150	1.02505439e+09
0.0550	0.0950	0.1250	9.01676439e+08
0.0550	0.0950	0.1350	1.23088166e+09
0.0550	0.0950	0.1450	1.42673075e+09
0.0550	0.1050	0.1050	6.76416066e+08
0.0550	0.1050	0.1150	6.21989863e+08
0.0550	0.1050	0.1250	6.53340773e+08
0.0550	0.1050	0.1350	7.41311880e+08
0.0550	0.1050	0.1450	8.22666637e+08
0.0550	0.1150	0.1150	6.35278908e+08
0.0550	0.1150	0.1250	8.36959874e+08
0.0550	0.1150	0.1350	8.11711486e+08
0.0550	0.1150	0.1450	8.01437685e+08
0.0550	0.1250	0.1250	6.47619282e+08
0.0550	0.1250	0.1350	6.39145131e+08
0.0550	0.1250	0.1450	7.66585706e+08
0.0550	0.1350	0.1350	5.05682333e+08
0.0550	0.1350	0.1450	5.73930175e+08
0.0550	0.1450	0.1450	5.38198747e+08
0.0650	0.0650	0.0650	1.79852471e+09
0.0650	0.0650	0.0750	1.86073592e+09
0.0650	0.0650	0.0850	4.60174174e+08
0.0650	0.0650	0.0950	1.18812700e+09
0.0650	0.0650	0.1050	1.07497753e+09
0.0650	0.0650	0.1150	1.67041661e+09
0.0650	0.0650	0.1250	1.75573465e+09
0.0650	0.0650	0.1350	1.42553924e+09
0.0650	0.0750	0.0750	1.47915909e+09
0.0650	0.0750	0.0850	1.46551086e+09
0.0650	0.0750	0.0950	1.34610877e+09
0.0650	0.0750	0.1050	1.04152228e+09
0.0650	0.0750	0.1150	1.51347977e+09
0.0650	0.0750	0.1250	1.27622259e+09
0.0650	0.0750	0.1350	1.54730222e+09
0.0650	0.0750	0.1450	9.66474618e+08
0.0650	0.0850	0.0850	8.44435182e+08
0.0650	0.0850	0.0950	9.91251030e+08
0.0650	0.0850	0.1050	7.71908336e+08
0.0650	0.0850	0.1150	8.53163315e+08
0.0650	0.0850	0.1250	1.11989841e+09
0.0650	0.0850	0.1350	1.00553425e+09
0.0650	0.0850	0.1450	1.26771903e+09
0.0650	0.0950	0.0950	7.45007031e+08
0.0650	0.0950	0.1050	7.00258916e+08
0.0650	0.0950	0.1150	5.91384226e+08
0.0650	0.0950	0.1250	6.89183435e+08
0.0650	0.0950	0.1350	7.89948485e+08
0.0650	0.0950	0.1450	8.74280602e+08
0.0650	0.1050	0.1050	6.34435680e+08
0.0650	0.1050	0.1150	6.04171256e+08
0.0650	0.1050	0.1250	7.60015915e+08
0.0650	0.1050	0.1350	6.87900449e+08
0.0650	0.1050	0.1450	6.29794724e+08
0.0650	0.1150	0.1150	4.72994600e+08
0.0650	0.1150	0.1250	5.60878203e+08
0.0650	0.1150	0.1350	5.83100407e+08
0.0650	0.1150	0.1450	7.59877230e+08
0.0650	0.1250	0.1250	6.54676592e+08
0.0650	0.1250	0.1350	5.19808923e+08
0.0650	0.1250	0.1450	6.01765151e+08
0.0650	0.1350	0.1350	5.50633297e+08
0.0650	0.1350	0.1450	4.68719895e+08
0.0650	0.1450	0.1450	6.39050799e+08
0.0750	0.0750	0.0750	1.48928632e+08
0.0750	0.0750	0.0850	8.94774659e+08
0.0750	0.0750	0.0950	7.82934470e+08
0.0750	0.0750	0.1050	8.04889042e+08
0.0750	0.0750	0.1150	9.05539845e+08
0.0750	0.0750	0.1250	1.19492355e+09
0.0750	0.0750	0.1350	1.20048959e+09
0.0750	0.0750	0.1450	1.36758695e+09
0.0750	0.0850	0.0850	1.03328168e+09
0.0750	0.0850	0.0950	8.00072879e+08
0.0750	0.0850	0.1050	6.17533946e+08
0.0750	0.0850	0.1150	9.75195074e+08
0.0750	0.0850	0.1250	8.76080524e+08
0.0750	0.0850	0.1350	9.24833904e+08
0.0750	0.0850	0.1450	1.21528793e+09
0.0750	0.0950	0.0950	8.48744087e+08
0.0750	0.0950	0.1050	5.92134031e+08
0.0750	0.0950	0.1150	5.67371364e+08
0.0750	0.0950	0.1250	7.27910636e+08
0.0750	0.0950	0.1350	7.42099389e+08
0.0750	0.0950	0.1450	7.60110917e+08
0.0750	0.1050	0.1050	5.70858617e+08
0.0750	0.1050	0.1150	6.68560915e+08
0.0750	0.1050	0.1250	4.15183767e+08
0.0750	0.1050	0.1350	6.09374628e+08
0.0750	0.1050	0.1450	5.29955571e+08
0.0750	0.1150	0.1150	4.93102078e+08
0.0750	0.1150	0.1250	5.56559557e+08
0.0750	0.1150	0.1350	6.07978504e+08
0.0750	0.1150	0.1450	4.70248456e+08
0.0750	0.1250	0.1250	3.74493051e+08
0.0750	0.1250	0.1350	5.52280780e+08
0.0750	0.1250	0.1450	4.95614984e+08
0.0750	0.1350	0.1350	3.72125744e+08
0.0750	0.1350	0.1450	5.10476388e+08
0.0750	0.1450	0.1450	4.41024889e+08
0.0850	0.0850	0.0850	3.51007195e+08
0.0850	0.0850	0.0950	8.06929773e+08
0.0850	0.0850	0.1050	5.32636229e+08
0.0850	0.0850	0.1150	8.66490984e+08
0.0850	0.0850	0.1250	5.96138841e+08
0.0850	0.0850	0.1350	5.97773497e+08
0.0850	0.0850	0.1450	9.05337974e+08
0.0850	0.0950	0.0950	5.50893140e+08
0.0850	0.0950	0.1050	5.31403955e+08
0.0850	0.0950	0.1150	5.26261091e+08
0.0850	0.0950	0.1250	5.66775719e+08
0.0850	0.0950	0.1350	5.99164508e+08
0.0850	0.0950	0.1450	5.82559767e+08
0.0850	0.1050	0.1050	5.81948337e+08
0.0850	0.1050	0.1150	5.06776530e+08
0.0850	0.1050	0.1250	4.93729896e+08
0.0850	0.1050	0.1350	4.39304288e+08
0.0850	0.1050	0.1450	6.53384552e+08
0.0850	0.1150	0.1150	1.72593649e+08
0.0850	0.1150	0.1250	5.22325457e+08
0.0850	0.1150	0.1350	4.69488368e+08
0.0850	0.1150	0.1450	5.17083186e+08
0.0850	0.1250	0.1250	4.39893007e+08
0.0850	0.1250	0.1350	4.27859352e+08
0.0850	0.1250	0.1450	4.50365057e+08
0.0850	0.1350	0.1350	3.01852038e+08
0.0850	0.1350	0.1450	4.03826337e+08
0.0850	0.1450	0.1450	3.92934950e+08
0.0950	0.0950	0.0950	8.45909160e+08
0.0950	0.0950	0.1050	3.99747892e+08
0.0950	0.0950	0.1150	5.12008864e+08
0.0950	0.0950	0.1250	3.05182752e+08
0.0950	0.0950	0.1350	5.78139900e+08
0.0950	0.0950	0.1450	6.09051307e+08
0.0950	0.1050	0.1050	5.96968466e+08
0.0950	0.1050	0.1150	4.67265758e+08
0.0950	0.1050	0.1250	4.98368034e+08
0.0950	0.1050	0.1350	4.66776031e+08
0.0950	0.1050	0.1450	4.41350539e+08
0.0950	0.1150	0.1150	5.52886589e+08
0.0950	0.1150	0.1250	4.23656490e+08
0.0950	0.1150	0.1350	3.96931004e+08
0.0950	0.1150	0.1450	3.64439061e+08
0.0950	0.1250	0.1250	2.23644874e+08
0.0950	0.1250	0.1350	4.74440491e+08
0.0950	0.1250	0.1450	3.77140944e+08
0.0950	0.1350	0.1350	2.54057777e+08
0.0950	0.1350	0.1450	3.52415427e+08
0.0950	0.1450	0.1450	2.41876120e+08
0.1050	0.1050	0.1050	2.85185415e+08
0.1050	0.1050	0.1150	3.52761878e+08
0.1050	0.1050	0.1250	3.25395829e+08
0.1050	0.1050	0.1350	2.50477100e+08
0.1050	0.1050	0.1450	4.05166710e+08
0.1050	0.1150	0.1150	1.81027955e+08
0.1050	0.1150	0.1250	4.47439451e+08
0.1050	0.1150	0.1350	3.03709430e+08
0.1050	0.1150	0.1450	3.00289800e+08
0.1050	0.1250	0.1250	4.60791617e+08
0.1050	0.1250	0.1350	3.36919294e+08
0.1050	0.1250	0.1450	2.06673333e+08
0.1050	0.1350	0.1350	2.92608660e+08
0.1050	0.1350	0.1450	3.56581484e+08
0.1050	0.1450	0.1450	3.14300743e+08
0.1150	0.1150	0.1150	5.67118081e+08
0.1150	0.1150	0.1250	3.65297851e+08
0.1150	0.1150	0.1350	2.97781231e+08
0.1150	0.1150	0.1450	3.57134101e+08
0.1150	0.1250	0.1250	3.05204107e+08
0.1150	0.1250	0.1350	3.43114842e+08
0.1150	0.1250	0.1450	3.03492938e+08
0.1150	0.1350	0.1350	2.70289127e+08
0.1150	0.1350	0.1450	2.61772959e+08
0.1150	0.1450	0.1450	3.35248913e+08
0.1250	0.1250	0.1250	2.48219173e+08
0.1250	0.1250	0.1350	3.43224672e+08
0.1250	0.1250	0.1450	3.57674812e+08
0.1250	0.1350	0.1350	3.19209979e+08
0.1250	0.1350	0.1450	2.71217452e+08
0.1250	0.1450	0.1450	3.26564549e+08
0.1350	0.1350	0.1350	1.26256505e+08
0.1350	0.1350	0.1450	2.11814015e+08
0.1350	0.1450	0.1450	2.98940473e+08
0.1450	0.1450	0.1450	1.09367938e+08
