####### Bispectrum of Patchy Simulation 699 #############
# Patch: sgc
# z-type: z3
# Weights: fkp
# Fiducial Omega_m: 0.310
# Fiducial h: 0.676
# Boxsize: [1000.0, 2600.0, 1500.0]
# Grid: [95, 250, 140]
# k-binning: [0.000, 0.160, 0.010]
# Monte Carlo Simulations: 100
#
# Format: k1 | k2 | k3 | B(k1,k2,k3)
############################################
0.0150	0.0150	0.0150	2.17290753e+10
0.0150	0.0150	0.0250	2.16671669e+09
0.0150	0.0150	0.0350	1.00328121e+10
0.0150	0.0250	0.0250	-9.13417886e+09
0.0150	0.0250	0.0350	1.42601258e+10
0.0150	0.0250	0.0450	-3.35062903e+09
0.0150	0.0350	0.0350	5.68316401e+09
0.0150	0.0350	0.0450	8.18710503e+09
0.0150	0.0350	0.0550	7.76965388e+09
0.0150	0.0450	0.0450	3.72463712e+09
0.0150	0.0450	0.0550	3.14570363e+09
0.0150	0.0450	0.0650	4.54168169e+09
0.0150	0.0550	0.0550	9.69694276e+09
0.0150	0.0550	0.0650	4.50356518e+09
0.0150	0.0550	0.0750	7.20396434e+09
0.0150	0.0650	0.0650	6.31950096e+09
0.0150	0.0650	0.0750	3.89508584e+09
0.0150	0.0650	0.0850	4.87908431e+09
0.0150	0.0750	0.0750	2.88542321e+09
0.0150	0.0750	0.0850	5.58335031e+09
0.0150	0.0750	0.0950	8.53135535e+09
0.0150	0.0850	0.0850	1.44331702e+09
0.0150	0.0850	0.0950	2.07649073e+09
0.0150	0.0850	0.1050	8.98533416e+08
0.0150	0.0950	0.0950	1.62237061e+09
0.0150	0.0950	0.1050	2.67321014e+09
0.0150	0.0950	0.1150	6.07490893e+09
0.0150	0.1050	0.1050	1.61271525e+09
0.0150	0.1050	0.1150	1.55876603e+09
0.0150	0.1050	0.1250	3.99092523e+09
0.0150	0.1150	0.1150	8.25436751e+08
0.0150	0.1150	0.1250	2.61993102e+08
0.0150	0.1150	0.1350	4.30693439e+09
0.0150	0.1250	0.1250	5.25998623e+08
0.0150	0.1250	0.1350	2.67201756e+09
0.0150	0.1250	0.1450	3.11912323e+09
0.0150	0.1350	0.1350	1.62181778e+09
0.0150	0.1350	0.1450	1.71666752e+09
0.0150	0.1450	0.1450	7.26782841e+08
0.0250	0.0250	0.0250	-3.12495818e+09
0.0250	0.0250	0.0350	4.06797596e+09
0.0250	0.0250	0.0450	1.04665713e+10
0.0250	0.0250	0.0550	-1.16311105e+10
0.0250	0.0350	0.0350	3.81861476e+09
0.0250	0.0350	0.0450	8.33609155e+09
0.0250	0.0350	0.0550	4.46282449e+09
0.0250	0.0350	0.0650	-4.93128714e+09
0.0250	0.0450	0.0450	4.43766496e+09
0.0250	0.0450	0.0550	6.34727202e+09
0.0250	0.0450	0.0650	3.69613232e+09
0.0250	0.0450	0.0750	4.14922535e+09
0.0250	0.0550	0.0550	4.00760567e+09
0.0250	0.0550	0.0650	2.41841047e+09
0.0250	0.0550	0.0750	3.58298960e+09
0.0250	0.0550	0.0850	4.17630889e+09
0.0250	0.0650	0.0650	4.41850284e+09
0.0250	0.0650	0.0750	3.10854771e+09
0.0250	0.0650	0.0850	3.66106980e+09
0.0250	0.0650	0.0950	5.53425850e+09
0.0250	0.0750	0.0750	1.91683572e+09
0.0250	0.0750	0.0850	3.45452697e+09
0.0250	0.0750	0.0950	1.91615021e+09
0.0250	0.0750	0.1050	6.92125148e+09
0.0250	0.0850	0.0850	2.99852284e+09
0.0250	0.0850	0.0950	1.25467762e+09
0.0250	0.0850	0.1050	3.80879752e+09
0.0250	0.0850	0.1150	3.01735915e+09
0.0250	0.0950	0.0950	2.03072499e+09
0.0250	0.0950	0.1050	1.74334738e+09
0.0250	0.0950	0.1150	1.84644759e+09
0.0250	0.0950	0.1250	4.52589212e+09
0.0250	0.1050	0.1050	1.62856166e+09
0.0250	0.1050	0.1150	2.36862728e+09
0.0250	0.1050	0.1250	1.21760034e+09
0.0250	0.1050	0.1350	1.67116659e+09
0.0250	0.1150	0.1150	9.29917509e+08
0.0250	0.1150	0.1250	2.10724707e+09
0.0250	0.1150	0.1350	2.00013199e+09
0.0250	0.1150	0.1450	1.00028795e+09
0.0250	0.1250	0.1250	1.62272368e+09
0.0250	0.1250	0.1350	1.73936705e+09
0.0250	0.1250	0.1450	1.05265006e+09
0.0250	0.1350	0.1350	1.04920661e+09
0.0250	0.1350	0.1450	1.58444814e+09
0.0250	0.1450	0.1450	6.63250750e+08
0.0350	0.0350	0.0350	1.05189350e+10
0.0350	0.0350	0.0450	-7.72101491e+08
0.0350	0.0350	0.0550	2.52649340e+09
0.0350	0.0350	0.0650	4.65071569e+09
0.0350	0.0350	0.0750	1.73382849e+09
0.0350	0.0450	0.0450	7.10775136e+09
0.0350	0.0450	0.0550	1.57667803e+09
0.0350	0.0450	0.0650	1.77010551e+09
0.0350	0.0450	0.0750	3.86668127e+09
0.0350	0.0450	0.0850	5.13753882e+09
0.0350	0.0550	0.0550	3.66726555e+09
0.0350	0.0550	0.0650	3.58084376e+09
0.0350	0.0550	0.0750	2.23215149e+09
0.0350	0.0550	0.0850	2.38213060e+09
0.0350	0.0550	0.0950	6.60973967e+09
0.0350	0.0650	0.0650	4.66024110e+08
0.0350	0.0650	0.0750	2.41978097e+09
0.0350	0.0650	0.0850	9.41581703e+08
0.0350	0.0650	0.0950	1.99782937e+09
0.0350	0.0650	0.1050	2.79377617e+09
0.0350	0.0750	0.0750	-5.72807854e+08
0.0350	0.0750	0.0850	1.56774426e+09
0.0350	0.0750	0.0950	2.48079790e+09
0.0350	0.0750	0.1050	2.05552339e+09
0.0350	0.0750	0.1150	3.89861485e+09
0.0350	0.0850	0.0850	2.22638178e+08
0.0350	0.0850	0.0950	1.70227509e+09
0.0350	0.0850	0.1050	2.41009899e+09
0.0350	0.0850	0.1150	2.50593679e+09
0.0350	0.0850	0.1250	2.18812439e+09
0.0350	0.0950	0.0950	1.78241899e+09
0.0350	0.0950	0.1050	1.01920262e+09
0.0350	0.0950	0.1150	1.63328129e+09
0.0350	0.0950	0.1250	1.67016556e+09
0.0350	0.0950	0.1350	2.11646204e+09
0.0350	0.1050	0.1050	-5.46643867e+05
0.0350	0.1050	0.1150	1.89117135e+09
0.0350	0.1050	0.1250	1.45895103e+09
0.0350	0.1050	0.1350	1.17023439e+09
0.0350	0.1050	0.1450	2.11307471e+09
0.0350	0.1150	0.1150	8.94583088e+08
0.0350	0.1150	0.1250	1.05531388e+09
0.0350	0.1150	0.1350	1.26301789e+09
0.0350	0.1150	0.1450	1.38933191e+09
0.0350	0.1250	0.1250	4.49237628e+08
0.0350	0.1250	0.1350	1.30527024e+09
0.0350	0.1250	0.1450	1.63177088e+09
0.0350	0.1350	0.1350	7.80507440e+08
0.0350	0.1350	0.1450	1.45118185e+09
0.0350	0.1450	0.1450	9.71727251e+08
0.0450	0.0450	0.0450	2.98463368e+08
0.0450	0.0450	0.0550	1.93327678e+09
0.0450	0.0450	0.0650	1.96073462e+09
0.0450	0.0450	0.0750	3.82836873e+09
0.0450	0.0450	0.0850	4.47868235e+09
0.0450	0.0450	0.0950	2.04142172e+09
0.0450	0.0550	0.0550	-3.27841170e+08
0.0450	0.0550	0.0650	-1.41189636e+08
0.0450	0.0550	0.0750	1.24795376e+09
0.0450	0.0550	0.0850	2.46575609e+09
0.0450	0.0550	0.0950	2.84690317e+09
0.0450	0.0550	0.1050	4.42378054e+09
0.0450	0.0650	0.0650	2.93680185e+09
0.0450	0.0650	0.0750	1.57673123e+09
0.0450	0.0650	0.0850	1.76480371e+09
0.0450	0.0650	0.0950	1.98203651e+09
0.0450	0.0650	0.1050	1.83565725e+09
0.0450	0.0650	0.1150	3.64404575e+09
0.0450	0.0750	0.0750	1.87960474e+09
0.0450	0.0750	0.0850	2.17128849e+09
0.0450	0.0750	0.0950	1.43613703e+09
0.0450	0.0750	0.1050	1.41224839e+09
0.0450	0.0750	0.1150	1.66189782e+09
0.0450	0.0750	0.1250	2.28165675e+09
0.0450	0.0850	0.0850	1.61211945e+09
0.0450	0.0850	0.0950	1.20909936e+09
0.0450	0.0850	0.1050	7.19933802e+08
0.0450	0.0850	0.1150	1.81193679e+09
0.0450	0.0850	0.1250	1.65039512e+09
0.0450	0.0850	0.1350	1.35054505e+08
0.0450	0.0950	0.0950	1.26720573e+09
0.0450	0.0950	0.1050	8.56561413e+08
0.0450	0.0950	0.1150	1.00890731e+09
0.0450	0.0950	0.1250	1.31295025e+09
0.0450	0.0950	0.1350	1.37775844e+09
0.0450	0.0950	0.1450	7.05825303e+08
0.0450	0.1050	0.1050	5.63688583e+08
0.0450	0.1050	0.1150	7.57139855e+08
0.0450	0.1050	0.1250	1.18794067e+09
0.0450	0.1050	0.1350	1.09025349e+09
0.0450	0.1050	0.1450	1.24531025e+09
0.0450	0.1150	0.1150	1.26519636e+09
0.0450	0.1150	0.1250	8.63988963e+08
0.0450	0.1150	0.1350	1.06669267e+09
0.0450	0.1150	0.1450	1.03353034e+09
0.0450	0.1250	0.1250	8.46561120e+08
0.0450	0.1250	0.1350	9.81614689e+08
0.0450	0.1250	0.1450	8.02967668e+08
0.0450	0.1350	0.1350	9.49676443e+08
0.0450	0.1350	0.1450	6.36123740e+08
0.0450	0.1450	0.1450	7.10882342e+08
0.0550	0.0550	0.0550	4.41874865e+09
0.0550	0.0550	0.0650	2.62344048e+09
0.0550	0.0550	0.0750	2.10012661e+09
0.0550	0.0550	0.0850	9.91146297e+08
0.0550	0.0550	0.0950	2.50248108e+09
0.0550	0.0550	0.1050	3.12162497e+09
0.0550	0.0550	0.1150	-3.07667411e+08
0.0550	0.0650	0.0650	1.31147904e+07
0.0550	0.0650	0.0750	1.30969122e+09
0.0550	0.0650	0.0850	2.10679198e+09
0.0550	0.0650	0.0950	1.25539340e+09
0.0550	0.0650	0.1050	1.49454067e+09
0.0550	0.0650	0.1150	2.50581458e+09
0.0550	0.0650	0.1250	4.15879472e+09
0.0550	0.0750	0.0750	1.81731971e+09
0.0550	0.0750	0.0850	1.33033762e+09
0.0550	0.0750	0.0950	8.64030246e+08
0.0550	0.0750	0.1050	1.22585676e+09
0.0550	0.0750	0.1150	1.70031047e+09
0.0550	0.0750	0.1250	1.57590107e+09
0.0550	0.0750	0.1350	2.35779669e+09
0.0550	0.0850	0.0850	1.19694873e+09
0.0550	0.0850	0.0950	1.43386534e+09
0.0550	0.0850	0.1050	9.58370856e+08
0.0550	0.0850	0.1150	1.12786719e+09
0.0550	0.0850	0.1250	1.51032925e+09
0.0550	0.0850	0.1350	1.45246539e+09
0.0550	0.0850	0.1450	4.37666339e+08
0.0550	0.0950	0.0950	2.79823727e+08
0.0550	0.0950	0.1050	1.14636007e+09
0.0550	0.0950	0.1150	8.05713080e+08
0.0550	0.0950	0.1250	8.93188537e+08
0.0550	0.0950	0.1350	1.12532675e+09
0.0550	0.0950	0.1450	1.76199187e+09
0.0550	0.1050	0.1050	1.05448274e+09
0.0550	0.1050	0.1150	7.31927561e+08
0.0550	0.1050	0.1250	7.72502980e+08
0.0550	0.1050	0.1350	1.16768228e+09
0.0550	0.1050	0.1450	5.92233023e+08
0.0550	0.1150	0.1150	9.81299670e+08
0.0550	0.1150	0.1250	9.13413850e+08
0.0550	0.1150	0.1350	1.02932770e+09
0.0550	0.1150	0.1450	9.97348386e+08
0.0550	0.1250	0.1250	5.86550784e+08
0.0550	0.1250	0.1350	6.83780556e+08
0.0550	0.1250	0.1450	6.93764051e+08
0.0550	0.1350	0.1350	5.39264873e+08
0.0550	0.1350	0.1450	7.53961964e+08
0.0550	0.1450	0.1450	9.35073957e+08
0.0650	0.0650	0.0650	2.74501823e+09
0.0650	0.0650	0.0750	2.61192585e+09
0.0650	0.0650	0.0850	9.59667243e+08
0.0650	0.0650	0.0950	1.09302109e+09
0.0650	0.0650	0.1050	1.73164808e+09
0.0650	0.0650	0.1150	1.26469838e+09
0.0650	0.0650	0.1250	1.87907979e+09
0.0650	0.0650	0.1350	1.38532769e+09
0.0650	0.0750	0.0750	5.63465018e+08
0.0650	0.0750	0.0850	1.37007157e+08
0.0650	0.0750	0.0950	1.07098309e+09
0.0650	0.0750	0.1050	4.14035031e+08
0.0650	0.0750	0.1150	1.49700794e+09
0.0650	0.0750	0.1250	9.06369719e+08
0.0650	0.0750	0.1350	1.57387099e+09
0.0650	0.0750	0.1450	1.57599638e+09
0.0650	0.0850	0.0850	1.41618734e+09
0.0650	0.0850	0.0950	9.80904775e+08
0.0650	0.0850	0.1050	1.13941188e+09
0.0650	0.0850	0.1150	8.50133831e+08
0.0650	0.0850	0.1250	1.10698773e+09
0.0650	0.0850	0.1350	1.32287830e+09
0.0650	0.0850	0.1450	1.54005454e+09
0.0650	0.0950	0.0950	6.79390327e+08
0.0650	0.0950	0.1050	5.05188048e+08
0.0650	0.0950	0.1150	1.06745300e+09
0.0650	0.0950	0.1250	4.34369350e+08
0.0650	0.0950	0.1350	1.30120315e+09
0.0650	0.0950	0.1450	1.03599192e+09
0.0650	0.1050	0.1050	2.39578611e+08
0.0650	0.1050	0.1150	1.01013302e+09
0.0650	0.1050	0.1250	8.73384937e+08
0.0650	0.1050	0.1350	3.51889306e+08
0.0650	0.1050	0.1450	9.04712682e+08
0.0650	0.1150	0.1150	3.93715768e+08
0.0650	0.1150	0.1250	6.23263425e+08
0.0650	0.1150	0.1350	7.84679519e+08
0.0650	0.1150	0.1450	5.98011814e+08
0.0650	0.1250	0.1250	7.09606961e+08
0.0650	0.1250	0.1350	6.57987074e+08
0.0650	0.1250	0.1450	6.39885806e+08
0.0650	0.1350	0.1350	8.41947078e+08
0.0650	0.1350	0.1450	8.51672796e+08
0.0650	0.1450	0.1450	4.63989033e+08
0.0750	0.0750	0.0750	9.05452308e+08
0.0750	0.0750	0.0850	1.24073022e+09
0.0750	0.0750	0.0950	7.18375443e+08
0.0750	0.0750	0.1050	1.33446392e+09
0.0750	0.0750	0.1150	1.01204196e+09
0.0750	0.0750	0.1250	1.62611544e+09
0.0750	0.0750	0.1350	9.13389099e+08
0.0750	0.0750	0.1450	1.69417325e+09
0.0750	0.0850	0.0850	2.57375336e+07
0.0750	0.0850	0.0950	8.73373508e+08
0.0750	0.0850	0.1050	8.75301259e+08
0.0750	0.0850	0.1150	6.26102109e+08
0.0750	0.0850	0.1250	8.05953863e+08
0.0750	0.0850	0.1350	9.78010183e+08
0.0750	0.0850	0.1450	1.03471972e+09
0.0750	0.0950	0.0950	7.83842229e+08
0.0750	0.0950	0.1050	1.05808734e+09
0.0750	0.0950	0.1150	9.45927318e+08
0.0750	0.0950	0.1250	7.59303138e+08
0.0750	0.0950	0.1350	9.72018285e+08
0.0750	0.0950	0.1450	6.55786985e+08
0.0750	0.1050	0.1050	3.90783542e+08
0.0750	0.1050	0.1150	6.96550631e+08
0.0750	0.1050	0.1250	4.19809120e+08
0.0750	0.1050	0.1350	6.86028431e+08
0.0750	0.1050	0.1450	7.95241771e+08
0.0750	0.1150	0.1150	5.99248102e+08
0.0750	0.1150	0.1250	4.39877686e+08
0.0750	0.1150	0.1350	6.18678273e+08
0.0750	0.1150	0.1450	6.66025930e+08
0.0750	0.1250	0.1250	5.85006459e+08
0.0750	0.1250	0.1350	6.11025574e+08
0.0750	0.1250	0.1450	6.19531665e+08
0.0750	0.1350	0.1350	7.45737817e+08
0.0750	0.1350	0.1450	4.57493639e+08
0.0750	0.1450	0.1450	6.57228216e+08
0.0850	0.0850	0.0850	2.22544780e+09
0.0850	0.0850	0.0950	1.05110265e+09
0.0850	0.0850	0.1050	1.44898199e+08
0.0850	0.0850	0.1150	1.56827789e+09
0.0850	0.0850	0.1250	5.08130368e+08
0.0850	0.0850	0.1350	4.17900871e+08
0.0850	0.0850	0.1450	9.49830933e+08
0.0850	0.0950	0.0950	5.38407303e+08
0.0850	0.0950	0.1050	1.02581746e+09
0.0850	0.0950	0.1150	7.73331851e+08
0.0850	0.0950	0.1250	7.45992491e+08
0.0850	0.0950	0.1350	7.00086572e+08
0.0850	0.0950	0.1450	7.97874013e+08
0.0850	0.1050	0.1050	6.42416326e+08
0.0850	0.1050	0.1150	9.53550246e+08
0.0850	0.1050	0.1250	6.54874059e+08
0.0850	0.1050	0.1350	2.51128792e+08
0.0850	0.1050	0.1450	5.81507689e+08
0.0850	0.1150	0.1150	6.79596331e+08
0.0850	0.1150	0.1250	5.63788834e+08
0.0850	0.1150	0.1350	8.40865983e+08
0.0850	0.1150	0.1450	4.51089929e+08
0.0850	0.1250	0.1250	5.91947047e+08
0.0850	0.1250	0.1350	5.34256632e+08
0.0850	0.1250	0.1450	5.33010962e+08
0.0850	0.1350	0.1350	6.49309717e+08
0.0850	0.1350	0.1450	4.43602328e+08
0.0850	0.1450	0.1450	1.08158280e+08
0.0950	0.0950	0.0950	1.09841290e+09
0.0950	0.0950	0.1050	7.07373440e+08
0.0950	0.0950	0.1150	5.54334333e+08
0.0950	0.0950	0.1250	7.90199827e+08
0.0950	0.0950	0.1350	3.77307300e+08
0.0950	0.0950	0.1450	7.43073926e+08
0.0950	0.1050	0.1050	2.32759816e+08
0.0950	0.1050	0.1150	6.32185239e+08
0.0950	0.1050	0.1250	4.82226277e+08
0.0950	0.1050	0.1350	7.42261176e+08
0.0950	0.1050	0.1450	6.00767068e+08
0.0950	0.1150	0.1150	5.55626418e+08
0.0950	0.1150	0.1250	8.38660126e+08
0.0950	0.1150	0.1350	3.41012064e+08
0.0950	0.1150	0.1450	5.60398525e+08
0.0950	0.1250	0.1250	2.95266471e+08
0.0950	0.1250	0.1350	6.61449912e+08
0.0950	0.1250	0.1450	5.38587026e+08
0.0950	0.1350	0.1350	3.27838233e+08
0.0950	0.1350	0.1450	5.06492641e+08
0.0950	0.1450	0.1450	4.96243855e+08
0.1050	0.1050	0.1050	7.37742356e+08
0.1050	0.1050	0.1150	5.83647813e+08
0.1050	0.1050	0.1250	5.37593491e+08
0.1050	0.1050	0.1350	4.54961158e+08
0.1050	0.1050	0.1450	5.50545122e+08
0.1050	0.1150	0.1150	6.64321742e+08
0.1050	0.1150	0.1250	2.78617777e+08
0.1050	0.1150	0.1350	4.38318112e+08
0.1050	0.1150	0.1450	5.68928545e+08
0.1050	0.1250	0.1250	5.03586388e+08
0.1050	0.1250	0.1350	3.76438595e+08
0.1050	0.1250	0.1450	4.48906059e+08
0.1050	0.1350	0.1350	4.66632105e+08
0.1050	0.1350	0.1450	4.92682513e+08
0.1050	0.1450	0.1450	3.24756000e+08
0.1150	0.1150	0.1150	5.50161547e+08
0.1150	0.1150	0.1250	5.05546844e+08
0.1150	0.1150	0.1350	4.45316404e+08
0.1150	0.1150	0.1450	5.59354439e+08
0.1150	0.1250	0.1250	5.57800386e+08
0.1150	0.1250	0.1350	4.16118645e+08
0.1150	0.1250	0.1450	2.26340450e+08
0.1150	0.1350	0.1350	5.01127024e+08
0.1150	0.1350	0.1450	3.62576236e+08
0.1150	0.1450	0.1450	2.01948521e+08
0.1250	0.1250	0.1250	3.89563098e+08
0.1250	0.1250	0.1350	6.42704966e+08
0.1250	0.1250	0.1450	3.56772682e+08
0.1250	0.1350	0.1350	3.75376989e+08
0.1250	0.1350	0.1450	4.62799484e+08
0.1250	0.1450	0.1450	2.54896652e+08
0.1350	0.1350	0.1350	3.61890011e+08
0.1350	0.1350	0.1450	3.51455401e+08
0.1350	0.1450	0.1450	5.05906953e+08
0.1450	0.1450	0.1450	3.38410225e+08
