####### Bispectrum of Patchy Simulation 435 #############
# Patch: sgc
# z-type: z1
# Weights: fkp
# Fiducial Omega_m: 0.310
# Fiducial h: 0.676
# Boxsize: [1000.0, 1900.0, 1100.0]
# Grid: [95, 180, 105]
# k-binning: [0.000, 0.160, 0.010]
# Monte Carlo Simulations: 100
#
# Format: k1 | k2 | k3 | B(k1,k2,k3)
############################################
0.0150	0.0150	0.0150	-4.81911690e+10
0.0150	0.0150	0.0250	4.73645112e+09
0.0150	0.0150	0.0350	-9.67117805e+09
0.0150	0.0250	0.0250	-3.89847704e+08
0.0150	0.0250	0.0350	1.59207865e+10
0.0150	0.0250	0.0450	7.92919056e+09
0.0150	0.0350	0.0350	4.60077423e+09
0.0150	0.0350	0.0450	8.01835854e+09
0.0150	0.0350	0.0550	1.36289481e+10
0.0150	0.0450	0.0450	9.51296030e+09
0.0150	0.0450	0.0550	1.87100044e+09
0.0150	0.0450	0.0650	6.41801492e+09
0.0150	0.0550	0.0550	9.05920595e+09
0.0150	0.0550	0.0650	4.97565041e+09
0.0150	0.0550	0.0750	-5.51350892e+09
0.0150	0.0650	0.0650	8.18126390e+09
0.0150	0.0650	0.0750	4.19842150e+09
0.0150	0.0650	0.0850	7.92750593e+09
0.0150	0.0750	0.0750	7.21911669e+09
0.0150	0.0750	0.0850	3.33620966e+09
0.0150	0.0750	0.0950	2.05789380e+08
0.0150	0.0850	0.0850	2.05483931e+09
0.0150	0.0850	0.0950	2.19272637e+09
0.0150	0.0850	0.1050	3.13881732e+09
0.0150	0.0950	0.0950	3.83879123e+09
0.0150	0.0950	0.1050	2.71277626e+09
0.0150	0.0950	0.1150	2.31459443e+09
0.0150	0.1050	0.1050	2.74779652e+09
0.0150	0.1050	0.1150	1.87157740e+09
0.0150	0.1050	0.1250	1.01804298e+09
0.0150	0.1150	0.1150	1.40706913e+09
0.0150	0.1150	0.1250	2.44076697e+09
0.0150	0.1150	0.1350	1.15534687e+09
0.0150	0.1250	0.1250	3.59903947e+08
0.0150	0.1250	0.1350	2.03443997e+09
0.0150	0.1250	0.1450	2.86681584e+09
0.0150	0.1350	0.1350	6.95169896e+08
0.0150	0.1350	0.1450	1.26540657e+09
0.0150	0.1450	0.1450	1.45858236e+09
0.0250	0.0250	0.0250	-9.10118336e+08
0.0250	0.0250	0.0350	-8.82468858e+08
0.0250	0.0250	0.0450	1.87035991e+09
0.0250	0.0250	0.0550	6.16259501e+09
0.0250	0.0350	0.0350	6.85591497e+09
0.0250	0.0350	0.0450	6.35638516e+08
0.0250	0.0350	0.0550	2.24480523e+09
0.0250	0.0350	0.0650	2.88905981e+07
0.0250	0.0450	0.0450	9.61276660e+09
0.0250	0.0450	0.0550	8.96530823e+08
0.0250	0.0450	0.0650	2.78036451e+09
0.0250	0.0450	0.0750	2.67499209e+09
0.0250	0.0550	0.0550	3.30880315e+09
0.0250	0.0550	0.0650	1.53549471e+09
0.0250	0.0550	0.0750	4.12537413e+09
0.0250	0.0550	0.0850	5.60962423e+09
0.0250	0.0650	0.0650	1.51074702e+09
0.0250	0.0650	0.0750	1.94646088e+09
0.0250	0.0650	0.0850	1.94870373e+09
0.0250	0.0650	0.0950	5.14429221e+09
0.0250	0.0750	0.0750	4.25460228e+08
0.0250	0.0750	0.0850	3.09067714e+09
0.0250	0.0750	0.0950	1.34308850e+09
0.0250	0.0750	0.1050	2.26883826e+09
0.0250	0.0850	0.0850	5.88136260e+08
0.0250	0.0850	0.0950	3.19290710e+09
0.0250	0.0850	0.1050	2.44748615e+09
0.0250	0.0850	0.1150	2.60736505e+09
0.0250	0.0950	0.0950	2.59635902e+08
0.0250	0.0950	0.1050	2.22247742e+09
0.0250	0.0950	0.1150	1.47576242e+09
0.0250	0.0950	0.1250	9.02724846e+08
0.0250	0.1050	0.1050	4.61688896e+08
0.0250	0.1050	0.1150	1.35368490e+09
0.0250	0.1050	0.1250	1.51003074e+09
0.0250	0.1050	0.1350	2.47107502e+09
0.0250	0.1150	0.1150	8.50052953e+08
0.0250	0.1150	0.1250	7.50791899e+08
0.0250	0.1150	0.1350	1.59859581e+09
0.0250	0.1150	0.1450	4.86601877e+08
0.0250	0.1250	0.1250	1.19715173e+09
0.0250	0.1250	0.1350	8.44442818e+08
0.0250	0.1250	0.1450	1.04467414e+09
0.0250	0.1350	0.1350	1.22095800e+09
0.0250	0.1350	0.1450	9.65897485e+08
0.0250	0.1450	0.1450	5.79587368e+08
0.0350	0.0350	0.0350	-4.10875325e+09
0.0350	0.0350	0.0450	4.16684468e+09
0.0350	0.0350	0.0550	4.69312244e+09
0.0350	0.0350	0.0650	7.11938345e+09
0.0350	0.0350	0.0750	3.89174572e+09
0.0350	0.0450	0.0450	1.28379210e+09
0.0350	0.0450	0.0550	8.26086116e+08
0.0350	0.0450	0.0650	2.05938182e+09
0.0350	0.0450	0.0750	4.03870944e+09
0.0350	0.0450	0.0850	6.98292968e+09
0.0350	0.0550	0.0550	9.71058596e+08
0.0350	0.0550	0.0650	4.27759953e+09
0.0350	0.0550	0.0750	1.82014155e+09
0.0350	0.0550	0.0850	2.72856267e+09
0.0350	0.0550	0.0950	-1.19702238e+09
0.0350	0.0650	0.0650	2.08192475e+09
0.0350	0.0650	0.0750	5.91148360e+08
0.0350	0.0650	0.0850	2.42350159e+09
0.0350	0.0650	0.0950	2.61033144e+09
0.0350	0.0650	0.1050	3.80240993e+09
0.0350	0.0750	0.0750	2.01040417e+09
0.0350	0.0750	0.0850	1.12560191e+09
0.0350	0.0750	0.0950	2.71123121e+09
0.0350	0.0750	0.1050	1.36060928e+09
0.0350	0.0750	0.1150	4.40633393e+09
0.0350	0.0850	0.0850	5.21540342e+08
0.0350	0.0850	0.0950	2.02627309e+09
0.0350	0.0850	0.1050	2.35790169e+09
0.0350	0.0850	0.1150	2.51963055e+09
0.0350	0.0850	0.1250	2.37320387e+09
0.0350	0.0950	0.0950	1.25449439e+09
0.0350	0.0950	0.1050	1.34719881e+09
0.0350	0.0950	0.1150	1.52119398e+09
0.0350	0.0950	0.1250	1.75551410e+09
0.0350	0.0950	0.1350	2.56864673e+09
0.0350	0.1050	0.1050	1.36112944e+09
0.0350	0.1050	0.1150	8.77154569e+08
0.0350	0.1050	0.1250	9.41097409e+08
0.0350	0.1050	0.1350	1.53767372e+09
0.0350	0.1050	0.1450	1.19898723e+09
0.0350	0.1150	0.1150	1.71520282e+09
0.0350	0.1150	0.1250	1.17249457e+09
0.0350	0.1150	0.1350	8.29583449e+08
0.0350	0.1150	0.1450	1.22226172e+09
0.0350	0.1250	0.1250	1.54630277e+09
0.0350	0.1250	0.1350	4.17570008e+08
0.0350	0.1250	0.1450	1.10071540e+09
0.0350	0.1350	0.1350	5.86580080e+08
0.0350	0.1350	0.1450	6.09153305e+08
0.0350	0.1450	0.1450	6.83033304e+08
0.0450	0.0450	0.0450	9.54968449e+09
0.0450	0.0450	0.0550	4.58404346e+09
0.0450	0.0450	0.0650	-4.20469586e+08
0.0450	0.0450	0.0750	3.48953308e+09
0.0450	0.0450	0.0850	2.66814289e+09
0.0450	0.0450	0.0950	2.77533599e+09
0.0450	0.0550	0.0550	1.62603195e+09
0.0450	0.0550	0.0650	1.36515662e+09
0.0450	0.0550	0.0750	3.00351595e+09
0.0450	0.0550	0.0850	3.40335634e+09
0.0450	0.0550	0.0950	2.61917046e+09
0.0450	0.0550	0.1050	2.26254554e+09
0.0450	0.0650	0.0650	1.94746718e+09
0.0450	0.0650	0.0750	1.23692822e+09
0.0450	0.0650	0.0850	1.60600410e+09
0.0450	0.0650	0.0950	1.38417833e+09
0.0450	0.0650	0.1050	1.89097516e+09
0.0450	0.0650	0.1150	2.31820057e+09
0.0450	0.0750	0.0750	3.00195301e+08
0.0450	0.0750	0.0850	1.37021893e+09
0.0450	0.0750	0.0950	1.37341257e+09
0.0450	0.0750	0.1050	1.83062057e+09
0.0450	0.0750	0.1150	2.21256755e+09
0.0450	0.0750	0.1250	2.87140237e+09
0.0450	0.0850	0.0850	1.70891989e+09
0.0450	0.0850	0.0950	1.13708018e+09
0.0450	0.0850	0.1050	7.41370695e+08
0.0450	0.0850	0.1150	9.44463414e+08
0.0450	0.0850	0.1250	1.37541976e+09
0.0450	0.0850	0.1350	2.24415505e+09
0.0450	0.0950	0.0950	9.28879667e+08
0.0450	0.0950	0.1050	7.57708267e+08
0.0450	0.0950	0.1150	1.59975406e+09
0.0450	0.0950	0.1250	7.78577910e+08
0.0450	0.0950	0.1350	1.25872698e+09
0.0450	0.0950	0.1450	6.58375940e+08
0.0450	0.1050	0.1050	1.14813009e+09
0.0450	0.1050	0.1150	4.25421851e+08
0.0450	0.1050	0.1250	1.44964833e+09
0.0450	0.1050	0.1350	9.87346609e+08
0.0450	0.1050	0.1450	6.73609876e+08
0.0450	0.1150	0.1150	1.45981882e+09
0.0450	0.1150	0.1250	5.52746277e+08
0.0450	0.1150	0.1350	6.89967384e+08
0.0450	0.1150	0.1450	1.04497999e+09
0.0450	0.1250	0.1250	8.43687093e+08
0.0450	0.1250	0.1350	6.08948424e+08
0.0450	0.1250	0.1450	6.14661157e+08
0.0450	0.1350	0.1350	1.09113218e+09
0.0450	0.1350	0.1450	5.67828842e+08
0.0450	0.1450	0.1450	4.21170211e+08
0.0550	0.0550	0.0550	6.64067691e+08
0.0550	0.0550	0.0650	3.11619582e+09
0.0550	0.0550	0.0750	1.70651405e+09
0.0550	0.0550	0.0850	8.33462916e+08
0.0550	0.0550	0.0950	2.62016244e+09
0.0550	0.0550	0.1050	2.14649284e+09
0.0550	0.0550	0.1150	7.07857877e+08
0.0550	0.0650	0.0650	1.40782015e+09
0.0550	0.0650	0.0750	1.15082425e+09
0.0550	0.0650	0.0850	1.42074403e+09
0.0550	0.0650	0.0950	2.42370055e+09
0.0550	0.0650	0.1050	1.35458034e+09
0.0550	0.0650	0.1150	1.80404181e+09
0.0550	0.0650	0.1250	2.48195617e+09
0.0550	0.0750	0.0750	-3.57721414e+08
0.0550	0.0750	0.0850	1.06561704e+09
0.0550	0.0750	0.0950	8.75136245e+08
0.0550	0.0750	0.1050	1.57233135e+09
0.0550	0.0750	0.1150	1.47088214e+09
0.0550	0.0750	0.1250	1.39287764e+09
0.0550	0.0750	0.1350	2.00733982e+09
0.0550	0.0850	0.0850	1.54317095e+09
0.0550	0.0850	0.0950	7.21365927e+08
0.0550	0.0850	0.1050	9.00474930e+08
0.0550	0.0850	0.1150	8.74806141e+08
0.0550	0.0850	0.1250	1.63074629e+09
0.0550	0.0850	0.1350	1.29443842e+09
0.0550	0.0850	0.1450	1.37829541e+09
0.0550	0.0950	0.0950	9.44621250e+08
0.0550	0.0950	0.1050	5.41438775e+08
0.0550	0.0950	0.1150	1.34693835e+09
0.0550	0.0950	0.1250	5.37225529e+08
0.0550	0.0950	0.1350	9.21750782e+08
0.0550	0.0950	0.1450	1.24116770e+09
0.0550	0.1050	0.1050	6.85386422e+08
0.0550	0.1050	0.1150	7.17038325e+08
0.0550	0.1050	0.1250	7.37477372e+08
0.0550	0.1050	0.1350	6.85676205e+08
0.0550	0.1050	0.1450	9.81065847e+08
0.0550	0.1150	0.1150	7.37978887e+08
0.0550	0.1150	0.1250	8.08095555e+08
0.0550	0.1150	0.1350	6.43622418e+08
0.0550	0.1150	0.1450	7.18917117e+08
0.0550	0.1250	0.1250	5.44181508e+08
0.0550	0.1250	0.1350	4.60415418e+08
0.0550	0.1250	0.1450	8.22473537e+08
0.0550	0.1350	0.1350	5.73999893e+08
0.0550	0.1350	0.1450	7.31577707e+08
0.0550	0.1450	0.1450	6.83917965e+08
0.0650	0.0650	0.0650	1.06380363e+09
0.0650	0.0650	0.0750	4.50025295e+08
0.0650	0.0650	0.0850	1.67537894e+09
0.0650	0.0650	0.0950	8.37176085e+08
0.0650	0.0650	0.1050	1.24018182e+09
0.0650	0.0650	0.1150	1.01407108e+09
0.0650	0.0650	0.1250	1.11004125e+09
0.0650	0.0650	0.1350	2.44490243e+09
0.0650	0.0750	0.0750	1.03104041e+09
0.0650	0.0750	0.0850	9.42183911e+08
0.0650	0.0750	0.0950	1.05230885e+09
0.0650	0.0750	0.1050	8.47896529e+08
0.0650	0.0750	0.1150	7.18707360e+08
0.0650	0.0750	0.1250	1.17810063e+09
0.0650	0.0750	0.1350	1.27971926e+09
0.0650	0.0750	0.1450	2.52014809e+09
0.0650	0.0850	0.0850	4.99964317e+08
0.0650	0.0850	0.0950	9.49054078e+08
0.0650	0.0850	0.1050	6.20571441e+08
0.0650	0.0850	0.1150	1.08804984e+09
0.0650	0.0850	0.1250	6.39730714e+08
0.0650	0.0850	0.1350	9.98212121e+08
0.0650	0.0850	0.1450	8.88951551e+08
0.0650	0.0950	0.0950	1.14936982e+09
0.0650	0.0950	0.1050	1.09785293e+09
0.0650	0.0950	0.1150	8.54194446e+08
0.0650	0.0950	0.1250	9.82078463e+08
0.0650	0.0950	0.1350	7.40654434e+08
0.0650	0.0950	0.1450	1.06313801e+09
0.0650	0.1050	0.1050	3.71161320e+08
0.0650	0.1050	0.1150	9.01005811e+08
0.0650	0.1050	0.1250	6.75869524e+08
0.0650	0.1050	0.1350	7.04698047e+08
0.0650	0.1050	0.1450	5.20082178e+08
0.0650	0.1150	0.1150	2.53964187e+08
0.0650	0.1150	0.1250	5.93721326e+08
0.0650	0.1150	0.1350	6.75399438e+08
0.0650	0.1150	0.1450	4.78469486e+08
0.0650	0.1250	0.1250	1.52620338e+08
0.0650	0.1250	0.1350	6.94250104e+08
0.0650	0.1250	0.1450	5.44379581e+08
0.0650	0.1350	0.1350	2.77397813e+08
0.0650	0.1350	0.1450	6.35847049e+08
0.0650	0.1450	0.1450	5.48739021e+08
0.0750	0.0750	0.0750	1.68465228e+09
0.0750	0.0750	0.0850	5.62945444e+08
0.0750	0.0750	0.0950	1.61728015e+08
0.0750	0.0750	0.1050	1.33148465e+09
0.0750	0.0750	0.1150	5.70944478e+08
0.0750	0.0750	0.1250	4.33060260e+08
0.0750	0.0750	0.1350	1.11226126e+09
0.0750	0.0750	0.1450	1.16287298e+09
0.0750	0.0850	0.0850	9.08294106e+08
0.0750	0.0850	0.0950	7.88962983e+08
0.0750	0.0850	0.1050	7.85136546e+08
0.0750	0.0850	0.1150	7.34933977e+08
0.0750	0.0850	0.1250	7.83635318e+08
0.0750	0.0850	0.1350	9.10066949e+08
0.0750	0.0850	0.1450	8.67934636e+08
0.0750	0.0950	0.0950	3.57441997e+08
0.0750	0.0950	0.1050	5.19066005e+08
0.0750	0.0950	0.1150	7.33210654e+08
0.0750	0.0950	0.1250	6.05285267e+08
0.0750	0.0950	0.1350	5.82834630e+08
0.0750	0.0950	0.1450	9.85391588e+08
0.0750	0.1050	0.1050	2.24034881e+08
0.0750	0.1050	0.1150	6.01469828e+08
0.0750	0.1050	0.1250	4.80284067e+08
0.0750	0.1050	0.1350	5.16083308e+08
0.0750	0.1050	0.1450	5.11056001e+08
0.0750	0.1150	0.1150	4.81337629e+08
0.0750	0.1150	0.1250	4.26463499e+08
0.0750	0.1150	0.1350	6.37124289e+08
0.0750	0.1150	0.1450	6.56724831e+08
0.0750	0.1250	0.1250	4.22033701e+08
0.0750	0.1250	0.1350	5.44784813e+08
0.0750	0.1250	0.1450	6.52415390e+08
0.0750	0.1350	0.1350	4.87340926e+08
0.0750	0.1350	0.1450	4.51137757e+08
0.0750	0.1450	0.1450	4.20360651e+08
0.0850	0.0850	0.0850	-1.09285028e+08
0.0850	0.0850	0.0950	9.53394795e+08
0.0850	0.0850	0.1050	8.93615781e+08
0.0850	0.0850	0.1150	5.57060398e+08
0.0850	0.0850	0.1250	8.06129941e+08
0.0850	0.0850	0.1350	8.04846670e+08
0.0850	0.0850	0.1450	7.53285727e+08
0.0850	0.0950	0.0950	2.09974575e+08
0.0850	0.0950	0.1050	6.13018228e+08
0.0850	0.0950	0.1150	4.59837195e+08
0.0850	0.0950	0.1250	6.16296739e+08
0.0850	0.0950	0.1350	6.96556917e+08
0.0850	0.0950	0.1450	6.52302390e+08
0.0850	0.1050	0.1050	1.78354747e+08
0.0850	0.1050	0.1150	4.87870270e+08
0.0850	0.1050	0.1250	5.35523860e+08
0.0850	0.1050	0.1350	3.25372655e+08
0.0850	0.1050	0.1450	5.77463421e+08
0.0850	0.1150	0.1150	4.33139118e+08
0.0850	0.1150	0.1250	6.55127521e+08
0.0850	0.1150	0.1350	3.01942101e+08
0.0850	0.1150	0.1450	4.36453880e+08
0.0850	0.1250	0.1250	4.20622244e+08
0.0850	0.1250	0.1350	3.49616609e+08
0.0850	0.1250	0.1450	4.68081298e+08
0.0850	0.1350	0.1350	6.83488174e+08
0.0850	0.1350	0.1450	3.89112866e+08
0.0850	0.1450	0.1450	3.70056170e+08
0.0950	0.0950	0.0950	1.08949379e+09
0.0950	0.0950	0.1050	5.74069471e+08
0.0950	0.0950	0.1150	6.31987551e+08
0.0950	0.0950	0.1250	3.88613973e+08
0.0950	0.0950	0.1350	2.99913305e+08
0.0950	0.0950	0.1450	4.39539048e+08
0.0950	0.1050	0.1050	2.49919626e+08
0.0950	0.1050	0.1150	6.31093931e+08
0.0950	0.1050	0.1250	1.70797595e+08
0.0950	0.1050	0.1350	5.56175942e+08
0.0950	0.1050	0.1450	5.84855229e+08
0.0950	0.1150	0.1150	1.46788465e+08
0.0950	0.1150	0.1250	5.32379304e+08
0.0950	0.1150	0.1350	3.84349954e+08
0.0950	0.1150	0.1450	3.09819283e+08
0.0950	0.1250	0.1250	1.89115959e+08
0.0950	0.1250	0.1350	5.42677051e+08
0.0950	0.1250	0.1450	4.17656920e+08
0.0950	0.1350	0.1350	1.87815238e+08
0.0950	0.1350	0.1450	5.28118900e+08
0.0950	0.1450	0.1450	3.22064891e+08
0.1050	0.1050	0.1050	8.50375643e+08
0.1050	0.1050	0.1150	2.09829125e+08
0.1050	0.1050	0.1250	4.09640645e+08
0.1050	0.1050	0.1350	4.19365846e+08
0.1050	0.1050	0.1450	3.75701541e+08
0.1050	0.1150	0.1150	8.39340851e+08
0.1050	0.1150	0.1250	3.34451643e+08
0.1050	0.1150	0.1350	4.52843416e+08
0.1050	0.1150	0.1450	3.63677640e+08
0.1050	0.1250	0.1250	3.04827237e+08
0.1050	0.1250	0.1350	3.05555306e+08
0.1050	0.1250	0.1450	2.40242444e+08
0.1050	0.1350	0.1350	3.09219761e+08
0.1050	0.1350	0.1450	3.99849696e+08
0.1050	0.1450	0.1450	4.40126924e+08
0.1150	0.1150	0.1150	7.54201860e+07
0.1150	0.1150	0.1250	4.73955795e+08
0.1150	0.1150	0.1350	2.44104874e+08
0.1150	0.1150	0.1450	3.98797972e+08
0.1150	0.1250	0.1250	2.41532360e+08
0.1150	0.1250	0.1350	3.70477544e+08
0.1150	0.1250	0.1450	1.17258111e+08
0.1150	0.1350	0.1350	2.57028876e+08
0.1150	0.1350	0.1450	3.74629560e+08
0.1150	0.1450	0.1450	2.26445270e+08
0.1250	0.1250	0.1250	1.93100505e+08
0.1250	0.1250	0.1350	1.69821040e+08
0.1250	0.1250	0.1450	3.01022598e+08
0.1250	0.1350	0.1350	3.29360319e+08
0.1250	0.1350	0.1450	2.00649951e+08
0.1250	0.1450	0.1450	2.95917248e+08
0.1350	0.1350	0.1350	9.06214894e+07
0.1350	0.1350	0.1450	3.15280151e+08
0.1350	0.1450	0.1450	3.01597459e+08
0.1450	0.1450	0.1450	5.27974751e+08
