####### Bispectrum of Patchy Simulation 30 #############
# Patch: sgc
# z-type: z1
# Weights: fkp
# Fiducial Omega_m: 0.310
# Fiducial h: 0.676
# Boxsize: [1000.0, 1900.0, 1100.0]
# Grid: [95, 180, 105]
# k-binning: [0.000, 0.160, 0.010]
# Monte Carlo Simulations: 100
#
# Format: k1 | k2 | k3 | B(k1,k2,k3)
############################################
0.0150	0.0150	0.0150	-5.30978208e+10
0.0150	0.0150	0.0250	1.05322300e+10
0.0150	0.0150	0.0350	-4.57890918e+10
0.0150	0.0250	0.0250	-1.26713891e+10
0.0150	0.0250	0.0350	1.49506017e+10
0.0150	0.0250	0.0450	3.43784450e+10
0.0150	0.0350	0.0350	-7.10527073e+09
0.0150	0.0350	0.0450	1.09207511e+10
0.0150	0.0350	0.0550	2.41118889e+10
0.0150	0.0450	0.0450	4.04990719e+09
0.0150	0.0450	0.0550	3.84466800e+09
0.0150	0.0450	0.0650	1.23444791e+10
0.0150	0.0550	0.0550	2.55465125e+09
0.0150	0.0550	0.0650	5.63155697e+09
0.0150	0.0550	0.0750	1.68954858e+10
0.0150	0.0650	0.0650	4.54545395e+09
0.0150	0.0650	0.0750	5.70532626e+09
0.0150	0.0650	0.0850	3.93367458e+09
0.0150	0.0750	0.0750	3.93425193e+09
0.0150	0.0750	0.0850	3.07659326e+09
0.0150	0.0750	0.0950	9.72078049e+09
0.0150	0.0850	0.0850	2.30940216e+09
0.0150	0.0850	0.0950	4.93808642e+09
0.0150	0.0850	0.1050	4.08372940e+09
0.0150	0.0950	0.0950	3.51532854e+09
0.0150	0.0950	0.1050	4.07129025e+09
0.0150	0.0950	0.1150	7.50187530e+09
0.0150	0.1050	0.1050	1.29161935e+09
0.0150	0.1050	0.1150	2.60346366e+09
0.0150	0.1050	0.1250	3.14461642e+09
0.0150	0.1150	0.1150	1.31084499e+09
0.0150	0.1150	0.1250	3.63927714e+09
0.0150	0.1150	0.1350	5.94075643e+09
0.0150	0.1250	0.1250	1.36011169e+09
0.0150	0.1250	0.1350	1.87667564e+09
0.0150	0.1250	0.1450	5.24232622e+09
0.0150	0.1350	0.1350	1.81724321e+09
0.0150	0.1350	0.1450	1.80034664e+09
0.0150	0.1450	0.1450	1.36654683e+09
0.0250	0.0250	0.0250	1.52884265e+10
0.0250	0.0250	0.0350	5.85614837e+09
0.0250	0.0250	0.0450	4.03427188e+09
0.0250	0.0250	0.0550	8.70709775e+09
0.0250	0.0350	0.0350	1.27900121e+09
0.0250	0.0350	0.0450	7.38112596e+09
0.0250	0.0350	0.0550	2.40525316e+09
0.0250	0.0350	0.0650	3.11407826e+09
0.0250	0.0450	0.0450	1.21620392e+10
0.0250	0.0450	0.0550	3.72306666e+09
0.0250	0.0450	0.0650	6.26070135e+09
0.0250	0.0450	0.0750	2.99517904e+09
0.0250	0.0550	0.0550	-4.78761958e+08
0.0250	0.0550	0.0650	2.03252915e+09
0.0250	0.0550	0.0750	2.87032891e+09
0.0250	0.0550	0.0850	4.33293851e+09
0.0250	0.0650	0.0650	1.31767046e+09
0.0250	0.0650	0.0750	2.40082005e+09
0.0250	0.0650	0.0850	4.37797098e+09
0.0250	0.0650	0.0950	2.04791411e+09
0.0250	0.0750	0.0750	1.51336047e+09
0.0250	0.0750	0.0850	3.24341703e+09
0.0250	0.0750	0.0950	2.33480871e+09
0.0250	0.0750	0.1050	4.59114529e+09
0.0250	0.0850	0.0850	2.76908998e+09
0.0250	0.0850	0.0950	9.13635305e+08
0.0250	0.0850	0.1050	2.52131942e+09
0.0250	0.0850	0.1150	1.36634048e+09
0.0250	0.0950	0.0950	1.95375665e+09
0.0250	0.0950	0.1050	1.51139344e+09
0.0250	0.0950	0.1150	2.26983412e+09
0.0250	0.0950	0.1250	1.11676003e+09
0.0250	0.1050	0.1050	3.95712639e+08
0.0250	0.1050	0.1150	1.58046335e+09
0.0250	0.1050	0.1250	1.95083665e+09
0.0250	0.1050	0.1350	1.80044784e+09
0.0250	0.1150	0.1150	1.83391294e+09
0.0250	0.1150	0.1250	1.44978513e+09
0.0250	0.1150	0.1350	1.42162268e+09
0.0250	0.1150	0.1450	1.67055453e+09
0.0250	0.1250	0.1250	7.75250110e+08
0.0250	0.1250	0.1350	1.18654502e+09
0.0250	0.1250	0.1450	1.08983527e+09
0.0250	0.1350	0.1350	1.09176115e+09
0.0250	0.1350	0.1450	1.06455396e+09
0.0250	0.1450	0.1450	1.42398055e+09
0.0350	0.0350	0.0350	6.65253742e+09
0.0350	0.0350	0.0450	3.89038695e+09
0.0350	0.0350	0.0550	-6.28844702e+08
0.0350	0.0350	0.0650	3.32557078e+09
0.0350	0.0350	0.0750	8.42822079e+09
0.0350	0.0450	0.0450	-7.84157929e+08
0.0350	0.0450	0.0550	3.87698724e+09
0.0350	0.0450	0.0650	3.97391317e+09
0.0350	0.0450	0.0750	2.48851397e+09
0.0350	0.0450	0.0850	5.84001218e+09
0.0350	0.0550	0.0550	9.62535977e+08
0.0350	0.0550	0.0650	2.57800161e+09
0.0350	0.0550	0.0750	2.57754906e+09
0.0350	0.0550	0.0850	1.95045398e+09
0.0350	0.0550	0.0950	2.90652547e+09
0.0350	0.0650	0.0650	8.85220650e+07
0.0350	0.0650	0.0750	1.35307477e+09
0.0350	0.0650	0.0850	2.02720250e+09
0.0350	0.0650	0.0950	3.52214803e+09
0.0350	0.0650	0.1050	2.65722240e+09
0.0350	0.0750	0.0750	1.21682166e+09
0.0350	0.0750	0.0850	7.29587077e+08
0.0350	0.0750	0.0950	9.28174491e+08
0.0350	0.0750	0.1050	2.11934541e+09
0.0350	0.0750	0.1150	4.93324146e+09
0.0350	0.0850	0.0850	8.41148065e+08
0.0350	0.0850	0.0950	1.37685706e+09
0.0350	0.0850	0.1050	1.04876979e+09
0.0350	0.0850	0.1150	1.03860903e+09
0.0350	0.0850	0.1250	2.49597258e+09
0.0350	0.0950	0.0950	1.74906618e+09
0.0350	0.0950	0.1050	8.12951714e+08
0.0350	0.0950	0.1150	1.09926699e+09
0.0350	0.0950	0.1250	1.93700300e+09
0.0350	0.0950	0.1350	2.79513307e+09
0.0350	0.1050	0.1050	3.53749195e+08
0.0350	0.1050	0.1150	1.26903215e+09
0.0350	0.1050	0.1250	1.05442678e+09
0.0350	0.1050	0.1350	9.05738933e+08
0.0350	0.1050	0.1450	1.99795516e+09
0.0350	0.1150	0.1150	1.35419738e+09
0.0350	0.1150	0.1250	7.18490413e+08
0.0350	0.1150	0.1350	1.06561399e+09
0.0350	0.1150	0.1450	1.44561612e+09
0.0350	0.1250	0.1250	4.66086706e+08
0.0350	0.1250	0.1350	7.09220944e+08
0.0350	0.1250	0.1450	6.80249384e+08
0.0350	0.1350	0.1350	1.37573732e+09
0.0350	0.1350	0.1450	2.99185222e+08
0.0350	0.1450	0.1450	7.72259672e+08
0.0450	0.0450	0.0450	-3.03907737e+08
0.0450	0.0450	0.0550	4.37338094e+09
0.0450	0.0450	0.0650	1.02099424e+09
0.0450	0.0450	0.0750	5.00606307e+09
0.0450	0.0450	0.0850	1.61435881e+09
0.0450	0.0450	0.0950	1.04122781e+10
0.0450	0.0550	0.0550	1.28001198e+09
0.0450	0.0550	0.0650	2.93545021e+09
0.0450	0.0550	0.0750	8.53184520e+08
0.0450	0.0550	0.0850	2.69173963e+09
0.0450	0.0550	0.0950	2.15431739e+09
0.0450	0.0550	0.1050	2.40847702e+09
0.0450	0.0650	0.0650	8.28393740e+08
0.0450	0.0650	0.0750	8.49882208e+08
0.0450	0.0650	0.0850	1.19621567e+09
0.0450	0.0650	0.0950	1.74017665e+09
0.0450	0.0650	0.1050	3.04944232e+09
0.0450	0.0650	0.1150	1.48957660e+09
0.0450	0.0750	0.0750	2.03437015e+09
0.0450	0.0750	0.0850	7.01626945e+08
0.0450	0.0750	0.0950	2.18425264e+09
0.0450	0.0750	0.1050	2.02556410e+09
0.0450	0.0750	0.1150	3.12486830e+09
0.0450	0.0750	0.1250	1.94059359e+09
0.0450	0.0850	0.0850	-3.83163488e+07
0.0450	0.0850	0.0950	1.37956766e+09
0.0450	0.0850	0.1050	1.15162051e+09
0.0450	0.0850	0.1150	1.07212722e+09
0.0450	0.0850	0.1250	1.57485047e+09
0.0450	0.0850	0.1350	3.53317963e+09
0.0450	0.0950	0.0950	8.68964086e+08
0.0450	0.0950	0.1050	1.86645702e+09
0.0450	0.0950	0.1150	1.15197795e+09
0.0450	0.0950	0.1250	9.30716326e+08
0.0450	0.0950	0.1350	1.43150106e+09
0.0450	0.0950	0.1450	1.44918002e+09
0.0450	0.1050	0.1050	1.73908204e+09
0.0450	0.1050	0.1150	9.47414782e+08
0.0450	0.1050	0.1250	1.09187020e+09
0.0450	0.1050	0.1350	1.22485181e+09
0.0450	0.1050	0.1450	1.55669263e+09
0.0450	0.1150	0.1150	1.69982791e+08
0.0450	0.1150	0.1250	1.03705261e+09
0.0450	0.1150	0.1350	9.97434591e+08
0.0450	0.1150	0.1450	1.00088758e+09
0.0450	0.1250	0.1250	1.02475239e+09
0.0450	0.1250	0.1350	4.61053522e+08
0.0450	0.1250	0.1450	8.78314211e+08
0.0450	0.1350	0.1350	1.00770032e+09
0.0450	0.1350	0.1450	7.45503987e+08
0.0450	0.1450	0.1450	1.41697851e+08
0.0550	0.0550	0.0550	-5.50399981e+08
0.0550	0.0550	0.0650	2.64417407e+09
0.0550	0.0550	0.0750	-9.13273557e+08
0.0550	0.0550	0.0850	2.94848421e+09
0.0550	0.0550	0.0950	2.47762988e+09
0.0550	0.0550	0.1050	1.96811973e+09
0.0550	0.0550	0.1150	2.46628557e+09
0.0550	0.0650	0.0650	6.98723024e+08
0.0550	0.0650	0.0750	2.12196925e+09
0.0550	0.0650	0.0850	1.10807923e+09
0.0550	0.0650	0.0950	9.88027271e+08
0.0550	0.0650	0.1050	2.79468424e+09
0.0550	0.0650	0.1150	2.03758399e+09
0.0550	0.0650	0.1250	2.09058614e+09
0.0550	0.0750	0.0750	1.26466129e+09
0.0550	0.0750	0.0850	1.11297847e+09
0.0550	0.0750	0.0950	1.89471240e+09
0.0550	0.0750	0.1050	1.07140552e+09
0.0550	0.0750	0.1150	1.89132730e+09
0.0550	0.0750	0.1250	2.14993711e+09
0.0550	0.0750	0.1350	1.14132212e+09
0.0550	0.0850	0.0850	1.76230172e+09
0.0550	0.0850	0.0950	2.95578198e+08
0.0550	0.0850	0.1050	1.52613677e+09
0.0550	0.0850	0.1150	1.17719527e+09
0.0550	0.0850	0.1250	9.67556763e+08
0.0550	0.0850	0.1350	1.76530383e+09
0.0550	0.0850	0.1450	2.01318792e+09
0.0550	0.0950	0.0950	5.39417280e+08
0.0550	0.0950	0.1050	4.21757743e+08
0.0550	0.0950	0.1150	1.14162025e+09
0.0550	0.0950	0.1250	1.30723051e+09
0.0550	0.0950	0.1350	1.11816563e+09
0.0550	0.0950	0.1450	1.23305103e+09
0.0550	0.1050	0.1050	4.10744181e+08
0.0550	0.1050	0.1150	7.93628871e+08
0.0550	0.1050	0.1250	4.69317045e+08
0.0550	0.1050	0.1350	1.10460275e+09
0.0550	0.1050	0.1450	7.84008068e+08
0.0550	0.1150	0.1150	7.76971022e+08
0.0550	0.1150	0.1250	5.98397593e+08
0.0550	0.1150	0.1350	8.55704809e+08
0.0550	0.1150	0.1450	6.04426570e+08
0.0550	0.1250	0.1250	3.55412730e+08
0.0550	0.1250	0.1350	8.42299719e+08
0.0550	0.1250	0.1450	4.62961364e+08
0.0550	0.1350	0.1350	6.78931832e+08
0.0550	0.1350	0.1450	9.06274365e+08
0.0550	0.1450	0.1450	1.70077457e+08
0.0650	0.0650	0.0650	3.17139866e+09
0.0650	0.0650	0.0750	2.09952947e+08
0.0650	0.0650	0.0850	4.52960570e+08
0.0650	0.0650	0.0950	1.03874302e+09
0.0650	0.0650	0.1050	8.43688791e+08
0.0650	0.0650	0.1150	7.61611305e+08
0.0650	0.0650	0.1250	1.88327716e+09
0.0650	0.0650	0.1350	3.73065261e+09
0.0650	0.0750	0.0750	5.15823476e+08
0.0650	0.0750	0.0850	1.37633326e+09
0.0650	0.0750	0.0950	8.47553894e+08
0.0650	0.0750	0.1050	1.03982868e+09
0.0650	0.0750	0.1150	1.49758192e+09
0.0650	0.0750	0.1250	1.17785830e+09
0.0650	0.0750	0.1350	1.36740005e+09
0.0650	0.0750	0.1450	1.92807047e+09
0.0650	0.0850	0.0850	8.36367870e+05
0.0650	0.0850	0.0950	8.69157955e+08
0.0650	0.0850	0.1050	7.63655215e+08
0.0650	0.0850	0.1150	4.96499436e+08
0.0650	0.0850	0.1250	1.04749917e+09
0.0650	0.0850	0.1350	1.27471976e+09
0.0650	0.0850	0.1450	1.02596613e+09
0.0650	0.0950	0.0950	1.25265604e+09
0.0650	0.0950	0.1050	5.32001415e+08
0.0650	0.0950	0.1150	8.07380755e+08
0.0650	0.0950	0.1250	1.01145466e+09
0.0650	0.0950	0.1350	8.02897719e+08
0.0650	0.0950	0.1450	9.07685526e+08
0.0650	0.1050	0.1050	1.03706582e+09
0.0650	0.1050	0.1150	8.79684402e+08
0.0650	0.1050	0.1250	7.52655656e+08
0.0650	0.1050	0.1350	7.35660149e+08
0.0650	0.1050	0.1450	6.02434905e+08
0.0650	0.1150	0.1150	8.01230602e+08
0.0650	0.1150	0.1250	7.37739498e+08
0.0650	0.1150	0.1350	8.62643803e+08
0.0650	0.1150	0.1450	5.31130158e+08
0.0650	0.1250	0.1250	3.99602877e+08
0.0650	0.1250	0.1350	5.08530155e+08
0.0650	0.1250	0.1450	6.08519514e+08
0.0650	0.1350	0.1350	7.57762262e+08
0.0650	0.1350	0.1450	2.97712695e+08
0.0650	0.1450	0.1450	6.52916898e+08
0.0750	0.0750	0.0750	-5.78324392e+08
0.0750	0.0750	0.0850	9.22411293e+08
0.0750	0.0750	0.0950	7.42061226e+08
0.0750	0.0750	0.1050	7.92379660e+08
0.0750	0.0750	0.1150	8.88352415e+08
0.0750	0.0750	0.1250	1.03806499e+09
0.0750	0.0750	0.1350	1.24608677e+09
0.0750	0.0750	0.1450	1.55051679e+09
0.0750	0.0850	0.0850	6.83971548e+08
0.0750	0.0850	0.0950	8.88176989e+08
0.0750	0.0850	0.1050	9.65736154e+08
0.0750	0.0850	0.1150	5.16204934e+08
0.0750	0.0850	0.1250	1.06654255e+09
0.0750	0.0850	0.1350	9.02759626e+08
0.0750	0.0850	0.1450	7.39800386e+08
0.0750	0.0950	0.0950	5.19662278e+08
0.0750	0.0950	0.1050	4.84425047e+08
0.0750	0.0950	0.1150	6.59305811e+08
0.0750	0.0950	0.1250	6.72777437e+08
0.0750	0.0950	0.1350	6.06696232e+08
0.0750	0.0950	0.1450	8.32583209e+08
0.0750	0.1050	0.1050	8.63943345e+08
0.0750	0.1050	0.1150	4.42482586e+08
0.0750	0.1050	0.1250	6.30729843e+08
0.0750	0.1050	0.1350	6.27367311e+08
0.0750	0.1050	0.1450	6.06703118e+08
0.0750	0.1150	0.1150	3.43533356e+08
0.0750	0.1150	0.1250	4.57206660e+08
0.0750	0.1150	0.1350	5.99667234e+08
0.0750	0.1150	0.1450	5.19686964e+08
0.0750	0.1250	0.1250	4.39030858e+08
0.0750	0.1250	0.1350	4.59719998e+08
0.0750	0.1250	0.1450	4.99130621e+08
0.0750	0.1350	0.1350	5.09670950e+08
0.0750	0.1350	0.1450	6.92874438e+08
0.0750	0.1450	0.1450	9.70438451e+07
0.0850	0.0850	0.0850	8.17793920e+08
0.0850	0.0850	0.0950	2.93369531e+08
0.0850	0.0850	0.1050	3.06124432e+08
0.0850	0.0850	0.1150	8.97455132e+08
0.0850	0.0850	0.1250	8.73621288e+08
0.0850	0.0850	0.1350	5.82845787e+08
0.0850	0.0850	0.1450	1.14169925e+09
0.0850	0.0950	0.0950	1.16345597e+09
0.0850	0.0950	0.1050	5.15645563e+08
0.0850	0.0950	0.1150	6.33624322e+08
0.0850	0.0950	0.1250	7.55538969e+08
0.0850	0.0950	0.1350	9.83852796e+08
0.0850	0.0950	0.1450	4.89823240e+08
0.0850	0.1050	0.1050	3.28655596e+07
0.0850	0.1050	0.1150	6.32354171e+08
0.0850	0.1050	0.1250	5.70959594e+08
0.0850	0.1050	0.1350	5.53891992e+08
0.0850	0.1050	0.1450	4.79174742e+08
0.0850	0.1150	0.1150	9.10177059e+08
0.0850	0.1150	0.1250	3.56698489e+08
0.0850	0.1150	0.1350	3.24750778e+08
0.0850	0.1150	0.1450	5.19678959e+08
0.0850	0.1250	0.1250	5.05488440e+08
0.0850	0.1250	0.1350	4.20916267e+08
0.0850	0.1250	0.1450	5.04923005e+08
0.0850	0.1350	0.1350	5.57799634e+08
0.0850	0.1350	0.1450	3.82769110e+08
0.0850	0.1450	0.1450	5.33810359e+08
0.0950	0.0950	0.0950	5.70722415e+08
0.0950	0.0950	0.1050	2.48731781e+08
0.0950	0.0950	0.1150	3.33193390e+08
0.0950	0.0950	0.1250	1.93905949e+08
0.0950	0.0950	0.1350	2.42999867e+08
0.0950	0.0950	0.1450	6.12430873e+08
0.0950	0.1050	0.1050	5.22939026e+08
0.0950	0.1050	0.1150	5.96019194e+08
0.0950	0.1050	0.1250	2.29125540e+08
0.0950	0.1050	0.1350	4.21099175e+08
0.0950	0.1050	0.1450	3.70189606e+08
0.0950	0.1150	0.1150	3.83463847e+08
0.0950	0.1150	0.1250	3.32349103e+08
0.0950	0.1150	0.1350	2.53077566e+08
0.0950	0.1150	0.1450	2.90507156e+08
0.0950	0.1250	0.1250	1.18743861e+08
0.0950	0.1250	0.1350	5.16141389e+08
0.0950	0.1250	0.1450	4.16553436e+08
0.0950	0.1350	0.1350	3.19557669e+08
0.0950	0.1350	0.1450	3.67402072e+08
0.0950	0.1450	0.1450	2.83243612e+08
0.1050	0.1050	0.1050	3.88695211e+08
0.1050	0.1050	0.1150	8.54722534e+08
0.1050	0.1050	0.1250	2.45777096e+08
0.1050	0.1050	0.1350	4.22160245e+08
0.1050	0.1050	0.1450	4.50654207e+08
0.1050	0.1150	0.1150	5.64931254e+08
0.1050	0.1150	0.1250	5.70263088e+08
0.1050	0.1150	0.1350	4.17994836e+08
0.1050	0.1150	0.1450	6.37673539e+08
0.1050	0.1250	0.1250	4.32781423e+08
0.1050	0.1250	0.1350	3.29506372e+08
0.1050	0.1250	0.1450	3.90222227e+08
0.1050	0.1350	0.1350	1.92951353e+08
0.1050	0.1350	0.1450	4.06705660e+08
0.1050	0.1450	0.1450	3.84025105e+08
0.1150	0.1150	0.1150	2.92798512e+08
0.1150	0.1150	0.1250	2.78342750e+08
0.1150	0.1150	0.1350	2.13559662e+08
0.1150	0.1150	0.1450	4.47088325e+08
0.1150	0.1250	0.1250	2.08561718e+08
0.1150	0.1250	0.1350	5.79805777e+08
0.1150	0.1250	0.1450	1.98509786e+08
0.1150	0.1350	0.1350	2.67797154e+08
0.1150	0.1350	0.1450	4.79730575e+08
0.1150	0.1450	0.1450	2.80798126e+08
0.1250	0.1250	0.1250	3.30599427e+08
0.1250	0.1250	0.1350	1.83960312e+08
0.1250	0.1250	0.1450	2.63416705e+08
0.1250	0.1350	0.1350	4.11057209e+08
0.1250	0.1350	0.1450	1.69884742e+08
0.1250	0.1450	0.1450	3.46873783e+08
0.1350	0.1350	0.1350	3.03035772e+08
0.1350	0.1350	0.1450	4.03251853e+08
0.1350	0.1450	0.1450	1.54621928e+08
0.1450	0.1450	0.1450	1.35526154e+08
