####### Bispectrum of Patchy Simulation 693 #############
# Patch: sgc
# z-type: z1
# Weights: fkp
# Fiducial Omega_m: 0.310
# Fiducial h: 0.676
# Boxsize: [1000.0, 1900.0, 1100.0]
# Grid: [95, 180, 105]
# k-binning: [0.000, 0.160, 0.010]
# Monte Carlo Simulations: 100
#
# Format: k1 | k2 | k3 | B(k1,k2,k3)
############################################
0.0150	0.0150	0.0150	-7.19079624e+10
0.0150	0.0150	0.0250	-3.20575643e+09
0.0150	0.0150	0.0350	1.98132131e+10
0.0150	0.0250	0.0250	1.09361528e+10
0.0150	0.0250	0.0350	1.20487553e+10
0.0150	0.0250	0.0450	-3.78587345e+09
0.0150	0.0350	0.0350	1.00477218e+09
0.0150	0.0350	0.0450	3.86097642e+09
0.0150	0.0350	0.0550	5.27244238e+09
0.0150	0.0450	0.0450	-1.08450993e+09
0.0150	0.0450	0.0550	9.56372372e+09
0.0150	0.0450	0.0650	-1.84891992e+09
0.0150	0.0550	0.0550	6.30592280e+09
0.0150	0.0550	0.0650	5.54199940e+09
0.0150	0.0550	0.0750	3.78932454e+09
0.0150	0.0650	0.0650	7.61826379e+09
0.0150	0.0650	0.0750	3.25128702e+09
0.0150	0.0650	0.0850	-2.71122162e+09
0.0150	0.0750	0.0750	3.01074962e+09
0.0150	0.0750	0.0850	6.02330949e+09
0.0150	0.0750	0.0950	2.90519200e+09
0.0150	0.0850	0.0850	2.49997703e+09
0.0150	0.0850	0.0950	3.13062569e+09
0.0150	0.0850	0.1050	6.83976929e+08
0.0150	0.0950	0.0950	3.03463139e+09
0.0150	0.0950	0.1050	2.04910671e+09
0.0150	0.0950	0.1150	1.11937050e+09
0.0150	0.1050	0.1050	2.37086399e+09
0.0150	0.1050	0.1150	2.26526352e+09
0.0150	0.1050	0.1250	1.30995758e+09
0.0150	0.1150	0.1150	5.74268935e+08
0.0150	0.1150	0.1250	2.36977636e+09
0.0150	0.1150	0.1350	1.20002941e+09
0.0150	0.1250	0.1250	8.47113987e+08
0.0150	0.1250	0.1350	1.38045252e+09
0.0150	0.1250	0.1450	2.16705673e+08
0.0150	0.1350	0.1350	2.11948114e+09
0.0150	0.1350	0.1450	1.63618193e+09
0.0150	0.1450	0.1450	1.39551271e+09
0.0250	0.0250	0.0250	1.58831219e+10
0.0250	0.0250	0.0350	4.88618283e+09
0.0250	0.0250	0.0450	7.40630781e+09
0.0250	0.0250	0.0550	-8.06789345e+09
0.0250	0.0350	0.0350	1.02521446e+10
0.0250	0.0350	0.0450	4.11258664e+09
0.0250	0.0350	0.0550	9.16050242e+09
0.0250	0.0350	0.0650	1.78823575e+09
0.0250	0.0450	0.0450	-1.08154248e+10
0.0250	0.0450	0.0550	1.83929279e+09
0.0250	0.0450	0.0650	2.44327473e+09
0.0250	0.0450	0.0750	8.77549986e+09
0.0250	0.0550	0.0550	6.64626446e+09
0.0250	0.0550	0.0650	1.34450547e+09
0.0250	0.0550	0.0750	5.80156236e+09
0.0250	0.0550	0.0850	3.80401130e+09
0.0250	0.0650	0.0650	2.47632667e+09
0.0250	0.0650	0.0750	3.67145445e+09
0.0250	0.0650	0.0850	2.05527935e+09
0.0250	0.0650	0.0950	9.10934410e+09
0.0250	0.0750	0.0750	1.18006645e+09
0.0250	0.0750	0.0850	3.42343119e+09
0.0250	0.0750	0.0950	1.30139152e+09
0.0250	0.0750	0.1050	5.61295026e+09
0.0250	0.0850	0.0850	1.45941436e+09
0.0250	0.0850	0.0950	2.05672454e+09
0.0250	0.0850	0.1050	3.45502485e+09
0.0250	0.0850	0.1150	3.50419891e+09
0.0250	0.0950	0.0950	1.62887969e+09
0.0250	0.0950	0.1050	1.32561929e+09
0.0250	0.0950	0.1150	1.70441480e+09
0.0250	0.0950	0.1250	4.76634768e+09
0.0250	0.1050	0.1050	1.26664687e+09
0.0250	0.1050	0.1150	1.52440321e+09
0.0250	0.1050	0.1250	1.28319892e+09
0.0250	0.1050	0.1350	3.18028994e+09
0.0250	0.1150	0.1150	1.76373585e+09
0.0250	0.1150	0.1250	1.63465101e+09
0.0250	0.1150	0.1350	1.93273647e+09
0.0250	0.1150	0.1450	1.78663406e+09
0.0250	0.1250	0.1250	2.90705454e+08
0.0250	0.1250	0.1350	1.18903452e+09
0.0250	0.1250	0.1450	1.91081535e+09
0.0250	0.1350	0.1350	9.17550805e+08
0.0250	0.1350	0.1450	8.61940261e+08
0.0250	0.1450	0.1450	8.50346372e+08
0.0350	0.0350	0.0350	6.97911191e+09
0.0350	0.0350	0.0450	-2.70700500e+09
0.0350	0.0350	0.0550	5.66195228e+09
0.0350	0.0350	0.0650	5.69257539e+09
0.0350	0.0350	0.0750	-4.43536359e+09
0.0350	0.0450	0.0450	5.50102817e+09
0.0350	0.0450	0.0550	6.08318191e+08
0.0350	0.0450	0.0650	5.06961176e+09
0.0350	0.0450	0.0750	2.28980157e+09
0.0350	0.0450	0.0850	-2.42305514e+08
0.0350	0.0550	0.0550	4.08704014e+08
0.0350	0.0550	0.0650	2.17804252e+09
0.0350	0.0550	0.0750	2.94291849e+09
0.0350	0.0550	0.0850	1.64956179e+09
0.0350	0.0550	0.0950	5.58162519e+09
0.0350	0.0650	0.0650	5.96162240e+08
0.0350	0.0650	0.0750	1.91234232e+09
0.0350	0.0650	0.0850	2.48763639e+09
0.0350	0.0650	0.0950	4.05278885e+08
0.0350	0.0650	0.1050	3.30718583e+09
0.0350	0.0750	0.0750	2.62192818e+09
0.0350	0.0750	0.0850	2.04306450e+09
0.0350	0.0750	0.0950	2.57890439e+09
0.0350	0.0750	0.1050	2.17405448e+09
0.0350	0.0750	0.1150	4.29572360e+09
0.0350	0.0850	0.0850	5.32979317e+08
0.0350	0.0850	0.0950	1.38478909e+09
0.0350	0.0850	0.1050	1.62063613e+09
0.0350	0.0850	0.1150	1.86859746e+09
0.0350	0.0850	0.1250	8.72573549e+08
0.0350	0.0950	0.0950	8.18576729e+08
0.0350	0.0950	0.1050	8.58743046e+08
0.0350	0.0950	0.1150	1.16600500e+09
0.0350	0.0950	0.1250	1.93642162e+09
0.0350	0.0950	0.1350	3.15050247e+09
0.0350	0.1050	0.1050	6.59307215e+08
0.0350	0.1050	0.1150	1.05685893e+09
0.0350	0.1050	0.1250	1.28572989e+09
0.0350	0.1050	0.1350	1.36890244e+09
0.0350	0.1050	0.1450	2.46974247e+08
0.0350	0.1150	0.1150	1.17045850e+09
0.0350	0.1150	0.1250	7.97248705e+08
0.0350	0.1150	0.1350	1.03064095e+09
0.0350	0.1150	0.1450	1.38668621e+09
0.0350	0.1250	0.1250	1.52333021e+09
0.0350	0.1250	0.1350	8.58221407e+08
0.0350	0.1250	0.1450	1.43730028e+09
0.0350	0.1350	0.1350	8.80744073e+08
0.0350	0.1350	0.1450	8.30455566e+08
0.0350	0.1450	0.1450	1.05073864e+09
0.0450	0.0450	0.0450	6.47974261e+09
0.0450	0.0450	0.0550	4.13264165e+09
0.0450	0.0450	0.0650	3.01130644e+08
0.0450	0.0450	0.0750	1.78185261e+09
0.0450	0.0450	0.0850	3.32706226e+09
0.0450	0.0450	0.0950	4.61509999e+08
0.0450	0.0550	0.0550	1.10927843e+09
0.0450	0.0550	0.0650	2.22252032e+09
0.0450	0.0550	0.0750	2.77438850e+09
0.0450	0.0550	0.0850	1.04055086e+09
0.0450	0.0550	0.0950	2.49556645e+09
0.0450	0.0550	0.1050	1.33377713e+09
0.0450	0.0650	0.0650	-4.42823841e+08
0.0450	0.0650	0.0750	2.90770759e+09
0.0450	0.0650	0.0850	1.66740820e+09
0.0450	0.0650	0.0950	2.29862527e+09
0.0450	0.0650	0.1050	2.07828875e+09
0.0450	0.0650	0.1150	3.33607464e+09
0.0450	0.0750	0.0750	9.40351359e+08
0.0450	0.0750	0.0850	8.36430797e+08
0.0450	0.0750	0.0950	1.50973765e+09
0.0450	0.0750	0.1050	1.95774566e+09
0.0450	0.0750	0.1150	1.81223190e+09
0.0450	0.0750	0.1250	1.56961080e+09
0.0450	0.0850	0.0850	7.60065927e+08
0.0450	0.0850	0.0950	6.45668546e+08
0.0450	0.0850	0.1050	1.13316196e+09
0.0450	0.0850	0.1150	7.64193506e+08
0.0450	0.0850	0.1250	1.81136084e+09
0.0450	0.0850	0.1350	5.06467871e+08
0.0450	0.0950	0.0950	7.60550329e+08
0.0450	0.0950	0.1050	7.70772107e+08
0.0450	0.0950	0.1150	1.69113295e+09
0.0450	0.0950	0.1250	3.76330989e+08
0.0450	0.0950	0.1350	1.05969134e+09
0.0450	0.0950	0.1450	1.06033035e+09
0.0450	0.1050	0.1050	9.06676361e+08
0.0450	0.1050	0.1150	7.72211112e+08
0.0450	0.1050	0.1250	9.63789575e+08
0.0450	0.1050	0.1350	1.23521010e+09
0.0450	0.1050	0.1450	1.38255896e+09
0.0450	0.1150	0.1150	7.71613232e+08
0.0450	0.1150	0.1250	4.98272759e+08
0.0450	0.1150	0.1350	5.25425918e+08
0.0450	0.1150	0.1450	5.92034742e+08
0.0450	0.1250	0.1250	5.51889171e+08
0.0450	0.1250	0.1350	8.84978702e+08
0.0450	0.1250	0.1450	1.10903302e+09
0.0450	0.1350	0.1350	5.87517425e+08
0.0450	0.1350	0.1450	4.44815302e+08
0.0450	0.1450	0.1450	3.67664378e+08
0.0550	0.0550	0.0550	6.11265150e+09
0.0550	0.0550	0.0650	2.72193688e+09
0.0550	0.0550	0.0750	1.16251822e+09
0.0550	0.0550	0.0850	1.79837899e+09
0.0550	0.0550	0.0950	1.03360287e+09
0.0550	0.0550	0.1050	2.94261463e+09
0.0550	0.0550	0.1150	3.50029865e+09
0.0550	0.0650	0.0650	2.13590439e+09
0.0550	0.0650	0.0750	1.45925511e+09
0.0550	0.0650	0.0850	1.26714624e+09
0.0550	0.0650	0.0950	1.64205453e+09
0.0550	0.0650	0.1050	1.57661282e+09
0.0550	0.0650	0.1150	2.47340034e+09
0.0550	0.0650	0.1250	1.50313889e+09
0.0550	0.0750	0.0750	2.72776622e+09
0.0550	0.0750	0.0850	2.57092666e+09
0.0550	0.0750	0.0950	1.15613212e+09
0.0550	0.0750	0.1050	1.20758331e+09
0.0550	0.0750	0.1150	1.24152550e+09
0.0550	0.0750	0.1250	2.25695022e+09
0.0550	0.0750	0.1350	1.29028409e+09
0.0550	0.0850	0.0850	1.06724233e+09
0.0550	0.0850	0.0950	9.38201800e+08
0.0550	0.0850	0.1050	1.12933270e+09
0.0550	0.0850	0.1150	7.82323987e+08
0.0550	0.0850	0.1250	1.43696683e+09
0.0550	0.0850	0.1350	1.58252935e+09
0.0550	0.0850	0.1450	2.24982181e+09
0.0550	0.0950	0.0950	1.22323033e+09
0.0550	0.0950	0.1050	7.65234585e+08
0.0550	0.0950	0.1150	1.10347325e+09
0.0550	0.0950	0.1250	1.08087520e+09
0.0550	0.0950	0.1350	1.55157232e+09
0.0550	0.0950	0.1450	1.29001267e+09
0.0550	0.1050	0.1050	8.70134270e+08
0.0550	0.1050	0.1150	4.62559839e+08
0.0550	0.1050	0.1250	7.48950817e+08
0.0550	0.1050	0.1350	7.80999177e+08
0.0550	0.1050	0.1450	9.79329016e+08
0.0550	0.1150	0.1150	9.02772623e+08
0.0550	0.1150	0.1250	9.34256914e+08
0.0550	0.1150	0.1350	9.70553508e+08
0.0550	0.1150	0.1450	8.43329504e+08
0.0550	0.1250	0.1250	1.00048394e+09
0.0550	0.1250	0.1350	6.76720989e+08
0.0550	0.1250	0.1450	5.56536615e+08
0.0550	0.1350	0.1350	4.27859153e+08
0.0550	0.1350	0.1450	4.54441953e+08
0.0550	0.1450	0.1450	8.99278160e+08
0.0650	0.0650	0.0650	3.02400919e+09
0.0650	0.0650	0.0750	1.11111885e+09
0.0650	0.0650	0.0850	1.33717469e+09
0.0650	0.0650	0.0950	8.69365023e+08
0.0650	0.0650	0.1050	1.50745033e+09
0.0650	0.0650	0.1150	1.07806931e+09
0.0650	0.0650	0.1250	1.84209514e+09
0.0650	0.0650	0.1350	2.00391668e+09
0.0650	0.0750	0.0750	1.27470227e+09
0.0650	0.0750	0.0850	1.06082623e+09
0.0650	0.0750	0.0950	1.22251295e+09
0.0650	0.0750	0.1050	6.73800694e+08
0.0650	0.0750	0.1150	1.66285804e+09
0.0650	0.0750	0.1250	1.09725953e+09
0.0650	0.0750	0.1350	1.70430321e+09
0.0650	0.0750	0.1450	2.09379935e+09
0.0650	0.0850	0.0850	8.19407332e+08
0.0650	0.0850	0.0950	5.49571605e+08
0.0650	0.0850	0.1050	4.59036886e+08
0.0650	0.0850	0.1150	1.02627098e+09
0.0650	0.0850	0.1250	6.34164997e+08
0.0650	0.0850	0.1350	1.22851808e+09
0.0650	0.0850	0.1450	1.08804138e+09
0.0650	0.0950	0.0950	1.13269168e+09
0.0650	0.0950	0.1050	5.00789625e+08
0.0650	0.0950	0.1150	6.71185838e+08
0.0650	0.0950	0.1250	1.01374696e+09
0.0650	0.0950	0.1350	9.87418488e+08
0.0650	0.0950	0.1450	1.23613155e+09
0.0650	0.1050	0.1050	6.71369184e+08
0.0650	0.1050	0.1150	8.62114540e+08
0.0650	0.1050	0.1250	6.99063073e+08
0.0650	0.1050	0.1350	6.45575013e+08
0.0650	0.1050	0.1450	9.52436019e+08
0.0650	0.1150	0.1150	6.10339322e+08
0.0650	0.1150	0.1250	3.55569723e+08
0.0650	0.1150	0.1350	5.62994314e+08
0.0650	0.1150	0.1450	8.72222487e+08
0.0650	0.1250	0.1250	7.59535064e+08
0.0650	0.1250	0.1350	7.29451875e+08
0.0650	0.1250	0.1450	6.29104362e+08
0.0650	0.1350	0.1350	2.70881758e+08
0.0650	0.1350	0.1450	4.43639503e+08
0.0650	0.1450	0.1450	2.31929686e+08
0.0750	0.0750	0.0750	-5.19283543e+08
0.0750	0.0750	0.0850	6.91570521e+08
0.0750	0.0750	0.0950	1.08728290e+09
0.0750	0.0750	0.1050	1.16948176e+09
0.0750	0.0750	0.1150	7.44529631e+08
0.0750	0.0750	0.1250	1.95236342e+09
0.0750	0.0750	0.1350	1.14935092e+09
0.0750	0.0750	0.1450	1.90904857e+09
0.0750	0.0850	0.0850	2.21985788e+09
0.0750	0.0850	0.0950	4.59632518e+08
0.0750	0.0850	0.1050	1.16578622e+09
0.0750	0.0850	0.1150	7.08874512e+08
0.0750	0.0850	0.1250	8.95222861e+08
0.0750	0.0850	0.1350	1.20028252e+09
0.0750	0.0850	0.1450	7.45863401e+08
0.0750	0.0950	0.0950	1.85132440e+08
0.0750	0.0950	0.1050	7.54849468e+08
0.0750	0.0950	0.1150	6.85510521e+08
0.0750	0.0950	0.1250	6.62632530e+08
0.0750	0.0950	0.1350	8.96629363e+08
0.0750	0.0950	0.1450	9.55440562e+08
0.0750	0.1050	0.1050	1.80608178e+08
0.0750	0.1050	0.1150	6.84049828e+08
0.0750	0.1050	0.1250	4.29456273e+08
0.0750	0.1050	0.1350	5.70047416e+08
0.0750	0.1050	0.1450	7.25394333e+08
0.0750	0.1150	0.1150	2.46086894e+08
0.0750	0.1150	0.1250	6.84149324e+08
0.0750	0.1150	0.1350	8.85206499e+08
0.0750	0.1150	0.1450	5.81484382e+08
0.0750	0.1250	0.1250	4.08684771e+08
0.0750	0.1250	0.1350	5.56799556e+08
0.0750	0.1250	0.1450	6.81965266e+08
0.0750	0.1350	0.1350	4.93941446e+08
0.0750	0.1350	0.1450	6.14966565e+08
0.0750	0.1450	0.1450	5.42784287e+08
0.0850	0.0850	0.0850	8.29698570e+07
0.0850	0.0850	0.0950	2.56894147e+08
0.0850	0.0850	0.1050	1.04393680e+09
0.0850	0.0850	0.1150	4.15228590e+08
0.0850	0.0850	0.1250	6.48849732e+08
0.0850	0.0850	0.1350	3.79053208e+08
0.0850	0.0850	0.1450	7.10408062e+08
0.0850	0.0950	0.0950	7.13780925e+08
0.0850	0.0950	0.1050	6.20531268e+08
0.0850	0.0950	0.1150	6.25302549e+08
0.0850	0.0950	0.1250	5.48691924e+08
0.0850	0.0950	0.1350	4.61836445e+08
0.0850	0.0950	0.1450	5.82083565e+08
0.0850	0.1050	0.1050	2.50087017e+08
0.0850	0.1050	0.1150	3.28044147e+08
0.0850	0.1050	0.1250	5.39561323e+08
0.0850	0.1050	0.1350	5.14022116e+08
0.0850	0.1050	0.1450	7.41901246e+08
0.0850	0.1150	0.1150	6.32357009e+08
0.0850	0.1150	0.1250	2.64886935e+08
0.0850	0.1150	0.1350	4.67983887e+08
0.0850	0.1150	0.1450	4.31066177e+08
0.0850	0.1250	0.1250	2.64556872e+08
0.0850	0.1250	0.1350	5.29458765e+08
0.0850	0.1250	0.1450	4.14592271e+08
0.0850	0.1350	0.1350	3.73852284e+08
0.0850	0.1350	0.1450	4.73868325e+08
0.0850	0.1450	0.1450	3.54466389e+08
0.0950	0.0950	0.0950	1.97629106e+08
0.0950	0.0950	0.1050	2.69681153e+08
0.0950	0.0950	0.1150	5.45778370e+08
0.0950	0.0950	0.1250	3.19353580e+08
0.0950	0.0950	0.1350	3.62262625e+08
0.0950	0.0950	0.1450	3.80268488e+08
0.0950	0.1050	0.1050	4.11412175e+08
0.0950	0.1050	0.1150	1.62357314e+08
0.0950	0.1050	0.1250	6.22949307e+08
0.0950	0.1050	0.1350	4.43890209e+08
0.0950	0.1050	0.1450	5.51254864e+08
0.0950	0.1150	0.1150	3.28965697e+08
0.0950	0.1150	0.1250	3.92889286e+08
0.0950	0.1150	0.1350	4.41962370e+08
0.0950	0.1150	0.1450	4.18302134e+08
0.0950	0.1250	0.1250	6.82790300e+08
0.0950	0.1250	0.1350	4.88011983e+08
0.0950	0.1250	0.1450	4.23535445e+08
0.0950	0.1350	0.1350	5.00876012e+08
0.0950	0.1350	0.1450	2.40014730e+08
0.0950	0.1450	0.1450	4.62643024e+08
0.1050	0.1050	0.1050	6.26387376e+08
0.1050	0.1050	0.1150	4.93115318e+08
0.1050	0.1050	0.1250	5.22182307e+08
0.1050	0.1050	0.1350	4.98771787e+08
0.1050	0.1050	0.1450	2.34247775e+08
0.1050	0.1150	0.1150	2.05852993e+08
0.1050	0.1150	0.1250	3.58844973e+08
0.1050	0.1150	0.1350	2.84995548e+08
0.1050	0.1150	0.1450	3.45396469e+08
0.1050	0.1250	0.1250	3.18374471e+08
0.1050	0.1250	0.1350	5.04856940e+08
0.1050	0.1250	0.1450	2.67617152e+08
0.1050	0.1350	0.1350	3.65288032e+08
0.1050	0.1350	0.1450	3.84611821e+08
0.1050	0.1450	0.1450	4.52462125e+08
0.1150	0.1150	0.1150	8.68623306e+08
0.1150	0.1150	0.1250	1.29031466e+08
0.1150	0.1150	0.1350	3.20068023e+08
0.1150	0.1150	0.1450	2.47270587e+08
0.1150	0.1250	0.1250	5.86187379e+08
0.1150	0.1250	0.1350	3.23242740e+08
0.1150	0.1250	0.1450	3.10198765e+08
0.1150	0.1350	0.1350	4.61843470e+08
0.1150	0.1350	0.1450	1.59887595e+08
0.1150	0.1450	0.1450	2.80294313e+08
0.1250	0.1250	0.1250	4.00510494e+08
0.1250	0.1250	0.1350	3.91476398e+08
0.1250	0.1250	0.1450	3.18267106e+08
0.1250	0.1350	0.1350	2.67529482e+08
0.1250	0.1350	0.1450	3.10455422e+08
0.1250	0.1450	0.1450	3.39000344e+08
0.1350	0.1350	0.1350	4.34867829e+08
0.1350	0.1350	0.1450	3.17055927e+08
0.1350	0.1450	0.1450	9.99560590e+07
0.1450	0.1450	0.1450	7.16974243e+06
