####### Bispectrum of Patchy Simulation 876 #############
# Patch: sgc
# z-type: z3
# Weights: fkp
# Fiducial Omega_m: 0.310
# Fiducial h: 0.676
# Boxsize: [1000.0, 2600.0, 1500.0]
# Grid: [95, 250, 140]
# k-binning: [0.000, 0.160, 0.010]
# Monte Carlo Simulations: 100
#
# Format: k1 | k2 | k3 | B(k1,k2,k3)
############################################
0.0150	0.0150	0.0150	1.74895375e+10
0.0150	0.0150	0.0250	7.15390714e+09
0.0150	0.0150	0.0350	-3.75388496e+10
0.0150	0.0250	0.0250	1.31761253e+10
0.0150	0.0250	0.0350	-3.29915960e+09
0.0150	0.0250	0.0450	1.20533976e+10
0.0150	0.0350	0.0350	-2.70362670e+08
0.0150	0.0350	0.0450	3.85313412e+09
0.0150	0.0350	0.0550	1.95539042e+10
0.0150	0.0450	0.0450	3.62665176e+09
0.0150	0.0450	0.0550	4.78157655e+08
0.0150	0.0450	0.0650	8.90280142e+09
0.0150	0.0550	0.0550	8.79518036e+08
0.0150	0.0550	0.0650	2.91511981e+09
0.0150	0.0550	0.0750	2.24520796e+09
0.0150	0.0650	0.0650	9.00770180e+08
0.0150	0.0650	0.0750	-1.04424715e+08
0.0150	0.0650	0.0850	1.07150054e+10
0.0150	0.0750	0.0750	4.49559024e+09
0.0150	0.0750	0.0850	5.86711138e+08
0.0150	0.0750	0.0950	4.12250595e+09
0.0150	0.0850	0.0850	3.32112304e+09
0.0150	0.0850	0.0950	1.57928091e+08
0.0150	0.0850	0.1050	5.44792888e+09
0.0150	0.0950	0.0950	2.50004193e+09
0.0150	0.0950	0.1050	8.80602251e+08
0.0150	0.0950	0.1150	6.42245183e+09
0.0150	0.1050	0.1050	-2.62431306e+08
0.0150	0.1050	0.1150	1.79272089e+09
0.0150	0.1050	0.1250	1.05557816e+09
0.0150	0.1150	0.1150	2.01218209e+09
0.0150	0.1150	0.1250	2.94821212e+08
0.0150	0.1150	0.1350	2.79309769e+09
0.0150	0.1250	0.1250	1.57735434e+08
0.0150	0.1250	0.1350	1.36087793e+09
0.0150	0.1250	0.1450	2.21723190e+09
0.0150	0.1350	0.1350	8.12176169e+08
0.0150	0.1350	0.1450	6.67040654e+08
0.0150	0.1450	0.1450	1.14089737e+08
0.0250	0.0250	0.0250	-1.67270957e+09
0.0250	0.0250	0.0350	6.31987230e+09
0.0250	0.0250	0.0450	6.89074051e+09
0.0250	0.0250	0.0550	-5.22611568e+09
0.0250	0.0350	0.0350	1.43509298e+10
0.0250	0.0350	0.0450	7.47171461e+09
0.0250	0.0350	0.0550	4.95183437e+09
0.0250	0.0350	0.0650	6.21872495e+09
0.0250	0.0450	0.0450	1.27893867e+10
0.0250	0.0450	0.0550	4.56302032e+09
0.0250	0.0450	0.0650	4.41387303e+09
0.0250	0.0450	0.0750	3.98764536e+09
0.0250	0.0550	0.0550	1.52305217e+09
0.0250	0.0550	0.0650	4.33812359e+09
0.0250	0.0550	0.0750	6.28285902e+09
0.0250	0.0550	0.0850	3.46931082e+09
0.0250	0.0650	0.0650	3.58455587e+09
0.0250	0.0650	0.0750	5.04371826e+09
0.0250	0.0650	0.0850	4.07715939e+09
0.0250	0.0650	0.0950	3.39461257e+09
0.0250	0.0750	0.0750	4.10984046e+09
0.0250	0.0750	0.0850	3.01242803e+09
0.0250	0.0750	0.0950	4.48777271e+09
0.0250	0.0750	0.1050	1.86178203e+09
0.0250	0.0850	0.0850	4.55968652e+09
0.0250	0.0850	0.0950	2.67167544e+09
0.0250	0.0850	0.1050	3.56873629e+09
0.0250	0.0850	0.1150	3.09264888e+09
0.0250	0.0950	0.0950	1.61225589e+09
0.0250	0.0950	0.1050	1.85873465e+09
0.0250	0.0950	0.1150	2.82575157e+09
0.0250	0.0950	0.1250	3.44885015e+09
0.0250	0.1050	0.1050	3.23959549e+09
0.0250	0.1050	0.1150	1.14107537e+09
0.0250	0.1050	0.1250	1.77063922e+09
0.0250	0.1050	0.1350	2.12024041e+08
0.0250	0.1150	0.1150	1.49880904e+09
0.0250	0.1150	0.1250	2.09505541e+09
0.0250	0.1150	0.1350	1.93874885e+09
0.0250	0.1150	0.1450	1.40876211e+09
0.0250	0.1250	0.1250	2.68570989e+09
0.0250	0.1250	0.1350	7.47427084e+08
0.0250	0.1250	0.1450	1.83701756e+09
0.0250	0.1350	0.1350	1.83806522e+09
0.0250	0.1350	0.1450	1.53600171e+09
0.0250	0.1450	0.1450	1.73257569e+09
0.0350	0.0350	0.0350	1.45880152e+10
0.0350	0.0350	0.0450	3.36271931e+09
0.0350	0.0350	0.0550	5.10042169e+09
0.0350	0.0350	0.0650	1.17893546e+10
0.0350	0.0350	0.0750	7.77713393e+09
0.0350	0.0450	0.0450	2.20244828e+09
0.0350	0.0450	0.0550	4.62940366e+09
0.0350	0.0450	0.0650	5.86327873e+09
0.0350	0.0450	0.0750	4.17813120e+09
0.0350	0.0450	0.0850	5.22950994e+09
0.0350	0.0550	0.0550	-1.28873812e+09
0.0350	0.0550	0.0650	4.01870807e+09
0.0350	0.0550	0.0750	3.14332690e+09
0.0350	0.0550	0.0850	4.08616151e+09
0.0350	0.0550	0.0950	5.37996053e+08
0.0350	0.0650	0.0650	-5.05390212e+08
0.0350	0.0650	0.0750	4.50513191e+09
0.0350	0.0650	0.0850	2.81631979e+09
0.0350	0.0650	0.0950	4.43424453e+09
0.0350	0.0650	0.1050	3.18661042e+09
0.0350	0.0750	0.0750	-7.25826872e+08
0.0350	0.0750	0.0850	2.58914825e+09
0.0350	0.0750	0.0950	2.10652078e+09
0.0350	0.0750	0.1050	2.64574753e+09
0.0350	0.0750	0.1150	5.11522182e+09
0.0350	0.0850	0.0850	1.11098488e+09
0.0350	0.0850	0.0950	2.07237282e+09
0.0350	0.0850	0.1050	2.44946993e+09
0.0350	0.0850	0.1150	1.69017674e+09
0.0350	0.0850	0.1250	1.16746711e+09
0.0350	0.0950	0.0950	2.37319374e+09
0.0350	0.0950	0.1050	1.69037490e+09
0.0350	0.0950	0.1150	2.06968404e+09
0.0350	0.0950	0.1250	2.23548430e+09
0.0350	0.0950	0.1350	3.01858064e+09
0.0350	0.1050	0.1050	1.41919890e+09
0.0350	0.1050	0.1150	1.02870298e+09
0.0350	0.1050	0.1250	1.99912135e+09
0.0350	0.1050	0.1350	1.95426550e+09
0.0350	0.1050	0.1450	2.64598708e+09
0.0350	0.1150	0.1150	1.75792042e+09
0.0350	0.1150	0.1250	8.81563158e+08
0.0350	0.1150	0.1350	1.16272452e+09
0.0350	0.1150	0.1450	1.75524752e+09
0.0350	0.1250	0.1250	-7.99855569e+07
0.0350	0.1250	0.1350	1.17857285e+09
0.0350	0.1250	0.1450	9.45927089e+08
0.0350	0.1350	0.1350	8.77985263e+08
0.0350	0.1350	0.1450	8.78470546e+08
0.0350	0.1450	0.1450	8.97477237e+08
0.0450	0.0450	0.0450	6.11295045e+09
0.0450	0.0450	0.0550	3.20630193e+09
0.0450	0.0450	0.0650	1.66597772e+09
0.0450	0.0450	0.0750	4.42657463e+09
0.0450	0.0450	0.0850	2.56483698e+09
0.0450	0.0450	0.0950	7.69866442e+07
0.0450	0.0550	0.0550	-2.17824487e+08
0.0450	0.0550	0.0650	1.18642794e+09
0.0450	0.0550	0.0750	1.98676102e+09
0.0450	0.0550	0.0850	1.84534350e+09
0.0450	0.0550	0.0950	2.88139615e+09
0.0450	0.0550	0.1050	1.23783337e+09
0.0450	0.0650	0.0650	2.10579102e+09
0.0450	0.0650	0.0750	1.29363660e+09
0.0450	0.0650	0.0850	2.22759478e+09
0.0450	0.0650	0.0950	1.71548401e+09
0.0450	0.0650	0.1050	1.76023994e+09
0.0450	0.0650	0.1150	2.96214438e+09
0.0450	0.0750	0.0750	1.94556291e+09
0.0450	0.0750	0.0850	1.84038439e+09
0.0450	0.0750	0.0950	1.68341477e+09
0.0450	0.0750	0.1050	2.13847968e+09
0.0450	0.0750	0.1150	2.00538323e+09
0.0450	0.0750	0.1250	6.34839233e+08
0.0450	0.0850	0.0850	1.81161675e+09
0.0450	0.0850	0.0950	1.18932420e+09
0.0450	0.0850	0.1050	1.42459404e+09
0.0450	0.0850	0.1150	2.28153738e+09
0.0450	0.0850	0.1250	2.26146468e+09
0.0450	0.0850	0.1350	1.57578293e+09
0.0450	0.0950	0.0950	1.19406543e+09
0.0450	0.0950	0.1050	1.48388158e+09
0.0450	0.0950	0.1150	1.22496912e+09
0.0450	0.0950	0.1250	1.41522506e+09
0.0450	0.0950	0.1350	1.09934396e+09
0.0450	0.0950	0.1450	1.81697100e+09
0.0450	0.1050	0.1050	4.90986485e+08
0.0450	0.1050	0.1150	1.11987295e+09
0.0450	0.1050	0.1250	8.87718770e+08
0.0450	0.1050	0.1350	1.44783822e+09
0.0450	0.1050	0.1450	1.30952422e+09
0.0450	0.1150	0.1150	1.00837026e+09
0.0450	0.1150	0.1250	1.40099002e+09
0.0450	0.1150	0.1350	1.06388903e+09
0.0450	0.1150	0.1450	9.64516589e+08
0.0450	0.1250	0.1250	5.33728568e+08
0.0450	0.1250	0.1350	8.68717889e+08
0.0450	0.1250	0.1450	7.27090980e+08
0.0450	0.1350	0.1350	1.00065302e+09
0.0450	0.1350	0.1450	6.78030113e+08
0.0450	0.1450	0.1450	9.46903046e+08
0.0550	0.0550	0.0550	2.73640561e+08
0.0550	0.0550	0.0650	2.14096735e+09
0.0550	0.0550	0.0750	2.16167336e+09
0.0550	0.0550	0.0850	1.06969615e+09
0.0550	0.0550	0.0950	1.78837145e+09
0.0550	0.0550	0.1050	1.03621600e+09
0.0550	0.0550	0.1150	4.12182696e+09
0.0550	0.0650	0.0650	-3.82015053e+07
0.0550	0.0650	0.0750	1.29320577e+09
0.0550	0.0650	0.0850	2.87873878e+09
0.0550	0.0650	0.0950	1.70754972e+09
0.0550	0.0650	0.1050	2.14488653e+09
0.0550	0.0650	0.1150	2.37125267e+09
0.0550	0.0650	0.1250	3.25250951e+09
0.0550	0.0750	0.0750	2.68452563e+09
0.0550	0.0750	0.0850	7.67512574e+08
0.0550	0.0750	0.0950	1.48154054e+09
0.0550	0.0750	0.1050	1.19808619e+09
0.0550	0.0750	0.1150	1.62874860e+09
0.0550	0.0750	0.1250	1.59119308e+09
0.0550	0.0750	0.1350	1.97699269e+09
0.0550	0.0850	0.0850	6.21058589e+08
0.0550	0.0850	0.0950	1.61164241e+09
0.0550	0.0850	0.1050	1.47917498e+09
0.0550	0.0850	0.1150	1.02532281e+09
0.0550	0.0850	0.1250	1.59776648e+09
0.0550	0.0850	0.1350	1.35786032e+09
0.0550	0.0850	0.1450	1.60124569e+09
0.0550	0.0950	0.0950	2.12591239e+09
0.0550	0.0950	0.1050	6.49484845e+08
0.0550	0.0950	0.1150	1.01835661e+09
0.0550	0.0950	0.1250	1.30865186e+09
0.0550	0.0950	0.1350	1.40470946e+09
0.0550	0.0950	0.1450	1.16051239e+09
0.0550	0.1050	0.1050	1.53590719e+09
0.0550	0.1050	0.1150	1.14754606e+09
0.0550	0.1050	0.1250	8.85230765e+08
0.0550	0.1050	0.1350	5.63410465e+08
0.0550	0.1050	0.1450	9.29734327e+08
0.0550	0.1150	0.1150	9.39925148e+08
0.0550	0.1150	0.1250	9.21152318e+08
0.0550	0.1150	0.1350	6.01859637e+08
0.0550	0.1150	0.1450	9.77801371e+08
0.0550	0.1250	0.1250	8.26690652e+08
0.0550	0.1250	0.1350	7.39161787e+08
0.0550	0.1250	0.1450	7.12591833e+08
0.0550	0.1350	0.1350	6.85983005e+08
0.0550	0.1350	0.1450	6.61218290e+08
0.0550	0.1450	0.1450	3.94194909e+08
0.0650	0.0650	0.0650	3.20072689e+09
0.0650	0.0650	0.0750	2.07260494e+09
0.0650	0.0650	0.0850	1.95815176e+09
0.0650	0.0650	0.0950	2.31711945e+09
0.0650	0.0650	0.1050	1.80611397e+09
0.0650	0.0650	0.1150	1.26928259e+09
0.0650	0.0650	0.1250	1.73707181e+09
0.0650	0.0650	0.1350	3.72462108e+09
0.0650	0.0750	0.0750	1.17139968e+09
0.0650	0.0750	0.0850	1.56571539e+09
0.0650	0.0750	0.0950	1.51825404e+09
0.0650	0.0750	0.1050	9.19984196e+08
0.0650	0.0750	0.1150	1.35921284e+09
0.0650	0.0750	0.1250	1.02041822e+09
0.0650	0.0750	0.1350	1.95134676e+09
0.0650	0.0750	0.1450	1.35948991e+09
0.0650	0.0850	0.0850	9.73486422e+08
0.0650	0.0850	0.0950	8.44402313e+08
0.0650	0.0850	0.1050	7.79889208e+08
0.0650	0.0850	0.1150	1.44061344e+09
0.0650	0.0850	0.1250	9.93646966e+08
0.0650	0.0850	0.1350	1.51898273e+09
0.0650	0.0850	0.1450	1.15638483e+09
0.0650	0.0950	0.0950	1.34531711e+09
0.0650	0.0950	0.1050	6.63041164e+08
0.0650	0.0950	0.1150	1.38235922e+09
0.0650	0.0950	0.1250	1.08322653e+09
0.0650	0.0950	0.1350	1.01609401e+09
0.0650	0.0950	0.1450	1.35492735e+09
0.0650	0.1050	0.1050	4.49871845e+08
0.0650	0.1050	0.1150	4.66418550e+08
0.0650	0.1050	0.1250	8.37047153e+08
0.0650	0.1050	0.1350	9.42285259e+08
0.0650	0.1050	0.1450	6.84129804e+08
0.0650	0.1150	0.1150	1.12340667e+09
0.0650	0.1150	0.1250	6.28000375e+08
0.0650	0.1150	0.1350	9.01020715e+08
0.0650	0.1150	0.1450	9.35492293e+08
0.0650	0.1250	0.1250	3.67322245e+08
0.0650	0.1250	0.1350	7.61108063e+08
0.0650	0.1250	0.1450	8.75797877e+08
0.0650	0.1350	0.1350	9.80256623e+08
0.0650	0.1350	0.1450	5.11437413e+08
0.0650	0.1450	0.1450	6.26281455e+08
0.0750	0.0750	0.0750	9.37264789e+08
0.0750	0.0750	0.0850	1.04695604e+09
0.0750	0.0750	0.0950	1.60978884e+09
0.0750	0.0750	0.1050	7.49033258e+08
0.0750	0.0750	0.1150	1.28115583e+09
0.0750	0.0750	0.1250	1.12116513e+09
0.0750	0.0750	0.1350	1.10977856e+09
0.0750	0.0750	0.1450	1.64610231e+09
0.0750	0.0850	0.0850	4.57737383e+08
0.0750	0.0850	0.0950	7.56406951e+08
0.0750	0.0850	0.1050	1.35827472e+09
0.0750	0.0850	0.1150	1.12313671e+09
0.0750	0.0850	0.1250	6.58785425e+08
0.0750	0.0850	0.1350	1.06276176e+09
0.0750	0.0850	0.1450	1.03703222e+09
0.0750	0.0950	0.0950	1.41945232e+09
0.0750	0.0950	0.1050	7.79582270e+08
0.0750	0.0950	0.1150	6.77263592e+08
0.0750	0.0950	0.1250	9.48124943e+08
0.0750	0.0950	0.1350	7.91996254e+08
0.0750	0.0950	0.1450	1.00999405e+09
0.0750	0.1050	0.1050	1.29192352e+09
0.0750	0.1050	0.1150	7.76406728e+08
0.0750	0.1050	0.1250	8.31108157e+08
0.0750	0.1050	0.1350	7.28059384e+08
0.0750	0.1050	0.1450	8.52736488e+08
0.0750	0.1150	0.1150	6.96841471e+08
0.0750	0.1150	0.1250	4.75451542e+08
0.0750	0.1150	0.1350	6.22783543e+08
0.0750	0.1150	0.1450	5.98360163e+08
0.0750	0.1250	0.1250	5.10162903e+08
0.0750	0.1250	0.1350	7.11868188e+08
0.0750	0.1250	0.1450	5.27579380e+08
0.0750	0.1350	0.1350	6.46374903e+08
0.0750	0.1350	0.1450	4.94936767e+08
0.0750	0.1450	0.1450	5.76204520e+08
0.0850	0.0850	0.0850	4.78082496e+08
0.0850	0.0850	0.0950	6.09462717e+08
0.0850	0.0850	0.1050	1.34970715e+09
0.0850	0.0850	0.1150	5.24038538e+08
0.0850	0.0850	0.1250	1.18433076e+09
0.0850	0.0850	0.1350	1.13565491e+09
0.0850	0.0850	0.1450	9.73111911e+08
0.0850	0.0950	0.0950	8.84556264e+08
0.0850	0.0950	0.1050	8.88503023e+08
0.0850	0.0950	0.1150	8.68239539e+08
0.0850	0.0950	0.1250	6.31395209e+08
0.0850	0.0950	0.1350	7.81499039e+08
0.0850	0.0950	0.1450	7.14568279e+08
0.0850	0.1050	0.1050	5.05697459e+08
0.0850	0.1050	0.1150	6.86608184e+08
0.0850	0.1050	0.1250	4.94714909e+08
0.0850	0.1050	0.1350	7.25524694e+08
0.0850	0.1050	0.1450	7.37311273e+08
0.0850	0.1150	0.1150	8.08656496e+08
0.0850	0.1150	0.1250	4.94275547e+08
0.0850	0.1150	0.1350	7.18819083e+08
0.0850	0.1150	0.1450	6.52516098e+08
0.0850	0.1250	0.1250	5.68642636e+08
0.0850	0.1250	0.1350	3.54289245e+08
0.0850	0.1250	0.1450	6.93248779e+08
0.0850	0.1350	0.1350	6.68279474e+08
0.0850	0.1350	0.1450	4.41204900e+08
0.0850	0.1450	0.1450	5.15456128e+08
0.0950	0.0950	0.0950	6.93387448e+08
0.0950	0.0950	0.1050	9.08220135e+08
0.0950	0.0950	0.1150	8.78765346e+08
0.0950	0.0950	0.1250	3.72831584e+08
0.0950	0.0950	0.1350	6.88825359e+08
0.0950	0.0950	0.1450	8.62689006e+08
0.0950	0.1050	0.1050	5.35076094e+08
0.0950	0.1050	0.1150	5.84870985e+08
0.0950	0.1050	0.1250	4.55331662e+08
0.0950	0.1050	0.1350	5.03674919e+08
0.0950	0.1050	0.1450	7.09264950e+08
0.0950	0.1150	0.1150	5.80702991e+08
0.0950	0.1150	0.1250	7.55683333e+08
0.0950	0.1150	0.1350	4.86307818e+08
0.0950	0.1150	0.1450	6.59150805e+08
0.0950	0.1250	0.1250	1.31176741e+08
0.0950	0.1250	0.1350	5.49248701e+08
0.0950	0.1250	0.1450	1.83751390e+08
0.0950	0.1350	0.1350	4.36695739e+08
0.0950	0.1350	0.1450	3.81274371e+08
0.0950	0.1450	0.1450	6.49518565e+08
0.1050	0.1050	0.1050	9.34855654e+08
0.1050	0.1050	0.1150	4.55783692e+08
0.1050	0.1050	0.1250	7.08908706e+08
0.1050	0.1050	0.1350	7.15707898e+08
0.1050	0.1050	0.1450	7.51383170e+07
0.1050	0.1150	0.1150	4.13324898e+08
0.1050	0.1150	0.1250	4.92857506e+08
0.1050	0.1150	0.1350	3.75506209e+08
0.1050	0.1150	0.1450	5.50257333e+08
0.1050	0.1250	0.1250	2.71841754e+08
0.1050	0.1250	0.1350	4.80290068e+08
0.1050	0.1250	0.1450	4.44752645e+08
0.1050	0.1350	0.1350	1.76517110e+08
0.1050	0.1350	0.1450	4.87553230e+08
0.1050	0.1450	0.1450	2.39903817e+08
0.1150	0.1150	0.1150	7.99192461e+08
0.1150	0.1150	0.1250	5.03155931e+08
0.1150	0.1150	0.1350	4.21072183e+08
0.1150	0.1150	0.1450	4.58287480e+08
0.1150	0.1250	0.1250	5.98181756e+08
0.1150	0.1250	0.1350	3.51574101e+08
0.1150	0.1250	0.1450	3.30411832e+08
0.1150	0.1350	0.1350	4.11841171e+08
0.1150	0.1350	0.1450	3.74121002e+08
0.1150	0.1450	0.1450	3.20288208e+08
0.1250	0.1250	0.1250	5.63730213e+08
0.1250	0.1250	0.1350	3.60202739e+08
0.1250	0.1250	0.1450	3.70362624e+08
0.1250	0.1350	0.1350	4.29611093e+08
0.1250	0.1350	0.1450	3.97099279e+08
0.1250	0.1450	0.1450	3.23545007e+08
0.1350	0.1350	0.1350	4.49768823e+08
0.1350	0.1350	0.1450	3.01162412e+08
0.1350	0.1450	0.1450	5.32006220e+08
0.1450	0.1450	0.1450	3.70348223e+08
