####### Bispectrum of Patchy Simulation 765 #############
# Patch: ngc
# z-type: z3
# Weights: fkp
# Fiducial Omega_m: 0.310
# Fiducial h: 0.676
# Boxsize: [1800.0, 3400.0, 1900.0]
# Grid: [170, 325, 180]
# k-binning: [0.000, 0.160, 0.010]
# Monte Carlo Simulations: 100
#
# Format: k1 | k2 | k3 | B(k1,k2,k3)
############################################
0.0150	0.0150	0.0150	3.34454749e+10
0.0150	0.0150	0.0250	-1.16891461e+09
0.0150	0.0150	0.0350	8.65617227e+08
0.0150	0.0250	0.0250	1.59590167e+10
0.0150	0.0250	0.0350	1.12427125e+10
0.0150	0.0250	0.0450	8.49488359e+09
0.0150	0.0350	0.0350	9.26536242e+09
0.0150	0.0350	0.0450	-1.89451299e+08
0.0150	0.0350	0.0550	8.53183948e+09
0.0150	0.0450	0.0450	3.07042902e+09
0.0150	0.0450	0.0550	7.45004283e+09
0.0150	0.0450	0.0650	3.88244269e+09
0.0150	0.0550	0.0550	5.08829466e+09
0.0150	0.0550	0.0650	3.53782881e+09
0.0150	0.0550	0.0750	5.90688507e+09
0.0150	0.0650	0.0650	3.75403405e+09
0.0150	0.0650	0.0750	3.19881475e+09
0.0150	0.0650	0.0850	5.57543087e+09
0.0150	0.0750	0.0750	1.27593318e+09
0.0150	0.0750	0.0850	2.94371518e+09
0.0150	0.0750	0.0950	6.10657279e+09
0.0150	0.0850	0.0850	1.76737791e+09
0.0150	0.0850	0.0950	2.22145094e+09
0.0150	0.0850	0.1050	2.93670158e+09
0.0150	0.0950	0.0950	1.31649032e+09
0.0150	0.0950	0.1050	2.34819051e+09
0.0150	0.0950	0.1150	2.85704937e+09
0.0150	0.1050	0.1050	1.36251266e+09
0.0150	0.1050	0.1150	1.74050084e+09
0.0150	0.1050	0.1250	3.30521934e+09
0.0150	0.1150	0.1150	1.79075537e+09
0.0150	0.1150	0.1250	1.66628632e+09
0.0150	0.1150	0.1350	2.58629182e+09
0.0150	0.1250	0.1250	2.05459349e+08
0.0150	0.1250	0.1350	1.78026284e+09
0.0150	0.1250	0.1450	2.22876998e+09
0.0150	0.1350	0.1350	3.10036492e+08
0.0150	0.1350	0.1450	1.85068466e+09
0.0150	0.1450	0.1450	7.26736913e+08
0.0250	0.0250	0.0250	1.17068511e+10
0.0250	0.0250	0.0350	9.46424456e+09
0.0250	0.0250	0.0450	1.97474923e+09
0.0250	0.0250	0.0550	2.81039597e+09
0.0250	0.0350	0.0350	5.57590989e+08
0.0250	0.0350	0.0450	4.57631253e+09
0.0250	0.0350	0.0550	8.40764575e+09
0.0250	0.0350	0.0650	1.12716891e+10
0.0250	0.0450	0.0450	4.75529988e+09
0.0250	0.0450	0.0550	3.27413524e+09
0.0250	0.0450	0.0650	3.10635256e+09
0.0250	0.0450	0.0750	7.79479547e+09
0.0250	0.0550	0.0550	3.37580209e+09
0.0250	0.0550	0.0650	3.42939923e+09
0.0250	0.0550	0.0750	3.99177814e+09
0.0250	0.0550	0.0850	3.66304876e+09
0.0250	0.0650	0.0650	4.50585419e+09
0.0250	0.0650	0.0750	2.61005600e+09
0.0250	0.0650	0.0850	2.92486327e+09
0.0250	0.0650	0.0950	1.42617557e+09
0.0250	0.0750	0.0750	2.57526540e+09
0.0250	0.0750	0.0850	3.07277916e+09
0.0250	0.0750	0.0950	2.20724976e+09
0.0250	0.0750	0.1050	3.33991955e+09
0.0250	0.0850	0.0850	1.79234509e+09
0.0250	0.0850	0.0950	2.00069821e+09
0.0250	0.0850	0.1050	2.86227017e+09
0.0250	0.0850	0.1150	3.70856909e+09
0.0250	0.0950	0.0950	1.31076400e+09
0.0250	0.0950	0.1050	1.51410026e+09
0.0250	0.0950	0.1150	2.19231226e+09
0.0250	0.0950	0.1250	2.38569363e+09
0.0250	0.1050	0.1050	2.01047997e+09
0.0250	0.1050	0.1150	1.56126264e+09
0.0250	0.1050	0.1250	1.36292024e+09
0.0250	0.1050	0.1350	2.25461464e+09
0.0250	0.1150	0.1150	1.06701915e+09
0.0250	0.1150	0.1250	1.50504578e+09
0.0250	0.1150	0.1350	1.66779746e+09
0.0250	0.1150	0.1450	2.32814081e+09
0.0250	0.1250	0.1250	1.86551711e+09
0.0250	0.1250	0.1350	1.34964695e+09
0.0250	0.1250	0.1450	1.46712758e+09
0.0250	0.1350	0.1350	6.93685134e+08
0.0250	0.1350	0.1450	1.11594733e+09
0.0250	0.1450	0.1450	1.09990191e+09
0.0350	0.0350	0.0350	8.12104244e+09
0.0350	0.0350	0.0450	4.94013381e+09
0.0350	0.0350	0.0550	2.91473511e+09
0.0350	0.0350	0.0650	4.58707786e+09
0.0350	0.0350	0.0750	8.35942918e+09
0.0350	0.0450	0.0450	1.12215894e+09
0.0350	0.0450	0.0550	2.99632036e+09
0.0350	0.0450	0.0650	2.87234520e+09
0.0350	0.0450	0.0750	2.83445071e+09
0.0350	0.0450	0.0850	3.78332109e+09
0.0350	0.0550	0.0550	2.39695063e+09
0.0350	0.0550	0.0650	1.58972285e+09
0.0350	0.0550	0.0750	2.05162431e+09
0.0350	0.0550	0.0850	2.54981232e+09
0.0350	0.0550	0.0950	3.34085077e+09
0.0350	0.0650	0.0650	4.99241508e+08
0.0350	0.0650	0.0750	2.03891277e+09
0.0350	0.0650	0.0850	1.49599436e+09
0.0350	0.0650	0.0950	2.38955398e+09
0.0350	0.0650	0.1050	3.62052705e+09
0.0350	0.0750	0.0750	7.84246385e+08
0.0350	0.0750	0.0850	2.17600179e+09
0.0350	0.0750	0.0950	1.90979087e+09
0.0350	0.0750	0.1050	2.35179768e+09
0.0350	0.0750	0.1150	2.32547261e+09
0.0350	0.0850	0.0850	1.18509639e+09
0.0350	0.0850	0.0950	1.38836940e+09
0.0350	0.0850	0.1050	1.95052980e+09
0.0350	0.0850	0.1150	2.15552920e+09
0.0350	0.0850	0.1250	2.03069060e+09
0.0350	0.0950	0.0950	1.21001013e+09
0.0350	0.0950	0.1050	1.11258012e+09
0.0350	0.0950	0.1150	1.37847538e+09
0.0350	0.0950	0.1250	2.15009291e+09
0.0350	0.0950	0.1350	1.37755055e+09
0.0350	0.1050	0.1050	1.35390121e+09
0.0350	0.1050	0.1150	1.09891306e+09
0.0350	0.1050	0.1250	1.07155336e+09
0.0350	0.1050	0.1350	1.38716641e+09
0.0350	0.1050	0.1450	2.23923462e+09
0.0350	0.1150	0.1150	1.47386344e+09
0.0350	0.1150	0.1250	1.06644862e+09
0.0350	0.1150	0.1350	9.03392058e+08
0.0350	0.1150	0.1450	1.26458264e+09
0.0350	0.1250	0.1250	7.29847552e+08
0.0350	0.1250	0.1350	1.22308038e+09
0.0350	0.1250	0.1450	1.09905192e+09
0.0350	0.1350	0.1350	1.21776545e+09
0.0350	0.1350	0.1450	1.07501123e+09
0.0350	0.1450	0.1450	5.83531862e+08
0.0450	0.0450	0.0450	-3.65855429e+08
0.0450	0.0450	0.0550	1.90065076e+09
0.0450	0.0450	0.0650	1.30963883e+09
0.0450	0.0450	0.0750	1.80461761e+09
0.0450	0.0450	0.0850	2.59523814e+09
0.0450	0.0450	0.0950	3.60501106e+09
0.0450	0.0550	0.0550	1.94236572e+09
0.0450	0.0550	0.0650	2.53642420e+09
0.0450	0.0550	0.0750	1.60081134e+09
0.0450	0.0550	0.0850	2.81528724e+09
0.0450	0.0550	0.0950	2.23647309e+09
0.0450	0.0550	0.1050	3.39593768e+09
0.0450	0.0650	0.0650	2.15144831e+09
0.0450	0.0650	0.0750	1.02769919e+09
0.0450	0.0650	0.0850	1.66855592e+09
0.0450	0.0650	0.0950	1.41391810e+09
0.0450	0.0650	0.1050	2.19490417e+09
0.0450	0.0650	0.1150	1.51442148e+09
0.0450	0.0750	0.0750	1.26811014e+09
0.0450	0.0750	0.0850	1.36107929e+09
0.0450	0.0750	0.0950	1.19242839e+09
0.0450	0.0750	0.1050	1.35941429e+09
0.0450	0.0750	0.1150	2.15189487e+09
0.0450	0.0750	0.1250	1.86334776e+09
0.0450	0.0850	0.0850	1.40925841e+09
0.0450	0.0850	0.0950	1.14564140e+09
0.0450	0.0850	0.1050	1.17257030e+09
0.0450	0.0850	0.1150	1.22017554e+09
0.0450	0.0850	0.1250	1.68081627e+09
0.0450	0.0850	0.1350	1.84164258e+09
0.0450	0.0950	0.0950	1.26227767e+09
0.0450	0.0950	0.1050	1.26505561e+09
0.0450	0.0950	0.1150	9.15562483e+08
0.0450	0.0950	0.1250	9.19136115e+08
0.0450	0.0950	0.1350	1.43271393e+09
0.0450	0.0950	0.1450	1.54592753e+09
0.0450	0.1050	0.1050	1.14219684e+09
0.0450	0.1050	0.1150	9.36060292e+08
0.0450	0.1050	0.1250	9.55299272e+08
0.0450	0.1050	0.1350	1.00877036e+09
0.0450	0.1050	0.1450	1.07285559e+09
0.0450	0.1150	0.1150	1.16696727e+09
0.0450	0.1150	0.1250	6.55139782e+08
0.0450	0.1150	0.1350	8.94218684e+08
0.0450	0.1150	0.1450	9.62734025e+08
0.0450	0.1250	0.1250	9.71297733e+08
0.0450	0.1250	0.1350	7.67874259e+08
0.0450	0.1250	0.1450	8.40665375e+08
0.0450	0.1350	0.1350	7.74738023e+08
0.0450	0.1350	0.1450	5.84348317e+08
0.0450	0.1450	0.1450	6.23424064e+08
0.0550	0.0550	0.0550	2.31416593e+09
0.0550	0.0550	0.0650	1.71134285e+09
0.0550	0.0550	0.0750	1.93359679e+09
0.0550	0.0550	0.0850	1.45350742e+09
0.0550	0.0550	0.0950	1.32686651e+09
0.0550	0.0550	0.1050	2.05166054e+09
0.0550	0.0550	0.1150	2.70066221e+09
0.0550	0.0650	0.0650	1.11244247e+09
0.0550	0.0650	0.0750	1.29209579e+09
0.0550	0.0650	0.0850	1.28630617e+09
0.0550	0.0650	0.0950	1.60428237e+09
0.0550	0.0650	0.1050	1.46122441e+09
0.0550	0.0650	0.1150	1.95176496e+09
0.0550	0.0650	0.1250	1.77702138e+09
0.0550	0.0750	0.0750	1.76193810e+09
0.0550	0.0750	0.0850	1.33994828e+09
0.0550	0.0750	0.0950	1.24403720e+09
0.0550	0.0750	0.1050	1.14836517e+09
0.0550	0.0750	0.1150	1.62819461e+09
0.0550	0.0750	0.1250	1.59429667e+09
0.0550	0.0750	0.1350	1.58528476e+09
0.0550	0.0850	0.0850	4.58128535e+08
0.0550	0.0850	0.0950	1.16834191e+09
0.0550	0.0850	0.1050	8.59153652e+08
0.0550	0.0850	0.1150	1.03876460e+09
0.0550	0.0850	0.1250	1.19418235e+09
0.0550	0.0850	0.1350	1.30465427e+09
0.0550	0.0850	0.1450	8.33621558e+08
0.0550	0.0950	0.0950	8.61804118e+08
0.0550	0.0950	0.1050	7.82195931e+08
0.0550	0.0950	0.1150	8.11126935e+08
0.0550	0.0950	0.1250	1.04936688e+09
0.0550	0.0950	0.1350	1.05973425e+09
0.0550	0.0950	0.1450	1.25777734e+09
0.0550	0.1050	0.1050	7.70824448e+08
0.0550	0.1050	0.1150	9.55477477e+08
0.0550	0.1050	0.1250	8.32465401e+08
0.0550	0.1050	0.1350	9.19328548e+08
0.0550	0.1050	0.1450	8.62254031e+08
0.0550	0.1150	0.1150	6.68515095e+08
0.0550	0.1150	0.1250	7.38114472e+08
0.0550	0.1150	0.1350	6.83797674e+08
0.0550	0.1150	0.1450	7.61663650e+08
0.0550	0.1250	0.1250	6.59958457e+08
0.0550	0.1250	0.1350	8.08740887e+08
0.0550	0.1250	0.1450	7.92984204e+08
0.0550	0.1350	0.1350	6.62505542e+08
0.0550	0.1350	0.1450	6.02516403e+08
0.0550	0.1450	0.1450	4.94074754e+08
0.0650	0.0650	0.0650	1.37945448e+09
0.0650	0.0650	0.0750	1.00873007e+09
0.0650	0.0650	0.0850	1.07302034e+09
0.0650	0.0650	0.0950	1.01004003e+09
0.0650	0.0650	0.1050	1.39772553e+09
0.0650	0.0650	0.1150	1.30966293e+09
0.0650	0.0650	0.1250	1.50596891e+09
0.0650	0.0650	0.1350	1.84705987e+09
0.0650	0.0750	0.0750	9.47306123e+08
0.0650	0.0750	0.0850	1.26672683e+09
0.0650	0.0750	0.0950	1.21411664e+09
0.0650	0.0750	0.1050	1.29437072e+09
0.0650	0.0750	0.1150	1.09119091e+09
0.0650	0.0750	0.1250	1.29118931e+09
0.0650	0.0750	0.1350	1.39602771e+09
0.0650	0.0750	0.1450	1.23743051e+09
0.0650	0.0850	0.0850	8.42097168e+08
0.0650	0.0850	0.0950	1.14570826e+09
0.0650	0.0850	0.1050	6.95527439e+08
0.0650	0.0850	0.1150	8.38823961e+08
0.0650	0.0850	0.1250	1.03162304e+09
0.0650	0.0850	0.1350	8.33678597e+08
0.0650	0.0850	0.1450	1.42898332e+09
0.0650	0.0950	0.0950	5.30566676e+08
0.0650	0.0950	0.1050	9.23153140e+08
0.0650	0.0950	0.1150	9.49912973e+08
0.0650	0.0950	0.1250	7.34830780e+08
0.0650	0.0950	0.1350	8.33568552e+08
0.0650	0.0950	0.1450	9.06119106e+08
0.0650	0.1050	0.1050	6.75870523e+08
0.0650	0.1050	0.1150	6.86317566e+08
0.0650	0.1050	0.1250	6.20460954e+08
0.0650	0.1050	0.1350	6.39556293e+08
0.0650	0.1050	0.1450	7.24146796e+08
0.0650	0.1150	0.1150	5.91329018e+08
0.0650	0.1150	0.1250	4.50893945e+08
0.0650	0.1150	0.1350	6.26679503e+08
0.0650	0.1150	0.1450	8.53638692e+08
0.0650	0.1250	0.1250	8.55789913e+08
0.0650	0.1250	0.1350	5.32729592e+08
0.0650	0.1250	0.1450	6.25866347e+08
0.0650	0.1350	0.1350	7.42338405e+08
0.0650	0.1350	0.1450	4.63011814e+08
0.0650	0.1450	0.1450	6.59201187e+08
0.0750	0.0750	0.0750	4.58934353e+08
0.0750	0.0750	0.0850	5.70201855e+08
0.0750	0.0750	0.0950	9.66948608e+08
0.0750	0.0750	0.1050	9.39564428e+08
0.0750	0.0750	0.1150	7.48337832e+08
0.0750	0.0750	0.1250	1.03429737e+09
0.0750	0.0750	0.1350	9.42663470e+08
0.0750	0.0750	0.1450	1.03702313e+09
0.0750	0.0850	0.0850	8.54533044e+08
0.0750	0.0850	0.0950	8.64958864e+08
0.0750	0.0850	0.1050	6.72427598e+08
0.0750	0.0850	0.1150	6.75748749e+08
0.0750	0.0850	0.1250	7.10298388e+08
0.0750	0.0850	0.1350	7.78795060e+08
0.0750	0.0850	0.1450	9.15190356e+08
0.0750	0.0950	0.0950	5.13948933e+08
0.0750	0.0950	0.1050	7.33836887e+08
0.0750	0.0950	0.1150	5.90508489e+08
0.0750	0.0950	0.1250	6.07421564e+08
0.0750	0.0950	0.1350	7.39495182e+08
0.0750	0.0950	0.1450	6.88507719e+08
0.0750	0.1050	0.1050	4.02494727e+08
0.0750	0.1050	0.1150	5.57997210e+08
0.0750	0.1050	0.1250	6.27256904e+08
0.0750	0.1050	0.1350	7.57550707e+08
0.0750	0.1050	0.1450	6.03730841e+08
0.0750	0.1150	0.1150	6.29040931e+08
0.0750	0.1150	0.1250	6.16935410e+08
0.0750	0.1150	0.1350	4.21934102e+08
0.0750	0.1150	0.1450	5.64011657e+08
0.0750	0.1250	0.1250	6.23403604e+08
0.0750	0.1250	0.1350	5.93390805e+08
0.0750	0.1250	0.1450	6.16891330e+08
0.0750	0.1350	0.1350	4.31543497e+08
0.0750	0.1350	0.1450	5.62288469e+08
0.0750	0.1450	0.1450	2.85885118e+08
0.0850	0.0850	0.0850	7.06992499e+08
0.0850	0.0850	0.0950	5.80192877e+08
0.0850	0.0850	0.1050	7.13055971e+08
0.0850	0.0850	0.1150	9.29876926e+08
0.0850	0.0850	0.1250	6.76708054e+08
0.0850	0.0850	0.1350	6.20620616e+08
0.0850	0.0850	0.1450	8.28050419e+08
0.0850	0.0950	0.0950	1.03163914e+09
0.0850	0.0950	0.1050	4.32780745e+08
0.0850	0.0950	0.1150	4.91435991e+08
0.0850	0.0950	0.1250	7.52019547e+08
0.0850	0.0950	0.1350	6.25675228e+08
0.0850	0.0950	0.1450	6.61197543e+08
0.0850	0.1050	0.1050	6.46556221e+08
0.0850	0.1050	0.1150	5.57456694e+08
0.0850	0.1050	0.1250	4.50612239e+08
0.0850	0.1050	0.1350	6.09509934e+08
0.0850	0.1050	0.1450	5.99438342e+08
0.0850	0.1150	0.1150	6.44988106e+08
0.0850	0.1150	0.1250	4.72833543e+08
0.0850	0.1150	0.1350	5.56664460e+08
0.0850	0.1150	0.1450	4.92010973e+08
0.0850	0.1250	0.1250	3.81344060e+08
0.0850	0.1250	0.1350	4.62602621e+08
0.0850	0.1250	0.1450	4.92496853e+08
0.0850	0.1350	0.1350	5.46184681e+08
0.0850	0.1350	0.1450	5.25918844e+08
0.0850	0.1450	0.1450	3.50011081e+08
0.0950	0.0950	0.0950	4.24065823e+08
0.0950	0.0950	0.1050	6.53823732e+08
0.0950	0.0950	0.1150	6.36182971e+08
0.0950	0.0950	0.1250	5.47640304e+08
0.0950	0.0950	0.1350	4.47846107e+08
0.0950	0.0950	0.1450	5.29871770e+08
0.0950	0.1050	0.1050	4.77839829e+08
0.0950	0.1050	0.1150	4.48951056e+08
0.0950	0.1050	0.1250	4.67054861e+08
0.0950	0.1050	0.1350	5.01318713e+08
0.0950	0.1050	0.1450	4.99564826e+08
0.0950	0.1150	0.1150	4.75488831e+08
0.0950	0.1150	0.1250	5.53469972e+08
0.0950	0.1150	0.1350	4.43780401e+08
0.0950	0.1150	0.1450	4.59458411e+08
0.0950	0.1250	0.1250	4.30889611e+08
0.0950	0.1250	0.1350	5.49440695e+08
0.0950	0.1250	0.1450	3.18524000e+08
0.0950	0.1350	0.1350	5.12886778e+08
0.0950	0.1350	0.1450	4.11499668e+08
0.0950	0.1450	0.1450	2.98204057e+08
0.1050	0.1050	0.1050	4.32264524e+08
0.1050	0.1050	0.1150	6.74346927e+08
0.1050	0.1050	0.1250	5.62156858e+08
0.1050	0.1050	0.1350	4.46661709e+08
0.1050	0.1050	0.1450	5.01615038e+08
0.1050	0.1150	0.1150	3.15670780e+08
0.1050	0.1150	0.1250	3.69509899e+08
0.1050	0.1150	0.1350	3.68234438e+08
0.1050	0.1150	0.1450	3.59779965e+08
0.1050	0.1250	0.1250	5.37130698e+08
0.1050	0.1250	0.1350	3.73507260e+08
0.1050	0.1250	0.1450	4.20862302e+08
0.1050	0.1350	0.1350	4.01628334e+08
0.1050	0.1350	0.1450	3.75763544e+08
0.1050	0.1450	0.1450	3.28407420e+08
0.1150	0.1150	0.1150	2.23040358e+08
0.1150	0.1150	0.1250	5.40391098e+08
0.1150	0.1150	0.1350	3.21110886e+08
0.1150	0.1150	0.1450	3.98286478e+08
0.1150	0.1250	0.1250	3.15375585e+08
0.1150	0.1250	0.1350	3.56150986e+08
0.1150	0.1250	0.1450	4.33017516e+08
0.1150	0.1350	0.1350	3.98893480e+08
0.1150	0.1350	0.1450	3.29180618e+08
0.1150	0.1450	0.1450	2.68103354e+08
0.1250	0.1250	0.1250	4.11604829e+08
0.1250	0.1250	0.1350	4.95885178e+08
0.1250	0.1250	0.1450	2.97089554e+08
0.1250	0.1350	0.1350	3.05345947e+08
0.1250	0.1350	0.1450	3.38798725e+08
0.1250	0.1450	0.1450	3.76254182e+08
0.1350	0.1350	0.1350	2.06951138e+08
0.1350	0.1350	0.1450	3.50473370e+08
0.1350	0.1450	0.1450	2.42608523e+08
0.1450	0.1450	0.1450	1.19216621e+08
