####### Bispectrum of Patchy Simulation 347 #############
# Patch: ngc
# z-type: z3
# Weights: fkp
# Fiducial Omega_m: 0.310
# Fiducial h: 0.676
# Boxsize: [1800.0, 3400.0, 1900.0]
# Grid: [170, 325, 180]
# k-binning: [0.000, 0.160, 0.010]
# Monte Carlo Simulations: 100
#
# Format: k1 | k2 | k3 | B(k1,k2,k3)
############################################
0.0150	0.0150	0.0150	2.98580597e+10
0.0150	0.0150	0.0250	-3.54604952e+09
0.0150	0.0150	0.0350	7.72858648e+09
0.0150	0.0250	0.0250	-2.32141412e+09
0.0150	0.0250	0.0350	4.37454211e+09
0.0150	0.0250	0.0450	1.71667418e+10
0.0150	0.0350	0.0350	2.03776087e+09
0.0150	0.0350	0.0450	3.08607208e+09
0.0150	0.0350	0.0550	7.11273662e+09
0.0150	0.0450	0.0450	-1.05383168e+08
0.0150	0.0450	0.0550	2.61001240e+09
0.0150	0.0450	0.0650	7.74330921e+09
0.0150	0.0550	0.0550	6.55403749e+09
0.0150	0.0550	0.0650	3.49707294e+09
0.0150	0.0550	0.0750	3.90208145e+09
0.0150	0.0650	0.0650	3.40372976e+09
0.0150	0.0650	0.0750	1.65588677e+09
0.0150	0.0650	0.0850	3.60260375e+09
0.0150	0.0750	0.0750	1.54531884e+09
0.0150	0.0750	0.0850	2.02650555e+09
0.0150	0.0750	0.0950	6.27157321e+08
0.0150	0.0850	0.0850	6.26864823e+08
0.0150	0.0850	0.0950	2.57602908e+09
0.0150	0.0850	0.1050	2.88915674e+09
0.0150	0.0950	0.0950	1.70091820e+09
0.0150	0.0950	0.1050	1.85203429e+09
0.0150	0.0950	0.1150	3.96982558e+09
0.0150	0.1050	0.1050	1.17537888e+09
0.0150	0.1050	0.1150	1.53497783e+09
0.0150	0.1050	0.1250	7.92339642e+08
0.0150	0.1150	0.1150	1.76027606e+09
0.0150	0.1150	0.1250	1.36632927e+09
0.0150	0.1150	0.1350	1.48789894e+09
0.0150	0.1250	0.1250	8.68700848e+08
0.0150	0.1250	0.1350	1.26545210e+09
0.0150	0.1250	0.1450	1.90042879e+09
0.0150	0.1350	0.1350	1.24307946e+09
0.0150	0.1350	0.1450	1.44119550e+09
0.0150	0.1450	0.1450	9.22047356e+08
0.0250	0.0250	0.0250	6.27646576e+08
0.0250	0.0250	0.0350	5.91386124e+09
0.0250	0.0250	0.0450	2.41907739e+08
0.0250	0.0250	0.0550	6.98802660e+09
0.0250	0.0350	0.0350	5.75970137e+08
0.0250	0.0350	0.0450	5.23148138e+09
0.0250	0.0350	0.0550	4.77451479e+09
0.0250	0.0350	0.0650	3.91566077e+09
0.0250	0.0450	0.0450	3.32462387e+09
0.0250	0.0450	0.0550	3.72263424e+09
0.0250	0.0450	0.0650	2.81994567e+09
0.0250	0.0450	0.0750	1.53933679e+09
0.0250	0.0550	0.0550	2.21144538e+09
0.0250	0.0550	0.0650	3.68160027e+09
0.0250	0.0550	0.0750	3.69436462e+09
0.0250	0.0550	0.0850	1.57405346e+09
0.0250	0.0650	0.0650	1.43992802e+09
0.0250	0.0650	0.0750	3.18680922e+09
0.0250	0.0650	0.0850	3.83273090e+09
0.0250	0.0650	0.0950	2.35782261e+09
0.0250	0.0750	0.0750	3.74335361e+09
0.0250	0.0750	0.0850	1.61087604e+09
0.0250	0.0750	0.0950	3.49326514e+09
0.0250	0.0750	0.1050	2.96657174e+09
0.0250	0.0850	0.0850	1.98981144e+09
0.0250	0.0850	0.0950	1.13954773e+09
0.0250	0.0850	0.1050	2.97188969e+09
0.0250	0.0850	0.1150	3.29245354e+09
0.0250	0.0950	0.0950	1.41381345e+09
0.0250	0.0950	0.1050	1.49030190e+09
0.0250	0.0950	0.1150	2.18641143e+09
0.0250	0.0950	0.1250	2.13493817e+09
0.0250	0.1050	0.1050	1.27361639e+09
0.0250	0.1050	0.1150	1.21272870e+09
0.0250	0.1050	0.1250	2.03774092e+09
0.0250	0.1050	0.1350	1.58525879e+09
0.0250	0.1150	0.1150	1.46853774e+09
0.0250	0.1150	0.1250	1.35068554e+09
0.0250	0.1150	0.1350	1.58553446e+09
0.0250	0.1150	0.1450	1.62476210e+09
0.0250	0.1250	0.1250	1.27573663e+09
0.0250	0.1250	0.1350	1.40774157e+09
0.0250	0.1250	0.1450	1.50109039e+09
0.0250	0.1350	0.1350	1.02273683e+09
0.0250	0.1350	0.1450	1.25658463e+09
0.0250	0.1450	0.1450	8.92805595e+08
0.0350	0.0350	0.0350	5.07957638e+09
0.0350	0.0350	0.0450	3.02194109e+09
0.0350	0.0350	0.0550	3.14697413e+09
0.0350	0.0350	0.0650	6.45613051e+09
0.0350	0.0350	0.0750	5.65752431e+09
0.0350	0.0450	0.0450	4.26942348e+09
0.0350	0.0450	0.0550	1.81559470e+09
0.0350	0.0450	0.0650	3.72561936e+09
0.0350	0.0450	0.0750	3.58506451e+09
0.0350	0.0450	0.0850	3.27822318e+09
0.0350	0.0550	0.0550	2.33005211e+09
0.0350	0.0550	0.0650	8.62370413e+08
0.0350	0.0550	0.0750	3.02412414e+09
0.0350	0.0550	0.0850	3.76729384e+09
0.0350	0.0550	0.0950	2.66195480e+09
0.0350	0.0650	0.0650	2.77352367e+09
0.0350	0.0650	0.0750	1.86609497e+09
0.0350	0.0650	0.0850	1.88286097e+09
0.0350	0.0650	0.0950	3.01582745e+09
0.0350	0.0650	0.1050	4.43984619e+09
0.0350	0.0750	0.0750	9.06999633e+08
0.0350	0.0750	0.0850	1.67152760e+09
0.0350	0.0750	0.0950	2.45449341e+09
0.0350	0.0750	0.1050	2.47344274e+09
0.0350	0.0750	0.1150	2.30878687e+09
0.0350	0.0850	0.0850	1.33821158e+09
0.0350	0.0850	0.0950	1.65966967e+09
0.0350	0.0850	0.1050	1.87131148e+09
0.0350	0.0850	0.1150	1.56538784e+09
0.0350	0.0850	0.1250	2.06723025e+09
0.0350	0.0950	0.0950	1.25297786e+09
0.0350	0.0950	0.1050	1.05386713e+09
0.0350	0.0950	0.1150	1.52100906e+09
0.0350	0.0950	0.1250	1.63670572e+09
0.0350	0.0950	0.1350	1.99151612e+09
0.0350	0.1050	0.1050	1.64365322e+09
0.0350	0.1050	0.1150	1.10011332e+09
0.0350	0.1050	0.1250	1.32634835e+09
0.0350	0.1050	0.1350	1.54378234e+09
0.0350	0.1050	0.1450	2.64406402e+09
0.0350	0.1150	0.1150	1.05999044e+09
0.0350	0.1150	0.1250	9.48220421e+08
0.0350	0.1150	0.1350	1.10863082e+09
0.0350	0.1150	0.1450	1.16521383e+09
0.0350	0.1250	0.1250	7.73188472e+08
0.0350	0.1250	0.1350	8.01039610e+08
0.0350	0.1250	0.1450	8.75499716e+08
0.0350	0.1350	0.1350	7.41486228e+08
0.0350	0.1350	0.1450	9.62537269e+08
0.0350	0.1450	0.1450	6.19905586e+08
0.0450	0.0450	0.0450	1.76038765e+09
0.0450	0.0450	0.0550	1.64589058e+09
0.0450	0.0450	0.0650	1.54199409e+09
0.0450	0.0450	0.0750	2.71317514e+09
0.0450	0.0450	0.0850	2.78899988e+09
0.0450	0.0450	0.0950	1.38426561e+09
0.0450	0.0550	0.0550	1.90137285e+09
0.0450	0.0550	0.0650	1.95303003e+09
0.0450	0.0550	0.0750	2.14601055e+09
0.0450	0.0550	0.0850	2.37426965e+09
0.0450	0.0550	0.0950	2.07871851e+09
0.0450	0.0550	0.1050	3.22220089e+09
0.0450	0.0650	0.0650	1.17275075e+09
0.0450	0.0650	0.0750	1.87775676e+09
0.0450	0.0650	0.0850	1.15971223e+09
0.0450	0.0650	0.0950	1.65426814e+09
0.0450	0.0650	0.1050	2.34163985e+09
0.0450	0.0650	0.1150	2.97806790e+09
0.0450	0.0750	0.0750	1.84805194e+09
0.0450	0.0750	0.0850	1.71323721e+09
0.0450	0.0750	0.0950	1.42417725e+09
0.0450	0.0750	0.1050	1.47070510e+09
0.0450	0.0750	0.1150	2.16954202e+09
0.0450	0.0750	0.1250	1.66284650e+09
0.0450	0.0850	0.0850	1.56846487e+09
0.0450	0.0850	0.0950	1.56039242e+09
0.0450	0.0850	0.1050	1.00976393e+09
0.0450	0.0850	0.1150	1.12448925e+09
0.0450	0.0850	0.1250	1.72324459e+09
0.0450	0.0850	0.1350	1.32561137e+09
0.0450	0.0950	0.0950	1.20839029e+09
0.0450	0.0950	0.1050	9.48640574e+08
0.0450	0.0950	0.1150	1.24183257e+09
0.0450	0.0950	0.1250	1.30118947e+09
0.0450	0.0950	0.1350	1.07853169e+09
0.0450	0.0950	0.1450	1.30282202e+09
0.0450	0.1050	0.1050	9.04091770e+08
0.0450	0.1050	0.1150	9.65260813e+08
0.0450	0.1050	0.1250	9.46214278e+08
0.0450	0.1050	0.1350	1.16213360e+09
0.0450	0.1050	0.1450	1.11862970e+09
0.0450	0.1150	0.1150	1.02334408e+09
0.0450	0.1150	0.1250	7.23931865e+08
0.0450	0.1150	0.1350	8.44646178e+08
0.0450	0.1150	0.1450	1.01595230e+09
0.0450	0.1250	0.1250	1.12670057e+09
0.0450	0.1250	0.1350	7.52501432e+08
0.0450	0.1250	0.1450	8.07949514e+08
0.0450	0.1350	0.1350	6.43594970e+08
0.0450	0.1350	0.1450	6.20720618e+08
0.0450	0.1450	0.1450	5.27112675e+08
0.0550	0.0550	0.0550	2.91887439e+09
0.0550	0.0550	0.0650	1.05820165e+09
0.0550	0.0550	0.0750	1.09745542e+09
0.0550	0.0550	0.0850	5.82966024e+08
0.0550	0.0550	0.0950	2.06573741e+09
0.0550	0.0550	0.1050	1.39925059e+09
0.0550	0.0550	0.1150	2.39629254e+09
0.0550	0.0650	0.0650	1.64870101e+09
0.0550	0.0650	0.0750	1.58725619e+09
0.0550	0.0650	0.0850	1.55633387e+09
0.0550	0.0650	0.0950	9.30434561e+08
0.0550	0.0650	0.1050	1.68747223e+09
0.0550	0.0650	0.1150	1.83013255e+09
0.0550	0.0650	0.1250	3.06350446e+09
0.0550	0.0750	0.0750	1.04426551e+09
0.0550	0.0750	0.0850	1.00888807e+09
0.0550	0.0750	0.0950	8.88880848e+08
0.0550	0.0750	0.1050	9.07261240e+08
0.0550	0.0750	0.1150	1.32020375e+09
0.0550	0.0750	0.1250	1.55077833e+09
0.0550	0.0750	0.1350	1.98917063e+09
0.0550	0.0850	0.0850	1.42948451e+09
0.0550	0.0850	0.0950	8.51849167e+08
0.0550	0.0850	0.1050	7.72786091e+08
0.0550	0.0850	0.1150	1.38376068e+09
0.0550	0.0850	0.1250	1.38839297e+09
0.0550	0.0850	0.1350	1.30615162e+09
0.0550	0.0850	0.1450	1.52742139e+09
0.0550	0.0950	0.0950	1.08353157e+09
0.0550	0.0950	0.1050	8.13499042e+08
0.0550	0.0950	0.1150	8.97609853e+08
0.0550	0.0950	0.1250	7.59328749e+08
0.0550	0.0950	0.1350	1.12165243e+09
0.0550	0.0950	0.1450	9.76804460e+08
0.0550	0.1050	0.1050	8.20551437e+08
0.0550	0.1050	0.1150	7.31925780e+08
0.0550	0.1050	0.1250	7.73186365e+08
0.0550	0.1050	0.1350	8.34532464e+08
0.0550	0.1050	0.1450	9.21158979e+08
0.0550	0.1150	0.1150	6.70574319e+08
0.0550	0.1150	0.1250	6.07244398e+08
0.0550	0.1150	0.1350	5.32125067e+08
0.0550	0.1150	0.1450	6.16214596e+08
0.0550	0.1250	0.1250	4.84671060e+08
0.0550	0.1250	0.1350	6.67015425e+08
0.0550	0.1250	0.1450	6.81321633e+08
0.0550	0.1350	0.1350	6.09258531e+08
0.0550	0.1350	0.1450	5.89411816e+08
0.0550	0.1450	0.1450	6.89450200e+08
0.0650	0.0650	0.0650	1.94008812e+09
0.0650	0.0650	0.0750	9.33167694e+08
0.0650	0.0650	0.0850	5.70809735e+08
0.0650	0.0650	0.0950	1.47910876e+09
0.0650	0.0650	0.1050	1.13056033e+09
0.0650	0.0650	0.1150	1.42298739e+09
0.0650	0.0650	0.1250	1.69398291e+09
0.0650	0.0650	0.1350	1.69151166e+09
0.0650	0.0750	0.0750	1.44312902e+09
0.0650	0.0750	0.0850	1.35753513e+09
0.0650	0.0750	0.0950	1.15691710e+09
0.0650	0.0750	0.1050	1.19843122e+09
0.0650	0.0750	0.1150	1.07237315e+09
0.0650	0.0750	0.1250	1.63707698e+09
0.0650	0.0750	0.1350	1.49386754e+09
0.0650	0.0750	0.1450	1.18526749e+09
0.0650	0.0850	0.0850	7.54727767e+08
0.0650	0.0850	0.0950	8.41489643e+08
0.0650	0.0850	0.1050	8.67787792e+08
0.0650	0.0850	0.1150	1.14248213e+09
0.0650	0.0850	0.1250	7.51124806e+08
0.0650	0.0850	0.1350	1.28407218e+09
0.0650	0.0850	0.1450	1.19350380e+09
0.0650	0.0950	0.0950	1.23212664e+09
0.0650	0.0950	0.1050	8.63823255e+08
0.0650	0.0950	0.1150	6.57381875e+08
0.0650	0.0950	0.1250	7.59767836e+08
0.0650	0.0950	0.1350	8.52161813e+08
0.0650	0.0950	0.1450	9.37632664e+08
0.0650	0.1050	0.1050	6.33767984e+08
0.0650	0.1050	0.1150	8.87252461e+08
0.0650	0.1050	0.1250	6.22988885e+08
0.0650	0.1050	0.1350	8.94345034e+08
0.0650	0.1050	0.1450	6.82051989e+08
0.0650	0.1150	0.1150	4.80807519e+08
0.0650	0.1150	0.1250	6.68582592e+08
0.0650	0.1150	0.1350	5.58734726e+08
0.0650	0.1150	0.1450	6.97961767e+08
0.0650	0.1250	0.1250	7.12792404e+08
0.0650	0.1250	0.1350	5.35204895e+08
0.0650	0.1250	0.1450	5.54288357e+08
0.0650	0.1350	0.1350	6.82653761e+08
0.0650	0.1350	0.1450	6.24974408e+08
0.0650	0.1450	0.1450	5.12756855e+08
0.0750	0.0750	0.0750	8.55374600e+08
0.0750	0.0750	0.0850	5.50168294e+08
0.0750	0.0750	0.0950	1.16837413e+09
0.0750	0.0750	0.1050	1.23352419e+09
0.0750	0.0750	0.1150	9.20045986e+08
0.0750	0.0750	0.1250	1.08825315e+09
0.0750	0.0750	0.1350	9.43105505e+08
0.0750	0.0750	0.1450	1.51280020e+09
0.0750	0.0850	0.0850	9.66531240e+08
0.0750	0.0850	0.0950	9.03129062e+08
0.0750	0.0850	0.1050	9.15529049e+08
0.0750	0.0850	0.1150	8.09229604e+08
0.0750	0.0850	0.1250	1.07980030e+09
0.0750	0.0850	0.1350	8.34572253e+08
0.0750	0.0850	0.1450	9.32262680e+08
0.0750	0.0950	0.0950	6.34789688e+08
0.0750	0.0950	0.1050	5.96931404e+08
0.0750	0.0950	0.1150	7.64078092e+08
0.0750	0.0950	0.1250	8.17419501e+08
0.0750	0.0950	0.1350	7.56288573e+08
0.0750	0.0950	0.1450	8.08398012e+08
0.0750	0.1050	0.1050	8.48131897e+08
0.0750	0.1050	0.1150	7.03482186e+08
0.0750	0.1050	0.1250	6.50615362e+08
0.0750	0.1050	0.1350	6.09058065e+08
0.0750	0.1050	0.1450	5.59617419e+08
0.0750	0.1150	0.1150	7.51467038e+08
0.0750	0.1150	0.1250	5.77149633e+08
0.0750	0.1150	0.1350	6.52635215e+08
0.0750	0.1150	0.1450	5.02237589e+08
0.0750	0.1250	0.1250	4.69961428e+08
0.0750	0.1250	0.1350	6.06785230e+08
0.0750	0.1250	0.1450	6.08234866e+08
0.0750	0.1350	0.1350	4.05374459e+08
0.0750	0.1350	0.1450	4.53680028e+08
0.0750	0.1450	0.1450	3.62723831e+08
0.0850	0.0850	0.0850	5.57812252e+08
0.0850	0.0850	0.0950	7.21436216e+08
0.0850	0.0850	0.1050	5.57404243e+08
0.0850	0.0850	0.1150	4.74559242e+08
0.0850	0.0850	0.1250	5.04152281e+08
0.0850	0.0850	0.1350	8.21364034e+08
0.0850	0.0850	0.1450	8.52260401e+08
0.0850	0.0950	0.0950	7.78905323e+08
0.0850	0.0950	0.1050	3.78356677e+08
0.0850	0.0950	0.1150	6.24839994e+08
0.0850	0.0950	0.1250	5.69019384e+08
0.0850	0.0950	0.1350	5.60375404e+08
0.0850	0.0950	0.1450	6.92727805e+08
0.0850	0.1050	0.1050	8.47194799e+08
0.0850	0.1050	0.1150	4.26995852e+08
0.0850	0.1050	0.1250	5.04080277e+08
0.0850	0.1050	0.1350	5.57649025e+08
0.0850	0.1050	0.1450	6.21277959e+08
0.0850	0.1150	0.1150	4.56131175e+08
0.0850	0.1150	0.1250	5.52117092e+08
0.0850	0.1150	0.1350	5.44695863e+08
0.0850	0.1150	0.1450	4.30023089e+08
0.0850	0.1250	0.1250	4.87257117e+08
0.0850	0.1250	0.1350	3.79839476e+08
0.0850	0.1250	0.1450	4.54011348e+08
0.0850	0.1350	0.1350	4.35848778e+08
0.0850	0.1350	0.1450	4.16479618e+08
0.0850	0.1450	0.1450	5.06356151e+08
0.0950	0.0950	0.0950	7.73906794e+07
0.0950	0.0950	0.1050	7.46139862e+08
0.0950	0.0950	0.1150	5.26117471e+08
0.0950	0.0950	0.1250	4.66118729e+08
0.0950	0.0950	0.1350	6.69240794e+08
0.0950	0.0950	0.1450	5.95020324e+08
0.0950	0.1050	0.1050	5.73679687e+08
0.0950	0.1050	0.1150	3.52983780e+08
0.0950	0.1050	0.1250	4.70198824e+08
0.0950	0.1050	0.1350	4.22193478e+08
0.0950	0.1050	0.1450	4.15604353e+08
0.0950	0.1150	0.1150	5.90320341e+08
0.0950	0.1150	0.1250	5.03868845e+08
0.0950	0.1150	0.1350	4.09294726e+08
0.0950	0.1150	0.1450	4.70724312e+08
0.0950	0.1250	0.1250	5.39165583e+08
0.0950	0.1250	0.1350	4.69567500e+08
0.0950	0.1250	0.1450	3.45571880e+08
0.0950	0.1350	0.1350	5.02256548e+08
0.0950	0.1350	0.1450	3.43801185e+08
0.0950	0.1450	0.1450	3.29827710e+08
0.1050	0.1050	0.1050	3.38588978e+08
0.1050	0.1050	0.1150	6.68101789e+08
0.1050	0.1050	0.1250	5.26761865e+08
0.1050	0.1050	0.1350	4.15965311e+08
0.1050	0.1050	0.1450	4.40101231e+08
0.1050	0.1150	0.1150	4.79089036e+08
0.1050	0.1150	0.1250	3.82241883e+08
0.1050	0.1150	0.1350	4.66155833e+08
0.1050	0.1150	0.1450	3.81764508e+08
0.1050	0.1250	0.1250	4.15510392e+08
0.1050	0.1250	0.1350	2.91602959e+08
0.1050	0.1250	0.1450	4.36305279e+08
0.1050	0.1350	0.1350	3.76792684e+08
0.1050	0.1350	0.1450	4.01216688e+08
0.1050	0.1450	0.1450	3.61184407e+08
0.1150	0.1150	0.1150	3.65677141e+08
0.1150	0.1150	0.1250	3.65049532e+08
0.1150	0.1150	0.1350	4.27898173e+08
0.1150	0.1150	0.1450	3.83907453e+08
0.1150	0.1250	0.1250	4.44707621e+08
0.1150	0.1250	0.1350	4.27383548e+08
0.1150	0.1250	0.1450	3.12607508e+08
0.1150	0.1350	0.1350	3.75439920e+08
0.1150	0.1350	0.1450	3.66346551e+08
0.1150	0.1450	0.1450	3.16281098e+08
0.1250	0.1250	0.1250	5.65745558e+08
0.1250	0.1250	0.1350	2.82675744e+08
0.1250	0.1250	0.1450	4.07072068e+08
0.1250	0.1350	0.1350	2.37580904e+08
0.1250	0.1350	0.1450	3.50422423e+08
0.1250	0.1450	0.1450	3.49841029e+08
0.1350	0.1350	0.1350	4.06397194e+08
0.1350	0.1350	0.1450	2.80255322e+08
0.1350	0.1450	0.1450	2.82602648e+08
0.1450	0.1450	0.1450	2.65848745e+08
