####### Bispectrum of Patchy Simulation 306 #############
# Patch: ngc
# z-type: z1
# Weights: fkp
# Fiducial Omega_m: 0.310
# Fiducial h: 0.676
# Boxsize: [1350.0, 2450.0, 1400.0]
# Grid: [126, 230, 130]
# k-binning: [0.000, 0.160, 0.010]
# Monte Carlo Simulations: 100
#
# Format: k1 | k2 | k3 | B(k1,k2,k3)
############################################
0.0150	0.0150	0.0150	3.79410642e+10
0.0150	0.0150	0.0250	2.43158211e+10
0.0150	0.0150	0.0350	2.62270506e+10
0.0150	0.0250	0.0250	1.32806141e+10
0.0150	0.0250	0.0350	-3.38117243e+09
0.0150	0.0250	0.0450	-8.37882521e+08
0.0150	0.0350	0.0350	7.04682137e+09
0.0150	0.0350	0.0450	2.48997821e+09
0.0150	0.0350	0.0550	1.01973949e+10
0.0150	0.0450	0.0450	1.75870520e+09
0.0150	0.0450	0.0550	3.73978840e+09
0.0150	0.0450	0.0650	4.78365238e+09
0.0150	0.0550	0.0550	4.60291070e+09
0.0150	0.0550	0.0650	6.51517318e+09
0.0150	0.0550	0.0750	6.57185728e+09
0.0150	0.0650	0.0650	4.01009115e+09
0.0150	0.0650	0.0750	4.61993950e+09
0.0150	0.0650	0.0850	9.44405600e+09
0.0150	0.0750	0.0750	1.24593807e+09
0.0150	0.0750	0.0850	1.71695299e+09
0.0150	0.0750	0.0950	2.13427259e+09
0.0150	0.0850	0.0850	3.07484109e+09
0.0150	0.0850	0.0950	2.53321881e+09
0.0150	0.0850	0.1050	3.99416864e+09
0.0150	0.0950	0.0950	1.42102415e+09
0.0150	0.0950	0.1050	2.51034303e+09
0.0150	0.0950	0.1150	4.78984232e+09
0.0150	0.1050	0.1050	1.62880490e+09
0.0150	0.1050	0.1150	2.19711481e+09
0.0150	0.1050	0.1250	2.20962778e+09
0.0150	0.1150	0.1150	1.10698917e+09
0.0150	0.1150	0.1250	2.16492018e+09
0.0150	0.1150	0.1350	2.96899068e+09
0.0150	0.1250	0.1250	1.67433939e+09
0.0150	0.1250	0.1350	2.05463408e+09
0.0150	0.1250	0.1450	1.20206328e+09
0.0150	0.1350	0.1350	1.10349929e+09
0.0150	0.1350	0.1450	1.53380410e+09
0.0150	0.1450	0.1450	9.42275072e+08
0.0250	0.0250	0.0250	-1.00654581e+10
0.0250	0.0250	0.0350	1.09363822e+10
0.0250	0.0250	0.0450	-2.44711800e+08
0.0250	0.0250	0.0550	1.53798545e+10
0.0250	0.0350	0.0350	4.43649967e+09
0.0250	0.0350	0.0450	4.56269533e+09
0.0250	0.0350	0.0550	4.63965983e+09
0.0250	0.0350	0.0650	8.60420637e+09
0.0250	0.0450	0.0450	4.28170409e+09
0.0250	0.0450	0.0550	3.56005080e+09
0.0250	0.0450	0.0650	5.88775608e+09
0.0250	0.0450	0.0750	2.89909874e+09
0.0250	0.0550	0.0550	2.54828036e+09
0.0250	0.0550	0.0650	2.28600627e+09
0.0250	0.0550	0.0750	3.55675885e+09
0.0250	0.0550	0.0850	3.30736677e+09
0.0250	0.0650	0.0650	3.42597553e+09
0.0250	0.0650	0.0750	2.84729584e+09
0.0250	0.0650	0.0850	3.08333701e+09
0.0250	0.0650	0.0950	1.66464510e+09
0.0250	0.0750	0.0750	3.52358958e+09
0.0250	0.0750	0.0850	2.07329207e+09
0.0250	0.0750	0.0950	2.50448310e+09
0.0250	0.0750	0.1050	1.76927533e+09
0.0250	0.0850	0.0850	1.24609225e+09
0.0250	0.0850	0.0950	2.25010219e+09
0.0250	0.0850	0.1050	3.09580789e+09
0.0250	0.0850	0.1150	1.06439366e+09
0.0250	0.0950	0.0950	9.90801879e+08
0.0250	0.0950	0.1050	1.95094604e+09
0.0250	0.0950	0.1150	1.70390813e+09
0.0250	0.0950	0.1250	2.35234307e+09
0.0250	0.1050	0.1050	1.32915913e+09
0.0250	0.1050	0.1150	1.08033284e+09
0.0250	0.1050	0.1250	1.75755472e+09
0.0250	0.1050	0.1350	2.16766025e+09
0.0250	0.1150	0.1150	8.62871203e+08
0.0250	0.1150	0.1250	1.67368584e+09
0.0250	0.1150	0.1350	1.90951889e+09
0.0250	0.1150	0.1450	1.21089759e+09
0.0250	0.1250	0.1250	1.19574813e+09
0.0250	0.1250	0.1350	1.27197874e+09
0.0250	0.1250	0.1450	1.93894969e+09
0.0250	0.1350	0.1350	1.03757739e+09
0.0250	0.1350	0.1450	8.83384851e+08
0.0250	0.1450	0.1450	1.02420715e+09
0.0350	0.0350	0.0350	6.53129166e+09
0.0350	0.0350	0.0450	5.13594219e+09
0.0350	0.0350	0.0550	1.35770730e+09
0.0350	0.0350	0.0650	4.46883495e+09
0.0350	0.0350	0.0750	3.70540129e+09
0.0350	0.0450	0.0450	4.31566722e+09
0.0350	0.0450	0.0550	1.90591039e+09
0.0350	0.0450	0.0650	2.44685173e+09
0.0350	0.0450	0.0750	3.60223019e+09
0.0350	0.0450	0.0850	2.02851753e+09
0.0350	0.0550	0.0550	2.83706620e+09
0.0350	0.0550	0.0650	6.39016690e+08
0.0350	0.0550	0.0750	2.49500669e+09
0.0350	0.0550	0.0850	3.19883762e+09
0.0350	0.0550	0.0950	9.63384664e+08
0.0350	0.0650	0.0650	2.41974138e+09
0.0350	0.0650	0.0750	1.65118665e+09
0.0350	0.0650	0.0850	2.35131902e+09
0.0350	0.0650	0.0950	3.21864192e+09
0.0350	0.0650	0.1050	4.31299853e+09
0.0350	0.0750	0.0750	2.21606080e+09
0.0350	0.0750	0.0850	1.16944511e+09
0.0350	0.0750	0.0950	9.50586471e+08
0.0350	0.0750	0.1050	1.83789150e+09
0.0350	0.0750	0.1150	1.91922549e+09
0.0350	0.0850	0.0850	1.77955445e+09
0.0350	0.0850	0.0950	1.34129628e+09
0.0350	0.0850	0.1050	1.49381839e+09
0.0350	0.0850	0.1150	2.03777318e+09
0.0350	0.0850	0.1250	2.25437803e+09
0.0350	0.0950	0.0950	1.59520413e+09
0.0350	0.0950	0.1050	1.32420213e+09
0.0350	0.0950	0.1150	1.31063795e+09
0.0350	0.0950	0.1250	2.22037082e+09
0.0350	0.0950	0.1350	2.34384169e+09
0.0350	0.1050	0.1050	1.58763174e+09
0.0350	0.1050	0.1150	1.01673361e+09
0.0350	0.1050	0.1250	1.21103994e+09
0.0350	0.1050	0.1350	1.43999500e+09
0.0350	0.1050	0.1450	1.41147061e+09
0.0350	0.1150	0.1150	6.68063251e+08
0.0350	0.1150	0.1250	1.04568852e+09
0.0350	0.1150	0.1350	1.29830954e+09
0.0350	0.1150	0.1450	1.52075797e+09
0.0350	0.1250	0.1250	1.02364801e+09
0.0350	0.1250	0.1350	8.03868424e+08
0.0350	0.1250	0.1450	9.36990586e+08
0.0350	0.1350	0.1350	9.57746599e+08
0.0350	0.1350	0.1450	7.47264335e+08
0.0350	0.1450	0.1450	9.63471173e+08
0.0450	0.0450	0.0450	-1.08750488e+09
0.0450	0.0450	0.0550	2.40400389e+09
0.0450	0.0450	0.0650	1.43510750e+09
0.0450	0.0450	0.0750	2.43036298e+09
0.0450	0.0450	0.0850	1.88342229e+09
0.0450	0.0450	0.0950	3.37030084e+09
0.0450	0.0550	0.0550	5.46402975e+08
0.0450	0.0550	0.0650	1.93356659e+09
0.0450	0.0550	0.0750	1.24528911e+09
0.0450	0.0550	0.0850	1.88352819e+09
0.0450	0.0550	0.0950	2.53076181e+09
0.0450	0.0550	0.1050	3.93850649e+09
0.0450	0.0650	0.0650	5.24313917e+08
0.0450	0.0650	0.0750	9.03109639e+08
0.0450	0.0650	0.0850	1.71856824e+09
0.0450	0.0650	0.0950	1.35150756e+09
0.0450	0.0650	0.1050	1.87801281e+09
0.0450	0.0650	0.1150	2.64761519e+09
0.0450	0.0750	0.0750	1.58666370e+09
0.0450	0.0750	0.0850	7.44477224e+08
0.0450	0.0750	0.0950	1.72329180e+09
0.0450	0.0750	0.1050	1.90854923e+09
0.0450	0.0750	0.1150	2.38600900e+09
0.0450	0.0750	0.1250	1.82640388e+09
0.0450	0.0850	0.0850	1.20137508e+09
0.0450	0.0850	0.0950	1.05493827e+09
0.0450	0.0850	0.1050	9.93665447e+08
0.0450	0.0850	0.1150	1.07527382e+09
0.0450	0.0850	0.1250	1.68029424e+09
0.0450	0.0850	0.1350	2.39817562e+09
0.0450	0.0950	0.0950	1.07332826e+09
0.0450	0.0950	0.1050	8.23613186e+08
0.0450	0.0950	0.1150	7.93925628e+08
0.0450	0.0950	0.1250	1.07675691e+09
0.0450	0.0950	0.1350	1.22178872e+09
0.0450	0.0950	0.1450	1.20555229e+09
0.0450	0.1050	0.1050	2.09819152e+08
0.0450	0.1050	0.1150	9.60808743e+08
0.0450	0.1050	0.1250	1.05611402e+09
0.0450	0.1050	0.1350	1.11020993e+09
0.0450	0.1050	0.1450	9.56466328e+08
0.0450	0.1150	0.1150	7.85121262e+08
0.0450	0.1150	0.1250	7.47531226e+08
0.0450	0.1150	0.1350	8.52087784e+08
0.0450	0.1150	0.1450	8.67711384e+08
0.0450	0.1250	0.1250	5.98136852e+08
0.0450	0.1250	0.1350	6.14613513e+08
0.0450	0.1250	0.1450	6.08102445e+08
0.0450	0.1350	0.1350	3.45012719e+08
0.0450	0.1350	0.1450	8.06527305e+08
0.0450	0.1450	0.1450	2.51488941e+08
0.0550	0.0550	0.0550	1.96004151e+09
0.0550	0.0550	0.0650	1.35238346e+09
0.0550	0.0550	0.0750	7.46209150e+08
0.0550	0.0550	0.0850	1.68718542e+09
0.0550	0.0550	0.0950	2.18915996e+09
0.0550	0.0550	0.1050	2.22010877e+09
0.0550	0.0550	0.1150	8.98768907e+08
0.0550	0.0650	0.0650	6.18285210e+08
0.0550	0.0650	0.0750	1.73354205e+09
0.0550	0.0650	0.0850	1.18928215e+09
0.0550	0.0650	0.0950	9.86975409e+08
0.0550	0.0650	0.1050	1.82683106e+09
0.0550	0.0650	0.1150	1.93646322e+09
0.0550	0.0650	0.1250	1.82655198e+09
0.0550	0.0750	0.0750	3.65777676e+08
0.0550	0.0750	0.0850	1.07132476e+09
0.0550	0.0750	0.0950	1.05053271e+09
0.0550	0.0750	0.1050	9.77392231e+08
0.0550	0.0750	0.1150	1.22104299e+09
0.0550	0.0750	0.1250	1.48973448e+09
0.0550	0.0750	0.1350	1.23342383e+09
0.0550	0.0850	0.0850	8.60893191e+08
0.0550	0.0850	0.0950	1.13814547e+09
0.0550	0.0850	0.1050	8.27644854e+08
0.0550	0.0850	0.1150	9.96399385e+08
0.0550	0.0850	0.1250	1.16950689e+09
0.0550	0.0850	0.1350	1.09353757e+09
0.0550	0.0850	0.1450	1.43686422e+09
0.0550	0.0950	0.0950	1.03891967e+09
0.0550	0.0950	0.1050	5.11037624e+08
0.0550	0.0950	0.1150	9.83225915e+08
0.0550	0.0950	0.1250	8.32073826e+08
0.0550	0.0950	0.1350	9.65266479e+08
0.0550	0.0950	0.1450	1.16367973e+09
0.0550	0.1050	0.1050	5.96205967e+08
0.0550	0.1050	0.1150	5.79048689e+08
0.0550	0.1050	0.1250	9.34752421e+08
0.0550	0.1050	0.1350	6.58467718e+08
0.0550	0.1050	0.1450	8.83727181e+08
0.0550	0.1150	0.1150	7.17705177e+08
0.0550	0.1150	0.1250	7.64593776e+08
0.0550	0.1150	0.1350	5.79312992e+08
0.0550	0.1150	0.1450	6.63861318e+08
0.0550	0.1250	0.1250	5.16124563e+08
0.0550	0.1250	0.1350	6.45997569e+08
0.0550	0.1250	0.1450	5.46352968e+08
0.0550	0.1350	0.1350	5.79388554e+08
0.0550	0.1350	0.1450	5.06303507e+08
0.0550	0.1450	0.1450	5.38255657e+08
0.0650	0.0650	0.0650	2.59880573e+09
0.0650	0.0650	0.0750	1.14976602e+09
0.0650	0.0650	0.0850	7.14030321e+08
0.0650	0.0650	0.0950	1.33152243e+09
0.0650	0.0650	0.1050	8.07197572e+08
0.0650	0.0650	0.1150	1.17995927e+09
0.0650	0.0650	0.1250	1.41550501e+09
0.0650	0.0650	0.1350	2.47595091e+09
0.0650	0.0750	0.0750	1.10692791e+09
0.0650	0.0750	0.0850	8.79898694e+08
0.0650	0.0750	0.0950	1.02701962e+09
0.0650	0.0750	0.1050	1.38092882e+09
0.0650	0.0750	0.1150	1.00964044e+09
0.0650	0.0750	0.1250	1.42422365e+09
0.0650	0.0750	0.1350	1.80221317e+09
0.0650	0.0750	0.1450	1.98551345e+09
0.0650	0.0850	0.0850	7.58588237e+08
0.0650	0.0850	0.0950	6.98481859e+08
0.0650	0.0850	0.1050	9.38047026e+08
0.0650	0.0850	0.1150	6.65776804e+08
0.0650	0.0850	0.1250	9.58157897e+08
0.0650	0.0850	0.1350	1.00098878e+09
0.0650	0.0850	0.1450	1.09762439e+09
0.0650	0.0950	0.0950	4.61752948e+08
0.0650	0.0950	0.1050	5.88088300e+08
0.0650	0.0950	0.1150	5.65406530e+08
0.0650	0.0950	0.1250	6.36081953e+08
0.0650	0.0950	0.1350	6.85465739e+08
0.0650	0.0950	0.1450	9.28814192e+08
0.0650	0.1050	0.1050	7.47062357e+08
0.0650	0.1050	0.1150	7.64890711e+08
0.0650	0.1050	0.1250	7.36847276e+08
0.0650	0.1050	0.1350	7.43118512e+08
0.0650	0.1050	0.1450	5.62279079e+08
0.0650	0.1150	0.1150	5.87113050e+08
0.0650	0.1150	0.1250	5.99143476e+08
0.0650	0.1150	0.1350	5.13441302e+08
0.0650	0.1150	0.1450	7.09163443e+08
0.0650	0.1250	0.1250	5.49540317e+08
0.0650	0.1250	0.1350	6.76011331e+08
0.0650	0.1250	0.1450	5.51473515e+08
0.0650	0.1350	0.1350	4.59247913e+08
0.0650	0.1350	0.1450	4.51092351e+08
0.0650	0.1450	0.1450	5.12722161e+08
0.0750	0.0750	0.0750	1.07424047e+09
0.0750	0.0750	0.0850	9.73116925e+08
0.0750	0.0750	0.0950	1.02236780e+09
0.0750	0.0750	0.1050	6.02569024e+07
0.0750	0.0750	0.1150	1.05364842e+09
0.0750	0.0750	0.1250	8.47072054e+08
0.0750	0.0750	0.1350	1.04465198e+09
0.0750	0.0750	0.1450	1.10248096e+09
0.0750	0.0850	0.0850	8.57380094e+08
0.0750	0.0850	0.0950	3.72104676e+08
0.0750	0.0850	0.1050	6.96519375e+08
0.0750	0.0850	0.1150	8.92911520e+08
0.0750	0.0850	0.1250	7.51649302e+08
0.0750	0.0850	0.1350	9.66909440e+08
0.0750	0.0850	0.1450	9.35069071e+08
0.0750	0.0950	0.0950	5.07943047e+08
0.0750	0.0950	0.1050	4.61092893e+08
0.0750	0.0950	0.1150	5.82585357e+08
0.0750	0.0950	0.1250	6.50975609e+08
0.0750	0.0950	0.1350	6.90576638e+08
0.0750	0.0950	0.1450	6.14953628e+08
0.0750	0.1050	0.1050	8.74180400e+08
0.0750	0.1050	0.1150	6.31638879e+08
0.0750	0.1050	0.1250	3.84821560e+08
0.0750	0.1050	0.1350	7.23990795e+08
0.0750	0.1050	0.1450	5.59884126e+08
0.0750	0.1150	0.1150	3.79272656e+08
0.0750	0.1150	0.1250	6.01102878e+08
0.0750	0.1150	0.1350	4.08118128e+08
0.0750	0.1150	0.1450	5.10724253e+08
0.0750	0.1250	0.1250	4.51072782e+08
0.0750	0.1250	0.1350	4.98714097e+08
0.0750	0.1250	0.1450	3.28597740e+08
0.0750	0.1350	0.1350	5.48720210e+08
0.0750	0.1350	0.1450	3.93882019e+08
0.0750	0.1450	0.1450	3.23107119e+08
0.0850	0.0850	0.0850	-1.10370889e+08
0.0850	0.0850	0.0950	9.87498747e+08
0.0850	0.0850	0.1050	5.41749154e+08
0.0850	0.0850	0.1150	6.47953401e+08
0.0850	0.0850	0.1250	4.44817408e+08
0.0850	0.0850	0.1350	7.06100050e+08
0.0850	0.0850	0.1450	7.33460635e+08
0.0850	0.0950	0.0950	5.98311916e+08
0.0850	0.0950	0.1050	7.42133426e+08
0.0850	0.0950	0.1150	5.26400367e+08
0.0850	0.0950	0.1250	4.82026459e+08
0.0850	0.0950	0.1350	5.42713830e+08
0.0850	0.0950	0.1450	6.01739212e+08
0.0850	0.1050	0.1050	4.26410150e+08
0.0850	0.1050	0.1150	5.99011374e+08
0.0850	0.1050	0.1250	4.66579709e+08
0.0850	0.1050	0.1350	4.73315385e+08
0.0850	0.1050	0.1450	4.64254315e+08
0.0850	0.1150	0.1150	2.85005587e+08
0.0850	0.1150	0.1250	4.54547921e+08
0.0850	0.1150	0.1350	3.77562595e+08
0.0850	0.1150	0.1450	4.55193832e+08
0.0850	0.1250	0.1250	5.30284972e+08
0.0850	0.1250	0.1350	4.25493701e+08
0.0850	0.1250	0.1450	3.67059537e+08
0.0850	0.1350	0.1350	2.92381773e+08
0.0850	0.1350	0.1450	3.67719479e+08
0.0850	0.1450	0.1450	3.40633760e+08
0.0950	0.0950	0.0950	4.03730026e+08
0.0950	0.0950	0.1050	6.09648629e+08
0.0950	0.0950	0.1150	2.53236241e+08
0.0950	0.0950	0.1250	4.29289237e+08
0.0950	0.0950	0.1350	4.14426719e+08
0.0950	0.0950	0.1450	5.77929393e+08
0.0950	0.1050	0.1050	5.81108475e+08
0.0950	0.1050	0.1150	3.37458582e+08
0.0950	0.1050	0.1250	4.44222367e+08
0.0950	0.1050	0.1350	3.76079423e+08
0.0950	0.1050	0.1450	3.32003495e+08
0.0950	0.1150	0.1150	5.10754240e+08
0.0950	0.1150	0.1250	3.92649342e+08
0.0950	0.1150	0.1350	4.42284455e+08
0.0950	0.1150	0.1450	4.17228610e+08
0.0950	0.1250	0.1250	3.80148588e+08
0.0950	0.1250	0.1350	2.81471065e+08
0.0950	0.1250	0.1450	3.57877486e+08
0.0950	0.1350	0.1350	2.67728941e+08
0.0950	0.1350	0.1450	2.93984966e+08
0.0950	0.1450	0.1450	2.45943527e+08
0.1050	0.1050	0.1050	5.24135369e+08
0.1050	0.1050	0.1150	4.72914084e+08
0.1050	0.1050	0.1250	3.63707452e+08
0.1050	0.1050	0.1350	4.08673961e+08
0.1050	0.1050	0.1450	4.06547310e+08
0.1050	0.1150	0.1150	3.69486777e+08
0.1050	0.1150	0.1250	2.85447759e+08
0.1050	0.1150	0.1350	4.02396092e+08
0.1050	0.1150	0.1450	3.59475594e+08
0.1050	0.1250	0.1250	4.09480423e+08
0.1050	0.1250	0.1350	3.22363573e+08
0.1050	0.1250	0.1450	2.95419673e+08
0.1050	0.1350	0.1350	3.10826255e+08
0.1050	0.1350	0.1450	2.74739587e+08
0.1050	0.1450	0.1450	2.36775371e+08
0.1150	0.1150	0.1150	3.14096338e+08
0.1150	0.1150	0.1250	3.24801508e+08
0.1150	0.1150	0.1350	3.79509294e+08
0.1150	0.1150	0.1450	2.25443832e+08
0.1150	0.1250	0.1250	3.13911641e+08
0.1150	0.1250	0.1350	3.36310360e+08
0.1150	0.1250	0.1450	3.14553441e+08
0.1150	0.1350	0.1350	3.47497654e+08
0.1150	0.1350	0.1450	1.91804597e+08
0.1150	0.1450	0.1450	3.06123763e+08
0.1250	0.1250	0.1250	4.00853734e+08
0.1250	0.1250	0.1350	2.32723633e+08
0.1250	0.1250	0.1450	2.58011954e+08
0.1250	0.1350	0.1350	4.23701085e+08
0.1250	0.1350	0.1450	2.23815644e+08
0.1250	0.1450	0.1450	1.67123664e+08
0.1350	0.1350	0.1350	3.20181675e+08
0.1350	0.1350	0.1450	2.22059256e+08
0.1350	0.1450	0.1450	2.14696811e+08
0.1450	0.1450	0.1450	2.29338394e+08
