####### Bispectrum of Patchy Simulation 916 #############
# Patch: ngc
# z-type: z3
# Weights: fkp
# Fiducial Omega_m: 0.310
# Fiducial h: 0.676
# Boxsize: [1800.0, 3400.0, 1900.0]
# Grid: [170, 325, 180]
# k-binning: [0.000, 0.160, 0.010]
# Monte Carlo Simulations: 100
#
# Format: k1 | k2 | k3 | B(k1,k2,k3)
############################################
0.0150	0.0150	0.0150	-9.62646666e+08
0.0150	0.0150	0.0250	1.23932358e+10
0.0150	0.0150	0.0350	7.35257631e+09
0.0150	0.0250	0.0250	4.75208073e+09
0.0150	0.0250	0.0350	5.93749043e+09
0.0150	0.0250	0.0450	9.31168283e+09
0.0150	0.0350	0.0350	-1.02232574e+09
0.0150	0.0350	0.0450	8.98434996e+09
0.0150	0.0350	0.0550	1.48098795e+09
0.0150	0.0450	0.0450	-1.70224320e+09
0.0150	0.0450	0.0550	1.52738025e+09
0.0150	0.0450	0.0650	2.75112413e+09
0.0150	0.0550	0.0550	3.55444853e+09
0.0150	0.0550	0.0650	1.33845098e+09
0.0150	0.0550	0.0750	3.53723216e+09
0.0150	0.0650	0.0650	2.57538447e+09
0.0150	0.0650	0.0750	2.58295539e+09
0.0150	0.0650	0.0850	1.16672920e+09
0.0150	0.0750	0.0750	1.27465536e+09
0.0150	0.0750	0.0850	2.23058300e+09
0.0150	0.0750	0.0950	4.92636942e+09
0.0150	0.0850	0.0850	1.39602638e+09
0.0150	0.0850	0.0950	2.21821256e+09
0.0150	0.0850	0.1050	3.29051575e+09
0.0150	0.0950	0.0950	2.72119289e+08
0.0150	0.0950	0.1050	1.87894896e+09
0.0150	0.0950	0.1150	4.11770594e+08
0.0150	0.1050	0.1050	1.04822924e+09
0.0150	0.1050	0.1150	1.48955568e+09
0.0150	0.1050	0.1250	3.12037757e+09
0.0150	0.1150	0.1150	8.03518525e+08
0.0150	0.1150	0.1250	1.01463684e+09
0.0150	0.1150	0.1350	2.20977171e+09
0.0150	0.1250	0.1250	1.76880694e+08
0.0150	0.1250	0.1350	1.34167119e+09
0.0150	0.1250	0.1450	1.56308647e+09
0.0150	0.1350	0.1350	1.33360397e+09
0.0150	0.1350	0.1450	9.93618035e+08
0.0150	0.1450	0.1450	7.46988836e+08
0.0250	0.0250	0.0250	2.35877647e+09
0.0250	0.0250	0.0350	2.38925369e+09
0.0250	0.0250	0.0450	5.84883465e+09
0.0250	0.0250	0.0550	7.38738778e+09
0.0250	0.0350	0.0350	1.98832261e+09
0.0250	0.0350	0.0450	3.45762923e+09
0.0250	0.0350	0.0550	5.94180764e+09
0.0250	0.0350	0.0650	5.67252212e+09
0.0250	0.0450	0.0450	1.05438269e+09
0.0250	0.0450	0.0550	3.17786306e+09
0.0250	0.0450	0.0650	4.01426853e+09
0.0250	0.0450	0.0750	4.50739516e+09
0.0250	0.0550	0.0550	2.06463241e+09
0.0250	0.0550	0.0650	3.60121814e+09
0.0250	0.0550	0.0750	2.64806560e+09
0.0250	0.0550	0.0850	4.44556831e+09
0.0250	0.0650	0.0650	4.56415045e+08
0.0250	0.0650	0.0750	2.05908822e+09
0.0250	0.0650	0.0850	3.11976372e+09
0.0250	0.0650	0.0950	4.60442728e+09
0.0250	0.0750	0.0750	1.65570693e+09
0.0250	0.0750	0.0850	2.02794753e+09
0.0250	0.0750	0.0950	2.54657069e+09
0.0250	0.0750	0.1050	3.89299752e+09
0.0250	0.0850	0.0850	1.77177320e+09
0.0250	0.0850	0.0950	1.66562726e+09
0.0250	0.0850	0.1050	2.22654599e+09
0.0250	0.0850	0.1150	3.04051886e+09
0.0250	0.0950	0.0950	2.17278567e+09
0.0250	0.0950	0.1050	1.31480074e+09
0.0250	0.0950	0.1150	1.73512871e+09
0.0250	0.0950	0.1250	1.68103838e+09
0.0250	0.1050	0.1050	7.42068655e+08
0.0250	0.1050	0.1150	1.10437690e+09
0.0250	0.1050	0.1250	1.14517480e+09
0.0250	0.1050	0.1350	1.92569377e+09
0.0250	0.1150	0.1150	6.05861123e+08
0.0250	0.1150	0.1250	1.18038643e+09
0.0250	0.1150	0.1350	9.92854256e+08
0.0250	0.1150	0.1450	2.34539897e+09
0.0250	0.1250	0.1250	1.22232179e+09
0.0250	0.1250	0.1350	9.74295331e+08
0.0250	0.1250	0.1450	1.43932857e+09
0.0250	0.1350	0.1350	9.36492797e+08
0.0250	0.1350	0.1450	6.92676781e+08
0.0250	0.1450	0.1450	5.35451059e+08
0.0350	0.0350	0.0350	3.41265955e+09
0.0350	0.0350	0.0450	4.78350749e+09
0.0350	0.0350	0.0550	2.04898922e+09
0.0350	0.0350	0.0650	6.62221403e+09
0.0350	0.0350	0.0750	7.80150813e+09
0.0350	0.0450	0.0450	3.83551778e+09
0.0350	0.0450	0.0550	3.26847600e+09
0.0350	0.0450	0.0650	3.87513837e+09
0.0350	0.0450	0.0750	3.99395530e+09
0.0350	0.0450	0.0850	3.65699189e+09
0.0350	0.0550	0.0550	2.24818935e+09
0.0350	0.0550	0.0650	1.81092914e+09
0.0350	0.0550	0.0750	3.43689015e+09
0.0350	0.0550	0.0850	2.50458614e+09
0.0350	0.0550	0.0950	1.64111384e+09
0.0350	0.0650	0.0650	2.89740922e+09
0.0350	0.0650	0.0750	2.78717381e+09
0.0350	0.0650	0.0850	2.25642100e+09
0.0350	0.0650	0.0950	2.74998603e+09
0.0350	0.0650	0.1050	3.14346398e+09
0.0350	0.0750	0.0750	2.36666490e+09
0.0350	0.0750	0.0850	1.99854865e+09
0.0350	0.0750	0.0950	1.24468090e+09
0.0350	0.0750	0.1050	2.78029661e+09
0.0350	0.0750	0.1150	1.79046350e+09
0.0350	0.0850	0.0850	1.68708653e+09
0.0350	0.0850	0.0950	1.70471654e+09
0.0350	0.0850	0.1050	2.03392974e+09
0.0350	0.0850	0.1150	2.50113497e+09
0.0350	0.0850	0.1250	2.98290121e+09
0.0350	0.0950	0.0950	1.59020358e+09
0.0350	0.0950	0.1050	1.36795397e+09
0.0350	0.0950	0.1150	1.52010523e+09
0.0350	0.0950	0.1250	2.12512782e+09
0.0350	0.0950	0.1350	1.01227887e+09
0.0350	0.1050	0.1050	1.84353470e+09
0.0350	0.1050	0.1150	1.13052262e+09
0.0350	0.1050	0.1250	1.50667837e+09
0.0350	0.1050	0.1350	1.83554924e+09
0.0350	0.1050	0.1450	1.52516701e+09
0.0350	0.1150	0.1150	1.17069502e+09
0.0350	0.1150	0.1250	1.20353362e+09
0.0350	0.1150	0.1350	1.25484711e+09
0.0350	0.1150	0.1450	1.57037501e+09
0.0350	0.1250	0.1250	8.50817392e+08
0.0350	0.1250	0.1350	9.09597570e+08
0.0350	0.1250	0.1450	1.20218471e+09
0.0350	0.1350	0.1350	1.12152709e+09
0.0350	0.1350	0.1450	1.14986607e+09
0.0350	0.1450	0.1450	7.69263393e+08
0.0450	0.0450	0.0450	3.28500886e+09
0.0450	0.0450	0.0550	-2.16257703e+08
0.0450	0.0450	0.0650	2.00176611e+09
0.0450	0.0450	0.0750	1.92402260e+09
0.0450	0.0450	0.0850	2.36875137e+09
0.0450	0.0450	0.0950	2.78358733e+09
0.0450	0.0550	0.0550	2.60893014e+09
0.0450	0.0550	0.0650	1.67049775e+09
0.0450	0.0550	0.0750	1.15330536e+09
0.0450	0.0550	0.0850	1.85826801e+09
0.0450	0.0550	0.0950	2.93437555e+09
0.0450	0.0550	0.1050	2.98651998e+09
0.0450	0.0650	0.0650	1.36336688e+09
0.0450	0.0650	0.0750	1.51704067e+09
0.0450	0.0650	0.0850	1.30190856e+09
0.0450	0.0650	0.0950	1.29938144e+09
0.0450	0.0650	0.1050	2.11943514e+09
0.0450	0.0650	0.1150	2.80844059e+09
0.0450	0.0750	0.0750	1.19457524e+09
0.0450	0.0750	0.0850	9.92893286e+08
0.0450	0.0750	0.0950	1.89940066e+09
0.0450	0.0750	0.1050	1.73216998e+09
0.0450	0.0750	0.1150	1.63161174e+09
0.0450	0.0750	0.1250	1.85606578e+09
0.0450	0.0850	0.0850	1.81849670e+09
0.0450	0.0850	0.0950	1.25944807e+09
0.0450	0.0850	0.1050	1.12677219e+09
0.0450	0.0850	0.1150	1.33199320e+09
0.0450	0.0850	0.1250	1.69276879e+09
0.0450	0.0850	0.1350	1.93324288e+09
0.0450	0.0950	0.0950	1.00420364e+09
0.0450	0.0950	0.1050	8.04762324e+08
0.0450	0.0950	0.1150	1.13842018e+09
0.0450	0.0950	0.1250	1.03972441e+09
0.0450	0.0950	0.1350	1.19753616e+09
0.0450	0.0950	0.1450	1.33504840e+09
0.0450	0.1050	0.1050	1.14474867e+09
0.0450	0.1050	0.1150	7.57205977e+08
0.0450	0.1050	0.1250	1.13984936e+09
0.0450	0.1050	0.1350	1.03624187e+09
0.0450	0.1050	0.1450	1.34692878e+09
0.0450	0.1150	0.1150	5.44317486e+08
0.0450	0.1150	0.1250	8.47302251e+08
0.0450	0.1150	0.1350	8.50916194e+08
0.0450	0.1150	0.1450	8.84450103e+08
0.0450	0.1250	0.1250	1.04030872e+09
0.0450	0.1250	0.1350	7.66955643e+08
0.0450	0.1250	0.1450	7.57846210e+08
0.0450	0.1350	0.1350	5.76801259e+08
0.0450	0.1350	0.1450	6.80675571e+08
0.0450	0.1450	0.1450	4.37663342e+08
0.0550	0.0550	0.0550	7.72398115e+08
0.0550	0.0550	0.0650	8.03515652e+08
0.0550	0.0550	0.0750	2.06394524e+09
0.0550	0.0550	0.0850	2.28357134e+09
0.0550	0.0550	0.0950	1.62370405e+09
0.0550	0.0550	0.1050	1.71034873e+09
0.0550	0.0550	0.1150	3.53050648e+09
0.0550	0.0650	0.0650	2.07177251e+09
0.0550	0.0650	0.0750	1.16645561e+09
0.0550	0.0650	0.0850	1.53573380e+09
0.0550	0.0650	0.0950	1.36791402e+09
0.0550	0.0650	0.1050	1.84015000e+09
0.0550	0.0650	0.1150	1.21618911e+09
0.0550	0.0650	0.1250	3.15705086e+09
0.0550	0.0750	0.0750	1.10196966e+09
0.0550	0.0750	0.0850	1.18954424e+09
0.0550	0.0750	0.0950	8.41048398e+08
0.0550	0.0750	0.1050	1.07820959e+09
0.0550	0.0750	0.1150	1.50806043e+09
0.0550	0.0750	0.1250	1.67156926e+09
0.0550	0.0750	0.1350	1.39624039e+09
0.0550	0.0850	0.0850	5.58012075e+08
0.0550	0.0850	0.0950	1.10573701e+09
0.0550	0.0850	0.1050	1.32309339e+09
0.0550	0.0850	0.1150	8.81703320e+08
0.0550	0.0850	0.1250	1.17802628e+09
0.0550	0.0850	0.1350	1.58994256e+09
0.0550	0.0850	0.1450	1.54407991e+09
0.0550	0.0950	0.0950	9.65582568e+08
0.0550	0.0950	0.1050	8.40540430e+08
0.0550	0.0950	0.1150	9.06887980e+08
0.0550	0.0950	0.1250	9.70409594e+08
0.0550	0.0950	0.1350	9.78685162e+08
0.0550	0.0950	0.1450	1.26210740e+09
0.0550	0.1050	0.1050	4.19764619e+08
0.0550	0.1050	0.1150	9.11532932e+08
0.0550	0.1050	0.1250	9.08745140e+08
0.0550	0.1050	0.1350	9.53447919e+08
0.0550	0.1050	0.1450	9.02240141e+08
0.0550	0.1150	0.1150	9.07623388e+08
0.0550	0.1150	0.1250	6.58624433e+08
0.0550	0.1150	0.1350	7.59952697e+08
0.0550	0.1150	0.1450	6.53446935e+08
0.0550	0.1250	0.1250	8.48617090e+08
0.0550	0.1250	0.1350	6.52496458e+08
0.0550	0.1250	0.1450	6.93269637e+08
0.0550	0.1350	0.1350	5.07130230e+08
0.0550	0.1350	0.1450	6.53034910e+08
0.0550	0.1450	0.1450	5.31030211e+08
0.0650	0.0650	0.0650	5.46368215e+08
0.0650	0.0650	0.0750	1.76646056e+09
0.0650	0.0650	0.0850	8.18461190e+08
0.0650	0.0650	0.0950	1.20549690e+09
0.0650	0.0650	0.1050	1.36700160e+09
0.0650	0.0650	0.1150	1.13048217e+09
0.0650	0.0650	0.1250	1.35987149e+09
0.0650	0.0650	0.1350	2.66838460e+09
0.0650	0.0750	0.0750	1.04933029e+09
0.0650	0.0750	0.0850	1.11094206e+09
0.0650	0.0750	0.0950	1.03528582e+09
0.0650	0.0750	0.1050	1.36475602e+09
0.0650	0.0750	0.1150	1.06396918e+09
0.0650	0.0750	0.1250	1.30588812e+09
0.0650	0.0750	0.1350	1.31455530e+09
0.0650	0.0750	0.1450	1.41322792e+09
0.0650	0.0850	0.0850	7.92729955e+08
0.0650	0.0850	0.0950	6.99228212e+08
0.0650	0.0850	0.1050	9.54417166e+08
0.0650	0.0850	0.1150	8.61686935e+08
0.0650	0.0850	0.1250	9.38617617e+08
0.0650	0.0850	0.1350	1.25270508e+09
0.0650	0.0850	0.1450	1.24127906e+09
0.0650	0.0950	0.0950	8.35402944e+08
0.0650	0.0950	0.1050	7.49807991e+08
0.0650	0.0950	0.1150	7.43110772e+08
0.0650	0.0950	0.1250	1.03636759e+09
0.0650	0.0950	0.1350	7.42217761e+08
0.0650	0.0950	0.1450	8.50747703e+08
0.0650	0.1050	0.1050	8.34535842e+08
0.0650	0.1050	0.1150	8.40599386e+08
0.0650	0.1050	0.1250	6.28920026e+08
0.0650	0.1050	0.1350	7.21317428e+08
0.0650	0.1050	0.1450	7.77299501e+08
0.0650	0.1150	0.1150	5.36841361e+08
0.0650	0.1150	0.1250	7.10260803e+08
0.0650	0.1150	0.1350	7.28498506e+08
0.0650	0.1150	0.1450	6.96896416e+08
0.0650	0.1250	0.1250	5.94119506e+08
0.0650	0.1250	0.1350	5.69614230e+08
0.0650	0.1250	0.1450	7.46197157e+08
0.0650	0.1350	0.1350	5.96105383e+08
0.0650	0.1350	0.1450	4.45882113e+08
0.0650	0.1450	0.1450	4.32913248e+08
0.0750	0.0750	0.0750	1.03405114e+09
0.0750	0.0750	0.0850	8.01568752e+08
0.0750	0.0750	0.0950	1.12856028e+09
0.0750	0.0750	0.1050	8.67072424e+08
0.0750	0.0750	0.1150	8.00406558e+08
0.0750	0.0750	0.1250	9.42509427e+08
0.0750	0.0750	0.1350	1.01524148e+09
0.0750	0.0750	0.1450	1.26670780e+09
0.0750	0.0850	0.0850	7.40812028e+08
0.0750	0.0850	0.0950	7.32456790e+08
0.0750	0.0850	0.1050	1.03306194e+09
0.0750	0.0850	0.1150	8.54320905e+08
0.0750	0.0850	0.1250	9.29472277e+08
0.0750	0.0850	0.1350	9.14856161e+08
0.0750	0.0850	0.1450	9.06532702e+08
0.0750	0.0950	0.0950	3.74446150e+08
0.0750	0.0950	0.1050	7.80296854e+08
0.0750	0.0950	0.1150	5.69025863e+08
0.0750	0.0950	0.1250	5.93317958e+08
0.0750	0.0950	0.1350	7.75590605e+08
0.0750	0.0950	0.1450	7.68807829e+08
0.0750	0.1050	0.1050	6.64994386e+08
0.0750	0.1050	0.1150	8.14007279e+08
0.0750	0.1050	0.1250	6.27949898e+08
0.0750	0.1050	0.1350	6.29568098e+08
0.0750	0.1050	0.1450	6.53764135e+08
0.0750	0.1150	0.1150	7.32576073e+08
0.0750	0.1150	0.1250	4.47870580e+08
0.0750	0.1150	0.1350	6.89205481e+08
0.0750	0.1150	0.1450	4.83798684e+08
0.0750	0.1250	0.1250	5.82891832e+08
0.0750	0.1250	0.1350	5.53886350e+08
0.0750	0.1250	0.1450	6.73615384e+08
0.0750	0.1350	0.1350	4.37266479e+08
0.0750	0.1350	0.1450	4.75120636e+08
0.0750	0.1450	0.1450	5.20821454e+08
0.0850	0.0850	0.0850	9.29740452e+08
0.0850	0.0850	0.0950	7.83294847e+08
0.0850	0.0850	0.1050	7.33206401e+08
0.0850	0.0850	0.1150	6.01911160e+08
0.0850	0.0850	0.1250	8.42629390e+08
0.0850	0.0850	0.1350	7.75698083e+08
0.0850	0.0850	0.1450	8.67332093e+08
0.0850	0.0950	0.0950	5.55427389e+08
0.0850	0.0950	0.1050	6.53937569e+08
0.0850	0.0950	0.1150	4.25064667e+08
0.0850	0.0950	0.1250	5.39364770e+08
0.0850	0.0950	0.1350	5.66111546e+08
0.0850	0.0950	0.1450	8.62168629e+08
0.0850	0.1050	0.1050	5.12493934e+08
0.0850	0.1050	0.1150	5.44626553e+08
0.0850	0.1050	0.1250	5.31371643e+08
0.0850	0.1050	0.1350	6.35620058e+08
0.0850	0.1050	0.1450	6.09557187e+08
0.0850	0.1150	0.1150	7.00699632e+08
0.0850	0.1150	0.1250	5.53009746e+08
0.0850	0.1150	0.1350	4.04612323e+08
0.0850	0.1150	0.1450	4.92860503e+08
0.0850	0.1250	0.1250	6.06909925e+08
0.0850	0.1250	0.1350	3.89537385e+08
0.0850	0.1250	0.1450	4.58691354e+08
0.0850	0.1350	0.1350	6.05655936e+08
0.0850	0.1350	0.1450	4.01997272e+08
0.0850	0.1450	0.1450	4.87838484e+08
0.0950	0.0950	0.0950	6.47899931e+08
0.0950	0.0950	0.1050	5.59903150e+08
0.0950	0.0950	0.1150	5.37625446e+08
0.0950	0.0950	0.1250	5.17688366e+08
0.0950	0.0950	0.1350	5.68727193e+08
0.0950	0.0950	0.1450	4.23359427e+08
0.0950	0.1050	0.1050	6.53154399e+08
0.0950	0.1050	0.1150	5.07886285e+08
0.0950	0.1050	0.1250	4.29061373e+08
0.0950	0.1050	0.1350	4.55566410e+08
0.0950	0.1050	0.1450	5.00029157e+08
0.0950	0.1150	0.1150	4.55371662e+08
0.0950	0.1150	0.1250	5.00166972e+08
0.0950	0.1150	0.1350	5.04384146e+08
0.0950	0.1150	0.1450	4.28465399e+08
0.0950	0.1250	0.1250	5.51223856e+08
0.0950	0.1250	0.1350	4.45029046e+08
0.0950	0.1250	0.1450	4.31801961e+08
0.0950	0.1350	0.1350	4.53376015e+08
0.0950	0.1350	0.1450	3.49772671e+08
0.0950	0.1450	0.1450	3.70168093e+08
0.1050	0.1050	0.1050	5.66060024e+08
0.1050	0.1050	0.1150	6.51166548e+08
0.1050	0.1050	0.1250	3.80861559e+08
0.1050	0.1050	0.1350	5.36994956e+08
0.1050	0.1050	0.1450	4.47706902e+08
0.1050	0.1150	0.1150	3.72541092e+08
0.1050	0.1150	0.1250	3.98471372e+08
0.1050	0.1150	0.1350	3.78659321e+08
0.1050	0.1150	0.1450	4.72150542e+08
0.1050	0.1250	0.1250	3.75072995e+08
0.1050	0.1250	0.1350	4.54826315e+08
0.1050	0.1250	0.1450	3.95344256e+08
0.1050	0.1350	0.1350	2.65748624e+08
0.1050	0.1350	0.1450	3.23066166e+08
0.1050	0.1450	0.1450	3.24841772e+08
0.1150	0.1150	0.1150	4.73618281e+08
0.1150	0.1150	0.1250	3.04237569e+08
0.1150	0.1150	0.1350	3.48719583e+08
0.1150	0.1150	0.1450	3.15564930e+08
0.1150	0.1250	0.1250	3.52503074e+08
0.1150	0.1250	0.1350	3.43917942e+08
0.1150	0.1250	0.1450	3.49255118e+08
0.1150	0.1350	0.1350	2.75507314e+08
0.1150	0.1350	0.1450	4.14131608e+08
0.1150	0.1450	0.1450	3.01546760e+08
0.1250	0.1250	0.1250	5.04604222e+08
0.1250	0.1250	0.1350	4.00687253e+08
0.1250	0.1250	0.1450	4.45880371e+08
0.1250	0.1350	0.1350	3.38055428e+08
0.1250	0.1350	0.1450	2.98101982e+08
0.1250	0.1450	0.1450	3.12452236e+08
0.1350	0.1350	0.1350	3.85318328e+08
0.1350	0.1350	0.1450	3.51476458e+08
0.1350	0.1450	0.1450	2.74177003e+08
0.1450	0.1450	0.1450	2.86976577e+08
