####### Bispectrum of Patchy Simulation 926 #############
# Patch: ngc
# z-type: z3
# Weights: fkp
# Fiducial Omega_m: 0.310
# Fiducial h: 0.676
# Boxsize: [1800.0, 3400.0, 1900.0]
# Grid: [170, 325, 180]
# k-binning: [0.000, 0.160, 0.010]
# Monte Carlo Simulations: 100
#
# Format: k1 | k2 | k3 | B(k1,k2,k3)
############################################
0.0150	0.0150	0.0150	5.80322132e+10
0.0150	0.0150	0.0250	1.19024082e+10
0.0150	0.0150	0.0350	-1.08600365e+10
0.0150	0.0250	0.0250	1.80553153e+10
0.0150	0.0250	0.0350	1.14702087e+10
0.0150	0.0250	0.0450	1.51610539e+10
0.0150	0.0350	0.0350	6.99154394e+09
0.0150	0.0350	0.0450	7.55372982e+09
0.0150	0.0350	0.0550	6.67992475e+09
0.0150	0.0450	0.0450	2.27946825e+09
0.0150	0.0450	0.0550	7.31894897e+09
0.0150	0.0450	0.0650	3.04444799e+09
0.0150	0.0550	0.0550	3.94017895e+09
0.0150	0.0550	0.0650	4.03587060e+09
0.0150	0.0550	0.0750	5.73027084e+09
0.0150	0.0650	0.0650	5.48281710e+09
0.0150	0.0650	0.0750	3.29486996e+09
0.0150	0.0650	0.0850	4.56920129e+09
0.0150	0.0750	0.0750	2.66101079e+09
0.0150	0.0750	0.0850	3.52713111e+09
0.0150	0.0750	0.0950	6.32472957e+09
0.0150	0.0850	0.0850	1.70644584e+09
0.0150	0.0850	0.0950	3.59830360e+09
0.0150	0.0850	0.1050	2.34312913e+09
0.0150	0.0950	0.0950	2.29614310e+09
0.0150	0.0950	0.1050	3.04686434e+09
0.0150	0.0950	0.1150	1.51625890e+09
0.0150	0.1050	0.1050	1.63175449e+09
0.0150	0.1050	0.1150	2.49591145e+09
0.0150	0.1050	0.1250	1.78504137e+09
0.0150	0.1150	0.1150	2.44476020e+09
0.0150	0.1150	0.1250	1.40897936e+09
0.0150	0.1150	0.1350	2.54991855e+09
0.0150	0.1250	0.1250	1.30055018e+09
0.0150	0.1250	0.1350	1.72042059e+09
0.0150	0.1250	0.1450	2.81289381e+09
0.0150	0.1350	0.1350	1.62539757e+09
0.0150	0.1350	0.1450	1.88997831e+09
0.0150	0.1450	0.1450	1.02374557e+09
0.0250	0.0250	0.0250	-3.52541494e+09
0.0250	0.0250	0.0350	7.15453663e+09
0.0250	0.0250	0.0450	6.07669486e+09
0.0250	0.0250	0.0550	1.09227989e+10
0.0250	0.0350	0.0350	5.41553306e+08
0.0250	0.0350	0.0450	3.97402402e+09
0.0250	0.0350	0.0550	6.60743553e+09
0.0250	0.0350	0.0650	4.90474850e+09
0.0250	0.0450	0.0450	1.50754404e+09
0.0250	0.0450	0.0550	3.77095791e+09
0.0250	0.0450	0.0650	3.57950516e+09
0.0250	0.0450	0.0750	6.42735533e+09
0.0250	0.0550	0.0550	9.89127588e+08
0.0250	0.0550	0.0650	3.96448944e+09
0.0250	0.0550	0.0750	2.44721806e+09
0.0250	0.0550	0.0850	5.41969920e+09
0.0250	0.0650	0.0650	1.41898590e+09
0.0250	0.0650	0.0750	3.47663016e+09
0.0250	0.0650	0.0850	1.80298948e+09
0.0250	0.0650	0.0950	3.18503012e+09
0.0250	0.0750	0.0750	1.76045657e+09
0.0250	0.0750	0.0850	1.88810628e+09
0.0250	0.0750	0.0950	2.54844205e+09
0.0250	0.0750	0.1050	3.61806889e+09
0.0250	0.0850	0.0850	1.03064947e+09
0.0250	0.0850	0.0950	2.55743043e+09
0.0250	0.0850	0.1050	2.31887344e+09
0.0250	0.0850	0.1150	2.91010580e+09
0.0250	0.0950	0.0950	1.56707062e+09
0.0250	0.0950	0.1050	1.10112694e+09
0.0250	0.0950	0.1150	2.18335036e+09
0.0250	0.0950	0.1250	1.49916719e+09
0.0250	0.1050	0.1050	1.20939134e+09
0.0250	0.1050	0.1150	1.65096092e+09
0.0250	0.1050	0.1250	1.75955852e+09
0.0250	0.1050	0.1350	2.44353425e+09
0.0250	0.1150	0.1150	9.94438926e+08
0.0250	0.1150	0.1250	1.14353415e+09
0.0250	0.1150	0.1350	1.77995956e+09
0.0250	0.1150	0.1450	1.75073903e+09
0.0250	0.1250	0.1250	1.45613302e+09
0.0250	0.1250	0.1350	1.18338212e+09
0.0250	0.1250	0.1450	1.51587518e+09
0.0250	0.1350	0.1350	1.16381263e+09
0.0250	0.1350	0.1450	1.12321227e+09
0.0250	0.1450	0.1450	1.00786549e+09
0.0350	0.0350	0.0350	4.82846217e+09
0.0350	0.0350	0.0450	5.50552264e+09
0.0350	0.0350	0.0550	2.91655015e+08
0.0350	0.0350	0.0650	1.64957556e+09
0.0350	0.0350	0.0750	6.10559299e+09
0.0350	0.0450	0.0450	5.00057481e+09
0.0350	0.0450	0.0550	2.01511508e+09
0.0350	0.0450	0.0650	3.02850542e+09
0.0350	0.0450	0.0750	3.74461168e+09
0.0350	0.0450	0.0850	4.74119903e+09
0.0350	0.0550	0.0550	2.47939027e+09
0.0350	0.0550	0.0650	2.41228012e+09
0.0350	0.0550	0.0750	1.33439343e+09
0.0350	0.0550	0.0850	2.37135571e+09
0.0350	0.0550	0.0950	4.74896000e+09
0.0350	0.0650	0.0650	2.56721707e+09
0.0350	0.0650	0.0750	2.40637692e+09
0.0350	0.0650	0.0850	2.25104025e+09
0.0350	0.0650	0.0950	3.19264808e+09
0.0350	0.0650	0.1050	2.43201305e+09
0.0350	0.0750	0.0750	8.83775846e+08
0.0350	0.0750	0.0850	1.63013798e+09
0.0350	0.0750	0.0950	2.16438992e+09
0.0350	0.0750	0.1050	2.33969612e+09
0.0350	0.0750	0.1150	2.64635163e+09
0.0350	0.0850	0.0850	1.42161137e+09
0.0350	0.0850	0.0950	1.84306341e+09
0.0350	0.0850	0.1050	1.61363116e+09
0.0350	0.0850	0.1150	2.19080115e+09
0.0350	0.0850	0.1250	1.71750936e+09
0.0350	0.0950	0.0950	1.23247320e+09
0.0350	0.0950	0.1050	1.17708971e+09
0.0350	0.0950	0.1150	1.77894486e+09
0.0350	0.0950	0.1250	1.58368243e+09
0.0350	0.0950	0.1350	1.66881914e+09
0.0350	0.1050	0.1050	1.42178547e+09
0.0350	0.1050	0.1150	9.84483712e+08
0.0350	0.1050	0.1250	1.05550250e+09
0.0350	0.1050	0.1350	1.86754188e+09
0.0350	0.1050	0.1450	1.09158000e+09
0.0350	0.1150	0.1150	6.21088048e+08
0.0350	0.1150	0.1250	9.90152809e+08
0.0350	0.1150	0.1350	1.13569376e+09
0.0350	0.1150	0.1450	1.53906409e+09
0.0350	0.1250	0.1250	6.07524648e+08
0.0350	0.1250	0.1350	8.24788325e+08
0.0350	0.1250	0.1450	1.02692543e+09
0.0350	0.1350	0.1350	1.04822079e+09
0.0350	0.1350	0.1450	1.25999150e+09
0.0350	0.1450	0.1450	5.63593187e+08
0.0450	0.0450	0.0450	-7.31466837e+08
0.0450	0.0450	0.0550	2.58785345e+09
0.0450	0.0450	0.0650	2.30879152e+09
0.0450	0.0450	0.0750	1.73986401e+09
0.0450	0.0450	0.0850	2.48285901e+09
0.0450	0.0450	0.0950	3.03772464e+09
0.0450	0.0550	0.0550	2.04171697e+09
0.0450	0.0550	0.0650	1.47013058e+09
0.0450	0.0550	0.0750	1.75983038e+09
0.0450	0.0550	0.0850	1.78952039e+09
0.0450	0.0550	0.0950	2.07827484e+09
0.0450	0.0550	0.1050	2.58724275e+09
0.0450	0.0650	0.0650	1.52221548e+09
0.0450	0.0650	0.0750	1.36285753e+09
0.0450	0.0650	0.0850	1.94335361e+09
0.0450	0.0650	0.0950	2.06415136e+09
0.0450	0.0650	0.1050	2.14541338e+09
0.0450	0.0650	0.1150	2.74042618e+09
0.0450	0.0750	0.0750	1.43391873e+09
0.0450	0.0750	0.0850	1.36897657e+09
0.0450	0.0750	0.0950	1.26023693e+09
0.0450	0.0750	0.1050	1.66931187e+09
0.0450	0.0750	0.1150	1.38695653e+09
0.0450	0.0750	0.1250	1.45704618e+09
0.0450	0.0850	0.0850	1.14820227e+09
0.0450	0.0850	0.0950	9.94536091e+08
0.0450	0.0850	0.1050	9.42035314e+08
0.0450	0.0850	0.1150	1.35810063e+09
0.0450	0.0850	0.1250	1.64824046e+09
0.0450	0.0850	0.1350	1.48340833e+09
0.0450	0.0950	0.0950	1.43479392e+09
0.0450	0.0950	0.1050	8.02870168e+08
0.0450	0.0950	0.1150	9.34359096e+08
0.0450	0.0950	0.1250	1.41122591e+09
0.0450	0.0950	0.1350	1.24702013e+09
0.0450	0.0950	0.1450	1.84915125e+09
0.0450	0.1050	0.1050	8.74908780e+08
0.0450	0.1050	0.1150	8.58585758e+08
0.0450	0.1050	0.1250	8.54799548e+08
0.0450	0.1050	0.1350	1.06182594e+09
0.0450	0.1050	0.1450	1.15377970e+09
0.0450	0.1150	0.1150	8.31172360e+08
0.0450	0.1150	0.1250	7.72532095e+08
0.0450	0.1150	0.1350	8.90427781e+08
0.0450	0.1150	0.1450	9.62163452e+08
0.0450	0.1250	0.1250	7.95979539e+08
0.0450	0.1250	0.1350	7.67790126e+08
0.0450	0.1250	0.1450	9.14304433e+08
0.0450	0.1350	0.1350	7.90728348e+08
0.0450	0.1350	0.1450	6.29793210e+08
0.0450	0.1450	0.1450	4.34494078e+08
0.0550	0.0550	0.0550	-8.85270545e+08
0.0550	0.0550	0.0650	1.65922449e+09
0.0550	0.0550	0.0750	7.97353466e+08
0.0550	0.0550	0.0850	2.25357338e+09
0.0550	0.0550	0.0950	2.25871812e+09
0.0550	0.0550	0.1050	2.36587582e+09
0.0550	0.0550	0.1150	2.75846586e+09
0.0550	0.0650	0.0650	1.64454254e+09
0.0550	0.0650	0.0750	1.33600924e+09
0.0550	0.0650	0.0850	1.34342972e+09
0.0550	0.0650	0.0950	1.46103373e+09
0.0550	0.0650	0.1050	1.43374953e+09
0.0550	0.0650	0.1150	2.21845338e+09
0.0550	0.0650	0.1250	1.92918105e+09
0.0550	0.0750	0.0750	1.24109844e+09
0.0550	0.0750	0.0850	1.25883016e+09
0.0550	0.0750	0.0950	9.20531912e+08
0.0550	0.0750	0.1050	9.81685068e+08
0.0550	0.0750	0.1150	1.36479251e+09
0.0550	0.0750	0.1250	1.54081032e+09
0.0550	0.0750	0.1350	1.53641136e+09
0.0550	0.0850	0.0850	7.46573122e+08
0.0550	0.0850	0.0950	8.64855695e+08
0.0550	0.0850	0.1050	1.20103207e+09
0.0550	0.0850	0.1150	1.25127741e+09
0.0550	0.0850	0.1250	1.26029525e+09
0.0550	0.0850	0.1350	1.40108975e+09
0.0550	0.0850	0.1450	1.68175754e+09
0.0550	0.0950	0.0950	8.59094247e+08
0.0550	0.0950	0.1050	1.07137196e+09
0.0550	0.0950	0.1150	9.27728979e+08
0.0550	0.0950	0.1250	9.13156781e+08
0.0550	0.0950	0.1350	8.06132815e+08
0.0550	0.0950	0.1450	1.39481790e+09
0.0550	0.1050	0.1050	9.44804702e+08
0.0550	0.1050	0.1150	8.03617404e+08
0.0550	0.1050	0.1250	6.86863469e+08
0.0550	0.1050	0.1350	1.03602313e+09
0.0550	0.1050	0.1450	8.16221291e+08
0.0550	0.1150	0.1150	7.94597501e+08
0.0550	0.1150	0.1250	9.59435608e+08
0.0550	0.1150	0.1350	7.24787245e+08
0.0550	0.1150	0.1450	6.75425547e+08
0.0550	0.1250	0.1250	4.18250093e+08
0.0550	0.1250	0.1350	7.85199217e+08
0.0550	0.1250	0.1450	7.42808336e+08
0.0550	0.1350	0.1350	6.36693976e+08
0.0550	0.1350	0.1450	6.04538720e+08
0.0550	0.1450	0.1450	6.49973391e+08
0.0650	0.0650	0.0650	1.36092813e+09
0.0650	0.0650	0.0750	6.21361544e+08
0.0650	0.0650	0.0850	1.06693893e+09
0.0650	0.0650	0.0950	1.60227626e+09
0.0650	0.0650	0.1050	1.18811675e+09
0.0650	0.0650	0.1150	1.69324473e+09
0.0650	0.0650	0.1250	1.19554349e+09
0.0650	0.0650	0.1350	1.28847663e+09
0.0650	0.0750	0.0750	7.72739903e+08
0.0650	0.0750	0.0850	7.88530234e+08
0.0650	0.0750	0.0950	1.17417265e+09
0.0650	0.0750	0.1050	1.14611927e+09
0.0650	0.0750	0.1150	8.47165274e+08
0.0650	0.0750	0.1250	1.10274472e+09
0.0650	0.0750	0.1350	1.48449760e+09
0.0650	0.0750	0.1450	1.80852300e+09
0.0650	0.0850	0.0850	1.24581364e+09
0.0650	0.0850	0.0950	1.05404310e+09
0.0650	0.0850	0.1050	5.91919635e+08
0.0650	0.0850	0.1150	1.15860504e+09
0.0650	0.0850	0.1250	8.43401711e+08
0.0650	0.0850	0.1350	1.22628273e+09
0.0650	0.0850	0.1450	1.22881491e+09
0.0650	0.0950	0.0950	8.14840152e+08
0.0650	0.0950	0.1050	8.50789924e+08
0.0650	0.0950	0.1150	7.76215953e+08
0.0650	0.0950	0.1250	8.06130002e+08
0.0650	0.0950	0.1350	9.79881207e+08
0.0650	0.0950	0.1450	9.28930954e+08
0.0650	0.1050	0.1050	7.29264927e+08
0.0650	0.1050	0.1150	7.46026638e+08
0.0650	0.1050	0.1250	5.04583178e+08
0.0650	0.1050	0.1350	6.58075074e+08
0.0650	0.1050	0.1450	6.33457032e+08
0.0650	0.1150	0.1150	6.95198070e+08
0.0650	0.1150	0.1250	6.28599396e+08
0.0650	0.1150	0.1350	6.38404499e+08
0.0650	0.1150	0.1450	6.89936295e+08
0.0650	0.1250	0.1250	5.61918739e+08
0.0650	0.1250	0.1350	4.36674634e+08
0.0650	0.1250	0.1450	7.24548675e+08
0.0650	0.1350	0.1350	7.16596234e+08
0.0650	0.1350	0.1450	3.96429137e+08
0.0650	0.1450	0.1450	5.14616447e+08
0.0750	0.0750	0.0750	6.98906589e+08
0.0750	0.0750	0.0850	1.19952341e+09
0.0750	0.0750	0.0950	7.92427900e+08
0.0750	0.0750	0.1050	4.67907010e+08
0.0750	0.0750	0.1150	7.28148484e+08
0.0750	0.0750	0.1250	8.30392828e+08
0.0750	0.0750	0.1350	9.70762025e+08
0.0750	0.0750	0.1450	1.08488133e+09
0.0750	0.0850	0.0850	9.73169304e+08
0.0750	0.0850	0.0950	5.57584565e+08
0.0750	0.0850	0.1050	9.28202615e+08
0.0750	0.0850	0.1150	6.35707718e+08
0.0750	0.0850	0.1250	7.35106847e+08
0.0750	0.0850	0.1350	7.13249891e+08
0.0750	0.0850	0.1450	8.54999166e+08
0.0750	0.0950	0.0950	1.07202868e+09
0.0750	0.0950	0.1050	3.11623374e+08
0.0750	0.0950	0.1150	6.20364241e+08
0.0750	0.0950	0.1250	7.71591969e+08
0.0750	0.0950	0.1350	7.98908138e+08
0.0750	0.0950	0.1450	6.78473431e+08
0.0750	0.1050	0.1050	5.80330787e+08
0.0750	0.1050	0.1150	4.29473135e+08
0.0750	0.1050	0.1250	7.13692255e+08
0.0750	0.1050	0.1350	6.71124282e+08
0.0750	0.1050	0.1450	5.67364816e+08
0.0750	0.1150	0.1150	6.85698767e+08
0.0750	0.1150	0.1250	3.84701358e+08
0.0750	0.1150	0.1350	6.03311632e+08
0.0750	0.1150	0.1450	4.32707498e+08
0.0750	0.1250	0.1250	5.17796424e+08
0.0750	0.1250	0.1350	5.13863844e+08
0.0750	0.1250	0.1450	5.18667840e+08
0.0750	0.1350	0.1350	4.43457648e+08
0.0750	0.1350	0.1450	5.47324441e+08
0.0750	0.1450	0.1450	5.16400741e+08
0.0850	0.0850	0.0850	8.61849899e+08
0.0850	0.0850	0.0950	9.18112674e+08
0.0850	0.0850	0.1050	7.67816949e+08
0.0850	0.0850	0.1150	7.32500488e+08
0.0850	0.0850	0.1250	5.99958189e+08
0.0850	0.0850	0.1350	8.19697073e+08
0.0850	0.0850	0.1450	8.76668850e+08
0.0850	0.0950	0.0950	4.22372088e+08
0.0850	0.0950	0.1050	7.80338036e+08
0.0850	0.0950	0.1150	4.79127476e+08
0.0850	0.0950	0.1250	6.27257792e+08
0.0850	0.0950	0.1350	5.94215909e+08
0.0850	0.0950	0.1450	4.96883667e+08
0.0850	0.1050	0.1050	6.26464484e+08
0.0850	0.1050	0.1150	6.53877805e+08
0.0850	0.1050	0.1250	4.70271512e+08
0.0850	0.1050	0.1350	5.54451896e+08
0.0850	0.1050	0.1450	6.70059656e+08
0.0850	0.1150	0.1150	5.53232396e+08
0.0850	0.1150	0.1250	5.24882805e+08
0.0850	0.1150	0.1350	5.00313967e+08
0.0850	0.1150	0.1450	6.16150471e+08
0.0850	0.1250	0.1250	3.79173459e+08
0.0850	0.1250	0.1350	4.16538813e+08
0.0850	0.1250	0.1450	4.25017397e+08
0.0850	0.1350	0.1350	5.15959865e+08
0.0850	0.1350	0.1450	3.72835757e+08
0.0850	0.1450	0.1450	4.42748397e+08
0.0950	0.0950	0.0950	5.06336398e+08
0.0950	0.0950	0.1050	6.39314226e+08
0.0950	0.0950	0.1150	6.53193576e+08
0.0950	0.0950	0.1250	4.77040984e+08
0.0950	0.0950	0.1350	6.16202810e+08
0.0950	0.0950	0.1450	5.84007714e+08
0.0950	0.1050	0.1050	3.38639012e+08
0.0950	0.1050	0.1150	5.24896721e+08
0.0950	0.1050	0.1250	3.97061272e+08
0.0950	0.1050	0.1350	5.44891795e+08
0.0950	0.1050	0.1450	5.10005258e+08
0.0950	0.1150	0.1150	6.28718826e+08
0.0950	0.1150	0.1250	5.49395645e+08
0.0950	0.1150	0.1350	5.54366604e+08
0.0950	0.1150	0.1450	3.77425511e+08
0.0950	0.1250	0.1250	4.72663173e+08
0.0950	0.1250	0.1350	4.74096670e+08
0.0950	0.1250	0.1450	3.69631983e+08
0.0950	0.1350	0.1350	4.73041870e+08
0.0950	0.1350	0.1450	4.53921359e+08
0.0950	0.1450	0.1450	4.30618493e+08
0.1050	0.1050	0.1050	5.83866315e+08
0.1050	0.1050	0.1150	5.14123713e+08
0.1050	0.1050	0.1250	3.04485459e+08
0.1050	0.1050	0.1350	5.94910763e+08
0.1050	0.1050	0.1450	5.40643326e+08
0.1050	0.1150	0.1150	4.29301810e+08
0.1050	0.1150	0.1250	3.17318252e+08
0.1050	0.1150	0.1350	4.32591172e+08
0.1050	0.1150	0.1450	3.95406158e+08
0.1050	0.1250	0.1250	3.71939983e+08
0.1050	0.1250	0.1350	2.85243879e+08
0.1050	0.1250	0.1450	3.36404136e+08
0.1050	0.1350	0.1350	3.52897919e+08
0.1050	0.1350	0.1450	4.13101310e+08
0.1050	0.1450	0.1450	3.90863285e+08
0.1150	0.1150	0.1150	6.07838955e+08
0.1150	0.1150	0.1250	3.58281657e+08
0.1150	0.1150	0.1350	3.80349698e+08
0.1150	0.1150	0.1450	4.38454031e+08
0.1150	0.1250	0.1250	3.80772763e+08
0.1150	0.1250	0.1350	4.40421818e+08
0.1150	0.1250	0.1450	2.93281193e+08
0.1150	0.1350	0.1350	5.35026931e+08
0.1150	0.1350	0.1450	4.06935612e+08
0.1150	0.1450	0.1450	3.63147091e+08
0.1250	0.1250	0.1250	5.50208143e+08
0.1250	0.1250	0.1350	3.43273911e+08
0.1250	0.1250	0.1450	4.04978213e+08
0.1250	0.1350	0.1350	3.50549508e+08
0.1250	0.1350	0.1450	2.87040029e+08
0.1250	0.1450	0.1450	2.70905680e+08
0.1350	0.1350	0.1350	2.26696603e+08
0.1350	0.1350	0.1450	3.81976069e+08
0.1350	0.1450	0.1450	3.61667068e+08
0.1450	0.1450	0.1450	1.12459644e+08
