####### Bispectrum of Patchy Simulation 468 #############
# Patch: ngc
# z-type: z1
# Weights: fkp
# Fiducial Omega_m: 0.310
# Fiducial h: 0.676
# Boxsize: [1350.0, 2450.0, 1400.0]
# Grid: [126, 230, 130]
# k-binning: [0.000, 0.160, 0.010]
# Monte Carlo Simulations: 100
#
# Format: k1 | k2 | k3 | B(k1,k2,k3)
############################################
0.0150	0.0150	0.0150	-2.58936863e+10
0.0150	0.0150	0.0250	2.04836577e+10
0.0150	0.0150	0.0350	3.75422934e+10
0.0150	0.0250	0.0250	1.65208724e+10
0.0150	0.0250	0.0350	1.15319374e+10
0.0150	0.0250	0.0450	6.49454227e+09
0.0150	0.0350	0.0350	1.17292889e+10
0.0150	0.0350	0.0450	6.00855068e+09
0.0150	0.0350	0.0550	2.85414666e+09
0.0150	0.0450	0.0450	-4.74730348e+07
0.0150	0.0450	0.0550	8.50876556e+09
0.0150	0.0450	0.0650	3.79584488e+09
0.0150	0.0550	0.0550	8.07090739e+09
0.0150	0.0550	0.0650	9.56759834e+09
0.0150	0.0550	0.0750	1.04525669e+09
0.0150	0.0650	0.0650	2.62979698e+09
0.0150	0.0650	0.0750	6.48689028e+09
0.0150	0.0650	0.0850	8.85542073e+09
0.0150	0.0750	0.0750	5.24344031e+09
0.0150	0.0750	0.0850	3.56842820e+09
0.0150	0.0750	0.0950	3.24504163e+09
0.0150	0.0850	0.0850	2.54941122e+09
0.0150	0.0850	0.0950	2.51975992e+09
0.0150	0.0850	0.1050	2.79230311e+09
0.0150	0.0950	0.0950	1.41665019e+09
0.0150	0.0950	0.1050	3.97412602e+09
0.0150	0.0950	0.1150	3.91316998e+09
0.0150	0.1050	0.1050	1.76086769e+09
0.0150	0.1050	0.1150	2.74137212e+09
0.0150	0.1050	0.1250	3.35285902e+09
0.0150	0.1150	0.1150	1.64134761e+09
0.0150	0.1150	0.1250	2.40093489e+09
0.0150	0.1150	0.1350	2.13631802e+09
0.0150	0.1250	0.1250	1.98110013e+09
0.0150	0.1250	0.1350	1.77683175e+09
0.0150	0.1250	0.1450	2.34443478e+09
0.0150	0.1350	0.1350	1.82131517e+09
0.0150	0.1350	0.1450	2.03897045e+09
0.0150	0.1450	0.1450	9.49565749e+08
0.0250	0.0250	0.0250	-2.31297469e+08
0.0250	0.0250	0.0350	7.47761345e+09
0.0250	0.0250	0.0450	5.85941954e+09
0.0250	0.0250	0.0550	7.97868496e+09
0.0250	0.0350	0.0350	2.23575025e+09
0.0250	0.0350	0.0450	1.11543240e+09
0.0250	0.0350	0.0550	7.53196018e+09
0.0250	0.0350	0.0650	4.02633731e+09
0.0250	0.0450	0.0450	5.20798723e+09
0.0250	0.0450	0.0550	2.14935370e+09
0.0250	0.0450	0.0650	5.00964555e+09
0.0250	0.0450	0.0750	4.49778572e+09
0.0250	0.0550	0.0550	3.34635444e+09
0.0250	0.0550	0.0650	1.24246816e+09
0.0250	0.0550	0.0750	2.55901421e+09
0.0250	0.0550	0.0850	3.59517382e+09
0.0250	0.0650	0.0650	2.17307276e+08
0.0250	0.0650	0.0750	2.32093486e+09
0.0250	0.0650	0.0850	2.80080882e+09
0.0250	0.0650	0.0950	2.57507267e+09
0.0250	0.0750	0.0750	2.13116211e+09
0.0250	0.0750	0.0850	1.44439839e+09
0.0250	0.0750	0.0950	3.85395453e+09
0.0250	0.0750	0.1050	4.44401978e+09
0.0250	0.0850	0.0850	1.39095754e+09
0.0250	0.0850	0.0950	2.08063898e+09
0.0250	0.0850	0.1050	2.05015899e+09
0.0250	0.0850	0.1150	1.75739104e+09
0.0250	0.0950	0.0950	1.76894168e+09
0.0250	0.0950	0.1050	1.07983744e+09
0.0250	0.0950	0.1150	2.25234494e+09
0.0250	0.0950	0.1250	2.10040444e+09
0.0250	0.1050	0.1050	6.23126675e+08
0.0250	0.1050	0.1150	9.56772044e+08
0.0250	0.1050	0.1250	1.30969532e+09
0.0250	0.1050	0.1350	2.41007680e+09
0.0250	0.1150	0.1150	1.22170350e+09
0.0250	0.1150	0.1250	1.06152404e+09
0.0250	0.1150	0.1350	1.66964424e+09
0.0250	0.1150	0.1450	1.59608673e+09
0.0250	0.1250	0.1250	1.23695599e+09
0.0250	0.1250	0.1350	1.04519632e+09
0.0250	0.1250	0.1450	1.31306666e+09
0.0250	0.1350	0.1350	1.49473365e+09
0.0250	0.1350	0.1450	9.16568190e+08
0.0250	0.1450	0.1450	9.48474601e+08
0.0350	0.0350	0.0350	-8.39111403e+09
0.0350	0.0350	0.0450	5.05806807e+09
0.0350	0.0350	0.0550	1.01638136e+09
0.0350	0.0350	0.0650	4.54054517e+09
0.0350	0.0350	0.0750	2.39731074e+09
0.0350	0.0450	0.0450	2.71133006e+09
0.0350	0.0450	0.0550	3.33092735e+09
0.0350	0.0450	0.0650	2.09439721e+09
0.0350	0.0450	0.0750	3.89000392e+09
0.0350	0.0450	0.0850	2.87399782e+09
0.0350	0.0550	0.0550	2.55468778e+09
0.0350	0.0550	0.0650	2.04768541e+09
0.0350	0.0550	0.0750	2.52457925e+09
0.0350	0.0550	0.0850	3.65554189e+09
0.0350	0.0550	0.0950	2.67945356e+09
0.0350	0.0650	0.0650	1.75189773e+09
0.0350	0.0650	0.0750	2.07191677e+09
0.0350	0.0650	0.0850	2.46860907e+09
0.0350	0.0650	0.0950	2.36537095e+09
0.0350	0.0650	0.1050	2.58682930e+08
0.0350	0.0750	0.0750	1.96064187e+09
0.0350	0.0750	0.0850	1.51981499e+09
0.0350	0.0750	0.0950	1.75688564e+09
0.0350	0.0750	0.1050	2.64161344e+09
0.0350	0.0750	0.1150	2.45871930e+09
0.0350	0.0850	0.0850	1.08655037e+09
0.0350	0.0850	0.0950	1.52863685e+09
0.0350	0.0850	0.1050	1.48662381e+09
0.0350	0.0850	0.1150	2.21566996e+09
0.0350	0.0850	0.1250	1.73545012e+09
0.0350	0.0950	0.0950	6.81389766e+08
0.0350	0.0950	0.1050	1.56243315e+09
0.0350	0.0950	0.1150	1.17160181e+09
0.0350	0.0950	0.1250	2.05106203e+09
0.0350	0.0950	0.1350	1.77465489e+09
0.0350	0.1050	0.1050	1.07814762e+09
0.0350	0.1050	0.1150	1.10977143e+09
0.0350	0.1050	0.1250	1.16309141e+09
0.0350	0.1050	0.1350	1.87407406e+09
0.0350	0.1050	0.1450	1.52817458e+09
0.0350	0.1150	0.1150	1.14773688e+09
0.0350	0.1150	0.1250	1.03709266e+09
0.0350	0.1150	0.1350	1.20409165e+09
0.0350	0.1150	0.1450	1.32859289e+09
0.0350	0.1250	0.1250	6.41906261e+08
0.0350	0.1250	0.1350	1.02385489e+09
0.0350	0.1250	0.1450	9.99402001e+08
0.0350	0.1350	0.1350	9.10187351e+08
0.0350	0.1350	0.1450	1.05345532e+09
0.0350	0.1450	0.1450	6.99536003e+08
0.0450	0.0450	0.0450	1.66538535e+09
0.0450	0.0450	0.0550	2.51500595e+09
0.0450	0.0450	0.0650	2.37883465e+09
0.0450	0.0450	0.0750	2.04302019e+09
0.0450	0.0450	0.0850	2.65612498e+09
0.0450	0.0450	0.0950	5.34337998e+09
0.0450	0.0550	0.0550	2.01298677e+09
0.0450	0.0550	0.0650	2.16160373e+09
0.0450	0.0550	0.0750	8.73563461e+08
0.0450	0.0550	0.0850	2.30957987e+09
0.0450	0.0550	0.0950	2.24708753e+09
0.0450	0.0550	0.1050	1.56188842e+09
0.0450	0.0650	0.0650	1.47789569e+09
0.0450	0.0650	0.0750	1.36500840e+09
0.0450	0.0650	0.0850	1.59887355e+09
0.0450	0.0650	0.0950	2.31550525e+09
0.0450	0.0650	0.1050	2.21720922e+09
0.0450	0.0650	0.1150	1.10991283e+09
0.0450	0.0750	0.0750	6.09293401e+08
0.0450	0.0750	0.0850	1.52014586e+09
0.0450	0.0750	0.0950	1.37833114e+09
0.0450	0.0750	0.1050	1.20533704e+09
0.0450	0.0750	0.1150	2.08659433e+09
0.0450	0.0750	0.1250	2.56459059e+09
0.0450	0.0850	0.0850	1.33819274e+09
0.0450	0.0850	0.0950	8.92527251e+08
0.0450	0.0850	0.1050	1.56907800e+09
0.0450	0.0850	0.1150	1.84285121e+09
0.0450	0.0850	0.1250	1.47987405e+09
0.0450	0.0850	0.1350	1.18905260e+09
0.0450	0.0950	0.0950	1.18264352e+09
0.0450	0.0950	0.1050	9.18302517e+08
0.0450	0.0950	0.1150	9.25639073e+08
0.0450	0.0950	0.1250	1.21779341e+09
0.0450	0.0950	0.1350	1.31978860e+09
0.0450	0.0950	0.1450	1.31951918e+09
0.0450	0.1050	0.1050	6.33072510e+08
0.0450	0.1050	0.1150	6.85675145e+08
0.0450	0.1050	0.1250	8.93902487e+08
0.0450	0.1050	0.1350	8.15743662e+08
0.0450	0.1050	0.1450	1.12102225e+09
0.0450	0.1150	0.1150	5.88418445e+08
0.0450	0.1150	0.1250	6.91558291e+08
0.0450	0.1150	0.1350	9.17271424e+08
0.0450	0.1150	0.1450	9.66849246e+08
0.0450	0.1250	0.1250	6.30304968e+08
0.0450	0.1250	0.1350	6.74015401e+08
0.0450	0.1250	0.1450	8.54849680e+08
0.0450	0.1350	0.1350	7.89166303e+08
0.0450	0.1350	0.1450	4.65823383e+08
0.0450	0.1450	0.1450	7.75395830e+08
0.0550	0.0550	0.0550	1.52052732e+09
0.0550	0.0550	0.0650	3.18334048e+09
0.0550	0.0550	0.0750	1.37730568e+09
0.0550	0.0550	0.0850	1.07574032e+09
0.0550	0.0550	0.0950	1.72554712e+09
0.0550	0.0550	0.1050	2.50747828e+09
0.0550	0.0550	0.1150	1.91031642e+09
0.0550	0.0650	0.0650	8.95390238e+08
0.0550	0.0650	0.0750	1.44546859e+09
0.0550	0.0650	0.0850	2.06736646e+09
0.0550	0.0650	0.0950	1.46170462e+09
0.0550	0.0650	0.1050	1.66553936e+09
0.0550	0.0650	0.1150	1.86166261e+09
0.0550	0.0650	0.1250	1.60830326e+09
0.0550	0.0750	0.0750	5.82933186e+08
0.0550	0.0750	0.0850	1.21293350e+09
0.0550	0.0750	0.0950	1.57160707e+09
0.0550	0.0750	0.1050	1.21502259e+09
0.0550	0.0750	0.1150	1.50337421e+09
0.0550	0.0750	0.1250	1.77346348e+09
0.0550	0.0750	0.1350	1.71636122e+09
0.0550	0.0850	0.0850	1.02247176e+09
0.0550	0.0850	0.0950	1.08802144e+09
0.0550	0.0850	0.1050	1.01863938e+09
0.0550	0.0850	0.1150	9.34277057e+08
0.0550	0.0850	0.1250	1.13424297e+09
0.0550	0.0850	0.1350	1.71361419e+09
0.0550	0.0850	0.1450	4.87011262e+08
0.0550	0.0950	0.0950	1.01194146e+09
0.0550	0.0950	0.1050	9.99240551e+08
0.0550	0.0950	0.1150	1.00740364e+09
0.0550	0.0950	0.1250	1.04674732e+09
0.0550	0.0950	0.1350	1.16178646e+09
0.0550	0.0950	0.1450	1.34177675e+09
0.0550	0.1050	0.1050	6.03394695e+08
0.0550	0.1050	0.1150	1.14919236e+09
0.0550	0.1050	0.1250	7.50325373e+08
0.0550	0.1050	0.1350	7.88257922e+08
0.0550	0.1050	0.1450	9.50015996e+08
0.0550	0.1150	0.1150	3.77660281e+08
0.0550	0.1150	0.1250	7.15980369e+08
0.0550	0.1150	0.1350	6.77560060e+08
0.0550	0.1150	0.1450	7.92146887e+08
0.0550	0.1250	0.1250	6.27247729e+08
0.0550	0.1250	0.1350	6.33001647e+08
0.0550	0.1250	0.1450	7.84078853e+08
0.0550	0.1350	0.1350	7.82737540e+08
0.0550	0.1350	0.1450	7.18689068e+08
0.0550	0.1450	0.1450	4.18232953e+08
0.0650	0.0650	0.0650	5.09360426e+08
0.0650	0.0650	0.0750	1.33445740e+09
0.0650	0.0650	0.0850	3.73618071e+08
0.0650	0.0650	0.0950	1.03299163e+09
0.0650	0.0650	0.1050	1.40266036e+09
0.0650	0.0650	0.1150	1.27414605e+09
0.0650	0.0650	0.1250	1.51137077e+09
0.0650	0.0650	0.1350	1.91641677e+09
0.0650	0.0750	0.0750	1.06038805e+09
0.0650	0.0750	0.0850	1.59826765e+09
0.0650	0.0750	0.0950	8.09598817e+08
0.0650	0.0750	0.1050	1.06244210e+09
0.0650	0.0750	0.1150	1.03348956e+09
0.0650	0.0750	0.1250	1.30105669e+09
0.0650	0.0750	0.1350	1.72848618e+09
0.0650	0.0750	0.1450	1.31774246e+09
0.0650	0.0850	0.0850	1.03004620e+09
0.0650	0.0850	0.0950	7.12847996e+08
0.0650	0.0850	0.1050	7.08049379e+08
0.0650	0.0850	0.1150	9.08981389e+08
0.0650	0.0850	0.1250	9.66281617e+08
0.0650	0.0850	0.1350	1.21040285e+09
0.0650	0.0850	0.1450	1.02184022e+09
0.0650	0.0950	0.0950	7.93152142e+08
0.0650	0.0950	0.1050	7.57759214e+08
0.0650	0.0950	0.1150	6.53255043e+08
0.0650	0.0950	0.1250	8.53159267e+08
0.0650	0.0950	0.1350	8.31801759e+08
0.0650	0.0950	0.1450	1.02473008e+09
0.0650	0.1050	0.1050	9.02668683e+08
0.0650	0.1050	0.1150	8.46048856e+08
0.0650	0.1050	0.1250	6.29506438e+08
0.0650	0.1050	0.1350	4.54557942e+08
0.0650	0.1050	0.1450	8.42720259e+08
0.0650	0.1150	0.1150	5.61543910e+08
0.0650	0.1150	0.1250	5.95145516e+08
0.0650	0.1150	0.1350	6.26275204e+08
0.0650	0.1150	0.1450	6.92231248e+08
0.0650	0.1250	0.1250	6.76909477e+08
0.0650	0.1250	0.1350	5.18664737e+08
0.0650	0.1250	0.1450	6.21489012e+08
0.0650	0.1350	0.1350	4.33654357e+08
0.0650	0.1350	0.1450	5.93323795e+08
0.0650	0.1450	0.1450	6.05812014e+08
0.0750	0.0750	0.0750	1.02937469e+09
0.0750	0.0750	0.0850	4.43236830e+08
0.0750	0.0750	0.0950	9.43858311e+08
0.0750	0.0750	0.1050	7.58440182e+08
0.0750	0.0750	0.1150	5.34136498e+08
0.0750	0.0750	0.1250	7.78458244e+08
0.0750	0.0750	0.1350	1.16246027e+09
0.0750	0.0750	0.1450	1.44054145e+09
0.0750	0.0850	0.0850	3.36527226e+08
0.0750	0.0850	0.0950	6.31868897e+08
0.0750	0.0850	0.1050	6.36688496e+08
0.0750	0.0850	0.1150	5.48321903e+08
0.0750	0.0850	0.1250	7.38644891e+08
0.0750	0.0850	0.1350	9.45359509e+08
0.0750	0.0850	0.1450	1.11101342e+09
0.0750	0.0950	0.0950	8.30722663e+08
0.0750	0.0950	0.1050	6.36579506e+08
0.0750	0.0950	0.1150	6.76466077e+08
0.0750	0.0950	0.1250	6.07528009e+08
0.0750	0.0950	0.1350	7.47416578e+08
0.0750	0.0950	0.1450	7.06005874e+08
0.0750	0.1050	0.1050	6.52472053e+08
0.0750	0.1050	0.1150	6.35061064e+08
0.0750	0.1050	0.1250	5.98982300e+08
0.0750	0.1050	0.1350	4.32616880e+08
0.0750	0.1050	0.1450	7.10683940e+08
0.0750	0.1150	0.1150	4.17706101e+08
0.0750	0.1150	0.1250	4.42053018e+08
0.0750	0.1150	0.1350	4.93577748e+08
0.0750	0.1150	0.1450	5.80802362e+08
0.0750	0.1250	0.1250	4.26562649e+08
0.0750	0.1250	0.1350	4.33337369e+08
0.0750	0.1250	0.1450	4.21922658e+08
0.0750	0.1350	0.1350	3.00180951e+08
0.0750	0.1350	0.1450	4.27781377e+08
0.0750	0.1450	0.1450	3.48718871e+08
0.0850	0.0850	0.0850	9.44918372e+08
0.0850	0.0850	0.0950	5.42309107e+08
0.0850	0.0850	0.1050	6.43303050e+08
0.0850	0.0850	0.1150	4.65502265e+08
0.0850	0.0850	0.1250	6.25147127e+08
0.0850	0.0850	0.1350	6.22311774e+08
0.0850	0.0850	0.1450	7.72148154e+08
0.0850	0.0950	0.0950	6.71741866e+08
0.0850	0.0950	0.1050	7.61333741e+08
0.0850	0.0950	0.1150	7.10383719e+08
0.0850	0.0950	0.1250	4.82548594e+08
0.0850	0.0950	0.1350	6.37760998e+08
0.0850	0.0950	0.1450	5.85042836e+08
0.0850	0.1050	0.1050	5.89761961e+08
0.0850	0.1050	0.1150	4.49755814e+08
0.0850	0.1050	0.1250	5.19538529e+08
0.0850	0.1050	0.1350	4.21772303e+08
0.0850	0.1050	0.1450	5.04077088e+08
0.0850	0.1150	0.1150	4.37627907e+08
0.0850	0.1150	0.1250	4.15651424e+08
0.0850	0.1150	0.1350	4.24860829e+08
0.0850	0.1150	0.1450	4.13425236e+08
0.0850	0.1250	0.1250	3.33477511e+08
0.0850	0.1250	0.1350	3.54967162e+08
0.0850	0.1250	0.1450	4.30100614e+08
0.0850	0.1350	0.1350	4.63902417e+08
0.0850	0.1350	0.1450	3.82757944e+08
0.0850	0.1450	0.1450	2.98687160e+08
0.0950	0.0950	0.0950	6.75835376e+08
0.0950	0.0950	0.1050	5.13469908e+08
0.0950	0.0950	0.1150	5.33982313e+08
0.0950	0.0950	0.1250	5.62479951e+08
0.0950	0.0950	0.1350	4.88775775e+08
0.0950	0.0950	0.1450	4.60871820e+08
0.0950	0.1050	0.1050	4.08103147e+08
0.0950	0.1050	0.1150	5.09056664e+08
0.0950	0.1050	0.1250	3.82568301e+08
0.0950	0.1050	0.1350	4.35544508e+08
0.0950	0.1050	0.1450	4.77574633e+08
0.0950	0.1150	0.1150	3.74192317e+08
0.0950	0.1150	0.1250	4.66243964e+08
0.0950	0.1150	0.1350	4.04699370e+08
0.0950	0.1150	0.1450	4.29378056e+08
0.0950	0.1250	0.1250	3.67469295e+08
0.0950	0.1250	0.1350	4.85172125e+08
0.0950	0.1250	0.1450	3.44886850e+08
0.0950	0.1350	0.1350	4.84410349e+08
0.0950	0.1350	0.1450	3.56615668e+08
0.0950	0.1450	0.1450	4.41957547e+08
0.1050	0.1050	0.1050	3.66131918e+08
0.1050	0.1050	0.1150	4.12617621e+08
0.1050	0.1050	0.1250	4.04690562e+08
0.1050	0.1050	0.1350	4.36615005e+08
0.1050	0.1050	0.1450	3.27070001e+08
0.1050	0.1150	0.1150	3.74915828e+08
0.1050	0.1150	0.1250	4.63170440e+08
0.1050	0.1150	0.1350	4.51752017e+08
0.1050	0.1150	0.1450	3.65371203e+08
0.1050	0.1250	0.1250	3.40766276e+08
0.1050	0.1250	0.1350	3.36279003e+08
0.1050	0.1250	0.1450	3.75299020e+08
0.1050	0.1350	0.1350	3.53431233e+08
0.1050	0.1350	0.1450	3.45501243e+08
0.1050	0.1450	0.1450	3.05764705e+08
0.1150	0.1150	0.1150	2.74523062e+08
0.1150	0.1150	0.1250	4.03677193e+08
0.1150	0.1150	0.1350	2.04671692e+08
0.1150	0.1150	0.1450	2.48719259e+08
0.1150	0.1250	0.1250	2.73809033e+08
0.1150	0.1250	0.1350	2.65239872e+08
0.1150	0.1250	0.1450	2.74214944e+08
0.1150	0.1350	0.1350	2.79799868e+08
0.1150	0.1350	0.1450	2.77142420e+08
0.1150	0.1450	0.1450	2.66564464e+08
0.1250	0.1250	0.1250	4.14053893e+08
0.1250	0.1250	0.1350	3.30622854e+08
0.1250	0.1250	0.1450	3.04441465e+08
0.1250	0.1350	0.1350	2.58627188e+08
0.1250	0.1350	0.1450	3.60938087e+08
0.1250	0.1450	0.1450	2.47422278e+08
0.1350	0.1350	0.1350	2.31805225e+08
0.1350	0.1350	0.1450	2.74236036e+08
0.1350	0.1450	0.1450	2.71833087e+08
0.1450	0.1450	0.1450	1.97356297e+08
