####### Bispectrum of Patchy Simulation 543 #############
# Patch: sgc
# z-type: z1
# Weights: fkp
# Fiducial Omega_m: 0.310
# Fiducial h: 0.676
# Boxsize: [1000.0, 1900.0, 1100.0]
# Grid: [95, 180, 105]
# k-binning: [0.000, 0.160, 0.010]
# Monte Carlo Simulations: 100
#
# Format: k1 | k2 | k3 | B(k1,k2,k3)
############################################
0.0150	0.0150	0.0150	-2.14973888e+10
0.0150	0.0150	0.0250	1.83631715e+09
0.0150	0.0150	0.0350	2.32184385e+10
0.0150	0.0250	0.0250	-9.37761888e+09
0.0150	0.0250	0.0350	1.05070470e+10
0.0150	0.0250	0.0450	9.16938172e+09
0.0150	0.0350	0.0350	-8.62894178e+09
0.0150	0.0350	0.0450	3.81026142e+09
0.0150	0.0350	0.0550	-9.73488298e+08
0.0150	0.0450	0.0450	8.51778579e+09
0.0150	0.0450	0.0550	9.32495767e+09
0.0150	0.0450	0.0650	2.34195431e+09
0.0150	0.0550	0.0550	3.18927649e+09
0.0150	0.0550	0.0650	7.54399042e+09
0.0150	0.0550	0.0750	2.77936851e+09
0.0150	0.0650	0.0650	2.92558170e+09
0.0150	0.0650	0.0750	3.25446638e+09
0.0150	0.0650	0.0850	5.85086840e+09
0.0150	0.0750	0.0750	8.12343738e+09
0.0150	0.0750	0.0850	4.40625365e+09
0.0150	0.0750	0.0950	9.85915493e+09
0.0150	0.0850	0.0850	3.19961712e+09
0.0150	0.0850	0.0950	1.88155981e+09
0.0150	0.0850	0.1050	4.07630066e+09
0.0150	0.0950	0.0950	2.38414998e+09
0.0150	0.0950	0.1050	2.66478641e+09
0.0150	0.0950	0.1150	4.30846158e+09
0.0150	0.1050	0.1050	2.45292209e+09
0.0150	0.1050	0.1150	2.28713278e+09
0.0150	0.1050	0.1250	1.83276075e+09
0.0150	0.1150	0.1150	1.61339060e+09
0.0150	0.1150	0.1250	2.34930381e+09
0.0150	0.1150	0.1350	4.43171953e+09
0.0150	0.1250	0.1250	1.47873968e+09
0.0150	0.1250	0.1350	1.38750194e+09
0.0150	0.1250	0.1450	2.81984533e+09
0.0150	0.1350	0.1350	1.70617692e+09
0.0150	0.1350	0.1450	1.47733445e+09
0.0150	0.1450	0.1450	1.42260679e+09
0.0250	0.0250	0.0250	3.03295275e+10
0.0250	0.0250	0.0350	1.94786774e+10
0.0250	0.0250	0.0450	1.60721647e+10
0.0250	0.0250	0.0550	2.39904545e+09
0.0250	0.0350	0.0350	6.31915510e+09
0.0250	0.0350	0.0450	5.04614039e+09
0.0250	0.0350	0.0550	3.40704402e+09
0.0250	0.0350	0.0650	1.96211272e+09
0.0250	0.0450	0.0450	9.95327575e+09
0.0250	0.0450	0.0550	1.50905105e+09
0.0250	0.0450	0.0650	6.62898106e+09
0.0250	0.0450	0.0750	4.97341548e+09
0.0250	0.0550	0.0550	3.04206537e+09
0.0250	0.0550	0.0650	4.34349719e+09
0.0250	0.0550	0.0750	1.86913689e+09
0.0250	0.0550	0.0850	5.59715812e+09
0.0250	0.0650	0.0650	-1.36517175e+09
0.0250	0.0650	0.0750	2.89781726e+09
0.0250	0.0650	0.0850	3.25599398e+09
0.0250	0.0650	0.0950	2.90590244e+09
0.0250	0.0750	0.0750	1.68371735e+09
0.0250	0.0750	0.0850	2.48581401e+09
0.0250	0.0750	0.0950	4.05409717e+09
0.0250	0.0750	0.1050	5.51694990e+09
0.0250	0.0850	0.0850	9.60315033e+08
0.0250	0.0850	0.0950	2.39670446e+09
0.0250	0.0850	0.1050	1.46342109e+09
0.0250	0.0850	0.1150	5.11723965e+09
0.0250	0.0950	0.0950	1.65954572e+09
0.0250	0.0950	0.1050	1.85461829e+09
0.0250	0.0950	0.1150	1.39286287e+09
0.0250	0.0950	0.1250	3.19713751e+09
0.0250	0.1050	0.1050	-6.89774197e+07
0.0250	0.1050	0.1150	2.63732794e+09
0.0250	0.1050	0.1250	1.69160207e+09
0.0250	0.1050	0.1350	2.35002536e+09
0.0250	0.1150	0.1150	9.78362254e+08
0.0250	0.1150	0.1250	1.15039028e+09
0.0250	0.1150	0.1350	1.99714630e+09
0.0250	0.1150	0.1450	1.38947950e+09
0.0250	0.1250	0.1250	1.42440277e+09
0.0250	0.1250	0.1350	1.42243156e+09
0.0250	0.1250	0.1450	2.23229164e+09
0.0250	0.1350	0.1350	1.32836698e+09
0.0250	0.1350	0.1450	1.63926870e+09
0.0250	0.1450	0.1450	6.77546372e+08
0.0350	0.0350	0.0350	-4.77225496e+09
0.0350	0.0350	0.0450	7.13149271e+09
0.0350	0.0350	0.0550	1.74027956e+09
0.0350	0.0350	0.0650	-1.72437639e+08
0.0350	0.0350	0.0750	-3.61376527e+09
0.0350	0.0450	0.0450	4.31436772e+09
0.0350	0.0450	0.0550	5.29412460e+09
0.0350	0.0450	0.0650	4.03902631e+09
0.0350	0.0450	0.0750	3.79253625e+09
0.0350	0.0450	0.0850	9.21699950e+09
0.0350	0.0550	0.0550	2.38532745e+09
0.0350	0.0550	0.0650	2.66933689e+09
0.0350	0.0550	0.0750	2.97954550e+09
0.0350	0.0550	0.0850	2.61033740e+09
0.0350	0.0550	0.0950	-6.23373571e+08
0.0350	0.0650	0.0650	2.77901993e+09
0.0350	0.0650	0.0750	1.52420364e+09
0.0350	0.0650	0.0850	1.42013534e+09
0.0350	0.0650	0.0950	3.81571190e+09
0.0350	0.0650	0.1050	1.49015889e+09
0.0350	0.0750	0.0750	3.46624384e+09
0.0350	0.0750	0.0850	1.03895599e+09
0.0350	0.0750	0.0950	2.80007633e+09
0.0350	0.0750	0.1050	2.05457752e+09
0.0350	0.0750	0.1150	4.11812377e+09
0.0350	0.0850	0.0850	1.65785539e+09
0.0350	0.0850	0.0950	4.42146332e+08
0.0350	0.0850	0.1050	1.41453434e+09
0.0350	0.0850	0.1150	1.41293269e+09
0.0350	0.0850	0.1250	1.47502388e+09
0.0350	0.0950	0.0950	6.07956117e+08
0.0350	0.0950	0.1050	9.75608486e+08
0.0350	0.0950	0.1150	2.05884693e+09
0.0350	0.0950	0.1250	1.62598893e+09
0.0350	0.0950	0.1350	2.79244112e+09
0.0350	0.1050	0.1050	8.62611463e+08
0.0350	0.1050	0.1150	7.61249720e+08
0.0350	0.1050	0.1250	2.06680406e+09
0.0350	0.1050	0.1350	1.16714159e+09
0.0350	0.1050	0.1450	2.89464449e+09
0.0350	0.1150	0.1150	1.43731103e+08
0.0350	0.1150	0.1250	9.04057843e+08
0.0350	0.1150	0.1350	1.35504208e+09
0.0350	0.1150	0.1450	1.17245039e+09
0.0350	0.1250	0.1250	3.32776702e+08
0.0350	0.1250	0.1350	3.34401467e+08
0.0350	0.1250	0.1450	8.86939110e+08
0.0350	0.1350	0.1350	6.25797368e+08
0.0350	0.1350	0.1450	7.17127491e+08
0.0350	0.1450	0.1450	8.40036096e+08
0.0450	0.0450	0.0450	7.15655968e+08
0.0450	0.0450	0.0550	1.63767537e+09
0.0450	0.0450	0.0650	3.81935257e+09
0.0450	0.0450	0.0750	2.89758692e+09
0.0450	0.0450	0.0850	1.45483359e+09
0.0450	0.0450	0.0950	2.76696754e+09
0.0450	0.0550	0.0550	2.40578857e+09
0.0450	0.0550	0.0650	3.13302732e+09
0.0450	0.0550	0.0750	2.91477206e+09
0.0450	0.0550	0.0850	1.71749222e+09
0.0450	0.0550	0.0950	2.88065487e+09
0.0450	0.0550	0.1050	3.77543351e+09
0.0450	0.0650	0.0650	2.17088269e+09
0.0450	0.0650	0.0750	3.10285490e+09
0.0450	0.0650	0.0850	2.19123865e+09
0.0450	0.0650	0.0950	2.57075545e+09
0.0450	0.0650	0.1050	3.19579956e+09
0.0450	0.0650	0.1150	1.01006923e+09
0.0450	0.0750	0.0750	1.92903479e+09
0.0450	0.0750	0.0850	8.91136854e+08
0.0450	0.0750	0.0950	3.64281825e+09
0.0450	0.0750	0.1050	9.05802015e+08
0.0450	0.0750	0.1150	2.43673159e+09
0.0450	0.0750	0.1250	4.82012512e+09
0.0450	0.0850	0.0850	1.21801823e+09
0.0450	0.0850	0.0950	6.77677331e+08
0.0450	0.0850	0.1050	1.11937764e+09
0.0450	0.0850	0.1150	1.86552279e+09
0.0450	0.0850	0.1250	1.30430330e+09
0.0450	0.0850	0.1350	3.11209055e+09
0.0450	0.0950	0.0950	3.06900510e+09
0.0450	0.0950	0.1050	8.89429319e+08
0.0450	0.0950	0.1150	1.27678233e+09
0.0450	0.0950	0.1250	1.33840584e+09
0.0450	0.0950	0.1350	1.70532636e+09
0.0450	0.0950	0.1450	1.03695790e+09
0.0450	0.1050	0.1050	3.48300716e+08
0.0450	0.1050	0.1150	1.07969170e+09
0.0450	0.1050	0.1250	1.27120895e+09
0.0450	0.1050	0.1350	1.15985294e+09
0.0450	0.1050	0.1450	1.23671366e+09
0.0450	0.1150	0.1150	1.14110357e+09
0.0450	0.1150	0.1250	1.13064573e+09
0.0450	0.1150	0.1350	1.28335141e+09
0.0450	0.1150	0.1450	1.11312506e+09
0.0450	0.1250	0.1250	8.17521329e+08
0.0450	0.1250	0.1350	7.83113181e+08
0.0450	0.1250	0.1450	4.83890165e+08
0.0450	0.1350	0.1350	8.21279853e+08
0.0450	0.1350	0.1450	8.65063904e+08
0.0450	0.1450	0.1450	7.84425188e+08
0.0550	0.0550	0.0550	6.67728351e+09
0.0550	0.0550	0.0650	-9.91291571e+08
0.0550	0.0550	0.0750	7.93474335e+08
0.0550	0.0550	0.0850	1.76040588e+09
0.0550	0.0550	0.0950	3.53007750e+09
0.0550	0.0550	0.1050	1.09212327e+09
0.0550	0.0550	0.1150	4.51842033e+09
0.0550	0.0650	0.0650	1.91323052e+09
0.0550	0.0650	0.0750	8.59775023e+08
0.0550	0.0650	0.0850	1.35540032e+09
0.0550	0.0650	0.0950	7.53617682e+08
0.0550	0.0650	0.1050	1.91974048e+09
0.0550	0.0650	0.1150	2.06180312e+09
0.0550	0.0650	0.1250	1.41710638e+09
0.0550	0.0750	0.0750	3.38623162e+09
0.0550	0.0750	0.0850	8.27608312e+08
0.0550	0.0750	0.0950	7.96482466e+08
0.0550	0.0750	0.1050	5.09075440e+08
0.0550	0.0750	0.1150	8.76592117e+08
0.0550	0.0750	0.1250	1.72268004e+09
0.0550	0.0750	0.1350	2.30590726e+09
0.0550	0.0850	0.0850	5.47835251e+08
0.0550	0.0850	0.0950	6.45191537e+08
0.0550	0.0850	0.1050	1.14318931e+09
0.0550	0.0850	0.1150	9.54738648e+08
0.0550	0.0850	0.1250	7.51786350e+08
0.0550	0.0850	0.1350	1.13326997e+09
0.0550	0.0850	0.1450	3.27013596e+08
0.0550	0.0950	0.0950	6.16428581e+08
0.0550	0.0950	0.1050	8.59865819e+08
0.0550	0.0950	0.1150	1.32079244e+09
0.0550	0.0950	0.1250	7.34583604e+08
0.0550	0.0950	0.1350	7.30522811e+08
0.0550	0.0950	0.1450	1.35233961e+09
0.0550	0.1050	0.1050	6.78288600e+08
0.0550	0.1050	0.1150	9.81123552e+08
0.0550	0.1050	0.1250	6.22132044e+08
0.0550	0.1050	0.1350	1.04316920e+09
0.0550	0.1050	0.1450	9.08229476e+08
0.0550	0.1150	0.1150	4.30181005e+08
0.0550	0.1150	0.1250	6.36253097e+08
0.0550	0.1150	0.1350	8.58341783e+08
0.0550	0.1150	0.1450	5.03558511e+08
0.0550	0.1250	0.1250	6.23794280e+08
0.0550	0.1250	0.1350	6.50335209e+08
0.0550	0.1250	0.1450	6.33266999e+08
0.0550	0.1350	0.1350	1.59772342e+08
0.0550	0.1350	0.1450	6.91920474e+08
0.0550	0.1450	0.1450	7.45830942e+08
0.0650	0.0650	0.0650	5.69150654e+09
0.0650	0.0650	0.0750	2.33215703e+09
0.0650	0.0650	0.0850	1.68834296e+09
0.0650	0.0650	0.0950	1.57656215e+09
0.0650	0.0650	0.1050	9.86655724e+08
0.0650	0.0650	0.1150	2.13867330e+09
0.0650	0.0650	0.1250	2.09725184e+09
0.0650	0.0650	0.1350	1.78889842e+09
0.0650	0.0750	0.0750	6.67212159e+08
0.0650	0.0750	0.0850	1.87754238e+09
0.0650	0.0750	0.0950	1.58068380e+09
0.0650	0.0750	0.1050	1.32995782e+09
0.0650	0.0750	0.1150	1.76485129e+09
0.0650	0.0750	0.1250	1.11538657e+09
0.0650	0.0750	0.1350	2.12480515e+09
0.0650	0.0750	0.1450	1.47159482e+09
0.0650	0.0850	0.0850	4.97875542e+08
0.0650	0.0850	0.0950	6.19468322e+08
0.0650	0.0850	0.1050	8.63421566e+08
0.0650	0.0850	0.1150	1.16780625e+09
0.0650	0.0850	0.1250	6.98701133e+08
0.0650	0.0850	0.1350	1.14251868e+09
0.0650	0.0850	0.1450	1.22573228e+09
0.0650	0.0950	0.0950	5.93525432e+08
0.0650	0.0950	0.1050	1.13226324e+09
0.0650	0.0950	0.1150	8.60666943e+08
0.0650	0.0950	0.1250	1.02132991e+09
0.0650	0.0950	0.1350	9.61809323e+08
0.0650	0.0950	0.1450	6.61066857e+08
0.0650	0.1050	0.1050	-1.32588188e+06
0.0650	0.1050	0.1150	1.00612928e+09
0.0650	0.1050	0.1250	6.48850350e+08
0.0650	0.1050	0.1350	6.53901594e+08
0.0650	0.1050	0.1450	5.46176278e+08
0.0650	0.1150	0.1150	8.00511208e+08
0.0650	0.1150	0.1250	7.43316377e+08
0.0650	0.1150	0.1350	6.61838337e+08
0.0650	0.1150	0.1450	7.98659026e+08
0.0650	0.1250	0.1250	2.99260027e+08
0.0650	0.1250	0.1350	5.34300570e+08
0.0650	0.1250	0.1450	4.40301992e+08
0.0650	0.1350	0.1350	6.97933080e+08
0.0650	0.1350	0.1450	7.17123310e+08
0.0650	0.1450	0.1450	7.47980695e+08
0.0750	0.0750	0.0750	2.60273622e+09
0.0750	0.0750	0.0850	2.10064924e+08
0.0750	0.0750	0.0950	1.19611631e+09
0.0750	0.0750	0.1050	1.34316445e+09
0.0750	0.0750	0.1150	1.11520957e+09
0.0750	0.0750	0.1250	3.66416863e+08
0.0750	0.0750	0.1350	1.49922191e+09
0.0750	0.0750	0.1450	2.43464680e+09
0.0750	0.0850	0.0850	2.02168519e+09
0.0750	0.0850	0.0950	8.48537641e+08
0.0750	0.0850	0.1050	1.09592714e+09
0.0750	0.0850	0.1150	1.17033545e+09
0.0750	0.0850	0.1250	8.66125467e+08
0.0750	0.0850	0.1350	9.91066766e+08
0.0750	0.0850	0.1450	1.17265305e+09
0.0750	0.0950	0.0950	7.85129471e+08
0.0750	0.0950	0.1050	7.57635666e+08
0.0750	0.0950	0.1150	1.22102161e+09
0.0750	0.0950	0.1250	4.83656026e+08
0.0750	0.0950	0.1350	6.60773198e+08
0.0750	0.0950	0.1450	8.37851782e+08
0.0750	0.1050	0.1050	6.37254377e+08
0.0750	0.1050	0.1150	9.16848729e+08
0.0750	0.1050	0.1250	4.30413325e+08
0.0750	0.1050	0.1350	7.99626219e+08
0.0750	0.1050	0.1450	6.13757659e+08
0.0750	0.1150	0.1150	7.69120995e+08
0.0750	0.1150	0.1250	7.80044073e+08
0.0750	0.1150	0.1350	6.70082639e+08
0.0750	0.1150	0.1450	5.78622247e+08
0.0750	0.1250	0.1250	3.52878013e+08
0.0750	0.1250	0.1350	6.19231549e+08
0.0750	0.1250	0.1450	3.16923872e+08
0.0750	0.1350	0.1350	4.91127664e+08
0.0750	0.1350	0.1450	5.55662907e+08
0.0750	0.1450	0.1450	5.70144568e+08
0.0850	0.0850	0.0850	7.16922454e+08
0.0850	0.0850	0.0950	5.99953460e+08
0.0850	0.0850	0.1050	7.17785397e+08
0.0850	0.0850	0.1150	1.13591378e+09
0.0850	0.0850	0.1250	8.08616425e+08
0.0850	0.0850	0.1350	1.03368976e+09
0.0850	0.0850	0.1450	9.71086840e+08
0.0850	0.0950	0.0950	2.66948822e+08
0.0850	0.0950	0.1050	6.79154188e+08
0.0850	0.0950	0.1150	6.97296016e+08
0.0850	0.0950	0.1250	5.83710975e+08
0.0850	0.0950	0.1350	7.19692165e+08
0.0850	0.0950	0.1450	5.38585123e+08
0.0850	0.1050	0.1050	1.01086882e+09
0.0850	0.1050	0.1150	4.67587502e+08
0.0850	0.1050	0.1250	4.30262702e+08
0.0850	0.1050	0.1350	6.03589825e+08
0.0850	0.1050	0.1450	7.11567914e+08
0.0850	0.1150	0.1150	2.70328807e+08
0.0850	0.1150	0.1250	5.12978567e+08
0.0850	0.1150	0.1350	3.08298440e+08
0.0850	0.1150	0.1450	4.28456726e+08
0.0850	0.1250	0.1250	1.21513689e+08
0.0850	0.1250	0.1350	5.26533757e+08
0.0850	0.1250	0.1450	4.20811019e+08
0.0850	0.1350	0.1350	4.39980434e+08
0.0850	0.1350	0.1450	3.62661762e+08
0.0850	0.1450	0.1450	3.32890899e+08
0.0950	0.0950	0.0950	5.76700346e+08
0.0950	0.0950	0.1050	1.54406771e+08
0.0950	0.0950	0.1150	6.84692494e+08
0.0950	0.0950	0.1250	6.34610978e+08
0.0950	0.0950	0.1350	7.88251776e+08
0.0950	0.0950	0.1450	4.87640364e+08
0.0950	0.1050	0.1050	4.27161908e+08
0.0950	0.1050	0.1150	6.20136817e+08
0.0950	0.1050	0.1250	5.63555976e+08
0.0950	0.1050	0.1350	2.57502803e+08
0.0950	0.1050	0.1450	2.34337516e+08
0.0950	0.1150	0.1150	6.81006508e+08
0.0950	0.1150	0.1250	6.35047059e+08
0.0950	0.1150	0.1350	7.09849965e+08
0.0950	0.1150	0.1450	5.17814021e+08
0.0950	0.1250	0.1250	3.87871708e+08
0.0950	0.1250	0.1350	4.89870673e+08
0.0950	0.1250	0.1450	3.77961617e+08
0.0950	0.1350	0.1350	2.62812853e+08
0.0950	0.1350	0.1450	3.64841830e+08
0.0950	0.1450	0.1450	2.43621579e+08
0.1050	0.1050	0.1050	5.86016173e+08
0.1050	0.1050	0.1150	7.42749782e+08
0.1050	0.1050	0.1250	1.45315356e+08
0.1050	0.1050	0.1350	3.60226332e+08
0.1050	0.1050	0.1450	1.67328800e+08
0.1050	0.1150	0.1150	4.26715003e+08
0.1050	0.1150	0.1250	3.24447706e+08
0.1050	0.1150	0.1350	3.72588282e+08
0.1050	0.1150	0.1450	3.59030709e+08
0.1050	0.1250	0.1250	5.43755274e+08
0.1050	0.1250	0.1350	3.68062734e+08
0.1050	0.1250	0.1450	2.55712912e+08
0.1050	0.1350	0.1350	3.12539548e+08
0.1050	0.1350	0.1450	3.46011914e+08
0.1050	0.1450	0.1450	3.78860173e+08
0.1150	0.1150	0.1150	-6.18314766e+07
0.1150	0.1150	0.1250	3.95047984e+08
0.1150	0.1150	0.1350	4.30915773e+08
0.1150	0.1150	0.1450	1.74145552e+08
0.1150	0.1250	0.1250	3.03051592e+08
0.1150	0.1250	0.1350	1.77786052e+08
0.1150	0.1250	0.1450	4.79476769e+08
0.1150	0.1350	0.1350	3.33078963e+08
0.1150	0.1350	0.1450	3.92882844e+08
0.1150	0.1450	0.1450	3.25265554e+08
0.1250	0.1250	0.1250	8.29598216e+07
0.1250	0.1250	0.1350	4.41560558e+08
0.1250	0.1250	0.1450	1.68106733e+08
0.1250	0.1350	0.1350	2.01997875e+08
0.1250	0.1350	0.1450	2.94475630e+08
0.1250	0.1450	0.1450	2.06414616e+08
0.1350	0.1350	0.1350	-4.27633204e+06
0.1350	0.1350	0.1450	2.85913972e+08
0.1350	0.1450	0.1450	9.19961096e+07
0.1450	0.1450	0.1450	2.70760244e+08
