####### Bispectrum of Patchy Simulation 15 #############
# Patch: sgc
# z-type: z3
# Weights: fkp
# Fiducial Omega_m: 0.310
# Fiducial h: 0.676
# Boxsize: [1000.0, 2600.0, 1500.0]
# Grid: [95, 250, 140]
# k-binning: [0.000, 0.160, 0.010]
# Monte Carlo Simulations: 100
#
# Format: k1 | k2 | k3 | B(k1,k2,k3)
############################################
0.0150	0.0150	0.0150	-1.42582685e+10
0.0150	0.0150	0.0250	1.18122222e+10
0.0150	0.0150	0.0350	1.10446785e+09
0.0150	0.0250	0.0250	4.08625411e+09
0.0150	0.0250	0.0350	8.49772208e+09
0.0150	0.0250	0.0450	3.15612122e+10
0.0150	0.0350	0.0350	9.23420427e+09
0.0150	0.0350	0.0450	-1.11599169e+09
0.0150	0.0350	0.0550	-4.44053518e+09
0.0150	0.0450	0.0450	1.29195176e+10
0.0150	0.0450	0.0550	1.23431326e+10
0.0150	0.0450	0.0650	-1.10164079e+09
0.0150	0.0550	0.0550	7.78155250e+09
0.0150	0.0550	0.0650	8.97131943e+09
0.0150	0.0550	0.0750	4.37685269e+09
0.0150	0.0650	0.0650	7.27912382e+09
0.0150	0.0650	0.0750	2.23471154e+09
0.0150	0.0650	0.0850	2.29726966e+09
0.0150	0.0750	0.0750	3.07932800e+09
0.0150	0.0750	0.0850	6.07691220e+09
0.0150	0.0750	0.0950	4.88127610e+08
0.0150	0.0850	0.0850	9.63009530e+08
0.0150	0.0850	0.0950	1.90877677e+09
0.0150	0.0850	0.1050	4.56893035e+09
0.0150	0.0950	0.0950	2.93895303e+09
0.0150	0.0950	0.1050	3.48637348e+09
0.0150	0.0950	0.1150	5.46057071e+09
0.0150	0.1050	0.1050	2.64847546e+09
0.0150	0.1050	0.1150	2.06740048e+09
0.0150	0.1050	0.1250	3.31274301e+09
0.0150	0.1150	0.1150	3.51519470e+09
0.0150	0.1150	0.1250	1.94534455e+09
0.0150	0.1150	0.1350	2.65663535e+09
0.0150	0.1250	0.1250	2.37934635e+09
0.0150	0.1250	0.1350	3.15427360e+09
0.0150	0.1250	0.1450	3.97492175e+09
0.0150	0.1350	0.1350	1.76375953e+09
0.0150	0.1350	0.1450	1.65930723e+09
0.0150	0.1450	0.1450	1.70667568e+09
0.0250	0.0250	0.0250	-1.70073812e+09
0.0250	0.0250	0.0350	1.04650348e+10
0.0250	0.0250	0.0450	-1.07465219e+10
0.0250	0.0250	0.0550	1.18693490e+10
0.0250	0.0350	0.0350	-5.45579697e+09
0.0250	0.0350	0.0450	8.33647191e+09
0.0250	0.0350	0.0550	6.03070384e+09
0.0250	0.0350	0.0650	-1.30265281e+09
0.0250	0.0450	0.0450	2.85251472e+09
0.0250	0.0450	0.0550	2.74736862e+09
0.0250	0.0450	0.0650	3.07759727e+09
0.0250	0.0450	0.0750	3.33288709e+09
0.0250	0.0550	0.0550	4.65620195e+09
0.0250	0.0550	0.0650	4.53898216e+09
0.0250	0.0550	0.0750	5.26853103e+09
0.0250	0.0550	0.0850	6.51117084e+09
0.0250	0.0650	0.0650	5.60111963e+08
0.0250	0.0650	0.0750	4.76385272e+09
0.0250	0.0650	0.0850	3.47853052e+09
0.0250	0.0650	0.0950	3.85705618e+09
0.0250	0.0750	0.0750	1.19547305e+09
0.0250	0.0750	0.0850	1.77206517e+09
0.0250	0.0750	0.0950	1.89313411e+09
0.0250	0.0750	0.1050	6.98279755e+09
0.0250	0.0850	0.0850	3.79209186e+09
0.0250	0.0850	0.0950	9.84166899e+08
0.0250	0.0850	0.1050	3.31960558e+09
0.0250	0.0850	0.1150	3.51050515e+09
0.0250	0.0950	0.0950	1.81459287e+09
0.0250	0.0950	0.1050	1.08846970e+09
0.0250	0.0950	0.1150	2.13952983e+09
0.0250	0.0950	0.1250	4.15311136e+09
0.0250	0.1050	0.1050	2.33798153e+09
0.0250	0.1050	0.1150	2.28159315e+09
0.0250	0.1050	0.1250	1.78925998e+09
0.0250	0.1050	0.1350	1.40042405e+09
0.0250	0.1150	0.1150	1.02518747e+09
0.0250	0.1150	0.1250	1.65330421e+09
0.0250	0.1150	0.1350	1.14472573e+09
0.0250	0.1150	0.1450	2.35654540e+09
0.0250	0.1250	0.1250	1.70907595e+09
0.0250	0.1250	0.1350	1.34980734e+09
0.0250	0.1250	0.1450	1.50379877e+09
0.0250	0.1350	0.1350	9.97772220e+08
0.0250	0.1350	0.1450	1.28459203e+09
0.0250	0.1450	0.1450	1.08496192e+09
0.0350	0.0350	0.0350	1.73697815e+10
0.0350	0.0350	0.0450	2.71139235e+09
0.0350	0.0350	0.0550	2.31541259e+09
0.0350	0.0350	0.0650	3.33210207e+09
0.0350	0.0350	0.0750	5.01931146e+09
0.0350	0.0450	0.0450	3.47207246e+09
0.0350	0.0450	0.0550	1.59080719e+09
0.0350	0.0450	0.0650	3.05506870e+09
0.0350	0.0450	0.0750	1.83980797e+09
0.0350	0.0450	0.0850	2.73492207e+09
0.0350	0.0550	0.0550	-5.71194024e+08
0.0350	0.0550	0.0650	2.92626785e+09
0.0350	0.0550	0.0750	2.24799288e+09
0.0350	0.0550	0.0850	2.22048499e+09
0.0350	0.0550	0.0950	2.97217080e+09
0.0350	0.0650	0.0650	2.32914435e+09
0.0350	0.0650	0.0750	1.99930032e+09
0.0350	0.0650	0.0850	1.84877363e+09
0.0350	0.0650	0.0950	1.48139500e+09
0.0350	0.0650	0.1050	4.99431062e+09
0.0350	0.0750	0.0750	2.00388699e+09
0.0350	0.0750	0.0850	2.32401727e+09
0.0350	0.0750	0.0950	2.03029404e+09
0.0350	0.0750	0.1050	1.72198378e+09
0.0350	0.0750	0.1150	3.02719221e+09
0.0350	0.0850	0.0850	1.17368873e+09
0.0350	0.0850	0.0950	1.59466440e+09
0.0350	0.0850	0.1050	1.00465568e+09
0.0350	0.0850	0.1150	1.49445975e+09
0.0350	0.0850	0.1250	2.64416742e+09
0.0350	0.0950	0.0950	1.34707578e+09
0.0350	0.0950	0.1050	1.29573868e+09
0.0350	0.0950	0.1150	2.17926973e+09
0.0350	0.0950	0.1250	1.25966680e+09
0.0350	0.0950	0.1350	2.73363871e+09
0.0350	0.1050	0.1050	2.32207370e+09
0.0350	0.1050	0.1150	1.06064205e+09
0.0350	0.1050	0.1250	1.59087021e+09
0.0350	0.1050	0.1350	1.74985065e+09
0.0350	0.1050	0.1450	8.65071777e+08
0.0350	0.1150	0.1150	1.18931731e+09
0.0350	0.1150	0.1250	8.26943647e+08
0.0350	0.1150	0.1350	1.59213403e+09
0.0350	0.1150	0.1450	1.08114506e+09
0.0350	0.1250	0.1250	9.32921059e+08
0.0350	0.1250	0.1350	8.24082420e+08
0.0350	0.1250	0.1450	1.13112866e+09
0.0350	0.1350	0.1350	1.44249413e+09
0.0350	0.1350	0.1450	6.44450518e+08
0.0350	0.1450	0.1450	6.58605926e+08
0.0450	0.0450	0.0450	2.23225590e+09
0.0450	0.0450	0.0550	4.04084693e+09
0.0450	0.0450	0.0650	-1.67932108e+07
0.0450	0.0450	0.0750	3.60227293e+09
0.0450	0.0450	0.0850	2.84689092e+09
0.0450	0.0450	0.0950	4.63829227e+09
0.0450	0.0550	0.0550	2.23293995e+09
0.0450	0.0550	0.0650	2.82277140e+09
0.0450	0.0550	0.0750	1.94945997e+09
0.0450	0.0550	0.0850	1.62928205e+09
0.0450	0.0550	0.0950	3.05082110e+09
0.0450	0.0550	0.1050	3.52328549e+09
0.0450	0.0650	0.0650	7.78767473e+08
0.0450	0.0650	0.0750	8.42029140e+08
0.0450	0.0650	0.0850	2.49092990e+09
0.0450	0.0650	0.0950	2.31980394e+09
0.0450	0.0650	0.1050	2.30405422e+09
0.0450	0.0650	0.1150	2.00203105e+09
0.0450	0.0750	0.0750	1.09571247e+09
0.0450	0.0750	0.0850	1.56979342e+09
0.0450	0.0750	0.0950	1.35277332e+09
0.0450	0.0750	0.1050	1.11767255e+09
0.0450	0.0750	0.1150	2.28253792e+09
0.0450	0.0750	0.1250	1.64851123e+08
0.0450	0.0850	0.0850	1.30923459e+09
0.0450	0.0850	0.0950	1.01740177e+09
0.0450	0.0850	0.1050	8.96832392e+08
0.0450	0.0850	0.1150	9.63167031e+08
0.0450	0.0850	0.1250	2.08688336e+09
0.0450	0.0850	0.1350	2.81713161e+09
0.0450	0.0950	0.0950	5.56447417e+08
0.0450	0.0950	0.1050	1.43455537e+09
0.0450	0.0950	0.1150	3.23980108e+08
0.0450	0.0950	0.1250	8.96217151e+08
0.0450	0.0950	0.1350	1.57786611e+09
0.0450	0.0950	0.1450	1.23746237e+08
0.0450	0.1050	0.1050	5.99169902e+08
0.0450	0.1050	0.1150	9.01145826e+08
0.0450	0.1050	0.1250	1.18861606e+09
0.0450	0.1050	0.1350	8.35838054e+08
0.0450	0.1050	0.1450	1.77754924e+09
0.0450	0.1150	0.1150	1.07570584e+09
0.0450	0.1150	0.1250	7.52247904e+08
0.0450	0.1150	0.1350	8.13252214e+08
0.0450	0.1150	0.1450	7.36352803e+08
0.0450	0.1250	0.1250	1.07254089e+09
0.0450	0.1250	0.1350	6.41789012e+08
0.0450	0.1250	0.1450	1.00499257e+09
0.0450	0.1350	0.1350	1.02764263e+09
0.0450	0.1350	0.1450	8.30236332e+08
0.0450	0.1450	0.1450	1.08223940e+09
0.0550	0.0550	0.0550	3.31551634e+09
0.0550	0.0550	0.0650	1.94746579e+09
0.0550	0.0550	0.0750	1.94173238e+09
0.0550	0.0550	0.0850	2.24816050e+09
0.0550	0.0550	0.0950	2.62775415e+09
0.0550	0.0550	0.1050	1.97782326e+09
0.0550	0.0550	0.1150	2.18337454e+09
0.0550	0.0650	0.0650	1.40454814e+09
0.0550	0.0650	0.0750	2.72523607e+09
0.0550	0.0650	0.0850	1.46081523e+09
0.0550	0.0650	0.0950	1.34588751e+09
0.0550	0.0650	0.1050	2.30319551e+09
0.0550	0.0650	0.1150	2.01319139e+09
0.0550	0.0650	0.1250	2.05513471e+09
0.0550	0.0750	0.0750	1.97960469e+09
0.0550	0.0750	0.0850	1.33981411e+09
0.0550	0.0750	0.0950	1.49393627e+09
0.0550	0.0750	0.1050	1.43134080e+09
0.0550	0.0750	0.1150	2.09381295e+09
0.0550	0.0750	0.1250	1.98341200e+09
0.0550	0.0750	0.1350	2.84877022e+09
0.0550	0.0850	0.0850	1.45834153e+09
0.0550	0.0850	0.0950	1.08632995e+09
0.0550	0.0850	0.1050	1.02801846e+09
0.0550	0.0850	0.1150	1.13088984e+09
0.0550	0.0850	0.1250	7.49104045e+08
0.0550	0.0850	0.1350	1.55966291e+09
0.0550	0.0850	0.1450	1.53443913e+09
0.0550	0.0950	0.0950	1.05356901e+09
0.0550	0.0950	0.1050	1.22915788e+09
0.0550	0.0950	0.1150	6.66857427e+08
0.0550	0.0950	0.1250	1.46661273e+09
0.0550	0.0950	0.1350	8.79553725e+08
0.0550	0.0950	0.1450	1.44120933e+09
0.0550	0.1050	0.1050	7.24398822e+08
0.0550	0.1050	0.1150	1.07524154e+09
0.0550	0.1050	0.1250	9.03613502e+08
0.0550	0.1050	0.1350	9.75771552e+08
0.0550	0.1050	0.1450	1.09002454e+09
0.0550	0.1150	0.1150	1.24716423e+08
0.0550	0.1150	0.1250	1.07589606e+09
0.0550	0.1150	0.1350	7.52522887e+08
0.0550	0.1150	0.1450	7.45723026e+08
0.0550	0.1250	0.1250	2.36385712e+08
0.0550	0.1250	0.1350	7.15642868e+08
0.0550	0.1250	0.1450	9.90949035e+08
0.0550	0.1350	0.1350	4.86021131e+08
0.0550	0.1350	0.1450	8.30644272e+08
0.0550	0.1450	0.1450	7.89325775e+08
0.0650	0.0650	0.0650	3.96944594e+09
0.0650	0.0650	0.0750	2.02719020e+09
0.0650	0.0650	0.0850	1.76421360e+09
0.0650	0.0650	0.0950	3.42501417e+08
0.0650	0.0650	0.1050	1.31920094e+09
0.0650	0.0650	0.1150	1.51094460e+09
0.0650	0.0650	0.1250	1.62866670e+09
0.0650	0.0650	0.1350	3.01373153e+08
0.0650	0.0750	0.0750	6.02568152e+08
0.0650	0.0750	0.0850	8.33252458e+08
0.0650	0.0750	0.0950	7.97808570e+08
0.0650	0.0750	0.1050	1.03221197e+09
0.0650	0.0750	0.1150	1.01156673e+09
0.0650	0.0750	0.1250	1.56168877e+09
0.0650	0.0750	0.1350	2.05054150e+09
0.0650	0.0750	0.1450	1.27483011e+09
0.0650	0.0850	0.0850	1.49921014e+09
0.0650	0.0850	0.0950	8.26715439e+08
0.0650	0.0850	0.1050	1.03017322e+09
0.0650	0.0850	0.1150	7.99858009e+08
0.0650	0.0850	0.1250	1.19741938e+09
0.0650	0.0850	0.1350	9.63715935e+08
0.0650	0.0850	0.1450	1.51783862e+09
0.0650	0.0950	0.0950	1.11977428e+09
0.0650	0.0950	0.1050	8.21108397e+08
0.0650	0.0950	0.1150	9.97246270e+08
0.0650	0.0950	0.1250	9.45128895e+08
0.0650	0.0950	0.1350	8.02164543e+08
0.0650	0.0950	0.1450	1.11691671e+09
0.0650	0.1050	0.1050	9.49024780e+08
0.0650	0.1050	0.1150	6.52527168e+08
0.0650	0.1050	0.1250	6.38657439e+08
0.0650	0.1050	0.1350	8.80540939e+08
0.0650	0.1050	0.1450	5.58793791e+08
0.0650	0.1150	0.1150	5.02640223e+08
0.0650	0.1150	0.1250	9.72668155e+08
0.0650	0.1150	0.1350	9.68647466e+08
0.0650	0.1150	0.1450	8.55352099e+08
0.0650	0.1250	0.1250	5.82952453e+08
0.0650	0.1250	0.1350	8.10134475e+08
0.0650	0.1250	0.1450	8.09854568e+08
0.0650	0.1350	0.1350	5.21157888e+08
0.0650	0.1350	0.1450	5.39810349e+08
0.0650	0.1450	0.1450	4.56406993e+08
0.0750	0.0750	0.0750	2.47030289e+09
0.0750	0.0750	0.0850	1.09193284e+09
0.0750	0.0750	0.0950	1.30113862e+09
0.0750	0.0750	0.1050	1.43696551e+09
0.0750	0.0750	0.1150	1.33346410e+09
0.0750	0.0750	0.1250	8.70148473e+08
0.0750	0.0750	0.1350	1.27739505e+09
0.0750	0.0750	0.1450	8.06006655e+08
0.0750	0.0850	0.0850	7.07219817e+08
0.0750	0.0850	0.0950	9.10177214e+08
0.0750	0.0850	0.1050	8.03194227e+08
0.0750	0.0850	0.1150	8.67688473e+08
0.0750	0.0850	0.1250	7.60224745e+08
0.0750	0.0850	0.1350	1.00329546e+09
0.0750	0.0850	0.1450	8.38301921e+08
0.0750	0.0950	0.0950	1.38686247e+09
0.0750	0.0950	0.1050	5.60123535e+08
0.0750	0.0950	0.1150	6.68905376e+08
0.0750	0.0950	0.1250	7.42561121e+08
0.0750	0.0950	0.1350	8.31872350e+08
0.0750	0.0950	0.1450	7.40057884e+08
0.0750	0.1050	0.1050	1.22536177e+09
0.0750	0.1050	0.1150	5.22408915e+08
0.0750	0.1050	0.1250	8.13786003e+08
0.0750	0.1050	0.1350	6.11834003e+08
0.0750	0.1050	0.1450	8.17169936e+08
0.0750	0.1150	0.1150	5.65599117e+08
0.0750	0.1150	0.1250	7.09059917e+08
0.0750	0.1150	0.1350	4.84029357e+08
0.0750	0.1150	0.1450	6.03217299e+08
0.0750	0.1250	0.1250	5.66164796e+08
0.0750	0.1250	0.1350	6.56406076e+08
0.0750	0.1250	0.1450	7.53715351e+08
0.0750	0.1350	0.1350	1.01211872e+08
0.0750	0.1350	0.1450	3.66264542e+08
0.0750	0.1450	0.1450	8.42795393e+08
0.0850	0.0850	0.0850	1.93915830e+09
0.0850	0.0850	0.0950	1.77073613e+08
0.0850	0.0850	0.1050	7.71893468e+08
0.0850	0.0850	0.1150	5.22894473e+08
0.0850	0.0850	0.1250	7.37313295e+08
0.0850	0.0850	0.1350	5.49284564e+08
0.0850	0.0850	0.1450	8.65137255e+08
0.0850	0.0950	0.0950	4.96809359e+08
0.0850	0.0950	0.1050	9.38860686e+08
0.0850	0.0950	0.1150	6.75758629e+08
0.0850	0.0950	0.1250	5.80763569e+08
0.0850	0.0950	0.1350	6.79656673e+08
0.0850	0.0950	0.1450	7.99424161e+08
0.0850	0.1050	0.1050	2.24829179e+08
0.0850	0.1050	0.1150	7.05951429e+08
0.0850	0.1050	0.1250	5.83164328e+08
0.0850	0.1050	0.1350	4.48460146e+08
0.0850	0.1050	0.1450	6.78167160e+08
0.0850	0.1150	0.1150	5.04462631e+08
0.0850	0.1150	0.1250	5.62572040e+08
0.0850	0.1150	0.1350	5.93366955e+08
0.0850	0.1150	0.1450	6.13904330e+08
0.0850	0.1250	0.1250	3.63431178e+08
0.0850	0.1250	0.1350	7.60638998e+08
0.0850	0.1250	0.1450	3.78509982e+08
0.0850	0.1350	0.1350	5.61790999e+08
0.0850	0.1350	0.1450	5.70041263e+08
0.0850	0.1450	0.1450	4.03480909e+08
0.0950	0.0950	0.0950	7.27645604e+08
0.0950	0.0950	0.1050	7.80448357e+08
0.0950	0.0950	0.1150	3.56214142e+08
0.0950	0.0950	0.1250	9.75451703e+08
0.0950	0.0950	0.1350	5.57687158e+08
0.0950	0.0950	0.1450	6.38722431e+08
0.0950	0.1050	0.1050	4.28379976e+08
0.0950	0.1050	0.1150	3.08761326e+08
0.0950	0.1050	0.1250	6.24168661e+08
0.0950	0.1050	0.1350	4.83767388e+08
0.0950	0.1050	0.1450	3.26490051e+08
0.0950	0.1150	0.1150	5.80196015e+08
0.0950	0.1150	0.1250	5.49449473e+08
0.0950	0.1150	0.1350	3.67702021e+08
0.0950	0.1150	0.1450	6.19896735e+08
0.0950	0.1250	0.1250	5.22790514e+08
0.0950	0.1250	0.1350	4.69490045e+08
0.0950	0.1250	0.1450	4.45038646e+08
0.0950	0.1350	0.1350	2.76923803e+08
0.0950	0.1350	0.1450	5.33950773e+08
0.0950	0.1450	0.1450	3.67189713e+08
0.1050	0.1050	0.1050	9.65142838e+08
0.1050	0.1050	0.1150	5.99763167e+08
0.1050	0.1050	0.1250	8.43925463e+08
0.1050	0.1050	0.1350	4.50486341e+08
0.1050	0.1050	0.1450	5.73576940e+08
0.1050	0.1150	0.1150	5.92079782e+08
0.1050	0.1150	0.1250	4.69611677e+08
0.1050	0.1150	0.1350	4.24839534e+08
0.1050	0.1150	0.1450	3.90243769e+08
0.1050	0.1250	0.1250	6.65448751e+08
0.1050	0.1250	0.1350	5.17461727e+08
0.1050	0.1250	0.1450	5.67735243e+08
0.1050	0.1350	0.1350	4.59216405e+08
0.1050	0.1350	0.1450	2.32451346e+08
0.1050	0.1450	0.1450	4.65884393e+08
0.1150	0.1150	0.1150	-2.69258993e+08
0.1150	0.1150	0.1250	2.25986724e+08
0.1150	0.1150	0.1350	7.45124668e+08
0.1150	0.1150	0.1450	3.42730064e+08
0.1150	0.1250	0.1250	5.12192698e+08
0.1150	0.1250	0.1350	1.90914364e+08
0.1150	0.1250	0.1450	3.22861120e+08
0.1150	0.1350	0.1350	3.16844826e+08
0.1150	0.1350	0.1450	4.57230179e+08
0.1150	0.1450	0.1450	1.82650411e+08
0.1250	0.1250	0.1250	5.80001311e+08
0.1250	0.1250	0.1350	6.68458559e+08
0.1250	0.1250	0.1450	4.83309301e+08
0.1250	0.1350	0.1350	3.35062512e+08
0.1250	0.1350	0.1450	3.94523256e+08
0.1250	0.1450	0.1450	4.99119271e+08
0.1350	0.1350	0.1350	1.88469759e+08
0.1350	0.1350	0.1450	3.97404744e+08
0.1350	0.1450	0.1450	2.46615274e+08
0.1450	0.1450	0.1450	3.59164737e+08
