####### Bispectrum of Patchy Simulation 180 #############
# Patch: ngc
# z-type: z1
# Weights: fkp
# Fiducial Omega_m: 0.310
# Fiducial h: 0.676
# Boxsize: [1350.0, 2450.0, 1400.0]
# Grid: [126, 230, 130]
# k-binning: [0.000, 0.160, 0.010]
# Monte Carlo Simulations: 100
#
# Format: k1 | k2 | k3 | B(k1,k2,k3)
############################################
0.0150	0.0150	0.0150	2.35645485e+10
0.0150	0.0150	0.0250	-9.81014997e+09
0.0150	0.0150	0.0350	5.17735915e+10
0.0150	0.0250	0.0250	1.78274579e+10
0.0150	0.0250	0.0350	6.51113393e+09
0.0150	0.0250	0.0450	6.07072609e+09
0.0150	0.0350	0.0350	1.21420018e+10
0.0150	0.0350	0.0450	7.66982357e+09
0.0150	0.0350	0.0550	-5.09311460e+09
0.0150	0.0450	0.0450	4.52026066e+09
0.0150	0.0450	0.0550	7.81140850e+09
0.0150	0.0450	0.0650	7.33283875e+09
0.0150	0.0550	0.0550	5.64506094e+09
0.0150	0.0550	0.0650	5.43522320e+09
0.0150	0.0550	0.0750	4.01795447e+09
0.0150	0.0650	0.0650	3.42638977e+09
0.0150	0.0650	0.0750	2.57378073e+09
0.0150	0.0650	0.0850	6.16398338e+09
0.0150	0.0750	0.0750	3.47499862e+09
0.0150	0.0750	0.0850	2.23358503e+09
0.0150	0.0750	0.0950	3.15085982e+09
0.0150	0.0850	0.0850	2.54937560e+09
0.0150	0.0850	0.0950	2.17258343e+09
0.0150	0.0850	0.1050	3.61549476e+09
0.0150	0.0950	0.0950	2.11269165e+09
0.0150	0.0950	0.1050	3.82538714e+09
0.0150	0.0950	0.1150	2.92412435e+09
0.0150	0.1050	0.1050	2.07716668e+09
0.0150	0.1050	0.1150	2.04285471e+09
0.0150	0.1050	0.1250	1.64176264e+09
0.0150	0.1150	0.1150	1.19553295e+09
0.0150	0.1150	0.1250	2.17403674e+09
0.0150	0.1150	0.1350	3.42717360e+09
0.0150	0.1250	0.1250	1.08468437e+09
0.0150	0.1250	0.1350	2.13083305e+09
0.0150	0.1250	0.1450	7.14287738e+08
0.0150	0.1350	0.1350	1.37244762e+09
0.0150	0.1350	0.1450	1.96647889e+09
0.0150	0.1450	0.1450	1.40897127e+09
0.0250	0.0250	0.0250	-4.98432225e+09
0.0250	0.0250	0.0350	2.50671882e+09
0.0250	0.0250	0.0450	1.89468050e+09
0.0250	0.0250	0.0550	4.71369626e+09
0.0250	0.0350	0.0350	3.51369313e+09
0.0250	0.0350	0.0450	3.52585947e+09
0.0250	0.0350	0.0550	4.01425882e+09
0.0250	0.0350	0.0650	1.03666952e+10
0.0250	0.0450	0.0450	4.28348128e+09
0.0250	0.0450	0.0550	1.93365854e+09
0.0250	0.0450	0.0650	3.26885522e+09
0.0250	0.0450	0.0750	6.41945244e+09
0.0250	0.0550	0.0550	1.72948006e+09
0.0250	0.0550	0.0650	2.53402237e+09
0.0250	0.0550	0.0750	2.44254096e+09
0.0250	0.0550	0.0850	3.14255270e+09
0.0250	0.0650	0.0650	2.27234960e+09
0.0250	0.0650	0.0750	2.46587713e+09
0.0250	0.0650	0.0850	3.26906406e+09
0.0250	0.0650	0.0950	5.62796668e+09
0.0250	0.0750	0.0750	1.32001154e+09
0.0250	0.0750	0.0850	1.77102613e+09
0.0250	0.0750	0.0950	3.38888365e+09
0.0250	0.0750	0.1050	3.04911634e+09
0.0250	0.0850	0.0850	1.50864480e+09
0.0250	0.0850	0.0950	1.93587298e+09
0.0250	0.0850	0.1050	2.61624538e+09
0.0250	0.0850	0.1150	2.49847620e+09
0.0250	0.0950	0.0950	2.15311689e+09
0.0250	0.0950	0.1050	1.45039267e+09
0.0250	0.0950	0.1150	2.18200221e+09
0.0250	0.0950	0.1250	2.60317617e+09
0.0250	0.1050	0.1050	1.20413732e+09
0.0250	0.1050	0.1150	1.31065785e+09
0.0250	0.1050	0.1250	1.06972054e+09
0.0250	0.1050	0.1350	2.15861063e+09
0.0250	0.1150	0.1150	9.63657412e+08
0.0250	0.1150	0.1250	1.31539708e+09
0.0250	0.1150	0.1350	1.88247556e+09
0.0250	0.1150	0.1450	1.76094604e+09
0.0250	0.1250	0.1250	8.41365058e+08
0.0250	0.1250	0.1350	1.04179477e+09
0.0250	0.1250	0.1450	1.32288485e+09
0.0250	0.1350	0.1350	1.15989375e+09
0.0250	0.1350	0.1450	9.83700719e+08
0.0250	0.1450	0.1450	8.63652581e+08
0.0350	0.0350	0.0350	8.16822177e+09
0.0350	0.0350	0.0450	4.03356767e+09
0.0350	0.0350	0.0550	2.81837603e+09
0.0350	0.0350	0.0650	7.12102235e+09
0.0350	0.0350	0.0750	4.37293090e+09
0.0350	0.0450	0.0450	3.12746958e+09
0.0350	0.0450	0.0550	4.74426738e+09
0.0350	0.0450	0.0650	3.88968457e+08
0.0350	0.0450	0.0750	3.17728053e+09
0.0350	0.0450	0.0850	5.62116023e+09
0.0350	0.0550	0.0550	2.94548827e+09
0.0350	0.0550	0.0650	2.79873068e+09
0.0350	0.0550	0.0750	2.94968285e+09
0.0350	0.0550	0.0850	2.71131574e+09
0.0350	0.0550	0.0950	5.30670097e+09
0.0350	0.0650	0.0650	3.24089179e+09
0.0350	0.0650	0.0750	2.01531917e+09
0.0350	0.0650	0.0850	2.41595691e+09
0.0350	0.0650	0.0950	2.93266106e+09
0.0350	0.0650	0.1050	3.67159555e+09
0.0350	0.0750	0.0750	1.39120938e+09
0.0350	0.0750	0.0850	1.96968634e+09
0.0350	0.0750	0.0950	2.00551719e+09
0.0350	0.0750	0.1050	2.83841666e+09
0.0350	0.0750	0.1150	2.35802595e+09
0.0350	0.0850	0.0850	1.39697489e+09
0.0350	0.0850	0.0950	1.11422626e+09
0.0350	0.0850	0.1050	1.85383178e+09
0.0350	0.0850	0.1150	2.23050009e+09
0.0350	0.0850	0.1250	2.24019102e+09
0.0350	0.0950	0.0950	1.51886758e+09
0.0350	0.0950	0.1050	1.56695824e+09
0.0350	0.0950	0.1150	1.32723028e+09
0.0350	0.0950	0.1250	1.76110729e+09
0.0350	0.0950	0.1350	2.61057963e+09
0.0350	0.1050	0.1050	8.23781925e+08
0.0350	0.1050	0.1150	9.19121940e+08
0.0350	0.1050	0.1250	1.51591923e+09
0.0350	0.1050	0.1350	1.83381007e+09
0.0350	0.1050	0.1450	1.68567147e+09
0.0350	0.1150	0.1150	1.32346220e+09
0.0350	0.1150	0.1250	1.00294380e+09
0.0350	0.1150	0.1350	1.24823499e+09
0.0350	0.1150	0.1450	1.78938266e+09
0.0350	0.1250	0.1250	6.55179866e+08
0.0350	0.1250	0.1350	1.04526397e+09
0.0350	0.1250	0.1450	1.07369352e+09
0.0350	0.1350	0.1350	9.28989544e+08
0.0350	0.1350	0.1450	1.04749150e+09
0.0350	0.1450	0.1450	7.68171164e+08
0.0450	0.0450	0.0450	5.31207905e+09
0.0450	0.0450	0.0550	1.48254497e+08
0.0450	0.0450	0.0650	2.78738368e+09
0.0450	0.0450	0.0750	2.62256680e+09
0.0450	0.0450	0.0850	2.93862424e+09
0.0450	0.0450	0.0950	2.92847849e+09
0.0450	0.0550	0.0550	2.44439391e+09
0.0450	0.0550	0.0650	6.83957425e+08
0.0450	0.0550	0.0750	1.27729885e+09
0.0450	0.0550	0.0850	1.98052139e+09
0.0450	0.0550	0.0950	1.50805463e+09
0.0450	0.0550	0.1050	1.89001207e+09
0.0450	0.0650	0.0650	1.13482177e+09
0.0450	0.0650	0.0750	2.15654405e+09
0.0450	0.0650	0.0850	1.31176663e+09
0.0450	0.0650	0.0950	2.34809042e+09
0.0450	0.0650	0.1050	2.29072522e+09
0.0450	0.0650	0.1150	3.29265894e+09
0.0450	0.0750	0.0750	8.59158707e+08
0.0450	0.0750	0.0850	1.73515675e+09
0.0450	0.0750	0.0950	1.50269397e+09
0.0450	0.0750	0.1050	1.88092481e+09
0.0450	0.0750	0.1150	2.12414018e+09
0.0450	0.0750	0.1250	1.58178930e+09
0.0450	0.0850	0.0850	1.48537021e+09
0.0450	0.0850	0.0950	3.97968452e+08
0.0450	0.0850	0.1050	1.09575941e+09
0.0450	0.0850	0.1150	1.54474768e+09
0.0450	0.0850	0.1250	1.52542508e+09
0.0450	0.0850	0.1350	2.01255360e+09
0.0450	0.0950	0.0950	1.09041402e+09
0.0450	0.0950	0.1050	8.58974063e+08
0.0450	0.0950	0.1150	1.43348857e+09
0.0450	0.0950	0.1250	1.34446792e+09
0.0450	0.0950	0.1350	1.51773133e+09
0.0450	0.0950	0.1450	1.51935213e+09
0.0450	0.1050	0.1050	1.30053712e+09
0.0450	0.1050	0.1150	9.50740658e+08
0.0450	0.1050	0.1250	1.04054002e+09
0.0450	0.1050	0.1350	1.01376076e+09
0.0450	0.1050	0.1450	1.32600669e+09
0.0450	0.1150	0.1150	8.17435961e+08
0.0450	0.1150	0.1250	1.00814486e+09
0.0450	0.1150	0.1350	8.25541965e+08
0.0450	0.1150	0.1450	1.04180158e+09
0.0450	0.1250	0.1250	6.71052551e+08
0.0450	0.1250	0.1350	6.42006873e+08
0.0450	0.1250	0.1450	6.90798851e+08
0.0450	0.1350	0.1350	6.35941332e+08
0.0450	0.1350	0.1450	5.84167620e+08
0.0450	0.1450	0.1450	6.79218382e+08
0.0550	0.0550	0.0550	2.81067286e+09
0.0550	0.0550	0.0650	1.51313512e+09
0.0550	0.0550	0.0750	1.40134315e+09
0.0550	0.0550	0.0850	1.81659422e+09
0.0550	0.0550	0.0950	1.46213980e+09
0.0550	0.0550	0.1050	1.85339520e+09
0.0550	0.0550	0.1150	2.39836092e+07
0.0550	0.0650	0.0650	2.13563654e+09
0.0550	0.0650	0.0750	1.46199334e+09
0.0550	0.0650	0.0850	1.57127327e+09
0.0550	0.0650	0.0950	1.73878452e+09
0.0550	0.0650	0.1050	1.62615714e+09
0.0550	0.0650	0.1150	1.63643148e+09
0.0550	0.0650	0.1250	1.86294773e+09
0.0550	0.0750	0.0750	1.67835056e+09
0.0550	0.0750	0.0850	1.06066734e+09
0.0550	0.0750	0.0950	9.75818150e+08
0.0550	0.0750	0.1050	1.04568254e+09
0.0550	0.0750	0.1150	1.05315771e+09
0.0550	0.0750	0.1250	1.46380680e+09
0.0550	0.0750	0.1350	1.82983758e+09
0.0550	0.0850	0.0850	9.36683406e+08
0.0550	0.0850	0.0950	1.40627341e+09
0.0550	0.0850	0.1050	1.16463338e+09
0.0550	0.0850	0.1150	9.71494327e+08
0.0550	0.0850	0.1250	9.82547702e+08
0.0550	0.0850	0.1350	1.32808497e+09
0.0550	0.0850	0.1450	1.30764931e+09
0.0550	0.0950	0.0950	7.48822639e+08
0.0550	0.0950	0.1050	7.61333493e+08
0.0550	0.0950	0.1150	7.29683862e+08
0.0550	0.0950	0.1250	8.67217108e+08
0.0550	0.0950	0.1350	1.04477506e+09
0.0550	0.0950	0.1450	1.20675236e+09
0.0550	0.1050	0.1050	9.34298189e+08
0.0550	0.1050	0.1150	7.20766321e+08
0.0550	0.1050	0.1250	8.53873113e+08
0.0550	0.1050	0.1350	8.13842134e+08
0.0550	0.1050	0.1450	7.07403793e+08
0.0550	0.1150	0.1150	6.60345553e+08
0.0550	0.1150	0.1250	6.43489139e+08
0.0550	0.1150	0.1350	6.41309262e+08
0.0550	0.1150	0.1450	7.94967508e+08
0.0550	0.1250	0.1250	3.47964018e+08
0.0550	0.1250	0.1350	5.83559063e+08
0.0550	0.1250	0.1450	4.51500250e+08
0.0550	0.1350	0.1350	7.18887821e+08
0.0550	0.1350	0.1450	6.10100318e+08
0.0550	0.1450	0.1450	5.19749406e+08
0.0650	0.0650	0.0650	1.94903932e+09
0.0650	0.0650	0.0750	1.00731466e+09
0.0650	0.0650	0.0850	7.81321372e+08
0.0650	0.0650	0.0950	8.32495761e+08
0.0650	0.0650	0.1050	1.22393532e+09
0.0650	0.0650	0.1150	1.74966012e+09
0.0650	0.0650	0.1250	1.42213400e+09
0.0650	0.0650	0.1350	2.99645700e+09
0.0650	0.0750	0.0750	6.62819627e+08
0.0650	0.0750	0.0850	9.02411781e+08
0.0650	0.0750	0.0950	1.06820142e+09
0.0650	0.0750	0.1050	1.24760602e+09
0.0650	0.0750	0.1150	1.19287964e+09
0.0650	0.0750	0.1250	1.23511807e+09
0.0650	0.0750	0.1350	1.57070540e+09
0.0650	0.0750	0.1450	1.81135981e+09
0.0650	0.0850	0.0850	8.99868316e+08
0.0650	0.0850	0.0950	7.76596836e+08
0.0650	0.0850	0.1050	8.01669686e+08
0.0650	0.0850	0.1150	6.59612381e+08
0.0650	0.0850	0.1250	1.03393185e+09
0.0650	0.0850	0.1350	1.19289454e+09
0.0650	0.0850	0.1450	1.23398182e+09
0.0650	0.0950	0.0950	7.74292650e+08
0.0650	0.0950	0.1050	7.04502731e+08
0.0650	0.0950	0.1150	8.89737483e+08
0.0650	0.0950	0.1250	7.89674755e+08
0.0650	0.0950	0.1350	7.89556624e+08
0.0650	0.0950	0.1450	8.59706563e+08
0.0650	0.1050	0.1050	9.38139687e+08
0.0650	0.1050	0.1150	6.42487419e+08
0.0650	0.1050	0.1250	6.39382297e+08
0.0650	0.1050	0.1350	5.97494970e+08
0.0650	0.1050	0.1450	7.57252773e+08
0.0650	0.1150	0.1150	5.15782752e+08
0.0650	0.1150	0.1250	6.30894618e+08
0.0650	0.1150	0.1350	5.11136846e+08
0.0650	0.1150	0.1450	6.78741956e+08
0.0650	0.1250	0.1250	3.98982350e+08
0.0650	0.1250	0.1350	5.32437137e+08
0.0650	0.1250	0.1450	5.13548202e+08
0.0650	0.1350	0.1350	6.12451142e+08
0.0650	0.1350	0.1450	4.71123304e+08
0.0650	0.1450	0.1450	5.23004129e+08
0.0750	0.0750	0.0750	1.09690162e+09
0.0750	0.0750	0.0850	1.15065091e+09
0.0750	0.0750	0.0950	9.23333846e+08
0.0750	0.0750	0.1050	1.13282933e+09
0.0750	0.0750	0.1150	1.23367296e+09
0.0750	0.0750	0.1250	1.08572254e+09
0.0750	0.0750	0.1350	1.15091660e+09
0.0750	0.0750	0.1450	1.13608116e+09
0.0750	0.0850	0.0850	6.70817094e+08
0.0750	0.0850	0.0950	1.17592704e+09
0.0750	0.0850	0.1050	4.75149475e+08
0.0750	0.0850	0.1150	6.02856666e+08
0.0750	0.0850	0.1250	1.07546760e+09
0.0750	0.0850	0.1350	9.20950863e+08
0.0750	0.0850	0.1450	9.09910042e+08
0.0750	0.0950	0.0950	1.19180966e+08
0.0750	0.0950	0.1050	8.14372991e+08
0.0750	0.0950	0.1150	4.91624383e+08
0.0750	0.0950	0.1250	6.20402066e+08
0.0750	0.0950	0.1350	5.27292552e+08
0.0750	0.0950	0.1450	8.64099461e+08
0.0750	0.1050	0.1050	6.89953660e+08
0.0750	0.1050	0.1150	5.07977032e+08
0.0750	0.1050	0.1250	6.11384475e+08
0.0750	0.1050	0.1350	7.55122775e+08
0.0750	0.1050	0.1450	6.36051308e+08
0.0750	0.1150	0.1150	3.95174407e+08
0.0750	0.1150	0.1250	3.76886635e+08
0.0750	0.1150	0.1350	4.33921823e+08
0.0750	0.1150	0.1450	6.12411537e+08
0.0750	0.1250	0.1250	4.42417150e+08
0.0750	0.1250	0.1350	4.24324925e+08
0.0750	0.1250	0.1450	4.58206613e+08
0.0750	0.1350	0.1350	5.67829576e+08
0.0750	0.1350	0.1450	4.21131083e+08
0.0750	0.1450	0.1450	3.19825787e+08
0.0850	0.0850	0.0850	2.60993530e+08
0.0850	0.0850	0.0950	4.66901942e+08
0.0850	0.0850	0.1050	4.08511758e+08
0.0850	0.0850	0.1150	7.93737087e+08
0.0850	0.0850	0.1250	6.77617067e+08
0.0850	0.0850	0.1350	6.90540477e+08
0.0850	0.0850	0.1450	7.13391932e+08
0.0850	0.0950	0.0950	6.13058331e+08
0.0850	0.0950	0.1050	6.51804724e+08
0.0850	0.0950	0.1150	5.93509604e+08
0.0850	0.0950	0.1250	6.46211512e+08
0.0850	0.0950	0.1350	5.54265174e+08
0.0850	0.0950	0.1450	4.94411467e+08
0.0850	0.1050	0.1050	6.70771161e+08
0.0850	0.1050	0.1150	5.19787887e+08
0.0850	0.1050	0.1250	5.17159110e+08
0.0850	0.1050	0.1350	5.78480411e+08
0.0850	0.1050	0.1450	4.61307464e+08
0.0850	0.1150	0.1150	3.22477680e+08
0.0850	0.1150	0.1250	4.84840002e+08
0.0850	0.1150	0.1350	5.60836443e+08
0.0850	0.1150	0.1450	5.53409534e+08
0.0850	0.1250	0.1250	2.94529872e+08
0.0850	0.1250	0.1350	4.45415123e+08
0.0850	0.1250	0.1450	4.62012273e+08
0.0850	0.1350	0.1350	3.59985167e+08
0.0850	0.1350	0.1450	4.74706399e+08
0.0850	0.1450	0.1450	4.15428153e+08
0.0950	0.0950	0.0950	6.32114321e+08
0.0950	0.0950	0.1050	2.50794874e+08
0.0950	0.0950	0.1150	3.50151028e+08
0.0950	0.0950	0.1250	3.60353499e+08
0.0950	0.0950	0.1350	4.70390768e+08
0.0950	0.0950	0.1450	6.31866540e+08
0.0950	0.1050	0.1050	4.56329047e+08
0.0950	0.1050	0.1150	4.13614909e+08
0.0950	0.1050	0.1250	4.82785860e+08
0.0950	0.1050	0.1350	4.39269109e+08
0.0950	0.1050	0.1450	4.51073741e+08
0.0950	0.1150	0.1150	3.08365930e+08
0.0950	0.1150	0.1250	4.31252428e+08
0.0950	0.1150	0.1350	4.33251261e+08
0.0950	0.1150	0.1450	3.49671236e+08
0.0950	0.1250	0.1250	3.49038580e+08
0.0950	0.1250	0.1350	3.08511230e+08
0.0950	0.1250	0.1450	4.12689713e+08
0.0950	0.1350	0.1350	4.17181763e+08
0.0950	0.1350	0.1450	3.87012496e+08
0.0950	0.1450	0.1450	3.87502164e+08
0.1050	0.1050	0.1050	4.24782982e+08
0.1050	0.1050	0.1150	3.90433946e+08
0.1050	0.1050	0.1250	3.87471385e+08
0.1050	0.1050	0.1350	3.30602386e+08
0.1050	0.1050	0.1450	4.82069868e+08
0.1050	0.1150	0.1150	4.65540979e+08
0.1050	0.1150	0.1250	3.30115342e+08
0.1050	0.1150	0.1350	4.11680798e+08
0.1050	0.1150	0.1450	3.19655981e+08
0.1050	0.1250	0.1250	2.72191450e+08
0.1050	0.1250	0.1350	3.03229815e+08
0.1050	0.1250	0.1450	3.14067587e+08
0.1050	0.1350	0.1350	3.68425733e+08
0.1050	0.1350	0.1450	3.30090026e+08
0.1050	0.1450	0.1450	3.11851910e+08
0.1150	0.1150	0.1150	4.21081699e+08
0.1150	0.1150	0.1250	3.40654814e+08
0.1150	0.1150	0.1350	3.82501010e+08
0.1150	0.1150	0.1450	3.20259665e+08
0.1150	0.1250	0.1250	2.56960986e+08
0.1150	0.1250	0.1350	3.44032373e+08
0.1150	0.1250	0.1450	2.18514685e+08
0.1150	0.1350	0.1350	3.16088130e+08
0.1150	0.1350	0.1450	3.95947861e+08
0.1150	0.1450	0.1450	2.76247670e+08
0.1250	0.1250	0.1250	4.30546725e+08
0.1250	0.1250	0.1350	3.83840884e+08
0.1250	0.1250	0.1450	2.43509849e+08
0.1250	0.1350	0.1350	3.29120058e+08
0.1250	0.1350	0.1450	2.48868116e+08
0.1250	0.1450	0.1450	2.38533226e+08
0.1350	0.1350	0.1350	1.45945750e+08
0.1350	0.1350	0.1450	3.05046912e+08
0.1350	0.1450	0.1450	2.87144908e+08
0.1450	0.1450	0.1450	1.47741822e+08
