####### Bispectrum of Patchy Simulation 856 #############
# Patch: ngc
# z-type: z3
# Weights: fkp
# Fiducial Omega_m: 0.310
# Fiducial h: 0.676
# Boxsize: [1800.0, 3400.0, 1900.0]
# Grid: [170, 325, 180]
# k-binning: [0.000, 0.160, 0.010]
# Monte Carlo Simulations: 100
#
# Format: k1 | k2 | k3 | B(k1,k2,k3)
############################################
0.0150	0.0150	0.0150	-1.01574094e+10
0.0150	0.0150	0.0250	-4.01350999e+09
0.0150	0.0150	0.0350	-3.60315237e+09
0.0150	0.0250	0.0250	-2.28831219e+09
0.0150	0.0250	0.0350	3.86101841e+09
0.0150	0.0250	0.0450	1.23863392e+10
0.0150	0.0350	0.0350	-1.97036168e+09
0.0150	0.0350	0.0450	2.71219048e+09
0.0150	0.0350	0.0550	6.80995397e+09
0.0150	0.0450	0.0450	-3.21794007e+09
0.0150	0.0450	0.0550	2.41967184e+09
0.0150	0.0450	0.0650	7.34695773e+09
0.0150	0.0550	0.0550	1.13968287e+09
0.0150	0.0550	0.0650	3.31331025e+09
0.0150	0.0550	0.0750	1.67900377e+09
0.0150	0.0650	0.0650	2.74212149e+09
0.0150	0.0650	0.0750	1.75591306e+09
0.0150	0.0650	0.0850	2.19552763e+09
0.0150	0.0750	0.0750	-2.60390433e+09
0.0150	0.0750	0.0850	2.98664899e+09
0.0150	0.0750	0.0950	3.65806280e+09
0.0150	0.0850	0.0850	9.89990481e+08
0.0150	0.0850	0.0950	1.54784241e+09
0.0150	0.0850	0.1050	9.66060831e+08
0.0150	0.0950	0.0950	1.31016202e+09
0.0150	0.0950	0.1050	1.32261600e+09
0.0150	0.0950	0.1150	2.59749326e+08
0.0150	0.1050	0.1050	5.66897798e+08
0.0150	0.1050	0.1150	8.76726345e+08
0.0150	0.1050	0.1250	3.23563843e+09
0.0150	0.1150	0.1150	1.40709823e+09
0.0150	0.1150	0.1250	6.51465242e+08
0.0150	0.1150	0.1350	2.29578667e+09
0.0150	0.1250	0.1250	3.85477604e+08
0.0150	0.1250	0.1350	1.61846711e+09
0.0150	0.1250	0.1450	1.37509232e+09
0.0150	0.1350	0.1350	1.24687187e+09
0.0150	0.1350	0.1450	1.38452417e+09
0.0150	0.1450	0.1450	1.20925575e+09
0.0250	0.0250	0.0250	1.33955702e+10
0.0250	0.0250	0.0350	-2.55338780e+08
0.0250	0.0250	0.0450	6.70770737e+09
0.0250	0.0250	0.0550	1.56055121e+10
0.0250	0.0350	0.0350	6.86989193e+09
0.0250	0.0350	0.0450	4.44690383e+09
0.0250	0.0350	0.0550	1.68248830e+09
0.0250	0.0350	0.0650	1.54742368e+09
0.0250	0.0450	0.0450	5.83471207e+09
0.0250	0.0450	0.0550	4.80199979e+09
0.0250	0.0450	0.0650	3.67444897e+09
0.0250	0.0450	0.0750	4.97080672e+09
0.0250	0.0550	0.0550	2.61959771e+08
0.0250	0.0550	0.0650	2.99241834e+09
0.0250	0.0550	0.0750	2.75449961e+09
0.0250	0.0550	0.0850	3.00720421e+09
0.0250	0.0650	0.0650	2.77423737e+09
0.0250	0.0650	0.0750	2.76957092e+09
0.0250	0.0650	0.0850	3.65380236e+09
0.0250	0.0650	0.0950	1.95572075e+09
0.0250	0.0750	0.0750	4.10810866e+09
0.0250	0.0750	0.0850	9.55569820e+08
0.0250	0.0750	0.0950	2.83082372e+09
0.0250	0.0750	0.1050	2.74799069e+09
0.0250	0.0850	0.0850	1.83839038e+09
0.0250	0.0850	0.0950	1.64545321e+09
0.0250	0.0850	0.1050	2.46382248e+09
0.0250	0.0850	0.1150	1.77825895e+09
0.0250	0.0950	0.0950	1.66077055e+09
0.0250	0.0950	0.1050	1.59148574e+09
0.0250	0.0950	0.1150	2.22548472e+09
0.0250	0.0950	0.1250	3.00917329e+09
0.0250	0.1050	0.1050	8.21802680e+08
0.0250	0.1050	0.1150	1.44838750e+09
0.0250	0.1050	0.1250	1.84618907e+09
0.0250	0.1050	0.1350	1.69734401e+09
0.0250	0.1150	0.1150	6.02704537e+08
0.0250	0.1150	0.1250	1.40153303e+09
0.0250	0.1150	0.1350	1.45505319e+09
0.0250	0.1150	0.1450	1.98446836e+09
0.0250	0.1250	0.1250	1.06835166e+09
0.0250	0.1250	0.1350	1.43933171e+09
0.0250	0.1250	0.1450	1.45305201e+09
0.0250	0.1350	0.1350	9.58434763e+08
0.0250	0.1350	0.1450	1.00784641e+09
0.0250	0.1450	0.1450	8.06539818e+08
0.0350	0.0350	0.0350	7.13693871e+08
0.0350	0.0350	0.0450	5.86495877e+09
0.0350	0.0350	0.0550	2.26435707e+09
0.0350	0.0350	0.0650	6.30733491e+09
0.0350	0.0350	0.0750	-4.30166455e+07
0.0350	0.0450	0.0450	-9.97249722e+07
0.0350	0.0450	0.0550	2.04391501e+09
0.0350	0.0450	0.0650	2.27302826e+09
0.0350	0.0450	0.0750	3.91658768e+09
0.0350	0.0450	0.0850	5.19781468e+09
0.0350	0.0550	0.0550	2.90499831e+09
0.0350	0.0550	0.0650	1.85948942e+09
0.0350	0.0550	0.0750	2.16069345e+09
0.0350	0.0550	0.0850	2.18433344e+09
0.0350	0.0550	0.0950	2.50539110e+09
0.0350	0.0650	0.0650	2.21672294e+09
0.0350	0.0650	0.0750	2.12113186e+09
0.0350	0.0650	0.0850	1.53642406e+09
0.0350	0.0650	0.0950	2.48835004e+09
0.0350	0.0650	0.1050	2.93707979e+09
0.0350	0.0750	0.0750	7.58501555e+08
0.0350	0.0750	0.0850	1.76885663e+09
0.0350	0.0750	0.0950	2.22756376e+09
0.0350	0.0750	0.1050	1.64249116e+09
0.0350	0.0750	0.1150	3.18470131e+09
0.0350	0.0850	0.0850	1.43296684e+09
0.0350	0.0850	0.0950	1.55018341e+09
0.0350	0.0850	0.1050	1.28161931e+09
0.0350	0.0850	0.1150	1.91876075e+09
0.0350	0.0850	0.1250	1.58481130e+09
0.0350	0.0950	0.0950	1.10381335e+09
0.0350	0.0950	0.1050	1.09198695e+09
0.0350	0.0950	0.1150	1.25154216e+09
0.0350	0.0950	0.1250	1.79748875e+09
0.0350	0.0950	0.1350	1.02670266e+09
0.0350	0.1050	0.1050	1.24389522e+09
0.0350	0.1050	0.1150	8.46212816e+08
0.0350	0.1050	0.1250	1.00363768e+09
0.0350	0.1050	0.1350	1.44093950e+09
0.0350	0.1050	0.1450	1.19189484e+09
0.0350	0.1150	0.1150	1.14739039e+09
0.0350	0.1150	0.1250	9.24527656e+08
0.0350	0.1150	0.1350	1.15306853e+09
0.0350	0.1150	0.1450	1.38304378e+09
0.0350	0.1250	0.1250	9.06845722e+08
0.0350	0.1250	0.1350	1.05618843e+09
0.0350	0.1250	0.1450	9.57154905e+08
0.0350	0.1350	0.1350	1.03960039e+09
0.0350	0.1350	0.1450	8.70616203e+08
0.0350	0.1450	0.1450	9.10295640e+08
0.0450	0.0450	0.0450	2.57880386e+09
0.0450	0.0450	0.0550	3.15806541e+09
0.0450	0.0450	0.0650	2.36019999e+09
0.0450	0.0450	0.0750	2.42021630e+09
0.0450	0.0450	0.0850	1.80758561e+09
0.0450	0.0450	0.0950	3.69011385e+09
0.0450	0.0550	0.0550	1.70247250e+09
0.0450	0.0550	0.0650	1.20763407e+09
0.0450	0.0550	0.0750	1.69620338e+09
0.0450	0.0550	0.0850	2.38631446e+09
0.0450	0.0550	0.0950	2.43695967e+09
0.0450	0.0550	0.1050	3.13340624e+09
0.0450	0.0650	0.0650	5.25917348e+08
0.0450	0.0650	0.0750	1.24230566e+09
0.0450	0.0650	0.0850	1.41901309e+09
0.0450	0.0650	0.0950	1.59122792e+09
0.0450	0.0650	0.1050	2.02377891e+09
0.0450	0.0650	0.1150	2.40096125e+09
0.0450	0.0750	0.0750	1.99104642e+09
0.0450	0.0750	0.0850	1.78236506e+09
0.0450	0.0750	0.0950	1.40548115e+09
0.0450	0.0750	0.1050	1.42459714e+09
0.0450	0.0750	0.1150	2.11141215e+09
0.0450	0.0750	0.1250	2.18174282e+09
0.0450	0.0850	0.0850	1.13429368e+09
0.0450	0.0850	0.0950	9.83007322e+08
0.0450	0.0850	0.1050	1.30026905e+09
0.0450	0.0850	0.1150	1.24828964e+09
0.0450	0.0850	0.1250	1.49121592e+09
0.0450	0.0850	0.1350	1.72133010e+09
0.0450	0.0950	0.0950	8.89997202e+08
0.0450	0.0950	0.1050	1.06558699e+09
0.0450	0.0950	0.1150	1.17575333e+09
0.0450	0.0950	0.1250	1.04138339e+09
0.0450	0.0950	0.1350	1.14163140e+09
0.0450	0.0950	0.1450	2.32880492e+09
0.0450	0.1050	0.1050	1.10246562e+09
0.0450	0.1050	0.1150	6.59498009e+08
0.0450	0.1050	0.1250	7.05437341e+08
0.0450	0.1050	0.1350	1.03565259e+09
0.0450	0.1050	0.1450	1.20016878e+09
0.0450	0.1150	0.1150	1.28372486e+09
0.0450	0.1150	0.1250	9.40212931e+08
0.0450	0.1150	0.1350	9.61323410e+08
0.0450	0.1150	0.1450	1.01449403e+09
0.0450	0.1250	0.1250	1.06628484e+09
0.0450	0.1250	0.1350	7.34908226e+08
0.0450	0.1250	0.1450	9.06573321e+08
0.0450	0.1350	0.1350	6.03145968e+08
0.0450	0.1350	0.1450	6.95556331e+08
0.0450	0.1450	0.1450	8.77306546e+08
0.0550	0.0550	0.0550	1.31339374e+09
0.0550	0.0550	0.0650	1.39040271e+09
0.0550	0.0550	0.0750	1.42139275e+09
0.0550	0.0550	0.0850	9.68194405e+08
0.0550	0.0550	0.0950	1.02069528e+09
0.0550	0.0550	0.1050	1.60381221e+09
0.0550	0.0550	0.1150	1.42246390e+09
0.0550	0.0650	0.0650	1.35959236e+09
0.0550	0.0650	0.0750	1.60660852e+09
0.0550	0.0650	0.0850	1.25449319e+09
0.0550	0.0650	0.0950	9.19051277e+08
0.0550	0.0650	0.1050	1.48310425e+09
0.0550	0.0650	0.1150	1.89357699e+09
0.0550	0.0650	0.1250	1.64721900e+09
0.0550	0.0750	0.0750	1.03496211e+09
0.0550	0.0750	0.0850	1.07919967e+09
0.0550	0.0750	0.0950	1.15108566e+09
0.0550	0.0750	0.1050	1.03844151e+09
0.0550	0.0750	0.1150	1.28857075e+09
0.0550	0.0750	0.1250	1.84968664e+09
0.0550	0.0750	0.1350	1.46810044e+09
0.0550	0.0850	0.0850	1.24445830e+09
0.0550	0.0850	0.0950	7.21200922e+08
0.0550	0.0850	0.1050	7.86337575e+08
0.0550	0.0850	0.1150	1.07566740e+09
0.0550	0.0850	0.1250	1.05054473e+09
0.0550	0.0850	0.1350	1.28603512e+09
0.0550	0.0850	0.1450	1.53574744e+09
0.0550	0.0950	0.0950	7.52268443e+08
0.0550	0.0950	0.1050	9.22061854e+08
0.0550	0.0950	0.1150	8.44255005e+08
0.0550	0.0950	0.1250	1.15927602e+09
0.0550	0.0950	0.1350	8.76943765e+08
0.0550	0.0950	0.1450	1.29917412e+09
0.0550	0.1050	0.1050	5.87926489e+08
0.0550	0.1050	0.1150	7.82726867e+08
0.0550	0.1050	0.1250	6.71140047e+08
0.0550	0.1050	0.1350	9.87367678e+08
0.0550	0.1050	0.1450	7.15307212e+08
0.0550	0.1150	0.1150	8.12672208e+08
0.0550	0.1150	0.1250	8.13290306e+08
0.0550	0.1150	0.1350	7.58646691e+08
0.0550	0.1150	0.1450	8.35102244e+08
0.0550	0.1250	0.1250	8.00560087e+08
0.0550	0.1250	0.1350	6.71743325e+08
0.0550	0.1250	0.1450	6.52018015e+08
0.0550	0.1350	0.1350	5.52413358e+08
0.0550	0.1350	0.1450	5.99797923e+08
0.0550	0.1450	0.1450	5.34576284e+08
0.0650	0.0650	0.0650	8.14317732e+08
0.0650	0.0650	0.0750	4.21275130e+08
0.0650	0.0650	0.0850	1.12552379e+09
0.0650	0.0650	0.0950	1.46229390e+09
0.0650	0.0650	0.1050	1.29746341e+09
0.0650	0.0650	0.1150	1.44842163e+09
0.0650	0.0650	0.1250	1.90417978e+09
0.0650	0.0650	0.1350	1.75438692e+09
0.0650	0.0750	0.0750	1.15178500e+09
0.0650	0.0750	0.0850	1.28338733e+09
0.0650	0.0750	0.0950	8.67616309e+08
0.0650	0.0750	0.1050	1.05337104e+09
0.0650	0.0750	0.1150	1.14158061e+09
0.0650	0.0750	0.1250	1.27452330e+09
0.0650	0.0750	0.1350	1.50394393e+09
0.0650	0.0750	0.1450	1.21042011e+09
0.0650	0.0850	0.0850	9.60849808e+08
0.0650	0.0850	0.0950	5.67683161e+08
0.0650	0.0850	0.1050	6.14952768e+08
0.0650	0.0850	0.1150	7.19866057e+08
0.0650	0.0850	0.1250	8.93423364e+08
0.0650	0.0850	0.1350	1.11296880e+09
0.0650	0.0850	0.1450	1.32748347e+09
0.0650	0.0950	0.0950	8.74627329e+08
0.0650	0.0950	0.1050	4.96827346e+08
0.0650	0.0950	0.1150	6.08449288e+08
0.0650	0.0950	0.1250	6.99126833e+08
0.0650	0.0950	0.1350	7.47932427e+08
0.0650	0.0950	0.1450	7.10776778e+08
0.0650	0.1050	0.1050	6.18319180e+08
0.0650	0.1050	0.1150	7.96583208e+08
0.0650	0.1050	0.1250	5.81316961e+08
0.0650	0.1050	0.1350	7.44069101e+08
0.0650	0.1050	0.1450	5.87815562e+08
0.0650	0.1150	0.1150	6.18832121e+08
0.0650	0.1150	0.1250	5.04845835e+08
0.0650	0.1150	0.1350	6.70880300e+08
0.0650	0.1150	0.1450	6.01866864e+08
0.0650	0.1250	0.1250	7.14603801e+08
0.0650	0.1250	0.1350	4.90699255e+08
0.0650	0.1250	0.1450	6.77800923e+08
0.0650	0.1350	0.1350	4.89824579e+08
0.0650	0.1350	0.1450	5.45989756e+08
0.0650	0.1450	0.1450	4.43613467e+08
0.0750	0.0750	0.0750	1.66035792e+09
0.0750	0.0750	0.0850	7.83292704e+08
0.0750	0.0750	0.0950	1.16944104e+09
0.0750	0.0750	0.1050	1.07783340e+09
0.0750	0.0750	0.1150	1.01059827e+09
0.0750	0.0750	0.1250	1.00681429e+09
0.0750	0.0750	0.1350	7.80911892e+08
0.0750	0.0750	0.1450	1.28354134e+09
0.0750	0.0850	0.0850	6.82527947e+08
0.0750	0.0850	0.0950	6.89198199e+08
0.0750	0.0850	0.1050	7.61082361e+08
0.0750	0.0850	0.1150	7.45090446e+08
0.0750	0.0850	0.1250	8.31079928e+08
0.0750	0.0850	0.1350	1.00887363e+09
0.0750	0.0850	0.1450	1.03301661e+09
0.0750	0.0950	0.0950	1.09821150e+09
0.0750	0.0950	0.1050	6.58415228e+08
0.0750	0.0950	0.1150	7.06674862e+08
0.0750	0.0950	0.1250	8.04074416e+08
0.0750	0.0950	0.1350	5.56700798e+08
0.0750	0.0950	0.1450	8.14910084e+08
0.0750	0.1050	0.1050	5.25450907e+08
0.0750	0.1050	0.1150	6.21722999e+08
0.0750	0.1050	0.1250	5.63547965e+08
0.0750	0.1050	0.1350	6.67358081e+08
0.0750	0.1050	0.1450	5.67515572e+08
0.0750	0.1150	0.1150	5.77613559e+08
0.0750	0.1150	0.1250	6.99056090e+08
0.0750	0.1150	0.1350	4.76273680e+08
0.0750	0.1150	0.1450	5.20613507e+08
0.0750	0.1250	0.1250	6.56019105e+08
0.0750	0.1250	0.1350	6.53782576e+08
0.0750	0.1250	0.1450	6.22691930e+08
0.0750	0.1350	0.1350	4.87352035e+08
0.0750	0.1350	0.1450	4.95404639e+08
0.0750	0.1450	0.1450	5.26662839e+08
0.0850	0.0850	0.0850	1.40295481e+09
0.0850	0.0850	0.0950	4.78464577e+08
0.0850	0.0850	0.1050	4.71782001e+08
0.0850	0.0850	0.1150	6.35348917e+08
0.0850	0.0850	0.1250	5.66275971e+08
0.0850	0.0850	0.1350	7.08438294e+08
0.0850	0.0850	0.1450	7.06028738e+08
0.0850	0.0950	0.0950	9.07975962e+08
0.0850	0.0950	0.1050	6.38260709e+08
0.0850	0.0950	0.1150	5.78939826e+08
0.0850	0.0950	0.1250	6.64949422e+08
0.0850	0.0950	0.1350	6.17089873e+08
0.0850	0.0950	0.1450	6.09078638e+08
0.0850	0.1050	0.1050	6.70827955e+08
0.0850	0.1050	0.1150	3.32123009e+08
0.0850	0.1050	0.1250	4.92052958e+08
0.0850	0.1050	0.1350	5.50363486e+08
0.0850	0.1050	0.1450	4.04899881e+08
0.0850	0.1150	0.1150	6.82902451e+08
0.0850	0.1150	0.1250	5.08362356e+08
0.0850	0.1150	0.1350	5.46681253e+08
0.0850	0.1150	0.1450	5.32954385e+08
0.0850	0.1250	0.1250	4.97016070e+08
0.0850	0.1250	0.1350	4.31607775e+08
0.0850	0.1250	0.1450	4.20413434e+08
0.0850	0.1350	0.1350	4.69655821e+08
0.0850	0.1350	0.1450	4.26277407e+08
0.0850	0.1450	0.1450	2.83136784e+08
0.0950	0.0950	0.0950	4.09635686e+08
0.0950	0.0950	0.1050	6.97586482e+08
0.0950	0.0950	0.1150	3.80424116e+08
0.0950	0.0950	0.1250	5.49132398e+08
0.0950	0.0950	0.1350	5.15170550e+08
0.0950	0.0950	0.1450	6.48372893e+08
0.0950	0.1050	0.1050	4.22358335e+08
0.0950	0.1050	0.1150	4.87233601e+08
0.0950	0.1050	0.1250	4.30861223e+08
0.0950	0.1050	0.1350	4.87155988e+08
0.0950	0.1050	0.1450	5.27620137e+08
0.0950	0.1150	0.1150	4.87910007e+08
0.0950	0.1150	0.1250	4.57756190e+08
0.0950	0.1150	0.1350	3.68774465e+08
0.0950	0.1150	0.1450	4.17487136e+08
0.0950	0.1250	0.1250	5.58424756e+08
0.0950	0.1250	0.1350	4.08106151e+08
0.0950	0.1250	0.1450	4.58194998e+08
0.0950	0.1350	0.1350	5.65606325e+08
0.0950	0.1350	0.1450	3.94160449e+08
0.0950	0.1450	0.1450	4.15084168e+08
0.1050	0.1050	0.1050	4.55877684e+08
0.1050	0.1050	0.1150	5.03322574e+08
0.1050	0.1050	0.1250	3.22062790e+08
0.1050	0.1050	0.1350	3.46267284e+08
0.1050	0.1050	0.1450	1.72679311e+08
0.1050	0.1150	0.1150	4.48603080e+08
0.1050	0.1150	0.1250	3.62354795e+08
0.1050	0.1150	0.1350	4.22831748e+08
0.1050	0.1150	0.1450	2.97109164e+08
0.1050	0.1250	0.1250	2.46677739e+08
0.1050	0.1250	0.1350	3.37945451e+08
0.1050	0.1250	0.1450	3.22118562e+08
0.1050	0.1350	0.1350	3.34711674e+08
0.1050	0.1350	0.1450	3.04369790e+08
0.1050	0.1450	0.1450	3.80583814e+08
0.1150	0.1150	0.1150	2.79528969e+08
0.1150	0.1150	0.1250	4.41497761e+08
0.1150	0.1150	0.1350	4.18991713e+08
0.1150	0.1150	0.1450	5.57999589e+08
0.1150	0.1250	0.1250	3.69326841e+08
0.1150	0.1250	0.1350	4.53543850e+08
0.1150	0.1250	0.1450	2.68768478e+08
0.1150	0.1350	0.1350	4.28824025e+08
0.1150	0.1350	0.1450	3.88345429e+08
0.1150	0.1450	0.1450	1.63374221e+08
0.1250	0.1250	0.1250	2.89544459e+08
0.1250	0.1250	0.1350	4.34121928e+08
0.1250	0.1250	0.1450	4.12467638e+08
0.1250	0.1350	0.1350	2.89244568e+08
0.1250	0.1350	0.1450	3.27452180e+08
0.1250	0.1450	0.1450	3.74355334e+08
0.1350	0.1350	0.1350	2.71277992e+08
0.1350	0.1350	0.1450	3.90716951e+08
0.1350	0.1450	0.1450	3.09185486e+08
0.1450	0.1450	0.1450	2.98712012e+08
