####### Bispectrum of Patchy Simulation 123 #############
# Patch: ngc
# z-type: z3
# Weights: fkp
# Fiducial Omega_m: 0.310
# Fiducial h: 0.676
# Boxsize: [1800.0, 3400.0, 1900.0]
# Grid: [170, 325, 180]
# k-binning: [0.000, 0.160, 0.010]
# Monte Carlo Simulations: 100
#
# Format: k1 | k2 | k3 | B(k1,k2,k3)
############################################
0.0150	0.0150	0.0150	1.58222490e+10
0.0150	0.0150	0.0250	9.52690606e+09
0.0150	0.0150	0.0350	1.21813286e+10
0.0150	0.0250	0.0250	1.21672057e+10
0.0150	0.0250	0.0350	5.33171063e+09
0.0150	0.0250	0.0450	5.56709415e+09
0.0150	0.0350	0.0350	4.06926940e+09
0.0150	0.0350	0.0450	5.31352091e+09
0.0150	0.0350	0.0550	5.57400525e+09
0.0150	0.0450	0.0450	1.37434303e+08
0.0150	0.0450	0.0550	5.36278967e+09
0.0150	0.0450	0.0650	7.56261242e+09
0.0150	0.0550	0.0550	4.54115579e+09
0.0150	0.0550	0.0650	4.84425769e+09
0.0150	0.0550	0.0750	6.79291660e+09
0.0150	0.0650	0.0650	2.88932118e+09
0.0150	0.0650	0.0750	3.82178514e+09
0.0150	0.0650	0.0850	2.56310001e+09
0.0150	0.0750	0.0750	2.11757770e+09
0.0150	0.0750	0.0850	3.68117277e+09
0.0150	0.0750	0.0950	1.68871297e+09
0.0150	0.0850	0.0850	1.91614169e+09
0.0150	0.0850	0.0950	2.10885391e+09
0.0150	0.0850	0.1050	2.96423777e+09
0.0150	0.0950	0.0950	1.46718075e+09
0.0150	0.0950	0.1050	2.57551818e+09
0.0150	0.0950	0.1150	1.83973368e+09
0.0150	0.1050	0.1050	1.09514272e+09
0.0150	0.1050	0.1150	2.42465029e+09
0.0150	0.1050	0.1250	2.65244320e+09
0.0150	0.1150	0.1150	1.32028785e+09
0.0150	0.1150	0.1250	1.76531247e+09
0.0150	0.1150	0.1350	1.74883901e+09
0.0150	0.1250	0.1250	1.18590423e+09
0.0150	0.1250	0.1350	1.55783615e+09
0.0150	0.1250	0.1450	1.72984294e+09
0.0150	0.1350	0.1350	1.00725265e+09
0.0150	0.1350	0.1450	1.82785985e+09
0.0150	0.1450	0.1450	7.77639136e+08
0.0250	0.0250	0.0250	4.40625666e+09
0.0250	0.0250	0.0350	2.34228268e+09
0.0250	0.0250	0.0450	3.45584885e+09
0.0250	0.0250	0.0550	8.58749258e+09
0.0250	0.0350	0.0350	1.31620584e+09
0.0250	0.0350	0.0450	6.53830906e+09
0.0250	0.0350	0.0550	4.74566044e+09
0.0250	0.0350	0.0650	2.14223918e+09
0.0250	0.0450	0.0450	1.06231735e+09
0.0250	0.0450	0.0550	2.97073522e+09
0.0250	0.0450	0.0650	4.12383448e+09
0.0250	0.0450	0.0750	6.27551165e+09
0.0250	0.0550	0.0550	3.95405244e+09
0.0250	0.0550	0.0650	2.57501757e+09
0.0250	0.0550	0.0750	4.52468963e+09
0.0250	0.0550	0.0850	5.36109241e+09
0.0250	0.0650	0.0650	3.01481749e+09
0.0250	0.0650	0.0750	3.80979801e+09
0.0250	0.0650	0.0850	2.96890083e+09
0.0250	0.0650	0.0950	5.30374615e+09
0.0250	0.0750	0.0750	9.77039597e+08
0.0250	0.0750	0.0850	2.39783095e+09
0.0250	0.0750	0.0950	2.62323340e+09
0.0250	0.0750	0.1050	4.18481617e+09
0.0250	0.0850	0.0850	1.26574390e+09
0.0250	0.0850	0.0950	1.37733430e+09
0.0250	0.0850	0.1050	2.45527622e+09
0.0250	0.0850	0.1150	3.33975460e+09
0.0250	0.0950	0.0950	1.75471738e+09
0.0250	0.0950	0.1050	1.91633118e+09
0.0250	0.0950	0.1150	1.88362037e+09
0.0250	0.0950	0.1250	2.21945212e+09
0.0250	0.1050	0.1050	1.42374647e+09
0.0250	0.1050	0.1150	1.59347742e+09
0.0250	0.1050	0.1250	1.61699297e+09
0.0250	0.1050	0.1350	1.71851938e+09
0.0250	0.1150	0.1150	5.76148789e+08
0.0250	0.1150	0.1250	1.27499174e+09
0.0250	0.1150	0.1350	1.21733580e+09
0.0250	0.1150	0.1450	2.52249416e+09
0.0250	0.1250	0.1250	1.27463829e+09
0.0250	0.1250	0.1350	1.19306722e+09
0.0250	0.1250	0.1450	1.45318196e+09
0.0250	0.1350	0.1350	1.11520404e+09
0.0250	0.1350	0.1450	1.27873094e+09
0.0250	0.1450	0.1450	7.56876477e+08
0.0350	0.0350	0.0350	7.07248920e+09
0.0350	0.0350	0.0450	4.78187049e+09
0.0350	0.0350	0.0550	1.72801733e+09
0.0350	0.0350	0.0650	5.46033034e+09
0.0350	0.0350	0.0750	1.48670403e+09
0.0350	0.0450	0.0450	1.19298987e+09
0.0350	0.0450	0.0550	3.08714074e+09
0.0350	0.0450	0.0650	1.55318554e+09
0.0350	0.0450	0.0750	3.81787998e+09
0.0350	0.0450	0.0850	9.05049767e+08
0.0350	0.0550	0.0550	2.37514570e+09
0.0350	0.0550	0.0650	3.20309740e+09
0.0350	0.0550	0.0750	2.34922028e+09
0.0350	0.0550	0.0850	2.21513045e+09
0.0350	0.0550	0.0950	3.50032888e+09
0.0350	0.0650	0.0650	1.08607204e+09
0.0350	0.0650	0.0750	2.18466405e+09
0.0350	0.0650	0.0850	2.69926145e+09
0.0350	0.0650	0.0950	3.24954989e+09
0.0350	0.0650	0.1050	3.02853545e+09
0.0350	0.0750	0.0750	1.64171120e+09
0.0350	0.0750	0.0850	1.93185723e+09
0.0350	0.0750	0.0950	1.71983612e+09
0.0350	0.0750	0.1050	2.76126148e+09
0.0350	0.0750	0.1150	1.61584789e+09
0.0350	0.0850	0.0850	1.73173249e+09
0.0350	0.0850	0.0950	1.76730810e+09
0.0350	0.0850	0.1050	1.52191386e+09
0.0350	0.0850	0.1150	1.88157233e+09
0.0350	0.0850	0.1250	1.74911474e+09
0.0350	0.0950	0.0950	8.76407679e+08
0.0350	0.0950	0.1050	1.09498498e+09
0.0350	0.0950	0.1150	1.38766406e+09
0.0350	0.0950	0.1250	1.84535171e+09
0.0350	0.0950	0.1350	1.92679678e+09
0.0350	0.1050	0.1050	1.57843132e+09
0.0350	0.1050	0.1150	1.28019637e+09
0.0350	0.1050	0.1250	1.45014138e+09
0.0350	0.1050	0.1350	1.57743214e+09
0.0350	0.1050	0.1450	1.81360094e+09
0.0350	0.1150	0.1150	1.08173433e+09
0.0350	0.1150	0.1250	9.16303430e+08
0.0350	0.1150	0.1350	1.13212081e+09
0.0350	0.1150	0.1450	1.26112639e+09
0.0350	0.1250	0.1250	1.26805970e+09
0.0350	0.1250	0.1350	1.18780493e+09
0.0350	0.1250	0.1450	1.19902584e+09
0.0350	0.1350	0.1350	9.46065216e+08
0.0350	0.1350	0.1450	1.04675276e+09
0.0350	0.1450	0.1450	6.83162905e+08
0.0450	0.0450	0.0450	1.23115244e+09
0.0450	0.0450	0.0550	2.16218207e+09
0.0450	0.0450	0.0650	1.92103091e+09
0.0450	0.0450	0.0750	1.15276251e+09
0.0450	0.0450	0.0850	2.61187936e+09
0.0450	0.0450	0.0950	1.91235356e+09
0.0450	0.0550	0.0550	2.01827652e+09
0.0450	0.0550	0.0650	1.15775697e+09
0.0450	0.0550	0.0750	1.85360726e+09
0.0450	0.0550	0.0850	1.99425772e+09
0.0450	0.0550	0.0950	2.20715911e+09
0.0450	0.0550	0.1050	1.33850181e+09
0.0450	0.0650	0.0650	1.98944789e+09
0.0450	0.0650	0.0750	1.21345348e+09
0.0450	0.0650	0.0850	1.48043927e+09
0.0450	0.0650	0.0950	1.63752465e+09
0.0450	0.0650	0.1050	1.58187857e+09
0.0450	0.0650	0.1150	1.51130984e+09
0.0450	0.0750	0.0750	1.36413257e+09
0.0450	0.0750	0.0850	1.20724881e+09
0.0450	0.0750	0.0950	1.76033290e+09
0.0450	0.0750	0.1050	1.22246740e+09
0.0450	0.0750	0.1150	1.43635714e+09
0.0450	0.0750	0.1250	1.66967632e+09
0.0450	0.0850	0.0850	7.60463318e+08
0.0450	0.0850	0.0950	1.23597545e+09
0.0450	0.0850	0.1050	1.03847049e+09
0.0450	0.0850	0.1150	8.75103830e+08
0.0450	0.0850	0.1250	1.19682876e+09
0.0450	0.0850	0.1350	1.26768133e+09
0.0450	0.0950	0.0950	1.50708633e+09
0.0450	0.0950	0.1050	9.39862493e+08
0.0450	0.0950	0.1150	1.13256525e+09
0.0450	0.0950	0.1250	9.83275798e+08
0.0450	0.0950	0.1350	1.03061980e+09
0.0450	0.0950	0.1450	1.18730349e+09
0.0450	0.1050	0.1050	6.97754928e+08
0.0450	0.1050	0.1150	5.67005869e+08
0.0450	0.1050	0.1250	9.55816111e+08
0.0450	0.1050	0.1350	9.91942989e+08
0.0450	0.1050	0.1450	9.74297069e+08
0.0450	0.1150	0.1150	8.52580791e+08
0.0450	0.1150	0.1250	6.37067778e+08
0.0450	0.1150	0.1350	5.95951990e+08
0.0450	0.1150	0.1450	1.01215317e+09
0.0450	0.1250	0.1250	9.26802975e+08
0.0450	0.1250	0.1350	8.14719520e+08
0.0450	0.1250	0.1450	7.22404441e+08
0.0450	0.1350	0.1350	3.65606861e+08
0.0450	0.1350	0.1450	4.87103360e+08
0.0450	0.1450	0.1450	6.64282795e+08
0.0550	0.0550	0.0550	7.83439543e+08
0.0550	0.0550	0.0650	2.41306487e+09
0.0550	0.0550	0.0750	1.34015789e+09
0.0550	0.0550	0.0850	1.90593283e+09
0.0550	0.0550	0.0950	2.08302705e+09
0.0550	0.0550	0.1050	2.60059290e+09
0.0550	0.0550	0.1150	2.86954976e+09
0.0550	0.0650	0.0650	1.21367412e+09
0.0550	0.0650	0.0750	1.71362574e+09
0.0550	0.0650	0.0850	1.45338616e+09
0.0550	0.0650	0.0950	1.13034954e+09
0.0550	0.0650	0.1050	1.75203829e+09
0.0550	0.0650	0.1150	1.95350458e+09
0.0550	0.0650	0.1250	2.65254640e+09
0.0550	0.0750	0.0750	1.28891323e+09
0.0550	0.0750	0.0850	1.16968089e+09
0.0550	0.0750	0.0950	1.42676766e+09
0.0550	0.0750	0.1050	1.24056688e+09
0.0550	0.0750	0.1150	1.33673811e+09
0.0550	0.0750	0.1250	1.92374494e+09
0.0550	0.0750	0.1350	9.41844891e+08
0.0550	0.0850	0.0850	1.43584707e+09
0.0550	0.0850	0.0950	7.73462005e+08
0.0550	0.0850	0.1050	1.38146835e+09
0.0550	0.0850	0.1150	9.95475417e+08
0.0550	0.0850	0.1250	1.31693614e+09
0.0550	0.0850	0.1350	1.48266869e+09
0.0550	0.0850	0.1450	1.36399114e+09
0.0550	0.0950	0.0950	8.62133118e+08
0.0550	0.0950	0.1050	1.10848619e+09
0.0550	0.0950	0.1150	7.17558166e+08
0.0550	0.0950	0.1250	1.21838138e+09
0.0550	0.0950	0.1350	1.22098084e+09
0.0550	0.0950	0.1450	1.44000638e+09
0.0550	0.1050	0.1050	6.89965579e+08
0.0550	0.1050	0.1150	9.84011630e+08
0.0550	0.1050	0.1250	7.12349714e+08
0.0550	0.1050	0.1350	6.89669548e+08
0.0550	0.1050	0.1450	8.83071199e+08
0.0550	0.1150	0.1150	5.47394787e+08
0.0550	0.1150	0.1250	7.47544909e+08
0.0550	0.1150	0.1350	8.49901126e+08
0.0550	0.1150	0.1450	6.15053617e+08
0.0550	0.1250	0.1250	7.01560047e+08
0.0550	0.1250	0.1350	7.81701638e+08
0.0550	0.1250	0.1450	7.28879565e+08
0.0550	0.1350	0.1350	5.39485729e+08
0.0550	0.1350	0.1450	7.73500892e+08
0.0550	0.1450	0.1450	7.00767806e+08
0.0650	0.0650	0.0650	1.56307046e+09
0.0650	0.0650	0.0750	6.75958718e+08
0.0650	0.0650	0.0850	1.52708943e+09
0.0650	0.0650	0.0950	1.78357394e+09
0.0650	0.0650	0.1050	1.63424871e+09
0.0650	0.0650	0.1150	1.12474456e+09
0.0650	0.0650	0.1250	1.49095149e+09
0.0650	0.0650	0.1350	1.19535276e+09
0.0650	0.0750	0.0750	1.36387204e+09
0.0650	0.0750	0.0850	1.18010335e+09
0.0650	0.0750	0.0950	1.21758773e+09
0.0650	0.0750	0.1050	1.19397650e+09
0.0650	0.0750	0.1150	1.15194695e+09
0.0650	0.0750	0.1250	1.36772291e+09
0.0650	0.0750	0.1350	1.41392975e+09
0.0650	0.0750	0.1450	1.32954021e+09
0.0650	0.0850	0.0850	8.08053191e+08
0.0650	0.0850	0.0950	1.05712729e+09
0.0650	0.0850	0.1050	9.24833300e+08
0.0650	0.0850	0.1150	8.17816343e+08
0.0650	0.0850	0.1250	1.12319699e+09
0.0650	0.0850	0.1350	1.13810693e+09
0.0650	0.0850	0.1450	1.31379615e+09
0.0650	0.0950	0.0950	1.28111087e+09
0.0650	0.0950	0.1050	8.59151574e+08
0.0650	0.0950	0.1150	7.43691660e+08
0.0650	0.0950	0.1250	7.65005760e+08
0.0650	0.0950	0.1350	8.45061015e+08
0.0650	0.0950	0.1450	9.39949722e+08
0.0650	0.1050	0.1050	7.79322637e+08
0.0650	0.1050	0.1150	6.91233140e+08
0.0650	0.1050	0.1250	8.20891430e+08
0.0650	0.1050	0.1350	7.25204237e+08
0.0650	0.1050	0.1450	8.68382201e+08
0.0650	0.1150	0.1150	5.75157867e+08
0.0650	0.1150	0.1250	6.69127308e+08
0.0650	0.1150	0.1350	6.85340744e+08
0.0650	0.1150	0.1450	7.85269835e+08
0.0650	0.1250	0.1250	8.73726130e+08
0.0650	0.1250	0.1350	5.09393981e+08
0.0650	0.1250	0.1450	5.39607057e+08
0.0650	0.1350	0.1350	7.08925252e+08
0.0650	0.1350	0.1450	6.27591031e+08
0.0650	0.1450	0.1450	7.48631283e+08
0.0750	0.0750	0.0750	5.12603731e+08
0.0750	0.0750	0.0850	1.29549258e+09
0.0750	0.0750	0.0950	8.93211237e+08
0.0750	0.0750	0.1050	6.74906584e+08
0.0750	0.0750	0.1150	1.05569802e+09
0.0750	0.0750	0.1250	9.13449021e+08
0.0750	0.0750	0.1350	8.56335681e+08
0.0750	0.0750	0.1450	1.28070703e+09
0.0750	0.0850	0.0850	9.24086738e+08
0.0750	0.0850	0.0950	8.64350843e+08
0.0750	0.0850	0.1050	7.72771120e+08
0.0750	0.0850	0.1150	9.36782664e+08
0.0750	0.0850	0.1250	8.92273682e+08
0.0750	0.0850	0.1350	9.77275201e+08
0.0750	0.0850	0.1450	1.03288309e+09
0.0750	0.0950	0.0950	1.01887599e+09
0.0750	0.0950	0.1050	5.64880140e+08
0.0750	0.0950	0.1150	6.56834814e+08
0.0750	0.0950	0.1250	7.22563597e+08
0.0750	0.0950	0.1350	8.33843247e+08
0.0750	0.0950	0.1450	8.26554593e+08
0.0750	0.1050	0.1050	8.01562474e+08
0.0750	0.1050	0.1150	6.38965982e+08
0.0750	0.1050	0.1250	8.37357590e+08
0.0750	0.1050	0.1350	5.47811796e+08
0.0750	0.1050	0.1450	5.98106953e+08
0.0750	0.1150	0.1150	6.50943743e+08
0.0750	0.1150	0.1250	5.76978744e+08
0.0750	0.1150	0.1350	3.99283975e+08
0.0750	0.1150	0.1450	6.10112073e+08
0.0750	0.1250	0.1250	5.67934899e+08
0.0750	0.1250	0.1350	6.69677639e+08
0.0750	0.1250	0.1450	4.79309566e+08
0.0750	0.1350	0.1350	5.05974233e+08
0.0750	0.1350	0.1450	5.56199964e+08
0.0750	0.1450	0.1450	5.10481749e+08
0.0850	0.0850	0.0850	8.32673447e+08
0.0850	0.0850	0.0950	6.43694600e+08
0.0850	0.0850	0.1050	6.85874616e+08
0.0850	0.0850	0.1150	8.80035360e+08
0.0850	0.0850	0.1250	6.06405783e+08
0.0850	0.0850	0.1350	8.41920610e+08
0.0850	0.0850	0.1450	6.79980041e+08
0.0850	0.0950	0.0950	8.96079457e+08
0.0850	0.0950	0.1050	5.44214352e+08
0.0850	0.0950	0.1150	5.28409152e+08
0.0850	0.0950	0.1250	6.08899934e+08
0.0850	0.0950	0.1350	6.03768681e+08
0.0850	0.0950	0.1450	6.93257353e+08
0.0850	0.1050	0.1050	6.71827070e+08
0.0850	0.1050	0.1150	4.51551550e+08
0.0850	0.1050	0.1250	5.42146094e+08
0.0850	0.1050	0.1350	5.45242306e+08
0.0850	0.1050	0.1450	6.59242234e+08
0.0850	0.1150	0.1150	5.88218363e+08
0.0850	0.1150	0.1250	4.85981807e+08
0.0850	0.1150	0.1350	6.75545476e+08
0.0850	0.1150	0.1450	4.67214901e+08
0.0850	0.1250	0.1250	5.82388872e+08
0.0850	0.1250	0.1350	4.56445976e+08
0.0850	0.1250	0.1450	4.71064923e+08
0.0850	0.1350	0.1350	3.42279997e+08
0.0850	0.1350	0.1450	5.13483872e+08
0.0850	0.1450	0.1450	3.81378231e+08
0.0950	0.0950	0.0950	7.66625525e+08
0.0950	0.0950	0.1050	7.91736164e+08
0.0950	0.0950	0.1150	6.12040746e+08
0.0950	0.0950	0.1250	6.38525681e+08
0.0950	0.0950	0.1350	6.14495616e+08
0.0950	0.0950	0.1450	6.14974398e+08
0.0950	0.1050	0.1050	5.70064094e+08
0.0950	0.1050	0.1150	4.05414253e+08
0.0950	0.1050	0.1250	6.25840461e+08
0.0950	0.1050	0.1350	4.80100378e+08
0.0950	0.1050	0.1450	4.19106208e+08
0.0950	0.1150	0.1150	7.00462373e+08
0.0950	0.1150	0.1250	4.86855720e+08
0.0950	0.1150	0.1350	4.24475735e+08
0.0950	0.1150	0.1450	3.96920687e+08
0.0950	0.1250	0.1250	3.52322890e+08
0.0950	0.1250	0.1350	4.46027352e+08
0.0950	0.1250	0.1450	4.52135544e+08
0.0950	0.1350	0.1350	4.19059522e+08
0.0950	0.1350	0.1450	3.25227050e+08
0.0950	0.1450	0.1450	4.58445413e+08
0.1050	0.1050	0.1050	8.12285398e+08
0.1050	0.1050	0.1150	4.13007379e+08
0.1050	0.1050	0.1250	4.47539773e+08
0.1050	0.1050	0.1350	5.05596991e+08
0.1050	0.1050	0.1450	4.83707013e+08
0.1050	0.1150	0.1150	4.42345058e+08
0.1050	0.1150	0.1250	3.60679501e+08
0.1050	0.1150	0.1350	4.08993852e+08
0.1050	0.1150	0.1450	5.04770079e+08
0.1050	0.1250	0.1250	4.34042888e+08
0.1050	0.1250	0.1350	4.00459752e+08
0.1050	0.1250	0.1450	4.12769208e+08
0.1050	0.1350	0.1350	3.77120357e+08
0.1050	0.1350	0.1450	3.75257290e+08
0.1050	0.1450	0.1450	3.91596403e+08
0.1150	0.1150	0.1150	2.52935136e+08
0.1150	0.1150	0.1250	4.48607797e+08
0.1150	0.1150	0.1350	3.03645217e+08
0.1150	0.1150	0.1450	3.90834092e+08
0.1150	0.1250	0.1250	3.95420067e+08
0.1150	0.1250	0.1350	3.85031625e+08
0.1150	0.1250	0.1450	3.50629774e+08
0.1150	0.1350	0.1350	3.86396643e+08
0.1150	0.1350	0.1450	3.47532685e+08
0.1150	0.1450	0.1450	3.76860766e+08
0.1250	0.1250	0.1250	4.52759343e+08
0.1250	0.1250	0.1350	4.69830947e+08
0.1250	0.1250	0.1450	3.31702670e+08
0.1250	0.1350	0.1350	3.57418421e+08
0.1250	0.1350	0.1450	3.39845855e+08
0.1250	0.1450	0.1450	3.34433081e+08
0.1350	0.1350	0.1350	2.37010243e+08
0.1350	0.1350	0.1450	3.11002693e+08
0.1350	0.1450	0.1450	2.36191343e+08
0.1450	0.1450	0.1450	3.68278946e+08
