####### Bispectrum of Patchy Simulation 998 #############
# Patch: ngc
# z-type: z3
# Weights: fkp
# Fiducial Omega_m: 0.310
# Fiducial h: 0.676
# Boxsize: [1800.0, 3400.0, 1900.0]
# Grid: [170, 325, 180]
# k-binning: [0.000, 0.160, 0.010]
# Monte Carlo Simulations: 100
#
# Format: k1 | k2 | k3 | B(k1,k2,k3)
############################################
0.0150	0.0150	0.0150	8.59079004e+09
0.0150	0.0150	0.0250	1.75229348e+10
0.0150	0.0150	0.0350	2.23309809e+10
0.0150	0.0250	0.0250	8.46205490e+09
0.0150	0.0250	0.0350	4.47112074e+09
0.0150	0.0250	0.0450	4.35841734e+09
0.0150	0.0350	0.0350	1.23399055e+09
0.0150	0.0350	0.0450	7.59753098e+09
0.0150	0.0350	0.0550	-2.42078331e+09
0.0150	0.0450	0.0450	1.21802903e+09
0.0150	0.0450	0.0550	4.54114651e+09
0.0150	0.0450	0.0650	7.01608149e+09
0.0150	0.0550	0.0550	-3.37928090e+07
0.0150	0.0550	0.0650	3.04652992e+09
0.0150	0.0550	0.0750	3.36148325e+09
0.0150	0.0650	0.0650	5.22230397e+08
0.0150	0.0650	0.0750	1.85401012e+09
0.0150	0.0650	0.0850	4.36247390e+09
0.0150	0.0750	0.0750	1.83764038e+09
0.0150	0.0750	0.0850	2.98847280e+09
0.0150	0.0750	0.0950	2.60828575e+09
0.0150	0.0850	0.0850	6.54034861e+08
0.0150	0.0850	0.0950	2.15846590e+09
0.0150	0.0850	0.1050	4.83091392e+09
0.0150	0.0950	0.0950	1.17930596e+09
0.0150	0.0950	0.1050	1.79035772e+09
0.0150	0.0950	0.1150	3.16234213e+09
0.0150	0.1050	0.1050	1.47806820e+09
0.0150	0.1050	0.1150	1.34544415e+09
0.0150	0.1050	0.1250	2.36473640e+09
0.0150	0.1150	0.1150	1.26830975e+09
0.0150	0.1150	0.1250	1.25448097e+09
0.0150	0.1150	0.1350	6.75584191e+08
0.0150	0.1250	0.1250	5.89655576e+08
0.0150	0.1250	0.1350	1.41518406e+09
0.0150	0.1250	0.1450	1.90209896e+09
0.0150	0.1350	0.1350	8.05178811e+08
0.0150	0.1350	0.1450	1.01892203e+09
0.0150	0.1450	0.1450	9.16857432e+08
0.0250	0.0250	0.0250	2.31658827e+10
0.0250	0.0250	0.0350	4.69163399e+08
0.0250	0.0250	0.0450	6.34245377e+09
0.0250	0.0250	0.0550	5.36696137e+09
0.0250	0.0350	0.0350	1.39520879e+09
0.0250	0.0350	0.0450	3.94574943e+09
0.0250	0.0350	0.0550	6.19600243e+09
0.0250	0.0350	0.0650	8.83854114e+09
0.0250	0.0450	0.0450	3.61329491e+09
0.0250	0.0450	0.0550	5.88726446e+09
0.0250	0.0450	0.0650	4.02733290e+09
0.0250	0.0450	0.0750	4.84401257e+09
0.0250	0.0550	0.0550	3.81966013e+09
0.0250	0.0550	0.0650	2.99875715e+09
0.0250	0.0550	0.0750	4.06256629e+09
0.0250	0.0550	0.0850	2.79012590e+09
0.0250	0.0650	0.0650	3.21416082e+09
0.0250	0.0650	0.0750	3.19652414e+09
0.0250	0.0650	0.0850	3.54919146e+09
0.0250	0.0650	0.0950	2.98766887e+09
0.0250	0.0750	0.0750	2.10917628e+09
0.0250	0.0750	0.0850	2.34673439e+09
0.0250	0.0750	0.0950	3.84239849e+09
0.0250	0.0750	0.1050	3.63471091e+09
0.0250	0.0850	0.0850	1.64392990e+09
0.0250	0.0850	0.0950	2.49655241e+09
0.0250	0.0850	0.1050	2.53405840e+09
0.0250	0.0850	0.1150	4.02097032e+09
0.0250	0.0950	0.0950	7.97539494e+08
0.0250	0.0950	0.1050	1.18782076e+09
0.0250	0.0950	0.1150	2.01894146e+09
0.0250	0.0950	0.1250	2.26216162e+09
0.0250	0.1050	0.1050	2.05955858e+09
0.0250	0.1050	0.1150	1.99954544e+09
0.0250	0.1050	0.1250	1.85957367e+09
0.0250	0.1050	0.1350	2.17897073e+09
0.0250	0.1150	0.1150	1.04904387e+09
0.0250	0.1150	0.1250	1.61558173e+09
0.0250	0.1150	0.1350	1.60132873e+09
0.0250	0.1150	0.1450	2.49839538e+09
0.0250	0.1250	0.1250	1.38421972e+09
0.0250	0.1250	0.1350	1.46079843e+09
0.0250	0.1250	0.1450	1.64052113e+09
0.0250	0.1350	0.1350	1.14649844e+09
0.0250	0.1350	0.1450	1.21277093e+09
0.0250	0.1450	0.1450	1.10780896e+09
0.0350	0.0350	0.0350	-2.25257685e+09
0.0350	0.0350	0.0450	6.44809266e+08
0.0350	0.0350	0.0550	2.55711646e+09
0.0350	0.0350	0.0650	1.69659865e+09
0.0350	0.0350	0.0750	3.35818746e+09
0.0350	0.0450	0.0450	2.09495745e+09
0.0350	0.0450	0.0550	2.90136458e+09
0.0350	0.0450	0.0650	3.71739106e+09
0.0350	0.0450	0.0750	3.40544851e+09
0.0350	0.0450	0.0850	3.05070785e+09
0.0350	0.0550	0.0550	1.22833276e+09
0.0350	0.0550	0.0650	2.16562869e+09
0.0350	0.0550	0.0750	1.53127151e+09
0.0350	0.0550	0.0850	3.45929992e+09
0.0350	0.0550	0.0950	1.23114712e+09
0.0350	0.0650	0.0650	2.14712852e+09
0.0350	0.0650	0.0750	1.85418490e+09
0.0350	0.0650	0.0850	2.30078718e+09
0.0350	0.0650	0.0950	2.87794116e+09
0.0350	0.0650	0.1050	2.91801385e+09
0.0350	0.0750	0.0750	1.90472195e+09
0.0350	0.0750	0.0850	1.72066402e+09
0.0350	0.0750	0.0950	1.41995961e+09
0.0350	0.0750	0.1050	2.12337021e+09
0.0350	0.0750	0.1150	1.50606631e+09
0.0350	0.0850	0.0850	2.06717983e+09
0.0350	0.0850	0.0950	1.50690115e+09
0.0350	0.0850	0.1050	1.84537515e+09
0.0350	0.0850	0.1150	2.33758690e+09
0.0350	0.0850	0.1250	4.83611525e+08
0.0350	0.0950	0.0950	1.33842897e+09
0.0350	0.0950	0.1050	9.97634100e+08
0.0350	0.0950	0.1150	1.32715080e+09
0.0350	0.0950	0.1250	1.90730767e+09
0.0350	0.0950	0.1350	1.54671008e+09
0.0350	0.1050	0.1050	6.08377425e+08
0.0350	0.1050	0.1150	1.23576126e+09
0.0350	0.1050	0.1250	1.32259126e+09
0.0350	0.1050	0.1350	1.39572566e+09
0.0350	0.1050	0.1450	1.74479810e+09
0.0350	0.1150	0.1150	8.45997813e+08
0.0350	0.1150	0.1250	8.74775676e+08
0.0350	0.1150	0.1350	1.21913381e+09
0.0350	0.1150	0.1450	1.21674418e+09
0.0350	0.1250	0.1250	8.85714485e+08
0.0350	0.1250	0.1350	1.00176666e+09
0.0350	0.1250	0.1450	1.03335096e+09
0.0350	0.1350	0.1350	9.21982479e+08
0.0350	0.1350	0.1450	7.56205799e+08
0.0350	0.1450	0.1450	5.04442119e+08
0.0450	0.0450	0.0450	2.43143673e+09
0.0450	0.0450	0.0550	3.08796543e+09
0.0450	0.0450	0.0650	1.19029740e+09
0.0450	0.0450	0.0750	1.44460412e+09
0.0450	0.0450	0.0850	2.55701330e+09
0.0450	0.0450	0.0950	1.80712441e+09
0.0450	0.0550	0.0550	1.92813156e+09
0.0450	0.0550	0.0650	2.11033642e+09
0.0450	0.0550	0.0750	1.59801470e+09
0.0450	0.0550	0.0850	2.76703489e+09
0.0450	0.0550	0.0950	1.98571813e+09
0.0450	0.0550	0.1050	2.51718558e+09
0.0450	0.0650	0.0650	6.35406508e+08
0.0450	0.0650	0.0750	1.66558553e+09
0.0450	0.0650	0.0850	1.42409046e+09
0.0450	0.0650	0.0950	1.66296325e+09
0.0450	0.0650	0.1050	1.60667521e+09
0.0450	0.0650	0.1150	3.04708836e+09
0.0450	0.0750	0.0750	7.97782852e+08
0.0450	0.0750	0.0850	1.74039960e+09
0.0450	0.0750	0.0950	1.62763012e+09
0.0450	0.0750	0.1050	1.22834238e+09
0.0450	0.0750	0.1150	2.14701676e+09
0.0450	0.0750	0.1250	1.72550374e+09
0.0450	0.0850	0.0850	1.24709182e+09
0.0450	0.0850	0.0950	8.78388132e+08
0.0450	0.0850	0.1050	1.10148146e+09
0.0450	0.0850	0.1150	1.09193877e+09
0.0450	0.0850	0.1250	1.65914352e+09
0.0450	0.0850	0.1350	1.68488421e+09
0.0450	0.0950	0.0950	1.16122912e+09
0.0450	0.0950	0.1050	1.09407421e+09
0.0450	0.0950	0.1150	9.62018027e+08
0.0450	0.0950	0.1250	1.15999563e+09
0.0450	0.0950	0.1350	1.42211389e+09
0.0450	0.0950	0.1450	1.71666745e+09
0.0450	0.1050	0.1050	1.17130431e+09
0.0450	0.1050	0.1150	8.76378189e+08
0.0450	0.1050	0.1250	9.49758145e+08
0.0450	0.1050	0.1350	8.04993305e+08
0.0450	0.1050	0.1450	1.07519115e+09
0.0450	0.1150	0.1150	8.43749218e+08
0.0450	0.1150	0.1250	9.05258956e+08
0.0450	0.1150	0.1350	9.62941288e+08
0.0450	0.1150	0.1450	9.95691790e+08
0.0450	0.1250	0.1250	8.14486039e+08
0.0450	0.1250	0.1350	9.66044033e+08
0.0450	0.1250	0.1450	8.92411172e+08
0.0450	0.1350	0.1350	8.13262768e+08
0.0450	0.1350	0.1450	6.39673682e+08
0.0450	0.1450	0.1450	6.95927058e+08
0.0550	0.0550	0.0550	2.63256448e+09
0.0550	0.0550	0.0650	3.80183631e+08
0.0550	0.0550	0.0750	1.06945980e+09
0.0550	0.0550	0.0850	1.24425686e+09
0.0550	0.0550	0.0950	1.74149893e+09
0.0550	0.0550	0.1050	2.09750870e+09
0.0550	0.0550	0.1150	7.15447512e+08
0.0550	0.0650	0.0650	1.95008604e+09
0.0550	0.0650	0.0750	1.27004701e+09
0.0550	0.0650	0.0850	1.20029133e+09
0.0550	0.0650	0.0950	7.89225878e+08
0.0550	0.0650	0.1050	1.67094906e+09
0.0550	0.0650	0.1150	1.63356610e+09
0.0550	0.0650	0.1250	2.32236472e+09
0.0550	0.0750	0.0750	8.92758758e+08
0.0550	0.0750	0.0850	1.01283640e+09
0.0550	0.0750	0.0950	1.30258675e+09
0.0550	0.0750	0.1050	9.89995913e+08
0.0550	0.0750	0.1150	1.45129786e+09
0.0550	0.0750	0.1250	1.73750570e+09
0.0550	0.0750	0.1350	1.02185497e+09
0.0550	0.0850	0.0850	1.32509315e+09
0.0550	0.0850	0.0950	9.35231111e+08
0.0550	0.0850	0.1050	1.18081274e+09
0.0550	0.0850	0.1150	1.24447040e+09
0.0550	0.0850	0.1250	1.29152282e+09
0.0550	0.0850	0.1350	1.37872007e+09
0.0550	0.0850	0.1450	1.21784694e+09
0.0550	0.0950	0.0950	6.18417316e+08
0.0550	0.0950	0.1050	9.44952153e+08
0.0550	0.0950	0.1150	9.85279102e+08
0.0550	0.0950	0.1250	7.95068617e+08
0.0550	0.0950	0.1350	9.08900524e+08
0.0550	0.0950	0.1450	1.15358111e+09
0.0550	0.1050	0.1050	2.83988892e+08
0.0550	0.1050	0.1150	8.34464445e+08
0.0550	0.1050	0.1250	7.59879928e+08
0.0550	0.1050	0.1350	9.59689285e+08
0.0550	0.1050	0.1450	8.78049858e+08
0.0550	0.1150	0.1150	9.68728879e+08
0.0550	0.1150	0.1250	7.07443870e+08
0.0550	0.1150	0.1350	7.21422891e+08
0.0550	0.1150	0.1450	7.68025289e+08
0.0550	0.1250	0.1250	5.35593336e+08
0.0550	0.1250	0.1350	6.60718198e+08
0.0550	0.1250	0.1450	6.00925485e+08
0.0550	0.1350	0.1350	6.98755065e+08
0.0550	0.1350	0.1450	6.49469035e+08
0.0550	0.1450	0.1450	4.45747275e+08
0.0650	0.0650	0.0650	5.39815487e+08
0.0650	0.0650	0.0750	3.20423275e+08
0.0650	0.0650	0.0850	1.00776279e+09
0.0650	0.0650	0.0950	1.49477400e+09
0.0650	0.0650	0.1050	9.31440618e+08
0.0650	0.0650	0.1150	1.18535072e+09
0.0650	0.0650	0.1250	1.49738474e+09
0.0650	0.0650	0.1350	1.17897521e+09
0.0650	0.0750	0.0750	1.43097877e+09
0.0650	0.0750	0.0850	1.28850602e+09
0.0650	0.0750	0.0950	9.50697802e+08
0.0650	0.0750	0.1050	7.71288892e+08
0.0650	0.0750	0.1150	1.05294037e+09
0.0650	0.0750	0.1250	1.33109765e+09
0.0650	0.0750	0.1350	9.68209860e+08
0.0650	0.0750	0.1450	1.53678472e+09
0.0650	0.0850	0.0850	1.31344022e+09
0.0650	0.0850	0.0950	1.13689367e+09
0.0650	0.0850	0.1050	8.93958880e+08
0.0650	0.0850	0.1150	1.07862380e+09
0.0650	0.0850	0.1250	8.45872226e+08
0.0650	0.0850	0.1350	9.75954595e+08
0.0650	0.0850	0.1450	1.14971592e+09
0.0650	0.0950	0.0950	6.35395682e+08
0.0650	0.0950	0.1050	7.21347032e+08
0.0650	0.0950	0.1150	8.57407550e+08
0.0650	0.0950	0.1250	9.17228046e+08
0.0650	0.0950	0.1350	8.04218266e+08
0.0650	0.0950	0.1450	7.19831739e+08
0.0650	0.1050	0.1050	8.68401632e+08
0.0650	0.1050	0.1150	7.80374988e+08
0.0650	0.1050	0.1250	6.83077824e+08
0.0650	0.1050	0.1350	7.00418304e+08
0.0650	0.1050	0.1450	7.86304071e+08
0.0650	0.1150	0.1150	4.83335289e+08
0.0650	0.1150	0.1250	7.91283078e+08
0.0650	0.1150	0.1350	5.80424686e+08
0.0650	0.1150	0.1450	7.11306078e+08
0.0650	0.1250	0.1250	7.12011128e+08
0.0650	0.1250	0.1350	5.85711287e+08
0.0650	0.1250	0.1450	5.55260410e+08
0.0650	0.1350	0.1350	5.97405177e+08
0.0650	0.1350	0.1450	5.03937748e+08
0.0650	0.1450	0.1450	6.37054270e+08
0.0750	0.0750	0.0750	4.99905870e+08
0.0750	0.0750	0.0850	6.38884831e+08
0.0750	0.0750	0.0950	8.86778008e+08
0.0750	0.0750	0.1050	1.01176371e+09
0.0750	0.0750	0.1150	5.96068088e+08
0.0750	0.0750	0.1250	1.06414920e+09
0.0750	0.0750	0.1350	7.50845602e+08
0.0750	0.0750	0.1450	1.16849944e+09
0.0750	0.0850	0.0850	7.31509701e+08
0.0750	0.0850	0.0950	4.12626844e+08
0.0750	0.0850	0.1050	9.40756107e+08
0.0750	0.0850	0.1150	5.62280019e+08
0.0750	0.0850	0.1250	6.79049400e+08
0.0750	0.0850	0.1350	1.24671098e+09
0.0750	0.0850	0.1450	8.43107578e+08
0.0750	0.0950	0.0950	6.79234059e+08
0.0750	0.0950	0.1050	6.11775868e+08
0.0750	0.0950	0.1150	7.83007332e+08
0.0750	0.0950	0.1250	6.53966626e+08
0.0750	0.0950	0.1350	7.10762937e+08
0.0750	0.0950	0.1450	6.79323920e+08
0.0750	0.1050	0.1050	5.07805864e+08
0.0750	0.1050	0.1150	6.44117091e+08
0.0750	0.1050	0.1250	5.47115227e+08
0.0750	0.1050	0.1350	6.98966079e+08
0.0750	0.1050	0.1450	6.98989365e+08
0.0750	0.1150	0.1150	7.46908894e+08
0.0750	0.1150	0.1250	5.43839497e+08
0.0750	0.1150	0.1350	5.00350250e+08
0.0750	0.1150	0.1450	4.56888448e+08
0.0750	0.1250	0.1250	4.41055922e+08
0.0750	0.1250	0.1350	5.30435761e+08
0.0750	0.1250	0.1450	4.52354466e+08
0.0750	0.1350	0.1350	4.50450351e+08
0.0750	0.1350	0.1450	4.79206945e+08
0.0750	0.1450	0.1450	3.79620209e+08
0.0850	0.0850	0.0850	1.31319415e+09
0.0850	0.0850	0.0950	9.65351711e+08
0.0850	0.0850	0.1050	6.28724338e+08
0.0850	0.0850	0.1150	6.10938791e+08
0.0850	0.0850	0.1250	5.89689369e+08
0.0850	0.0850	0.1350	6.68890629e+08
0.0850	0.0850	0.1450	7.11800351e+08
0.0850	0.0950	0.0950	6.86696134e+08
0.0850	0.0950	0.1050	5.64899884e+08
0.0850	0.0950	0.1150	6.94360429e+08
0.0850	0.0950	0.1250	6.48794040e+08
0.0850	0.0950	0.1350	6.37532155e+08
0.0850	0.0950	0.1450	7.02996708e+08
0.0850	0.1050	0.1050	6.79831486e+08
0.0850	0.1050	0.1150	5.44818444e+08
0.0850	0.1050	0.1250	5.23246212e+08
0.0850	0.1050	0.1350	5.80100965e+08
0.0850	0.1050	0.1450	5.26950225e+08
0.0850	0.1150	0.1150	3.69967160e+08
0.0850	0.1150	0.1250	6.39812159e+08
0.0850	0.1150	0.1350	5.98631526e+08
0.0850	0.1150	0.1450	4.42743472e+08
0.0850	0.1250	0.1250	6.19990204e+08
0.0850	0.1250	0.1350	4.60001457e+08
0.0850	0.1250	0.1450	5.81163850e+08
0.0850	0.1350	0.1350	3.63968809e+08
0.0850	0.1350	0.1450	3.88587170e+08
0.0850	0.1450	0.1450	4.21968407e+08
0.0950	0.0950	0.0950	8.40354466e+08
0.0950	0.0950	0.1050	7.59967581e+08
0.0950	0.0950	0.1150	3.54294738e+08
0.0950	0.0950	0.1250	4.42797554e+08
0.0950	0.0950	0.1350	4.49917934e+08
0.0950	0.0950	0.1450	5.49089190e+08
0.0950	0.1050	0.1050	4.93428639e+08
0.0950	0.1050	0.1150	6.88660003e+08
0.0950	0.1050	0.1250	5.33847815e+08
0.0950	0.1050	0.1350	4.57951299e+08
0.0950	0.1050	0.1450	4.94261673e+08
0.0950	0.1150	0.1150	4.61958622e+08
0.0950	0.1150	0.1250	4.78262612e+08
0.0950	0.1150	0.1350	3.94006809e+08
0.0950	0.1150	0.1450	4.51798263e+08
0.0950	0.1250	0.1250	3.58947739e+08
0.0950	0.1250	0.1350	4.52738046e+08
0.0950	0.1250	0.1450	3.65622581e+08
0.0950	0.1350	0.1350	4.14205487e+08
0.0950	0.1350	0.1450	4.29827252e+08
0.0950	0.1450	0.1450	3.68057004e+08
0.1050	0.1050	0.1050	6.67472748e+08
0.1050	0.1050	0.1150	4.93816473e+08
0.1050	0.1050	0.1250	3.85937931e+08
0.1050	0.1050	0.1350	4.75714753e+08
0.1050	0.1050	0.1450	4.50780643e+08
0.1050	0.1150	0.1150	4.02177356e+08
0.1050	0.1150	0.1250	5.44128698e+08
0.1050	0.1150	0.1350	4.17345874e+08
0.1050	0.1150	0.1450	4.09297022e+08
0.1050	0.1250	0.1250	5.42806160e+08
0.1050	0.1250	0.1350	4.56158935e+08
0.1050	0.1250	0.1450	3.83879187e+08
0.1050	0.1350	0.1350	2.65273504e+08
0.1050	0.1350	0.1450	3.36862669e+08
0.1050	0.1450	0.1450	4.11550848e+08
0.1150	0.1150	0.1150	4.18960607e+08
0.1150	0.1150	0.1250	3.53844483e+08
0.1150	0.1150	0.1350	3.63043227e+08
0.1150	0.1150	0.1450	4.12973337e+08
0.1150	0.1250	0.1250	3.54445897e+08
0.1150	0.1250	0.1350	4.35738575e+08
0.1150	0.1250	0.1450	2.99986801e+08
0.1150	0.1350	0.1350	3.21298461e+08
0.1150	0.1350	0.1450	3.60180055e+08
0.1150	0.1450	0.1450	3.13390618e+08
0.1250	0.1250	0.1250	4.38325855e+08
0.1250	0.1250	0.1350	3.52087456e+08
0.1250	0.1250	0.1450	3.57799049e+08
0.1250	0.1350	0.1350	3.11302406e+08
0.1250	0.1350	0.1450	3.40255757e+08
0.1250	0.1450	0.1450	3.35703109e+08
0.1350	0.1350	0.1350	2.14449591e+08
0.1350	0.1350	0.1450	4.10824507e+08
0.1350	0.1450	0.1450	3.19208607e+08
0.1450	0.1450	0.1450	7.97222133e+07
