####### Bispectrum of Patchy Simulation 224 #############
# Patch: ngc
# z-type: z3
# Weights: fkp
# Fiducial Omega_m: 0.310
# Fiducial h: 0.676
# Boxsize: [1800.0, 3400.0, 1900.0]
# Grid: [170, 325, 180]
# k-binning: [0.000, 0.160, 0.010]
# Monte Carlo Simulations: 100
#
# Format: k1 | k2 | k3 | B(k1,k2,k3)
############################################
0.0150	0.0150	0.0150	4.38552424e+09
0.0150	0.0150	0.0250	-4.72454402e+09
0.0150	0.0150	0.0350	4.39023921e+09
0.0150	0.0250	0.0250	1.46307854e+10
0.0150	0.0250	0.0350	6.27222001e+09
0.0150	0.0250	0.0450	5.85499867e+09
0.0150	0.0350	0.0350	1.15640200e+09
0.0150	0.0350	0.0450	7.53786201e+09
0.0150	0.0350	0.0550	9.91971224e+09
0.0150	0.0450	0.0450	3.24718021e+09
0.0150	0.0450	0.0550	3.04369360e+09
0.0150	0.0450	0.0650	3.99254672e+09
0.0150	0.0550	0.0550	3.63604594e+09
0.0150	0.0550	0.0650	5.31468630e+09
0.0150	0.0550	0.0750	3.18274059e+08
0.0150	0.0650	0.0650	2.28299355e+09
0.0150	0.0650	0.0750	1.73668233e+09
0.0150	0.0650	0.0850	4.30843344e+09
0.0150	0.0750	0.0750	2.64224165e+09
0.0150	0.0750	0.0850	2.01030839e+09
0.0150	0.0750	0.0950	3.34282997e+09
0.0150	0.0850	0.0850	1.78587398e+09
0.0150	0.0850	0.0950	2.27028903e+09
0.0150	0.0850	0.1050	3.17277440e+09
0.0150	0.0950	0.0950	1.85724707e+09
0.0150	0.0950	0.1050	1.75439054e+09
0.0150	0.0950	0.1150	3.91068786e+09
0.0150	0.1050	0.1050	2.38466875e+09
0.0150	0.1050	0.1150	1.29656095e+09
0.0150	0.1050	0.1250	1.67221613e+09
0.0150	0.1150	0.1150	1.36067012e+09
0.0150	0.1150	0.1250	1.64070183e+09
0.0150	0.1150	0.1350	2.26065224e+09
0.0150	0.1250	0.1250	1.21086942e+09
0.0150	0.1250	0.1350	1.58224470e+09
0.0150	0.1250	0.1450	2.27025194e+09
0.0150	0.1350	0.1350	1.29366849e+09
0.0150	0.1350	0.1450	1.13955698e+09
0.0150	0.1450	0.1450	1.26901809e+09
0.0250	0.0250	0.0250	1.18840318e+10
0.0250	0.0250	0.0350	4.44454887e+09
0.0250	0.0250	0.0450	4.28461295e+09
0.0250	0.0250	0.0550	1.05422703e+10
0.0250	0.0350	0.0350	5.85679502e+09
0.0250	0.0350	0.0450	1.26125298e+09
0.0250	0.0350	0.0550	4.45389933e+09
0.0250	0.0350	0.0650	2.05764999e+09
0.0250	0.0450	0.0450	3.20953075e+09
0.0250	0.0450	0.0550	2.85645142e+09
0.0250	0.0450	0.0650	5.48817251e+09
0.0250	0.0450	0.0750	5.42113122e+09
0.0250	0.0550	0.0550	3.17498245e+09
0.0250	0.0550	0.0650	2.24020775e+09
0.0250	0.0550	0.0750	3.61443176e+09
0.0250	0.0550	0.0850	3.33890255e+09
0.0250	0.0650	0.0650	3.34581264e+09
0.0250	0.0650	0.0750	1.95115500e+09
0.0250	0.0650	0.0850	3.74420052e+09
0.0250	0.0650	0.0950	2.55314985e+09
0.0250	0.0750	0.0750	1.63680311e+09
0.0250	0.0750	0.0850	2.48448200e+09
0.0250	0.0750	0.0950	2.69540958e+09
0.0250	0.0750	0.1050	2.43577310e+09
0.0250	0.0850	0.0850	1.55420310e+09
0.0250	0.0850	0.0950	2.27076071e+09
0.0250	0.0850	0.1050	2.24535443e+09
0.0250	0.0850	0.1150	3.80093884e+09
0.0250	0.0950	0.0950	5.99019277e+08
0.0250	0.0950	0.1050	1.64825254e+09
0.0250	0.0950	0.1150	2.11162271e+09
0.0250	0.0950	0.1250	1.32638997e+09
0.0250	0.1050	0.1050	1.14681254e+09
0.0250	0.1050	0.1150	1.25596482e+09
0.0250	0.1050	0.1250	1.36258936e+09
0.0250	0.1050	0.1350	1.56195878e+09
0.0250	0.1150	0.1150	1.37025527e+09
0.0250	0.1150	0.1250	1.15899066e+09
0.0250	0.1150	0.1350	1.49462985e+09
0.0250	0.1150	0.1450	2.75553786e+09
0.0250	0.1250	0.1250	1.38701569e+09
0.0250	0.1250	0.1350	1.43704015e+09
0.0250	0.1250	0.1450	1.28213121e+09
0.0250	0.1350	0.1350	7.82966417e+08
0.0250	0.1350	0.1450	1.18816842e+09
0.0250	0.1450	0.1450	9.36258536e+08
0.0350	0.0350	0.0350	7.82526950e+09
0.0350	0.0350	0.0450	1.41080864e+09
0.0350	0.0350	0.0550	2.90012783e+09
0.0350	0.0350	0.0650	4.67432224e+09
0.0350	0.0350	0.0750	3.79959941e+09
0.0350	0.0450	0.0450	1.40361419e+09
0.0350	0.0450	0.0550	2.43911559e+09
0.0350	0.0450	0.0650	1.11504359e+09
0.0350	0.0450	0.0750	3.74686066e+09
0.0350	0.0450	0.0850	2.97064809e+09
0.0350	0.0550	0.0550	6.21578075e+08
0.0350	0.0550	0.0650	2.43593472e+09
0.0350	0.0550	0.0750	2.10748646e+09
0.0350	0.0550	0.0850	3.37585083e+09
0.0350	0.0550	0.0950	2.52349632e+09
0.0350	0.0650	0.0650	2.62788025e+09
0.0350	0.0650	0.0750	1.98812159e+09
0.0350	0.0650	0.0850	1.89305656e+09
0.0350	0.0650	0.0950	2.02848144e+09
0.0350	0.0650	0.1050	3.11653374e+09
0.0350	0.0750	0.0750	1.96952144e+09
0.0350	0.0750	0.0850	8.23616480e+08
0.0350	0.0750	0.0950	2.00177952e+09
0.0350	0.0750	0.1050	2.37020022e+09
0.0350	0.0750	0.1150	2.83181838e+09
0.0350	0.0850	0.0850	1.27834222e+09
0.0350	0.0850	0.0950	1.68694944e+09
0.0350	0.0850	0.1050	1.73983949e+09
0.0350	0.0850	0.1150	2.09651509e+09
0.0350	0.0850	0.1250	1.16280818e+09
0.0350	0.0950	0.0950	1.62780604e+09
0.0350	0.0950	0.1050	1.20131132e+09
0.0350	0.0950	0.1150	1.48601470e+09
0.0350	0.0950	0.1250	1.91736460e+09
0.0350	0.0950	0.1350	1.11534753e+09
0.0350	0.1050	0.1050	8.46920082e+08
0.0350	0.1050	0.1150	1.27576614e+09
0.0350	0.1050	0.1250	1.50499937e+09
0.0350	0.1050	0.1350	1.35492579e+09
0.0350	0.1050	0.1450	2.09106226e+09
0.0350	0.1150	0.1150	7.87190375e+08
0.0350	0.1150	0.1250	1.23582819e+09
0.0350	0.1150	0.1350	1.17301266e+09
0.0350	0.1150	0.1450	1.43840044e+09
0.0350	0.1250	0.1250	1.08501369e+09
0.0350	0.1250	0.1350	9.19067196e+08
0.0350	0.1250	0.1450	1.17643355e+09
0.0350	0.1350	0.1350	4.15025873e+08
0.0350	0.1350	0.1450	1.04819108e+09
0.0350	0.1450	0.1450	8.14165170e+08
0.0450	0.0450	0.0450	4.38240947e+09
0.0450	0.0450	0.0550	2.32078559e+09
0.0450	0.0450	0.0650	6.20720949e+08
0.0450	0.0450	0.0750	3.97427192e+09
0.0450	0.0450	0.0850	3.50565233e+09
0.0450	0.0450	0.0950	8.41199122e+08
0.0450	0.0550	0.0550	2.20928128e+09
0.0450	0.0550	0.0650	1.24399347e+09
0.0450	0.0550	0.0750	2.41034242e+09
0.0450	0.0550	0.0850	2.26639447e+09
0.0450	0.0550	0.0950	2.42571310e+09
0.0450	0.0550	0.1050	2.64852508e+09
0.0450	0.0650	0.0650	1.82888344e+09
0.0450	0.0650	0.0750	1.21074790e+09
0.0450	0.0650	0.0850	1.91349362e+09
0.0450	0.0650	0.0950	1.99498880e+09
0.0450	0.0650	0.1050	2.09239862e+09
0.0450	0.0650	0.1150	1.84432482e+09
0.0450	0.0750	0.0750	1.90012376e+09
0.0450	0.0750	0.0850	9.90403993e+08
0.0450	0.0750	0.0950	1.44148041e+09
0.0450	0.0750	0.1050	2.00560823e+09
0.0450	0.0750	0.1150	2.41135601e+09
0.0450	0.0750	0.1250	2.51378415e+09
0.0450	0.0850	0.0850	1.73926005e+09
0.0450	0.0850	0.0950	1.17080033e+09
0.0450	0.0850	0.1050	1.01441401e+09
0.0450	0.0850	0.1150	1.54740236e+09
0.0450	0.0850	0.1250	1.75919509e+09
0.0450	0.0850	0.1350	1.43833137e+09
0.0450	0.0950	0.0950	8.87198445e+08
0.0450	0.0950	0.1050	1.09612241e+09
0.0450	0.0950	0.1150	1.54138291e+09
0.0450	0.0950	0.1250	1.14957641e+09
0.0450	0.0950	0.1350	1.07273132e+09
0.0450	0.0950	0.1450	2.15923987e+09
0.0450	0.1050	0.1050	8.74359163e+08
0.0450	0.1050	0.1150	7.86419172e+08
0.0450	0.1050	0.1250	8.54473535e+08
0.0450	0.1050	0.1350	1.27361794e+09
0.0450	0.1050	0.1450	9.82428939e+08
0.0450	0.1150	0.1150	8.95692535e+08
0.0450	0.1150	0.1250	7.81654052e+08
0.0450	0.1150	0.1350	9.08215213e+08
0.0450	0.1150	0.1450	1.19143392e+09
0.0450	0.1250	0.1250	7.27572047e+08
0.0450	0.1250	0.1350	6.26607249e+08
0.0450	0.1250	0.1450	7.98559689e+08
0.0450	0.1350	0.1350	8.86683196e+08
0.0450	0.1350	0.1450	5.77950513e+08
0.0450	0.1450	0.1450	6.89834287e+08
0.0550	0.0550	0.0550	1.94323267e+09
0.0550	0.0550	0.0650	5.93960431e+08
0.0550	0.0550	0.0750	2.35173704e+09
0.0550	0.0550	0.0850	6.49176665e+08
0.0550	0.0550	0.0950	2.24101591e+09
0.0550	0.0550	0.1050	1.56854267e+09
0.0550	0.0550	0.1150	2.44512175e+09
0.0550	0.0650	0.0650	8.31844968e+08
0.0550	0.0650	0.0750	1.50671459e+09
0.0550	0.0650	0.0850	1.55893772e+09
0.0550	0.0650	0.0950	4.02620561e+08
0.0550	0.0650	0.1050	2.19643090e+09
0.0550	0.0650	0.1150	1.60201032e+09
0.0550	0.0650	0.1250	1.75562974e+09
0.0550	0.0750	0.0750	1.21137672e+09
0.0550	0.0750	0.0850	1.23495523e+09
0.0550	0.0750	0.0950	1.37586170e+09
0.0550	0.0750	0.1050	1.28883914e+09
0.0550	0.0750	0.1150	1.42419897e+09
0.0550	0.0750	0.1250	1.44730657e+09
0.0550	0.0750	0.1350	1.80310479e+09
0.0550	0.0850	0.0850	9.49664906e+08
0.0550	0.0850	0.0950	9.61687475e+08
0.0550	0.0850	0.1050	1.08873120e+09
0.0550	0.0850	0.1150	1.41850447e+09
0.0550	0.0850	0.1250	1.24746052e+09
0.0550	0.0850	0.1350	1.36069644e+09
0.0550	0.0850	0.1450	1.67657922e+09
0.0550	0.0950	0.0950	7.74514216e+08
0.0550	0.0950	0.1050	1.08923935e+09
0.0550	0.0950	0.1150	8.13980326e+08
0.0550	0.0950	0.1250	1.05194264e+09
0.0550	0.0950	0.1350	8.31334782e+08
0.0550	0.0950	0.1450	1.06256676e+09
0.0550	0.1050	0.1050	8.30325115e+08
0.0550	0.1050	0.1150	7.29175477e+08
0.0550	0.1050	0.1250	8.37420484e+08
0.0550	0.1050	0.1350	9.01221900e+08
0.0550	0.1050	0.1450	8.19476850e+08
0.0550	0.1150	0.1150	9.96129989e+08
0.0550	0.1150	0.1250	6.87064735e+08
0.0550	0.1150	0.1350	8.47658163e+08
0.0550	0.1150	0.1450	7.88663349e+08
0.0550	0.1250	0.1250	5.76116153e+08
0.0550	0.1250	0.1350	6.62040027e+08
0.0550	0.1250	0.1450	5.88910460e+08
0.0550	0.1350	0.1350	5.50300757e+08
0.0550	0.1350	0.1450	5.98363137e+08
0.0550	0.1450	0.1450	6.03756767e+08
0.0650	0.0650	0.0650	1.36275479e+09
0.0650	0.0650	0.0750	1.21323149e+09
0.0650	0.0650	0.0850	7.65011166e+08
0.0650	0.0650	0.0950	1.32675815e+09
0.0650	0.0650	0.1050	1.31798617e+09
0.0650	0.0650	0.1150	1.59204936e+09
0.0650	0.0650	0.1250	1.51458567e+09
0.0650	0.0650	0.1350	2.25460953e+09
0.0650	0.0750	0.0750	1.44542440e+09
0.0650	0.0750	0.0850	1.53454873e+09
0.0650	0.0750	0.0950	1.22547188e+09
0.0650	0.0750	0.1050	1.11166935e+09
0.0650	0.0750	0.1150	1.09140657e+09
0.0650	0.0750	0.1250	1.40094928e+09
0.0650	0.0750	0.1350	1.29592663e+09
0.0650	0.0750	0.1450	1.56206778e+09
0.0650	0.0850	0.0850	5.44550327e+08
0.0650	0.0850	0.0950	9.43413305e+08
0.0650	0.0850	0.1050	9.18469080e+08
0.0650	0.0850	0.1150	1.07968166e+09
0.0650	0.0850	0.1250	1.08677271e+09
0.0650	0.0850	0.1350	1.33239172e+09
0.0650	0.0850	0.1450	1.11981277e+09
0.0650	0.0950	0.0950	8.69400963e+08
0.0650	0.0950	0.1050	6.94428291e+08
0.0650	0.0950	0.1150	7.42326130e+08
0.0650	0.0950	0.1250	8.48626750e+08
0.0650	0.0950	0.1350	8.02500492e+08
0.0650	0.0950	0.1450	8.38104902e+08
0.0650	0.1050	0.1050	7.63517157e+08
0.0650	0.1050	0.1150	8.26278116e+08
0.0650	0.1050	0.1250	5.32043368e+08
0.0650	0.1050	0.1350	7.01277367e+08
0.0650	0.1050	0.1450	8.95785400e+08
0.0650	0.1150	0.1150	5.90171389e+08
0.0650	0.1150	0.1250	8.97763244e+08
0.0650	0.1150	0.1350	6.86805301e+08
0.0650	0.1150	0.1450	6.38006548e+08
0.0650	0.1250	0.1250	8.40328916e+08
0.0650	0.1250	0.1350	5.02175016e+08
0.0650	0.1250	0.1450	8.24468588e+08
0.0650	0.1350	0.1350	7.67565001e+08
0.0650	0.1350	0.1450	5.96460908e+08
0.0650	0.1450	0.1450	3.46274564e+08
0.0750	0.0750	0.0750	1.91804522e+09
0.0750	0.0750	0.0850	5.54822281e+08
0.0750	0.0750	0.0950	7.86086841e+08
0.0750	0.0750	0.1050	9.98812511e+08
0.0750	0.0750	0.1150	1.27906364e+09
0.0750	0.0750	0.1250	9.60596029e+08
0.0750	0.0750	0.1350	1.26688122e+09
0.0750	0.0750	0.1450	1.32414716e+09
0.0750	0.0850	0.0850	1.09868842e+09
0.0750	0.0850	0.0950	7.10593443e+08
0.0750	0.0850	0.1050	7.49499357e+08
0.0750	0.0850	0.1150	6.87841786e+08
0.0750	0.0850	0.1250	9.33000860e+08
0.0750	0.0850	0.1350	9.86128680e+08
0.0750	0.0850	0.1450	9.18332818e+08
0.0750	0.0950	0.0950	9.35380382e+08
0.0750	0.0950	0.1050	6.19144361e+08
0.0750	0.0950	0.1150	7.49521689e+08
0.0750	0.0950	0.1250	5.93937849e+08
0.0750	0.0950	0.1350	7.25915109e+08
0.0750	0.0950	0.1450	8.30981888e+08
0.0750	0.1050	0.1050	9.21787393e+08
0.0750	0.1050	0.1150	6.08538933e+08
0.0750	0.1050	0.1250	7.43535912e+08
0.0750	0.1050	0.1350	6.95300034e+08
0.0750	0.1050	0.1450	5.97312179e+08
0.0750	0.1150	0.1150	8.30671261e+08
0.0750	0.1150	0.1250	6.26789653e+08
0.0750	0.1150	0.1350	6.48952103e+08
0.0750	0.1150	0.1450	6.63046110e+08
0.0750	0.1250	0.1250	5.40105489e+08
0.0750	0.1250	0.1350	5.23575029e+08
0.0750	0.1250	0.1450	5.43403221e+08
0.0750	0.1350	0.1350	5.53167805e+08
0.0750	0.1350	0.1450	5.45669481e+08
0.0750	0.1450	0.1450	4.82428574e+08
0.0850	0.0850	0.0850	1.01712711e+09
0.0850	0.0850	0.0950	5.45603826e+08
0.0850	0.0850	0.1050	6.24053448e+08
0.0850	0.0850	0.1150	7.89628425e+08
0.0850	0.0850	0.1250	1.08105570e+09
0.0850	0.0850	0.1350	9.59661222e+08
0.0850	0.0850	0.1450	8.15079154e+08
0.0850	0.0950	0.0950	4.83090841e+08
0.0850	0.0950	0.1050	6.12638898e+08
0.0850	0.0950	0.1150	6.12760523e+08
0.0850	0.0950	0.1250	5.92941367e+08
0.0850	0.0950	0.1350	4.72589281e+08
0.0850	0.0950	0.1450	6.36824771e+08
0.0850	0.1050	0.1050	5.89421960e+08
0.0850	0.1050	0.1150	5.27926453e+08
0.0850	0.1050	0.1250	6.40520139e+08
0.0850	0.1050	0.1350	5.23282259e+08
0.0850	0.1050	0.1450	6.26964543e+08
0.0850	0.1150	0.1150	4.91545898e+08
0.0850	0.1150	0.1250	4.72231063e+08
0.0850	0.1150	0.1350	6.26538747e+08
0.0850	0.1150	0.1450	4.87441784e+08
0.0850	0.1250	0.1250	5.29316131e+08
0.0850	0.1250	0.1350	4.39531548e+08
0.0850	0.1250	0.1450	4.84510087e+08
0.0850	0.1350	0.1350	4.62188893e+08
0.0850	0.1350	0.1450	5.63016042e+08
0.0850	0.1450	0.1450	4.31140597e+08
0.0950	0.0950	0.0950	7.41567936e+08
0.0950	0.0950	0.1050	9.02390271e+08
0.0950	0.0950	0.1150	4.51756930e+08
0.0950	0.0950	0.1250	4.43473215e+08
0.0950	0.0950	0.1350	6.59154728e+08
0.0950	0.0950	0.1450	4.98951750e+08
0.0950	0.1050	0.1050	4.67175490e+08
0.0950	0.1050	0.1150	5.22118587e+08
0.0950	0.1050	0.1250	5.60046667e+08
0.0950	0.1050	0.1350	4.89271545e+08
0.0950	0.1050	0.1450	5.97422137e+08
0.0950	0.1150	0.1150	4.57612498e+08
0.0950	0.1150	0.1250	5.10668184e+08
0.0950	0.1150	0.1350	3.86798047e+08
0.0950	0.1150	0.1450	5.05859344e+08
0.0950	0.1250	0.1250	3.93326056e+08
0.0950	0.1250	0.1350	5.11416320e+08
0.0950	0.1250	0.1450	3.97327716e+08
0.0950	0.1350	0.1350	4.22879842e+08
0.0950	0.1350	0.1450	3.60089539e+08
0.0950	0.1450	0.1450	4.83921732e+08
0.1050	0.1050	0.1050	5.27732454e+08
0.1050	0.1050	0.1150	5.38865881e+08
0.1050	0.1050	0.1250	3.11778187e+08
0.1050	0.1050	0.1350	5.27571139e+08
0.1050	0.1050	0.1450	3.29042251e+08
0.1050	0.1150	0.1150	3.90832840e+08
0.1050	0.1150	0.1250	4.92105982e+08
0.1050	0.1150	0.1350	5.75776603e+08
0.1050	0.1150	0.1450	3.94368159e+08
0.1050	0.1250	0.1250	4.39596887e+08
0.1050	0.1250	0.1350	3.48284998e+08
0.1050	0.1250	0.1450	3.62308947e+08
0.1050	0.1350	0.1350	4.18339149e+08
0.1050	0.1350	0.1450	3.66968660e+08
0.1050	0.1450	0.1450	3.86409409e+08
0.1150	0.1150	0.1150	4.75746062e+08
0.1150	0.1150	0.1250	4.81161293e+08
0.1150	0.1150	0.1350	3.61363129e+08
0.1150	0.1150	0.1450	3.91809205e+08
0.1150	0.1250	0.1250	2.96989814e+08
0.1150	0.1250	0.1350	3.72605525e+08
0.1150	0.1250	0.1450	4.36625715e+08
0.1150	0.1350	0.1350	4.44962438e+08
0.1150	0.1350	0.1450	3.37656351e+08
0.1150	0.1450	0.1450	4.27006807e+08
0.1250	0.1250	0.1250	6.50358998e+08
0.1250	0.1250	0.1350	3.21367741e+08
0.1250	0.1250	0.1450	3.63020667e+08
0.1250	0.1350	0.1350	4.42763621e+08
0.1250	0.1350	0.1450	3.05783991e+08
0.1250	0.1450	0.1450	3.34331704e+08
0.1350	0.1350	0.1350	1.44666355e+08
0.1350	0.1350	0.1450	3.50277975e+08
0.1350	0.1450	0.1450	3.08406444e+08
0.1450	0.1450	0.1450	1.59406157e+08
