####### Bispectrum of Patchy Simulation 629 #############
# Patch: sgc
# z-type: z1
# Weights: fkp
# Fiducial Omega_m: 0.310
# Fiducial h: 0.676
# Boxsize: [1000.0, 1900.0, 1100.0]
# Grid: [95, 180, 105]
# k-binning: [0.000, 0.160, 0.010]
# Monte Carlo Simulations: 100
#
# Format: k1 | k2 | k3 | B(k1,k2,k3)
############################################
0.0150	0.0150	0.0150	5.58852500e+10
0.0150	0.0150	0.0250	-2.96630860e+10
0.0150	0.0150	0.0350	-1.33735386e+10
0.0150	0.0250	0.0250	-9.85701798e+09
0.0150	0.0250	0.0350	3.92382658e+09
0.0150	0.0250	0.0450	-1.02045226e+10
0.0150	0.0350	0.0350	4.91325926e+09
0.0150	0.0350	0.0450	6.44775239e+09
0.0150	0.0350	0.0550	1.33059170e+10
0.0150	0.0450	0.0450	-1.29022111e+09
0.0150	0.0450	0.0550	8.35804657e+08
0.0150	0.0450	0.0650	2.55467015e+09
0.0150	0.0550	0.0550	-3.06704894e+09
0.0150	0.0550	0.0650	5.28677408e+09
0.0150	0.0550	0.0750	6.81830190e+09
0.0150	0.0650	0.0650	1.89147328e+09
0.0150	0.0650	0.0750	4.02305137e+09
0.0150	0.0650	0.0850	2.33459090e+09
0.0150	0.0750	0.0750	-1.27547249e+09
0.0150	0.0750	0.0850	3.30214038e+09
0.0150	0.0750	0.0950	2.45283343e+09
0.0150	0.0850	0.0850	3.92996482e+08
0.0150	0.0850	0.0950	-3.78166098e+08
0.0150	0.0850	0.1050	2.78176121e+09
0.0150	0.0950	0.0950	2.89446070e+09
0.0150	0.0950	0.1050	1.28487774e+09
0.0150	0.0950	0.1150	1.35607873e+09
0.0150	0.1050	0.1050	2.36528050e+09
0.0150	0.1050	0.1150	2.99910163e+08
0.0150	0.1050	0.1250	3.75917793e+09
0.0150	0.1150	0.1150	8.67691673e+08
0.0150	0.1150	0.1250	9.22100185e+08
0.0150	0.1150	0.1350	2.09395445e+09
0.0150	0.1250	0.1250	1.52895145e+09
0.0150	0.1250	0.1350	1.01547415e+09
0.0150	0.1250	0.1450	1.55244274e+09
0.0150	0.1350	0.1350	2.35731224e+08
0.0150	0.1350	0.1450	1.61263216e+09
0.0150	0.1450	0.1450	8.14697842e+08
0.0250	0.0250	0.0250	-1.86699543e+10
0.0250	0.0250	0.0350	3.59420723e+09
0.0250	0.0250	0.0450	1.15389190e+10
0.0250	0.0250	0.0550	6.20524207e+09
0.0250	0.0350	0.0350	8.58551766e+09
0.0250	0.0350	0.0450	2.36039073e+09
0.0250	0.0350	0.0550	6.59845392e+09
0.0250	0.0350	0.0650	1.02749595e+10
0.0250	0.0450	0.0450	3.24110877e+09
0.0250	0.0450	0.0550	2.79567587e+09
0.0250	0.0450	0.0650	7.06167760e+09
0.0250	0.0450	0.0750	4.51860720e+09
0.0250	0.0550	0.0550	5.37682094e+09
0.0250	0.0550	0.0650	8.93646472e+08
0.0250	0.0550	0.0750	6.61316547e+09
0.0250	0.0550	0.0850	1.07257509e+09
0.0250	0.0650	0.0650	2.04357980e+09
0.0250	0.0650	0.0750	3.14292341e+09
0.0250	0.0650	0.0850	1.52959449e+09
0.0250	0.0650	0.0950	8.56387103e+09
0.0250	0.0750	0.0750	2.11428762e+09
0.0250	0.0750	0.0850	2.91280667e+09
0.0250	0.0750	0.0950	2.19654504e+09
0.0250	0.0750	0.1050	4.45540342e+09
0.0250	0.0850	0.0850	-1.53858354e+08
0.0250	0.0850	0.0950	2.70807240e+09
0.0250	0.0850	0.1050	2.79238657e+09
0.0250	0.0850	0.1150	1.84822306e+09
0.0250	0.0950	0.0950	2.63649842e+09
0.0250	0.0950	0.1050	1.17605674e+09
0.0250	0.0950	0.1150	3.12712807e+09
0.0250	0.0950	0.1250	3.62787635e+09
0.0250	0.1050	0.1050	2.05144799e+09
0.0250	0.1050	0.1150	1.97914570e+09
0.0250	0.1050	0.1250	1.80658398e+09
0.0250	0.1050	0.1350	3.53996275e+09
0.0250	0.1150	0.1150	3.32155211e+08
0.0250	0.1150	0.1250	2.19289765e+09
0.0250	0.1150	0.1350	2.16315043e+09
0.0250	0.1150	0.1450	2.57601497e+09
0.0250	0.1250	0.1250	9.19113397e+08
0.0250	0.1250	0.1350	1.11707146e+09
0.0250	0.1250	0.1450	1.28562469e+09
0.0250	0.1350	0.1350	1.33864169e+09
0.0250	0.1350	0.1450	9.56740062e+08
0.0250	0.1450	0.1450	1.17573284e+09
0.0350	0.0350	0.0350	3.00864733e+08
0.0350	0.0350	0.0450	7.63287580e+09
0.0350	0.0350	0.0550	4.35058112e+09
0.0350	0.0350	0.0650	6.69466779e+09
0.0350	0.0350	0.0750	-4.44466035e+09
0.0350	0.0450	0.0450	-1.16677495e+09
0.0350	0.0450	0.0550	6.45025118e+09
0.0350	0.0450	0.0650	4.30384142e+09
0.0350	0.0450	0.0750	3.18015915e+09
0.0350	0.0450	0.0850	3.79965434e+09
0.0350	0.0550	0.0550	-2.29033646e+08
0.0350	0.0550	0.0650	2.49016925e+09
0.0350	0.0550	0.0750	1.40908861e+09
0.0350	0.0550	0.0850	4.65871482e+09
0.0350	0.0550	0.0950	5.06433510e+08
0.0350	0.0650	0.0650	1.81718680e+09
0.0350	0.0650	0.0750	4.84044209e+09
0.0350	0.0650	0.0850	1.90904697e+09
0.0350	0.0650	0.0950	3.92036270e+09
0.0350	0.0650	0.1050	2.36940121e+09
0.0350	0.0750	0.0750	2.39798242e+09
0.0350	0.0750	0.0850	1.80788096e+09
0.0350	0.0750	0.0950	2.25770557e+09
0.0350	0.0750	0.1050	4.37603764e+09
0.0350	0.0750	0.1150	4.54162281e+09
0.0350	0.0850	0.0850	1.42013072e+09
0.0350	0.0850	0.0950	1.68398258e+09
0.0350	0.0850	0.1050	2.06412964e+09
0.0350	0.0850	0.1150	1.58990642e+09
0.0350	0.0850	0.1250	2.80161570e+09
0.0350	0.0950	0.0950	9.68782344e+08
0.0350	0.0950	0.1050	1.28696152e+09
0.0350	0.0950	0.1150	1.60166757e+09
0.0350	0.0950	0.1250	1.94387056e+09
0.0350	0.0950	0.1350	2.49976785e+09
0.0350	0.1050	0.1050	2.00152423e+09
0.0350	0.1050	0.1150	1.19946686e+09
0.0350	0.1050	0.1250	1.68770757e+09
0.0350	0.1050	0.1350	1.35057426e+09
0.0350	0.1050	0.1450	1.65288456e+09
0.0350	0.1150	0.1150	1.98042641e+08
0.0350	0.1150	0.1250	1.28664430e+09
0.0350	0.1150	0.1350	1.70765267e+09
0.0350	0.1150	0.1450	1.92922883e+09
0.0350	0.1250	0.1250	1.16571888e+09
0.0350	0.1250	0.1350	1.24769802e+09
0.0350	0.1250	0.1450	1.16796369e+09
0.0350	0.1350	0.1350	6.11222358e+08
0.0350	0.1350	0.1450	8.36104683e+08
0.0350	0.1450	0.1450	5.36592389e+08
0.0450	0.0450	0.0450	3.79698724e+08
0.0450	0.0450	0.0550	2.12950818e+09
0.0450	0.0450	0.0650	1.21711839e+09
0.0450	0.0450	0.0750	3.60999056e+09
0.0450	0.0450	0.0850	1.91771906e+09
0.0450	0.0450	0.0950	5.48644216e+08
0.0450	0.0550	0.0550	4.24639857e+09
0.0450	0.0550	0.0650	3.59374237e+09
0.0450	0.0550	0.0750	2.00740649e+09
0.0450	0.0550	0.0850	2.63014052e+09
0.0450	0.0550	0.0950	3.57979324e+09
0.0450	0.0550	0.1050	1.96453319e+09
0.0450	0.0650	0.0650	3.97005231e+09
0.0450	0.0650	0.0750	1.25842928e+09
0.0450	0.0650	0.0850	5.80219811e+08
0.0450	0.0650	0.0950	9.14198550e+08
0.0450	0.0650	0.1050	1.99825478e+09
0.0450	0.0650	0.1150	2.07753691e+09
0.0450	0.0750	0.0750	1.42832036e+09
0.0450	0.0750	0.0850	7.67074123e+08
0.0450	0.0750	0.0950	9.98295874e+08
0.0450	0.0750	0.1050	1.29071848e+09
0.0450	0.0750	0.1150	2.51345701e+09
0.0450	0.0750	0.1250	2.00250070e+09
0.0450	0.0850	0.0850	4.96265006e+08
0.0450	0.0850	0.0950	1.08412276e+09
0.0450	0.0850	0.1050	8.61047497e+08
0.0450	0.0850	0.1150	1.93455716e+09
0.0450	0.0850	0.1250	1.36973135e+09
0.0450	0.0850	0.1350	4.28470341e+08
0.0450	0.0950	0.0950	2.08768638e+09
0.0450	0.0950	0.1050	1.38761698e+09
0.0450	0.0950	0.1150	1.08125187e+09
0.0450	0.0950	0.1250	1.34692604e+09
0.0450	0.0950	0.1350	1.76288711e+09
0.0450	0.0950	0.1450	7.94041506e+08
0.0450	0.1050	0.1050	9.41476073e+08
0.0450	0.1050	0.1150	5.26416502e+08
0.0450	0.1050	0.1250	1.18507438e+09
0.0450	0.1050	0.1350	9.46342562e+08
0.0450	0.1050	0.1450	1.69711799e+09
0.0450	0.1150	0.1150	1.66744692e+09
0.0450	0.1150	0.1250	9.96383374e+08
0.0450	0.1150	0.1350	9.75667654e+08
0.0450	0.1150	0.1450	5.72318027e+08
0.0450	0.1250	0.1250	8.29846524e+08
0.0450	0.1250	0.1350	1.06812514e+09
0.0450	0.1250	0.1450	6.34217381e+08
0.0450	0.1350	0.1350	6.67203028e+08
0.0450	0.1350	0.1450	7.92994536e+08
0.0450	0.1450	0.1450	5.91011026e+08
0.0550	0.0550	0.0550	2.84722204e+09
0.0550	0.0550	0.0650	2.62619230e+08
0.0550	0.0550	0.0750	2.33072524e+09
0.0550	0.0550	0.0850	2.32458300e+09
0.0550	0.0550	0.0950	7.95166765e+08
0.0550	0.0550	0.1050	2.43795287e+09
0.0550	0.0550	0.1150	7.90999868e+08
0.0550	0.0650	0.0650	2.90043956e+09
0.0550	0.0650	0.0750	7.48261064e+08
0.0550	0.0650	0.0850	1.20851145e+09
0.0550	0.0650	0.0950	1.31944142e+09
0.0550	0.0650	0.1050	1.88870257e+09
0.0550	0.0650	0.1150	3.47411688e+09
0.0550	0.0650	0.1250	4.66462391e+08
0.0550	0.0750	0.0750	1.71202788e+09
0.0550	0.0750	0.0850	2.02130082e+09
0.0550	0.0750	0.0950	1.17604672e+09
0.0550	0.0750	0.1050	2.00192734e+09
0.0550	0.0750	0.1150	1.04403118e+09
0.0550	0.0750	0.1250	2.52646689e+09
0.0550	0.0750	0.1350	6.29745577e+08
0.0550	0.0850	0.0850	2.80828976e+08
0.0550	0.0850	0.0950	6.81639647e+08
0.0550	0.0850	0.1050	1.27325085e+09
0.0550	0.0850	0.1150	1.17721454e+09
0.0550	0.0850	0.1250	1.32637567e+09
0.0550	0.0850	0.1350	1.64161642e+09
0.0550	0.0850	0.1450	5.35623657e+08
0.0550	0.0950	0.0950	8.13761656e+08
0.0550	0.0950	0.1050	1.13183570e+09
0.0550	0.0950	0.1150	2.85850897e+08
0.0550	0.0950	0.1250	1.08207964e+09
0.0550	0.0950	0.1350	9.89391960e+08
0.0550	0.0950	0.1450	1.04546293e+09
0.0550	0.1050	0.1050	1.54421340e+09
0.0550	0.1050	0.1150	1.00943469e+09
0.0550	0.1050	0.1250	9.33486416e+08
0.0550	0.1050	0.1350	9.52708792e+08
0.0550	0.1050	0.1450	7.50475621e+08
0.0550	0.1150	0.1150	4.83678607e+08
0.0550	0.1150	0.1250	1.00884024e+09
0.0550	0.1150	0.1350	5.69336650e+08
0.0550	0.1150	0.1450	7.46727400e+08
0.0550	0.1250	0.1250	1.32903841e+08
0.0550	0.1250	0.1350	8.11530102e+08
0.0550	0.1250	0.1450	5.87713427e+08
0.0550	0.1350	0.1350	9.86171289e+08
0.0550	0.1350	0.1450	5.89891837e+08
0.0550	0.1450	0.1450	7.40385360e+08
0.0650	0.0650	0.0650	1.23899845e+09
0.0650	0.0650	0.0750	1.28903074e+09
0.0650	0.0650	0.0850	4.80062534e+08
0.0650	0.0650	0.0950	1.97321283e+09
0.0650	0.0650	0.1050	2.54421190e+09
0.0650	0.0650	0.1150	1.01421089e+09
0.0650	0.0650	0.1250	2.32072515e+09
0.0650	0.0650	0.1350	1.76915509e+08
0.0650	0.0750	0.0750	1.05919663e+09
0.0650	0.0750	0.0850	1.54530999e+09
0.0650	0.0750	0.0950	1.29225779e+09
0.0650	0.0750	0.1050	1.26396709e+09
0.0650	0.0750	0.1150	1.38181003e+09
0.0650	0.0750	0.1250	1.79850865e+09
0.0650	0.0750	0.1350	1.37464130e+09
0.0650	0.0750	0.1450	2.71237204e+09
0.0650	0.0850	0.0850	1.68825772e+09
0.0650	0.0850	0.0950	1.00148910e+09
0.0650	0.0850	0.1050	5.13437454e+08
0.0650	0.0850	0.1150	1.13183145e+09
0.0650	0.0850	0.1250	7.05155091e+08
0.0650	0.0850	0.1350	1.31943412e+09
0.0650	0.0850	0.1450	1.77420656e+09
0.0650	0.0950	0.0950	1.07559780e+09
0.0650	0.0950	0.1050	6.64582769e+08
0.0650	0.0950	0.1150	8.87087700e+08
0.0650	0.0950	0.1250	7.03846438e+08
0.0650	0.0950	0.1350	1.13778366e+09
0.0650	0.0950	0.1450	8.62610935e+08
0.0650	0.1050	0.1050	1.46861915e+08
0.0650	0.1050	0.1150	1.04920806e+09
0.0650	0.1050	0.1250	4.38120236e+08
0.0650	0.1050	0.1350	7.87686313e+08
0.0650	0.1050	0.1450	5.41829881e+08
0.0650	0.1150	0.1150	1.06453991e+09
0.0650	0.1150	0.1250	5.10596013e+08
0.0650	0.1150	0.1350	4.64720426e+08
0.0650	0.1150	0.1450	8.59665239e+08
0.0650	0.1250	0.1250	6.42712783e+08
0.0650	0.1250	0.1350	7.53371999e+08
0.0650	0.1250	0.1450	8.93102660e+08
0.0650	0.1350	0.1350	4.53532312e+08
0.0650	0.1350	0.1450	5.22846101e+08
0.0650	0.1450	0.1450	7.25266268e+08
0.0750	0.0750	0.0750	2.71670914e+09
0.0750	0.0750	0.0850	8.30972100e+08
0.0750	0.0750	0.0950	4.20322960e+08
0.0750	0.0750	0.1050	4.00715908e+08
0.0750	0.0750	0.1150	1.26865522e+09
0.0750	0.0750	0.1250	5.44490633e+08
0.0750	0.0750	0.1350	1.32935081e+09
0.0750	0.0750	0.1450	1.35019922e+09
0.0750	0.0850	0.0850	9.57812555e+08
0.0750	0.0850	0.0950	8.28354181e+08
0.0750	0.0850	0.1050	6.86281463e+08
0.0750	0.0850	0.1150	1.26462088e+09
0.0750	0.0850	0.1250	5.38416349e+08
0.0750	0.0850	0.1350	5.21126159e+08
0.0750	0.0850	0.1450	4.48458187e+08
0.0750	0.0950	0.0950	8.71006970e+08
0.0750	0.0950	0.1050	5.93446442e+08
0.0750	0.0950	0.1150	1.25881529e+09
0.0750	0.0950	0.1250	8.47107560e+08
0.0750	0.0950	0.1350	6.55653768e+08
0.0750	0.0950	0.1450	8.55688577e+08
0.0750	0.1050	0.1050	8.43147834e+08
0.0750	0.1050	0.1150	8.92265868e+08
0.0750	0.1050	0.1250	4.03099416e+08
0.0750	0.1050	0.1350	5.01171743e+08
0.0750	0.1050	0.1450	7.18597462e+08
0.0750	0.1150	0.1150	4.64757723e+08
0.0750	0.1150	0.1250	6.54031112e+08
0.0750	0.1150	0.1350	8.27990249e+08
0.0750	0.1150	0.1450	9.73894307e+08
0.0750	0.1250	0.1250	1.04291379e+09
0.0750	0.1250	0.1350	3.14155051e+08
0.0750	0.1250	0.1450	6.30620772e+08
0.0750	0.1350	0.1350	6.30849671e+08
0.0750	0.1350	0.1450	4.40541522e+08
0.0750	0.1450	0.1450	4.03197846e+08
0.0850	0.0850	0.0850	6.86651035e+08
0.0850	0.0850	0.0950	1.05369492e+09
0.0850	0.0850	0.1050	2.56976234e+08
0.0850	0.0850	0.1150	6.74865860e+08
0.0850	0.0850	0.1250	7.47750406e+08
0.0850	0.0850	0.1350	7.89549831e+08
0.0850	0.0850	0.1450	6.87418960e+08
0.0850	0.0950	0.0950	8.29889889e+08
0.0850	0.0950	0.1050	5.97283470e+08
0.0850	0.0950	0.1150	5.79937474e+08
0.0850	0.0950	0.1250	6.97321419e+08
0.0850	0.0950	0.1350	7.48862157e+08
0.0850	0.0950	0.1450	6.51225166e+08
0.0850	0.1050	0.1050	5.13768625e+08
0.0850	0.1050	0.1150	4.74593068e+08
0.0850	0.1050	0.1250	4.97708478e+08
0.0850	0.1050	0.1350	3.30680417e+08
0.0850	0.1050	0.1450	6.29200562e+08
0.0850	0.1150	0.1150	4.59904847e+08
0.0850	0.1150	0.1250	5.40158169e+08
0.0850	0.1150	0.1350	2.31753129e+08
0.0850	0.1150	0.1450	2.94901798e+08
0.0850	0.1250	0.1250	8.06065158e+08
0.0850	0.1250	0.1350	5.22704233e+08
0.0850	0.1250	0.1450	5.53895753e+08
0.0850	0.1350	0.1350	5.83351004e+08
0.0850	0.1350	0.1450	4.81385355e+08
0.0850	0.1450	0.1450	5.81279525e+08
0.0950	0.0950	0.0950	2.69461187e+08
0.0950	0.0950	0.1050	2.36092458e+08
0.0950	0.0950	0.1150	4.72585539e+08
0.0950	0.0950	0.1250	2.72778828e+08
0.0950	0.0950	0.1350	5.11283125e+08
0.0950	0.0950	0.1450	1.94136351e+08
0.0950	0.1050	0.1050	4.57294379e+08
0.0950	0.1050	0.1150	5.09788897e+08
0.0950	0.1050	0.1250	4.28982362e+08
0.0950	0.1050	0.1350	2.39169081e+08
0.0950	0.1050	0.1450	7.24034354e+08
0.0950	0.1150	0.1150	5.39538047e+08
0.0950	0.1150	0.1250	4.98715792e+08
0.0950	0.1150	0.1350	6.11877068e+08
0.0950	0.1150	0.1450	4.60226509e+08
0.0950	0.1250	0.1250	3.59940683e+08
0.0950	0.1250	0.1350	3.84878357e+08
0.0950	0.1250	0.1450	2.41880722e+08
0.0950	0.1350	0.1350	4.90445458e+08
0.0950	0.1350	0.1450	2.76042823e+08
0.0950	0.1450	0.1450	1.24639504e+08
0.1050	0.1050	0.1050	8.25444983e+08
0.1050	0.1050	0.1150	1.89704650e+08
0.1050	0.1050	0.1250	4.58303492e+08
0.1050	0.1050	0.1350	4.29475979e+08
0.1050	0.1050	0.1450	2.59125107e+08
0.1050	0.1150	0.1150	5.73519517e+08
0.1050	0.1150	0.1250	3.52124153e+08
0.1050	0.1150	0.1350	3.16714790e+08
0.1050	0.1150	0.1450	4.26635709e+08
0.1050	0.1250	0.1250	3.76043302e+08
0.1050	0.1250	0.1350	4.70269530e+08
0.1050	0.1250	0.1450	2.73533542e+08
0.1050	0.1350	0.1350	1.60346631e+08
0.1050	0.1350	0.1450	5.83052779e+08
0.1050	0.1450	0.1450	1.49058463e+08
0.1150	0.1150	0.1150	4.21160434e+08
0.1150	0.1150	0.1250	5.73038444e+08
0.1150	0.1150	0.1350	4.87939003e+08
0.1150	0.1150	0.1450	4.81613867e+08
0.1150	0.1250	0.1250	5.40040041e+08
0.1150	0.1250	0.1350	4.11950470e+08
0.1150	0.1250	0.1450	3.48322098e+08
0.1150	0.1350	0.1350	4.14458436e+08
0.1150	0.1350	0.1450	3.66692553e+08
0.1150	0.1450	0.1450	4.09320133e+08
0.1250	0.1250	0.1250	1.80130705e+08
0.1250	0.1250	0.1350	3.66998034e+08
0.1250	0.1250	0.1450	2.45950254e+08
0.1250	0.1350	0.1350	1.46353387e+08
0.1250	0.1350	0.1450	3.30964648e+08
0.1250	0.1450	0.1450	1.08451751e+08
0.1350	0.1350	0.1350	4.52965754e+08
0.1350	0.1350	0.1450	2.18660960e+08
0.1350	0.1450	0.1450	2.90702564e+08
0.1450	0.1450	0.1450	-4.22175054e+07
