####### Bispectrum of Patchy Simulation 811 #############
# Patch: ngc
# z-type: z1
# Weights: fkp
# Fiducial Omega_m: 0.310
# Fiducial h: 0.676
# Boxsize: [1350.0, 2450.0, 1400.0]
# Grid: [126, 230, 130]
# k-binning: [0.000, 0.160, 0.010]
# Monte Carlo Simulations: 100
#
# Format: k1 | k2 | k3 | B(k1,k2,k3)
############################################
0.0150	0.0150	0.0150	1.83821893e+10
0.0150	0.0150	0.0250	1.34009084e+10
0.0150	0.0150	0.0350	-8.20894133e+09
0.0150	0.0250	0.0250	2.04177686e+10
0.0150	0.0250	0.0350	2.36450186e+09
0.0150	0.0250	0.0450	1.35958968e+10
0.0150	0.0350	0.0350	1.07043104e+10
0.0150	0.0350	0.0450	3.82329288e+09
0.0150	0.0350	0.0550	6.07612740e+09
0.0150	0.0450	0.0450	8.15153551e+09
0.0150	0.0450	0.0550	6.39309487e+09
0.0150	0.0450	0.0650	1.66382671e+09
0.0150	0.0550	0.0550	5.25483197e+08
0.0150	0.0550	0.0650	4.61161865e+09
0.0150	0.0550	0.0750	4.25390398e+09
0.0150	0.0650	0.0650	1.95863580e+09
0.0150	0.0650	0.0750	2.52127934e+09
0.0150	0.0650	0.0850	5.25398247e+09
0.0150	0.0750	0.0750	1.84902806e+09
0.0150	0.0750	0.0850	3.92612529e+09
0.0150	0.0750	0.0950	2.83355153e+09
0.0150	0.0850	0.0850	2.79018542e+09
0.0150	0.0850	0.0950	3.72440463e+09
0.0150	0.0850	0.1050	-5.37984906e+08
0.0150	0.0950	0.0950	4.96211466e+08
0.0150	0.0950	0.1050	2.63388172e+09
0.0150	0.0950	0.1150	2.92244752e+09
0.0150	0.1050	0.1050	1.69470384e+09
0.0150	0.1050	0.1150	2.14796104e+09
0.0150	0.1050	0.1250	1.75820492e+09
0.0150	0.1150	0.1150	2.36301193e+08
0.0150	0.1150	0.1250	2.23540567e+09
0.0150	0.1150	0.1350	1.37540294e+09
0.0150	0.1250	0.1250	9.53248763e+08
0.0150	0.1250	0.1350	1.04833708e+09
0.0150	0.1250	0.1450	2.58044603e+09
0.0150	0.1350	0.1350	4.32270183e+08
0.0150	0.1350	0.1450	1.26808578e+09
0.0150	0.1450	0.1450	7.28501020e+08
0.0250	0.0250	0.0250	-1.24915796e+10
0.0250	0.0250	0.0350	9.81125420e+09
0.0250	0.0250	0.0450	5.91739194e+09
0.0250	0.0250	0.0550	1.97424700e+10
0.0250	0.0350	0.0350	8.13270153e+09
0.0250	0.0350	0.0450	4.57621812e+09
0.0250	0.0350	0.0550	5.86683481e+09
0.0250	0.0350	0.0650	9.14970838e+09
0.0250	0.0450	0.0450	2.52601202e+09
0.0250	0.0450	0.0550	2.64355326e+09
0.0250	0.0450	0.0650	3.53241734e+09
0.0250	0.0450	0.0750	6.18809300e+09
0.0250	0.0550	0.0550	4.18972758e+09
0.0250	0.0550	0.0650	2.48969688e+09
0.0250	0.0550	0.0750	6.80017680e+09
0.0250	0.0550	0.0850	5.68795454e+09
0.0250	0.0650	0.0650	3.84392708e+09
0.0250	0.0650	0.0750	3.79175628e+09
0.0250	0.0650	0.0850	3.22930119e+09
0.0250	0.0650	0.0950	5.54563549e+09
0.0250	0.0750	0.0750	1.27063338e+09
0.0250	0.0750	0.0850	2.36726864e+09
0.0250	0.0750	0.0950	3.47612668e+09
0.0250	0.0750	0.1050	3.68838245e+09
0.0250	0.0850	0.0850	1.89451986e+09
0.0250	0.0850	0.0950	1.28418330e+09
0.0250	0.0850	0.1050	2.81091869e+09
0.0250	0.0850	0.1150	3.30213162e+09
0.0250	0.0950	0.0950	1.82222876e+09
0.0250	0.0950	0.1050	1.57630010e+09
0.0250	0.0950	0.1150	2.26868762e+09
0.0250	0.0950	0.1250	1.63443094e+09
0.0250	0.1050	0.1050	1.21292117e+09
0.0250	0.1050	0.1150	1.36744867e+09
0.0250	0.1050	0.1250	2.19877698e+09
0.0250	0.1050	0.1350	2.26239896e+09
0.0250	0.1150	0.1150	1.41789632e+09
0.0250	0.1150	0.1250	1.31802202e+09
0.0250	0.1150	0.1350	2.20178388e+09
0.0250	0.1150	0.1450	2.54558593e+09
0.0250	0.1250	0.1250	1.72483180e+09
0.0250	0.1250	0.1350	1.38457418e+09
0.0250	0.1250	0.1450	1.73424913e+09
0.0250	0.1350	0.1350	1.57219484e+09
0.0250	0.1350	0.1450	6.87067267e+08
0.0250	0.1450	0.1450	1.37616999e+09
0.0350	0.0350	0.0350	-2.78862723e+09
0.0350	0.0350	0.0450	4.94598621e+09
0.0350	0.0350	0.0550	4.23349244e+09
0.0350	0.0350	0.0650	6.09659071e+09
0.0350	0.0350	0.0750	6.85519968e+09
0.0350	0.0450	0.0450	1.32423131e+09
0.0350	0.0450	0.0550	3.26923923e+09
0.0350	0.0450	0.0650	2.40239407e+09
0.0350	0.0450	0.0750	3.65174770e+09
0.0350	0.0450	0.0850	4.60887192e+09
0.0350	0.0550	0.0550	2.14710207e+09
0.0350	0.0550	0.0650	2.78012850e+09
0.0350	0.0550	0.0750	3.57827318e+09
0.0350	0.0550	0.0850	4.40041671e+09
0.0350	0.0550	0.0950	3.42182804e+09
0.0350	0.0650	0.0650	2.58410415e+09
0.0350	0.0650	0.0750	2.32445754e+09
0.0350	0.0650	0.0850	1.67284829e+09
0.0350	0.0650	0.0950	3.39210905e+09
0.0350	0.0650	0.1050	3.39078745e+09
0.0350	0.0750	0.0750	1.64317393e+09
0.0350	0.0750	0.0850	1.92171875e+09
0.0350	0.0750	0.0950	2.31304205e+09
0.0350	0.0750	0.1050	2.24297385e+09
0.0350	0.0750	0.1150	2.66809102e+09
0.0350	0.0850	0.0850	1.31129538e+09
0.0350	0.0850	0.0950	1.93255301e+09
0.0350	0.0850	0.1050	1.89295897e+09
0.0350	0.0850	0.1150	2.44233343e+09
0.0350	0.0850	0.1250	2.11632355e+09
0.0350	0.0950	0.0950	8.02475355e+08
0.0350	0.0950	0.1050	8.90962692e+08
0.0350	0.0950	0.1150	1.85625459e+09
0.0350	0.0950	0.1250	2.03392194e+09
0.0350	0.0950	0.1350	2.51733430e+09
0.0350	0.1050	0.1050	1.09000738e+09
0.0350	0.1050	0.1150	4.56311144e+08
0.0350	0.1050	0.1250	1.03923040e+09
0.0350	0.1050	0.1350	1.46379601e+09
0.0350	0.1050	0.1450	1.82136834e+09
0.0350	0.1150	0.1150	1.31229977e+09
0.0350	0.1150	0.1250	9.07291253e+08
0.0350	0.1150	0.1350	1.76866198e+09
0.0350	0.1150	0.1450	1.45457519e+09
0.0350	0.1250	0.1250	1.31802089e+09
0.0350	0.1250	0.1350	9.30634125e+08
0.0350	0.1250	0.1450	1.10743675e+09
0.0350	0.1350	0.1350	1.06269521e+09
0.0350	0.1350	0.1450	1.02774645e+09
0.0350	0.1450	0.1450	8.56468419e+08
0.0450	0.0450	0.0450	2.54002512e+09
0.0450	0.0450	0.0550	1.95601665e+09
0.0450	0.0450	0.0650	1.34583303e+09
0.0450	0.0450	0.0750	2.16684938e+09
0.0450	0.0450	0.0850	1.52331847e+09
0.0450	0.0450	0.0950	3.84605498e+09
0.0450	0.0550	0.0550	3.43858320e+09
0.0450	0.0550	0.0650	2.43552579e+09
0.0450	0.0550	0.0750	8.91327390e+08
0.0450	0.0550	0.0850	1.97152537e+09
0.0450	0.0550	0.0950	2.32792207e+09
0.0450	0.0550	0.1050	2.94694005e+09
0.0450	0.0650	0.0650	1.51517633e+09
0.0450	0.0650	0.0750	1.50305603e+09
0.0450	0.0650	0.0850	2.13201092e+09
0.0450	0.0650	0.0950	1.11279745e+09
0.0450	0.0650	0.1050	2.19928238e+09
0.0450	0.0650	0.1150	2.90716455e+09
0.0450	0.0750	0.0750	1.19152909e+09
0.0450	0.0750	0.0850	9.52298868e+08
0.0450	0.0750	0.0950	1.35502592e+09
0.0450	0.0750	0.1050	1.42631756e+09
0.0450	0.0750	0.1150	1.99678051e+09
0.0450	0.0750	0.1250	2.69232056e+09
0.0450	0.0850	0.0850	1.06578674e+09
0.0450	0.0850	0.0950	7.87256039e+08
0.0450	0.0850	0.1050	9.87999114e+08
0.0450	0.0850	0.1150	1.39489678e+09
0.0450	0.0850	0.1250	2.00831073e+09
0.0450	0.0850	0.1350	1.50971986e+09
0.0450	0.0950	0.0950	7.72554267e+08
0.0450	0.0950	0.1050	9.91823949e+08
0.0450	0.0950	0.1150	8.27734884e+08
0.0450	0.0950	0.1250	1.05846375e+09
0.0450	0.0950	0.1350	1.42436839e+09
0.0450	0.0950	0.1450	1.82769546e+09
0.0450	0.1050	0.1050	7.95192627e+08
0.0450	0.1050	0.1150	8.86124981e+08
0.0450	0.1050	0.1250	6.86617429e+08
0.0450	0.1050	0.1350	1.01793789e+09
0.0450	0.1050	0.1450	9.81086084e+08
0.0450	0.1150	0.1150	7.15109536e+08
0.0450	0.1150	0.1250	6.24017743e+08
0.0450	0.1150	0.1350	8.42172619e+08
0.0450	0.1150	0.1450	7.10623666e+08
0.0450	0.1250	0.1250	7.18096164e+08
0.0450	0.1250	0.1350	5.66548810e+08
0.0450	0.1250	0.1450	8.32825441e+08
0.0450	0.1350	0.1350	4.59421082e+08
0.0450	0.1350	0.1450	6.61394930e+08
0.0450	0.1450	0.1450	5.14803913e+08
0.0550	0.0550	0.0550	-1.74771712e+08
0.0550	0.0550	0.0650	1.47874913e+09
0.0550	0.0550	0.0750	1.68904581e+09
0.0550	0.0550	0.0850	1.03554297e+09
0.0550	0.0550	0.0950	2.54469371e+09
0.0550	0.0550	0.1050	1.73081425e+09
0.0550	0.0550	0.1150	3.00345559e+09
0.0550	0.0650	0.0650	2.53063333e+09
0.0550	0.0650	0.0750	1.62060294e+09
0.0550	0.0650	0.0850	1.77317192e+09
0.0550	0.0650	0.0950	1.65319535e+09
0.0550	0.0650	0.1050	1.84708360e+09
0.0550	0.0650	0.1150	2.28644449e+09
0.0550	0.0650	0.1250	2.16939555e+09
0.0550	0.0750	0.0750	6.85802925e+08
0.0550	0.0750	0.0850	1.08408648e+09
0.0550	0.0750	0.0950	1.00322543e+09
0.0550	0.0750	0.1050	1.44630568e+09
0.0550	0.0750	0.1150	1.73257102e+09
0.0550	0.0750	0.1250	2.16760057e+09
0.0550	0.0750	0.1350	1.23546484e+09
0.0550	0.0850	0.0850	1.34594659e+09
0.0550	0.0850	0.0950	8.41747714e+08
0.0550	0.0850	0.1050	1.11544261e+09
0.0550	0.0850	0.1150	1.04350211e+09
0.0550	0.0850	0.1250	1.05036924e+09
0.0550	0.0850	0.1350	1.61265909e+09
0.0550	0.0850	0.1450	1.91814297e+09
0.0550	0.0950	0.0950	8.34258313e+08
0.0550	0.0950	0.1050	1.03373606e+09
0.0550	0.0950	0.1150	9.08482617e+08
0.0550	0.0950	0.1250	9.17371936e+08
0.0550	0.0950	0.1350	1.00570909e+09
0.0550	0.0950	0.1450	1.17813202e+09
0.0550	0.1050	0.1050	6.56748067e+08
0.0550	0.1050	0.1150	8.72635086e+08
0.0550	0.1050	0.1250	8.52457474e+08
0.0550	0.1050	0.1350	7.80986112e+08
0.0550	0.1050	0.1450	9.12212839e+08
0.0550	0.1150	0.1150	5.48526760e+08
0.0550	0.1150	0.1250	6.97992127e+08
0.0550	0.1150	0.1350	7.44250172e+08
0.0550	0.1150	0.1450	8.22011483e+08
0.0550	0.1250	0.1250	6.23713145e+08
0.0550	0.1250	0.1350	6.90373952e+08
0.0550	0.1250	0.1450	6.15388671e+08
0.0550	0.1350	0.1350	6.09852536e+08
0.0550	0.1350	0.1450	6.75225077e+08
0.0550	0.1450	0.1450	5.22763747e+08
0.0650	0.0650	0.0650	1.31068527e+09
0.0650	0.0650	0.0750	1.48225033e+09
0.0650	0.0650	0.0850	9.22467573e+08
0.0650	0.0650	0.0950	1.23103721e+09
0.0650	0.0650	0.1050	1.27842618e+09
0.0650	0.0650	0.1150	1.65316885e+09
0.0650	0.0650	0.1250	1.26719275e+09
0.0650	0.0650	0.1350	2.83962095e+09
0.0650	0.0750	0.0750	8.32322665e+08
0.0650	0.0750	0.0850	1.04857856e+09
0.0650	0.0750	0.0950	9.82917826e+08
0.0650	0.0750	0.1050	1.18430197e+09
0.0650	0.0750	0.1150	8.79739958e+08
0.0650	0.0750	0.1250	1.37851708e+09
0.0650	0.0750	0.1350	1.44787398e+09
0.0650	0.0750	0.1450	1.42785364e+09
0.0650	0.0850	0.0850	8.31990562e+08
0.0650	0.0850	0.0950	1.00527150e+09
0.0650	0.0850	0.1050	7.84666497e+08
0.0650	0.0850	0.1150	9.88804703e+08
0.0650	0.0850	0.1250	9.81430822e+08
0.0650	0.0850	0.1350	1.39370522e+09
0.0650	0.0850	0.1450	1.25542017e+09
0.0650	0.0950	0.0950	8.74765001e+08
0.0650	0.0950	0.1050	5.10793969e+08
0.0650	0.0950	0.1150	6.74765258e+08
0.0650	0.0950	0.1250	6.14523924e+08
0.0650	0.0950	0.1350	6.70825562e+08
0.0650	0.0950	0.1450	9.61788111e+08
0.0650	0.1050	0.1050	3.09982537e+08
0.0650	0.1050	0.1150	7.14390337e+08
0.0650	0.1050	0.1250	7.60201821e+08
0.0650	0.1050	0.1350	6.07246060e+08
0.0650	0.1050	0.1450	7.80077192e+08
0.0650	0.1150	0.1150	7.03187028e+08
0.0650	0.1150	0.1250	7.64178132e+08
0.0650	0.1150	0.1350	5.54015016e+08
0.0650	0.1150	0.1450	6.95927135e+08
0.0650	0.1250	0.1250	5.55907145e+08
0.0650	0.1250	0.1350	6.46256373e+08
0.0650	0.1250	0.1450	5.22173454e+08
0.0650	0.1350	0.1350	6.11031135e+08
0.0650	0.1350	0.1450	6.05670758e+08
0.0650	0.1450	0.1450	4.16226023e+08
0.0750	0.0750	0.0750	6.17134555e+08
0.0750	0.0750	0.0850	7.02813570e+08
0.0750	0.0750	0.0950	8.29718430e+08
0.0750	0.0750	0.1050	9.16138691e+08
0.0750	0.0750	0.1150	9.13595476e+08
0.0750	0.0750	0.1250	1.25710480e+09
0.0750	0.0750	0.1350	1.66236091e+09
0.0750	0.0750	0.1450	1.58918560e+09
0.0750	0.0850	0.0850	8.87708349e+08
0.0750	0.0850	0.0950	8.36809011e+08
0.0750	0.0850	0.1050	7.65222275e+08
0.0750	0.0850	0.1150	8.40341526e+08
0.0750	0.0850	0.1250	9.92426732e+08
0.0750	0.0850	0.1350	9.49545431e+08
0.0750	0.0850	0.1450	8.60705881e+08
0.0750	0.0950	0.0950	8.23491769e+08
0.0750	0.0950	0.1050	4.61256225e+08
0.0750	0.0950	0.1150	6.15406644e+08
0.0750	0.0950	0.1250	4.91336259e+08
0.0750	0.0950	0.1350	6.66286552e+08
0.0750	0.0950	0.1450	6.83497832e+08
0.0750	0.1050	0.1050	4.26416669e+08
0.0750	0.1050	0.1150	5.12838982e+08
0.0750	0.1050	0.1250	5.94455932e+08
0.0750	0.1050	0.1350	7.63983660e+08
0.0750	0.1050	0.1450	6.38272033e+08
0.0750	0.1150	0.1150	3.41430794e+08
0.0750	0.1150	0.1250	6.52967434e+08
0.0750	0.1150	0.1350	4.29025005e+08
0.0750	0.1150	0.1450	5.64950130e+08
0.0750	0.1250	0.1250	3.60176683e+08
0.0750	0.1250	0.1350	3.68515654e+08
0.0750	0.1250	0.1450	4.89571520e+08
0.0750	0.1350	0.1350	5.23618675e+08
0.0750	0.1350	0.1450	4.11123439e+08
0.0750	0.1450	0.1450	4.30157485e+08
0.0850	0.0850	0.0850	7.93152074e+08
0.0850	0.0850	0.0950	8.66911945e+08
0.0850	0.0850	0.1050	4.77190990e+08
0.0850	0.0850	0.1150	5.45587172e+08
0.0850	0.0850	0.1250	5.06582767e+08
0.0850	0.0850	0.1350	8.80536053e+08
0.0850	0.0850	0.1450	6.11285527e+08
0.0850	0.0950	0.0950	5.78315470e+08
0.0850	0.0950	0.1050	5.73372050e+08
0.0850	0.0950	0.1150	5.95947163e+08
0.0850	0.0950	0.1250	5.94703821e+08
0.0850	0.0950	0.1350	4.48569208e+08
0.0850	0.0950	0.1450	6.17067195e+08
0.0850	0.1050	0.1050	5.43556974e+08
0.0850	0.1050	0.1150	4.28678673e+08
0.0850	0.1050	0.1250	4.30944395e+08
0.0850	0.1050	0.1350	4.87090862e+08
0.0850	0.1050	0.1450	4.53749216e+08
0.0850	0.1150	0.1150	4.18529124e+08
0.0850	0.1150	0.1250	4.60494087e+08
0.0850	0.1150	0.1350	5.27029102e+08
0.0850	0.1150	0.1450	4.12223283e+08
0.0850	0.1250	0.1250	3.68989488e+08
0.0850	0.1250	0.1350	3.99558108e+08
0.0850	0.1250	0.1450	4.60332676e+08
0.0850	0.1350	0.1350	4.35162602e+08
0.0850	0.1350	0.1450	4.35466997e+08
0.0850	0.1450	0.1450	3.36551312e+08
0.0950	0.0950	0.0950	2.70576204e+08
0.0950	0.0950	0.1050	5.82455425e+08
0.0950	0.0950	0.1150	1.98315417e+08
0.0950	0.0950	0.1250	3.85945008e+08
0.0950	0.0950	0.1350	5.83032137e+08
0.0950	0.0950	0.1450	4.37393988e+08
0.0950	0.1050	0.1050	2.30263502e+08
0.0950	0.1050	0.1150	5.36642272e+08
0.0950	0.1050	0.1250	4.43431230e+08
0.0950	0.1050	0.1350	3.01490382e+08
0.0950	0.1050	0.1450	3.88426245e+08
0.0950	0.1150	0.1150	5.14265484e+08
0.0950	0.1150	0.1250	4.88484324e+08
0.0950	0.1150	0.1350	3.80825503e+08
0.0950	0.1150	0.1450	2.97132286e+08
0.0950	0.1250	0.1250	2.85751314e+08
0.0950	0.1250	0.1350	3.28001991e+08
0.0950	0.1250	0.1450	3.28664945e+08
0.0950	0.1350	0.1350	4.32198824e+08
0.0950	0.1350	0.1450	2.79030265e+08
0.0950	0.1450	0.1450	4.68524160e+08
0.1050	0.1050	0.1050	4.49359189e+08
0.1050	0.1050	0.1150	3.77794033e+08
0.1050	0.1050	0.1250	4.57883475e+08
0.1050	0.1050	0.1350	4.21333105e+08
0.1050	0.1050	0.1450	3.70593038e+08
0.1050	0.1150	0.1150	4.04846186e+08
0.1050	0.1150	0.1250	3.71931764e+08
0.1050	0.1150	0.1350	3.10208893e+08
0.1050	0.1150	0.1450	3.12437979e+08
0.1050	0.1250	0.1250	2.06456516e+08
0.1050	0.1250	0.1350	3.54111408e+08
0.1050	0.1250	0.1450	3.13427943e+08
0.1050	0.1350	0.1350	3.32019707e+08
0.1050	0.1350	0.1450	3.20608775e+08
0.1050	0.1450	0.1450	2.20324289e+08
0.1150	0.1150	0.1150	3.72156249e+08
0.1150	0.1150	0.1250	3.45878918e+08
0.1150	0.1150	0.1350	4.20889380e+08
0.1150	0.1150	0.1450	3.89285257e+08
0.1150	0.1250	0.1250	2.86116607e+08
0.1150	0.1250	0.1350	4.07781894e+08
0.1150	0.1250	0.1450	1.97302053e+08
0.1150	0.1350	0.1350	2.97849495e+08
0.1150	0.1350	0.1450	3.62433490e+08
0.1150	0.1450	0.1450	2.49921384e+08
0.1250	0.1250	0.1250	3.62153398e+08
0.1250	0.1250	0.1350	2.88555152e+08
0.1250	0.1250	0.1450	2.90420516e+08
0.1250	0.1350	0.1350	3.39011440e+08
0.1250	0.1350	0.1450	2.91077986e+08
0.1250	0.1450	0.1450	1.91108291e+08
0.1350	0.1350	0.1350	3.24828122e+08
0.1350	0.1350	0.1450	2.85293142e+08
0.1350	0.1450	0.1450	2.77854123e+08
0.1450	0.1450	0.1450	2.17534790e+08
