####### Bispectrum of Patchy Simulation 871 #############
# Patch: sgc
# z-type: z1
# Weights: fkp
# Fiducial Omega_m: 0.310
# Fiducial h: 0.676
# Boxsize: [1000.0, 1900.0, 1100.0]
# Grid: [95, 180, 105]
# k-binning: [0.000, 0.160, 0.010]
# Monte Carlo Simulations: 100
#
# Format: k1 | k2 | k3 | B(k1,k2,k3)
############################################
0.0150	0.0150	0.0150	9.09147880e+10
0.0150	0.0150	0.0250	-5.29547476e+08
0.0150	0.0150	0.0350	4.06953466e+10
0.0150	0.0250	0.0250	-1.37391887e+09
0.0150	0.0250	0.0350	8.49567142e+09
0.0150	0.0250	0.0450	1.48349850e+10
0.0150	0.0350	0.0350	-1.93984329e+09
0.0150	0.0350	0.0450	-2.47144737e+08
0.0150	0.0350	0.0550	7.19116257e+09
0.0150	0.0450	0.0450	2.96437711e+09
0.0150	0.0450	0.0550	3.80770176e+09
0.0150	0.0450	0.0650	-1.51165343e+10
0.0150	0.0550	0.0550	6.31459821e+09
0.0150	0.0550	0.0650	5.03315896e+09
0.0150	0.0550	0.0750	5.93936491e+09
0.0150	0.0650	0.0650	3.01965613e+09
0.0150	0.0650	0.0750	3.52546272e+09
0.0150	0.0650	0.0850	2.15028545e+09
0.0150	0.0750	0.0750	4.56515521e+09
0.0150	0.0750	0.0850	2.63204402e+09
0.0150	0.0750	0.0950	-1.42057382e+08
0.0150	0.0850	0.0850	2.14607471e+09
0.0150	0.0850	0.0950	1.35980520e+09
0.0150	0.0850	0.1050	5.06772086e+09
0.0150	0.0950	0.0950	2.56290211e+09
0.0150	0.0950	0.1050	2.12038071e+09
0.0150	0.0950	0.1150	2.30518712e+09
0.0150	0.1050	0.1050	1.95513578e+09
0.0150	0.1050	0.1150	2.36059636e+09
0.0150	0.1050	0.1250	2.50546904e+09
0.0150	0.1150	0.1150	2.08229673e+07
0.0150	0.1150	0.1250	1.79202041e+09
0.0150	0.1150	0.1350	3.38291878e+05
0.0150	0.1250	0.1250	1.05886530e+09
0.0150	0.1250	0.1350	1.41567780e+09
0.0150	0.1250	0.1450	2.61566849e+09
0.0150	0.1350	0.1350	1.44026523e+09
0.0150	0.1350	0.1450	1.53119322e+09
0.0150	0.1450	0.1450	6.57927024e+08
0.0250	0.0250	0.0250	1.05347584e+08
0.0250	0.0250	0.0350	9.72156752e+09
0.0250	0.0250	0.0450	8.62282687e+09
0.0250	0.0250	0.0550	1.10001601e+10
0.0250	0.0350	0.0350	1.33003360e+10
0.0250	0.0350	0.0450	4.22611374e+09
0.0250	0.0350	0.0550	4.73058099e+09
0.0250	0.0350	0.0650	2.06880353e+09
0.0250	0.0450	0.0450	6.59654395e+09
0.0250	0.0450	0.0550	5.71746831e+08
0.0250	0.0450	0.0650	5.34999675e+09
0.0250	0.0450	0.0750	-3.03565797e+09
0.0250	0.0550	0.0550	1.25161605e+09
0.0250	0.0550	0.0650	2.47287969e+09
0.0250	0.0550	0.0750	6.66713313e+09
0.0250	0.0550	0.0850	4.23024184e+09
0.0250	0.0650	0.0650	5.57495460e+09
0.0250	0.0650	0.0750	9.77867303e+08
0.0250	0.0650	0.0850	3.53738355e+09
0.0250	0.0650	0.0950	-9.38886600e+08
0.0250	0.0750	0.0750	8.86038869e+08
0.0250	0.0750	0.0850	1.24651186e+09
0.0250	0.0750	0.0950	3.45668831e+09
0.0250	0.0750	0.1050	5.01766486e+09
0.0250	0.0850	0.0850	2.37068266e+09
0.0250	0.0850	0.0950	1.65132263e+09
0.0250	0.0850	0.1050	3.22634034e+09
0.0250	0.0850	0.1150	4.12897316e+08
0.0250	0.0950	0.0950	1.90470575e+09
0.0250	0.0950	0.1050	1.06755694e+09
0.0250	0.0950	0.1150	3.13552328e+09
0.0250	0.0950	0.1250	2.96625235e+09
0.0250	0.1050	0.1050	2.94337436e+09
0.0250	0.1050	0.1150	1.27314798e+09
0.0250	0.1050	0.1250	8.48295669e+08
0.0250	0.1050	0.1350	2.36717239e+09
0.0250	0.1150	0.1150	6.77112498e+08
0.0250	0.1150	0.1250	1.20782857e+09
0.0250	0.1150	0.1350	1.69609099e+09
0.0250	0.1150	0.1450	1.47852749e+09
0.0250	0.1250	0.1250	1.69041373e+09
0.0250	0.1250	0.1350	1.17230832e+09
0.0250	0.1250	0.1450	1.49888699e+09
0.0250	0.1350	0.1350	1.06138719e+09
0.0250	0.1350	0.1450	1.05237925e+09
0.0250	0.1450	0.1450	6.83767277e+08
0.0350	0.0350	0.0350	-1.60850731e+09
0.0350	0.0350	0.0450	1.25199737e+09
0.0350	0.0350	0.0550	7.60080291e+09
0.0350	0.0350	0.0650	3.49762957e+09
0.0350	0.0350	0.0750	8.45685198e+09
0.0350	0.0450	0.0450	-1.01649430e+09
0.0350	0.0450	0.0550	1.79861420e+09
0.0350	0.0450	0.0650	4.95257372e+09
0.0350	0.0450	0.0750	3.77608792e+09
0.0350	0.0450	0.0850	4.73135970e+09
0.0350	0.0550	0.0550	3.91613291e+09
0.0350	0.0550	0.0650	2.71744606e+09
0.0350	0.0550	0.0750	4.63243360e+09
0.0350	0.0550	0.0850	2.57573598e+09
0.0350	0.0550	0.0950	2.95818896e+09
0.0350	0.0650	0.0650	-1.03207897e+08
0.0350	0.0650	0.0750	2.77133910e+09
0.0350	0.0650	0.0850	3.50825146e+09
0.0350	0.0650	0.0950	1.82278654e+09
0.0350	0.0650	0.1050	5.42157695e+09
0.0350	0.0750	0.0750	1.15068722e+08
0.0350	0.0750	0.0850	1.46342641e+09
0.0350	0.0750	0.0950	1.24574639e+09
0.0350	0.0750	0.1050	2.86181262e+09
0.0350	0.0750	0.1150	1.00867997e+09
0.0350	0.0850	0.0850	3.21604801e+09
0.0350	0.0850	0.0950	1.19455469e+09
0.0350	0.0850	0.1050	2.39460983e+09
0.0350	0.0850	0.1150	2.45969860e+09
0.0350	0.0850	0.1250	2.83179199e+09
0.0350	0.0950	0.0950	5.47648804e+08
0.0350	0.0950	0.1050	1.44744444e+09
0.0350	0.0950	0.1150	2.08722231e+09
0.0350	0.0950	0.1250	1.74086144e+09
0.0350	0.0950	0.1350	1.73751449e+09
0.0350	0.1050	0.1050	1.55914482e+09
0.0350	0.1050	0.1150	8.41897660e+08
0.0350	0.1050	0.1250	1.62788607e+09
0.0350	0.1050	0.1350	1.35303163e+09
0.0350	0.1050	0.1450	8.19717755e+08
0.0350	0.1150	0.1150	2.15161081e+06
0.0350	0.1150	0.1250	8.60837984e+08
0.0350	0.1150	0.1350	1.62476175e+09
0.0350	0.1150	0.1450	1.28338860e+09
0.0350	0.1250	0.1250	7.68636267e+08
0.0350	0.1250	0.1350	8.97570214e+08
0.0350	0.1250	0.1450	1.31024999e+09
0.0350	0.1350	0.1350	1.12397993e+09
0.0350	0.1350	0.1450	8.83639692e+08
0.0350	0.1450	0.1450	6.91207659e+08
0.0450	0.0450	0.0450	4.85607939e+09
0.0450	0.0450	0.0550	7.37302336e+08
0.0450	0.0450	0.0650	2.45208359e+09
0.0450	0.0450	0.0750	2.05306622e+09
0.0450	0.0450	0.0850	7.04999177e+08
0.0450	0.0450	0.0950	7.93119534e+08
0.0450	0.0550	0.0550	2.78738921e+09
0.0450	0.0550	0.0650	1.91054547e+09
0.0450	0.0550	0.0750	1.71324249e+09
0.0450	0.0550	0.0850	1.76652485e+09
0.0450	0.0550	0.0950	2.94672491e+09
0.0450	0.0550	0.1050	3.46968362e+09
0.0450	0.0650	0.0650	1.47112550e+09
0.0450	0.0650	0.0750	-2.29302375e+08
0.0450	0.0650	0.0850	1.16403307e+09
0.0450	0.0650	0.0950	8.14968364e+08
0.0450	0.0650	0.1050	2.49657862e+09
0.0450	0.0650	0.1150	2.57276979e+09
0.0450	0.0750	0.0750	7.95900733e+08
0.0450	0.0750	0.0850	4.90121889e+08
0.0450	0.0750	0.0950	8.45583043e+08
0.0450	0.0750	0.1050	7.64226826e+08
0.0450	0.0750	0.1150	1.41803794e+09
0.0450	0.0750	0.1250	1.59666942e+09
0.0450	0.0850	0.0850	1.24392198e+09
0.0450	0.0850	0.0950	3.79764609e+08
0.0450	0.0850	0.1050	9.01122429e+08
0.0450	0.0850	0.1150	1.75918414e+09
0.0450	0.0850	0.1250	8.75845433e+08
0.0450	0.0850	0.1350	1.82884829e+09
0.0450	0.0950	0.0950	9.67053585e+08
0.0450	0.0950	0.1050	8.27781508e+08
0.0450	0.0950	0.1150	8.09791097e+08
0.0450	0.0950	0.1250	1.10793644e+09
0.0450	0.0950	0.1350	1.18742874e+09
0.0450	0.0950	0.1450	1.71215281e+09
0.0450	0.1050	0.1050	3.00566581e+08
0.0450	0.1050	0.1150	1.91700351e+08
0.0450	0.1050	0.1250	1.31485351e+09
0.0450	0.1050	0.1350	4.38134929e+08
0.0450	0.1050	0.1450	1.07207830e+09
0.0450	0.1150	0.1150	1.32861730e+09
0.0450	0.1150	0.1250	4.74653321e+08
0.0450	0.1150	0.1350	3.53416172e+08
0.0450	0.1150	0.1450	8.98784686e+08
0.0450	0.1250	0.1250	7.80326405e+08
0.0450	0.1250	0.1350	6.04044760e+08
0.0450	0.1250	0.1450	5.29103895e+08
0.0450	0.1350	0.1350	6.03210974e+08
0.0450	0.1350	0.1450	3.66531637e+08
0.0450	0.1450	0.1450	6.62825284e+08
0.0550	0.0550	0.0550	2.10533913e+09
0.0550	0.0550	0.0650	1.64231518e+09
0.0550	0.0550	0.0750	9.20946798e+08
0.0550	0.0550	0.0850	1.30976588e+09
0.0550	0.0550	0.0950	1.51973590e+09
0.0550	0.0550	0.1050	2.21881750e+09
0.0550	0.0550	0.1150	3.00632620e+09
0.0550	0.0650	0.0650	2.49465644e+09
0.0550	0.0650	0.0750	1.54424068e+09
0.0550	0.0650	0.0850	9.23012039e+08
0.0550	0.0650	0.0950	2.52567371e+09
0.0550	0.0650	0.1050	1.24366135e+09
0.0550	0.0650	0.1150	1.39435716e+09
0.0550	0.0650	0.1250	1.68796532e+09
0.0550	0.0750	0.0750	1.42871480e+09
0.0550	0.0750	0.0850	1.52755880e+09
0.0550	0.0750	0.0950	2.91205424e+08
0.0550	0.0750	0.1050	1.71603258e+09
0.0550	0.0750	0.1150	9.93548514e+08
0.0550	0.0750	0.1250	1.70687929e+09
0.0550	0.0750	0.1350	1.74777321e+09
0.0550	0.0850	0.0850	1.04530076e+09
0.0550	0.0850	0.0950	1.07522317e+09
0.0550	0.0850	0.1050	1.29978315e+09
0.0550	0.0850	0.1150	1.09077653e+09
0.0550	0.0850	0.1250	1.54158223e+09
0.0550	0.0850	0.1350	1.47331158e+09
0.0550	0.0850	0.1450	1.25745523e+09
0.0550	0.0950	0.0950	1.21911392e+08
0.0550	0.0950	0.1050	1.18503924e+09
0.0550	0.0950	0.1150	8.36685121e+08
0.0550	0.0950	0.1250	9.28627652e+08
0.0550	0.0950	0.1350	8.83368062e+08
0.0550	0.0950	0.1450	9.91180204e+08
0.0550	0.1050	0.1050	4.42537156e+08
0.0550	0.1050	0.1150	1.12550072e+09
0.0550	0.1050	0.1250	5.88692810e+08
0.0550	0.1050	0.1350	9.46460948e+08
0.0550	0.1050	0.1450	1.10237659e+09
0.0550	0.1150	0.1150	3.90748297e+08
0.0550	0.1150	0.1250	7.13506653e+08
0.0550	0.1150	0.1350	6.79348649e+08
0.0550	0.1150	0.1450	5.94972875e+08
0.0550	0.1250	0.1250	6.01711403e+08
0.0550	0.1250	0.1350	4.89821829e+08
0.0550	0.1250	0.1450	7.38847651e+08
0.0550	0.1350	0.1350	4.11788680e+08
0.0550	0.1350	0.1450	6.76012055e+08
0.0550	0.1450	0.1450	5.97345175e+08
0.0650	0.0650	0.0650	4.08038527e+09
0.0650	0.0650	0.0750	2.12257595e+09
0.0650	0.0650	0.0850	1.44114475e+09
0.0650	0.0650	0.0950	4.23647480e+08
0.0650	0.0650	0.1050	4.69632296e+08
0.0650	0.0650	0.1150	1.43433006e+09
0.0650	0.0650	0.1250	2.16880772e+09
0.0650	0.0650	0.1350	1.16546560e+09
0.0650	0.0750	0.0750	1.17689940e+09
0.0650	0.0750	0.0850	7.03726211e+08
0.0650	0.0750	0.0950	1.45793791e+09
0.0650	0.0750	0.1050	3.87417365e+08
0.0650	0.0750	0.1150	9.44352026e+08
0.0650	0.0750	0.1250	1.14498830e+09
0.0650	0.0750	0.1350	1.19808096e+09
0.0650	0.0750	0.1450	1.93397131e+09
0.0650	0.0850	0.0850	1.34832029e+09
0.0650	0.0850	0.0950	1.27360975e+09
0.0650	0.0850	0.1050	6.12650837e+08
0.0650	0.0850	0.1150	5.51882627e+08
0.0650	0.0850	0.1250	8.83756933e+08
0.0650	0.0850	0.1350	1.38430290e+09
0.0650	0.0850	0.1450	1.35197475e+09
0.0650	0.0950	0.0950	4.06475891e+08
0.0650	0.0950	0.1050	3.26424432e+08
0.0650	0.0950	0.1150	9.06053221e+08
0.0650	0.0950	0.1250	9.19351099e+08
0.0650	0.0950	0.1350	4.43875771e+08
0.0650	0.0950	0.1450	1.23581527e+09
0.0650	0.1050	0.1050	7.26147210e+08
0.0650	0.1050	0.1150	6.43498048e+08
0.0650	0.1050	0.1250	3.60060901e+08
0.0650	0.1050	0.1350	6.15425038e+08
0.0650	0.1050	0.1450	6.71450655e+08
0.0650	0.1150	0.1150	8.19528634e+08
0.0650	0.1150	0.1250	5.98507428e+08
0.0650	0.1150	0.1350	4.27884929e+08
0.0650	0.1150	0.1450	7.82480435e+08
0.0650	0.1250	0.1250	5.08742290e+08
0.0650	0.1250	0.1350	4.54726791e+08
0.0650	0.1250	0.1450	2.68705116e+08
0.0650	0.1350	0.1350	4.51443338e+07
0.0650	0.1350	0.1450	5.18221915e+08
0.0650	0.1450	0.1450	5.29069868e+08
0.0750	0.0750	0.0750	1.66341163e+07
0.0750	0.0750	0.0850	6.08744026e+08
0.0750	0.0750	0.0950	9.34825876e+08
0.0750	0.0750	0.1050	1.12184653e+09
0.0750	0.0750	0.1150	6.64912284e+08
0.0750	0.0750	0.1250	3.03036540e+08
0.0750	0.0750	0.1350	8.27959851e+08
0.0750	0.0750	0.1450	9.53909696e+08
0.0750	0.0850	0.0850	1.85551494e+09
0.0750	0.0850	0.0950	6.74151059e+08
0.0750	0.0850	0.1050	3.47080517e+08
0.0750	0.0850	0.1150	9.07189865e+08
0.0750	0.0850	0.1250	6.58553006e+08
0.0750	0.0850	0.1350	7.10525703e+08
0.0750	0.0850	0.1450	8.47884653e+08
0.0750	0.0950	0.0950	-1.77425637e+08
0.0750	0.0950	0.1050	4.51936133e+08
0.0750	0.0950	0.1150	5.63277602e+08
0.0750	0.0950	0.1250	4.92270075e+08
0.0750	0.0950	0.1350	6.57604726e+08
0.0750	0.0950	0.1450	7.21410833e+08
0.0750	0.1050	0.1050	5.98798524e+08
0.0750	0.1050	0.1150	5.84205537e+08
0.0750	0.1050	0.1250	4.36777578e+08
0.0750	0.1050	0.1350	5.94625248e+08
0.0750	0.1050	0.1450	5.48630640e+08
0.0750	0.1150	0.1150	3.92724260e+07
0.0750	0.1150	0.1250	2.13711448e+08
0.0750	0.1150	0.1350	4.88677563e+08
0.0750	0.1150	0.1450	3.77010807e+08
0.0750	0.1250	0.1250	7.37334215e+08
0.0750	0.1250	0.1350	6.78215938e+08
0.0750	0.1250	0.1450	3.74286938e+08
0.0750	0.1350	0.1350	5.12111379e+08
0.0750	0.1350	0.1450	2.53698152e+08
0.0750	0.1450	0.1450	2.67883964e+08
0.0850	0.0850	0.0850	6.52943693e+08
0.0850	0.0850	0.0950	4.05718072e+08
0.0850	0.0850	0.1050	5.89801806e+08
0.0850	0.0850	0.1150	3.47131177e+08
0.0850	0.0850	0.1250	9.46684935e+08
0.0850	0.0850	0.1350	1.04902135e+09
0.0850	0.0850	0.1450	6.56838513e+08
0.0850	0.0950	0.0950	6.27590056e+08
0.0850	0.0950	0.1050	4.41703179e+08
0.0850	0.0950	0.1150	4.86511772e+08
0.0850	0.0950	0.1250	3.94819453e+08
0.0850	0.0950	0.1350	4.17047403e+08
0.0850	0.0950	0.1450	5.41494122e+08
0.0850	0.1050	0.1050	3.57722466e+08
0.0850	0.1050	0.1150	2.00707899e+08
0.0850	0.1050	0.1250	7.20824505e+08
0.0850	0.1050	0.1350	3.54970927e+08
0.0850	0.1050	0.1450	2.02800115e+08
0.0850	0.1150	0.1150	3.98322942e+08
0.0850	0.1150	0.1250	5.27403189e+08
0.0850	0.1150	0.1350	2.78055865e+08
0.0850	0.1150	0.1450	5.66548466e+08
0.0850	0.1250	0.1250	6.38068221e+08
0.0850	0.1250	0.1350	3.58426717e+08
0.0850	0.1250	0.1450	3.01820083e+08
0.0850	0.1350	0.1350	3.69279814e+08
0.0850	0.1350	0.1450	5.18459091e+08
0.0850	0.1450	0.1450	3.69604504e+08
0.0950	0.0950	0.0950	7.30594430e+08
0.0950	0.0950	0.1050	2.63928397e+08
0.0950	0.0950	0.1150	4.62500635e+08
0.0950	0.0950	0.1250	2.97635586e+08
0.0950	0.0950	0.1350	5.22050463e+08
0.0950	0.0950	0.1450	6.17797484e+08
0.0950	0.1050	0.1050	6.88978850e+08
0.0950	0.1050	0.1150	2.50829084e+08
0.0950	0.1050	0.1250	2.96978925e+08
0.0950	0.1050	0.1350	4.77983343e+08
0.0950	0.1050	0.1450	5.14703608e+08
0.0950	0.1150	0.1150	3.85736097e+08
0.0950	0.1150	0.1250	3.53293016e+08
0.0950	0.1150	0.1350	3.33093740e+08
0.0950	0.1150	0.1450	3.95249767e+08
0.0950	0.1250	0.1250	1.83951921e+08
0.0950	0.1250	0.1350	4.18709912e+08
0.0950	0.1250	0.1450	3.39704851e+08
0.0950	0.1350	0.1350	2.85185679e+08
0.0950	0.1350	0.1450	2.84496461e+08
0.0950	0.1450	0.1450	4.39091745e+08
0.1050	0.1050	0.1050	4.91510662e+08
0.1050	0.1050	0.1150	4.71189766e+08
0.1050	0.1050	0.1250	3.19199728e+08
0.1050	0.1050	0.1350	1.81653917e+08
0.1050	0.1050	0.1450	4.21115530e+08
0.1050	0.1150	0.1150	2.25866211e+08
0.1050	0.1150	0.1250	4.04068817e+08
0.1050	0.1150	0.1350	4.31410195e+08
0.1050	0.1150	0.1450	2.69627099e+08
0.1050	0.1250	0.1250	4.23160812e+08
0.1050	0.1250	0.1350	3.75001188e+08
0.1050	0.1250	0.1450	5.15934159e+08
0.1050	0.1350	0.1350	2.49670570e+08
0.1050	0.1350	0.1450	2.49793211e+08
0.1050	0.1450	0.1450	4.66700077e+08
0.1150	0.1150	0.1150	3.17505908e+08
0.1150	0.1150	0.1250	2.22015612e+08
0.1150	0.1150	0.1350	2.00378219e+08
0.1150	0.1150	0.1450	1.12869652e+08
0.1150	0.1250	0.1250	4.56124283e+08
0.1150	0.1250	0.1350	1.04494108e+08
0.1150	0.1250	0.1450	1.60070080e+08
0.1150	0.1350	0.1350	3.78495578e+08
0.1150	0.1350	0.1450	3.03663796e+08
0.1150	0.1450	0.1450	2.75725283e+08
0.1250	0.1250	0.1250	-2.29623901e+08
0.1250	0.1250	0.1350	2.95845678e+08
0.1250	0.1250	0.1450	4.91180059e+08
0.1250	0.1350	0.1350	3.62039583e+08
0.1250	0.1350	0.1450	2.99385980e+08
0.1250	0.1450	0.1450	3.10930533e+08
0.1350	0.1350	0.1350	4.31359454e+08
0.1350	0.1350	0.1450	1.72975202e+08
0.1350	0.1450	0.1450	1.15212414e+08
0.1450	0.1450	0.1450	3.41042614e+08
