####### Bispectrum of Patchy Simulation 543 #############
# Patch: sgc
# z-type: z3
# Weights: fkp
# Fiducial Omega_m: 0.310
# Fiducial h: 0.676
# Boxsize: [1000.0, 2600.0, 1500.0]
# Grid: [95, 250, 140]
# k-binning: [0.000, 0.160, 0.010]
# Monte Carlo Simulations: 100
#
# Format: k1 | k2 | k3 | B(k1,k2,k3)
############################################
0.0150	0.0150	0.0150	-4.55333259e+10
0.0150	0.0150	0.0250	-1.23279111e+09
0.0150	0.0150	0.0350	3.33736938e+10
0.0150	0.0250	0.0250	1.71119728e+10
0.0150	0.0250	0.0350	5.29038023e+09
0.0150	0.0250	0.0450	-1.76386396e+10
0.0150	0.0350	0.0350	5.04456610e+09
0.0150	0.0350	0.0450	1.20163217e+10
0.0150	0.0350	0.0550	1.30254442e+10
0.0150	0.0450	0.0450	2.63844859e+09
0.0150	0.0450	0.0550	1.01494510e+10
0.0150	0.0450	0.0650	2.70371063e+09
0.0150	0.0550	0.0550	8.44064012e+09
0.0150	0.0550	0.0650	3.74948057e+09
0.0150	0.0550	0.0750	3.61302348e+09
0.0150	0.0650	0.0650	3.51335165e+09
0.0150	0.0650	0.0750	3.38557158e+09
0.0150	0.0650	0.0850	4.29436618e+09
0.0150	0.0750	0.0750	1.47133141e+09
0.0150	0.0750	0.0850	6.71689356e+09
0.0150	0.0750	0.0950	-2.59440242e+09
0.0150	0.0850	0.0850	7.75202069e+08
0.0150	0.0850	0.0950	5.14114208e+09
0.0150	0.0850	0.1050	3.65927511e+09
0.0150	0.0950	0.0950	2.73965408e+09
0.0150	0.0950	0.1050	3.36456519e+09
0.0150	0.0950	0.1150	3.43060445e+09
0.0150	0.1050	0.1050	1.60552799e+09
0.0150	0.1050	0.1150	3.48801103e+09
0.0150	0.1050	0.1250	9.26084802e+08
0.0150	0.1150	0.1150	1.76091521e+09
0.0150	0.1150	0.1250	1.06053100e+09
0.0150	0.1150	0.1350	2.24958301e+09
0.0150	0.1250	0.1250	1.89631516e+09
0.0150	0.1250	0.1350	2.11224357e+09
0.0150	0.1250	0.1450	2.26215830e+09
0.0150	0.1350	0.1350	1.05569394e+09
0.0150	0.1350	0.1450	6.39742113e+08
0.0150	0.1450	0.1450	1.50098472e+09
0.0250	0.0250	0.0250	2.58285824e+10
0.0250	0.0250	0.0350	2.45085725e+09
0.0250	0.0250	0.0450	7.86142943e+09
0.0250	0.0250	0.0550	-7.22046975e+09
0.0250	0.0350	0.0350	8.83813939e+08
0.0250	0.0350	0.0450	3.38321276e+09
0.0250	0.0350	0.0550	6.16269811e+09
0.0250	0.0350	0.0650	1.25426487e+10
0.0250	0.0450	0.0450	-2.10867445e+09
0.0250	0.0450	0.0550	6.25057505e+09
0.0250	0.0450	0.0650	6.32603520e+09
0.0250	0.0450	0.0750	6.07402118e+09
0.0250	0.0550	0.0550	2.85174171e+09
0.0250	0.0550	0.0650	3.01360168e+08
0.0250	0.0550	0.0750	4.70630028e+09
0.0250	0.0550	0.0850	6.80113960e+09
0.0250	0.0650	0.0650	3.78661424e+08
0.0250	0.0650	0.0750	4.26052389e+09
0.0250	0.0650	0.0850	2.64869811e+09
0.0250	0.0650	0.0950	4.69070785e+09
0.0250	0.0750	0.0750	2.54132963e+09
0.0250	0.0750	0.0850	3.00801653e+09
0.0250	0.0750	0.0950	3.94310279e+09
0.0250	0.0750	0.1050	5.08942495e+09
0.0250	0.0850	0.0850	7.80491544e+08
0.0250	0.0850	0.0950	1.58636844e+09
0.0250	0.0850	0.1050	2.62770191e+09
0.0250	0.0850	0.1150	3.61547109e+09
0.0250	0.0950	0.0950	1.93522234e+09
0.0250	0.0950	0.1050	1.42641665e+09
0.0250	0.0950	0.1150	2.46630883e+09
0.0250	0.0950	0.1250	3.93846238e+09
0.0250	0.1050	0.1050	1.25336141e+09
0.0250	0.1050	0.1150	2.21105584e+09
0.0250	0.1050	0.1250	2.14506832e+09
0.0250	0.1050	0.1350	2.94576372e+09
0.0250	0.1150	0.1150	1.90900682e+09
0.0250	0.1150	0.1250	1.63024697e+09
0.0250	0.1150	0.1350	1.37259399e+09
0.0250	0.1150	0.1450	7.82055267e+08
0.0250	0.1250	0.1250	2.65319815e+09
0.0250	0.1250	0.1350	1.47571946e+09
0.0250	0.1250	0.1450	1.81406128e+09
0.0250	0.1350	0.1350	1.89006522e+09
0.0250	0.1350	0.1450	1.35930302e+09
0.0250	0.1450	0.1450	1.28200596e+09
0.0350	0.0350	0.0350	1.05277481e+10
0.0350	0.0350	0.0450	-2.05067620e+09
0.0350	0.0350	0.0550	5.93324708e+08
0.0350	0.0350	0.0650	3.02659193e+09
0.0350	0.0350	0.0750	-1.65222973e+09
0.0350	0.0450	0.0450	2.19410573e+09
0.0350	0.0450	0.0550	4.38653805e+09
0.0350	0.0450	0.0650	2.68559952e+09
0.0350	0.0450	0.0750	3.45438091e+09
0.0350	0.0450	0.0850	2.64472807e+09
0.0350	0.0550	0.0550	4.62774386e+09
0.0350	0.0550	0.0650	1.37494893e+09
0.0350	0.0550	0.0750	4.32840965e+09
0.0350	0.0550	0.0850	3.64325548e+09
0.0350	0.0550	0.0950	3.95883240e+09
0.0350	0.0650	0.0650	2.94993965e+09
0.0350	0.0650	0.0750	2.93632041e+09
0.0350	0.0650	0.0850	1.83829576e+09
0.0350	0.0650	0.0950	3.30231876e+09
0.0350	0.0650	0.1050	1.19039175e+09
0.0350	0.0750	0.0750	1.83436837e+09
0.0350	0.0750	0.0850	1.69640852e+09
0.0350	0.0750	0.0950	1.08005946e+09
0.0350	0.0750	0.1050	2.70024022e+09
0.0350	0.0750	0.1150	1.08646773e+09
0.0350	0.0850	0.0850	2.31894605e+09
0.0350	0.0850	0.0950	1.49792919e+09
0.0350	0.0850	0.1050	1.63040123e+09
0.0350	0.0850	0.1150	1.33242169e+09
0.0350	0.0850	0.1250	1.51878276e+09
0.0350	0.0950	0.0950	2.05721013e+09
0.0350	0.0950	0.1050	8.37029608e+08
0.0350	0.0950	0.1150	1.31894822e+09
0.0350	0.0950	0.1250	1.54604561e+09
0.0350	0.0950	0.1350	2.38439291e+09
0.0350	0.1050	0.1050	1.97755240e+09
0.0350	0.1050	0.1150	9.64672700e+08
0.0350	0.1050	0.1250	1.43539198e+09
0.0350	0.1050	0.1350	1.21649022e+09
0.0350	0.1050	0.1450	9.51702796e+08
0.0350	0.1150	0.1150	6.33943653e+08
0.0350	0.1150	0.1250	5.47318914e+08
0.0350	0.1150	0.1350	1.17939677e+09
0.0350	0.1150	0.1450	1.57272116e+09
0.0350	0.1250	0.1250	1.15618248e+09
0.0350	0.1250	0.1350	9.81378463e+08
0.0350	0.1250	0.1450	1.44378496e+09
0.0350	0.1350	0.1350	1.14993300e+09
0.0350	0.1350	0.1450	7.11405462e+08
0.0350	0.1450	0.1450	8.99398486e+08
0.0450	0.0450	0.0450	3.59914213e+09
0.0450	0.0450	0.0550	3.50765637e+09
0.0450	0.0450	0.0650	3.41997453e+09
0.0450	0.0450	0.0750	2.96916980e+09
0.0450	0.0450	0.0850	2.84511578e+09
0.0450	0.0450	0.0950	3.04814202e+09
0.0450	0.0550	0.0550	6.58692716e+08
0.0450	0.0550	0.0650	3.34817136e+09
0.0450	0.0550	0.0750	5.29080850e+08
0.0450	0.0550	0.0850	2.31275413e+09
0.0450	0.0550	0.0950	1.99200408e+09
0.0450	0.0550	0.1050	7.22275635e+09
0.0450	0.0650	0.0650	2.87369458e+09
0.0450	0.0650	0.0750	2.66746586e+09
0.0450	0.0650	0.0850	1.27131296e+09
0.0450	0.0650	0.0950	2.64862595e+09
0.0450	0.0650	0.1050	2.88486878e+09
0.0450	0.0650	0.1150	1.53934055e+09
0.0450	0.0750	0.0750	1.82219369e+09
0.0450	0.0750	0.0850	1.58930595e+09
0.0450	0.0750	0.0950	1.63988758e+09
0.0450	0.0750	0.1050	1.76090198e+09
0.0450	0.0750	0.1150	2.08410892e+09
0.0450	0.0750	0.1250	2.43425378e+09
0.0450	0.0850	0.0850	3.52942312e+08
0.0450	0.0850	0.0950	9.49762500e+08
0.0450	0.0850	0.1050	1.41035462e+09
0.0450	0.0850	0.1150	1.48350126e+09
0.0450	0.0850	0.1250	2.01053365e+09
0.0450	0.0850	0.1350	2.42443714e+09
0.0450	0.0950	0.0950	1.17133608e+09
0.0450	0.0950	0.1050	1.37023356e+09
0.0450	0.0950	0.1150	2.22299939e+09
0.0450	0.0950	0.1250	8.69038943e+08
0.0450	0.0950	0.1350	1.67796574e+09
0.0450	0.0950	0.1450	1.50805477e+09
0.0450	0.1050	0.1050	8.78033851e+08
0.0450	0.1050	0.1150	9.28334156e+08
0.0450	0.1050	0.1250	1.13517636e+09
0.0450	0.1050	0.1350	1.40128673e+09
0.0450	0.1050	0.1450	1.57237040e+09
0.0450	0.1150	0.1150	6.52240281e+08
0.0450	0.1150	0.1250	1.39805651e+09
0.0450	0.1150	0.1350	8.54917775e+08
0.0450	0.1150	0.1450	9.64787261e+08
0.0450	0.1250	0.1250	6.84121087e+08
0.0450	0.1250	0.1350	7.37836397e+08
0.0450	0.1250	0.1450	8.71434812e+08
0.0450	0.1350	0.1350	1.14579557e+08
0.0450	0.1350	0.1450	9.19455672e+08
0.0450	0.1450	0.1450	9.11509426e+08
0.0550	0.0550	0.0550	1.25349541e+09
0.0550	0.0550	0.0650	2.32448396e+09
0.0550	0.0550	0.0750	2.74819828e+09
0.0550	0.0550	0.0850	1.07916785e+09
0.0550	0.0550	0.0950	1.40401787e+09
0.0550	0.0550	0.1050	2.27906554e+09
0.0550	0.0550	0.1150	1.50777973e+09
0.0550	0.0650	0.0650	5.10692599e+08
0.0550	0.0650	0.0750	1.42679739e+09
0.0550	0.0650	0.0850	1.09808642e+09
0.0550	0.0650	0.0950	2.23406787e+09
0.0550	0.0650	0.1050	7.85883415e+08
0.0550	0.0650	0.1150	2.25802030e+09
0.0550	0.0650	0.1250	1.90390085e+09
0.0550	0.0750	0.0750	3.55378390e+09
0.0550	0.0750	0.0850	1.01546004e+09
0.0550	0.0750	0.0950	1.64162452e+09
0.0550	0.0750	0.1050	1.52118551e+09
0.0550	0.0750	0.1150	1.58807329e+09
0.0550	0.0750	0.1250	1.87422095e+09
0.0550	0.0750	0.1350	1.40443779e+09
0.0550	0.0850	0.0850	1.72504254e+09
0.0550	0.0850	0.0950	1.09750219e+09
0.0550	0.0850	0.1050	2.22726495e+09
0.0550	0.0850	0.1150	8.80255118e+08
0.0550	0.0850	0.1250	1.74258326e+09
0.0550	0.0850	0.1350	1.73111519e+09
0.0550	0.0850	0.1450	3.00189741e+09
0.0550	0.0950	0.0950	4.88012727e+08
0.0550	0.0950	0.1050	5.10700173e+08
0.0550	0.0950	0.1150	1.34542049e+09
0.0550	0.0950	0.1250	1.31953575e+09
0.0550	0.0950	0.1350	1.38055996e+09
0.0550	0.0950	0.1450	1.33211081e+09
0.0550	0.1050	0.1050	1.65104810e+09
0.0550	0.1050	0.1150	1.01660535e+09
0.0550	0.1050	0.1250	8.94697415e+08
0.0550	0.1050	0.1350	1.13802273e+09
0.0550	0.1050	0.1450	1.00535437e+09
0.0550	0.1150	0.1150	5.62738913e+08
0.0550	0.1150	0.1250	2.94542666e+08
0.0550	0.1150	0.1350	1.10251726e+09
0.0550	0.1150	0.1450	6.45226040e+08
0.0550	0.1250	0.1250	4.94789195e+08
0.0550	0.1250	0.1350	6.79623420e+08
0.0550	0.1250	0.1450	6.66084782e+08
0.0550	0.1350	0.1350	9.30216623e+08
0.0550	0.1350	0.1450	9.98416140e+08
0.0550	0.1450	0.1450	5.66785645e+08
0.0650	0.0650	0.0650	2.80716965e+09
0.0650	0.0650	0.0750	1.69516251e+09
0.0650	0.0650	0.0850	1.99178824e+09
0.0650	0.0650	0.0950	1.90810315e+09
0.0650	0.0650	0.1050	2.17533624e+09
0.0650	0.0650	0.1150	1.20245034e+09
0.0650	0.0650	0.1250	1.51998727e+09
0.0650	0.0650	0.1350	-4.58890393e+08
0.0650	0.0750	0.0750	-1.98737788e+08
0.0650	0.0750	0.0850	2.14663727e+09
0.0650	0.0750	0.0950	1.12896896e+09
0.0650	0.0750	0.1050	1.46607136e+09
0.0650	0.0750	0.1150	1.63995334e+09
0.0650	0.0750	0.1250	1.96983061e+09
0.0650	0.0750	0.1350	1.67561493e+09
0.0650	0.0750	0.1450	3.24117222e+09
0.0650	0.0850	0.0850	1.21415033e+09
0.0650	0.0850	0.0950	1.09372608e+09
0.0650	0.0850	0.1050	8.40195452e+08
0.0650	0.0850	0.1150	4.79089695e+08
0.0650	0.0850	0.1250	1.09517503e+09
0.0650	0.0850	0.1350	1.50198563e+09
0.0650	0.0850	0.1450	1.09861240e+09
0.0650	0.0950	0.0950	1.31595460e+09
0.0650	0.0950	0.1050	1.15984589e+09
0.0650	0.0950	0.1150	6.84316216e+08
0.0650	0.0950	0.1250	1.39513493e+09
0.0650	0.0950	0.1350	6.69244596e+08
0.0650	0.0950	0.1450	1.62761983e+09
0.0650	0.1050	0.1050	5.55087291e+08
0.0650	0.1050	0.1150	9.15611685e+08
0.0650	0.1050	0.1250	6.62234280e+08
0.0650	0.1050	0.1350	7.40666118e+08
0.0650	0.1050	0.1450	8.38344375e+08
0.0650	0.1150	0.1150	6.62341633e+08
0.0650	0.1150	0.1250	7.36653302e+08
0.0650	0.1150	0.1350	5.58074436e+08
0.0650	0.1150	0.1450	7.98571779e+08
0.0650	0.1250	0.1250	8.38151904e+08
0.0650	0.1250	0.1350	7.55017800e+08
0.0650	0.1250	0.1450	5.21025330e+08
0.0650	0.1350	0.1350	1.01790486e+09
0.0650	0.1350	0.1450	5.32355485e+08
0.0650	0.1450	0.1450	7.23983996e+08
0.0750	0.0750	0.0750	2.37246354e+09
0.0750	0.0750	0.0850	1.02753316e+09
0.0750	0.0750	0.0950	7.24923778e+08
0.0750	0.0750	0.1050	1.44223452e+09
0.0750	0.0750	0.1150	1.18851289e+09
0.0750	0.0750	0.1250	6.89613149e+08
0.0750	0.0750	0.1350	1.10999287e+09
0.0750	0.0750	0.1450	1.26558197e+09
0.0750	0.0850	0.0850	6.06854225e+08
0.0750	0.0850	0.0950	1.40943523e+09
0.0750	0.0850	0.1050	6.19877768e+08
0.0750	0.0850	0.1150	1.08805404e+09
0.0750	0.0850	0.1250	9.53473348e+08
0.0750	0.0850	0.1350	1.00762884e+09
0.0750	0.0850	0.1450	1.00869993e+09
0.0750	0.0950	0.0950	1.25355287e+09
0.0750	0.0950	0.1050	1.18118318e+09
0.0750	0.0950	0.1150	4.95856030e+08
0.0750	0.0950	0.1250	1.13635095e+09
0.0750	0.0950	0.1350	8.56053844e+08
0.0750	0.0950	0.1450	8.41819504e+08
0.0750	0.1050	0.1050	7.55405261e+08
0.0750	0.1050	0.1150	4.44454260e+08
0.0750	0.1050	0.1250	4.04040819e+08
0.0750	0.1050	0.1350	7.96964996e+08
0.0750	0.1050	0.1450	1.11615986e+09
0.0750	0.1150	0.1150	8.50273507e+08
0.0750	0.1150	0.1250	4.69789587e+08
0.0750	0.1150	0.1350	6.03476651e+08
0.0750	0.1150	0.1450	4.91624795e+08
0.0750	0.1250	0.1250	8.84734592e+08
0.0750	0.1250	0.1350	4.36564474e+08
0.0750	0.1250	0.1450	7.81651499e+08
0.0750	0.1350	0.1350	6.04222431e+08
0.0750	0.1350	0.1450	8.35234412e+08
0.0750	0.1450	0.1450	4.66339160e+08
0.0850	0.0850	0.0850	7.76767269e+08
0.0850	0.0850	0.0950	1.03140096e+09
0.0850	0.0850	0.1050	5.79274320e+08
0.0850	0.0850	0.1150	4.02478022e+08
0.0850	0.0850	0.1250	8.41296804e+08
0.0850	0.0850	0.1350	1.01736965e+09
0.0850	0.0850	0.1450	1.20578836e+09
0.0850	0.0950	0.0950	6.67905997e+08
0.0850	0.0950	0.1050	4.24711625e+08
0.0850	0.0950	0.1150	9.35893533e+08
0.0850	0.0950	0.1250	2.34635663e+08
0.0850	0.0950	0.1350	7.59110733e+08
0.0850	0.0950	0.1450	5.65209134e+08
0.0850	0.1050	0.1050	4.29674159e+08
0.0850	0.1050	0.1150	3.37101077e+08
0.0850	0.1050	0.1250	8.23285383e+08
0.0850	0.1050	0.1350	5.45797521e+08
0.0850	0.1050	0.1450	4.74713326e+08
0.0850	0.1150	0.1150	7.06628380e+08
0.0850	0.1150	0.1250	5.74713606e+08
0.0850	0.1150	0.1350	6.24476566e+08
0.0850	0.1150	0.1450	4.08115116e+08
0.0850	0.1250	0.1250	7.32360376e+08
0.0850	0.1250	0.1350	5.59494500e+08
0.0850	0.1250	0.1450	4.71204311e+08
0.0850	0.1350	0.1350	6.03544220e+08
0.0850	0.1350	0.1450	4.27651864e+08
0.0850	0.1450	0.1450	3.06958554e+08
0.0950	0.0950	0.0950	-2.85663832e+08
0.0950	0.0950	0.1050	9.27015096e+08
0.0950	0.0950	0.1150	3.67575091e+08
0.0950	0.0950	0.1250	1.03586396e+09
0.0950	0.0950	0.1350	2.96593088e+08
0.0950	0.0950	0.1450	5.47321674e+08
0.0950	0.1050	0.1050	4.60131309e+08
0.0950	0.1050	0.1150	7.01780787e+08
0.0950	0.1050	0.1250	3.95759561e+08
0.0950	0.1050	0.1350	7.55773853e+08
0.0950	0.1050	0.1450	6.46535700e+08
0.0950	0.1150	0.1150	3.92814763e+08
0.0950	0.1150	0.1250	4.77143651e+08
0.0950	0.1150	0.1350	6.45950476e+08
0.0950	0.1150	0.1450	3.82053225e+08
0.0950	0.1250	0.1250	3.99741475e+08
0.0950	0.1250	0.1350	4.68761616e+08
0.0950	0.1250	0.1450	4.50797730e+08
0.0950	0.1350	0.1350	4.33907131e+08
0.0950	0.1350	0.1450	5.10387884e+08
0.0950	0.1450	0.1450	4.55492487e+08
0.1050	0.1050	0.1050	1.12029130e+09
0.1050	0.1050	0.1150	5.05900700e+08
0.1050	0.1050	0.1250	4.77521070e+08
0.1050	0.1050	0.1350	5.38657631e+08
0.1050	0.1050	0.1450	5.74214168e+08
0.1050	0.1150	0.1150	1.68497659e+08
0.1050	0.1150	0.1250	7.20713137e+08
0.1050	0.1150	0.1350	6.32492704e+08
0.1050	0.1150	0.1450	4.46428183e+08
0.1050	0.1250	0.1250	5.14038987e+08
0.1050	0.1250	0.1350	3.76573245e+08
0.1050	0.1250	0.1450	5.36491640e+08
0.1050	0.1350	0.1350	2.40030707e+08
0.1050	0.1350	0.1450	4.33078220e+08
0.1050	0.1450	0.1450	2.59944329e+08
0.1150	0.1150	0.1150	6.30497215e+08
0.1150	0.1150	0.1250	4.59232283e+08
0.1150	0.1150	0.1350	2.55652892e+08
0.1150	0.1150	0.1450	1.88392998e+08
0.1150	0.1250	0.1250	6.44116523e+08
0.1150	0.1250	0.1350	4.20833371e+08
0.1150	0.1250	0.1450	5.27144446e+08
0.1150	0.1350	0.1350	5.03775501e+08
0.1150	0.1350	0.1450	3.57722146e+08
0.1150	0.1450	0.1450	2.98603091e+08
0.1250	0.1250	0.1250	3.48250218e+08
0.1250	0.1250	0.1350	2.88764530e+08
0.1250	0.1250	0.1450	3.71816969e+08
0.1250	0.1350	0.1350	4.05543575e+08
0.1250	0.1350	0.1450	3.94378116e+08
0.1250	0.1450	0.1450	5.09230187e+08
0.1350	0.1350	0.1350	3.95824107e+08
0.1350	0.1350	0.1450	3.72254540e+08
0.1350	0.1450	0.1450	1.88238704e+08
0.1450	0.1450	0.1450	9.13633164e+07
