####### Bispectrum of Patchy Simulation 2 #############
# Patch: sgc
# z-type: z1
# Weights: fkp
# Fiducial Omega_m: 0.310
# Fiducial h: 0.676
# Boxsize: [1000.0, 1900.0, 1100.0]
# Grid: [95, 180, 105]
# k-binning: [0.000, 0.160, 0.010]
# Monte Carlo Simulations: 100
#
# Format: k1 | k2 | k3 | B(k1,k2,k3)
############################################
0.0150	0.0150	0.0150	-2.87981591e+10
0.0150	0.0150	0.0250	2.04576501e+10
0.0150	0.0150	0.0350	1.90398226e+09
0.0150	0.0250	0.0250	-1.86972990e+10
0.0150	0.0250	0.0350	9.98679528e+09
0.0150	0.0250	0.0450	2.38940183e+10
0.0150	0.0350	0.0350	1.55109298e+09
0.0150	0.0350	0.0450	3.67489115e+09
0.0150	0.0350	0.0550	4.86530192e+09
0.0150	0.0450	0.0450	-1.74240540e+09
0.0150	0.0450	0.0550	4.43786909e+09
0.0150	0.0450	0.0650	-5.63892473e+08
0.0150	0.0550	0.0550	-2.38390237e+09
0.0150	0.0550	0.0650	2.39991669e+09
0.0150	0.0550	0.0750	4.47556343e+09
0.0150	0.0650	0.0650	4.04705593e+09
0.0150	0.0650	0.0750	-1.18008784e+09
0.0150	0.0650	0.0850	5.88557748e+09
0.0150	0.0750	0.0750	2.13430466e+09
0.0150	0.0750	0.0850	2.64110844e+08
0.0150	0.0750	0.0950	9.64357621e+09
0.0150	0.0850	0.0850	2.23210659e+09
0.0150	0.0850	0.0950	2.13607789e+09
0.0150	0.0850	0.1050	3.09254408e+09
0.0150	0.0950	0.0950	1.01028798e+09
0.0150	0.0950	0.1050	1.88189701e+09
0.0150	0.0950	0.1150	1.36584882e+09
0.0150	0.1050	0.1050	2.03644136e+09
0.0150	0.1050	0.1150	2.01674006e+09
0.0150	0.1050	0.1250	4.81636167e+07
0.0150	0.1150	0.1150	5.86657096e+08
0.0150	0.1150	0.1250	1.74167100e+09
0.0150	0.1150	0.1350	3.16440754e+09
0.0150	0.1250	0.1250	1.99063456e+09
0.0150	0.1250	0.1350	9.64288077e+08
0.0150	0.1250	0.1450	3.12776255e+09
0.0150	0.1350	0.1350	1.63459236e+09
0.0150	0.1350	0.1450	2.18290582e+09
0.0150	0.1450	0.1450	9.06382789e+08
0.0250	0.0250	0.0250	-1.36257404e+10
0.0250	0.0250	0.0350	2.24764711e+09
0.0250	0.0250	0.0450	-3.46144718e+09
0.0250	0.0250	0.0550	2.39810630e+10
0.0250	0.0350	0.0350	7.63928421e+09
0.0250	0.0350	0.0450	1.13338378e+08
0.0250	0.0350	0.0550	8.27951814e+09
0.0250	0.0350	0.0650	8.68934876e+09
0.0250	0.0450	0.0450	2.60242513e+09
0.0250	0.0450	0.0550	3.61925751e+09
0.0250	0.0450	0.0650	3.12476460e+09
0.0250	0.0450	0.0750	1.23371243e+10
0.0250	0.0550	0.0550	-1.13693091e+09
0.0250	0.0550	0.0650	3.34814300e+09
0.0250	0.0550	0.0750	3.14578685e+09
0.0250	0.0550	0.0850	6.59686240e+09
0.0250	0.0650	0.0650	1.90467506e+09
0.0250	0.0650	0.0750	4.76379198e+09
0.0250	0.0650	0.0850	3.20981095e+09
0.0250	0.0650	0.0950	2.93124151e+09
0.0250	0.0750	0.0750	-1.17750116e+09
0.0250	0.0750	0.0850	2.72334649e+09
0.0250	0.0750	0.0950	2.82965183e+09
0.0250	0.0750	0.1050	3.46716212e+09
0.0250	0.0850	0.0850	1.64400768e+09
0.0250	0.0850	0.0950	2.14477704e+09
0.0250	0.0850	0.1050	2.62712359e+09
0.0250	0.0850	0.1150	8.34511002e+08
0.0250	0.0950	0.0950	5.28694746e+08
0.0250	0.0950	0.1050	1.44093998e+09
0.0250	0.0950	0.1150	2.11886485e+09
0.0250	0.0950	0.1250	2.71181307e+09
0.0250	0.1050	0.1050	1.71237439e+09
0.0250	0.1050	0.1150	1.97579204e+09
0.0250	0.1050	0.1250	1.61106080e+09
0.0250	0.1050	0.1350	1.79612052e+09
0.0250	0.1150	0.1150	1.29324358e+09
0.0250	0.1150	0.1250	1.23275231e+09
0.0250	0.1150	0.1350	1.89788135e+09
0.0250	0.1150	0.1450	1.86911561e+09
0.0250	0.1250	0.1250	6.26035630e+06
0.0250	0.1250	0.1350	1.34979975e+09
0.0250	0.1250	0.1450	1.51294998e+09
0.0250	0.1350	0.1350	6.05497260e+08
0.0250	0.1350	0.1450	4.47551628e+08
0.0250	0.1450	0.1450	6.51917425e+08
0.0350	0.0350	0.0350	2.53359835e+09
0.0350	0.0350	0.0450	1.78670419e+09
0.0350	0.0350	0.0550	6.86757544e+09
0.0350	0.0350	0.0650	9.74676731e+09
0.0350	0.0350	0.0750	1.53045175e+09
0.0350	0.0450	0.0450	3.12989362e+09
0.0350	0.0450	0.0550	2.80433200e+08
0.0350	0.0450	0.0650	2.66719707e+09
0.0350	0.0450	0.0750	3.98482738e+09
0.0350	0.0450	0.0850	1.88547398e+09
0.0350	0.0550	0.0550	4.72910715e+09
0.0350	0.0550	0.0650	3.13013815e+09
0.0350	0.0550	0.0750	2.43033895e+09
0.0350	0.0550	0.0850	5.10011669e+09
0.0350	0.0550	0.0950	5.40466561e+09
0.0350	0.0650	0.0650	-3.90163398e+08
0.0350	0.0650	0.0750	1.75235275e+09
0.0350	0.0650	0.0850	1.31585224e+09
0.0350	0.0650	0.0950	-1.30940777e+08
0.0350	0.0650	0.1050	2.20095511e+09
0.0350	0.0750	0.0750	4.47701926e+09
0.0350	0.0750	0.0850	1.32097178e+09
0.0350	0.0750	0.0950	2.43539953e+09
0.0350	0.0750	0.1050	3.02368829e+09
0.0350	0.0750	0.1150	3.75960841e+09
0.0350	0.0850	0.0850	1.10478219e+09
0.0350	0.0850	0.0950	1.54122681e+09
0.0350	0.0850	0.1050	2.27605057e+09
0.0350	0.0850	0.1150	2.71502893e+09
0.0350	0.0850	0.1250	6.76138447e+08
0.0350	0.0950	0.0950	1.19467717e+09
0.0350	0.0950	0.1050	1.49440888e+09
0.0350	0.0950	0.1150	9.58417146e+08
0.0350	0.0950	0.1250	1.88501719e+09
0.0350	0.0950	0.1350	1.77371444e+09
0.0350	0.1050	0.1050	1.65992885e+09
0.0350	0.1050	0.1150	1.25507772e+09
0.0350	0.1050	0.1250	1.68334826e+09
0.0350	0.1050	0.1350	1.96895512e+09
0.0350	0.1050	0.1450	3.23962182e+09
0.0350	0.1150	0.1150	9.55854520e+08
0.0350	0.1150	0.1250	7.90087364e+08
0.0350	0.1150	0.1350	1.59726229e+09
0.0350	0.1150	0.1450	9.73054517e+08
0.0350	0.1250	0.1250	4.51107938e+08
0.0350	0.1250	0.1350	5.15674962e+08
0.0350	0.1250	0.1450	1.17510319e+09
0.0350	0.1350	0.1350	4.64376356e+08
0.0350	0.1350	0.1450	8.70398883e+08
0.0350	0.1450	0.1450	9.84243066e+08
0.0450	0.0450	0.0450	6.91883687e+09
0.0450	0.0450	0.0550	3.40353183e+09
0.0450	0.0450	0.0650	4.71298295e+09
0.0450	0.0450	0.0750	-6.47528712e+08
0.0450	0.0450	0.0850	2.57826176e+09
0.0450	0.0450	0.0950	3.34853790e+09
0.0450	0.0550	0.0550	3.21137972e+09
0.0450	0.0550	0.0650	1.53134833e+09
0.0450	0.0550	0.0750	2.31495886e+09
0.0450	0.0550	0.0850	1.24095579e+09
0.0450	0.0550	0.0950	3.04491418e+09
0.0450	0.0550	0.1050	3.54626414e+09
0.0450	0.0650	0.0650	1.32491510e+09
0.0450	0.0650	0.0750	1.01994102e+09
0.0450	0.0650	0.0850	7.34316292e+08
0.0450	0.0650	0.0950	9.23637319e+08
0.0450	0.0650	0.1050	2.23004137e+09
0.0450	0.0650	0.1150	-8.70877371e+08
0.0450	0.0750	0.0750	9.09042804e+08
0.0450	0.0750	0.0850	2.83421146e+09
0.0450	0.0750	0.0950	9.23877668e+08
0.0450	0.0750	0.1050	1.14512300e+09
0.0450	0.0750	0.1150	2.43163380e+09
0.0450	0.0750	0.1250	3.06479425e+09
0.0450	0.0850	0.0850	1.66842452e+09
0.0450	0.0850	0.0950	1.08115948e+08
0.0450	0.0850	0.1050	1.83765095e+09
0.0450	0.0850	0.1150	9.68614822e+08
0.0450	0.0850	0.1250	1.47236231e+09
0.0450	0.0850	0.1350	9.06007020e+08
0.0450	0.0950	0.0950	8.70570547e+08
0.0450	0.0950	0.1050	8.32203149e+08
0.0450	0.0950	0.1150	1.69508999e+09
0.0450	0.0950	0.1250	1.13472008e+09
0.0450	0.0950	0.1350	1.20366780e+09
0.0450	0.0950	0.1450	2.11424775e+09
0.0450	0.1050	0.1050	-7.67546365e+07
0.0450	0.1050	0.1150	7.37252137e+08
0.0450	0.1050	0.1250	6.73586086e+08
0.0450	0.1050	0.1350	1.01156736e+09
0.0450	0.1050	0.1450	1.24491031e+09
0.0450	0.1150	0.1150	7.86742686e+08
0.0450	0.1150	0.1250	7.54756213e+08
0.0450	0.1150	0.1350	1.34095755e+09
0.0450	0.1150	0.1450	7.00342857e+08
0.0450	0.1250	0.1250	8.62043352e+08
0.0450	0.1250	0.1350	8.36127018e+08
0.0450	0.1250	0.1450	7.25143033e+08
0.0450	0.1350	0.1350	8.33925474e+08
0.0450	0.1350	0.1450	7.07548127e+08
0.0450	0.1450	0.1450	7.82481872e+08
0.0550	0.0550	0.0550	7.13006453e+08
0.0550	0.0550	0.0650	2.51427958e+09
0.0550	0.0550	0.0750	4.10736072e+09
0.0550	0.0550	0.0850	2.86908580e+08
0.0550	0.0550	0.0950	3.48547814e+09
0.0550	0.0550	0.1050	2.31113930e+09
0.0550	0.0550	0.1150	2.11631811e+09
0.0550	0.0650	0.0650	1.60063631e+09
0.0550	0.0650	0.0750	6.18783209e+08
0.0550	0.0650	0.0850	1.10047096e+09
0.0550	0.0650	0.0950	8.40437082e+08
0.0550	0.0650	0.1050	1.49718724e+09
0.0550	0.0650	0.1150	2.10041128e+09
0.0550	0.0650	0.1250	1.33256006e+09
0.0550	0.0750	0.0750	1.02148821e+09
0.0550	0.0750	0.0850	1.10014103e+09
0.0550	0.0750	0.0950	1.72599824e+09
0.0550	0.0750	0.1050	1.47031443e+09
0.0550	0.0750	0.1150	1.11694715e+09
0.0550	0.0750	0.1250	1.65851158e+09
0.0550	0.0750	0.1350	3.22784867e+09
0.0550	0.0850	0.0850	1.55523881e+09
0.0550	0.0850	0.0950	9.98047160e+08
0.0550	0.0850	0.1050	1.07523821e+09
0.0550	0.0850	0.1150	1.45738899e+09
0.0550	0.0850	0.1250	1.55152198e+09
0.0550	0.0850	0.1350	1.70701835e+09
0.0550	0.0850	0.1450	1.36114639e+09
0.0550	0.0950	0.0950	9.66029603e+08
0.0550	0.0950	0.1050	1.01256292e+09
0.0550	0.0950	0.1150	1.44497154e+09
0.0550	0.0950	0.1250	1.03916761e+09
0.0550	0.0950	0.1350	1.04473967e+09
0.0550	0.0950	0.1450	1.47467842e+09
0.0550	0.1050	0.1050	1.11387076e+09
0.0550	0.1050	0.1150	1.06402653e+09
0.0550	0.1050	0.1250	9.76471375e+08
0.0550	0.1050	0.1350	7.68611011e+08
0.0550	0.1050	0.1450	9.62464135e+08
0.0550	0.1150	0.1150	7.68249831e+08
0.0550	0.1150	0.1250	8.91452418e+08
0.0550	0.1150	0.1350	9.48713874e+08
0.0550	0.1150	0.1450	7.55054525e+08
0.0550	0.1250	0.1250	3.92775280e+08
0.0550	0.1250	0.1350	7.17373008e+08
0.0550	0.1250	0.1450	5.02021053e+08
0.0550	0.1350	0.1350	9.89788029e+08
0.0550	0.1350	0.1450	6.95453928e+08
0.0550	0.1450	0.1450	2.19866834e+08
0.0650	0.0650	0.0650	-6.01989360e+08
0.0650	0.0650	0.0750	9.28018460e+08
0.0650	0.0650	0.0850	1.81043087e+09
0.0650	0.0650	0.0950	1.44857411e+09
0.0650	0.0650	0.1050	3.58548830e+08
0.0650	0.0650	0.1150	1.43757241e+09
0.0650	0.0650	0.1250	6.01898321e+08
0.0650	0.0650	0.1350	4.92400467e+08
0.0650	0.0750	0.0750	4.23943768e+08
0.0650	0.0750	0.0850	1.64763821e+09
0.0650	0.0750	0.0950	1.18142477e+09
0.0650	0.0750	0.1050	9.12165427e+08
0.0650	0.0750	0.1150	1.04295782e+09
0.0650	0.0750	0.1250	1.08316982e+09
0.0650	0.0750	0.1350	1.48678693e+09
0.0650	0.0750	0.1450	2.38037630e+09
0.0650	0.0850	0.0850	9.42203958e+08
0.0650	0.0850	0.0950	6.65381763e+08
0.0650	0.0850	0.1050	1.20226180e+09
0.0650	0.0850	0.1150	4.18932537e+08
0.0650	0.0850	0.1250	1.05606734e+09
0.0650	0.0850	0.1350	1.21388641e+09
0.0650	0.0850	0.1450	7.54235279e+08
0.0650	0.0950	0.0950	4.22850376e+08
0.0650	0.0950	0.1050	5.91819326e+08
0.0650	0.0950	0.1150	5.81117844e+08
0.0650	0.0950	0.1250	5.56073840e+08
0.0650	0.0950	0.1350	6.89032844e+08
0.0650	0.0950	0.1450	1.00720187e+09
0.0650	0.1050	0.1050	3.70416563e+08
0.0650	0.1050	0.1150	4.82693543e+08
0.0650	0.1050	0.1250	4.19305894e+08
0.0650	0.1050	0.1350	7.17449496e+08
0.0650	0.1050	0.1450	7.54992898e+08
0.0650	0.1150	0.1150	9.24096069e+08
0.0650	0.1150	0.1250	3.15159746e+08
0.0650	0.1150	0.1350	2.01728677e+08
0.0650	0.1150	0.1450	5.81818001e+08
0.0650	0.1250	0.1250	6.56791815e+08
0.0650	0.1250	0.1350	5.34188105e+08
0.0650	0.1250	0.1450	8.05730964e+08
0.0650	0.1350	0.1350	5.82371286e+08
0.0650	0.1350	0.1450	5.76476162e+08
0.0650	0.1450	0.1450	6.43784527e+08
0.0750	0.0750	0.0750	1.42488496e+09
0.0750	0.0750	0.0850	8.04962979e+08
0.0750	0.0750	0.0950	4.97412619e+08
0.0750	0.0750	0.1050	1.44416694e+09
0.0750	0.0750	0.1150	1.08665441e+09
0.0750	0.0750	0.1250	1.09355439e+09
0.0750	0.0750	0.1350	5.18642131e+08
0.0750	0.0750	0.1450	1.70021939e+09
0.0750	0.0850	0.0850	1.37914186e+09
0.0750	0.0850	0.0950	5.41433179e+08
0.0750	0.0850	0.1050	2.55838573e+08
0.0750	0.0850	0.1150	7.54670614e+08
0.0750	0.0850	0.1250	2.87557578e+08
0.0750	0.0850	0.1350	8.91304704e+08
0.0750	0.0850	0.1450	7.07306846e+08
0.0750	0.0950	0.0950	9.81733346e+08
0.0750	0.0950	0.1050	8.75134163e+08
0.0750	0.0950	0.1150	7.77425489e+08
0.0750	0.0950	0.1250	7.29309498e+08
0.0750	0.0950	0.1350	7.39123120e+08
0.0750	0.0950	0.1450	1.03649680e+09
0.0750	0.1050	0.1050	7.86557191e+08
0.0750	0.1050	0.1150	6.63803856e+08
0.0750	0.1050	0.1250	3.84633660e+08
0.0750	0.1050	0.1350	5.77529734e+08
0.0750	0.1050	0.1450	7.41101568e+08
0.0750	0.1150	0.1150	4.78914567e+08
0.0750	0.1150	0.1250	5.40967243e+08
0.0750	0.1150	0.1350	7.22735266e+08
0.0750	0.1150	0.1450	5.83729465e+08
0.0750	0.1250	0.1250	6.39901907e+08
0.0750	0.1250	0.1350	4.03635213e+08
0.0750	0.1250	0.1450	6.85337805e+08
0.0750	0.1350	0.1350	4.17687291e+08
0.0750	0.1350	0.1450	5.05628325e+08
0.0750	0.1450	0.1450	2.50066749e+08
0.0850	0.0850	0.0850	9.96244463e+08
0.0850	0.0850	0.0950	6.65947158e+08
0.0850	0.0850	0.1050	7.83195422e+08
0.0850	0.0850	0.1150	6.39394518e+08
0.0850	0.0850	0.1250	5.42236299e+08
0.0850	0.0850	0.1350	2.56918788e+08
0.0850	0.0850	0.1450	7.26011031e+08
0.0850	0.0950	0.0950	7.03775871e+07
0.0850	0.0950	0.1050	2.74390200e+08
0.0850	0.0950	0.1150	2.88495617e+08
0.0850	0.0950	0.1250	5.75816623e+08
0.0850	0.0950	0.1350	8.35993328e+08
0.0850	0.0950	0.1450	3.64944672e+08
0.0850	0.1050	0.1050	5.86159775e+08
0.0850	0.1050	0.1150	2.77138556e+08
0.0850	0.1050	0.1250	6.54616836e+08
0.0850	0.1050	0.1350	2.24027736e+08
0.0850	0.1050	0.1450	5.32896142e+08
0.0850	0.1150	0.1150	6.54026315e+08
0.0850	0.1150	0.1250	5.33769510e+08
0.0850	0.1150	0.1350	2.50948369e+08
0.0850	0.1150	0.1450	6.40048748e+08
0.0850	0.1250	0.1250	5.31983854e+08
0.0850	0.1250	0.1350	4.98931607e+08
0.0850	0.1250	0.1450	4.21552860e+08
0.0850	0.1350	0.1350	4.47173661e+08
0.0850	0.1350	0.1450	5.05497757e+08
0.0850	0.1450	0.1450	5.80833953e+08
0.0950	0.0950	0.0950	2.34051639e+08
0.0950	0.0950	0.1050	8.85383056e+08
0.0950	0.0950	0.1150	2.61538351e+08
0.0950	0.0950	0.1250	3.21956778e+08
0.0950	0.0950	0.1350	6.28489685e+08
0.0950	0.0950	0.1450	5.85107473e+08
0.0950	0.1050	0.1050	9.26888539e+08
0.0950	0.1050	0.1150	5.38035330e+08
0.0950	0.1050	0.1250	3.75145166e+08
0.0950	0.1050	0.1350	4.40823680e+08
0.0950	0.1050	0.1450	5.30903051e+08
0.0950	0.1150	0.1150	3.85829046e+08
0.0950	0.1150	0.1250	4.22812061e+08
0.0950	0.1150	0.1350	3.28682852e+08
0.0950	0.1150	0.1450	2.83176110e+08
0.0950	0.1250	0.1250	6.88899524e+08
0.0950	0.1250	0.1350	2.38317173e+08
0.0950	0.1250	0.1450	4.29877465e+08
0.0950	0.1350	0.1350	3.85222775e+08
0.0950	0.1350	0.1450	1.75218812e+08
0.0950	0.1450	0.1450	1.45827199e+08
0.1050	0.1050	0.1050	8.39613151e+08
0.1050	0.1050	0.1150	3.41028443e+08
0.1050	0.1050	0.1250	4.73262549e+08
0.1050	0.1050	0.1350	5.83598821e+08
0.1050	0.1050	0.1450	3.03258410e+08
0.1050	0.1150	0.1150	4.39929817e+08
0.1050	0.1150	0.1250	3.29278305e+08
0.1050	0.1150	0.1350	4.94032753e+08
0.1050	0.1150	0.1450	2.44007044e+08
0.1050	0.1250	0.1250	5.30765120e+08
0.1050	0.1250	0.1350	4.09395680e+08
0.1050	0.1250	0.1450	3.31460803e+08
0.1050	0.1350	0.1350	4.33126090e+08
0.1050	0.1350	0.1450	2.84479386e+08
0.1050	0.1450	0.1450	1.71750640e+08
0.1150	0.1150	0.1150	4.31883667e+08
0.1150	0.1150	0.1250	2.99886849e+08
0.1150	0.1150	0.1350	1.57326444e+08
0.1150	0.1150	0.1450	2.80535762e+08
0.1150	0.1250	0.1250	2.78295500e+08
0.1150	0.1250	0.1350	3.09154345e+08
0.1150	0.1250	0.1450	2.86509105e+08
0.1150	0.1350	0.1350	1.18274602e+08
0.1150	0.1350	0.1450	4.16880947e+08
0.1150	0.1450	0.1450	2.04851654e+08
0.1250	0.1250	0.1250	3.54880817e+08
0.1250	0.1250	0.1350	3.24757010e+08
0.1250	0.1250	0.1450	1.60703474e+08
0.1250	0.1350	0.1350	2.65854236e+08
0.1250	0.1350	0.1450	2.16913458e+08
0.1250	0.1450	0.1450	2.00737618e+08
0.1350	0.1350	0.1350	2.45233610e+08
0.1350	0.1350	0.1450	2.61225586e+08
0.1350	0.1450	0.1450	2.90186679e+08
0.1450	0.1450	0.1450	-3.46732878e+07
