####### Bispectrum of Patchy Simulation 383 #############
# Patch: sgc
# z-type: z1
# Weights: fkp
# Fiducial Omega_m: 0.310
# Fiducial h: 0.676
# Boxsize: [1000.0, 1900.0, 1100.0]
# Grid: [95, 180, 105]
# k-binning: [0.000, 0.160, 0.010]
# Monte Carlo Simulations: 100
#
# Format: k1 | k2 | k3 | B(k1,k2,k3)
############################################
0.0150	0.0150	0.0150	-2.33962211e+10
0.0150	0.0150	0.0250	1.41140143e+10
0.0150	0.0150	0.0350	2.00865729e+11
0.0150	0.0250	0.0250	9.01419422e+09
0.0150	0.0250	0.0350	-1.11954322e+10
0.0150	0.0250	0.0450	-5.59201025e+09
0.0150	0.0350	0.0350	-2.00299399e+09
0.0150	0.0350	0.0450	8.16741939e+09
0.0150	0.0350	0.0550	2.12792978e+10
0.0150	0.0450	0.0450	1.69582992e+09
0.0150	0.0450	0.0550	7.68321432e+09
0.0150	0.0450	0.0650	2.11015739e+10
0.0150	0.0550	0.0550	7.59996173e+09
0.0150	0.0550	0.0650	5.16687493e+09
0.0150	0.0550	0.0750	8.84087181e+09
0.0150	0.0650	0.0650	-1.47663235e+09
0.0150	0.0650	0.0750	3.12956891e+09
0.0150	0.0650	0.0850	1.20473893e+10
0.0150	0.0750	0.0750	-1.00694152e+09
0.0150	0.0750	0.0850	1.87798442e+09
0.0150	0.0750	0.0950	1.19666877e+10
0.0150	0.0850	0.0850	2.82461669e+09
0.0150	0.0850	0.0950	5.38734045e+09
0.0150	0.0850	0.1050	7.41033885e+09
0.0150	0.0950	0.0950	-1.60809822e+08
0.0150	0.0950	0.1050	6.16410481e+09
0.0150	0.0950	0.1150	2.98912689e+09
0.0150	0.1050	0.1050	-1.79042053e+09
0.0150	0.1050	0.1150	2.02172926e+09
0.0150	0.1050	0.1250	4.15515568e+09
0.0150	0.1150	0.1150	1.71109173e+09
0.0150	0.1150	0.1250	2.52119539e+09
0.0150	0.1150	0.1350	2.10701331e+09
0.0150	0.1250	0.1250	-3.24821161e+07
0.0150	0.1250	0.1350	2.66616462e+09
0.0150	0.1250	0.1450	1.44213805e+09
0.0150	0.1350	0.1350	1.70853722e+09
0.0150	0.1350	0.1450	1.87760858e+09
0.0150	0.1450	0.1450	9.40428269e+08
0.0250	0.0250	0.0250	1.08097718e+10
0.0250	0.0250	0.0350	-4.42934170e+09
0.0250	0.0250	0.0450	1.46123041e+10
0.0250	0.0250	0.0550	1.93295809e+10
0.0250	0.0350	0.0350	1.91500380e+10
0.0250	0.0350	0.0450	1.24658564e+09
0.0250	0.0350	0.0550	2.57251528e+09
0.0250	0.0350	0.0650	1.07256577e+10
0.0250	0.0450	0.0450	-2.24468258e+09
0.0250	0.0450	0.0550	3.85336112e+09
0.0250	0.0450	0.0650	1.36532551e+09
0.0250	0.0450	0.0750	1.29087916e+09
0.0250	0.0550	0.0550	4.43538535e+09
0.0250	0.0550	0.0650	3.21944769e+09
0.0250	0.0550	0.0750	3.48448825e+09
0.0250	0.0550	0.0850	3.44729370e+09
0.0250	0.0650	0.0650	1.92708035e+09
0.0250	0.0650	0.0750	1.41021614e+09
0.0250	0.0650	0.0850	1.59645580e+09
0.0250	0.0650	0.0950	4.12055322e+09
0.0250	0.0750	0.0750	2.64858399e+09
0.0250	0.0750	0.0850	1.91197557e+09
0.0250	0.0750	0.0950	3.46395366e+09
0.0250	0.0750	0.1050	1.83255383e+09
0.0250	0.0850	0.0850	3.86194522e+09
0.0250	0.0850	0.0950	1.05053212e+09
0.0250	0.0850	0.1050	2.88222400e+09
0.0250	0.0850	0.1150	4.48808140e+09
0.0250	0.0950	0.0950	2.92388919e+09
0.0250	0.0950	0.1050	7.77090304e+08
0.0250	0.0950	0.1150	1.61313682e+09
0.0250	0.0950	0.1250	4.86276743e+09
0.0250	0.1050	0.1050	1.72318413e+09
0.0250	0.1050	0.1150	1.72063788e+09
0.0250	0.1050	0.1250	1.78352686e+09
0.0250	0.1050	0.1350	2.20054859e+09
0.0250	0.1150	0.1150	1.14239286e+09
0.0250	0.1150	0.1250	1.23488951e+09
0.0250	0.1150	0.1350	2.07458185e+09
0.0250	0.1150	0.1450	2.70430491e+09
0.0250	0.1250	0.1250	-2.35711078e+07
0.0250	0.1250	0.1350	1.14254328e+09
0.0250	0.1250	0.1450	1.52892738e+09
0.0250	0.1350	0.1350	7.16559128e+08
0.0250	0.1350	0.1450	8.08784177e+08
0.0250	0.1450	0.1450	1.09245126e+09
0.0350	0.0350	0.0350	7.92374211e+09
0.0350	0.0350	0.0450	7.95114518e+09
0.0350	0.0350	0.0550	8.95961564e+09
0.0350	0.0350	0.0650	5.97717410e+09
0.0350	0.0350	0.0750	1.42189624e+09
0.0350	0.0450	0.0450	1.26830999e+08
0.0350	0.0450	0.0550	6.61141815e+08
0.0350	0.0450	0.0650	1.71852933e+09
0.0350	0.0450	0.0750	5.63842279e+09
0.0350	0.0450	0.0850	4.21145841e+09
0.0350	0.0550	0.0550	3.97273032e+09
0.0350	0.0550	0.0650	5.20257411e+09
0.0350	0.0550	0.0750	2.81884393e+09
0.0350	0.0550	0.0850	5.91756094e+09
0.0350	0.0550	0.0950	2.23443814e+09
0.0350	0.0650	0.0650	3.73901510e+09
0.0350	0.0650	0.0750	4.65119090e+08
0.0350	0.0650	0.0850	2.34346765e+09
0.0350	0.0650	0.0950	5.07353140e+09
0.0350	0.0650	0.1050	9.97266390e+08
0.0350	0.0750	0.0750	2.50909621e+09
0.0350	0.0750	0.0850	1.78969617e+09
0.0350	0.0750	0.0950	8.17821980e+08
0.0350	0.0750	0.1050	2.74847226e+09
0.0350	0.0750	0.1150	3.31445619e+09
0.0350	0.0850	0.0850	3.91923260e+09
0.0350	0.0850	0.0950	1.59879558e+09
0.0350	0.0850	0.1050	1.89593466e+09
0.0350	0.0850	0.1150	1.50810095e+09
0.0350	0.0850	0.1250	1.80734472e+09
0.0350	0.0950	0.0950	1.15563134e+09
0.0350	0.0950	0.1050	7.18847183e+08
0.0350	0.0950	0.1150	1.29267433e+09
0.0350	0.0950	0.1250	2.29977964e+09
0.0350	0.0950	0.1350	3.59072558e+09
0.0350	0.1050	0.1050	2.62909832e+09
0.0350	0.1050	0.1150	1.02525820e+09
0.0350	0.1050	0.1250	9.03828827e+08
0.0350	0.1050	0.1350	1.77335200e+09
0.0350	0.1050	0.1450	2.37970387e+09
0.0350	0.1150	0.1150	1.10289559e+09
0.0350	0.1150	0.1250	1.21196726e+09
0.0350	0.1150	0.1350	1.04801253e+09
0.0350	0.1150	0.1450	1.30865580e+09
0.0350	0.1250	0.1250	9.03321037e+08
0.0350	0.1250	0.1350	1.31193059e+09
0.0350	0.1250	0.1450	1.34888985e+09
0.0350	0.1350	0.1350	1.25904462e+09
0.0350	0.1350	0.1450	8.89427676e+08
0.0350	0.1450	0.1450	1.34133746e+09
0.0450	0.0450	0.0450	1.61868982e+09
0.0450	0.0450	0.0550	1.82365191e+09
0.0450	0.0450	0.0650	1.49642503e+09
0.0450	0.0450	0.0750	6.99176247e+08
0.0450	0.0450	0.0850	2.54235803e+09
0.0450	0.0450	0.0950	-1.85705713e+09
0.0450	0.0550	0.0550	1.23485629e+09
0.0450	0.0550	0.0650	3.21884166e+09
0.0450	0.0550	0.0750	2.18850218e+09
0.0450	0.0550	0.0850	2.21675046e+09
0.0450	0.0550	0.0950	2.79015760e+09
0.0450	0.0550	0.1050	9.60904043e+08
0.0450	0.0650	0.0650	1.30698237e+09
0.0450	0.0650	0.0750	1.17895454e+09
0.0450	0.0650	0.0850	1.68212774e+09
0.0450	0.0650	0.0950	2.15793464e+09
0.0450	0.0650	0.1050	2.74906713e+09
0.0450	0.0650	0.1150	1.02713014e+08
0.0450	0.0750	0.0750	1.45168518e+08
0.0450	0.0750	0.0850	9.13161820e+08
0.0450	0.0750	0.0950	1.28004143e+09
0.0450	0.0750	0.1050	1.53182866e+09
0.0450	0.0750	0.1150	7.32884839e+08
0.0450	0.0750	0.1250	2.62372179e+09
0.0450	0.0850	0.0850	1.17045590e+09
0.0450	0.0850	0.0950	1.29070982e+09
0.0450	0.0850	0.1050	1.25650323e+09
0.0450	0.0850	0.1150	1.77766385e+09
0.0450	0.0850	0.1250	1.53080091e+09
0.0450	0.0850	0.1350	1.57037619e+09
0.0450	0.0950	0.0950	4.81691372e+08
0.0450	0.0950	0.1050	7.87496958e+08
0.0450	0.0950	0.1150	1.30815414e+09
0.0450	0.0950	0.1250	1.52293176e+09
0.0450	0.0950	0.1350	9.82856921e+08
0.0450	0.0950	0.1450	-7.89682079e+06
0.0450	0.1050	0.1050	8.45664450e+08
0.0450	0.1050	0.1150	8.14227800e+08
0.0450	0.1050	0.1250	9.18538363e+08
0.0450	0.1050	0.1350	7.60670715e+08
0.0450	0.1050	0.1450	9.18838132e+08
0.0450	0.1150	0.1150	6.78202740e+08
0.0450	0.1150	0.1250	4.01231123e+08
0.0450	0.1150	0.1350	1.17672435e+09
0.0450	0.1150	0.1450	6.88961767e+08
0.0450	0.1250	0.1250	9.58889458e+08
0.0450	0.1250	0.1350	4.39904891e+08
0.0450	0.1250	0.1450	6.23546182e+08
0.0450	0.1350	0.1350	6.65748350e+08
0.0450	0.1350	0.1450	5.39253752e+08
0.0450	0.1450	0.1450	2.65868257e+08
0.0550	0.0550	0.0550	-1.42841616e+08
0.0550	0.0550	0.0650	8.38160972e+08
0.0550	0.0550	0.0750	1.18933392e+09
0.0550	0.0550	0.0850	2.96283988e+09
0.0550	0.0550	0.0950	2.76748548e+09
0.0550	0.0550	0.1050	4.69473837e+09
0.0550	0.0550	0.1150	4.83533025e+09
0.0550	0.0650	0.0650	1.51490132e+09
0.0550	0.0650	0.0750	7.79866004e+08
0.0550	0.0650	0.0850	1.48755900e+09
0.0550	0.0650	0.0950	1.44542482e+09
0.0550	0.0650	0.1050	1.10775109e+09
0.0550	0.0650	0.1150	2.14723316e+09
0.0550	0.0650	0.1250	1.96156244e+09
0.0550	0.0750	0.0750	1.85043679e+09
0.0550	0.0750	0.0850	1.75715231e+09
0.0550	0.0750	0.0950	1.65038914e+09
0.0550	0.0750	0.1050	2.67637002e+09
0.0550	0.0750	0.1150	2.26368313e+09
0.0550	0.0750	0.1250	2.18011307e+09
0.0550	0.0750	0.1350	2.39665340e+09
0.0550	0.0850	0.0850	7.40313196e+08
0.0550	0.0850	0.0950	1.36764279e+09
0.0550	0.0850	0.1050	9.81866272e+08
0.0550	0.0850	0.1150	1.21184447e+09
0.0550	0.0850	0.1250	1.88493154e+09
0.0550	0.0850	0.1350	1.47115209e+09
0.0550	0.0850	0.1450	9.10757704e+08
0.0550	0.0950	0.0950	6.16951002e+08
0.0550	0.0950	0.1050	8.29565674e+08
0.0550	0.0950	0.1150	1.15447177e+09
0.0550	0.0950	0.1250	1.07554553e+09
0.0550	0.0950	0.1350	8.06383050e+08
0.0550	0.0950	0.1450	1.39587581e+09
0.0550	0.1050	0.1050	1.36465753e+09
0.0550	0.1050	0.1150	2.93629036e+08
0.0550	0.1050	0.1250	8.19648818e+08
0.0550	0.1050	0.1350	1.50658264e+09
0.0550	0.1050	0.1450	1.32345737e+09
0.0550	0.1150	0.1150	1.04014959e+09
0.0550	0.1150	0.1250	1.07515474e+09
0.0550	0.1150	0.1350	8.28721764e+08
0.0550	0.1150	0.1450	8.33944691e+08
0.0550	0.1250	0.1250	7.29640591e+08
0.0550	0.1250	0.1350	7.98964720e+08
0.0550	0.1250	0.1450	5.48058765e+08
0.0550	0.1350	0.1350	2.89028583e+08
0.0550	0.1350	0.1450	7.89735064e+08
0.0550	0.1450	0.1450	7.46504115e+08
0.0650	0.0650	0.0650	2.44988975e+09
0.0650	0.0650	0.0750	-1.30838427e+08
0.0650	0.0650	0.0850	2.32684060e+09
0.0650	0.0650	0.0950	1.11737521e+09
0.0650	0.0650	0.1050	2.11190632e+09
0.0650	0.0650	0.1150	1.70307830e+09
0.0650	0.0650	0.1250	2.35773733e+09
0.0650	0.0650	0.1350	2.22424596e+09
0.0650	0.0750	0.0750	1.03872614e+09
0.0650	0.0750	0.0850	8.15334260e+08
0.0650	0.0750	0.0950	1.00489040e+09
0.0650	0.0750	0.1050	2.11696815e+08
0.0650	0.0750	0.1150	7.20934286e+08
0.0650	0.0750	0.1250	1.42651376e+09
0.0650	0.0750	0.1350	1.16965994e+09
0.0650	0.0750	0.1450	1.61376538e+08
0.0650	0.0850	0.0850	1.20791484e+09
0.0650	0.0850	0.0950	7.42919363e+08
0.0650	0.0850	0.1050	9.59391006e+08
0.0650	0.0850	0.1150	8.38724071e+08
0.0650	0.0850	0.1250	6.00761264e+08
0.0650	0.0850	0.1350	1.25040214e+09
0.0650	0.0850	0.1450	1.38227672e+09
0.0650	0.0950	0.0950	1.22738391e+09
0.0650	0.0950	0.1050	8.36304431e+08
0.0650	0.0950	0.1150	1.05056664e+09
0.0650	0.0950	0.1250	8.79769755e+08
0.0650	0.0950	0.1350	9.81895989e+08
0.0650	0.0950	0.1450	8.50374769e+08
0.0650	0.1050	0.1050	7.45214498e+08
0.0650	0.1050	0.1150	5.21232949e+08
0.0650	0.1050	0.1250	4.74330079e+08
0.0650	0.1050	0.1350	5.24644306e+08
0.0650	0.1050	0.1450	7.28701318e+08
0.0650	0.1150	0.1150	3.37307860e+08
0.0650	0.1150	0.1250	4.33604065e+08
0.0650	0.1150	0.1350	4.71241050e+08
0.0650	0.1150	0.1450	4.34139951e+08
0.0650	0.1250	0.1250	1.66110645e+08
0.0650	0.1250	0.1350	5.68118757e+08
0.0650	0.1250	0.1450	6.96097181e+08
0.0650	0.1350	0.1350	2.74874139e+08
0.0650	0.1350	0.1450	5.94364239e+08
0.0650	0.1450	0.1450	4.31987990e+08
0.0750	0.0750	0.0750	1.42006358e+09
0.0750	0.0750	0.0850	7.57714884e+08
0.0750	0.0750	0.0950	8.25685193e+08
0.0750	0.0750	0.1050	1.27597150e+09
0.0750	0.0750	0.1150	9.07440683e+08
0.0750	0.0750	0.1250	1.19431300e+09
0.0750	0.0750	0.1350	7.55831143e+08
0.0750	0.0750	0.1450	1.81301436e+09
0.0750	0.0850	0.0850	5.48954680e+08
0.0750	0.0850	0.0950	8.17216991e+08
0.0750	0.0850	0.1050	8.52860052e+08
0.0750	0.0850	0.1150	1.36920058e+09
0.0750	0.0850	0.1250	8.47333082e+08
0.0750	0.0850	0.1350	7.34642401e+08
0.0750	0.0850	0.1450	9.87602794e+08
0.0750	0.0950	0.0950	8.74779581e+08
0.0750	0.0950	0.1050	1.26297544e+09
0.0750	0.0950	0.1150	9.45208463e+07
0.0750	0.0950	0.1250	2.82855821e+08
0.0750	0.0950	0.1350	8.39852536e+08
0.0750	0.0950	0.1450	6.87976160e+08
0.0750	0.1050	0.1050	2.74333926e+08
0.0750	0.1050	0.1150	5.99669148e+08
0.0750	0.1050	0.1250	5.66740228e+08
0.0750	0.1050	0.1350	7.65161439e+08
0.0750	0.1050	0.1450	5.76813422e+08
0.0750	0.1150	0.1150	6.45434576e+08
0.0750	0.1150	0.1250	6.38010684e+08
0.0750	0.1150	0.1350	8.50371218e+08
0.0750	0.1150	0.1450	5.01944675e+08
0.0750	0.1250	0.1250	5.26595833e+08
0.0750	0.1250	0.1350	3.33744020e+08
0.0750	0.1250	0.1450	4.82457209e+08
0.0750	0.1350	0.1350	5.62603157e+08
0.0750	0.1350	0.1450	5.08987221e+08
0.0750	0.1450	0.1450	5.16930281e+08
0.0850	0.0850	0.0850	1.03555505e+09
0.0850	0.0850	0.0950	4.31013923e+08
0.0850	0.0850	0.1050	7.22737462e+08
0.0850	0.0850	0.1150	-2.29418164e+08
0.0850	0.0850	0.1250	7.76262681e+08
0.0850	0.0850	0.1350	7.90398797e+08
0.0850	0.0850	0.1450	6.03411913e+08
0.0850	0.0950	0.0950	1.02712273e+09
0.0850	0.0950	0.1050	3.28569859e+08
0.0850	0.0950	0.1150	5.55893073e+08
0.0850	0.0950	0.1250	7.95530611e+08
0.0850	0.0950	0.1350	6.60549330e+08
0.0850	0.0950	0.1450	6.63460605e+08
0.0850	0.1050	0.1050	9.05273079e+08
0.0850	0.1050	0.1150	5.88817884e+08
0.0850	0.1050	0.1250	5.49410678e+08
0.0850	0.1050	0.1350	6.03103224e+08
0.0850	0.1050	0.1450	5.64064783e+08
0.0850	0.1150	0.1150	1.59654988e+08
0.0850	0.1150	0.1250	5.79633138e+08
0.0850	0.1150	0.1350	3.51672313e+08
0.0850	0.1150	0.1450	4.59110657e+08
0.0850	0.1250	0.1250	5.32844468e+08
0.0850	0.1250	0.1350	4.43414322e+08
0.0850	0.1250	0.1450	2.06876941e+08
0.0850	0.1350	0.1350	4.53469845e+08
0.0850	0.1350	0.1450	3.26771823e+08
0.0850	0.1450	0.1450	4.47880426e+08
0.0950	0.0950	0.0950	6.46018731e+08
0.0950	0.0950	0.1050	7.50382265e+08
0.0950	0.0950	0.1150	5.41098047e+08
0.0950	0.0950	0.1250	4.93119471e+08
0.0950	0.0950	0.1350	1.01811927e+09
0.0950	0.0950	0.1450	3.34450293e+08
0.0950	0.1050	0.1050	4.51602234e+08
0.0950	0.1050	0.1150	3.76503783e+08
0.0950	0.1050	0.1250	5.43484726e+08
0.0950	0.1050	0.1350	3.33251073e+08
0.0950	0.1050	0.1450	4.93029771e+08
0.0950	0.1150	0.1150	6.66228519e+08
0.0950	0.1150	0.1250	4.69603331e+08
0.0950	0.1150	0.1350	4.56044074e+08
0.0950	0.1150	0.1450	5.20831904e+08
0.0950	0.1250	0.1250	2.44816815e+08
0.0950	0.1250	0.1350	3.45848454e+08
0.0950	0.1250	0.1450	6.52289768e+08
0.0950	0.1350	0.1350	3.60970440e+08
0.0950	0.1350	0.1450	3.78081874e+08
0.0950	0.1450	0.1450	2.77299777e+08
0.1050	0.1050	0.1050	4.02222882e+08
0.1050	0.1050	0.1150	6.01771813e+08
0.1050	0.1050	0.1250	4.54460556e+08
0.1050	0.1050	0.1350	3.37986654e+08
0.1050	0.1050	0.1450	5.33047752e+08
0.1050	0.1150	0.1150	2.58109385e+08
0.1050	0.1150	0.1250	4.09749778e+08
0.1050	0.1150	0.1350	2.57429053e+08
0.1050	0.1150	0.1450	3.71630683e+08
0.1050	0.1250	0.1250	5.36087902e+08
0.1050	0.1250	0.1350	4.83427554e+08
0.1050	0.1250	0.1450	3.16671029e+08
0.1050	0.1350	0.1350	1.38526162e+08
0.1050	0.1350	0.1450	3.01057323e+08
0.1050	0.1450	0.1450	3.21544754e+08
0.1150	0.1150	0.1150	6.86052966e+08
0.1150	0.1150	0.1250	2.13099932e+08
0.1150	0.1150	0.1350	2.64281042e+08
0.1150	0.1150	0.1450	3.92491056e+08
0.1150	0.1250	0.1250	4.73745467e+08
0.1150	0.1250	0.1350	3.07136271e+08
0.1150	0.1250	0.1450	2.62501531e+08
0.1150	0.1350	0.1350	4.25123370e+08
0.1150	0.1350	0.1450	2.50200825e+08
0.1150	0.1450	0.1450	2.59982392e+08
0.1250	0.1250	0.1250	3.04053893e+08
0.1250	0.1250	0.1350	3.16678933e+08
0.1250	0.1250	0.1450	2.75623984e+08
0.1250	0.1350	0.1350	2.59651689e+08
0.1250	0.1350	0.1450	3.66265547e+08
0.1250	0.1450	0.1450	2.78086467e+08
0.1350	0.1350	0.1350	4.03145091e+08
0.1350	0.1350	0.1450	2.71087477e+08
0.1350	0.1450	0.1450	-3.03752193e+07
0.1450	0.1450	0.1450	4.23795894e+08
