####### Bispectrum of Patchy Simulation 493 #############
# Patch: ngc
# z-type: z1
# Weights: fkp
# Fiducial Omega_m: 0.310
# Fiducial h: 0.676
# Boxsize: [1350.0, 2450.0, 1400.0]
# Grid: [126, 230, 130]
# k-binning: [0.000, 0.160, 0.010]
# Monte Carlo Simulations: 100
#
# Format: k1 | k2 | k3 | B(k1,k2,k3)
############################################
0.0150	0.0150	0.0150	-2.52861604e+10
0.0150	0.0150	0.0250	-2.20113234e+09
0.0150	0.0150	0.0350	8.17588806e+09
0.0150	0.0250	0.0250	2.04656845e+10
0.0150	0.0250	0.0350	6.11141603e+09
0.0150	0.0250	0.0450	9.55207032e+09
0.0150	0.0350	0.0350	1.06387771e+10
0.0150	0.0350	0.0450	8.19733836e+09
0.0150	0.0350	0.0550	8.56520070e+09
0.0150	0.0450	0.0450	5.02053321e+09
0.0150	0.0450	0.0550	4.44825252e+09
0.0150	0.0450	0.0650	2.33690053e+09
0.0150	0.0550	0.0550	-1.66654514e+09
0.0150	0.0550	0.0650	5.47880373e+09
0.0150	0.0550	0.0750	6.36107873e+09
0.0150	0.0650	0.0650	1.57206076e+09
0.0150	0.0650	0.0750	2.41916737e+09
0.0150	0.0650	0.0850	7.12231521e+09
0.0150	0.0750	0.0750	2.46865721e+09
0.0150	0.0750	0.0850	3.57843283e+09
0.0150	0.0750	0.0950	4.71524715e+09
0.0150	0.0850	0.0850	2.60497476e+09
0.0150	0.0850	0.0950	2.80897060e+09
0.0150	0.0850	0.1050	4.09475947e+09
0.0150	0.0950	0.0950	1.51866915e+09
0.0150	0.0950	0.1050	1.83682902e+09
0.0150	0.0950	0.1150	3.64321943e+09
0.0150	0.1050	0.1050	9.74231719e+08
0.0150	0.1050	0.1150	2.32312763e+09
0.0150	0.1050	0.1250	3.64982047e+09
0.0150	0.1150	0.1150	1.43477567e+08
0.0150	0.1150	0.1250	1.56049345e+09
0.0150	0.1150	0.1350	2.41054488e+09
0.0150	0.1250	0.1250	1.16970773e+09
0.0150	0.1250	0.1350	1.67746044e+09
0.0150	0.1250	0.1450	2.66409512e+09
0.0150	0.1350	0.1350	1.01957757e+09
0.0150	0.1350	0.1450	1.59297565e+09
0.0150	0.1450	0.1450	1.13427176e+09
0.0250	0.0250	0.0250	7.54125666e+09
0.0250	0.0250	0.0350	-8.28013225e+08
0.0250	0.0250	0.0450	4.39644858e+09
0.0250	0.0250	0.0550	7.71583977e+09
0.0250	0.0350	0.0350	6.77893336e+09
0.0250	0.0350	0.0450	5.92479955e+09
0.0250	0.0350	0.0550	3.76751653e+09
0.0250	0.0350	0.0650	7.53826724e+09
0.0250	0.0450	0.0450	2.15929649e+09
0.0250	0.0450	0.0550	4.50796194e+09
0.0250	0.0450	0.0650	6.13482967e+09
0.0250	0.0450	0.0750	5.69704824e+09
0.0250	0.0550	0.0550	2.48579840e+09
0.0250	0.0550	0.0650	3.62369148e+09
0.0250	0.0550	0.0750	3.26167000e+09
0.0250	0.0550	0.0850	7.29537594e+09
0.0250	0.0650	0.0650	3.47090224e+09
0.0250	0.0650	0.0750	2.63270276e+09
0.0250	0.0650	0.0850	3.13304112e+09
0.0250	0.0650	0.0950	5.12761436e+09
0.0250	0.0750	0.0750	2.63863104e+09
0.0250	0.0750	0.0850	2.97051294e+09
0.0250	0.0750	0.0950	2.27824117e+09
0.0250	0.0750	0.1050	3.28269207e+09
0.0250	0.0850	0.0850	2.48831576e+09
0.0250	0.0850	0.0950	2.37032012e+09
0.0250	0.0850	0.1050	2.74991870e+09
0.0250	0.0850	0.1150	3.67543979e+09
0.0250	0.0950	0.0950	2.10456718e+09
0.0250	0.0950	0.1050	2.28210086e+09
0.0250	0.0950	0.1150	1.70500062e+09
0.0250	0.0950	0.1250	2.98256834e+09
0.0250	0.1050	0.1050	1.42687226e+09
0.0250	0.1050	0.1150	1.44828610e+09
0.0250	0.1050	0.1250	1.69016229e+09
0.0250	0.1050	0.1350	2.93844423e+09
0.0250	0.1150	0.1150	1.13195282e+09
0.0250	0.1150	0.1250	1.53945865e+09
0.0250	0.1150	0.1350	1.82710690e+09
0.0250	0.1150	0.1450	2.09404304e+09
0.0250	0.1250	0.1250	7.31846354e+08
0.0250	0.1250	0.1350	1.30082982e+09
0.0250	0.1250	0.1450	1.59464086e+09
0.0250	0.1350	0.1350	1.23033193e+09
0.0250	0.1350	0.1450	9.56934941e+08
0.0250	0.1450	0.1450	7.85699256e+08
0.0350	0.0350	0.0350	2.28128265e+09
0.0350	0.0350	0.0450	6.71174457e+09
0.0350	0.0350	0.0550	5.56621917e+09
0.0350	0.0350	0.0650	5.50983054e+09
0.0350	0.0350	0.0750	5.38639419e+09
0.0350	0.0450	0.0450	2.06036997e+09
0.0350	0.0450	0.0550	4.87002858e+09
0.0350	0.0450	0.0650	1.85548547e+09
0.0350	0.0450	0.0750	2.96447059e+09
0.0350	0.0450	0.0850	5.77027051e+09
0.0350	0.0550	0.0550	2.17196631e+09
0.0350	0.0550	0.0650	1.47166052e+09
0.0350	0.0550	0.0750	3.58356599e+09
0.0350	0.0550	0.0850	4.19479311e+09
0.0350	0.0550	0.0950	2.74693407e+09
0.0350	0.0650	0.0650	2.09798698e+09
0.0350	0.0650	0.0750	1.82350705e+09
0.0350	0.0650	0.0850	2.63677969e+09
0.0350	0.0650	0.0950	3.14652099e+09
0.0350	0.0650	0.1050	2.11408141e+09
0.0350	0.0750	0.0750	2.74855453e+09
0.0350	0.0750	0.0850	2.16612351e+09
0.0350	0.0750	0.0950	2.41037305e+09
0.0350	0.0750	0.1050	2.69963677e+09
0.0350	0.0750	0.1150	1.87197603e+09
0.0350	0.0850	0.0850	1.04740287e+09
0.0350	0.0850	0.0950	1.14052999e+09
0.0350	0.0850	0.1050	2.08601522e+09
0.0350	0.0850	0.1150	2.33042268e+09
0.0350	0.0850	0.1250	1.71223025e+09
0.0350	0.0950	0.0950	1.31236489e+09
0.0350	0.0950	0.1050	1.47957758e+09
0.0350	0.0950	0.1150	1.41868428e+09
0.0350	0.0950	0.1250	2.01778610e+09
0.0350	0.0950	0.1350	6.49718583e+08
0.0350	0.1050	0.1050	1.36653055e+09
0.0350	0.1050	0.1150	1.44040248e+09
0.0350	0.1050	0.1250	1.27709776e+09
0.0350	0.1050	0.1350	1.65980048e+09
0.0350	0.1050	0.1450	1.63390665e+09
0.0350	0.1150	0.1150	1.15590265e+09
0.0350	0.1150	0.1250	9.34763570e+08
0.0350	0.1150	0.1350	1.29862277e+09
0.0350	0.1150	0.1450	1.11345571e+09
0.0350	0.1250	0.1250	1.10351752e+09
0.0350	0.1250	0.1350	7.09155247e+08
0.0350	0.1250	0.1450	1.23158437e+09
0.0350	0.1350	0.1350	9.73032032e+08
0.0350	0.1350	0.1450	8.90757676e+08
0.0350	0.1450	0.1450	9.54337388e+08
0.0450	0.0450	0.0450	3.00992312e+09
0.0450	0.0450	0.0550	-3.00467187e+08
0.0450	0.0450	0.0650	1.64654776e+09
0.0450	0.0450	0.0750	3.43171503e+09
0.0450	0.0450	0.0850	3.46685225e+09
0.0450	0.0450	0.0950	4.19388759e+09
0.0450	0.0550	0.0550	1.44210238e+09
0.0450	0.0550	0.0650	2.73617328e+09
0.0450	0.0550	0.0750	1.41090832e+09
0.0450	0.0550	0.0850	2.36058698e+09
0.0450	0.0550	0.0950	2.65863793e+09
0.0450	0.0550	0.1050	2.45529364e+09
0.0450	0.0650	0.0650	3.36837043e+08
0.0450	0.0650	0.0750	1.23380262e+09
0.0450	0.0650	0.0850	1.04817578e+09
0.0450	0.0650	0.0950	1.49526918e+09
0.0450	0.0650	0.1050	2.71868759e+09
0.0450	0.0650	0.1150	2.18243762e+09
0.0450	0.0750	0.0750	2.20096561e+09
0.0450	0.0750	0.0850	1.90060653e+09
0.0450	0.0750	0.0950	1.02014692e+09
0.0450	0.0750	0.1050	1.65988601e+09
0.0450	0.0750	0.1150	1.74739956e+09
0.0450	0.0750	0.1250	1.59091813e+09
0.0450	0.0850	0.0850	1.32518334e+09
0.0450	0.0850	0.0950	1.01712096e+09
0.0450	0.0850	0.1050	1.35749900e+09
0.0450	0.0850	0.1150	1.49503634e+09
0.0450	0.0850	0.1250	1.82778372e+09
0.0450	0.0850	0.1350	2.23489332e+09
0.0450	0.0950	0.0950	9.53817495e+08
0.0450	0.0950	0.1050	1.02356116e+09
0.0450	0.0950	0.1150	9.27364094e+08
0.0450	0.0950	0.1250	1.07614715e+09
0.0450	0.0950	0.1350	1.23717526e+09
0.0450	0.0950	0.1450	1.31391075e+09
0.0450	0.1050	0.1050	8.04652822e+08
0.0450	0.1050	0.1150	1.17394168e+09
0.0450	0.1050	0.1250	7.05225001e+08
0.0450	0.1050	0.1350	9.69301565e+08
0.0450	0.1050	0.1450	1.35151225e+09
0.0450	0.1150	0.1150	9.91002965e+08
0.0450	0.1150	0.1250	4.82155303e+08
0.0450	0.1150	0.1350	8.96071322e+08
0.0450	0.1150	0.1450	1.05998106e+09
0.0450	0.1250	0.1250	8.83436249e+08
0.0450	0.1250	0.1350	6.88629686e+08
0.0450	0.1250	0.1450	8.41355738e+08
0.0450	0.1350	0.1350	5.88372937e+08
0.0450	0.1350	0.1450	5.44456714e+08
0.0450	0.1450	0.1450	4.62370577e+08
0.0550	0.0550	0.0550	1.83713437e+09
0.0550	0.0550	0.0650	7.12784544e+08
0.0550	0.0550	0.0750	1.94071532e+09
0.0550	0.0550	0.0850	1.22226923e+09
0.0550	0.0550	0.0950	1.23141211e+09
0.0550	0.0550	0.1050	1.83052161e+09
0.0550	0.0550	0.1150	1.18745800e+09
0.0550	0.0650	0.0650	1.47598886e+09
0.0550	0.0650	0.0750	1.29876170e+09
0.0550	0.0650	0.0850	1.27291868e+09
0.0550	0.0650	0.0950	1.83599235e+09
0.0550	0.0650	0.1050	1.53354057e+09
0.0550	0.0650	0.1150	1.12359693e+09
0.0550	0.0650	0.1250	2.09584277e+09
0.0550	0.0750	0.0750	4.67338096e+08
0.0550	0.0750	0.0850	1.51591870e+09
0.0550	0.0750	0.0950	9.16371894e+08
0.0550	0.0750	0.1050	1.22684999e+09
0.0550	0.0750	0.1150	1.16189723e+09
0.0550	0.0750	0.1250	1.44727796e+09
0.0550	0.0750	0.1350	1.40941788e+09
0.0550	0.0850	0.0850	8.07324514e+08
0.0550	0.0850	0.0950	1.06318506e+09
0.0550	0.0850	0.1050	1.06015687e+09
0.0550	0.0850	0.1150	1.01992669e+09
0.0550	0.0850	0.1250	1.01155440e+09
0.0550	0.0850	0.1350	1.59198163e+09
0.0550	0.0850	0.1450	1.69224196e+09
0.0550	0.0950	0.0950	9.93209470e+08
0.0550	0.0950	0.1050	9.05244303e+08
0.0550	0.0950	0.1150	1.02243413e+09
0.0550	0.0950	0.1250	7.84114042e+08
0.0550	0.0950	0.1350	1.10176721e+09
0.0550	0.0950	0.1450	1.07427244e+09
0.0550	0.1050	0.1050	9.01905255e+08
0.0550	0.1050	0.1150	7.01115706e+08
0.0550	0.1050	0.1250	8.60639283e+08
0.0550	0.1050	0.1350	5.30467256e+08
0.0550	0.1050	0.1450	8.64642679e+08
0.0550	0.1150	0.1150	6.57936351e+08
0.0550	0.1150	0.1250	3.66345804e+08
0.0550	0.1150	0.1350	8.14718880e+08
0.0550	0.1150	0.1450	7.34193567e+08
0.0550	0.1250	0.1250	5.63529278e+08
0.0550	0.1250	0.1350	5.30839017e+08
0.0550	0.1250	0.1450	6.13808937e+08
0.0550	0.1350	0.1350	8.08929592e+08
0.0550	0.1350	0.1450	5.88970455e+08
0.0550	0.1450	0.1450	6.45077196e+08
0.0650	0.0650	0.0650	3.14168660e+09
0.0650	0.0650	0.0750	8.06360909e+08
0.0650	0.0650	0.0850	1.06087158e+09
0.0650	0.0650	0.0950	1.44188526e+09
0.0650	0.0650	0.1050	1.14295864e+09
0.0650	0.0650	0.1150	1.30332873e+09
0.0650	0.0650	0.1250	2.08478721e+09
0.0650	0.0650	0.1350	1.32749094e+09
0.0650	0.0750	0.0750	7.13987952e+08
0.0650	0.0750	0.0850	1.19907235e+09
0.0650	0.0750	0.0950	7.39065763e+08
0.0650	0.0750	0.1050	1.18878672e+09
0.0650	0.0750	0.1150	1.31494655e+09
0.0650	0.0750	0.1250	1.36076007e+09
0.0650	0.0750	0.1350	1.35372801e+09
0.0650	0.0750	0.1450	9.58520422e+08
0.0650	0.0850	0.0850	3.24339540e+08
0.0650	0.0850	0.0950	7.95189989e+08
0.0650	0.0850	0.1050	6.02599056e+08
0.0650	0.0850	0.1150	9.00966023e+08
0.0650	0.0850	0.1250	9.06090905e+08
0.0650	0.0850	0.1350	8.11920971e+08
0.0650	0.0850	0.1450	1.32493654e+09
0.0650	0.0950	0.0950	5.81045256e+08
0.0650	0.0950	0.1050	7.48224759e+08
0.0650	0.0950	0.1150	5.92530488e+08
0.0650	0.0950	0.1250	8.79496318e+08
0.0650	0.0950	0.1350	7.38133675e+08
0.0650	0.0950	0.1450	8.13956887e+08
0.0650	0.1050	0.1050	6.77699604e+08
0.0650	0.1050	0.1150	6.32912760e+08
0.0650	0.1050	0.1250	6.89080125e+08
0.0650	0.1050	0.1350	7.41831700e+08
0.0650	0.1050	0.1450	5.95451913e+08
0.0650	0.1150	0.1150	7.14049943e+08
0.0650	0.1150	0.1250	5.24275707e+08
0.0650	0.1150	0.1350	6.58269396e+08
0.0650	0.1150	0.1450	6.14432366e+08
0.0650	0.1250	0.1250	4.06065699e+08
0.0650	0.1250	0.1350	6.29098380e+08
0.0650	0.1250	0.1450	5.57595265e+08
0.0650	0.1350	0.1350	3.76115322e+08
0.0650	0.1350	0.1450	4.95259841e+08
0.0650	0.1450	0.1450	5.18906908e+08
0.0750	0.0750	0.0750	4.07098051e+08
0.0750	0.0750	0.0850	1.48325984e+09
0.0750	0.0750	0.0950	7.73233052e+08
0.0750	0.0750	0.1050	7.79946595e+08
0.0750	0.0750	0.1150	6.33457783e+08
0.0750	0.0750	0.1250	1.13588215e+09
0.0750	0.0750	0.1350	1.09698340e+09
0.0750	0.0750	0.1450	1.05402694e+09
0.0750	0.0850	0.0850	1.05509872e+09
0.0750	0.0850	0.0950	6.86229347e+08
0.0750	0.0850	0.1050	6.76895812e+08
0.0750	0.0850	0.1150	7.80200788e+08
0.0750	0.0850	0.1250	7.77970625e+08
0.0750	0.0850	0.1350	9.10149888e+08
0.0750	0.0850	0.1450	9.41869706e+08
0.0750	0.0950	0.0950	5.48688350e+08
0.0750	0.0950	0.1050	4.69402062e+08
0.0750	0.0950	0.1150	5.21543821e+08
0.0750	0.0950	0.1250	7.20041783e+08
0.0750	0.0950	0.1350	6.92654258e+08
0.0750	0.0950	0.1450	7.65349403e+08
0.0750	0.1050	0.1050	7.67362857e+08
0.0750	0.1050	0.1150	3.31848569e+08
0.0750	0.1050	0.1250	6.34000021e+08
0.0750	0.1050	0.1350	4.71281910e+08
0.0750	0.1050	0.1450	6.75417321e+08
0.0750	0.1150	0.1150	6.16258319e+08
0.0750	0.1150	0.1250	4.72015523e+08
0.0750	0.1150	0.1350	6.07068616e+08
0.0750	0.1150	0.1450	4.28274606e+08
0.0750	0.1250	0.1250	5.74203849e+08
0.0750	0.1250	0.1350	4.53987253e+08
0.0750	0.1250	0.1450	4.58827578e+08
0.0750	0.1350	0.1350	6.40289666e+08
0.0750	0.1350	0.1450	4.27709257e+08
0.0750	0.1450	0.1450	3.87858609e+08
0.0850	0.0850	0.0850	3.74128828e+08
0.0850	0.0850	0.0950	4.98862023e+08
0.0850	0.0850	0.1050	4.93998304e+08
0.0850	0.0850	0.1150	5.30654197e+08
0.0850	0.0850	0.1250	7.28366838e+08
0.0850	0.0850	0.1350	9.38496997e+08
0.0850	0.0850	0.1450	6.32609117e+08
0.0850	0.0950	0.0950	6.61581001e+08
0.0850	0.0950	0.1050	4.90378385e+08
0.0850	0.0950	0.1150	6.44737752e+08
0.0850	0.0950	0.1250	6.61260740e+08
0.0850	0.0950	0.1350	5.73812439e+08
0.0850	0.0950	0.1450	5.60080556e+08
0.0850	0.1050	0.1050	4.65604784e+08
0.0850	0.1050	0.1150	5.43017111e+08
0.0850	0.1050	0.1250	3.50261088e+08
0.0850	0.1050	0.1350	4.58153053e+08
0.0850	0.1050	0.1450	5.88210152e+08
0.0850	0.1150	0.1150	3.68774758e+08
0.0850	0.1150	0.1250	4.64378541e+08
0.0850	0.1150	0.1350	4.36550019e+08
0.0850	0.1150	0.1450	4.51353153e+08
0.0850	0.1250	0.1250	3.36285982e+08
0.0850	0.1250	0.1350	5.19733854e+08
0.0850	0.1250	0.1450	3.81127277e+08
0.0850	0.1350	0.1350	4.44752268e+08
0.0850	0.1350	0.1450	4.72232001e+08
0.0850	0.1450	0.1450	3.67610884e+08
0.0950	0.0950	0.0950	4.44825036e+08
0.0950	0.0950	0.1050	2.93825386e+08
0.0950	0.0950	0.1150	4.01819775e+08
0.0950	0.0950	0.1250	5.26208030e+08
0.0950	0.0950	0.1350	4.50671126e+08
0.0950	0.0950	0.1450	3.88506048e+08
0.0950	0.1050	0.1050	3.87674264e+08
0.0950	0.1050	0.1150	4.04912854e+08
0.0950	0.1050	0.1250	4.38764469e+08
0.0950	0.1050	0.1350	3.90490912e+08
0.0950	0.1050	0.1450	5.07255338e+08
0.0950	0.1150	0.1150	3.82104199e+08
0.0950	0.1150	0.1250	3.39220729e+08
0.0950	0.1150	0.1350	5.07797832e+08
0.0950	0.1150	0.1450	3.16797854e+08
0.0950	0.1250	0.1250	4.20005642e+08
0.0950	0.1250	0.1350	3.56818523e+08
0.0950	0.1250	0.1450	3.23561030e+08
0.0950	0.1350	0.1350	3.90442977e+08
0.0950	0.1350	0.1450	3.28287172e+08
0.0950	0.1450	0.1450	3.67574356e+08
0.1050	0.1050	0.1050	3.02966418e+08
0.1050	0.1050	0.1150	3.53011139e+08
0.1050	0.1050	0.1250	2.11129629e+08
0.1050	0.1050	0.1350	5.72883606e+08
0.1050	0.1050	0.1450	4.15975305e+08
0.1050	0.1150	0.1150	2.00634828e+08
0.1050	0.1150	0.1250	3.99521873e+08
0.1050	0.1150	0.1350	2.53141288e+08
0.1050	0.1150	0.1450	3.81136830e+08
0.1050	0.1250	0.1250	3.06491280e+08
0.1050	0.1250	0.1350	3.09788438e+08
0.1050	0.1250	0.1450	3.62219168e+08
0.1050	0.1350	0.1350	3.82709453e+08
0.1050	0.1350	0.1450	2.64424766e+08
0.1050	0.1450	0.1450	3.65668650e+08
0.1150	0.1150	0.1150	3.59848558e+08
0.1150	0.1150	0.1250	4.41881356e+08
0.1150	0.1150	0.1350	3.34842977e+08
0.1150	0.1150	0.1450	2.38545467e+08
0.1150	0.1250	0.1250	3.53935620e+08
0.1150	0.1250	0.1350	2.77321151e+08
0.1150	0.1250	0.1450	2.38436231e+08
0.1150	0.1350	0.1350	2.41473766e+08
0.1150	0.1350	0.1450	2.31828808e+08
0.1150	0.1450	0.1450	2.18035151e+08
0.1250	0.1250	0.1250	3.42119495e+08
0.1250	0.1250	0.1350	3.94473186e+08
0.1250	0.1250	0.1450	2.05182736e+08
0.1250	0.1350	0.1350	3.50939584e+08
0.1250	0.1350	0.1450	3.31568719e+08
0.1250	0.1450	0.1450	3.05052259e+08
0.1350	0.1350	0.1350	7.93855963e+07
0.1350	0.1350	0.1450	1.51761740e+08
0.1350	0.1450	0.1450	2.68453578e+08
0.1450	0.1450	0.1450	3.63515376e+08
