####### Bispectrum of Patchy Simulation 355 #############
# Patch: ngc
# z-type: z1
# Weights: fkp
# Fiducial Omega_m: 0.310
# Fiducial h: 0.676
# Boxsize: [1350.0, 2450.0, 1400.0]
# Grid: [126, 230, 130]
# k-binning: [0.000, 0.160, 0.010]
# Monte Carlo Simulations: 100
#
# Format: k1 | k2 | k3 | B(k1,k2,k3)
############################################
0.0150	0.0150	0.0150	-3.04798059e+10
0.0150	0.0150	0.0250	2.38156772e+10
0.0150	0.0150	0.0350	-1.85504215e+10
0.0150	0.0250	0.0250	-7.10530315e+08
0.0150	0.0250	0.0350	1.31401220e+10
0.0150	0.0250	0.0450	1.29610231e+10
0.0150	0.0350	0.0350	2.80555940e+09
0.0150	0.0350	0.0450	5.18221717e+09
0.0150	0.0350	0.0550	1.53216507e+10
0.0150	0.0450	0.0450	8.29261959e+09
0.0150	0.0450	0.0550	4.24632139e+09
0.0150	0.0450	0.0650	9.10189384e+08
0.0150	0.0550	0.0550	3.15730125e+09
0.0150	0.0550	0.0650	5.60005987e+09
0.0150	0.0550	0.0750	1.34937055e+09
0.0150	0.0650	0.0650	2.43874716e+09
0.0150	0.0650	0.0750	4.25806903e+09
0.0150	0.0650	0.0850	3.60886925e+09
0.0150	0.0750	0.0750	3.62282669e+09
0.0150	0.0750	0.0850	4.07092427e+09
0.0150	0.0750	0.0950	5.17420131e+08
0.0150	0.0850	0.0850	1.61849889e+09
0.0150	0.0850	0.0950	2.64839546e+09
0.0150	0.0850	0.1050	4.69605110e+09
0.0150	0.0950	0.0950	8.27937505e+08
0.0150	0.0950	0.1050	3.90572801e+09
0.0150	0.0950	0.1150	3.90469265e+09
0.0150	0.1050	0.1050	1.68931727e+09
0.0150	0.1050	0.1150	2.84216008e+09
0.0150	0.1050	0.1250	2.70417134e+09
0.0150	0.1150	0.1150	2.15084954e+09
0.0150	0.1150	0.1250	1.50467460e+09
0.0150	0.1150	0.1350	2.44871890e+09
0.0150	0.1250	0.1250	1.26160116e+09
0.0150	0.1250	0.1350	1.87181092e+09
0.0150	0.1250	0.1450	2.18562896e+09
0.0150	0.1350	0.1350	1.14788467e+09
0.0150	0.1350	0.1450	1.50407425e+09
0.0150	0.1450	0.1450	1.58969916e+09
0.0250	0.0250	0.0250	5.79119922e+08
0.0250	0.0250	0.0350	2.78705314e+09
0.0250	0.0250	0.0450	8.84995082e+09
0.0250	0.0250	0.0550	1.46051290e+10
0.0250	0.0350	0.0350	3.35198365e+09
0.0250	0.0350	0.0450	3.47746104e+09
0.0250	0.0350	0.0550	6.06597480e+09
0.0250	0.0350	0.0650	3.41028363e+09
0.0250	0.0450	0.0450	6.30543489e+09
0.0250	0.0450	0.0550	2.44772689e+09
0.0250	0.0450	0.0650	6.88013763e+09
0.0250	0.0450	0.0750	8.24557966e+09
0.0250	0.0550	0.0550	3.39040929e+09
0.0250	0.0550	0.0650	1.96921196e+09
0.0250	0.0550	0.0750	3.16846397e+09
0.0250	0.0550	0.0850	6.13244560e+09
0.0250	0.0650	0.0650	2.13554368e+09
0.0250	0.0650	0.0750	3.74187151e+09
0.0250	0.0650	0.0850	3.63037364e+09
0.0250	0.0650	0.0950	5.65231095e+09
0.0250	0.0750	0.0750	2.48673045e+09
0.0250	0.0750	0.0850	2.54228869e+09
0.0250	0.0750	0.0950	3.21031839e+09
0.0250	0.0750	0.1050	4.53795026e+09
0.0250	0.0850	0.0850	1.84061942e+09
0.0250	0.0850	0.0950	2.60848132e+09
0.0250	0.0850	0.1050	2.91630031e+09
0.0250	0.0850	0.1150	4.71081206e+09
0.0250	0.0950	0.0950	2.02648819e+09
0.0250	0.0950	0.1050	1.11176089e+09
0.0250	0.0950	0.1150	2.53575262e+09
0.0250	0.0950	0.1250	2.27009404e+09
0.0250	0.1050	0.1050	1.05602931e+09
0.0250	0.1050	0.1150	1.70524078e+09
0.0250	0.1050	0.1250	2.26989925e+09
0.0250	0.1050	0.1350	1.29079719e+09
0.0250	0.1150	0.1150	9.77979681e+08
0.0250	0.1150	0.1250	1.37141366e+09
0.0250	0.1150	0.1350	1.91293556e+09
0.0250	0.1150	0.1450	1.86917355e+09
0.0250	0.1250	0.1250	1.24786642e+09
0.0250	0.1250	0.1350	1.25413787e+09
0.0250	0.1250	0.1450	1.73453306e+09
0.0250	0.1350	0.1350	8.24649181e+08
0.0250	0.1350	0.1450	1.12407009e+09
0.0250	0.1450	0.1450	5.87715126e+08
0.0350	0.0350	0.0350	5.14112536e+09
0.0350	0.0350	0.0450	6.01319282e+09
0.0350	0.0350	0.0550	3.52465745e+09
0.0350	0.0350	0.0650	4.89073107e+09
0.0350	0.0350	0.0750	7.05001810e+09
0.0350	0.0450	0.0450	3.94615400e+09
0.0350	0.0450	0.0550	3.05076121e+09
0.0350	0.0450	0.0650	2.69940535e+09
0.0350	0.0450	0.0750	3.45528589e+09
0.0350	0.0450	0.0850	5.92675302e+09
0.0350	0.0550	0.0550	2.30010211e+09
0.0350	0.0550	0.0650	2.70120702e+09
0.0350	0.0550	0.0750	1.81984020e+09
0.0350	0.0550	0.0850	3.08800058e+09
0.0350	0.0550	0.0950	4.59780574e+09
0.0350	0.0650	0.0650	3.50402803e+09
0.0350	0.0650	0.0750	1.95622892e+09
0.0350	0.0650	0.0850	2.51972203e+09
0.0350	0.0650	0.0950	3.24393653e+09
0.0350	0.0650	0.1050	3.07254430e+09
0.0350	0.0750	0.0750	2.18957412e+09
0.0350	0.0750	0.0850	1.25599991e+09
0.0350	0.0750	0.0950	1.70850126e+09
0.0350	0.0750	0.1050	2.42584251e+09
0.0350	0.0750	0.1150	2.40167933e+09
0.0350	0.0850	0.0850	2.21347952e+09
0.0350	0.0850	0.0950	1.02200657e+09
0.0350	0.0850	0.1050	1.52758186e+09
0.0350	0.0850	0.1150	2.43374196e+09
0.0350	0.0850	0.1250	2.11586096e+09
0.0350	0.0950	0.0950	1.23959339e+09
0.0350	0.0950	0.1050	1.12877734e+09
0.0350	0.0950	0.1150	1.48262259e+09
0.0350	0.0950	0.1250	2.00601140e+09
0.0350	0.0950	0.1350	1.54412972e+09
0.0350	0.1050	0.1050	1.43322127e+09
0.0350	0.1050	0.1150	1.53984879e+09
0.0350	0.1050	0.1250	1.37006909e+09
0.0350	0.1050	0.1350	1.44123334e+09
0.0350	0.1050	0.1450	2.24323661e+09
0.0350	0.1150	0.1150	6.21893842e+08
0.0350	0.1150	0.1250	1.26959897e+09
0.0350	0.1150	0.1350	9.59694672e+08
0.0350	0.1150	0.1450	1.40639024e+09
0.0350	0.1250	0.1250	5.95271242e+08
0.0350	0.1250	0.1350	8.67455092e+08
0.0350	0.1250	0.1450	1.14011247e+09
0.0350	0.1350	0.1350	1.07773278e+09
0.0350	0.1350	0.1450	7.27580411e+08
0.0350	0.1450	0.1450	9.67174811e+08
0.0450	0.0450	0.0450	3.00924754e+09
0.0450	0.0450	0.0550	2.45289861e+09
0.0450	0.0450	0.0650	7.99768017e+08
0.0450	0.0450	0.0750	3.75684544e+09
0.0450	0.0450	0.0850	2.37917280e+09
0.0450	0.0450	0.0950	1.33619540e+09
0.0450	0.0550	0.0550	2.36687855e+07
0.0450	0.0550	0.0650	1.72863845e+09
0.0450	0.0550	0.0750	2.29898682e+09
0.0450	0.0550	0.0850	2.28769925e+09
0.0450	0.0550	0.0950	2.07582291e+09
0.0450	0.0550	0.1050	1.88724966e+09
0.0450	0.0650	0.0650	1.89816331e+09
0.0450	0.0650	0.0750	1.31782479e+09
0.0450	0.0650	0.0850	9.66355126e+08
0.0450	0.0650	0.0950	1.89923391e+09
0.0450	0.0650	0.1050	2.09200343e+09
0.0450	0.0650	0.1150	3.11363770e+09
0.0450	0.0750	0.0750	1.60759254e+08
0.0450	0.0750	0.0850	1.66172626e+09
0.0450	0.0750	0.0950	9.63424495e+08
0.0450	0.0750	0.1050	1.73309751e+09
0.0450	0.0750	0.1150	1.65962070e+09
0.0450	0.0750	0.1250	2.41275647e+09
0.0450	0.0850	0.0850	1.05612257e+09
0.0450	0.0850	0.0950	1.23438480e+09
0.0450	0.0850	0.1050	1.06479183e+09
0.0450	0.0850	0.1150	1.72942659e+09
0.0450	0.0850	0.1250	1.63734782e+09
0.0450	0.0850	0.1350	1.82275955e+09
0.0450	0.0950	0.0950	9.76351729e+08
0.0450	0.0950	0.1050	1.03267440e+09
0.0450	0.0950	0.1150	1.34597338e+09
0.0450	0.0950	0.1250	1.15422483e+09
0.0450	0.0950	0.1350	1.19678386e+09
0.0450	0.0950	0.1450	2.09686625e+09
0.0450	0.1050	0.1050	8.47923976e+08
0.0450	0.1050	0.1150	6.08498342e+08
0.0450	0.1050	0.1250	1.21595399e+09
0.0450	0.1050	0.1350	8.35739658e+08
0.0450	0.1050	0.1450	1.05287225e+09
0.0450	0.1150	0.1150	7.50466636e+08
0.0450	0.1150	0.1250	9.71828443e+08
0.0450	0.1150	0.1350	7.78374557e+08
0.0450	0.1150	0.1450	9.26867706e+08
0.0450	0.1250	0.1250	6.13731763e+08
0.0450	0.1250	0.1350	7.25110134e+08
0.0450	0.1250	0.1450	8.83472576e+08
0.0450	0.1350	0.1350	6.34837573e+08
0.0450	0.1350	0.1450	4.59007384e+08
0.0450	0.1450	0.1450	4.90157203e+08
0.0550	0.0550	0.0550	-5.95199456e+07
0.0550	0.0550	0.0650	8.01696699e+08
0.0550	0.0550	0.0750	1.37693493e+09
0.0550	0.0550	0.0850	1.75682475e+09
0.0550	0.0550	0.0950	1.15180347e+09
0.0550	0.0550	0.1050	2.26533847e+09
0.0550	0.0550	0.1150	1.83780842e+09
0.0550	0.0650	0.0650	4.73078410e+08
0.0550	0.0650	0.0750	1.01846232e+09
0.0550	0.0650	0.0850	1.42960911e+09
0.0550	0.0650	0.0950	1.91472654e+09
0.0550	0.0650	0.1050	1.97040533e+09
0.0550	0.0650	0.1150	1.79473488e+09
0.0550	0.0650	0.1250	1.33844709e+09
0.0550	0.0750	0.0750	6.71495451e+08
0.0550	0.0750	0.0850	1.03781644e+09
0.0550	0.0750	0.0950	1.26314595e+09
0.0550	0.0750	0.1050	1.02174979e+09
0.0550	0.0750	0.1150	1.39336478e+09
0.0550	0.0750	0.1250	1.44438465e+09
0.0550	0.0750	0.1350	1.38140071e+09
0.0550	0.0850	0.0850	1.24749811e+09
0.0550	0.0850	0.0950	9.80011354e+08
0.0550	0.0850	0.1050	1.22751635e+09
0.0550	0.0850	0.1150	1.01440740e+09
0.0550	0.0850	0.1250	1.47038886e+09
0.0550	0.0850	0.1350	1.11090628e+09
0.0550	0.0850	0.1450	1.70339700e+09
0.0550	0.0950	0.0950	8.29121524e+08
0.0550	0.0950	0.1050	9.36403383e+08
0.0550	0.0950	0.1150	7.48961215e+08
0.0550	0.0950	0.1250	7.11880060e+08
0.0550	0.0950	0.1350	1.06847746e+09
0.0550	0.0950	0.1450	1.13193843e+09
0.0550	0.1050	0.1050	4.11905891e+08
0.0550	0.1050	0.1150	6.54980975e+08
0.0550	0.1050	0.1250	7.01581289e+08
0.0550	0.1050	0.1350	6.20073870e+08
0.0550	0.1050	0.1450	9.85317738e+08
0.0550	0.1150	0.1150	8.15105628e+08
0.0550	0.1150	0.1250	6.51702644e+08
0.0550	0.1150	0.1350	6.55475783e+08
0.0550	0.1150	0.1450	9.09981895e+08
0.0550	0.1250	0.1250	5.95435761e+08
0.0550	0.1250	0.1350	5.67827385e+08
0.0550	0.1250	0.1450	6.63961861e+08
0.0550	0.1350	0.1350	5.62002334e+08
0.0550	0.1350	0.1450	5.27329685e+08
0.0550	0.1450	0.1450	6.07375578e+08
0.0650	0.0650	0.0650	1.53489954e+09
0.0650	0.0650	0.0750	9.38667298e+08
0.0650	0.0650	0.0850	8.74268362e+08
0.0650	0.0650	0.0950	5.46656709e+08
0.0650	0.0650	0.1050	9.80790251e+08
0.0650	0.0650	0.1150	1.47935466e+09
0.0650	0.0650	0.1250	1.76838164e+09
0.0650	0.0650	0.1350	2.11044508e+09
0.0650	0.0750	0.0750	1.79027561e+09
0.0650	0.0750	0.0850	1.06825886e+09
0.0650	0.0750	0.0950	7.39214502e+08
0.0650	0.0750	0.1050	9.13851885e+08
0.0650	0.0750	0.1150	1.16188153e+09
0.0650	0.0750	0.1250	1.17184546e+09
0.0650	0.0750	0.1350	1.45645620e+09
0.0650	0.0750	0.1450	1.59188863e+09
0.0650	0.0850	0.0850	6.85423393e+08
0.0650	0.0850	0.0950	9.82469614e+08
0.0650	0.0850	0.1050	7.95054696e+08
0.0650	0.0850	0.1150	9.20719546e+08
0.0650	0.0850	0.1250	1.03338258e+09
0.0650	0.0850	0.1350	1.07381434e+09
0.0650	0.0850	0.1450	1.31943544e+09
0.0650	0.0950	0.0950	5.20664988e+08
0.0650	0.0950	0.1050	6.59024590e+08
0.0650	0.0950	0.1150	8.12508260e+08
0.0650	0.0950	0.1250	8.24883621e+08
0.0650	0.0950	0.1350	7.57987936e+08
0.0650	0.0950	0.1450	9.55525303e+08
0.0650	0.1050	0.1050	5.36731028e+08
0.0650	0.1050	0.1150	5.26658558e+08
0.0650	0.1050	0.1250	8.31901103e+08
0.0650	0.1050	0.1350	5.72545618e+08
0.0650	0.1050	0.1450	7.44006389e+08
0.0650	0.1150	0.1150	5.60036193e+08
0.0650	0.1150	0.1250	5.11613195e+08
0.0650	0.1150	0.1350	7.07212122e+08
0.0650	0.1150	0.1450	6.59227054e+08
0.0650	0.1250	0.1250	6.06837447e+08
0.0650	0.1250	0.1350	4.63158748e+08
0.0650	0.1250	0.1450	5.41015668e+08
0.0650	0.1350	0.1350	5.08635546e+08
0.0650	0.1350	0.1450	5.15904324e+08
0.0650	0.1450	0.1450	4.46046878e+08
0.0750	0.0750	0.0750	-2.09866807e+08
0.0750	0.0750	0.0850	1.08747788e+09
0.0750	0.0750	0.0950	9.11133330e+08
0.0750	0.0750	0.1050	7.40883456e+08
0.0750	0.0750	0.1150	6.61049038e+08
0.0750	0.0750	0.1250	6.20605718e+08
0.0750	0.0750	0.1350	1.02319055e+09
0.0750	0.0750	0.1450	1.01057643e+09
0.0750	0.0850	0.0850	1.31934890e+09
0.0750	0.0850	0.0950	7.96327934e+08
0.0750	0.0850	0.1050	7.49242516e+08
0.0750	0.0850	0.1150	8.90356567e+08
0.0750	0.0850	0.1250	7.39387071e+08
0.0750	0.0850	0.1350	9.26482050e+08
0.0750	0.0850	0.1450	7.65745444e+08
0.0750	0.0950	0.0950	6.84536280e+08
0.0750	0.0950	0.1050	4.76730086e+08
0.0750	0.0950	0.1150	4.06000354e+08
0.0750	0.0950	0.1250	6.03203548e+08
0.0750	0.0950	0.1350	5.93302478e+08
0.0750	0.0950	0.1450	7.26194244e+08
0.0750	0.1050	0.1050	4.21885321e+08
0.0750	0.1050	0.1150	6.33198147e+08
0.0750	0.1050	0.1250	5.53181420e+08
0.0750	0.1050	0.1350	6.13664726e+08
0.0750	0.1050	0.1450	4.49741858e+08
0.0750	0.1150	0.1150	5.94235473e+08
0.0750	0.1150	0.1250	3.92733440e+08
0.0750	0.1150	0.1350	4.58859696e+08
0.0750	0.1150	0.1450	5.08595016e+08
0.0750	0.1250	0.1250	4.15560316e+08
0.0750	0.1250	0.1350	4.18896221e+08
0.0750	0.1250	0.1450	4.43646344e+08
0.0750	0.1350	0.1350	4.81420776e+08
0.0750	0.1350	0.1450	4.22745623e+08
0.0750	0.1450	0.1450	1.97301800e+08
0.0850	0.0850	0.0850	7.18552738e+08
0.0850	0.0850	0.0950	3.12304123e+08
0.0850	0.0850	0.1050	5.90954325e+08
0.0850	0.0850	0.1150	7.94770585e+08
0.0850	0.0850	0.1250	6.32598663e+08
0.0850	0.0850	0.1350	5.55764389e+08
0.0850	0.0850	0.1450	9.02459423e+08
0.0850	0.0950	0.0950	6.11356432e+08
0.0850	0.0950	0.1050	6.80128284e+08
0.0850	0.0950	0.1150	5.62159410e+08
0.0850	0.0950	0.1250	7.42265872e+08
0.0850	0.0950	0.1350	5.65890369e+08
0.0850	0.0950	0.1450	5.60750710e+08
0.0850	0.1050	0.1050	4.20982708e+08
0.0850	0.1050	0.1150	4.32428327e+08
0.0850	0.1050	0.1250	6.06490080e+08
0.0850	0.1050	0.1350	5.13592133e+08
0.0850	0.1050	0.1450	5.36894786e+08
0.0850	0.1150	0.1150	5.85384446e+08
0.0850	0.1150	0.1250	5.21014152e+08
0.0850	0.1150	0.1350	3.95576428e+08
0.0850	0.1150	0.1450	4.13608159e+08
0.0850	0.1250	0.1250	2.49909186e+08
0.0850	0.1250	0.1350	3.41134434e+08
0.0850	0.1250	0.1450	3.74976265e+08
0.0850	0.1350	0.1350	3.18312043e+08
0.0850	0.1350	0.1450	4.29716982e+08
0.0850	0.1450	0.1450	4.11461881e+08
0.0950	0.0950	0.0950	6.39754414e+08
0.0950	0.0950	0.1050	4.79715987e+08
0.0950	0.0950	0.1150	2.74562546e+08
0.0950	0.0950	0.1250	4.82012677e+08
0.0950	0.0950	0.1350	5.16088824e+08
0.0950	0.0950	0.1450	4.67940413e+08
0.0950	0.1050	0.1050	5.14680314e+08
0.0950	0.1050	0.1150	4.23617890e+08
0.0950	0.1050	0.1250	4.19075863e+08
0.0950	0.1050	0.1350	4.11661635e+08
0.0950	0.1050	0.1450	3.79083705e+08
0.0950	0.1150	0.1150	5.35331767e+08
0.0950	0.1150	0.1250	4.37790497e+08
0.0950	0.1150	0.1350	3.99289085e+08
0.0950	0.1150	0.1450	4.43024019e+08
0.0950	0.1250	0.1250	4.87356166e+08
0.0950	0.1250	0.1350	2.93157862e+08
0.0950	0.1250	0.1450	2.65435603e+08
0.0950	0.1350	0.1350	2.96193381e+08
0.0950	0.1350	0.1450	3.12747775e+08
0.0950	0.1450	0.1450	3.63927818e+08
0.1050	0.1050	0.1050	4.73584171e+08
0.1050	0.1050	0.1150	5.84071041e+08
0.1050	0.1050	0.1250	3.93057211e+08
0.1050	0.1050	0.1350	3.15280472e+08
0.1050	0.1050	0.1450	4.22843900e+08
0.1050	0.1150	0.1150	4.97158078e+08
0.1050	0.1150	0.1250	3.54556249e+08
0.1050	0.1150	0.1350	3.57063274e+08
0.1050	0.1150	0.1450	4.22382529e+08
0.1050	0.1250	0.1250	3.90825910e+08
0.1050	0.1250	0.1350	2.53376837e+08
0.1050	0.1250	0.1450	2.46098423e+08
0.1050	0.1350	0.1350	2.43567419e+08
0.1050	0.1350	0.1450	2.72122306e+08
0.1050	0.1450	0.1450	2.55798140e+08
0.1150	0.1150	0.1150	3.65148171e+08
0.1150	0.1150	0.1250	3.11029732e+08
0.1150	0.1150	0.1350	3.76787415e+08
0.1150	0.1150	0.1450	3.03782725e+08
0.1150	0.1250	0.1250	3.57582846e+08
0.1150	0.1250	0.1350	2.73542375e+08
0.1150	0.1250	0.1450	4.08326441e+08
0.1150	0.1350	0.1350	3.08082239e+08
0.1150	0.1350	0.1450	2.60161158e+08
0.1150	0.1450	0.1450	3.56288237e+08
0.1250	0.1250	0.1250	2.37647264e+08
0.1250	0.1250	0.1350	2.21090712e+08
0.1250	0.1250	0.1450	2.96153381e+08
0.1250	0.1350	0.1350	2.60428946e+08
0.1250	0.1350	0.1450	2.96227952e+08
0.1250	0.1450	0.1450	2.55840032e+08
0.1350	0.1350	0.1350	2.24703752e+08
0.1350	0.1350	0.1450	1.92528479e+08
0.1350	0.1450	0.1450	1.94071969e+08
0.1450	0.1450	0.1450	2.32467432e+08
