####### Bispectrum of Patchy Simulation 958 #############
# Patch: ngc
# z-type: z3
# Weights: fkp
# Fiducial Omega_m: 0.310
# Fiducial h: 0.676
# Boxsize: [1800.0, 3400.0, 1900.0]
# Grid: [170, 325, 180]
# k-binning: [0.000, 0.160, 0.010]
# Monte Carlo Simulations: 100
#
# Format: k1 | k2 | k3 | B(k1,k2,k3)
############################################
0.0150	0.0150	0.0150	8.03788853e+09
0.0150	0.0150	0.0250	4.57325403e+09
0.0150	0.0150	0.0350	9.96816475e+09
0.0150	0.0250	0.0250	1.58260754e+10
0.0150	0.0250	0.0350	1.04710280e+09
0.0150	0.0250	0.0450	1.23830046e+10
0.0150	0.0350	0.0350	3.57934968e+09
0.0150	0.0350	0.0450	6.18883112e+09
0.0150	0.0350	0.0550	1.09238963e+10
0.0150	0.0450	0.0450	2.88171059e+09
0.0150	0.0450	0.0550	4.28259136e+09
0.0150	0.0450	0.0650	4.47576894e+09
0.0150	0.0550	0.0550	5.04209884e+08
0.0150	0.0550	0.0650	4.10276758e+09
0.0150	0.0550	0.0750	3.29995616e+09
0.0150	0.0650	0.0650	2.59751658e+09
0.0150	0.0650	0.0750	2.33372787e+09
0.0150	0.0650	0.0850	3.32286303e+09
0.0150	0.0750	0.0750	2.16467216e+09
0.0150	0.0750	0.0850	2.22705848e+09
0.0150	0.0750	0.0950	3.91165841e+09
0.0150	0.0850	0.0850	2.00498600e+09
0.0150	0.0850	0.0950	2.74326433e+09
0.0150	0.0850	0.1050	1.44497939e+09
0.0150	0.0950	0.0950	3.66263219e+08
0.0150	0.0950	0.1050	2.45772104e+09
0.0150	0.0950	0.1150	2.13471159e+09
0.0150	0.1050	0.1050	1.33651311e+09
0.0150	0.1050	0.1150	1.58132351e+09
0.0150	0.1050	0.1250	1.16883186e+09
0.0150	0.1150	0.1150	7.24807070e+08
0.0150	0.1150	0.1250	1.59419430e+09
0.0150	0.1150	0.1350	1.97568081e+09
0.0150	0.1250	0.1250	2.46549985e+08
0.0150	0.1250	0.1350	1.25969251e+09
0.0150	0.1250	0.1450	2.52283126e+09
0.0150	0.1350	0.1350	1.27201929e+09
0.0150	0.1350	0.1450	1.49019465e+09
0.0150	0.1450	0.1450	9.93405293e+08
0.0250	0.0250	0.0250	-5.19983124e+08
0.0250	0.0250	0.0350	1.13946108e+10
0.0250	0.0250	0.0450	5.82830282e+09
0.0250	0.0250	0.0550	4.88896491e+09
0.0250	0.0350	0.0350	1.40811580e+09
0.0250	0.0350	0.0450	3.49417941e+09
0.0250	0.0350	0.0550	4.66209703e+09
0.0250	0.0350	0.0650	7.50578856e+09
0.0250	0.0450	0.0450	3.40207083e+09
0.0250	0.0450	0.0550	1.75722198e+09
0.0250	0.0450	0.0650	3.25860111e+09
0.0250	0.0450	0.0750	6.82245005e+09
0.0250	0.0550	0.0550	3.01979994e+09
0.0250	0.0550	0.0650	4.02286191e+09
0.0250	0.0550	0.0750	3.08940281e+09
0.0250	0.0550	0.0850	4.52417460e+09
0.0250	0.0650	0.0650	1.53195635e+09
0.0250	0.0650	0.0750	2.00805503e+09
0.0250	0.0650	0.0850	2.58604646e+09
0.0250	0.0650	0.0950	3.83492347e+09
0.0250	0.0750	0.0750	1.98233937e+09
0.0250	0.0750	0.0850	1.90825953e+09
0.0250	0.0750	0.0950	2.66469990e+09
0.0250	0.0750	0.1050	4.49003040e+09
0.0250	0.0850	0.0850	1.46706646e+09
0.0250	0.0850	0.0950	2.01341354e+09
0.0250	0.0850	0.1050	2.24273484e+09
0.0250	0.0850	0.1150	4.68065478e+09
0.0250	0.0950	0.0950	2.20909265e+09
0.0250	0.0950	0.1050	1.38837144e+09
0.0250	0.0950	0.1150	1.89328001e+09
0.0250	0.0950	0.1250	3.94926175e+09
0.0250	0.1050	0.1050	1.16401263e+09
0.0250	0.1050	0.1150	1.31779751e+09
0.0250	0.1050	0.1250	1.57899505e+09
0.0250	0.1050	0.1350	2.65389740e+09
0.0250	0.1150	0.1150	1.09842064e+09
0.0250	0.1150	0.1250	1.35154986e+09
0.0250	0.1150	0.1350	1.23404486e+09
0.0250	0.1150	0.1450	1.85093127e+09
0.0250	0.1250	0.1250	1.26423007e+09
0.0250	0.1250	0.1350	1.33164459e+09
0.0250	0.1250	0.1450	1.39668118e+09
0.0250	0.1350	0.1350	9.26910901e+08
0.0250	0.1350	0.1450	1.19789910e+09
0.0250	0.1450	0.1450	1.34639815e+09
0.0350	0.0350	0.0350	7.40003530e+09
0.0350	0.0350	0.0450	6.54361858e+08
0.0350	0.0350	0.0550	4.79651679e+09
0.0350	0.0350	0.0650	7.48639815e+09
0.0350	0.0350	0.0750	3.19929149e+09
0.0350	0.0450	0.0450	1.19420743e+09
0.0350	0.0450	0.0550	3.90994308e+09
0.0350	0.0450	0.0650	3.15678658e+09
0.0350	0.0450	0.0750	3.26212391e+09
0.0350	0.0450	0.0850	4.72400054e+09
0.0350	0.0550	0.0550	1.89860143e+09
0.0350	0.0550	0.0650	2.48226631e+09
0.0350	0.0550	0.0750	2.55508425e+09
0.0350	0.0550	0.0850	2.31691870e+09
0.0350	0.0550	0.0950	5.15385558e+09
0.0350	0.0650	0.0650	1.49547711e+09
0.0350	0.0650	0.0750	1.89952464e+09
0.0350	0.0650	0.0850	2.30878731e+09
0.0350	0.0650	0.0950	2.72433549e+09
0.0350	0.0650	0.1050	3.31510822e+09
0.0350	0.0750	0.0750	1.51046762e+09
0.0350	0.0750	0.0850	1.80216616e+09
0.0350	0.0750	0.0950	1.69425432e+09
0.0350	0.0750	0.1050	2.53376773e+09
0.0350	0.0750	0.1150	1.88676485e+09
0.0350	0.0850	0.0850	1.13736471e+09
0.0350	0.0850	0.0950	1.30931920e+09
0.0350	0.0850	0.1050	1.90514333e+09
0.0350	0.0850	0.1150	1.97292949e+09
0.0350	0.0850	0.1250	1.26163976e+09
0.0350	0.0950	0.0950	1.25437000e+09
0.0350	0.0950	0.1050	1.37751709e+09
0.0350	0.0950	0.1150	1.81811623e+09
0.0350	0.0950	0.1250	1.65197979e+09
0.0350	0.0950	0.1350	1.75654277e+09
0.0350	0.1050	0.1050	1.25799976e+09
0.0350	0.1050	0.1150	1.03202433e+09
0.0350	0.1050	0.1250	1.71507946e+09
0.0350	0.1050	0.1350	1.49433039e+09
0.0350	0.1050	0.1450	2.02747359e+09
0.0350	0.1150	0.1150	1.08227842e+09
0.0350	0.1150	0.1250	1.01787769e+09
0.0350	0.1150	0.1350	1.23391741e+09
0.0350	0.1150	0.1450	1.37983261e+09
0.0350	0.1250	0.1250	1.11719509e+09
0.0350	0.1250	0.1350	1.02206672e+09
0.0350	0.1250	0.1450	1.21527852e+09
0.0350	0.1350	0.1350	9.47375703e+08
0.0350	0.1350	0.1450	7.78577462e+08
0.0350	0.1450	0.1450	8.36382512e+08
0.0450	0.0450	0.0450	3.37996355e+09
0.0450	0.0450	0.0550	3.27727873e+08
0.0450	0.0450	0.0650	8.58158174e+08
0.0450	0.0450	0.0750	2.61556744e+09
0.0450	0.0450	0.0850	1.72055378e+09
0.0450	0.0450	0.0950	3.50194721e+09
0.0450	0.0550	0.0550	1.84819344e+09
0.0450	0.0550	0.0650	1.70282123e+09
0.0450	0.0550	0.0750	2.07258934e+09
0.0450	0.0550	0.0850	1.82218941e+09
0.0450	0.0550	0.0950	2.40759170e+09
0.0450	0.0550	0.1050	2.07244053e+09
0.0450	0.0650	0.0650	1.92236758e+09
0.0450	0.0650	0.0750	1.14676915e+09
0.0450	0.0650	0.0850	1.04571598e+09
0.0450	0.0650	0.0950	1.59394752e+09
0.0450	0.0650	0.1050	2.39134852e+09
0.0450	0.0650	0.1150	2.57863590e+09
0.0450	0.0750	0.0750	6.43421839e+08
0.0450	0.0750	0.0850	1.32167958e+09
0.0450	0.0750	0.0950	1.47118670e+09
0.0450	0.0750	0.1050	1.59283513e+09
0.0450	0.0750	0.1150	1.89116929e+09
0.0450	0.0750	0.1250	2.26146179e+09
0.0450	0.0850	0.0850	1.51943150e+09
0.0450	0.0850	0.0950	9.02546776e+08
0.0450	0.0850	0.1050	1.28394432e+09
0.0450	0.0850	0.1150	1.59372466e+09
0.0450	0.0850	0.1250	1.72444670e+09
0.0450	0.0850	0.1350	1.60642007e+09
0.0450	0.0950	0.0950	5.56392387e+08
0.0450	0.0950	0.1050	1.11240355e+09
0.0450	0.0950	0.1150	9.53769749e+08
0.0450	0.0950	0.1250	9.67396226e+08
0.0450	0.0950	0.1350	1.33554566e+09
0.0450	0.0950	0.1450	1.19758106e+09
0.0450	0.1050	0.1050	7.50682760e+08
0.0450	0.1050	0.1150	9.85500847e+08
0.0450	0.1050	0.1250	1.08276563e+09
0.0450	0.1050	0.1350	1.15036549e+09
0.0450	0.1050	0.1450	1.22088268e+09
0.0450	0.1150	0.1150	7.19137651e+08
0.0450	0.1150	0.1250	7.42789859e+08
0.0450	0.1150	0.1350	7.18482230e+08
0.0450	0.1150	0.1450	9.56133495e+08
0.0450	0.1250	0.1250	6.23017404e+08
0.0450	0.1250	0.1350	7.28695037e+08
0.0450	0.1250	0.1450	8.46523309e+08
0.0450	0.1350	0.1350	9.75598213e+08
0.0450	0.1350	0.1450	7.40830617e+08
0.0450	0.1450	0.1450	4.35560863e+08
0.0550	0.0550	0.0550	1.04355241e+09
0.0550	0.0550	0.0650	9.47912211e+08
0.0550	0.0550	0.0750	4.81319795e+08
0.0550	0.0550	0.0850	2.09113438e+09
0.0550	0.0550	0.0950	1.35114111e+09
0.0550	0.0550	0.1050	2.29502020e+09
0.0550	0.0550	0.1150	3.62771947e+09
0.0550	0.0650	0.0650	1.37475191e+09
0.0550	0.0650	0.0750	1.65501374e+09
0.0550	0.0650	0.0850	1.45612340e+09
0.0550	0.0650	0.0950	1.46130652e+09
0.0550	0.0650	0.1050	1.65810919e+09
0.0550	0.0650	0.1150	1.72911485e+09
0.0550	0.0650	0.1250	1.95523686e+09
0.0550	0.0750	0.0750	8.95606005e+08
0.0550	0.0750	0.0850	1.18602841e+09
0.0550	0.0750	0.0950	1.35583489e+09
0.0550	0.0750	0.1050	9.73835258e+08
0.0550	0.0750	0.1150	1.10810222e+09
0.0550	0.0750	0.1250	1.77438009e+09
0.0550	0.0750	0.1350	1.53785275e+09
0.0550	0.0850	0.0850	1.04376006e+09
0.0550	0.0850	0.0950	7.78220957e+08
0.0550	0.0850	0.1050	1.13181104e+09
0.0550	0.0850	0.1150	1.06653111e+09
0.0550	0.0850	0.1250	1.20945284e+09
0.0550	0.0850	0.1350	1.29551318e+09
0.0550	0.0850	0.1450	9.85948762e+08
0.0550	0.0950	0.0950	1.15345739e+09
0.0550	0.0950	0.1050	9.70603577e+08
0.0550	0.0950	0.1150	7.06743695e+08
0.0550	0.0950	0.1250	1.06248147e+09
0.0550	0.0950	0.1350	1.07010014e+09
0.0550	0.0950	0.1450	1.18463427e+09
0.0550	0.1050	0.1050	7.67938855e+08
0.0550	0.1050	0.1150	7.30133048e+08
0.0550	0.1050	0.1250	6.49761047e+08
0.0550	0.1050	0.1350	9.65205349e+08
0.0550	0.1050	0.1450	9.42025106e+08
0.0550	0.1150	0.1150	9.86108995e+08
0.0550	0.1150	0.1250	6.20403238e+08
0.0550	0.1150	0.1350	6.69460362e+08
0.0550	0.1150	0.1450	8.06454928e+08
0.0550	0.1250	0.1250	7.52888819e+08
0.0550	0.1250	0.1350	7.32923707e+08
0.0550	0.1250	0.1450	7.16080009e+08
0.0550	0.1350	0.1350	6.92398441e+08
0.0550	0.1350	0.1450	6.16935650e+08
0.0550	0.1450	0.1450	5.10355956e+08
0.0650	0.0650	0.0650	1.30511020e+09
0.0650	0.0650	0.0750	5.83355255e+08
0.0650	0.0650	0.0850	1.39633734e+09
0.0650	0.0650	0.0950	5.64943068e+08
0.0650	0.0650	0.1050	1.18199608e+09
0.0650	0.0650	0.1150	1.31317798e+09
0.0650	0.0650	0.1250	1.64009012e+09
0.0650	0.0650	0.1350	1.07314656e+09
0.0650	0.0750	0.0750	1.52699616e+09
0.0650	0.0750	0.0850	9.36403575e+08
0.0650	0.0750	0.0950	1.03043600e+09
0.0650	0.0750	0.1050	1.23047841e+09
0.0650	0.0750	0.1150	7.16591320e+08
0.0650	0.0750	0.1250	1.41507866e+09
0.0650	0.0750	0.1350	1.14959119e+09
0.0650	0.0750	0.1450	1.42791663e+09
0.0650	0.0850	0.0850	1.06968930e+09
0.0650	0.0850	0.0950	1.00654217e+09
0.0650	0.0850	0.1050	8.96076947e+08
0.0650	0.0850	0.1150	8.63165408e+08
0.0650	0.0850	0.1250	1.06663084e+09
0.0650	0.0850	0.1350	9.19941430e+08
0.0650	0.0850	0.1450	1.42391506e+09
0.0650	0.0950	0.0950	8.78392768e+08
0.0650	0.0950	0.1050	9.27910630e+08
0.0650	0.0950	0.1150	7.37724062e+08
0.0650	0.0950	0.1250	7.98693506e+08
0.0650	0.0950	0.1350	7.67295657e+08
0.0650	0.0950	0.1450	1.12503654e+09
0.0650	0.1050	0.1050	1.20373995e+09
0.0650	0.1050	0.1150	7.62715940e+08
0.0650	0.1050	0.1250	6.95299817e+08
0.0650	0.1050	0.1350	7.37412526e+08
0.0650	0.1050	0.1450	5.75771320e+08
0.0650	0.1150	0.1150	6.75279663e+08
0.0650	0.1150	0.1250	5.61289080e+08
0.0650	0.1150	0.1350	6.71035983e+08
0.0650	0.1150	0.1450	6.27430384e+08
0.0650	0.1250	0.1250	7.10812236e+08
0.0650	0.1250	0.1350	5.32299333e+08
0.0650	0.1250	0.1450	6.06853839e+08
0.0650	0.1350	0.1350	6.65298920e+08
0.0650	0.1350	0.1450	5.41274658e+08
0.0650	0.1450	0.1450	6.65108274e+08
0.0750	0.0750	0.0750	3.26358223e+08
0.0750	0.0750	0.0850	7.11241827e+08
0.0750	0.0750	0.0950	1.20837299e+09
0.0750	0.0750	0.1050	9.46803776e+08
0.0750	0.0750	0.1150	8.30119824e+08
0.0750	0.0750	0.1250	9.63796359e+08
0.0750	0.0750	0.1350	9.15875689e+08
0.0750	0.0750	0.1450	1.37752578e+09
0.0750	0.0850	0.0850	8.82353622e+08
0.0750	0.0850	0.0950	5.09776287e+08
0.0750	0.0850	0.1050	7.41741583e+08
0.0750	0.0850	0.1150	6.21721627e+08
0.0750	0.0850	0.1250	6.91141313e+08
0.0750	0.0850	0.1350	7.32958921e+08
0.0750	0.0850	0.1450	9.21180713e+08
0.0750	0.0950	0.0950	9.33530200e+08
0.0750	0.0950	0.1050	5.71831379e+08
0.0750	0.0950	0.1150	6.73883946e+08
0.0750	0.0950	0.1250	6.55942317e+08
0.0750	0.0950	0.1350	6.55465788e+08
0.0750	0.0950	0.1450	6.26840940e+08
0.0750	0.1050	0.1050	7.62080905e+08
0.0750	0.1050	0.1150	5.70301805e+08
0.0750	0.1050	0.1250	8.15488815e+08
0.0750	0.1050	0.1350	6.47794386e+08
0.0750	0.1050	0.1450	4.93305903e+08
0.0750	0.1150	0.1150	7.56292923e+08
0.0750	0.1150	0.1250	5.33597218e+08
0.0750	0.1150	0.1350	5.50259524e+08
0.0750	0.1150	0.1450	5.72472140e+08
0.0750	0.1250	0.1250	6.12642166e+08
0.0750	0.1250	0.1350	5.72248942e+08
0.0750	0.1250	0.1450	5.37511565e+08
0.0750	0.1350	0.1350	3.01345042e+08
0.0750	0.1350	0.1450	5.27905977e+08
0.0750	0.1450	0.1450	4.66948102e+08
0.0850	0.0850	0.0850	1.09585369e+09
0.0850	0.0850	0.0950	6.96661380e+08
0.0850	0.0850	0.1050	3.80312123e+08
0.0850	0.0850	0.1150	6.41050781e+08
0.0850	0.0850	0.1250	6.68497646e+08
0.0850	0.0850	0.1350	8.07885968e+08
0.0850	0.0850	0.1450	5.22919416e+08
0.0850	0.0950	0.0950	5.16639821e+08
0.0850	0.0950	0.1050	5.58973762e+08
0.0850	0.0950	0.1150	4.18287903e+08
0.0850	0.0950	0.1250	5.90579118e+08
0.0850	0.0950	0.1350	4.35237772e+08
0.0850	0.0950	0.1450	7.54774378e+08
0.0850	0.1050	0.1050	5.09458776e+08
0.0850	0.1050	0.1150	5.33197389e+08
0.0850	0.1050	0.1250	5.07929144e+08
0.0850	0.1050	0.1350	5.56427976e+08
0.0850	0.1050	0.1450	5.75303906e+08
0.0850	0.1150	0.1150	3.79059414e+08
0.0850	0.1150	0.1250	5.22191276e+08
0.0850	0.1150	0.1350	5.12375087e+08
0.0850	0.1150	0.1450	5.02449286e+08
0.0850	0.1250	0.1250	5.38493426e+08
0.0850	0.1250	0.1350	4.04249393e+08
0.0850	0.1250	0.1450	5.10872952e+08
0.0850	0.1350	0.1350	4.27704029e+08
0.0850	0.1350	0.1450	4.47563372e+08
0.0850	0.1450	0.1450	4.25344435e+08
0.0950	0.0950	0.0950	7.80706777e+08
0.0950	0.0950	0.1050	5.77729413e+08
0.0950	0.0950	0.1150	5.24744664e+08
0.0950	0.0950	0.1250	5.64202629e+08
0.0950	0.0950	0.1350	4.47328658e+08
0.0950	0.0950	0.1450	5.29721770e+08
0.0950	0.1050	0.1050	5.14040543e+08
0.0950	0.1050	0.1150	4.50429101e+08
0.0950	0.1050	0.1250	6.66887532e+08
0.0950	0.1050	0.1350	4.19559698e+08
0.0950	0.1050	0.1450	5.28337467e+08
0.0950	0.1150	0.1150	6.53454263e+08
0.0950	0.1150	0.1250	4.31821321e+08
0.0950	0.1150	0.1350	3.38203293e+08
0.0950	0.1150	0.1450	4.07004044e+08
0.0950	0.1250	0.1250	3.70623075e+08
0.0950	0.1250	0.1350	4.64690550e+08
0.0950	0.1250	0.1450	4.18671419e+08
0.0950	0.1350	0.1350	5.01419792e+08
0.0950	0.1350	0.1450	3.81440144e+08
0.0950	0.1450	0.1450	3.10132461e+08
0.1050	0.1050	0.1050	1.86965505e+08
0.1050	0.1050	0.1150	4.98776273e+08
0.1050	0.1050	0.1250	4.05491212e+08
0.1050	0.1050	0.1350	4.39234065e+08
0.1050	0.1050	0.1450	4.10039925e+08
0.1050	0.1150	0.1150	3.68050285e+08
0.1050	0.1150	0.1250	4.76707949e+08
0.1050	0.1150	0.1350	4.33622987e+08
0.1050	0.1150	0.1450	3.28848831e+08
0.1050	0.1250	0.1250	4.75756906e+08
0.1050	0.1250	0.1350	3.00727313e+08
0.1050	0.1250	0.1450	3.52615557e+08
0.1050	0.1350	0.1350	4.18062647e+08
0.1050	0.1350	0.1450	3.65953728e+08
0.1050	0.1450	0.1450	3.60617667e+08
0.1150	0.1150	0.1150	4.05410284e+08
0.1150	0.1150	0.1250	3.60828085e+08
0.1150	0.1150	0.1350	1.99130393e+08
0.1150	0.1150	0.1450	4.29565256e+08
0.1150	0.1250	0.1250	2.74917668e+08
0.1150	0.1250	0.1350	4.04303545e+08
0.1150	0.1250	0.1450	3.47570740e+08
0.1150	0.1350	0.1350	3.26024633e+08
0.1150	0.1350	0.1450	3.75858303e+08
0.1150	0.1450	0.1450	2.93448541e+08
0.1250	0.1250	0.1250	5.53060517e+08
0.1250	0.1250	0.1350	3.63237352e+08
0.1250	0.1250	0.1450	4.15610185e+08
0.1250	0.1350	0.1350	2.52954884e+08
0.1250	0.1350	0.1450	3.10848672e+08
0.1250	0.1450	0.1450	3.98589353e+08
0.1350	0.1350	0.1350	2.70118109e+08
0.1350	0.1350	0.1450	2.91148194e+08
0.1350	0.1450	0.1450	3.04644106e+08
0.1450	0.1450	0.1450	2.78916549e+08
