####### Bispectrum of Patchy Simulation 323 #############
# Patch: ngc
# z-type: z1
# Weights: fkp
# Fiducial Omega_m: 0.310
# Fiducial h: 0.676
# Boxsize: [1350.0, 2450.0, 1400.0]
# Grid: [126, 230, 130]
# k-binning: [0.000, 0.160, 0.010]
# Monte Carlo Simulations: 100
#
# Format: k1 | k2 | k3 | B(k1,k2,k3)
############################################
0.0150	0.0150	0.0150	1.35756076e+10
0.0150	0.0150	0.0250	9.70185211e+09
0.0150	0.0150	0.0350	1.19507634e+10
0.0150	0.0250	0.0250	1.08955213e+10
0.0150	0.0250	0.0350	5.58836815e+09
0.0150	0.0250	0.0450	8.02750032e+09
0.0150	0.0350	0.0350	-2.97963920e+09
0.0150	0.0350	0.0450	7.30855741e+09
0.0150	0.0350	0.0550	6.17924055e+09
0.0150	0.0450	0.0450	9.94533543e+09
0.0150	0.0450	0.0550	5.31489163e+09
0.0150	0.0450	0.0650	5.24261229e+09
0.0150	0.0550	0.0550	2.55731340e+09
0.0150	0.0550	0.0650	4.66092229e+09
0.0150	0.0550	0.0750	7.51192011e+09
0.0150	0.0650	0.0650	3.80020083e+09
0.0150	0.0650	0.0750	4.06689861e+09
0.0150	0.0650	0.0850	7.32035461e+09
0.0150	0.0750	0.0750	1.02704102e+09
0.0150	0.0750	0.0850	3.78204908e+09
0.0150	0.0750	0.0950	1.91480569e+09
0.0150	0.0850	0.0850	2.77567417e+09
0.0150	0.0850	0.0950	2.62227723e+09
0.0150	0.0850	0.1050	3.41790215e+09
0.0150	0.0950	0.0950	1.75963921e+09
0.0150	0.0950	0.1050	3.18894477e+09
0.0150	0.0950	0.1150	2.33032506e+09
0.0150	0.1050	0.1050	1.73231582e+09
0.0150	0.1050	0.1150	2.33903169e+09
0.0150	0.1050	0.1250	2.89487826e+09
0.0150	0.1150	0.1150	1.29972471e+09
0.0150	0.1150	0.1250	2.27794620e+09
0.0150	0.1150	0.1350	3.22035718e+09
0.0150	0.1250	0.1250	1.17776137e+09
0.0150	0.1250	0.1350	1.69700228e+09
0.0150	0.1250	0.1450	2.15578070e+09
0.0150	0.1350	0.1350	1.18250006e+09
0.0150	0.1350	0.1450	1.57698547e+09
0.0150	0.1450	0.1450	9.22929776e+08
0.0250	0.0250	0.0250	6.92334997e+09
0.0250	0.0250	0.0350	9.60784477e+09
0.0250	0.0250	0.0450	5.90738998e+09
0.0250	0.0250	0.0550	2.79677210e+10
0.0250	0.0350	0.0350	6.20142065e+09
0.0250	0.0350	0.0450	2.26848805e+09
0.0250	0.0350	0.0550	6.41442901e+09
0.0250	0.0350	0.0650	7.08853207e+09
0.0250	0.0450	0.0450	5.22249075e+09
0.0250	0.0450	0.0550	4.46717189e+09
0.0250	0.0450	0.0650	6.49050578e+09
0.0250	0.0450	0.0750	3.72586824e+09
0.0250	0.0550	0.0550	1.69379857e+09
0.0250	0.0550	0.0650	3.39407228e+09
0.0250	0.0550	0.0750	5.64839670e+09
0.0250	0.0550	0.0850	6.61981065e+09
0.0250	0.0650	0.0650	-6.52744907e+08
0.0250	0.0650	0.0750	2.03072998e+09
0.0250	0.0650	0.0850	3.00483217e+09
0.0250	0.0650	0.0950	4.83533599e+09
0.0250	0.0750	0.0750	3.14032730e+09
0.0250	0.0750	0.0850	2.08356834e+09
0.0250	0.0750	0.0950	3.39715622e+09
0.0250	0.0750	0.1050	4.14456515e+09
0.0250	0.0850	0.0850	3.11366953e+09
0.0250	0.0850	0.0950	2.37414790e+09
0.0250	0.0850	0.1050	3.18598761e+09
0.0250	0.0850	0.1150	3.32152895e+09
0.0250	0.0950	0.0950	2.24532446e+09
0.0250	0.0950	0.1050	1.86267749e+09
0.0250	0.0950	0.1150	2.14005918e+09
0.0250	0.0950	0.1250	2.47358521e+09
0.0250	0.1050	0.1050	1.61965476e+09
0.0250	0.1050	0.1150	1.76949308e+09
0.0250	0.1050	0.1250	2.10960244e+09
0.0250	0.1050	0.1350	2.54556394e+09
0.0250	0.1150	0.1150	1.61136002e+09
0.0250	0.1150	0.1250	1.57749003e+09
0.0250	0.1150	0.1350	1.68374207e+09
0.0250	0.1150	0.1450	1.65238993e+09
0.0250	0.1250	0.1250	1.66663286e+09
0.0250	0.1250	0.1350	1.23620004e+09
0.0250	0.1250	0.1450	1.92437141e+09
0.0250	0.1350	0.1350	1.04745056e+09
0.0250	0.1350	0.1450	1.09074891e+09
0.0250	0.1450	0.1450	1.18460220e+09
0.0350	0.0350	0.0350	-5.19024816e+09
0.0350	0.0350	0.0450	4.39763742e+09
0.0350	0.0350	0.0550	3.22490387e+09
0.0350	0.0350	0.0650	3.70523700e+09
0.0350	0.0350	0.0750	4.67575955e+09
0.0350	0.0450	0.0450	3.38287287e+09
0.0350	0.0450	0.0550	7.27241443e+08
0.0350	0.0450	0.0650	2.61099798e+09
0.0350	0.0450	0.0750	4.92673812e+09
0.0350	0.0450	0.0850	4.71329913e+09
0.0350	0.0550	0.0550	4.66344217e+09
0.0350	0.0550	0.0650	3.02200500e+09
0.0350	0.0550	0.0750	1.41686274e+09
0.0350	0.0550	0.0850	3.82938723e+09
0.0350	0.0550	0.0950	4.99491249e+09
0.0350	0.0650	0.0650	1.43516716e+09
0.0350	0.0650	0.0750	2.34507311e+09
0.0350	0.0650	0.0850	2.96256987e+09
0.0350	0.0650	0.0950	2.57160951e+09
0.0350	0.0650	0.1050	1.98114822e+09
0.0350	0.0750	0.0750	5.09531560e+08
0.0350	0.0750	0.0850	1.00796628e+09
0.0350	0.0750	0.0950	1.83915262e+09
0.0350	0.0750	0.1050	2.72766830e+09
0.0350	0.0750	0.1150	4.28203147e+09
0.0350	0.0850	0.0850	1.41382802e+09
0.0350	0.0850	0.0950	1.81344567e+09
0.0350	0.0850	0.1050	1.77928679e+09
0.0350	0.0850	0.1150	1.38583147e+09
0.0350	0.0850	0.1250	2.27145772e+09
0.0350	0.0950	0.0950	6.91071343e+08
0.0350	0.0950	0.1050	9.80679984e+08
0.0350	0.0950	0.1150	1.39447995e+09
0.0350	0.0950	0.1250	2.34129637e+09
0.0350	0.0950	0.1350	1.57206812e+09
0.0350	0.1050	0.1050	1.21764484e+09
0.0350	0.1050	0.1150	1.25827370e+09
0.0350	0.1050	0.1250	8.21896067e+08
0.0350	0.1050	0.1350	1.45454869e+09
0.0350	0.1050	0.1450	2.33531435e+09
0.0350	0.1150	0.1150	8.32555937e+08
0.0350	0.1150	0.1250	7.87634209e+08
0.0350	0.1150	0.1350	1.12924612e+09
0.0350	0.1150	0.1450	1.59987927e+09
0.0350	0.1250	0.1250	1.18876807e+09
0.0350	0.1250	0.1350	7.94394266e+08
0.0350	0.1250	0.1450	8.89270186e+08
0.0350	0.1350	0.1350	6.94609289e+08
0.0350	0.1350	0.1450	1.11168723e+09
0.0350	0.1450	0.1450	7.87627088e+08
0.0450	0.0450	0.0450	4.50734355e+09
0.0450	0.0450	0.0550	1.48558005e+09
0.0450	0.0450	0.0650	1.94633856e+09
0.0450	0.0450	0.0750	2.46349028e+09
0.0450	0.0450	0.0850	3.53200883e+09
0.0450	0.0450	0.0950	4.32455492e+09
0.0450	0.0550	0.0550	3.57401137e+09
0.0450	0.0550	0.0650	1.67637931e+09
0.0450	0.0550	0.0750	2.61767040e+09
0.0450	0.0550	0.0850	2.32439498e+09
0.0450	0.0550	0.0950	1.75343101e+09
0.0450	0.0550	0.1050	4.44070419e+09
0.0450	0.0650	0.0650	2.51724029e+09
0.0450	0.0650	0.0750	1.16202880e+09
0.0450	0.0650	0.0850	1.55816940e+09
0.0450	0.0650	0.0950	1.74263774e+09
0.0450	0.0650	0.1050	2.69907627e+09
0.0450	0.0650	0.1150	3.68922178e+09
0.0450	0.0750	0.0750	8.13192346e+08
0.0450	0.0750	0.0850	1.36412442e+09
0.0450	0.0750	0.0950	1.63455505e+09
0.0450	0.0750	0.1050	1.53838522e+09
0.0450	0.0750	0.1150	2.28370749e+09
0.0450	0.0750	0.1250	2.93427538e+09
0.0450	0.0850	0.0850	1.20834070e+09
0.0450	0.0850	0.0950	9.72815523e+08
0.0450	0.0850	0.1050	1.15989579e+09
0.0450	0.0850	0.1150	1.31936638e+09
0.0450	0.0850	0.1250	1.54493588e+09
0.0450	0.0850	0.1350	1.27170418e+09
0.0450	0.0950	0.0950	5.67223284e+08
0.0450	0.0950	0.1050	8.53561765e+08
0.0450	0.0950	0.1150	9.67659840e+08
0.0450	0.0950	0.1250	1.01771021e+09
0.0450	0.0950	0.1350	1.41803894e+09
0.0450	0.0950	0.1450	1.93858646e+09
0.0450	0.1050	0.1050	1.06503941e+09
0.0450	0.1050	0.1150	7.49599452e+08
0.0450	0.1050	0.1250	1.14410022e+09
0.0450	0.1050	0.1350	1.36868265e+09
0.0450	0.1050	0.1450	1.16881489e+09
0.0450	0.1150	0.1150	6.84054923e+08
0.0450	0.1150	0.1250	8.64873809e+08
0.0450	0.1150	0.1350	9.35504774e+08
0.0450	0.1150	0.1450	9.63167509e+08
0.0450	0.1250	0.1250	6.86092666e+08
0.0450	0.1250	0.1350	7.16785332e+08
0.0450	0.1250	0.1450	5.95363165e+08
0.0450	0.1350	0.1350	4.08579513e+08
0.0450	0.1350	0.1450	6.79648845e+08
0.0450	0.1450	0.1450	6.46077883e+08
0.0550	0.0550	0.0550	-9.83254382e+07
0.0550	0.0550	0.0650	2.29179577e+09
0.0550	0.0550	0.0750	1.71279056e+09
0.0550	0.0550	0.0850	1.52443140e+09
0.0550	0.0550	0.0950	2.83903644e+09
0.0550	0.0550	0.1050	2.03765808e+09
0.0550	0.0550	0.1150	2.80332396e+09
0.0550	0.0650	0.0650	1.29102464e+09
0.0550	0.0650	0.0750	8.95503252e+08
0.0550	0.0650	0.0850	1.14826424e+09
0.0550	0.0650	0.0950	1.53763461e+09
0.0550	0.0650	0.1050	1.71363570e+09
0.0550	0.0650	0.1150	1.69459444e+09
0.0550	0.0650	0.1250	1.94119534e+09
0.0550	0.0750	0.0750	2.06570265e+09
0.0550	0.0750	0.0850	1.41490769e+09
0.0550	0.0750	0.0950	1.13761501e+09
0.0550	0.0750	0.1050	1.09163134e+09
0.0550	0.0750	0.1150	1.37226904e+09
0.0550	0.0750	0.1250	1.58841299e+09
0.0550	0.0750	0.1350	1.44144043e+09
0.0550	0.0850	0.0850	5.44491539e+08
0.0550	0.0850	0.0950	9.67447983e+08
0.0550	0.0850	0.1050	9.38715483e+08
0.0550	0.0850	0.1150	1.22973683e+09
0.0550	0.0850	0.1250	1.04389810e+09
0.0550	0.0850	0.1350	1.46576005e+09
0.0550	0.0850	0.1450	2.13146843e+09
0.0550	0.0950	0.0950	1.09072594e+09
0.0550	0.0950	0.1050	8.64450355e+08
0.0550	0.0950	0.1150	9.68844500e+08
0.0550	0.0950	0.1250	1.08421184e+09
0.0550	0.0950	0.1350	1.00502770e+09
0.0550	0.0950	0.1450	1.04449085e+09
0.0550	0.1050	0.1050	6.55223251e+08
0.0550	0.1050	0.1150	7.72219721e+08
0.0550	0.1050	0.1250	7.45218829e+08
0.0550	0.1050	0.1350	6.45641053e+08
0.0550	0.1050	0.1450	8.51927160e+08
0.0550	0.1150	0.1150	7.34804691e+08
0.0550	0.1150	0.1250	8.11963850e+08
0.0550	0.1150	0.1350	5.47893250e+08
0.0550	0.1150	0.1450	7.39084999e+08
0.0550	0.1250	0.1250	5.34840781e+08
0.0550	0.1250	0.1350	6.64125117e+08
0.0550	0.1250	0.1450	4.87332203e+08
0.0550	0.1350	0.1350	6.41202108e+08
0.0550	0.1350	0.1450	4.92342079e+08
0.0550	0.1450	0.1450	6.10751443e+08
0.0650	0.0650	0.0650	1.79925649e+09
0.0650	0.0650	0.0750	1.57189258e+09
0.0650	0.0650	0.0850	1.50577500e+09
0.0650	0.0650	0.0950	7.01928146e+08
0.0650	0.0650	0.1050	1.44023043e+09
0.0650	0.0650	0.1150	1.39621376e+09
0.0650	0.0650	0.1250	1.76404542e+09
0.0650	0.0650	0.1350	2.51024640e+09
0.0650	0.0750	0.0750	1.58705554e+09
0.0650	0.0750	0.0850	8.60913520e+08
0.0650	0.0750	0.0950	1.07251730e+09
0.0650	0.0750	0.1050	1.20215183e+09
0.0650	0.0750	0.1150	1.13004934e+09
0.0650	0.0750	0.1250	1.59467215e+09
0.0650	0.0750	0.1350	1.31617232e+09
0.0650	0.0750	0.1450	1.74645131e+09
0.0650	0.0850	0.0850	4.19203408e+08
0.0650	0.0850	0.0950	7.21075398e+08
0.0650	0.0850	0.1050	8.87133227e+08
0.0650	0.0850	0.1150	9.03532327e+08
0.0650	0.0850	0.1250	9.50535395e+08
0.0650	0.0850	0.1350	1.22502580e+09
0.0650	0.0850	0.1450	1.26008857e+09
0.0650	0.0950	0.0950	7.25567244e+08
0.0650	0.0950	0.1050	7.06580494e+08
0.0650	0.0950	0.1150	7.76454409e+08
0.0650	0.0950	0.1250	6.34210505e+08
0.0650	0.0950	0.1350	7.81961148e+08
0.0650	0.0950	0.1450	7.81571922e+08
0.0650	0.1050	0.1050	7.07371456e+08
0.0650	0.1050	0.1150	6.10501988e+08
0.0650	0.1050	0.1250	6.39545212e+08
0.0650	0.1050	0.1350	8.02910705e+08
0.0650	0.1050	0.1450	8.01932773e+08
0.0650	0.1150	0.1150	7.44840075e+08
0.0650	0.1150	0.1250	5.96530445e+08
0.0650	0.1150	0.1350	5.13738365e+08
0.0650	0.1150	0.1450	5.96642853e+08
0.0650	0.1250	0.1250	7.97479030e+08
0.0650	0.1250	0.1350	5.60059900e+08
0.0650	0.1250	0.1450	6.83068282e+08
0.0650	0.1350	0.1350	5.48659010e+08
0.0650	0.1350	0.1450	5.46578770e+08
0.0650	0.1450	0.1450	4.41787889e+08
0.0750	0.0750	0.0750	8.42502293e+08
0.0750	0.0750	0.0850	8.98762812e+08
0.0750	0.0750	0.0950	5.39808095e+08
0.0750	0.0750	0.1050	1.00354384e+09
0.0750	0.0750	0.1150	1.28628928e+09
0.0750	0.0750	0.1250	9.03388844e+08
0.0750	0.0750	0.1350	1.13455330e+09
0.0750	0.0750	0.1450	1.18083101e+09
0.0750	0.0850	0.0850	2.25705377e+08
0.0750	0.0850	0.0950	7.75491914e+08
0.0750	0.0850	0.1050	6.80985252e+08
0.0750	0.0850	0.1150	7.39337058e+08
0.0750	0.0850	0.1250	9.19472601e+08
0.0750	0.0850	0.1350	8.61746459e+08
0.0750	0.0850	0.1450	9.38606689e+08
0.0750	0.0950	0.0950	8.17901975e+08
0.0750	0.0950	0.1050	6.63612274e+08
0.0750	0.0950	0.1150	6.17790894e+08
0.0750	0.0950	0.1250	5.33896021e+08
0.0750	0.0950	0.1350	6.77841428e+08
0.0750	0.0950	0.1450	6.83105568e+08
0.0750	0.1050	0.1050	5.83241225e+08
0.0750	0.1050	0.1150	6.36742196e+08
0.0750	0.1050	0.1250	6.23392546e+08
0.0750	0.1050	0.1350	6.46553857e+08
0.0750	0.1050	0.1450	8.02048812e+08
0.0750	0.1150	0.1150	5.40352583e+08
0.0750	0.1150	0.1250	6.97145485e+08
0.0750	0.1150	0.1350	4.28231832e+08
0.0750	0.1150	0.1450	5.40896462e+08
0.0750	0.1250	0.1250	5.79793852e+08
0.0750	0.1250	0.1350	4.86628221e+08
0.0750	0.1250	0.1450	4.85415367e+08
0.0750	0.1350	0.1350	4.57952603e+08
0.0750	0.1350	0.1450	3.98363529e+08
0.0750	0.1450	0.1450	3.81579742e+08
0.0850	0.0850	0.0850	1.37106764e+09
0.0850	0.0850	0.0950	4.81321478e+08
0.0850	0.0850	0.1050	5.74724812e+08
0.0850	0.0850	0.1150	5.21803405e+08
0.0850	0.0850	0.1250	5.06627799e+08
0.0850	0.0850	0.1350	7.32488658e+08
0.0850	0.0850	0.1450	7.57942071e+08
0.0850	0.0950	0.0950	4.82953485e+08
0.0850	0.0950	0.1050	7.58420489e+08
0.0850	0.0950	0.1150	5.64567309e+08
0.0850	0.0950	0.1250	6.66904443e+08
0.0850	0.0950	0.1350	6.24991170e+08
0.0850	0.0950	0.1450	6.65126498e+08
0.0850	0.1050	0.1050	5.53891409e+08
0.0850	0.1050	0.1150	4.28978475e+08
0.0850	0.1050	0.1250	4.21401282e+08
0.0850	0.1050	0.1350	4.42765832e+08
0.0850	0.1050	0.1450	4.30692306e+08
0.0850	0.1150	0.1150	5.54872862e+08
0.0850	0.1150	0.1250	5.30186762e+08
0.0850	0.1150	0.1350	5.38476212e+08
0.0850	0.1150	0.1450	4.80413027e+08
0.0850	0.1250	0.1250	4.61773175e+08
0.0850	0.1250	0.1350	4.55740118e+08
0.0850	0.1250	0.1450	4.23196250e+08
0.0850	0.1350	0.1350	3.66136474e+08
0.0850	0.1350	0.1450	4.55044992e+08
0.0850	0.1450	0.1450	2.32771498e+08
0.0950	0.0950	0.0950	1.47428778e+08
0.0950	0.0950	0.1050	4.34007639e+08
0.0950	0.0950	0.1150	3.13340754e+08
0.0950	0.0950	0.1250	3.36553590e+08
0.0950	0.0950	0.1350	5.31473905e+08
0.0950	0.0950	0.1450	4.37096688e+08
0.0950	0.1050	0.1050	6.26720481e+08
0.0950	0.1050	0.1150	3.37827839e+08
0.0950	0.1050	0.1250	4.37734293e+08
0.0950	0.1050	0.1350	3.67062782e+08
0.0950	0.1050	0.1450	4.30658664e+08
0.0950	0.1150	0.1150	3.41127190e+08
0.0950	0.1150	0.1250	4.16572933e+08
0.0950	0.1150	0.1350	3.87158649e+08
0.0950	0.1150	0.1450	3.87758261e+08
0.0950	0.1250	0.1250	3.84954643e+08
0.0950	0.1250	0.1350	3.42691403e+08
0.0950	0.1250	0.1450	3.55168650e+08
0.0950	0.1350	0.1350	3.46041553e+08
0.0950	0.1350	0.1450	2.84555463e+08
0.0950	0.1450	0.1450	3.09229891e+08
0.1050	0.1050	0.1050	2.90412692e+08
0.1050	0.1050	0.1150	5.70461381e+08
0.1050	0.1050	0.1250	5.29524616e+08
0.1050	0.1050	0.1350	3.93400962e+08
0.1050	0.1050	0.1450	5.25994760e+08
0.1050	0.1150	0.1150	2.41165757e+08
0.1050	0.1150	0.1250	3.25113469e+08
0.1050	0.1150	0.1350	3.66804504e+08
0.1050	0.1150	0.1450	2.59900000e+08
0.1050	0.1250	0.1250	4.24924163e+08
0.1050	0.1250	0.1350	2.86065921e+08
0.1050	0.1250	0.1450	2.62064996e+08
0.1050	0.1350	0.1350	3.28830809e+08
0.1050	0.1350	0.1450	3.04235177e+08
0.1050	0.1450	0.1450	3.83473045e+08
0.1150	0.1150	0.1150	2.65008740e+08
0.1150	0.1150	0.1250	3.25546945e+08
0.1150	0.1150	0.1350	3.66646343e+08
0.1150	0.1150	0.1450	2.38254144e+08
0.1150	0.1250	0.1250	2.62645963e+08
0.1150	0.1250	0.1350	3.29921446e+08
0.1150	0.1250	0.1450	3.53681100e+08
0.1150	0.1350	0.1350	1.84051772e+08
0.1150	0.1350	0.1450	2.89155908e+08
0.1150	0.1450	0.1450	1.98103242e+08
0.1250	0.1250	0.1250	2.89892540e+08
0.1250	0.1250	0.1350	2.61554194e+08
0.1250	0.1250	0.1450	3.35167753e+08
0.1250	0.1350	0.1350	1.97741037e+08
0.1250	0.1350	0.1450	2.66387126e+08
0.1250	0.1450	0.1450	2.52305927e+08
0.1350	0.1350	0.1350	4.22707670e+08
0.1350	0.1350	0.1450	2.22896769e+08
0.1350	0.1450	0.1450	2.29895637e+08
0.1450	0.1450	0.1450	2.76140348e+08
