####### Bispectrum of Patchy Simulation 461 #############
# Patch: sgc
# z-type: z1
# Weights: fkp
# Fiducial Omega_m: 0.310
# Fiducial h: 0.676
# Boxsize: [1000.0, 1900.0, 1100.0]
# Grid: [95, 180, 105]
# k-binning: [0.000, 0.160, 0.010]
# Monte Carlo Simulations: 100
#
# Format: k1 | k2 | k3 | B(k1,k2,k3)
############################################
0.0150	0.0150	0.0150	-5.26814445e+10
0.0150	0.0150	0.0250	-4.87381140e+09
0.0150	0.0150	0.0350	2.38230358e+10
0.0150	0.0250	0.0250	2.76787715e+10
0.0150	0.0250	0.0350	-5.64778436e+09
0.0150	0.0250	0.0450	1.23206280e+10
0.0150	0.0350	0.0350	8.63489104e+09
0.0150	0.0350	0.0450	7.87419178e+09
0.0150	0.0350	0.0550	-6.19261242e+09
0.0150	0.0450	0.0450	-5.69710576e+09
0.0150	0.0450	0.0550	8.55564605e+09
0.0150	0.0450	0.0650	1.56711095e+10
0.0150	0.0550	0.0550	-2.90263449e+09
0.0150	0.0550	0.0650	6.26460444e+09
0.0150	0.0550	0.0750	1.35455779e+09
0.0150	0.0650	0.0650	-6.38370317e+08
0.0150	0.0650	0.0750	5.12416407e+09
0.0150	0.0650	0.0850	4.67283113e+09
0.0150	0.0750	0.0750	1.42243143e+09
0.0150	0.0750	0.0850	1.04441290e+09
0.0150	0.0750	0.0950	3.04379184e+09
0.0150	0.0850	0.0850	1.34170628e+09
0.0150	0.0850	0.0950	4.57051539e+09
0.0150	0.0850	0.1050	5.22196721e+09
0.0150	0.0950	0.0950	2.70581627e+09
0.0150	0.0950	0.1050	2.49430373e+09
0.0150	0.0950	0.1150	3.36137839e+09
0.0150	0.1050	0.1050	1.14915908e+09
0.0150	0.1050	0.1150	1.58671540e+09
0.0150	0.1050	0.1250	4.69968989e+08
0.0150	0.1150	0.1150	2.71263807e+09
0.0150	0.1150	0.1250	2.45731101e+09
0.0150	0.1150	0.1350	2.60499837e+09
0.0150	0.1250	0.1250	1.58775371e+09
0.0150	0.1250	0.1350	1.38891684e+09
0.0150	0.1250	0.1450	2.76928336e+09
0.0150	0.1350	0.1350	1.40992692e+09
0.0150	0.1350	0.1450	2.03250260e+09
0.0150	0.1450	0.1450	1.02620074e+09
0.0250	0.0250	0.0250	-3.94947029e+09
0.0250	0.0250	0.0350	5.36551723e+09
0.0250	0.0250	0.0450	5.04944765e+09
0.0250	0.0250	0.0550	-1.15933401e+10
0.0250	0.0350	0.0350	1.13226408e+10
0.0250	0.0350	0.0450	-2.42327440e+09
0.0250	0.0350	0.0550	6.06388564e+09
0.0250	0.0350	0.0650	7.35575570e+09
0.0250	0.0450	0.0450	1.05006860e+10
0.0250	0.0450	0.0550	2.28270243e+09
0.0250	0.0450	0.0650	5.84328182e+09
0.0250	0.0450	0.0750	1.77338009e+09
0.0250	0.0550	0.0550	4.40771768e+09
0.0250	0.0550	0.0650	3.73791037e+09
0.0250	0.0550	0.0750	3.03402416e+09
0.0250	0.0550	0.0850	2.19784618e+09
0.0250	0.0650	0.0650	1.86735910e+09
0.0250	0.0650	0.0750	1.85154805e+09
0.0250	0.0650	0.0850	4.42095387e+09
0.0250	0.0650	0.0950	6.85189014e+09
0.0250	0.0750	0.0750	2.37525804e+09
0.0250	0.0750	0.0850	2.42220660e+09
0.0250	0.0750	0.0950	2.62956385e+09
0.0250	0.0750	0.1050	3.19008572e+09
0.0250	0.0850	0.0850	2.83052268e+08
0.0250	0.0850	0.0950	1.32050098e+09
0.0250	0.0850	0.1050	1.50516369e+09
0.0250	0.0850	0.1150	2.15756691e+09
0.0250	0.0950	0.0950	8.91106503e+08
0.0250	0.0950	0.1050	1.62378412e+09
0.0250	0.0950	0.1150	1.75296712e+09
0.0250	0.0950	0.1250	2.59999416e+07
0.0250	0.1050	0.1050	3.76037797e+08
0.0250	0.1050	0.1150	2.40599464e+09
0.0250	0.1050	0.1250	2.22770223e+09
0.0250	0.1050	0.1350	1.26646426e+08
0.0250	0.1150	0.1150	1.11342802e+09
0.0250	0.1150	0.1250	8.65137763e+08
0.0250	0.1150	0.1350	1.48794068e+09
0.0250	0.1150	0.1450	1.55788658e+09
0.0250	0.1250	0.1250	2.20908116e+08
0.0250	0.1250	0.1350	1.52725850e+09
0.0250	0.1250	0.1450	1.58746457e+09
0.0250	0.1350	0.1350	6.74175415e+08
0.0250	0.1350	0.1450	8.89719806e+08
0.0250	0.1450	0.1450	1.20550536e+09
0.0350	0.0350	0.0350	-4.10060104e+09
0.0350	0.0350	0.0450	8.07624760e+09
0.0350	0.0350	0.0550	3.24055359e+08
0.0350	0.0350	0.0650	1.99110281e+09
0.0350	0.0350	0.0750	4.73565494e+09
0.0350	0.0450	0.0450	-5.35071678e+08
0.0350	0.0450	0.0550	3.74051549e+09
0.0350	0.0450	0.0650	1.93713401e+09
0.0350	0.0450	0.0750	2.45260300e+09
0.0350	0.0450	0.0850	3.86062560e+09
0.0350	0.0550	0.0550	7.89910745e+08
0.0350	0.0550	0.0650	2.77746718e+09
0.0350	0.0550	0.0750	3.97413879e+09
0.0350	0.0550	0.0850	1.53306541e+09
0.0350	0.0550	0.0950	5.28931387e+09
0.0350	0.0650	0.0650	4.99170949e+08
0.0350	0.0650	0.0750	1.97981498e+09
0.0350	0.0650	0.0850	1.33976609e+09
0.0350	0.0650	0.0950	2.66390481e+09
0.0350	0.0650	0.1050	2.04957983e+09
0.0350	0.0750	0.0750	5.61318697e+08
0.0350	0.0750	0.0850	2.58547755e+09
0.0350	0.0750	0.0950	2.25354859e+09
0.0350	0.0750	0.1050	2.07627032e+09
0.0350	0.0750	0.1150	3.86753637e+08
0.0350	0.0850	0.0850	2.02872719e+09
0.0350	0.0850	0.0950	1.72796085e+09
0.0350	0.0850	0.1050	1.50821916e+09
0.0350	0.0850	0.1150	1.80587190e+09
0.0350	0.0850	0.1250	1.56342888e+09
0.0350	0.0950	0.0950	6.08709145e+08
0.0350	0.0950	0.1050	7.28606692e+08
0.0350	0.0950	0.1150	1.69225569e+09
0.0350	0.0950	0.1250	1.35141442e+09
0.0350	0.0950	0.1350	4.01674246e+09
0.0350	0.1050	0.1050	1.81988492e+09
0.0350	0.1050	0.1150	1.25793094e+09
0.0350	0.1050	0.1250	1.24172507e+09
0.0350	0.1050	0.1350	1.01042918e+09
0.0350	0.1050	0.1450	1.96400063e+09
0.0350	0.1150	0.1150	1.39842053e+09
0.0350	0.1150	0.1250	5.81068304e+08
0.0350	0.1150	0.1350	7.83528388e+08
0.0350	0.1150	0.1450	1.04563905e+09
0.0350	0.1250	0.1250	8.57551822e+08
0.0350	0.1250	0.1350	5.24880630e+08
0.0350	0.1250	0.1450	9.98445988e+08
0.0350	0.1350	0.1350	6.80105721e+07
0.0350	0.1350	0.1450	5.11806773e+08
0.0350	0.1450	0.1450	1.22973627e+09
0.0450	0.0450	0.0450	6.80165473e+09
0.0450	0.0450	0.0550	2.76401896e+09
0.0450	0.0450	0.0650	6.44894684e+09
0.0450	0.0450	0.0750	5.38062708e+09
0.0450	0.0450	0.0850	2.26042917e+09
0.0450	0.0450	0.0950	1.09786269e+09
0.0450	0.0550	0.0550	1.45385559e+09
0.0450	0.0550	0.0650	2.14584129e+09
0.0450	0.0550	0.0750	-2.00763292e+08
0.0450	0.0550	0.0850	2.15741867e+09
0.0450	0.0550	0.0950	1.77401358e+09
0.0450	0.0550	0.1050	5.66381589e+09
0.0450	0.0650	0.0650	1.02869725e+09
0.0450	0.0650	0.0750	5.41558997e+07
0.0450	0.0650	0.0850	1.26285435e+09
0.0450	0.0650	0.0950	1.31053817e+09
0.0450	0.0650	0.1050	1.16983754e+09
0.0450	0.0650	0.1150	4.62753572e+09
0.0450	0.0750	0.0750	1.22839257e+09
0.0450	0.0750	0.0850	2.13196888e+09
0.0450	0.0750	0.0950	2.19677956e+09
0.0450	0.0750	0.1050	1.15603008e+09
0.0450	0.0750	0.1150	2.89773032e+09
0.0450	0.0750	0.1250	2.38451114e+09
0.0450	0.0850	0.0850	2.51766894e+08
0.0450	0.0850	0.0950	9.46936360e+08
0.0450	0.0850	0.1050	1.20643915e+09
0.0450	0.0850	0.1150	1.28821647e+09
0.0450	0.0850	0.1250	1.03413403e+09
0.0450	0.0850	0.1350	2.46061711e+09
0.0450	0.0950	0.0950	5.32740140e+08
0.0450	0.0950	0.1050	1.12015165e+09
0.0450	0.0950	0.1150	1.28395147e+09
0.0450	0.0950	0.1250	1.36639485e+09
0.0450	0.0950	0.1350	1.33849516e+09
0.0450	0.0950	0.1450	2.16244732e+09
0.0450	0.1050	0.1050	7.09215700e+08
0.0450	0.1050	0.1150	8.11372305e+08
0.0450	0.1050	0.1250	8.26945726e+08
0.0450	0.1050	0.1350	1.11712816e+09
0.0450	0.1050	0.1450	1.25078135e+09
0.0450	0.1150	0.1150	8.63542814e+08
0.0450	0.1150	0.1250	1.06641381e+09
0.0450	0.1150	0.1350	1.06740703e+09
0.0450	0.1150	0.1450	1.00292917e+09
0.0450	0.1250	0.1250	9.19259626e+08
0.0450	0.1250	0.1350	6.60118363e+08
0.0450	0.1250	0.1450	1.28520289e+09
0.0450	0.1350	0.1350	9.02581647e+08
0.0450	0.1350	0.1450	8.73563780e+08
0.0450	0.1450	0.1450	5.63548958e+08
0.0550	0.0550	0.0550	3.13037951e+09
0.0550	0.0550	0.0650	2.42455170e+08
0.0550	0.0550	0.0750	6.07807101e+08
0.0550	0.0550	0.0850	1.52274639e+09
0.0550	0.0550	0.0950	1.08925441e+09
0.0550	0.0550	0.1050	2.70297780e+09
0.0550	0.0550	0.1150	3.68722009e+08
0.0550	0.0650	0.0650	1.36856714e+09
0.0550	0.0650	0.0750	3.29345089e+08
0.0550	0.0650	0.0850	6.10710145e+08
0.0550	0.0650	0.0950	1.78836492e+09
0.0550	0.0650	0.1050	1.40838961e+09
0.0550	0.0650	0.1150	1.40732367e+09
0.0550	0.0650	0.1250	1.89631365e+09
0.0550	0.0750	0.0750	3.81006604e+08
0.0550	0.0750	0.0850	1.37588556e+09
0.0550	0.0750	0.0950	8.26914846e+08
0.0550	0.0750	0.1050	1.55884646e+09
0.0550	0.0750	0.1150	1.18974401e+09
0.0550	0.0750	0.1250	2.14506938e+09
0.0550	0.0750	0.1350	4.26925056e+08
0.0550	0.0850	0.0850	1.37039845e+09
0.0550	0.0850	0.0950	2.54731402e+08
0.0550	0.0850	0.1050	6.54005247e+08
0.0550	0.0850	0.1150	9.24459982e+08
0.0550	0.0850	0.1250	1.16932330e+09
0.0550	0.0850	0.1350	1.68989313e+09
0.0550	0.0850	0.1450	2.08813295e+09
0.0550	0.0950	0.0950	4.19528475e+08
0.0550	0.0950	0.1050	5.51920871e+08
0.0550	0.0950	0.1150	8.14646057e+08
0.0550	0.0950	0.1250	7.59865268e+08
0.0550	0.0950	0.1350	6.15352735e+08
0.0550	0.0950	0.1450	6.27393159e+08
0.0550	0.1050	0.1050	6.03452481e+08
0.0550	0.1050	0.1150	5.46022124e+08
0.0550	0.1050	0.1250	7.55539447e+08
0.0550	0.1050	0.1350	5.36530902e+08
0.0550	0.1050	0.1450	8.90862081e+08
0.0550	0.1150	0.1150	6.64214871e+08
0.0550	0.1150	0.1250	4.88482139e+08
0.0550	0.1150	0.1350	7.85091148e+08
0.0550	0.1150	0.1450	7.49405721e+08
0.0550	0.1250	0.1250	1.86867188e+08
0.0550	0.1250	0.1350	5.54039272e+08
0.0550	0.1250	0.1450	6.58267046e+08
0.0550	0.1350	0.1350	6.50652844e+08
0.0550	0.1350	0.1450	3.55401357e+08
0.0550	0.1450	0.1450	6.88293857e+08
0.0650	0.0650	0.0650	3.53973963e+09
0.0650	0.0650	0.0750	1.79075088e+09
0.0650	0.0650	0.0850	1.46570145e+09
0.0650	0.0650	0.0950	1.71458826e+09
0.0650	0.0650	0.1050	1.37018468e+09
0.0650	0.0650	0.1150	8.34901865e+08
0.0650	0.0650	0.1250	2.20911566e+09
0.0650	0.0650	0.1350	2.00792874e+09
0.0650	0.0750	0.0750	2.23987953e+09
0.0650	0.0750	0.0850	1.05512000e+09
0.0650	0.0750	0.0950	1.35987603e+09
0.0650	0.0750	0.1050	8.36040873e+08
0.0650	0.0750	0.1150	1.64714737e+09
0.0650	0.0750	0.1250	1.19776815e+09
0.0650	0.0750	0.1350	1.58204808e+09
0.0650	0.0750	0.1450	1.90466175e+09
0.0650	0.0850	0.0850	1.33681239e+09
0.0650	0.0850	0.0950	2.28307041e+08
0.0650	0.0850	0.1050	1.14849813e+09
0.0650	0.0850	0.1150	4.66601433e+08
0.0650	0.0850	0.1250	7.45479945e+08
0.0650	0.0850	0.1350	9.57064821e+08
0.0650	0.0850	0.1450	6.86085796e+08
0.0650	0.0950	0.0950	1.16390511e+09
0.0650	0.0950	0.1050	6.65791802e+08
0.0650	0.0950	0.1150	5.89262627e+08
0.0650	0.0950	0.1250	7.23500320e+08
0.0650	0.0950	0.1350	7.99029857e+08
0.0650	0.0950	0.1450	4.60157219e+08
0.0650	0.1050	0.1050	2.84132310e+08
0.0650	0.1050	0.1150	3.95402928e+08
0.0650	0.1050	0.1250	4.03125649e+08
0.0650	0.1050	0.1350	7.89308285e+08
0.0650	0.1050	0.1450	6.47420727e+08
0.0650	0.1150	0.1150	4.33893977e+08
0.0650	0.1150	0.1250	8.37557162e+08
0.0650	0.1150	0.1350	8.10017492e+08
0.0650	0.1150	0.1450	5.70308883e+08
0.0650	0.1250	0.1250	3.09658170e+08
0.0650	0.1250	0.1350	3.86217522e+08
0.0650	0.1250	0.1450	5.10619143e+08
0.0650	0.1350	0.1350	2.46502861e+08
0.0650	0.1350	0.1450	4.92856065e+08
0.0650	0.1450	0.1450	4.48736918e+08
0.0750	0.0750	0.0750	-7.66638200e+07
0.0750	0.0750	0.0850	9.75350882e+08
0.0750	0.0750	0.0950	1.29350453e+09
0.0750	0.0750	0.1050	1.11464697e+09
0.0750	0.0750	0.1150	1.25608832e+09
0.0750	0.0750	0.1250	1.07741876e+09
0.0750	0.0750	0.1350	7.13110656e+08
0.0750	0.0750	0.1450	1.74904576e+09
0.0750	0.0850	0.0850	7.38173532e+08
0.0750	0.0850	0.0950	8.37502023e+08
0.0750	0.0850	0.1050	9.62884337e+08
0.0750	0.0850	0.1150	7.70685704e+08
0.0750	0.0850	0.1250	1.03545041e+09
0.0750	0.0850	0.1350	1.01076617e+09
0.0750	0.0850	0.1450	8.23145575e+08
0.0750	0.0950	0.0950	4.51355666e+08
0.0750	0.0950	0.1050	5.99882090e+08
0.0750	0.0950	0.1150	8.60792063e+08
0.0750	0.0950	0.1250	3.40936316e+08
0.0750	0.0950	0.1350	5.75348665e+08
0.0750	0.0950	0.1450	6.95778446e+08
0.0750	0.1050	0.1050	2.71102350e+08
0.0750	0.1050	0.1150	8.04784932e+08
0.0750	0.1050	0.1250	4.60015786e+08
0.0750	0.1050	0.1350	3.61381812e+08
0.0750	0.1050	0.1450	6.93478825e+08
0.0750	0.1150	0.1150	9.38740833e+07
0.0750	0.1150	0.1250	6.08697589e+08
0.0750	0.1150	0.1350	6.47719727e+08
0.0750	0.1150	0.1450	5.90062776e+08
0.0750	0.1250	0.1250	5.36613141e+08
0.0750	0.1250	0.1350	5.17741905e+08
0.0750	0.1250	0.1450	6.04800669e+08
0.0750	0.1350	0.1350	5.62616962e+08
0.0750	0.1350	0.1450	2.82182402e+08
0.0750	0.1450	0.1450	5.79756599e+08
0.0850	0.0850	0.0850	1.63135185e+09
0.0850	0.0850	0.0950	5.77406864e+08
0.0850	0.0850	0.1050	5.57718334e+08
0.0850	0.0850	0.1150	5.32826394e+08
0.0850	0.0850	0.1250	6.56145238e+08
0.0850	0.0850	0.1350	2.61804660e+08
0.0850	0.0850	0.1450	4.69439932e+08
0.0850	0.0950	0.0950	7.31080378e+08
0.0850	0.0950	0.1050	8.26753742e+08
0.0850	0.0950	0.1150	5.37586158e+08
0.0850	0.0950	0.1250	4.71683390e+08
0.0850	0.0950	0.1350	7.14481861e+08
0.0850	0.0950	0.1450	7.37724347e+08
0.0850	0.1050	0.1050	4.67837871e+08
0.0850	0.1050	0.1150	1.85648811e+07
0.0850	0.1050	0.1250	5.95934857e+08
0.0850	0.1050	0.1350	4.79126011e+08
0.0850	0.1050	0.1450	3.78591519e+08
0.0850	0.1150	0.1150	6.60623679e+08
0.0850	0.1150	0.1250	4.01815022e+08
0.0850	0.1150	0.1350	5.88372075e+08
0.0850	0.1150	0.1450	5.17468056e+08
0.0850	0.1250	0.1250	5.93049890e+08
0.0850	0.1250	0.1350	4.47663405e+08
0.0850	0.1250	0.1450	4.33505086e+08
0.0850	0.1350	0.1350	3.63251479e+08
0.0850	0.1350	0.1450	4.42164117e+08
0.0850	0.1450	0.1450	2.53983330e+08
0.0950	0.0950	0.0950	9.29322029e+08
0.0950	0.0950	0.1050	3.68199363e+08
0.0950	0.0950	0.1150	5.76448706e+08
0.0950	0.0950	0.1250	5.29400973e+08
0.0950	0.0950	0.1350	3.31890164e+08
0.0950	0.0950	0.1450	3.20720817e+08
0.0950	0.1050	0.1050	2.59034056e+08
0.0950	0.1050	0.1150	6.61687139e+08
0.0950	0.1050	0.1250	2.92435894e+08
0.0950	0.1050	0.1350	4.69796275e+08
0.0950	0.1050	0.1450	4.43614195e+08
0.0950	0.1150	0.1150	2.01183571e+07
0.0950	0.1150	0.1250	6.66632658e+08
0.0950	0.1150	0.1350	2.90587610e+08
0.0950	0.1150	0.1450	4.20214582e+08
0.0950	0.1250	0.1250	1.93221181e+08
0.0950	0.1250	0.1350	4.39194627e+08
0.0950	0.1250	0.1450	1.95596630e+08
0.0950	0.1350	0.1350	1.06438067e+08
0.0950	0.1350	0.1450	2.61551068e+08
0.0950	0.1450	0.1450	2.72141763e+08
0.1050	0.1050	0.1050	4.52550713e+08
0.1050	0.1050	0.1150	3.83408420e+08
0.1050	0.1050	0.1250	2.48542313e+08
0.1050	0.1050	0.1350	5.91617271e+08
0.1050	0.1050	0.1450	8.54801803e+07
0.1050	0.1150	0.1150	4.21162198e+08
0.1050	0.1150	0.1250	3.86078995e+08
0.1050	0.1150	0.1350	3.37704951e+08
0.1050	0.1150	0.1450	3.91433121e+08
0.1050	0.1250	0.1250	3.86650864e+08
0.1050	0.1250	0.1350	1.87764892e+08
0.1050	0.1250	0.1450	3.09162493e+08
0.1050	0.1350	0.1350	5.71679820e+08
0.1050	0.1350	0.1450	2.15050067e+08
0.1050	0.1450	0.1450	3.63236752e+08
0.1150	0.1150	0.1150	2.53141447e+08
0.1150	0.1150	0.1250	2.96579569e+08
0.1150	0.1150	0.1350	3.74384182e+08
0.1150	0.1150	0.1450	6.53709476e+07
0.1150	0.1250	0.1250	6.13299404e+08
0.1150	0.1250	0.1350	2.05723620e+08
0.1150	0.1250	0.1450	3.69462242e+08
0.1150	0.1350	0.1350	4.42670176e+08
0.1150	0.1350	0.1450	2.92453470e+08
0.1150	0.1450	0.1450	3.97413477e+08
0.1250	0.1250	0.1250	4.07868817e+08
0.1250	0.1250	0.1350	4.70134436e+08
0.1250	0.1250	0.1450	2.49685923e+08
0.1250	0.1350	0.1350	2.47494850e+08
0.1250	0.1350	0.1450	1.96990431e+08
0.1250	0.1450	0.1450	3.33424500e+08
0.1350	0.1350	0.1350	1.19472337e+08
0.1350	0.1350	0.1450	2.41691934e+08
0.1350	0.1450	0.1450	3.14778234e+08
0.1450	0.1450	0.1450	1.69030035e+08
