####### Bispectrum of Patchy Simulation 913 #############
# Patch: ngc
# z-type: z3
# Weights: fkp
# Fiducial Omega_m: 0.310
# Fiducial h: 0.676
# Boxsize: [1800.0, 3400.0, 1900.0]
# Grid: [170, 325, 180]
# k-binning: [0.000, 0.160, 0.010]
# Monte Carlo Simulations: 100
#
# Format: k1 | k2 | k3 | B(k1,k2,k3)
############################################
0.0150	0.0150	0.0150	6.40534082e+10
0.0150	0.0150	0.0250	9.01476040e+09
0.0150	0.0150	0.0350	2.63843843e+10
0.0150	0.0250	0.0250	-2.19984117e+09
0.0150	0.0250	0.0350	1.11644608e+10
0.0150	0.0250	0.0450	8.18530071e+09
0.0150	0.0350	0.0350	4.88699211e+09
0.0150	0.0350	0.0450	4.69940423e+09
0.0150	0.0350	0.0550	1.07860649e+09
0.0150	0.0450	0.0450	2.59281707e+09
0.0150	0.0450	0.0550	3.53949058e+09
0.0150	0.0450	0.0650	6.63968847e+09
0.0150	0.0550	0.0550	3.27952987e+09
0.0150	0.0550	0.0650	3.18506148e+09
0.0150	0.0550	0.0750	5.02493659e+09
0.0150	0.0650	0.0650	2.45835764e+09
0.0150	0.0650	0.0750	3.73098797e+09
0.0150	0.0650	0.0850	5.95058648e+09
0.0150	0.0750	0.0750	1.73156912e+09
0.0150	0.0750	0.0850	3.65913707e+09
0.0150	0.0750	0.0950	5.01229609e+09
0.0150	0.0850	0.0850	1.77646154e+09
0.0150	0.0850	0.0950	2.49361283e+09
0.0150	0.0850	0.1050	5.08153184e+09
0.0150	0.0950	0.0950	2.14661469e+09
0.0150	0.0950	0.1050	1.40752409e+09
0.0150	0.0950	0.1150	1.22913971e+09
0.0150	0.1050	0.1050	1.08548034e+09
0.0150	0.1050	0.1150	2.11826117e+09
0.0150	0.1050	0.1250	4.42434805e+09
0.0150	0.1150	0.1150	1.16067639e+09
0.0150	0.1150	0.1250	1.40819947e+09
0.0150	0.1150	0.1350	2.55263421e+09
0.0150	0.1250	0.1250	1.37412693e+09
0.0150	0.1250	0.1350	1.92431046e+09
0.0150	0.1250	0.1450	2.39893241e+09
0.0150	0.1350	0.1350	1.27450474e+09
0.0150	0.1350	0.1450	2.02898826e+09
0.0150	0.1450	0.1450	1.64129855e+09
0.0250	0.0250	0.0250	1.74739609e+10
0.0250	0.0250	0.0350	7.14252557e+09
0.0250	0.0250	0.0450	9.97330803e+09
0.0250	0.0250	0.0550	9.25550837e+09
0.0250	0.0350	0.0350	4.25578452e+09
0.0250	0.0350	0.0450	4.59722787e+09
0.0250	0.0350	0.0550	4.88486736e+09
0.0250	0.0350	0.0650	5.50564623e+09
0.0250	0.0450	0.0450	1.08059282e+08
0.0250	0.0450	0.0550	4.55598415e+09
0.0250	0.0450	0.0650	2.84425769e+09
0.0250	0.0450	0.0750	5.55323212e+09
0.0250	0.0550	0.0550	1.42663741e+09
0.0250	0.0550	0.0650	3.67222890e+09
0.0250	0.0550	0.0750	4.91361797e+09
0.0250	0.0550	0.0850	3.96783706e+09
0.0250	0.0650	0.0650	1.28333224e+09
0.0250	0.0650	0.0750	3.33740269e+09
0.0250	0.0650	0.0850	2.65074719e+09
0.0250	0.0650	0.0950	5.21590240e+09
0.0250	0.0750	0.0750	2.42823001e+09
0.0250	0.0750	0.0850	2.86091792e+09
0.0250	0.0750	0.0950	2.84945801e+09
0.0250	0.0750	0.1050	2.44421246e+09
0.0250	0.0850	0.0850	2.17451118e+09
0.0250	0.0850	0.0950	2.50102934e+09
0.0250	0.0850	0.1050	2.28638630e+09
0.0250	0.0850	0.1150	3.69967771e+09
0.0250	0.0950	0.0950	1.54527118e+09
0.0250	0.0950	0.1050	1.82759262e+09
0.0250	0.0950	0.1150	2.31861397e+09
0.0250	0.0950	0.1250	1.83664248e+09
0.0250	0.1050	0.1050	1.21701308e+09
0.0250	0.1050	0.1150	2.31247855e+09
0.0250	0.1050	0.1250	2.21880513e+09
0.0250	0.1050	0.1350	1.41862577e+09
0.0250	0.1150	0.1150	1.14302364e+09
0.0250	0.1150	0.1250	1.53356169e+09
0.0250	0.1150	0.1350	1.69805822e+09
0.0250	0.1150	0.1450	2.13210433e+09
0.0250	0.1250	0.1250	1.62670812e+09
0.0250	0.1250	0.1350	1.20536288e+09
0.0250	0.1250	0.1450	1.69870917e+09
0.0250	0.1350	0.1350	1.14962470e+09
0.0250	0.1350	0.1450	1.28775063e+09
0.0250	0.1450	0.1450	6.76754304e+08
0.0350	0.0350	0.0350	1.00180442e+09
0.0350	0.0350	0.0450	3.56312077e+09
0.0350	0.0350	0.0550	2.64439652e+09
0.0350	0.0350	0.0650	4.07368839e+09
0.0350	0.0350	0.0750	8.58531791e+09
0.0350	0.0450	0.0450	4.82195381e+09
0.0350	0.0450	0.0550	1.31337777e+09
0.0350	0.0450	0.0650	2.50839081e+09
0.0350	0.0450	0.0750	3.92182606e+09
0.0350	0.0450	0.0850	1.89328214e+09
0.0350	0.0550	0.0550	1.73607343e+09
0.0350	0.0550	0.0650	1.46682459e+09
0.0350	0.0550	0.0750	1.93640635e+09
0.0350	0.0550	0.0850	2.52906119e+09
0.0350	0.0550	0.0950	3.54566215e+09
0.0350	0.0650	0.0650	1.59488325e+09
0.0350	0.0650	0.0750	1.83232372e+09
0.0350	0.0650	0.0850	2.95159565e+09
0.0350	0.0650	0.0950	3.02315830e+09
0.0350	0.0650	0.1050	3.30141013e+09
0.0350	0.0750	0.0750	1.95945032e+09
0.0350	0.0750	0.0850	2.06475873e+09
0.0350	0.0750	0.0950	1.97164981e+09
0.0350	0.0750	0.1050	2.97557985e+09
0.0350	0.0750	0.1150	3.08855817e+09
0.0350	0.0850	0.0850	1.83566237e+09
0.0350	0.0850	0.0950	1.47836945e+09
0.0350	0.0850	0.1050	1.87455335e+09
0.0350	0.0850	0.1150	1.97473598e+09
0.0350	0.0850	0.1250	1.58584027e+09
0.0350	0.0950	0.0950	1.01378311e+09
0.0350	0.0950	0.1050	1.16387496e+09
0.0350	0.0950	0.1150	1.68955172e+09
0.0350	0.0950	0.1250	1.63053859e+09
0.0350	0.0950	0.1350	1.38795823e+09
0.0350	0.1050	0.1050	2.07097393e+09
0.0350	0.1050	0.1150	1.30470033e+09
0.0350	0.1050	0.1250	1.16291730e+09
0.0350	0.1050	0.1350	1.44127332e+09
0.0350	0.1050	0.1450	2.32005460e+09
0.0350	0.1150	0.1150	1.03408884e+09
0.0350	0.1150	0.1250	9.48755234e+08
0.0350	0.1150	0.1350	1.40192103e+09
0.0350	0.1150	0.1450	1.02001834e+09
0.0350	0.1250	0.1250	1.11414873e+09
0.0350	0.1250	0.1350	1.16449364e+09
0.0350	0.1250	0.1450	8.85130908e+08
0.0350	0.1350	0.1350	7.28994171e+08
0.0350	0.1350	0.1450	8.27604233e+08
0.0350	0.1450	0.1450	8.68135472e+08
0.0450	0.0450	0.0450	-3.18584804e+08
0.0450	0.0450	0.0550	1.69985543e+09
0.0450	0.0450	0.0650	2.05789220e+09
0.0450	0.0450	0.0750	1.11795567e+09
0.0450	0.0450	0.0850	2.69640994e+09
0.0450	0.0450	0.0950	3.01893429e+09
0.0450	0.0550	0.0550	2.73598109e+09
0.0450	0.0550	0.0650	1.72286081e+09
0.0450	0.0550	0.0750	2.20707150e+09
0.0450	0.0550	0.0850	1.68603117e+09
0.0450	0.0550	0.0950	2.21790887e+09
0.0450	0.0550	0.1050	3.38456273e+09
0.0450	0.0650	0.0650	1.68905787e+09
0.0450	0.0650	0.0750	1.83222732e+09
0.0450	0.0650	0.0850	1.10009295e+09
0.0450	0.0650	0.0950	1.53636612e+09
0.0450	0.0650	0.1050	2.07274374e+09
0.0450	0.0650	0.1150	3.24492638e+09
0.0450	0.0750	0.0750	1.78003668e+09
0.0450	0.0750	0.0850	1.16414604e+09
0.0450	0.0750	0.0950	1.72089870e+09
0.0450	0.0750	0.1050	1.80044099e+09
0.0450	0.0750	0.1150	2.15698384e+09
0.0450	0.0750	0.1250	2.43382007e+09
0.0450	0.0850	0.0850	1.62795942e+09
0.0450	0.0850	0.0950	1.29683627e+09
0.0450	0.0850	0.1050	1.00875797e+09
0.0450	0.0850	0.1150	1.37476499e+09
0.0450	0.0850	0.1250	1.60893822e+09
0.0450	0.0850	0.1350	1.72678916e+09
0.0450	0.0950	0.0950	1.14913779e+09
0.0450	0.0950	0.1050	1.03460932e+09
0.0450	0.0950	0.1150	1.24794636e+09
0.0450	0.0950	0.1250	1.36620894e+09
0.0450	0.0950	0.1350	1.38654644e+09
0.0450	0.0950	0.1450	9.61156161e+08
0.0450	0.1050	0.1050	8.33545388e+08
0.0450	0.1050	0.1150	9.15823518e+08
0.0450	0.1050	0.1250	1.01779003e+09
0.0450	0.1050	0.1350	1.21760571e+09
0.0450	0.1050	0.1450	1.36296863e+09
0.0450	0.1150	0.1150	6.23002989e+08
0.0450	0.1150	0.1250	7.07063097e+08
0.0450	0.1150	0.1350	7.91415912e+08
0.0450	0.1150	0.1450	1.08693774e+09
0.0450	0.1250	0.1250	6.88732503e+08
0.0450	0.1250	0.1350	8.24515957e+08
0.0450	0.1250	0.1450	6.94252523e+08
0.0450	0.1350	0.1350	6.83391358e+08
0.0450	0.1350	0.1450	8.12941561e+08
0.0450	0.1450	0.1450	7.00294004e+08
0.0550	0.0550	0.0550	6.85874700e+08
0.0550	0.0550	0.0650	7.81572851e+08
0.0550	0.0550	0.0750	1.99289504e+09
0.0550	0.0550	0.0850	1.94480278e+09
0.0550	0.0550	0.0950	1.40313401e+09
0.0550	0.0550	0.1050	2.37131076e+09
0.0550	0.0550	0.1150	3.80240680e+09
0.0550	0.0650	0.0650	1.76062987e+09
0.0550	0.0650	0.0750	9.50814953e+08
0.0550	0.0650	0.0850	1.39415739e+09
0.0550	0.0650	0.0950	1.21872775e+09
0.0550	0.0650	0.1050	1.54417931e+09
0.0550	0.0650	0.1150	1.57979342e+09
0.0550	0.0650	0.1250	2.08461774e+09
0.0550	0.0750	0.0750	1.29931852e+09
0.0550	0.0750	0.0850	1.70811719e+09
0.0550	0.0750	0.0950	1.29125547e+09
0.0550	0.0750	0.1050	1.21234181e+09
0.0550	0.0750	0.1150	1.18160955e+09
0.0550	0.0750	0.1250	1.61152428e+09
0.0550	0.0750	0.1350	2.31023160e+09
0.0550	0.0850	0.0850	6.39729905e+08
0.0550	0.0850	0.0950	7.77401538e+08
0.0550	0.0850	0.1050	1.29075826e+09
0.0550	0.0850	0.1150	1.08886605e+09
0.0550	0.0850	0.1250	1.15986560e+09
0.0550	0.0850	0.1350	1.36369170e+09
0.0550	0.0850	0.1450	1.18847675e+09
0.0550	0.0950	0.0950	8.24434172e+08
0.0550	0.0950	0.1050	7.14087823e+08
0.0550	0.0950	0.1150	6.54197064e+08
0.0550	0.0950	0.1250	7.94116657e+08
0.0550	0.0950	0.1350	9.82802795e+08
0.0550	0.0950	0.1450	1.21069631e+09
0.0550	0.1050	0.1050	5.30713312e+08
0.0550	0.1050	0.1150	8.75914325e+08
0.0550	0.1050	0.1250	6.92655741e+08
0.0550	0.1050	0.1350	1.10461155e+09
0.0550	0.1050	0.1450	7.99259420e+08
0.0550	0.1150	0.1150	8.75876282e+08
0.0550	0.1150	0.1250	6.04319092e+08
0.0550	0.1150	0.1350	7.38238075e+08
0.0550	0.1150	0.1450	7.16127743e+08
0.0550	0.1250	0.1250	5.07422664e+08
0.0550	0.1250	0.1350	6.96394673e+08
0.0550	0.1250	0.1450	7.30774178e+08
0.0550	0.1350	0.1350	6.63630421e+08
0.0550	0.1350	0.1450	6.01029912e+08
0.0550	0.1450	0.1450	5.46355319e+08
0.0650	0.0650	0.0650	-2.66822348e+08
0.0650	0.0650	0.0750	1.90880387e+09
0.0650	0.0650	0.0850	6.94799845e+08
0.0650	0.0650	0.0950	6.93421798e+08
0.0650	0.0650	0.1050	9.35864980e+08
0.0650	0.0650	0.1150	1.75882725e+09
0.0650	0.0650	0.1250	2.04386773e+09
0.0650	0.0650	0.1350	2.28024286e+09
0.0650	0.0750	0.0750	4.78993959e+08
0.0650	0.0750	0.0850	1.03309277e+09
0.0650	0.0750	0.0950	1.13502604e+09
0.0650	0.0750	0.1050	1.50046406e+09
0.0650	0.0750	0.1150	1.11030710e+09
0.0650	0.0750	0.1250	1.29254563e+09
0.0650	0.0750	0.1350	1.62598281e+09
0.0650	0.0750	0.1450	1.46235899e+09
0.0650	0.0850	0.0850	1.19410092e+09
0.0650	0.0850	0.0950	9.41382193e+08
0.0650	0.0850	0.1050	7.38579168e+08
0.0650	0.0850	0.1150	8.68466310e+08
0.0650	0.0850	0.1250	9.82573057e+08
0.0650	0.0850	0.1350	1.22620882e+09
0.0650	0.0850	0.1450	1.24936875e+09
0.0650	0.0950	0.0950	7.00028404e+08
0.0650	0.0950	0.1050	6.31722483e+08
0.0650	0.0950	0.1150	6.70382316e+08
0.0650	0.0950	0.1250	8.34098931e+08
0.0650	0.0950	0.1350	9.62221466e+08
0.0650	0.0950	0.1450	1.03769290e+09
0.0650	0.1050	0.1050	9.84972068e+08
0.0650	0.1050	0.1150	7.90411634e+08
0.0650	0.1050	0.1250	7.26762253e+08
0.0650	0.1050	0.1350	6.86717966e+08
0.0650	0.1050	0.1450	7.43693848e+08
0.0650	0.1150	0.1150	5.29483214e+08
0.0650	0.1150	0.1250	6.40282355e+08
0.0650	0.1150	0.1350	7.21669420e+08
0.0650	0.1150	0.1450	7.05176496e+08
0.0650	0.1250	0.1250	6.05981057e+08
0.0650	0.1250	0.1350	4.48863577e+08
0.0650	0.1250	0.1450	5.71420792e+08
0.0650	0.1350	0.1350	7.36803637e+08
0.0650	0.1350	0.1450	6.46769822e+08
0.0650	0.1450	0.1450	4.18671390e+08
0.0750	0.0750	0.0750	2.23282443e+09
0.0750	0.0750	0.0850	9.79657750e+08
0.0750	0.0750	0.0950	5.65001715e+08
0.0750	0.0750	0.1050	1.40442079e+09
0.0750	0.0750	0.1150	1.03899285e+09
0.0750	0.0750	0.1250	9.01137210e+08
0.0750	0.0750	0.1350	9.17620920e+08
0.0750	0.0750	0.1450	1.27825022e+09
0.0750	0.0850	0.0850	1.05712508e+09
0.0750	0.0850	0.0950	8.07980387e+08
0.0750	0.0850	0.1050	7.88442047e+08
0.0750	0.0850	0.1150	9.47470077e+08
0.0750	0.0850	0.1250	8.14688266e+08
0.0750	0.0850	0.1350	9.36648474e+08
0.0750	0.0850	0.1450	1.05012449e+09
0.0750	0.0950	0.0950	3.36953949e+08
0.0750	0.0950	0.1050	7.72114114e+08
0.0750	0.0950	0.1150	7.11126765e+08
0.0750	0.0950	0.1250	8.59620647e+08
0.0750	0.0950	0.1350	6.08820551e+08
0.0750	0.0950	0.1450	8.49371509e+08
0.0750	0.1050	0.1050	6.22910208e+08
0.0750	0.1050	0.1150	6.00342683e+08
0.0750	0.1050	0.1250	7.45058548e+08
0.0750	0.1050	0.1350	8.15486656e+08
0.0750	0.1050	0.1450	8.05882485e+08
0.0750	0.1150	0.1150	5.79215252e+08
0.0750	0.1150	0.1250	6.41132405e+08
0.0750	0.1150	0.1350	6.47677590e+08
0.0750	0.1150	0.1450	7.08098215e+08
0.0750	0.1250	0.1250	3.82557626e+08
0.0750	0.1250	0.1350	7.34693796e+08
0.0750	0.1250	0.1450	5.68544780e+08
0.0750	0.1350	0.1350	6.19615516e+08
0.0750	0.1350	0.1450	4.09934094e+08
0.0750	0.1450	0.1450	4.91693113e+08
0.0850	0.0850	0.0850	5.04214403e+08
0.0850	0.0850	0.0950	8.06012156e+08
0.0850	0.0850	0.1050	5.98191200e+08
0.0850	0.0850	0.1150	7.56188055e+08
0.0850	0.0850	0.1250	6.68124629e+08
0.0850	0.0850	0.1350	8.75781179e+08
0.0850	0.0850	0.1450	6.86727446e+08
0.0850	0.0950	0.0950	6.43061132e+08
0.0850	0.0950	0.1050	6.17974976e+08
0.0850	0.0950	0.1150	4.68753013e+08
0.0850	0.0950	0.1250	6.80996843e+08
0.0850	0.0950	0.1350	5.74201416e+08
0.0850	0.0950	0.1450	5.98383506e+08
0.0850	0.1050	0.1050	8.31346498e+08
0.0850	0.1050	0.1150	5.84510894e+08
0.0850	0.1050	0.1250	5.48184780e+08
0.0850	0.1050	0.1350	5.06689582e+08
0.0850	0.1050	0.1450	6.00317177e+08
0.0850	0.1150	0.1150	4.92323190e+08
0.0850	0.1150	0.1250	3.17692740e+08
0.0850	0.1150	0.1350	6.00246069e+08
0.0850	0.1150	0.1450	4.86213348e+08
0.0850	0.1250	0.1250	7.17200822e+08
0.0850	0.1250	0.1350	4.35896908e+08
0.0850	0.1250	0.1450	5.14130777e+08
0.0850	0.1350	0.1350	3.85998623e+08
0.0850	0.1350	0.1450	4.68482766e+08
0.0850	0.1450	0.1450	3.87169789e+08
0.0950	0.0950	0.0950	7.44922185e+08
0.0950	0.0950	0.1050	9.34798857e+08
0.0950	0.0950	0.1150	3.39164126e+08
0.0950	0.0950	0.1250	6.00702710e+08
0.0950	0.0950	0.1350	6.31193819e+08
0.0950	0.0950	0.1450	5.56596993e+08
0.0950	0.1050	0.1050	2.06612187e+08
0.0950	0.1050	0.1150	5.64256525e+08
0.0950	0.1050	0.1250	4.61036735e+08
0.0950	0.1050	0.1350	5.25855559e+08
0.0950	0.1050	0.1450	5.84545059e+08
0.0950	0.1150	0.1150	5.41599657e+08
0.0950	0.1150	0.1250	3.62658314e+08
0.0950	0.1150	0.1350	4.45184903e+08
0.0950	0.1150	0.1450	4.49867504e+08
0.0950	0.1250	0.1250	4.51123186e+08
0.0950	0.1250	0.1350	4.31566254e+08
0.0950	0.1250	0.1450	3.94357080e+08
0.0950	0.1350	0.1350	4.46617757e+08
0.0950	0.1350	0.1450	4.34873902e+08
0.0950	0.1450	0.1450	4.00158616e+08
0.1050	0.1050	0.1050	6.93391669e+08
0.1050	0.1050	0.1150	3.94459076e+08
0.1050	0.1050	0.1250	5.06234425e+08
0.1050	0.1050	0.1350	5.43686576e+08
0.1050	0.1050	0.1450	3.73078302e+08
0.1050	0.1150	0.1150	4.05157254e+08
0.1050	0.1150	0.1250	4.41531629e+08
0.1050	0.1150	0.1350	4.97226571e+08
0.1050	0.1150	0.1450	4.85981060e+08
0.1050	0.1250	0.1250	2.98769911e+08
0.1050	0.1250	0.1350	5.06989260e+08
0.1050	0.1250	0.1450	3.28709361e+08
0.1050	0.1350	0.1350	3.03386320e+08
0.1050	0.1350	0.1450	3.82707419e+08
0.1050	0.1450	0.1450	3.67375930e+08
0.1150	0.1150	0.1150	4.10080355e+08
0.1150	0.1150	0.1250	5.21587974e+08
0.1150	0.1150	0.1350	4.09486626e+08
0.1150	0.1150	0.1450	3.03554308e+08
0.1150	0.1250	0.1250	4.42645103e+08
0.1150	0.1250	0.1350	3.38812244e+08
0.1150	0.1250	0.1450	3.77268536e+08
0.1150	0.1350	0.1350	4.19495513e+08
0.1150	0.1350	0.1450	4.14727769e+08
0.1150	0.1450	0.1450	3.51543574e+08
0.1250	0.1250	0.1250	3.63511868e+08
0.1250	0.1250	0.1350	3.66749087e+08
0.1250	0.1250	0.1450	3.49592077e+08
0.1250	0.1350	0.1350	4.04109514e+08
0.1250	0.1350	0.1450	3.29002486e+08
0.1250	0.1450	0.1450	2.54640244e+08
0.1350	0.1350	0.1350	2.27600780e+08
0.1350	0.1350	0.1450	2.72007012e+08
0.1350	0.1450	0.1450	4.41656212e+08
0.1450	0.1450	0.1450	1.28973612e+08
