####### Bispectrum of Patchy Simulation 901 #############
# Patch: ngc
# z-type: z3
# Weights: fkp
# Fiducial Omega_m: 0.310
# Fiducial h: 0.676
# Boxsize: [1800.0, 3400.0, 1900.0]
# Grid: [170, 325, 180]
# k-binning: [0.000, 0.160, 0.010]
# Monte Carlo Simulations: 100
#
# Format: k1 | k2 | k3 | B(k1,k2,k3)
############################################
0.0150	0.0150	0.0150	1.93876269e+10
0.0150	0.0150	0.0250	-1.28265604e+10
0.0150	0.0150	0.0350	6.80005198e+09
0.0150	0.0250	0.0250	6.51065143e+09
0.0150	0.0250	0.0350	8.12325581e+09
0.0150	0.0250	0.0450	1.05504129e+10
0.0150	0.0350	0.0350	7.72210181e+09
0.0150	0.0350	0.0450	1.22991372e+10
0.0150	0.0350	0.0550	7.03388757e+09
0.0150	0.0450	0.0450	-2.41208020e+06
0.0150	0.0450	0.0550	1.18168879e+09
0.0150	0.0450	0.0650	7.69365946e+09
0.0150	0.0550	0.0550	4.47376628e+09
0.0150	0.0550	0.0650	3.00476265e+09
0.0150	0.0550	0.0750	1.75179839e+09
0.0150	0.0650	0.0650	1.13811476e+09
0.0150	0.0650	0.0750	2.13375852e+09
0.0150	0.0650	0.0850	-1.78507500e+09
0.0150	0.0750	0.0750	5.44768859e+08
0.0150	0.0750	0.0850	2.56205940e+09
0.0150	0.0750	0.0950	1.31750908e+09
0.0150	0.0850	0.0850	1.00465790e+09
0.0150	0.0850	0.0950	2.51341799e+09
0.0150	0.0850	0.1050	2.22394027e+09
0.0150	0.0950	0.0950	6.90434126e+08
0.0150	0.0950	0.1050	1.63301914e+09
0.0150	0.0950	0.1150	1.88897641e+09
0.0150	0.1050	0.1050	1.51530719e+09
0.0150	0.1050	0.1150	1.66846540e+09
0.0150	0.1050	0.1250	2.81564303e+08
0.0150	0.1150	0.1150	5.54850140e+08
0.0150	0.1150	0.1250	1.48852906e+09
0.0150	0.1150	0.1350	1.13294666e+09
0.0150	0.1250	0.1250	2.59589339e+08
0.0150	0.1250	0.1350	1.62089105e+09
0.0150	0.1250	0.1450	2.50460574e+09
0.0150	0.1350	0.1350	1.06953882e+09
0.0150	0.1350	0.1450	1.66985096e+09
0.0150	0.1450	0.1450	7.19747351e+08
0.0250	0.0250	0.0250	-1.02789325e+10
0.0250	0.0250	0.0350	6.14103523e+09
0.0250	0.0250	0.0450	1.09771309e+10
0.0250	0.0250	0.0550	1.17365119e+10
0.0250	0.0350	0.0350	3.76752445e+09
0.0250	0.0350	0.0450	1.55109426e+09
0.0250	0.0350	0.0550	6.75649394e+09
0.0250	0.0350	0.0650	7.09453961e+09
0.0250	0.0450	0.0450	5.18269502e+09
0.0250	0.0450	0.0550	3.68038493e+09
0.0250	0.0450	0.0650	2.60832440e+09
0.0250	0.0450	0.0750	5.71135386e+09
0.0250	0.0550	0.0550	1.07229155e+09
0.0250	0.0550	0.0650	2.73843159e+09
0.0250	0.0550	0.0750	3.10983317e+09
0.0250	0.0550	0.0850	2.70750620e+09
0.0250	0.0650	0.0650	1.93674621e+09
0.0250	0.0650	0.0750	2.84931435e+09
0.0250	0.0650	0.0850	3.22347191e+09
0.0250	0.0650	0.0950	5.08293976e+09
0.0250	0.0750	0.0750	1.84324151e+09
0.0250	0.0750	0.0850	1.82037581e+09
0.0250	0.0750	0.0950	2.39523916e+09
0.0250	0.0750	0.1050	2.61068424e+09
0.0250	0.0850	0.0850	1.77165052e+09
0.0250	0.0850	0.0950	1.77698520e+09
0.0250	0.0850	0.1050	2.41618585e+09
0.0250	0.0850	0.1150	2.13280845e+09
0.0250	0.0950	0.0950	1.63531782e+09
0.0250	0.0950	0.1050	1.93597870e+09
0.0250	0.0950	0.1150	2.21038622e+09
0.0250	0.0950	0.1250	3.03590547e+09
0.0250	0.1050	0.1050	1.32684351e+09
0.0250	0.1050	0.1150	1.10027684e+09
0.0250	0.1050	0.1250	1.73614301e+09
0.0250	0.1050	0.1350	1.59884773e+09
0.0250	0.1150	0.1150	1.21792007e+09
0.0250	0.1150	0.1250	1.36660498e+09
0.0250	0.1150	0.1350	2.04497642e+09
0.0250	0.1150	0.1450	2.45055691e+09
0.0250	0.1250	0.1250	1.40194360e+09
0.0250	0.1250	0.1350	1.17332149e+09
0.0250	0.1250	0.1450	1.31062813e+09
0.0250	0.1350	0.1350	9.26868371e+08
0.0250	0.1350	0.1450	9.85160759e+08
0.0250	0.1450	0.1450	1.09735351e+09
0.0350	0.0350	0.0350	1.17415985e+10
0.0350	0.0350	0.0450	3.96124202e+09
0.0350	0.0350	0.0550	5.21980193e+09
0.0350	0.0350	0.0650	4.59924433e+09
0.0350	0.0350	0.0750	5.39480044e+09
0.0350	0.0450	0.0450	4.20570673e+09
0.0350	0.0450	0.0550	6.33459155e+08
0.0350	0.0450	0.0650	3.40246778e+09
0.0350	0.0450	0.0750	2.74689461e+09
0.0350	0.0450	0.0850	3.99710681e+09
0.0350	0.0550	0.0550	3.35911847e+09
0.0350	0.0550	0.0650	2.49139677e+09
0.0350	0.0550	0.0750	2.06615385e+09
0.0350	0.0550	0.0850	2.69934690e+09
0.0350	0.0550	0.0950	3.73785046e+09
0.0350	0.0650	0.0650	1.80035937e+09
0.0350	0.0650	0.0750	2.18362968e+09
0.0350	0.0650	0.0850	2.16682029e+09
0.0350	0.0650	0.0950	2.80123441e+09
0.0350	0.0650	0.1050	3.04830124e+09
0.0350	0.0750	0.0750	1.42367040e+09
0.0350	0.0750	0.0850	1.65807943e+09
0.0350	0.0750	0.0950	1.72865771e+09
0.0350	0.0750	0.1050	2.56565500e+09
0.0350	0.0750	0.1150	3.22760685e+09
0.0350	0.0850	0.0850	1.74802624e+09
0.0350	0.0850	0.0950	1.28470160e+09
0.0350	0.0850	0.1050	1.50526766e+09
0.0350	0.0850	0.1150	2.30902189e+09
0.0350	0.0850	0.1250	8.39331737e+08
0.0350	0.0950	0.0950	1.28820232e+09
0.0350	0.0950	0.1050	1.41338786e+09
0.0350	0.0950	0.1150	1.34198647e+09
0.0350	0.0950	0.1250	1.77935948e+09
0.0350	0.0950	0.1350	2.11181178e+09
0.0350	0.1050	0.1050	1.19134536e+09
0.0350	0.1050	0.1150	1.25496716e+09
0.0350	0.1050	0.1250	1.41475143e+09
0.0350	0.1050	0.1350	1.70165738e+09
0.0350	0.1050	0.1450	2.00441609e+09
0.0350	0.1150	0.1150	1.33108663e+09
0.0350	0.1150	0.1250	8.69935964e+08
0.0350	0.1150	0.1350	1.19179274e+09
0.0350	0.1150	0.1450	1.63937172e+09
0.0350	0.1250	0.1250	1.22259900e+09
0.0350	0.1250	0.1350	9.02231343e+08
0.0350	0.1250	0.1450	1.32372711e+09
0.0350	0.1350	0.1350	6.93071192e+08
0.0350	0.1350	0.1450	1.10735910e+09
0.0350	0.1450	0.1450	1.13895148e+09
0.0450	0.0450	0.0450	-1.02951766e+09
0.0450	0.0450	0.0550	3.91101185e+09
0.0450	0.0450	0.0650	1.89253996e+09
0.0450	0.0450	0.0750	2.90635750e+09
0.0450	0.0450	0.0850	3.63587791e+09
0.0450	0.0450	0.0950	-4.38217975e+08
0.0450	0.0550	0.0550	1.30544435e+09
0.0450	0.0550	0.0650	1.61772481e+09
0.0450	0.0550	0.0750	2.39232387e+09
0.0450	0.0550	0.0850	2.25017201e+09
0.0450	0.0550	0.0950	2.15463361e+09
0.0450	0.0550	0.1050	2.35060623e+09
0.0450	0.0650	0.0650	1.88834277e+09
0.0450	0.0650	0.0750	1.33789605e+09
0.0450	0.0650	0.0850	1.61288187e+09
0.0450	0.0650	0.0950	1.23423868e+09
0.0450	0.0650	0.1050	1.83318430e+09
0.0450	0.0650	0.1150	1.68015914e+09
0.0450	0.0750	0.0750	1.65043479e+09
0.0450	0.0750	0.0850	1.22437978e+09
0.0450	0.0750	0.0950	1.74262235e+09
0.0450	0.0750	0.1050	1.59522692e+09
0.0450	0.0750	0.1150	1.79095176e+09
0.0450	0.0750	0.1250	1.71483227e+09
0.0450	0.0850	0.0850	9.84149862e+08
0.0450	0.0850	0.0950	9.72593370e+08
0.0450	0.0850	0.1050	1.39561278e+09
0.0450	0.0850	0.1150	1.48884443e+09
0.0450	0.0850	0.1250	1.96334242e+09
0.0450	0.0850	0.1350	1.92656462e+09
0.0450	0.0950	0.0950	1.28044460e+09
0.0450	0.0950	0.1050	8.75574842e+08
0.0450	0.0950	0.1150	1.18230230e+09
0.0450	0.0950	0.1250	1.26534587e+09
0.0450	0.0950	0.1350	9.77983209e+08
0.0450	0.0950	0.1450	1.78238104e+09
0.0450	0.1050	0.1050	1.01285614e+09
0.0450	0.1050	0.1150	1.03403379e+09
0.0450	0.1050	0.1250	9.39569198e+08
0.0450	0.1050	0.1350	9.72469772e+08
0.0450	0.1050	0.1450	1.29343814e+09
0.0450	0.1150	0.1150	6.83800795e+08
0.0450	0.1150	0.1250	8.84931430e+08
0.0450	0.1150	0.1350	7.98178765e+08
0.0450	0.1150	0.1450	1.14885356e+09
0.0450	0.1250	0.1250	9.23767451e+08
0.0450	0.1250	0.1350	7.27009700e+08
0.0450	0.1250	0.1450	9.43063857e+08
0.0450	0.1350	0.1350	1.00893126e+09
0.0450	0.1350	0.1450	6.16619053e+08
0.0450	0.1450	0.1450	8.11709132e+08
0.0550	0.0550	0.0550	2.69055045e+09
0.0550	0.0550	0.0650	1.16981966e+09
0.0550	0.0550	0.0750	1.74349167e+09
0.0550	0.0550	0.0850	7.58261136e+08
0.0550	0.0550	0.0950	3.35082824e+09
0.0550	0.0550	0.1050	1.64077659e+09
0.0550	0.0550	0.1150	2.14176993e+09
0.0550	0.0650	0.0650	1.57036207e+09
0.0550	0.0650	0.0750	1.74303338e+09
0.0550	0.0650	0.0850	1.18319865e+09
0.0550	0.0650	0.0950	1.15874258e+09
0.0550	0.0650	0.1050	1.78957471e+09
0.0550	0.0650	0.1150	1.24577232e+09
0.0550	0.0650	0.1250	2.30166733e+09
0.0550	0.0750	0.0750	7.90449718e+08
0.0550	0.0750	0.0850	1.36537988e+09
0.0550	0.0750	0.0950	9.99830332e+08
0.0550	0.0750	0.1050	1.17482265e+09
0.0550	0.0750	0.1150	1.52701451e+09
0.0550	0.0750	0.1250	1.33750345e+09
0.0550	0.0750	0.1350	2.19234633e+09
0.0550	0.0850	0.0850	1.40268458e+09
0.0550	0.0850	0.0950	1.18532404e+09
0.0550	0.0850	0.1050	1.02046901e+09
0.0550	0.0850	0.1150	1.04843134e+09
0.0550	0.0850	0.1250	1.06822883e+09
0.0550	0.0850	0.1350	1.30282965e+09
0.0550	0.0850	0.1450	1.49300836e+09
0.0550	0.0950	0.0950	1.16562537e+09
0.0550	0.0950	0.1050	8.70139387e+08
0.0550	0.0950	0.1150	1.11432408e+09
0.0550	0.0950	0.1250	7.21547783e+08
0.0550	0.0950	0.1350	1.05346478e+09
0.0550	0.0950	0.1450	1.27918098e+09
0.0550	0.1050	0.1050	5.18715453e+08
0.0550	0.1050	0.1150	6.17413988e+08
0.0550	0.1050	0.1250	9.87885308e+08
0.0550	0.1050	0.1350	1.05969333e+09
0.0550	0.1050	0.1450	8.00440998e+08
0.0550	0.1150	0.1150	7.90142390e+08
0.0550	0.1150	0.1250	7.22228749e+08
0.0550	0.1150	0.1350	7.62334179e+08
0.0550	0.1150	0.1450	7.93706030e+08
0.0550	0.1250	0.1250	7.20005127e+08
0.0550	0.1250	0.1350	8.36211352e+08
0.0550	0.1250	0.1450	8.15104167e+08
0.0550	0.1350	0.1350	5.59557254e+08
0.0550	0.1350	0.1450	6.92065864e+08
0.0550	0.1450	0.1450	6.54871221e+08
0.0650	0.0650	0.0650	2.19337577e+09
0.0650	0.0650	0.0750	1.14734085e+09
0.0650	0.0650	0.0850	1.56483989e+09
0.0650	0.0650	0.0950	1.11478430e+09
0.0650	0.0650	0.1050	1.46349188e+09
0.0650	0.0650	0.1150	1.32718398e+09
0.0650	0.0650	0.1250	1.31429894e+09
0.0650	0.0650	0.1350	2.08338738e+09
0.0650	0.0750	0.0750	1.04283642e+09
0.0650	0.0750	0.0850	1.00147257e+09
0.0650	0.0750	0.0950	1.26764629e+09
0.0650	0.0750	0.1050	7.85886652e+08
0.0650	0.0750	0.1150	1.32585847e+09
0.0650	0.0750	0.1250	1.21380600e+09
0.0650	0.0750	0.1350	1.19991865e+09
0.0650	0.0750	0.1450	1.68267906e+09
0.0650	0.0850	0.0850	7.60016049e+08
0.0650	0.0850	0.0950	8.05168050e+08
0.0650	0.0850	0.1050	5.95431045e+08
0.0650	0.0850	0.1150	1.02739673e+09
0.0650	0.0850	0.1250	9.82021795e+08
0.0650	0.0850	0.1350	1.22581204e+09
0.0650	0.0850	0.1450	1.14055166e+09
0.0650	0.0950	0.0950	6.08427264e+08
0.0650	0.0950	0.1050	7.84029465e+08
0.0650	0.0950	0.1150	6.41484161e+08
0.0650	0.0950	0.1250	7.76218920e+08
0.0650	0.0950	0.1350	7.58331674e+08
0.0650	0.0950	0.1450	8.87144356e+08
0.0650	0.1050	0.1050	6.41294779e+08
0.0650	0.1050	0.1150	8.34820422e+08
0.0650	0.1050	0.1250	5.53475207e+08
0.0650	0.1050	0.1350	7.51333506e+08
0.0650	0.1050	0.1450	8.26362681e+08
0.0650	0.1150	0.1150	6.40664460e+08
0.0650	0.1150	0.1250	5.77535358e+08
0.0650	0.1150	0.1350	6.65339114e+08
0.0650	0.1150	0.1450	4.29222455e+08
0.0650	0.1250	0.1250	8.23276542e+08
0.0650	0.1250	0.1350	4.54459737e+08
0.0650	0.1250	0.1450	6.43199752e+08
0.0650	0.1350	0.1350	7.52845661e+08
0.0650	0.1350	0.1450	5.83866433e+08
0.0650	0.1450	0.1450	5.87280827e+08
0.0750	0.0750	0.0750	1.63931077e+09
0.0750	0.0750	0.0850	7.57235796e+08
0.0750	0.0750	0.0950	3.77593891e+08
0.0750	0.0750	0.1050	6.10964987e+08
0.0750	0.0750	0.1150	6.89642710e+08
0.0750	0.0750	0.1250	9.05265059e+08
0.0750	0.0750	0.1350	1.02236315e+09
0.0750	0.0750	0.1450	1.19571421e+09
0.0750	0.0850	0.0850	1.14833621e+09
0.0750	0.0850	0.0950	8.39340485e+08
0.0750	0.0850	0.1050	6.97566523e+08
0.0750	0.0850	0.1150	7.97270447e+08
0.0750	0.0850	0.1250	7.73673511e+08
0.0750	0.0850	0.1350	7.46010145e+08
0.0750	0.0850	0.1450	8.59220409e+08
0.0750	0.0950	0.0950	4.38343426e+08
0.0750	0.0950	0.1050	7.18573846e+08
0.0750	0.0950	0.1150	6.44811227e+08
0.0750	0.0950	0.1250	7.83702602e+08
0.0750	0.0950	0.1350	6.61218562e+08
0.0750	0.0950	0.1450	8.74063782e+08
0.0750	0.1050	0.1050	5.06281011e+08
0.0750	0.1050	0.1150	7.24445216e+08
0.0750	0.1050	0.1250	5.92521916e+08
0.0750	0.1050	0.1350	6.53262380e+08
0.0750	0.1050	0.1450	4.62541545e+08
0.0750	0.1150	0.1150	6.97948477e+08
0.0750	0.1150	0.1250	5.95018242e+08
0.0750	0.1150	0.1350	6.45505857e+08
0.0750	0.1150	0.1450	5.45795763e+08
0.0750	0.1250	0.1250	4.78607026e+08
0.0750	0.1250	0.1350	5.12076190e+08
0.0750	0.1250	0.1450	5.62403363e+08
0.0750	0.1350	0.1350	3.81449670e+08
0.0750	0.1350	0.1450	5.62666254e+08
0.0750	0.1450	0.1450	5.49396679e+08
0.0850	0.0850	0.0850	6.60655433e+08
0.0850	0.0850	0.0950	6.90208160e+08
0.0850	0.0850	0.1050	6.49469568e+08
0.0850	0.0850	0.1150	5.90930734e+08
0.0850	0.0850	0.1250	7.46282435e+08
0.0850	0.0850	0.1350	8.90039617e+08
0.0850	0.0850	0.1450	6.33445767e+08
0.0850	0.0950	0.0950	6.38382204e+08
0.0850	0.0950	0.1050	5.55023387e+08
0.0850	0.0950	0.1150	6.05789737e+08
0.0850	0.0950	0.1250	6.36646080e+08
0.0850	0.0950	0.1350	6.11752714e+08
0.0850	0.0950	0.1450	7.28125996e+08
0.0850	0.1050	0.1050	3.79683435e+08
0.0850	0.1050	0.1150	6.05701679e+08
0.0850	0.1050	0.1250	5.40861866e+08
0.0850	0.1050	0.1350	6.92596317e+08
0.0850	0.1050	0.1450	5.22500656e+08
0.0850	0.1150	0.1150	5.44393528e+08
0.0850	0.1150	0.1250	5.04533696e+08
0.0850	0.1150	0.1350	5.21787021e+08
0.0850	0.1150	0.1450	5.03539130e+08
0.0850	0.1250	0.1250	7.18156221e+08
0.0850	0.1250	0.1350	5.20309998e+08
0.0850	0.1250	0.1450	4.29374340e+08
0.0850	0.1350	0.1350	4.61132879e+08
0.0850	0.1350	0.1450	4.32052641e+08
0.0850	0.1450	0.1450	3.89674357e+08
0.0950	0.0950	0.0950	6.65116657e+08
0.0950	0.0950	0.1050	6.95341515e+08
0.0950	0.0950	0.1150	4.65189150e+08
0.0950	0.0950	0.1250	5.82783196e+08
0.0950	0.0950	0.1350	4.93007117e+08
0.0950	0.0950	0.1450	4.21735389e+08
0.0950	0.1050	0.1050	4.34844880e+08
0.0950	0.1050	0.1150	5.01115696e+08
0.0950	0.1050	0.1250	5.05630773e+08
0.0950	0.1050	0.1350	4.29961956e+08
0.0950	0.1050	0.1450	5.38602011e+08
0.0950	0.1150	0.1150	4.38486953e+08
0.0950	0.1150	0.1250	5.19842724e+08
0.0950	0.1150	0.1350	5.38019643e+08
0.0950	0.1150	0.1450	4.79791386e+08
0.0950	0.1250	0.1250	4.61027721e+08
0.0950	0.1250	0.1350	3.71136962e+08
0.0950	0.1250	0.1450	4.63115637e+08
0.0950	0.1350	0.1350	5.31750118e+08
0.0950	0.1350	0.1450	3.49693608e+08
0.0950	0.1450	0.1450	3.03394651e+08
0.1050	0.1050	0.1050	4.99934877e+08
0.1050	0.1050	0.1150	5.42570480e+08
0.1050	0.1050	0.1250	4.31895282e+08
0.1050	0.1050	0.1350	5.56105187e+08
0.1050	0.1050	0.1450	3.20467609e+08
0.1050	0.1150	0.1150	4.32834808e+08
0.1050	0.1150	0.1250	4.21780230e+08
0.1050	0.1150	0.1350	3.27248074e+08
0.1050	0.1150	0.1450	4.83755232e+08
0.1050	0.1250	0.1250	4.00408584e+08
0.1050	0.1250	0.1350	4.06576386e+08
0.1050	0.1250	0.1450	3.30654026e+08
0.1050	0.1350	0.1350	3.98908258e+08
0.1050	0.1350	0.1450	3.25848538e+08
0.1050	0.1450	0.1450	4.73863386e+08
0.1150	0.1150	0.1150	3.75990009e+08
0.1150	0.1150	0.1250	4.79180072e+08
0.1150	0.1150	0.1350	2.23025994e+08
0.1150	0.1150	0.1450	4.49647071e+08
0.1150	0.1250	0.1250	4.05050753e+08
0.1150	0.1250	0.1350	4.07467389e+08
0.1150	0.1250	0.1450	4.12492615e+08
0.1150	0.1350	0.1350	2.96081305e+08
0.1150	0.1350	0.1450	4.49121126e+08
0.1150	0.1450	0.1450	2.31444862e+08
0.1250	0.1250	0.1250	3.95921072e+08
0.1250	0.1250	0.1350	3.52136950e+08
0.1250	0.1250	0.1450	2.19113516e+08
0.1250	0.1350	0.1350	3.56063965e+08
0.1250	0.1350	0.1450	3.69343120e+08
0.1250	0.1450	0.1450	3.14618359e+08
0.1350	0.1350	0.1350	2.58872287e+08
0.1350	0.1350	0.1450	3.43302362e+08
0.1350	0.1450	0.1450	3.09359553e+08
0.1450	0.1450	0.1450	3.08521796e+08
