####### Bispectrum of Patchy Simulation 311 #############
# Patch: sgc
# z-type: z1
# Weights: fkp
# Fiducial Omega_m: 0.310
# Fiducial h: 0.676
# Boxsize: [1000.0, 1900.0, 1100.0]
# Grid: [95, 180, 105]
# k-binning: [0.000, 0.160, 0.010]
# Monte Carlo Simulations: 100
#
# Format: k1 | k2 | k3 | B(k1,k2,k3)
############################################
0.0150	0.0150	0.0150	4.59757928e+10
0.0150	0.0150	0.0250	1.18754205e+10
0.0150	0.0150	0.0350	3.15450511e+10
0.0150	0.0250	0.0250	1.21034970e+10
0.0150	0.0250	0.0350	6.30261952e+09
0.0150	0.0250	0.0450	2.65694111e+10
0.0150	0.0350	0.0350	5.41233224e+09
0.0150	0.0350	0.0450	7.90114558e+09
0.0150	0.0350	0.0550	-8.08132596e+09
0.0150	0.0450	0.0450	8.29151943e+09
0.0150	0.0450	0.0550	8.30558041e+09
0.0150	0.0450	0.0650	-2.74884812e+08
0.0150	0.0550	0.0550	4.44692325e+09
0.0150	0.0550	0.0650	5.77308907e+09
0.0150	0.0550	0.0750	1.47357603e+10
0.0150	0.0650	0.0650	2.86274647e+09
0.0150	0.0650	0.0750	4.94858270e+09
0.0150	0.0650	0.0850	5.62856810e+09
0.0150	0.0750	0.0750	3.81570013e+09
0.0150	0.0750	0.0850	5.64265317e+09
0.0150	0.0750	0.0950	6.79354582e+09
0.0150	0.0850	0.0850	2.67534000e+09
0.0150	0.0850	0.0950	1.58163482e+09
0.0150	0.0850	0.1050	4.09174047e+09
0.0150	0.0950	0.0950	2.26274281e+09
0.0150	0.0950	0.1050	3.07666186e+09
0.0150	0.0950	0.1150	4.45273609e+09
0.0150	0.1050	0.1050	2.49521469e+09
0.0150	0.1050	0.1150	1.83370009e+09
0.0150	0.1050	0.1250	2.75130112e+09
0.0150	0.1150	0.1150	4.98530321e+08
0.0150	0.1150	0.1250	1.96891734e+09
0.0150	0.1150	0.1350	2.69175431e+09
0.0150	0.1250	0.1250	1.09745663e+09
0.0150	0.1250	0.1350	1.99589477e+09
0.0150	0.1250	0.1450	2.43702859e+09
0.0150	0.1350	0.1350	1.56768019e+09
0.0150	0.1350	0.1450	1.88299089e+09
0.0150	0.1450	0.1450	1.33085470e+09
0.0250	0.0250	0.0250	1.00555096e+10
0.0250	0.0250	0.0350	1.10751860e+10
0.0250	0.0250	0.0450	9.75474685e+09
0.0250	0.0250	0.0550	2.65411149e+10
0.0250	0.0350	0.0350	-3.82120207e+09
0.0250	0.0350	0.0450	5.97055681e+09
0.0250	0.0350	0.0550	9.33348447e+09
0.0250	0.0350	0.0650	-8.61803793e+09
0.0250	0.0450	0.0450	3.26538273e+09
0.0250	0.0450	0.0550	6.24659179e+09
0.0250	0.0450	0.0650	5.54582670e+09
0.0250	0.0450	0.0750	-1.70626444e+09
0.0250	0.0550	0.0550	1.51212058e+09
0.0250	0.0550	0.0650	4.94274868e+09
0.0250	0.0550	0.0750	3.24955634e+09
0.0250	0.0550	0.0850	5.63304123e+09
0.0250	0.0650	0.0650	1.22813447e+09
0.0250	0.0650	0.0750	3.52589720e+09
0.0250	0.0650	0.0850	1.18056067e+09
0.0250	0.0650	0.0950	5.52336431e+09
0.0250	0.0750	0.0750	3.03355111e+09
0.0250	0.0750	0.0850	1.77835613e+09
0.0250	0.0750	0.0950	3.56305676e+09
0.0250	0.0750	0.1050	3.48474783e+09
0.0250	0.0850	0.0850	2.23299179e+09
0.0250	0.0850	0.0950	1.25473093e+09
0.0250	0.0850	0.1050	2.10672298e+09
0.0250	0.0850	0.1150	1.99547510e+09
0.0250	0.0950	0.0950	1.30299752e+09
0.0250	0.0950	0.1050	2.02215199e+09
0.0250	0.0950	0.1150	2.21089044e+09
0.0250	0.0950	0.1250	3.16466522e+09
0.0250	0.1050	0.1050	1.70456903e+09
0.0250	0.1050	0.1150	7.32135725e+08
0.0250	0.1050	0.1250	1.74536349e+09
0.0250	0.1050	0.1350	1.52782272e+09
0.0250	0.1150	0.1150	1.45361288e+09
0.0250	0.1150	0.1250	6.35252944e+08
0.0250	0.1150	0.1350	1.47991215e+09
0.0250	0.1150	0.1450	1.43802766e+09
0.0250	0.1250	0.1250	1.34541248e+09
0.0250	0.1250	0.1350	4.36095966e+08
0.0250	0.1250	0.1450	1.45485315e+09
0.0250	0.1350	0.1350	1.08052464e+09
0.0250	0.1350	0.1450	7.10461445e+08
0.0250	0.1450	0.1450	1.70473393e+08
0.0350	0.0350	0.0350	4.00920702e+09
0.0350	0.0350	0.0450	-4.78017987e+09
0.0350	0.0350	0.0550	2.94539862e+09
0.0350	0.0350	0.0650	6.34240588e+09
0.0350	0.0350	0.0750	1.01186105e+10
0.0350	0.0450	0.0450	7.84341827e+07
0.0350	0.0450	0.0550	4.02802781e+09
0.0350	0.0450	0.0650	3.67313236e+09
0.0350	0.0450	0.0750	4.37065108e+09
0.0350	0.0450	0.0850	2.58372246e+09
0.0350	0.0550	0.0550	3.44005373e+09
0.0350	0.0550	0.0650	3.23139876e+09
0.0350	0.0550	0.0750	6.76941200e+08
0.0350	0.0550	0.0850	2.15773385e+09
0.0350	0.0550	0.0950	1.47524182e+09
0.0350	0.0650	0.0650	-1.26878410e+08
0.0350	0.0650	0.0750	2.14201467e+09
0.0350	0.0650	0.0850	2.63557173e+09
0.0350	0.0650	0.0950	3.02267040e+09
0.0350	0.0650	0.1050	4.42022414e+09
0.0350	0.0750	0.0750	2.49367263e+09
0.0350	0.0750	0.0850	6.32615115e+08
0.0350	0.0750	0.0950	1.60333204e+09
0.0350	0.0750	0.1050	2.75503951e+09
0.0350	0.0750	0.1150	4.39829523e+09
0.0350	0.0850	0.0850	1.35065439e+09
0.0350	0.0850	0.0950	2.24370954e+09
0.0350	0.0850	0.1050	1.44594345e+09
0.0350	0.0850	0.1150	1.37586397e+09
0.0350	0.0850	0.1250	1.43911920e+09
0.0350	0.0950	0.0950	1.83387879e+09
0.0350	0.0950	0.1050	9.29420467e+08
0.0350	0.0950	0.1150	1.06757164e+09
0.0350	0.0950	0.1250	2.03265447e+09
0.0350	0.0950	0.1350	2.60409271e+09
0.0350	0.1050	0.1050	8.43736675e+07
0.0350	0.1050	0.1150	8.64429415e+08
0.0350	0.1050	0.1250	7.11747563e+08
0.0350	0.1050	0.1350	1.78896106e+09
0.0350	0.1050	0.1450	1.80261124e+09
0.0350	0.1150	0.1150	6.65868443e+08
0.0350	0.1150	0.1250	7.92445664e+08
0.0350	0.1150	0.1350	1.11493341e+09
0.0350	0.1150	0.1450	1.11043620e+09
0.0350	0.1250	0.1250	9.45985213e+08
0.0350	0.1250	0.1350	5.43503005e+08
0.0350	0.1250	0.1450	7.78770262e+08
0.0350	0.1350	0.1350	1.87539443e+09
0.0350	0.1350	0.1450	8.53731676e+08
0.0350	0.1450	0.1450	9.47429847e+08
0.0450	0.0450	0.0450	5.43910168e+09
0.0450	0.0450	0.0550	7.80539110e+08
0.0450	0.0450	0.0650	6.58165993e+09
0.0450	0.0450	0.0750	4.21874756e+09
0.0450	0.0450	0.0850	2.73984156e+09
0.0450	0.0450	0.0950	3.50285387e+09
0.0450	0.0550	0.0550	3.53430874e+09
0.0450	0.0550	0.0650	1.53934145e+09
0.0450	0.0550	0.0750	2.47838534e+09
0.0450	0.0550	0.0850	1.79822633e+09
0.0450	0.0550	0.0950	3.76864704e+09
0.0450	0.0550	0.1050	2.54546139e+09
0.0450	0.0650	0.0650	9.91813555e+08
0.0450	0.0650	0.0750	1.00710366e+09
0.0450	0.0650	0.0850	3.29807921e+09
0.0450	0.0650	0.0950	1.20184033e+09
0.0450	0.0650	0.1050	2.94335360e+09
0.0450	0.0650	0.1150	1.77429291e+09
0.0450	0.0750	0.0750	2.08652582e+09
0.0450	0.0750	0.0850	1.67078982e+09
0.0450	0.0750	0.0950	1.13087622e+09
0.0450	0.0750	0.1050	1.80635743e+09
0.0450	0.0750	0.1150	2.56270858e+09
0.0450	0.0750	0.1250	3.51818795e+09
0.0450	0.0850	0.0850	1.61155380e+09
0.0450	0.0850	0.0950	1.28376604e+09
0.0450	0.0850	0.1050	1.47284070e+09
0.0450	0.0850	0.1150	1.33215028e+09
0.0450	0.0850	0.1250	1.83029809e+09
0.0450	0.0850	0.1350	8.83594401e+08
0.0450	0.0950	0.0950	1.73422427e+09
0.0450	0.0950	0.1050	1.28859827e+09
0.0450	0.0950	0.1150	8.42470210e+08
0.0450	0.0950	0.1250	1.65784451e+09
0.0450	0.0950	0.1350	1.45838127e+09
0.0450	0.0950	0.1450	1.65287665e+09
0.0450	0.1050	0.1050	2.39053023e+09
0.0450	0.1050	0.1150	7.00904591e+08
0.0450	0.1050	0.1250	1.36841069e+09
0.0450	0.1050	0.1350	1.01559508e+09
0.0450	0.1050	0.1450	1.65601836e+09
0.0450	0.1150	0.1150	1.01465061e+09
0.0450	0.1150	0.1250	9.63421966e+08
0.0450	0.1150	0.1350	1.07744560e+09
0.0450	0.1150	0.1450	6.23604885e+08
0.0450	0.1250	0.1250	6.54972098e+08
0.0450	0.1250	0.1350	1.20147741e+09
0.0450	0.1250	0.1450	9.87168198e+08
0.0450	0.1350	0.1350	1.06400342e+09
0.0450	0.1350	0.1450	2.46115648e+08
0.0450	0.1450	0.1450	5.21639603e+08
0.0550	0.0550	0.0550	1.47360814e+09
0.0550	0.0550	0.0650	2.40337347e+09
0.0550	0.0550	0.0750	1.33240899e+09
0.0550	0.0550	0.0850	1.57192864e+09
0.0550	0.0550	0.0950	2.59098897e+09
0.0550	0.0550	0.1050	7.81131194e+08
0.0550	0.0550	0.1150	3.97736040e+09
0.0550	0.0650	0.0650	2.80729398e+09
0.0550	0.0650	0.0750	1.93874421e+09
0.0550	0.0650	0.0850	1.41793423e+09
0.0550	0.0650	0.0950	1.93112171e+09
0.0550	0.0650	0.1050	2.11365229e+09
0.0550	0.0650	0.1150	2.21161367e+09
0.0550	0.0650	0.1250	1.92960912e+09
0.0550	0.0750	0.0750	6.98809034e+08
0.0550	0.0750	0.0850	3.37193952e+08
0.0550	0.0750	0.0950	1.35874469e+09
0.0550	0.0750	0.1050	1.20968602e+09
0.0550	0.0750	0.1150	9.41822415e+08
0.0550	0.0750	0.1250	2.28558994e+09
0.0550	0.0750	0.1350	2.08128749e+09
0.0550	0.0850	0.0850	8.19897477e+08
0.0550	0.0850	0.0950	7.74031908e+08
0.0550	0.0850	0.1050	1.20441206e+09
0.0550	0.0850	0.1150	8.36273001e+08
0.0550	0.0850	0.1250	9.22508088e+08
0.0550	0.0850	0.1350	1.65905263e+09
0.0550	0.0850	0.1450	1.63485928e+09
0.0550	0.0950	0.0950	2.17670113e+08
0.0550	0.0950	0.1050	5.74805427e+08
0.0550	0.0950	0.1150	1.28349831e+09
0.0550	0.0950	0.1250	1.17777093e+09
0.0550	0.0950	0.1350	1.27507333e+09
0.0550	0.0950	0.1450	1.04468915e+09
0.0550	0.1050	0.1050	7.42846402e+07
0.0550	0.1050	0.1150	5.91495026e+08
0.0550	0.1050	0.1250	1.10803072e+09
0.0550	0.1050	0.1350	1.15314285e+09
0.0550	0.1050	0.1450	9.52410214e+08
0.0550	0.1150	0.1150	9.28829204e+08
0.0550	0.1150	0.1250	4.41485480e+08
0.0550	0.1150	0.1350	5.78562496e+08
0.0550	0.1150	0.1450	6.80836853e+08
0.0550	0.1250	0.1250	8.77227085e+08
0.0550	0.1250	0.1350	5.91643278e+08
0.0550	0.1250	0.1450	4.77716195e+08
0.0550	0.1350	0.1350	7.12072517e+08
0.0550	0.1350	0.1450	5.89820660e+08
0.0550	0.1450	0.1450	6.80748892e+08
0.0650	0.0650	0.0650	-6.90308484e+08
0.0650	0.0650	0.0750	1.10604611e+09
0.0650	0.0650	0.0850	1.92786810e+09
0.0650	0.0650	0.0950	1.24053479e+09
0.0650	0.0650	0.1050	1.49171319e+09
0.0650	0.0650	0.1150	1.70091449e+09
0.0650	0.0650	0.1250	2.40469678e+09
0.0650	0.0650	0.1350	3.16837078e+08
0.0650	0.0750	0.0750	4.79341171e+08
0.0650	0.0750	0.0850	1.69383523e+09
0.0650	0.0750	0.0950	1.20700485e+09
0.0650	0.0750	0.1050	1.23874174e+09
0.0650	0.0750	0.1150	1.09292527e+09
0.0650	0.0750	0.1250	1.25740061e+09
0.0650	0.0750	0.1350	2.02247574e+09
0.0650	0.0750	0.1450	1.84032425e+09
0.0650	0.0850	0.0850	2.05117595e+09
0.0650	0.0850	0.0950	5.21902496e+08
0.0650	0.0850	0.1050	8.81141476e+08
0.0650	0.0850	0.1150	9.25903122e+08
0.0650	0.0850	0.1250	1.44543289e+09
0.0650	0.0850	0.1350	1.29972127e+09
0.0650	0.0850	0.1450	1.45249628e+09
0.0650	0.0950	0.0950	1.14805331e+09
0.0650	0.0950	0.1050	6.33880758e+08
0.0650	0.0950	0.1150	9.27593814e+08
0.0650	0.0950	0.1250	9.35430365e+08
0.0650	0.0950	0.1350	7.42859963e+08
0.0650	0.0950	0.1450	1.04307030e+09
0.0650	0.1050	0.1050	2.63672955e+08
0.0650	0.1050	0.1150	7.06273184e+08
0.0650	0.1050	0.1250	6.80377590e+08
0.0650	0.1050	0.1350	6.63909517e+08
0.0650	0.1050	0.1450	7.44390854e+08
0.0650	0.1150	0.1150	4.16891069e+08
0.0650	0.1150	0.1250	6.16327687e+08
0.0650	0.1150	0.1350	9.32859525e+08
0.0650	0.1150	0.1450	5.57891927e+08
0.0650	0.1250	0.1250	1.01949804e+09
0.0650	0.1250	0.1350	6.41413462e+08
0.0650	0.1250	0.1450	5.40215246e+08
0.0650	0.1350	0.1350	3.11621732e+08
0.0650	0.1350	0.1450	6.04931342e+08
0.0650	0.1450	0.1450	4.22106780e+08
0.0750	0.0750	0.0750	2.30593967e+09
0.0750	0.0750	0.0850	7.89042564e+08
0.0750	0.0750	0.0950	2.04368943e+08
0.0750	0.0750	0.1050	9.57237890e+08
0.0750	0.0750	0.1150	7.34459319e+08
0.0750	0.0750	0.1250	1.16181668e+09
0.0750	0.0750	0.1350	7.63850294e+08
0.0750	0.0750	0.1450	1.46925930e+09
0.0750	0.0850	0.0850	1.16483521e+09
0.0750	0.0850	0.0950	5.83400819e+08
0.0750	0.0850	0.1050	1.31393947e+09
0.0750	0.0850	0.1150	7.79567652e+08
0.0750	0.0850	0.1250	7.22196859e+08
0.0750	0.0850	0.1350	1.31078527e+09
0.0750	0.0850	0.1450	1.02316652e+09
0.0750	0.0950	0.0950	1.26142123e+09
0.0750	0.0950	0.1050	3.77635418e+08
0.0750	0.0950	0.1150	5.85333770e+08
0.0750	0.0950	0.1250	3.78394315e+08
0.0750	0.0950	0.1350	1.02677543e+09
0.0750	0.0950	0.1450	7.07691827e+08
0.0750	0.1050	0.1050	1.01340339e+09
0.0750	0.1050	0.1150	8.30125956e+08
0.0750	0.1050	0.1250	6.47238383e+08
0.0750	0.1050	0.1350	6.47688337e+08
0.0750	0.1050	0.1450	4.91973050e+08
0.0750	0.1150	0.1150	3.85943785e+08
0.0750	0.1150	0.1250	6.31709306e+08
0.0750	0.1150	0.1350	4.76169611e+08
0.0750	0.1150	0.1450	6.81363215e+08
0.0750	0.1250	0.1250	3.39178061e+08
0.0750	0.1250	0.1350	6.98573184e+08
0.0750	0.1250	0.1450	3.34888083e+08
0.0750	0.1350	0.1350	6.47313259e+08
0.0750	0.1350	0.1450	6.03639272e+08
0.0750	0.1450	0.1450	5.33185430e+08
0.0850	0.0850	0.0850	-7.84321121e+07
0.0850	0.0850	0.0950	8.14300059e+08
0.0850	0.0850	0.1050	4.48230421e+08
0.0850	0.0850	0.1150	3.02837824e+08
0.0850	0.0850	0.1250	3.05317794e+08
0.0850	0.0850	0.1350	7.67062341e+08
0.0850	0.0850	0.1450	4.34571049e+08
0.0850	0.0950	0.0950	5.42668718e+08
0.0850	0.0950	0.1050	3.43594015e+08
0.0850	0.0950	0.1150	5.41228867e+08
0.0850	0.0950	0.1250	8.55565596e+08
0.0850	0.0950	0.1350	4.99227843e+08
0.0850	0.0950	0.1450	3.96215192e+08
0.0850	0.1050	0.1050	4.63389547e+08
0.0850	0.1050	0.1150	4.39992835e+08
0.0850	0.1050	0.1250	6.52492070e+08
0.0850	0.1050	0.1350	6.20120224e+08
0.0850	0.1050	0.1450	2.92561938e+08
0.0850	0.1150	0.1150	5.27995348e+08
0.0850	0.1150	0.1250	2.54442702e+08
0.0850	0.1150	0.1350	6.27044757e+08
0.0850	0.1150	0.1450	2.82522669e+08
0.0850	0.1250	0.1250	5.53843012e+08
0.0850	0.1250	0.1350	4.35655597e+08
0.0850	0.1250	0.1450	2.39756430e+08
0.0850	0.1350	0.1350	3.77692073e+08
0.0850	0.1350	0.1450	2.73400276e+08
0.0850	0.1450	0.1450	3.26845943e+08
0.0950	0.0950	0.0950	-2.88382873e+08
0.0950	0.0950	0.1050	4.90384913e+08
0.0950	0.0950	0.1150	2.45296814e+08
0.0950	0.0950	0.1250	6.07801292e+08
0.0950	0.0950	0.1350	3.93078021e+08
0.0950	0.0950	0.1450	4.20723787e+08
0.0950	0.1050	0.1050	6.22326522e+08
0.0950	0.1050	0.1150	6.59570182e+08
0.0950	0.1050	0.1250	4.32401818e+08
0.0950	0.1050	0.1350	4.73999000e+08
0.0950	0.1050	0.1450	5.10373269e+08
0.0950	0.1150	0.1150	6.43977952e+08
0.0950	0.1150	0.1250	5.47372166e+08
0.0950	0.1150	0.1350	5.05433149e+08
0.0950	0.1150	0.1450	4.40085256e+08
0.0950	0.1250	0.1250	4.17237045e+08
0.0950	0.1250	0.1350	4.94177081e+08
0.0950	0.1250	0.1450	4.13264884e+08
0.0950	0.1350	0.1350	1.52078013e+08
0.0950	0.1350	0.1450	4.67973824e+08
0.0950	0.1450	0.1450	4.15100011e+08
0.1050	0.1050	0.1050	4.53854549e+08
0.1050	0.1050	0.1150	3.57480948e+08
0.1050	0.1050	0.1250	5.01468174e+08
0.1050	0.1050	0.1350	5.53267057e+08
0.1050	0.1050	0.1450	2.45615064e+08
0.1050	0.1150	0.1150	1.93006515e+08
0.1050	0.1150	0.1250	3.17751425e+08
0.1050	0.1150	0.1350	4.88946086e+08
0.1050	0.1150	0.1450	1.97684155e+08
0.1050	0.1250	0.1250	3.16711606e+08
0.1050	0.1250	0.1350	3.03787828e+08
0.1050	0.1250	0.1450	2.90606241e+08
0.1050	0.1350	0.1350	2.84145226e+08
0.1050	0.1350	0.1450	3.57442055e+08
0.1050	0.1450	0.1450	2.55274168e+08
0.1150	0.1150	0.1150	6.44842138e+07
0.1150	0.1150	0.1250	2.25967808e+08
0.1150	0.1150	0.1350	3.43636134e+08
0.1150	0.1150	0.1450	3.87543190e+08
0.1150	0.1250	0.1250	3.27718731e+08
0.1150	0.1250	0.1350	4.27790061e+08
0.1150	0.1250	0.1450	2.73557908e+08
0.1150	0.1350	0.1350	4.02566275e+08
0.1150	0.1350	0.1450	3.43146748e+08
0.1150	0.1450	0.1450	3.44885220e+08
0.1250	0.1250	0.1250	5.32625138e+08
0.1250	0.1250	0.1350	3.05214814e+08
0.1250	0.1250	0.1450	2.43426199e+08
0.1250	0.1350	0.1350	5.31465074e+08
0.1250	0.1350	0.1450	2.91685063e+08
0.1250	0.1450	0.1450	2.79069725e+08
0.1350	0.1350	0.1350	1.68512655e+08
0.1350	0.1350	0.1450	2.52242908e+08
0.1350	0.1450	0.1450	3.59347154e+08
0.1450	0.1450	0.1450	1.64387697e+08
