####### Power Spectrum of Patchy Simulation 278 #############
# Patch: sgc
# z-type: z1
# Weights: fkp
# Fiducial Omega_m: 0.310
# Fiducial h: 0.676
# Forward-model pixellation : 0
# Rando n-bar: 0
# Boxsize: [1000.0, 1900.0, 1100.0]
# Grid: [146, 276, 161]
# k-binning: [0.000, 0.310, 0.005]
# Monte Carlo Simulations: 100
#
# Format: k | P0 | P2 | P4
############################################
0.0125	5.43125727e+04	5.96438386e+03	-9.00570042e+04
0.0175	6.57706366e+04	4.34488043e+04	2.17786169e+04
0.0225	6.78947643e+04	2.05012296e+04	-7.56570872e+04
0.0275	5.75824395e+04	-4.23083245e+02	-1.15015988e+04
0.0325	4.81014135e+04	1.24670146e+04	5.14422070e+04
0.0375	4.13353110e+04	8.12447900e+03	1.33497881e+04
0.0425	4.81364335e+04	2.52011845e+04	-1.73215001e+04
0.0475	3.37715792e+04	-7.80642023e+03	-1.67783291e+04
0.0525	3.36629085e+04	1.43529791e+04	2.33323321e+04
0.0575	3.42334408e+04	1.30378986e+04	-1.44604918e+04
0.0625	2.88352612e+04	1.24168724e+04	-2.24564157e+03
0.0675	2.33390646e+04	-3.12406731e+03	-5.01794228e+03
0.0725	2.68121580e+04	6.16997574e+03	4.96401905e+03
0.0775	2.26061252e+04	9.66805923e+03	5.63059325e+03
0.0825	2.09695177e+04	1.95072704e+04	-2.17678795e+03
0.0875	1.87341436e+04	3.40220024e+03	3.04041709e+03
0.0925	1.55680042e+04	6.21882335e+03	-1.01703162e+03
0.0975	1.70033988e+04	4.48789357e+03	4.98818052e+03
0.1025	1.43570872e+04	7.26601879e+03	-4.13647862e+03
0.1075	1.41217523e+04	1.61975095e+03	3.61446018e+03
0.1125	1.27954538e+04	6.06518460e+03	3.69754042e+03
0.1175	1.15739496e+04	4.09595414e+03	-3.55008260e+03
0.1225	1.07615955e+04	4.07714726e+03	1.56448284e+02
0.1275	1.17633344e+04	3.48033246e+03	-7.94577304e+02
0.1325	9.84696255e+03	3.27973742e+03	2.46865001e+02
0.1375	9.34312194e+03	3.77679524e+03	2.87048630e+03
0.1425	9.35989889e+03	5.71026174e+03	2.29737186e+03
0.1475	9.13982670e+03	2.09931293e+03	8.42361306e+02
0.1525	7.54422529e+03	1.31717580e+03	5.73429560e+02
0.1575	8.34786704e+03	3.00054975e+03	2.18512639e+03
0.1625	7.42842967e+03	2.05673769e+03	1.05608228e+03
0.1675	7.95735507e+03	2.02789141e+03	2.24587420e+02
0.1725	6.81606393e+03	2.31438702e+03	7.74747346e+02
0.1775	6.58389017e+03	1.56553544e+03	1.79553513e+03
0.1825	5.90537083e+03	1.48032780e+03	-1.24853638e+03
0.1875	5.84917688e+03	1.87135941e+03	8.38087243e+02
0.1925	5.84216328e+03	1.04101538e+03	1.93463359e+02
0.1975	5.77394904e+03	1.20869829e+03	-9.89089814e+02
0.2025	5.64333852e+03	1.76503881e+03	7.93482068e+02
0.2075	5.19283746e+03	1.95199100e+03	2.97963787e+02
0.2125	4.57500974e+03	1.41154586e+03	8.09889674e+02
0.2175	4.99542194e+03	3.70249254e+02	3.45169757e+02
0.2225	4.65237932e+03	6.81339861e+02	3.02616298e+02
0.2275	4.41093679e+03	3.26138709e+02	1.84579653e+02
0.2325	4.33111634e+03	1.21034010e+03	-1.33877915e+02
0.2375	3.97170319e+03	5.47959164e+02	-3.15906655e+02
0.2425	4.33998224e+03	1.16813178e+03	2.02063967e+02
0.2475	3.68600235e+03	8.69224606e+02	1.12969505e+03
0.2525	3.74820240e+03	2.08112633e+02	-1.12952659e+02
0.2575	3.60990144e+03	-3.35844913e+01	3.57970334e+02
0.2625	3.51453241e+03	5.12871779e+02	-1.23930667e+02
0.2675	3.35795836e+03	8.69123237e+02	-1.01962968e+02
0.2725	3.17968465e+03	5.11503623e+01	-5.41066006e+01
0.2775	3.18829002e+03	3.88673962e+02	-3.88497951e+02
0.2825	2.92704562e+03	-1.10104399e+01	5.76848994e+02
0.2875	3.20501723e+03	6.62500638e+02	6.63299753e+02
0.2925	2.75311816e+03	-5.69522218e+01	-3.99637670e+02
0.2975	2.79381429e+03	2.18069866e+02	4.92116857e+02
