####### Power Spectrum of Patchy Simulation 847 #############
# Patch: sgc
# z-type: z3
# Weights: fkp
# Fiducial Omega_m: 0.310
# Fiducial h: 0.676
# Forward-model pixellation : 0
# Rando n-bar: 0
# Boxsize: [1000.0, 2600.0, 1500.0]
# Grid: [146, 384, 215]
# k-binning: [0.000, 0.310, 0.005]
# Monte Carlo Simulations: 100
#
# Format: k | P0 | P2 | P4
############################################
0.0125	6.93480203e+04	5.82581086e+03	4.55629967e+04
0.0175	5.49906698e+04	6.08831339e+03	-6.47614856e+04
0.0225	6.04918058e+04	-5.72170627e+03	-8.10875212e+04
0.0275	5.90988552e+04	2.14728308e+04	-3.56429593e+02
0.0325	4.84665279e+04	1.17082163e+04	-1.19218086e+04
0.0375	4.86209211e+04	3.51117184e+04	1.32768668e+04
0.0425	3.60901796e+04	3.10239426e+04	-8.28621966e+03
0.0475	3.17426695e+04	2.84077654e+02	-1.38185330e+03
0.0525	3.24740333e+04	8.27952127e+03	5.17367906e+03
0.0575	2.86533285e+04	2.72768470e+03	-4.26677477e+03
0.0625	2.87855102e+04	1.59514478e+04	3.06130757e+03
0.0675	2.82617611e+04	7.17070327e+03	-6.74631679e+03
0.0725	2.86844948e+04	7.90237684e+03	1.35262330e+03
0.0775	2.22048796e+04	1.19077567e+04	7.22622553e+03
0.0825	1.88587612e+04	7.72392598e+03	5.20820764e+03
0.0875	1.93702746e+04	3.74590022e+03	-2.89415263e+03
0.0925	1.90607481e+04	9.23320021e+03	1.68151970e+03
0.0975	1.61687837e+04	5.61474095e+03	-4.72655468e+03
0.1025	1.41870120e+04	4.24448622e+03	8.51139920e+02
0.1075	1.24533217e+04	2.13353157e+03	2.95303188e+03
0.1125	1.24455561e+04	5.69765026e+03	1.49901454e+03
0.1175	1.27623949e+04	7.38894777e+03	1.60494164e+03
0.1225	1.17664281e+04	4.95568734e+03	-4.44249291e+03
0.1275	1.13205670e+04	6.60361910e+03	2.36305080e+03
0.1325	1.10170679e+04	1.57768389e+03	5.03113059e+02
0.1375	9.98180121e+03	2.41446630e+03	7.51994255e+02
0.1425	1.00552761e+04	4.69334261e+03	5.73303762e+02
0.1475	9.25556229e+03	1.03219399e+03	4.39036358e+02
0.1525	7.60943722e+03	3.28151848e+03	5.09424106e+02
0.1575	7.76009235e+03	3.40237278e+03	-6.76677107e+02
0.1625	7.28459107e+03	6.04587598e+02	1.29754929e+03
0.1675	7.94459423e+03	3.26359839e+03	-3.50830711e+02
0.1725	6.82177920e+03	8.32840466e+02	-1.33537989e+03
0.1775	6.54429809e+03	1.63975120e+03	7.14618419e+02
0.1825	6.31575600e+03	2.25783451e+03	8.30692477e+00
0.1875	5.54888286e+03	2.06033541e+03	1.10087326e+03
0.1925	5.89815205e+03	6.17314301e+02	3.70722162e+02
0.1975	6.18843199e+03	1.61318445e+03	5.45296675e+02
0.2025	5.26784193e+03	1.16911253e+03	7.43247250e+02
0.2075	4.94644878e+03	1.54396028e+03	-1.49005583e+03
0.2125	5.31663494e+03	1.20212390e+03	-5.15471271e+02
0.2175	4.48210701e+03	6.57614595e+02	4.08901917e+02
0.2225	4.78501600e+03	4.99415210e+02	3.53018463e+02
0.2275	4.58274329e+03	7.08272516e+02	9.16465537e+02
0.2325	4.18953065e+03	9.56653999e+02	3.20560154e+02
0.2375	4.13084513e+03	1.69053290e+03	8.60129547e+02
0.2425	4.31153439e+03	2.89082344e+02	1.72869399e+02
0.2475	3.92023637e+03	2.43156694e+02	-7.43281529e+02
0.2525	3.99852979e+03	1.20531314e+03	9.00308307e+02
0.2575	3.07678515e+03	1.12239714e+02	-9.75025296e+01
0.2625	4.12785372e+03	6.36475510e+02	2.66198333e+02
0.2675	3.28804686e+03	2.58398516e+02	2.39421379e+02
0.2725	3.35001971e+03	5.23623729e+02	1.74678630e+02
0.2775	3.47857612e+03	3.43311450e+02	2.80476520e+02
0.2825	2.99913896e+03	1.28575969e+02	2.67121613e+02
0.2875	2.87243037e+03	3.67823288e+01	7.16447016e+02
0.2925	3.20327039e+03	2.71426702e+02	-1.42696858e+02
0.2975	2.80426615e+03	-2.07138124e+02	-8.42652539e+01
