####### Power Spectrum of Patchy Simulation 135 #############
# Patch: sgc
# z-type: z3
# Weights: fkp
# Fiducial Omega_m: 0.310
# Fiducial h: 0.676
# Forward-model pixellation : 0
# Rando n-bar: 0
# Boxsize: [1000.0, 2600.0, 1500.0]
# Grid: [146, 384, 215]
# k-binning: [0.000, 0.310, 0.005]
# Monte Carlo Simulations: 100
#
# Format: k | P0 | P2 | P4
############################################
0.0125	8.75069071e+04	3.31641142e+04	-3.03234923e+04
0.0175	3.73893321e+04	-6.52602946e+04	-5.97069816e+04
0.0225	5.36197938e+04	3.01887019e+04	3.91126835e+04
0.0275	7.58518288e+04	1.12360421e+05	8.05243897e+04
0.0325	4.80741556e+04	2.15479557e+04	-5.04959106e+03
0.0375	4.61377829e+04	3.29851811e+04	-6.27276699e+03
0.0425	3.50102601e+04	2.97292007e+04	8.50658081e+03
0.0475	3.30099576e+04	3.64914496e+03	-2.58720269e+04
0.0525	3.00924279e+04	8.73777301e+03	1.82659857e+04
0.0575	3.69271766e+04	1.77276202e+04	9.23186338e+03
0.0625	3.26011637e+04	1.17802508e+04	-9.62771213e+03
0.0675	2.83522997e+04	6.54457603e+03	1.43334920e+03
0.0725	2.70522508e+04	1.62873486e+04	2.97292925e+03
0.0775	2.65057441e+04	8.47759904e+03	-1.64154573e+03
0.0825	2.24916668e+04	9.61295516e+03	7.30163323e+03
0.0875	1.91342596e+04	9.45359778e+03	-8.71150210e+02
0.0925	1.77665106e+04	1.11777801e+04	9.34845503e+02
0.0975	1.35959143e+04	5.14668828e+03	-2.15070711e+03
0.1025	1.63134974e+04	7.81464997e+03	3.16944753e+03
0.1075	1.49014145e+04	5.52717223e+03	-1.65900111e+03
0.1125	1.36788122e+04	4.26015013e+03	-2.79647963e+03
0.1175	1.24989706e+04	7.04161190e+03	2.09474950e+03
0.1225	1.19165862e+04	3.17875280e+03	8.05318390e+02
0.1275	1.14300242e+04	3.75415089e+03	2.84684833e+03
0.1325	1.09313361e+04	2.81107217e+03	1.94280771e+02
0.1375	1.04348535e+04	1.22952897e+03	-1.82839720e+03
0.1425	9.33490897e+03	2.94981752e+03	2.88170637e+03
0.1475	9.68993725e+03	1.99488321e+03	5.29144320e+02
0.1525	8.15091111e+03	1.85806224e+03	5.49337613e+02
0.1575	8.31274739e+03	3.61514794e+03	1.63838006e+03
0.1625	7.84877560e+03	2.80150910e+03	-9.96495683e+01
0.1675	7.89372819e+03	2.37777612e+03	1.15873575e+03
0.1725	7.43688137e+03	2.65270703e+03	1.11665598e+03
0.1775	7.12162902e+03	1.82961055e+03	3.21715356e+02
0.1825	6.26763938e+03	2.97547722e+03	2.24412617e+03
0.1875	6.67616167e+03	1.78913259e+03	1.34089102e+02
0.1925	5.81217506e+03	5.28195285e+02	9.11140901e+02
0.1975	6.01334077e+03	1.68934770e+03	-7.11863155e+02
0.2025	5.70782547e+03	2.31539042e+03	1.15869394e+03
0.2075	5.94660760e+03	2.37473189e+03	-8.14778332e+01
0.2125	5.16163690e+03	6.95218652e+02	8.30261042e+02
0.2175	5.19416118e+03	1.50998948e+03	1.19761562e+03
0.2225	4.70525029e+03	9.17307739e+02	-1.98274983e+01
0.2275	5.01451717e+03	1.39381985e+03	3.33587574e+02
0.2325	4.40399096e+03	7.59686183e+02	1.14309985e+03
0.2375	4.51437426e+03	9.26055653e+02	7.22020429e+01
0.2425	4.42583174e+03	1.03236638e+03	1.83543470e+02
0.2475	4.13784918e+03	7.70212791e+02	7.21867871e+02
0.2525	4.02701355e+03	2.62429978e+02	8.60606182e+02
0.2575	3.77874927e+03	1.07554141e+02	1.05051047e+02
0.2625	3.75553629e+03	5.72673644e+02	4.61669384e+02
0.2675	3.56135937e+03	5.24741092e+02	-2.18802433e+02
0.2725	3.44222994e+03	1.88000706e+02	1.16969227e+03
0.2775	3.11594761e+03	4.47657840e+02	-1.11678165e+02
0.2825	3.50637324e+03	5.13295550e+02	3.91066495e+02
0.2875	2.85111121e+03	9.18404271e+01	9.39302664e+01
0.2925	3.48479101e+03	7.26474720e+02	1.18291062e+01
0.2975	2.83238702e+03	-2.24322580e+02	-2.94814367e+00
