####### Power Spectrum of Patchy Simulation 541 #############
# Patch: ngc
# z-type: z1
# Weights: fkp
# Fiducial Omega_m: 0.310
# Fiducial h: 0.676
# Forward-model pixellation : 0
# Rando n-bar: 0
# Boxsize: [1350.0, 2450.0, 1400.0]
# Grid: [193, 353, 200]
# k-binning: [0.000, 0.310, 0.005]
# Monte Carlo Simulations: 100
#
# Format: k | P0 | P2 | P4
############################################
0.0125	9.96226500e+04	2.38754324e+04	1.42077460e+04
0.0175	8.02769156e+04	2.39990285e+04	-1.01131376e+04
0.0225	6.91236729e+04	6.35401596e+04	3.04582919e+03
0.0275	6.47745291e+04	5.10022710e+04	-7.19053127e+03
0.0325	5.71812770e+04	1.92673226e+04	-1.92484819e+04
0.0375	4.69998452e+04	2.20805856e+04	5.14543798e+03
0.0425	3.66530323e+04	1.42282991e+04	1.38285663e+04
0.0475	4.05382792e+04	2.11993880e+04	1.61001458e+03
0.0525	3.52127622e+04	1.07401077e+04	3.63971290e+03
0.0575	2.91068682e+04	1.09578509e+04	-2.65563375e+03
0.0625	2.96657783e+04	1.34576961e+04	-1.01641021e+02
0.0675	2.78737663e+04	5.87550830e+03	-9.46959581e+01
0.0725	2.39907729e+04	8.68729204e+03	2.35104422e+03
0.0775	2.28974471e+04	7.22151769e+03	-5.09864355e+02
0.0825	2.17047335e+04	7.93268650e+03	-3.55211541e+02
0.0875	1.92012294e+04	8.58353892e+03	-1.33186276e+03
0.0925	1.69944258e+04	4.40010069e+03	-2.02453098e+03
0.0975	1.63265043e+04	3.46263101e+03	9.04326978e+02
0.1025	1.46728016e+04	5.17734017e+03	1.33213861e+03
0.1075	1.32887089e+04	5.55488080e+03	1.16414883e+03
0.1125	1.30417772e+04	4.35197990e+03	-1.46330293e+03
0.1175	1.23352991e+04	4.26492861e+03	1.83883741e+02
0.1225	1.24347807e+04	4.38601876e+03	1.36003563e+01
0.1275	1.11778598e+04	4.17491814e+03	5.62177308e+02
0.1325	1.11670798e+04	2.57573333e+03	6.89860621e+02
0.1375	1.02339025e+04	4.02419245e+03	1.41698998e+02
0.1425	1.01936191e+04	4.09797987e+03	4.45973593e+02
0.1475	8.93237882e+03	3.28167185e+03	2.88792179e+02
0.1525	8.36291037e+03	2.45941032e+03	6.04484123e+02
0.1575	7.86764008e+03	2.81523951e+03	9.76384959e+02
0.1625	7.90606732e+03	2.64397520e+03	7.49265744e+02
0.1675	7.26759798e+03	2.02508619e+03	7.33170152e+02
0.1725	6.70535304e+03	1.49422517e+03	-3.80910260e+02
0.1775	7.00431993e+03	1.48557889e+03	4.78630122e+01
0.1825	6.28056453e+03	1.96344727e+03	-4.01833024e+02
0.1875	6.17512347e+03	1.84737360e+03	2.95814916e+02
0.1925	5.95934039e+03	1.48912575e+03	-4.26608942e+02
0.1975	5.79585070e+03	7.31168330e+02	6.24028207e+02
0.2025	5.50441832e+03	1.27061554e+03	6.28276786e+01
0.2075	5.35400119e+03	1.17273256e+03	3.97558645e+02
0.2125	4.95112602e+03	7.99766675e+02	3.18148026e+01
0.2175	4.76631346e+03	1.29374714e+03	9.45623491e+02
0.2225	4.57975993e+03	1.41951436e+03	3.39276256e+02
0.2275	4.47420065e+03	6.18326958e+02	-2.25863624e+01
0.2325	4.17730523e+03	4.48286434e+02	7.43892962e+00
0.2375	4.24622688e+03	6.32283781e+02	3.64220731e+02
0.2425	4.03409619e+03	5.50736981e+02	5.09675148e+02
0.2475	3.78272263e+03	9.38235426e+02	3.87203272e+02
0.2525	3.75631326e+03	4.81373077e+02	2.61517115e+02
0.2575	3.43704319e+03	1.05360476e+02	1.61433487e+02
0.2625	3.48021115e+03	5.47647788e+02	4.91989381e+02
0.2675	3.40968743e+03	2.53479594e+02	4.35524771e+02
0.2725	3.21188013e+03	2.89991515e+02	4.62822949e+02
0.2775	3.19062063e+03	1.38937223e+02	-2.99327218e+02
0.2825	3.08367633e+03	1.63652953e+02	1.65941961e+02
0.2875	2.91048861e+03	2.15498212e+02	3.16084797e+02
0.2925	3.00973927e+03	1.03280842e+02	1.65936589e+02
0.2975	2.87055761e+03	2.56505221e+02	-7.09416996e+01
