####### Power Spectrum of Patchy Simulation 607 #############
# Patch: sgc
# z-type: z1
# Weights: fkp
# Fiducial Omega_m: 0.310
# Fiducial h: 0.676
# Forward-model pixellation : 0
# Rando n-bar: 0
# Boxsize: [1000.0, 1900.0, 1100.0]
# Grid: [146, 276, 161]
# k-binning: [0.000, 0.310, 0.005]
# Monte Carlo Simulations: 100
#
# Format: k | P0 | P2 | P4
############################################
0.0125	8.51754975e+04	1.94628548e+04	1.56251439e+05
0.0175	4.64449083e+04	6.81423743e+04	-5.48512067e+04
0.0225	4.37767809e+04	-5.66483284e+03	-7.01234128e+04
0.0275	7.11851901e+04	2.26398380e+04	-2.50648577e+04
0.0325	5.17822730e+04	3.36385457e+04	8.44975590e+03
0.0375	4.23610622e+04	2.74861080e+04	1.12012357e+04
0.0425	4.21308924e+04	1.63329167e+04	-4.44432456e+02
0.0475	3.80352602e+04	7.02283144e+03	1.30479344e+04
0.0525	3.13730439e+04	1.46381189e+04	2.03167046e+04
0.0575	3.78228413e+04	1.64045663e+04	1.27752014e+04
0.0625	2.97734890e+04	1.89518660e+03	-1.47105656e+04
0.0675	2.87627555e+04	1.98737975e+04	1.96557575e+02
0.0725	2.49070442e+04	6.32864397e+03	-1.26695920e+04
0.0775	2.28824995e+04	9.29626979e+03	1.25793681e+03
0.0825	2.20430125e+04	1.57186312e+04	2.56006115e+03
0.0875	1.77863694e+04	6.45534704e+03	-1.88649515e+03
0.0925	1.72403844e+04	5.96796452e+03	-4.71969955e+02
0.0975	1.53968448e+04	1.43724328e+03	2.10980632e+03
0.1025	1.37741137e+04	4.91844940e+03	7.42466999e+02
0.1075	1.42445488e+04	6.59835574e+03	4.43739950e+03
0.1125	1.39063538e+04	2.04077141e+03	-1.93931068e+03
0.1175	1.28370829e+04	4.05784521e+03	1.99684847e+02
0.1225	1.18273497e+04	4.62465504e+03	-1.67014213e+01
0.1275	1.19787183e+04	5.84922457e+03	2.21799716e+03
0.1325	1.04784830e+04	5.40557579e+03	1.12737090e+03
0.1375	1.02711082e+04	2.45187223e+03	1.00914463e+03
0.1425	9.28626221e+03	1.84363513e+03	8.26134965e+02
0.1475	9.64317574e+03	2.72187212e+03	2.26208089e+03
0.1525	8.85720341e+03	3.50423455e+03	-7.81061584e+02
0.1575	7.90800252e+03	1.87017099e+03	1.00456253e+03
0.1625	8.46128639e+03	2.16753624e+03	1.36469564e+03
0.1675	7.71889686e+03	1.11214036e+03	6.92172625e+01
0.1725	7.09060371e+03	1.01870302e+03	1.82183426e+02
0.1775	6.87385673e+03	2.53358753e+03	6.79867955e+02
0.1825	6.29761018e+03	1.09980080e+03	-7.72593612e+02
0.1875	7.08170374e+03	2.03824212e+03	9.93940367e+02
0.1925	5.92015507e+03	1.76831776e+03	3.60638230e+02
0.1975	5.63219201e+03	9.58973294e+02	-5.46592765e+02
0.2025	5.62756022e+03	1.39474781e+03	1.58766924e+02
0.2075	5.04542251e+03	1.75552911e+03	8.77863749e+02
0.2125	5.26407658e+03	1.15629403e+03	4.77680971e+02
0.2175	4.54952922e+03	7.03317450e+02	-3.49368813e+02
0.2225	4.86350437e+03	1.41762773e+03	-2.95867849e+02
0.2275	4.68907369e+03	9.04357094e+02	4.24704513e+02
0.2325	4.66631434e+03	6.76001029e+02	4.31546176e+02
0.2375	3.91059684e+03	8.85373275e+02	-5.83363950e+02
0.2425	4.34213243e+03	1.60205637e+03	7.55201543e+02
0.2475	4.14447964e+03	4.30511410e+02	-1.15561515e+02
0.2525	3.72145734e+03	1.78038639e+02	9.32727818e+02
0.2575	3.71714925e+03	7.04819918e+02	3.12081134e+02
0.2625	3.68964908e+03	7.30145194e+01	4.51511578e+02
0.2675	3.63628734e+03	8.41811960e+02	6.67244207e+02
0.2725	2.98633522e+03	3.09601221e+02	6.82550241e+02
0.2775	3.31923201e+03	7.10330707e+01	-9.02037202e+01
0.2825	3.02610756e+03	-2.64199909e+01	1.35447076e+02
0.2875	3.26337839e+03	6.89191751e+02	2.54815796e+02
0.2925	2.93722817e+03	-1.00930141e+02	6.19064922e+01
0.2975	3.12529797e+03	1.71905528e+02	-1.84666279e+00
