####### Power Spectrum of Patchy Simulation 218 #############
# Patch: sgc
# z-type: z1
# Weights: fkp
# Fiducial Omega_m: 0.310
# Fiducial h: 0.676
# Forward-model pixellation : 0
# Rando n-bar: 0
# Boxsize: [1000.0, 1900.0, 1100.0]
# Grid: [146, 276, 161]
# k-binning: [0.000, 0.310, 0.005]
# Monte Carlo Simulations: 100
#
# Format: k | P0 | P2 | P4
############################################
0.0125	4.26779854e+04	-2.47115227e+04	-3.12808578e+04
0.0175	6.55162136e+04	3.92187915e+03	-2.69964104e+04
0.0225	6.08527083e+04	5.70412679e+04	3.02738479e+04
0.0275	7.10581398e+04	3.54441322e+04	-8.64901013e+03
0.0325	4.83295004e+04	3.02554329e+04	2.07490158e+04
0.0375	4.56694502e+04	1.71165919e+03	-1.57781033e+04
0.0425	3.92391723e+04	1.30230689e+04	-1.81574365e+04
0.0475	3.92707360e+04	2.38440715e+04	-1.53256685e+04
0.0525	3.51324003e+04	5.17600091e+03	-2.33561452e+04
0.0575	3.36789396e+04	8.42189443e+03	-1.32365045e+04
0.0625	2.94533806e+04	2.24118828e+04	1.05572033e+04
0.0675	2.71590656e+04	1.95933559e+04	-4.87484741e+03
0.0725	2.46428215e+04	2.50474385e+03	-1.86520225e+03
0.0775	2.23046829e+04	1.38110520e+04	3.64353826e+03
0.0825	2.07477600e+04	2.50172564e+03	3.94179400e+03
0.0875	2.00658708e+04	9.18480067e+03	2.15609972e+03
0.0925	1.59244834e+04	3.32606402e+03	-2.28453653e+03
0.0975	1.59382961e+04	7.21352576e+03	-1.22124337e+03
0.1025	1.46322871e+04	5.60185031e+03	-2.60160272e+03
0.1075	1.36734331e+04	7.91640851e+03	2.83931143e+03
0.1125	1.14491874e+04	2.85340315e+03	2.69086262e+03
0.1175	1.32065873e+04	6.56992467e+03	3.33969432e+03
0.1225	1.25234697e+04	5.38860607e+03	7.06365464e+02
0.1275	1.05539344e+04	1.78386912e+03	5.54176184e+02
0.1325	1.03570168e+04	6.90115708e+03	1.04402987e+02
0.1375	9.92676029e+03	2.76278507e+03	-1.21601510e+03
0.1425	9.50656525e+03	2.57588364e+03	-1.10781261e+03
0.1475	9.72406215e+03	3.00938748e+03	1.37912177e+03
0.1525	8.72835799e+03	2.91637657e+03	-3.89446156e+02
0.1575	8.28971215e+03	2.19299042e+03	1.18201712e+03
0.1625	8.49370030e+03	1.81266807e+03	3.13508641e+02
0.1675	7.55783378e+03	3.25102354e+03	1.02598187e+03
0.1725	7.19313710e+03	1.30140901e+03	2.72530819e+02
0.1775	7.06663165e+03	2.93026958e+03	1.00920550e+03
0.1825	6.14302039e+03	5.58394096e+02	-8.78346099e+02
0.1875	5.87375502e+03	2.50338326e+03	7.00106574e+02
0.1925	6.30393451e+03	8.50695202e+02	9.13802285e+02
0.1975	5.33236302e+03	1.28636110e+03	-5.08557531e+02
0.2025	5.68670462e+03	1.31275103e+03	5.93244812e+02
0.2075	4.93868654e+03	1.33137128e+03	6.05391420e+02
0.2125	5.45164465e+03	1.05923183e+03	-1.45196530e+02
0.2175	4.77161888e+03	1.16038490e+03	5.76657973e+02
0.2225	4.70723930e+03	-9.66223554e+01	-1.56263585e+02
0.2275	4.62709595e+03	1.08864127e+03	4.58259994e+02
0.2325	3.91932647e+03	8.01111617e+02	2.16877828e+02
0.2375	4.40326309e+03	1.40441375e+03	9.67497695e+02
0.2425	3.97322388e+03	5.12238046e+02	2.89245278e+02
0.2475	3.85270462e+03	8.49124289e+02	2.39359833e+02
0.2525	3.77329750e+03	7.29894457e+02	-2.47117789e+01
0.2575	3.57678147e+03	7.45228489e+02	2.29713542e+02
0.2625	3.51698938e+03	8.17312993e+02	5.12878868e+01
0.2675	3.54184880e+03	-9.15317050e+01	5.61998802e+01
0.2725	3.31357264e+03	8.87661664e+01	-2.49239719e+02
0.2775	3.20061668e+03	4.05053049e+02	-6.11587347e+02
0.2825	2.96203011e+03	2.19054060e+02	6.47901523e+02
0.2875	2.94939839e+03	-2.65885783e+02	5.46472526e+02
0.2925	3.01887278e+03	5.43894350e+02	7.55465474e+01
0.2975	2.86887124e+03	1.49857792e+02	5.27953836e+02
