####### Power Spectrum of Patchy Simulation 396 #############
# Patch: sgc
# z-type: z3
# Weights: fkp
# Fiducial Omega_m: 0.310
# Fiducial h: 0.676
# Forward-model pixellation : 0
# Rando n-bar: 0
# Boxsize: [1000.0, 2600.0, 1500.0]
# Grid: [146, 384, 215]
# k-binning: [0.000, 0.310, 0.005]
# Monte Carlo Simulations: 100
#
# Format: k | P0 | P2 | P4
############################################
0.0125	7.35309485e+04	1.60274311e+04	7.50215944e+04
0.0175	6.02716594e+04	2.68551940e+04	3.82741022e+04
0.0225	3.94781793e+04	-9.14622226e+03	-3.01276776e+04
0.0275	6.04885290e+04	6.13786977e+04	6.42711548e+04
0.0325	4.62002021e+04	-5.87491833e+02	-1.47529012e+04
0.0375	4.78268440e+04	7.39702507e+03	1.30953127e+03
0.0425	4.15357372e+04	8.57614255e+03	3.06906753e+04
0.0475	2.81706627e+04	8.75966467e+02	-1.11256799e+04
0.0525	4.29314848e+04	4.32544639e+04	3.22435604e+03
0.0575	2.54413367e+04	9.13893383e+03	1.07954189e+04
0.0625	3.63013015e+04	1.69269586e+04	8.34086067e+03
0.0675	2.46309343e+04	1.84900460e+04	8.77298420e+03
0.0725	2.53841170e+04	1.44260466e+03	-4.49656060e+03
0.0775	2.54930685e+04	1.49734071e+04	1.06625928e+04
0.0825	2.01899660e+04	8.10560700e+03	-4.45155208e+02
0.0875	1.70646969e+04	5.32880164e+03	-4.19736441e+03
0.0925	1.77068706e+04	6.11937696e+03	-5.27061745e+02
0.0975	1.61063052e+04	8.52256762e+03	3.57155258e+03
0.1025	1.42834338e+04	6.74769621e+03	1.19369032e+00
0.1075	1.32395415e+04	3.96098531e+03	-3.23509024e+02
0.1125	1.50872239e+04	9.27103154e+03	4.99645804e+03
0.1175	1.24474566e+04	1.71211187e+03	-1.50169309e+03
0.1225	1.12412523e+04	3.36303386e+03	1.27177846e+03
0.1275	1.18474842e+04	4.13638982e+03	-8.47836163e+02
0.1325	1.06634309e+04	4.71476948e+03	8.71617918e+02
0.1375	1.07681540e+04	2.69438763e+03	4.09992999e+02
0.1425	8.65039800e+03	5.56670092e+02	6.41056421e+02
0.1475	9.40033194e+03	3.92419076e+03	-1.08167160e+03
0.1525	8.92731511e+03	3.17309807e+03	1.78872144e+03
0.1575	7.70044709e+03	2.86317287e+03	6.70180695e+02
0.1625	8.23791772e+03	3.78849337e+03	5.31963015e+02
0.1675	6.60361873e+03	1.63447610e+02	-4.45184857e+02
0.1725	7.23010911e+03	3.26130766e+03	1.04608802e+03
0.1775	7.03227823e+03	2.32612186e+03	-2.83954213e+02
0.1825	6.49287723e+03	1.53783518e+03	3.33296445e+02
0.1875	5.89496281e+03	1.40388340e+03	-2.25661805e+02
0.1925	6.12077825e+03	2.28437921e+03	1.07019524e+03
0.1975	5.46735279e+03	1.24344540e+03	6.79956820e+02
0.2025	5.67352071e+03	2.37943089e+03	1.20833313e+03
0.2075	5.59369510e+03	1.29261544e+03	-1.35603654e+03
0.2125	4.47259564e+03	7.55990941e+02	1.03355362e+03
0.2175	4.91058339e+03	5.61028373e+02	-3.74183141e+02
0.2225	4.89154128e+03	2.27836118e+03	1.48772859e+03
0.2275	4.55285951e+03	-9.39932116e+01	-1.12948894e+03
0.2325	4.27426050e+03	1.65328801e+03	6.17189599e+02
0.2375	4.08291288e+03	3.78848037e+02	6.35000102e+02
0.2425	4.10723512e+03	6.44730753e+02	-1.21946261e+03
0.2475	3.77586653e+03	5.57393606e+02	3.74199148e+02
0.2525	3.64978581e+03	5.96937096e+02	-2.83029619e+02
0.2575	3.84548620e+03	5.33622267e+02	4.57953574e+02
0.2625	3.76185422e+03	5.87548985e+02	6.59758934e+02
0.2675	3.26459983e+03	2.98870080e+02	-3.03725669e+02
0.2725	3.33854359e+03	3.37372286e+02	-1.06845313e+02
0.2775	3.03407850e+03	1.68877682e+02	1.80875603e+02
0.2825	3.26697301e+03	4.14334312e+02	4.34521829e+02
0.2875	3.04842060e+03	6.88203848e+02	-2.18282561e+02
0.2925	3.22039825e+03	2.76511896e+02	-5.83179838e+02
0.2975	2.68805196e+03	2.48044559e+02	3.13940175e+02
