####### Power Spectrum of Patchy Simulation 532 #############
# Patch: sgc
# z-type: z3
# Weights: fkp
# Fiducial Omega_m: 0.310
# Fiducial h: 0.676
# Forward-model pixellation : 0
# Rando n-bar: 0
# Boxsize: [1000.0, 2600.0, 1500.0]
# Grid: [146, 384, 215]
# k-binning: [0.000, 0.310, 0.005]
# Monte Carlo Simulations: 100
#
# Format: k | P0 | P2 | P4
############################################
0.0125	1.08619372e+05	7.99045825e+04	-8.94595682e+04
0.0175	8.49085509e+04	1.28090660e+04	-4.24752666e+04
0.0225	4.89460994e+04	4.08316602e+04	8.76451447e+03
0.0275	4.91349528e+04	3.90738180e+04	4.36940324e+04
0.0325	6.52286498e+04	3.38588966e+03	-3.78244502e+04
0.0375	4.44104745e+04	2.46052449e+04	-2.36934031e+04
0.0425	3.42992141e+04	-2.84919167e+01	7.84116819e+03
0.0475	3.51607843e+04	4.71988108e+03	1.11483354e+04
0.0525	3.51932944e+04	1.03222894e+04	5.23412609e+03
0.0575	3.62570140e+04	1.31498421e+04	-1.22274825e+04
0.0625	2.66328607e+04	1.38443082e+03	8.57677728e+03
0.0675	2.91735312e+04	1.78103376e+04	-2.42136378e+02
0.0725	2.37729495e+04	1.23141254e+03	7.43938727e+03
0.0775	2.67771600e+04	1.26643629e+04	1.47480983e+03
0.0825	1.92655042e+04	5.59998805e+03	2.76477053e+03
0.0875	1.89345090e+04	5.14613309e+03	-2.95190399e+03
0.0925	1.70311413e+04	7.55724462e+03	1.46106696e+03
0.0975	1.59319486e+04	4.25503196e+03	-4.10957887e+03
0.1025	1.43691162e+04	6.59670658e+03	-1.21696890e+03
0.1075	1.42256178e+04	3.88268682e+03	2.15181056e+03
0.1125	1.11309619e+04	2.07531370e+03	-1.55582894e+03
0.1175	1.37595645e+04	5.52752788e+03	-1.18929636e+03
0.1225	1.11575032e+04	2.67881891e+03	2.08671404e+02
0.1275	1.20911423e+04	5.00453580e+03	-6.48543504e+01
0.1325	1.08790973e+04	6.14437811e+03	-7.95713007e+01
0.1375	1.03241686e+04	1.25998924e+03	2.69718170e+03
0.1425	1.01747604e+04	2.80403237e+03	-2.66984834e+03
0.1475	9.88219034e+03	3.20162474e+03	1.41943532e+03
0.1525	7.87919342e+03	1.46177533e+03	1.09325363e+03
0.1575	7.54872193e+03	3.16753543e+03	-1.24985420e+03
0.1625	7.11952814e+03	4.38166089e+02	3.10414020e+02
0.1675	8.19123476e+03	2.70205759e+03	-1.94032879e+03
0.1725	6.69085399e+03	1.72031548e+03	-9.57685687e+02
0.1775	7.04170418e+03	1.77968076e+03	7.57194005e+02
0.1825	6.69884993e+03	2.73058326e+03	7.54214004e+02
0.1875	5.56497098e+03	6.92968046e+02	1.48384098e+03
0.1925	6.39591607e+03	1.48729305e+03	-1.25762663e+02
0.1975	5.22656611e+03	1.26787368e+03	6.76868449e+02
0.2025	5.76517264e+03	1.36430330e+03	-1.01257186e+03
0.2075	5.29197439e+03	1.76712301e+03	-3.12685213e+02
0.2125	4.67572450e+03	7.82969215e+02	-3.06924182e+02
0.2175	4.64572109e+03	1.38610910e+03	3.58963906e+02
0.2225	4.57858958e+03	4.21737578e+02	1.06242381e+03
0.2275	4.59091248e+03	9.27897673e+02	-8.44661136e+02
0.2325	4.41294098e+03	5.33964114e+02	-1.68851424e+02
0.2375	3.95111954e+03	1.35971630e+03	1.07687127e+03
0.2425	3.92537152e+03	-2.67407097e+01	-6.88332552e+02
0.2475	4.07313816e+03	1.40933069e+03	-2.62020011e+01
0.2525	3.75817822e+03	1.13804555e+03	7.72331189e+02
0.2575	3.96867040e+03	-6.00033894e+00	2.33124284e+02
0.2625	3.49484721e+03	9.33154111e+02	4.55273707e+02
0.2675	3.65179650e+03	3.81173537e+01	2.81335856e+02
0.2725	3.00528856e+03	5.53273327e+02	6.43062880e+02
0.2775	3.26857083e+03	2.06987022e+02	2.46484202e+02
0.2825	3.17245971e+03	-9.66719201e+01	-1.68182426e+02
0.2875	2.77720048e+03	-8.82384894e+01	5.83262192e+02
0.2925	3.07391201e+03	8.12884551e+02	-4.56777366e+01
0.2975	2.83380847e+03	-2.85038698e+02	-2.09023796e+02
