####### Power Spectrum of Patchy Simulation 427 #############
# Patch: sgc
# z-type: z1
# Weights: fkp
# Fiducial Omega_m: 0.310
# Fiducial h: 0.676
# Forward-model pixellation : 0
# Rando n-bar: 0
# Boxsize: [1000.0, 1900.0, 1100.0]
# Grid: [146, 276, 161]
# k-binning: [0.000, 0.310, 0.005]
# Monte Carlo Simulations: 100
#
# Format: k | P0 | P2 | P4
############################################
0.0125	3.86206602e+04	-4.13715026e+04	-4.58505251e+04
0.0175	5.81896924e+04	6.65871008e+04	-1.49128979e+04
0.0225	5.32826037e+04	-3.28550175e+04	3.83936995e+04
0.0275	4.10928669e+04	4.41551629e+04	4.54814624e+04
0.0325	5.28207857e+04	2.03177337e+04	9.24642160e+03
0.0375	4.66522565e+04	7.81787884e+03	-1.44971783e+04
0.0425	3.63822865e+04	2.26355006e+04	1.66568267e+04
0.0475	2.53724060e+04	7.79136538e+02	-9.26881643e+03
0.0525	3.40619970e+04	2.05298570e+04	3.01327050e+03
0.0575	3.39994669e+04	1.07839544e+04	-2.08042306e+03
0.0625	2.89695812e+04	7.66348338e+03	-3.86759907e+03
0.0675	3.01230743e+04	9.99833085e+03	-2.47911325e+03
0.0725	2.56669681e+04	1.14064271e+04	-4.06456408e+03
0.0775	2.21692799e+04	8.86672875e+03	-1.96918403e+03
0.0825	2.10193494e+04	6.03640062e+03	-3.76849681e+03
0.0875	1.79203939e+04	4.39032703e+03	3.33952765e+03
0.0925	1.89118463e+04	4.61602562e+03	1.85501646e+02
0.0975	1.87789504e+04	7.31728162e+03	8.42491044e+02
0.1025	1.32401895e+04	3.09267097e+03	-2.99544782e+02
0.1075	1.32049326e+04	4.75322971e+03	2.18598477e+03
0.1125	1.32849972e+04	5.66444437e+03	-1.40964970e+03
0.1175	1.35196515e+04	2.31339583e+03	3.74083587e+00
0.1225	1.14616739e+04	3.89485933e+03	8.19256077e+02
0.1275	1.09803658e+04	3.48053090e+03	5.79466303e+02
0.1325	1.09594883e+04	2.49323636e+03	6.94484795e+02
0.1375	1.05820036e+04	4.30057846e+03	5.19465201e+02
0.1425	9.48936465e+03	2.45926581e+03	3.98749919e+02
0.1475	9.07091821e+03	1.66453767e+03	2.48338896e+02
0.1525	8.89090370e+03	3.30509416e+03	6.37260610e+02
0.1575	8.46147336e+03	8.70204747e+02	4.22383550e+02
0.1625	8.16691153e+03	3.14595962e+03	-2.58202504e+02
0.1675	7.34994386e+03	2.92314718e+03	2.91745681e+03
0.1725	7.32516563e+03	1.79001654e+03	1.16761483e+03
0.1775	6.69850679e+03	2.11576958e+03	7.51938216e+02
0.1825	6.80662933e+03	2.21359158e+03	5.85871369e+02
0.1875	6.57786800e+03	1.50228934e+03	7.10066215e+02
0.1925	5.92724990e+03	1.64239629e+03	-1.12307646e+03
0.1975	5.71545135e+03	4.62435678e+02	5.16433084e+01
0.2025	5.39020202e+03	5.14743851e+02	4.59505221e+02
0.2075	5.44946564e+03	1.29184463e+03	2.80738881e+02
0.2125	5.22076045e+03	1.17957739e+03	1.75108848e+02
0.2175	5.01524183e+03	1.44481629e+03	7.19655732e+00
0.2225	4.35413651e+03	1.54876074e+03	-7.71476180e+01
0.2275	4.49942764e+03	5.78077178e+02	1.41958380e+03
0.2325	4.32758724e+03	7.43506205e+02	3.03725897e+02
0.2375	4.26950412e+03	1.38488287e+03	3.47781641e+02
0.2425	4.12103233e+03	3.31620117e+02	1.04727407e+01
0.2475	3.97671456e+03	1.41297693e+03	-7.75479100e+01
0.2525	3.94103130e+03	6.69540388e+02	2.11116217e+02
0.2575	3.80956465e+03	2.61646080e+02	-2.66006380e+02
0.2625	3.44223920e+03	6.97447573e+02	-2.64380383e+02
0.2675	3.67528412e+03	6.19836446e+02	-1.87613819e+00
0.2725	3.28691849e+03	3.98974528e+02	3.43004038e+02
0.2775	3.47804262e+03	2.35654061e+02	-5.91107509e+01
0.2825	3.19500083e+03	1.12736508e+02	4.91081855e+01
0.2875	3.16636794e+03	1.96366810e+02	3.21336666e+02
0.2925	2.96430697e+03	9.46155503e+02	9.97274383e+01
0.2975	3.14645433e+03	1.18447330e+01	2.37221224e+02
