####### Power Spectrum of Patchy Simulation 14 #############
# Patch: ngc
# z-type: z3
# Weights: fkp
# Fiducial Omega_m: 0.310
# Fiducial h: 0.676
# Forward-model pixellation : 0
# Rando n-bar: 0
# Boxsize: [1800.0, 3400.0, 1900.0]
# Grid: [261, 500, 276]
# k-binning: [0.000, 0.310, 0.005]
# Monte Carlo Simulations: 100
#
# Format: k | P0 | P2 | P4
############################################
0.0125	5.98556659e+04	6.55291622e+03	-5.80300556e+04
0.0175	6.45618471e+04	-6.97965368e+03	-1.80121534e+04
0.0225	7.84081451e+04	2.33608690e+04	7.54565715e+03
0.0275	5.50652716e+04	3.93613184e+04	1.83679928e+04
0.0325	4.73469001e+04	2.73478795e+04	-1.41753580e+03
0.0375	4.51526277e+04	2.87857153e+04	1.13771486e+03
0.0425	4.10711553e+04	7.73673153e+03	-7.29045435e+03
0.0475	3.60165791e+04	2.27751275e+04	1.41984406e+04
0.0525	3.18737760e+04	1.07666101e+04	5.34583844e+02
0.0575	2.93109425e+04	1.61666569e+04	4.80770194e+03
0.0625	2.83068914e+04	1.00550553e+04	-7.48107196e+02
0.0675	2.17193036e+04	1.01527738e+03	-4.55461784e+03
0.0725	2.76293506e+04	1.88355186e+04	9.60160900e+03
0.0775	2.17012978e+04	6.84950597e+03	-1.71076421e+03
0.0825	1.90692186e+04	5.12064408e+03	4.77955800e+03
0.0875	1.80182002e+04	1.01687341e+04	3.02252365e+03
0.0925	1.64391403e+04	4.43467075e+03	-1.48583334e+03
0.0975	1.55331545e+04	7.20648920e+03	4.68299576e+02
0.1025	1.49895222e+04	6.69259372e+03	2.12265757e+03
0.1075	1.30108187e+04	2.40791370e+03	-2.56808153e+03
0.1125	1.22849439e+04	4.48381228e+03	2.60437781e+03
0.1175	1.24358924e+04	5.21081855e+03	6.73565688e+02
0.1225	1.15817254e+04	5.01864756e+03	2.24306122e+03
0.1275	1.04697913e+04	2.96248242e+03	-3.55029987e+02
0.1325	1.10267034e+04	3.96304148e+03	9.57287884e+02
0.1375	9.06519482e+03	2.40899733e+03	-1.31135161e+03
0.1425	9.07299831e+03	1.30654460e+03	6.09074581e+02
0.1475	8.94268540e+03	3.58099910e+03	1.64480797e+03
0.1525	8.27194106e+03	2.12020103e+03	3.96608357e+02
0.1575	7.72592625e+03	3.10983678e+03	3.32828582e+01
0.1625	7.06784944e+03	2.72075883e+03	1.70012889e+03
0.1675	6.87420866e+03	2.05673844e+03	4.19518565e+02
0.1725	6.86449401e+03	2.98781397e+03	-2.79397853e+02
0.1775	6.55087544e+03	2.61682858e+03	1.24010467e+03
0.1825	5.74181854e+03	3.91298447e+02	-4.32543246e+01
0.1875	6.40239180e+03	3.04472826e+03	2.86864091e+02
0.1925	5.45456139e+03	1.17370467e+03	7.76362925e+01
0.1975	5.63476999e+03	1.25315777e+03	2.54375291e+02
0.2025	5.05214063e+03	1.46823451e+03	9.05137926e+02
0.2075	4.99863628e+03	1.18695690e+03	-6.36372182e+02
0.2125	4.44270332e+03	8.36370338e+02	8.17711180e+02
0.2175	4.61993511e+03	1.47810472e+03	5.63907124e+02
0.2225	4.66233812e+03	1.17024224e+03	2.10508855e+02
0.2275	4.04984504e+03	4.79368150e+02	2.21288540e+02
0.2325	4.15530452e+03	1.19846713e+03	4.21326149e+02
0.2375	4.02004554e+03	1.01292156e+03	1.94826732e+02
0.2425	3.50525972e+03	7.17566126e+02	1.18352371e+02
0.2475	3.62518461e+03	1.01592184e+03	-4.57102714e+01
0.2525	3.58056168e+03	1.04863620e+03	6.25276523e+02
0.2575	3.35395301e+03	2.41668849e+02	8.43811116e+01
0.2625	3.12107045e+03	6.89041397e+02	1.65846701e+02
0.2675	3.19793354e+03	-4.64384521e+01	-2.72359515e+02
0.2725	3.24034372e+03	9.46651318e+02	3.97537238e+02
0.2775	2.85726366e+03	8.35851967e+00	1.41130400e+02
0.2825	2.69998029e+03	1.03859241e+02	4.32433942e+02
0.2875	3.01179644e+03	4.65560097e+02	3.33702794e+02
0.2925	2.50249688e+03	-1.37687155e+02	1.14689086e+02
0.2975	2.79249671e+03	1.00691833e+03	2.11453363e+02
