####### Power Spectrum of Patchy Simulation 335 #############
# Patch: sgc
# z-type: z1
# Weights: fkp
# Fiducial Omega_m: 0.310
# Fiducial h: 0.676
# Forward-model pixellation : 0
# Rando n-bar: 0
# Boxsize: [1000.0, 1900.0, 1100.0]
# Grid: [146, 276, 161]
# k-binning: [0.000, 0.310, 0.005]
# Monte Carlo Simulations: 100
#
# Format: k | P0 | P2 | P4
############################################
0.0125	4.08137082e+04	-1.47014538e+04	-3.69180881e+04
0.0175	6.36023285e+04	1.80003648e+03	1.91023847e+04
0.0225	7.78294310e+04	4.54787921e+04	-6.43397789e+04
0.0275	4.70414885e+04	3.41649436e+04	2.88940529e+04
0.0325	4.74709883e+04	6.20679490e+04	1.07866627e+04
0.0375	5.01334823e+04	-6.61744468e+03	-2.89561095e+04
0.0425	3.10022274e+04	-7.28052331e+03	7.54362526e+03
0.0475	3.22273163e+04	2.11251130e+04	9.67892598e+03
0.0525	3.12316207e+04	9.14558617e+02	-1.44782814e+04
0.0575	3.51601710e+04	1.43552877e+04	2.02589148e+04
0.0625	2.94290893e+04	1.17876145e+04	-2.87341942e+03
0.0675	2.45658040e+04	6.91353902e+03	3.51154201e+03
0.0725	2.55043570e+04	8.14350516e+03	-5.83037289e+03
0.0775	2.32804058e+04	4.01544392e+03	4.90111420e+03
0.0825	1.88482447e+04	7.86889987e+03	-3.44072359e+02
0.0875	2.24266437e+04	4.98511395e+03	-2.28713263e+03
0.0925	1.75379802e+04	9.84365266e+03	4.80713946e+03
0.0975	1.70697532e+04	5.56338995e+03	-6.17065609e+03
0.1025	1.32000958e+04	1.52011594e+03	-2.60573526e+03
0.1075	1.44888070e+04	7.01551081e+03	3.02737767e+03
0.1125	1.24116355e+04	3.85925642e+03	-1.36665246e+03
0.1175	1.27829257e+04	3.95511140e+03	-1.49295426e+03
0.1225	1.19521172e+04	6.12794757e+03	-8.31494695e+01
0.1275	1.20314994e+04	3.66448001e+03	4.32982951e+02
0.1325	1.12271215e+04	1.00383769e+03	1.16899083e+03
0.1375	8.86505362e+03	2.65613064e+03	-1.87403852e+02
0.1425	9.43830763e+03	4.26165816e+03	3.46450056e+02
0.1475	9.21325870e+03	2.17925762e+03	8.88525275e+02
0.1525	8.62221075e+03	1.50390023e+03	-6.88939735e+02
0.1575	8.43817187e+03	1.82476217e+03	1.05402143e+03
0.1625	6.98445724e+03	1.05029209e+03	-3.89164448e+01
0.1675	7.52098144e+03	2.98737228e+03	8.52681605e+02
0.1725	6.69408192e+03	1.69800828e+03	-4.94238835e+01
0.1775	6.30614716e+03	8.10776311e+02	5.14228608e+02
0.1825	6.92866930e+03	2.55504306e+03	1.58628631e+01
0.1875	6.37063044e+03	1.76648611e+03	1.47489362e+03
0.1925	5.93916365e+03	9.16336207e+02	3.63496250e+02
0.1975	5.84496411e+03	1.48286264e+03	3.16955170e+02
0.2025	5.50075569e+03	1.11131023e+03	4.57907969e+02
0.2075	5.53640122e+03	9.48990237e+02	1.22027558e+03
0.2125	5.27974531e+03	7.75704572e+02	-1.69318850e+02
0.2175	4.92669194e+03	6.50514750e+02	5.55162976e+02
0.2225	4.75517996e+03	8.92497080e+02	-7.77812806e+01
0.2275	4.44616988e+03	2.59049052e+02	-8.57525915e+01
0.2325	4.10354953e+03	8.77295490e+02	2.28549827e+02
0.2375	4.37098673e+03	2.19941497e+02	3.08876878e+02
0.2425	3.77768377e+03	1.51762319e+03	-9.30673146e+01
0.2475	3.83166752e+03	-1.40597312e+02	4.24133939e+01
0.2525	3.87711593e+03	1.96288628e+02	5.61671629e+02
0.2575	3.50818993e+03	5.42433690e+02	2.63137186e+02
0.2625	3.61390010e+03	3.90652038e+02	-6.64182381e+02
0.2675	3.12402751e+03	4.85455722e+02	-3.25033451e+02
0.2725	3.26897159e+03	4.07236825e+02	-4.22594238e+01
0.2775	3.13478173e+03	4.24209493e+01	-1.86747870e+02
0.2825	3.33227987e+03	5.58706479e+02	1.65374978e+02
0.2875	3.14140983e+03	2.36010040e+02	6.17842601e+01
0.2925	2.93246168e+03	6.32712055e+02	1.87273127e+02
0.2975	2.78226719e+03	3.15419068e+02	2.80668301e+02
