####### Power Spectrum of Patchy Simulation 296 #############
# Patch: sgc
# z-type: z3
# Weights: fkp
# Fiducial Omega_m: 0.310
# Fiducial h: 0.676
# Forward-model pixellation : 0
# Rando n-bar: 0
# Boxsize: [1000.0, 2600.0, 1500.0]
# Grid: [146, 384, 215]
# k-binning: [0.000, 0.310, 0.005]
# Monte Carlo Simulations: 100
#
# Format: k | P0 | P2 | P4
############################################
0.0125	4.13625651e+04	3.25093710e+03	1.40481786e+05
0.0175	6.38061743e+04	-1.20664586e+04	-6.67294320e+03
0.0225	7.32980695e+04	3.21235945e+04	1.08709295e+05
0.0275	5.94797267e+04	-2.79937190e+04	-4.94549865e+04
0.0325	5.52989367e+04	3.15118281e+04	2.45245738e+04
0.0375	5.43732084e+04	3.47909492e+04	7.04135727e+03
0.0425	3.78824945e+04	1.27057317e+04	3.90081718e+03
0.0475	3.06641130e+04	6.73391838e+03	-1.36192107e+04
0.0525	3.47446142e+04	7.77625015e+03	-5.72692831e+03
0.0575	2.94447386e+04	1.68620274e+04	4.24593641e+03
0.0625	2.62576346e+04	1.12527366e+04	5.67616414e+03
0.0675	3.10963632e+04	1.21609837e+04	-6.65799316e+02
0.0725	2.27943183e+04	9.23965431e+03	-5.01216098e+03
0.0775	2.19504468e+04	8.84357178e+03	-6.45918558e+03
0.0825	2.22640164e+04	1.09922939e+04	-5.47413594e+03
0.0875	2.13992928e+04	9.68176783e+03	2.34813805e+03
0.0925	1.40591461e+04	-1.66712746e+03	-1.90074264e+03
0.0975	1.69282808e+04	3.48115918e+03	-2.51947701e+03
0.1025	1.69129251e+04	8.63070999e+03	2.43128942e+03
0.1075	1.34988733e+04	4.75262209e+03	-2.12272900e+03
0.1125	1.19744028e+04	2.90038715e+03	-3.59584874e+03
0.1175	1.36758543e+04	5.96450491e+03	3.87401253e+03
0.1225	1.18016724e+04	5.15605821e+03	6.10706372e+02
0.1275	1.11936563e+04	1.48961095e+03	-2.93272993e+03
0.1325	1.12998934e+04	3.90552700e+03	7.26702725e+02
0.1375	1.08137634e+04	3.42409127e+03	1.57279705e+03
0.1425	9.75801449e+03	1.34782680e+03	-1.27413669e+03
0.1475	9.30713060e+03	2.86268202e+03	-7.68464097e+02
0.1525	8.85693262e+03	2.96641436e+03	-5.36200150e+01
0.1575	7.55228536e+03	2.63279121e+03	2.52472776e+02
0.1625	7.45078325e+03	1.12225254e+03	-8.40241454e+02
0.1675	7.39439426e+03	2.81002963e+03	3.17882042e+02
0.1725	6.78217042e+03	1.64994767e+03	-9.11261951e+02
0.1775	6.95347004e+03	2.50150303e+03	8.64792331e+02
0.1825	6.24139131e+03	1.70391738e+03	1.65838144e+02
0.1875	6.55299381e+03	2.21168619e+03	-4.72368937e+02
0.1925	6.48794594e+03	3.05634868e+03	8.91254428e+02
0.1975	5.47625977e+03	1.84494966e+02	8.27420579e+02
0.2025	6.31926692e+03	1.82174724e+03	-3.37834928e+01
0.2075	5.30798220e+03	1.30948017e+03	1.07008258e+03
0.2125	5.20465358e+03	9.71189407e+02	-1.33083853e+03
0.2175	4.97911458e+03	8.02308125e+02	5.60936098e+02
0.2225	4.70927975e+03	6.56691800e+02	-1.61715283e+02
0.2275	4.60577168e+03	4.24328846e+02	-7.08720207e+02
0.2325	4.42079005e+03	8.81138401e+02	5.60383636e+02
0.2375	3.75020426e+03	4.86688599e+02	3.02276383e+02
0.2425	4.23204623e+03	9.98375475e+02	4.88947343e+01
0.2475	3.87869036e+03	9.44287450e+02	1.05597709e+03
0.2525	4.10352757e+03	9.96041057e+02	-8.60787889e+02
0.2575	3.36424226e+03	5.32896165e+02	7.64654130e+02
0.2625	3.73746407e+03	7.69403541e+02	-4.06779020e+02
0.2675	3.56548749e+03	4.84207597e+02	9.01745996e+01
0.2725	2.97741277e+03	1.85385815e+02	2.69185519e+02
0.2775	3.17731696e+03	5.37437716e+02	5.51165640e+01
0.2825	3.25560398e+03	1.48120538e+02	-3.38821138e+02
0.2875	3.02994570e+03	3.84645711e+02	3.77972991e+02
0.2925	2.93694225e+03	1.38637683e+02	1.31676124e+02
0.2975	2.86097714e+03	-1.26840037e+01	-1.61297712e+01
