####### Power Spectrum of Patchy Simulation 200 #############
# Patch: ngc
# z-type: z1
# Weights: fkp
# Fiducial Omega_m: 0.310
# Fiducial h: 0.676
# Forward-model pixellation : 0
# Rando n-bar: 0
# Boxsize: [1350.0, 2450.0, 1400.0]
# Grid: [193, 353, 200]
# k-binning: [0.000, 0.310, 0.005]
# Monte Carlo Simulations: 100
#
# Format: k | P0 | P2 | P4
############################################
0.0125	9.19306154e+04	5.09492037e+04	-3.94666572e+04
0.0175	5.55440822e+04	4.82726332e+04	-2.50055158e+04
0.0225	6.49907800e+04	2.57373558e+04	1.68773917e+04
0.0275	6.74749320e+04	2.35422056e+04	7.03585985e+02
0.0325	4.20964352e+04	2.38913440e+04	-8.87354085e+03
0.0375	5.10853089e+04	6.71055069e+03	-7.43784844e+03
0.0425	3.96679318e+04	2.83252285e+04	1.86651894e+04
0.0475	3.70420100e+04	1.34530554e+04	3.85923838e+03
0.0525	3.36113593e+04	1.38655708e+04	-1.29157282e+03
0.0575	3.11874998e+04	1.30057770e+04	2.03625349e+03
0.0625	2.78231842e+04	3.04782536e+03	-4.40444663e+03
0.0675	2.71607129e+04	1.55022935e+04	5.50909986e+03
0.0725	2.49314457e+04	5.05947396e+03	-5.33704039e+02
0.0775	2.26402734e+04	7.92594434e+03	6.79242604e+02
0.0825	2.09547774e+04	8.47507650e+03	1.41310788e+03
0.0875	1.89607778e+04	5.63448918e+03	-3.34120739e+03
0.0925	1.85445297e+04	7.14814893e+03	-5.36353037e+02
0.0975	1.62705417e+04	9.11335808e+03	5.29991412e+02
0.1025	1.47487489e+04	4.54408198e+03	1.78766274e+02
0.1075	1.38492853e+04	4.10315941e+03	-1.61670981e+02
0.1125	1.25556716e+04	3.58335832e+03	1.62495797e+03
0.1175	1.32675305e+04	4.30272039e+03	8.66715117e+02
0.1225	1.19159425e+04	3.24308023e+03	8.84644123e+02
0.1275	1.16663070e+04	2.66121728e+03	-6.70087563e+02
0.1325	1.11444963e+04	5.01426217e+03	1.91419797e+02
0.1375	1.02525535e+04	2.61378689e+03	-2.00379903e+03
0.1425	9.60192357e+03	1.71810421e+03	3.08812842e+02
0.1475	9.05601231e+03	2.33997767e+03	-5.19195497e+02
0.1525	8.42874581e+03	2.74799039e+03	-2.44186143e+02
0.1575	8.26673483e+03	2.33316641e+03	-1.00218040e+03
0.1625	7.92083186e+03	2.51532635e+03	4.04225368e+02
0.1675	7.48047918e+03	1.78739854e+03	2.42342158e+02
0.1725	6.64187033e+03	1.88808628e+03	6.98819678e+02
0.1775	6.70278857e+03	1.96521412e+03	3.08679049e+02
0.1825	6.35815793e+03	1.43271736e+03	1.65165812e+02
0.1875	6.22408991e+03	1.95642142e+03	5.02669017e+02
0.1925	6.06652397e+03	1.27935340e+03	-4.44889294e+01
0.1975	5.81154435e+03	1.37580351e+03	1.67848327e+02
0.2025	5.69073866e+03	1.66026101e+03	7.93594725e+01
0.2075	5.19169488e+03	1.32372563e+03	-2.26174048e+02
0.2125	5.10298561e+03	1.34608324e+03	2.24800436e+01
0.2175	4.81414547e+03	1.06073053e+03	-1.42066133e+02
0.2225	4.69905226e+03	1.00573407e+03	2.73281633e+02
0.2275	4.72656575e+03	8.03829899e+02	2.74756930e+02
0.2325	4.45530767e+03	4.42769358e+02	-4.54211259e+01
0.2375	4.42896478e+03	1.22064151e+03	6.55083511e+02
0.2425	4.08387540e+03	6.41757004e+02	-2.83820885e+02
0.2475	3.90459921e+03	5.46993763e+02	3.23979330e+02
0.2525	3.71468475e+03	4.31075728e+02	3.57754544e+02
0.2575	3.61622411e+03	6.95357175e+02	3.04259946e+02
0.2625	3.59148048e+03	3.84768010e+02	3.49688693e+02
0.2675	3.46908219e+03	5.47203004e+02	7.49066930e+01
0.2725	3.25522338e+03	4.40241308e+02	1.51594365e+02
0.2775	3.14342033e+03	4.14001638e+02	2.56111546e+02
0.2825	3.16132059e+03	4.47486545e+02	9.53837423e+01
0.2875	2.94843237e+03	4.54786255e+01	8.17533711e+01
0.2925	3.04165215e+03	2.98180857e+02	3.67760012e+02
0.2975	2.84945362e+03	2.12207619e+02	3.38297597e+02
