####### Power Spectrum of Patchy Simulation 498 #############
# Patch: sgc
# z-type: z3
# Weights: fkp
# Fiducial Omega_m: 0.310
# Fiducial h: 0.676
# Forward-model pixellation : 0
# Rando n-bar: 0
# Boxsize: [1000.0, 2600.0, 1500.0]
# Grid: [146, 384, 215]
# k-binning: [0.000, 0.310, 0.005]
# Monte Carlo Simulations: 100
#
# Format: k | P0 | P2 | P4
############################################
0.0125	4.23878699e+04	-2.90203508e+04	7.13661777e+04
0.0175	5.63492546e+04	6.43487967e+03	-3.60714096e+04
0.0225	6.85717616e+04	6.54509990e+04	3.27647530e+04
0.0275	5.44478306e+04	8.42290641e+03	-5.82330835e+04
0.0325	6.29863746e+04	2.29255314e+04	-1.21025243e+04
0.0375	4.16629488e+04	3.98920724e+03	-6.88633194e+03
0.0425	3.84350919e+04	-3.94378055e+03	-9.91982339e+03
0.0475	3.58549004e+04	2.25034563e+04	-1.25234071e+03
0.0525	3.20851180e+04	1.14537822e+04	2.54459558e+03
0.0575	2.99732980e+04	1.59525384e+04	2.64856092e+02
0.0625	2.81459446e+04	5.73914349e+03	8.45329797e+03
0.0675	2.64634867e+04	-6.00208816e+02	-3.60564005e+03
0.0725	2.33514488e+04	1.56363559e+04	-3.73943731e+03
0.0775	2.25566441e+04	6.29972381e+03	1.64488705e+03
0.0825	2.05800946e+04	1.32411839e+03	-1.26718075e+04
0.0875	2.06721281e+04	1.09522935e+04	-5.73989291e+03
0.0925	1.93045181e+04	1.24710445e+04	9.07073621e+03
0.0975	1.46575279e+04	8.27376595e+02	-9.97672037e+02
0.1025	1.43244179e+04	7.62700824e+03	4.28911469e+02
0.1075	1.37333521e+04	1.57271008e+03	3.84214551e+03
0.1125	1.24653018e+04	3.59288418e+03	-2.46740189e+03
0.1175	1.18630148e+04	4.39114687e+03	-5.73507915e+01
0.1225	1.24608494e+04	4.24886479e+03	-1.30810775e+03
0.1275	1.16208876e+04	4.95245119e+03	3.12525720e+03
0.1325	9.89735688e+03	1.07751728e+03	-8.98982242e+02
0.1375	1.04869504e+04	2.89362823e+03	1.87204687e+03
0.1425	9.08631710e+03	1.86985989e+03	2.99471816e+02
0.1475	9.41319087e+03	3.48828101e+03	3.39425308e+02
0.1525	8.01197694e+03	1.02143782e+03	-1.79314179e+03
0.1575	7.50539549e+03	2.07641223e+03	9.26931580e+02
0.1625	7.87519531e+03	3.00524754e+03	-6.47075978e+02
0.1675	7.06249693e+03	2.27926572e+03	2.58025223e+03
0.1725	7.40217782e+03	3.20864162e+03	4.45662240e+02
0.1775	6.60674935e+03	1.64153431e+03	-9.57568441e+02
0.1825	6.19633970e+03	2.02641624e+03	2.89393880e+02
0.1875	6.45756695e+03	1.58963666e+03	9.49426428e+02
0.1925	6.17801894e+03	1.45246862e+03	2.05941779e+03
0.1975	5.67984104e+03	8.61868391e+02	-7.11391781e+01
0.2025	5.24083065e+03	2.27040470e+03	7.66697569e+02
0.2075	5.05181777e+03	1.23941433e+03	-7.59356119e+02
0.2125	5.23693790e+03	1.47398619e+03	3.50048444e+02
0.2175	4.69999126e+03	1.43728868e+03	5.23858788e+02
0.2225	4.56548796e+03	1.80852673e+02	3.90856924e+01
0.2275	4.96198209e+03	1.12433643e+03	7.00348556e+02
0.2325	3.73491951e+03	1.28281715e+03	1.40527774e+02
0.2375	4.60713925e+03	1.22681454e+03	-5.72771067e+02
0.2425	3.68137487e+03	9.80803626e+02	4.88151787e+01
0.2475	3.89176869e+03	-6.08684350e+01	9.76007884e+02
0.2525	3.71905989e+03	5.94160733e+02	-2.92748064e+02
0.2575	3.80786629e+03	5.79918908e+02	4.20396251e+02
0.2625	3.28245190e+03	1.04433922e+03	-5.80153631e+01
0.2675	3.12716293e+03	8.37745333e+01	-3.79202734e+02
0.2725	3.62194413e+03	5.11879568e+02	2.06181376e+02
0.2775	2.98962942e+03	6.07875511e+02	3.29364825e+00
0.2825	2.87940053e+03	5.03134572e+01	-1.28800751e+01
0.2875	3.00686412e+03	5.53818159e+02	-4.34485674e+02
0.2925	3.10665219e+03	2.83384798e+02	1.98613465e+02
0.2975	2.90214492e+03	2.91896450e+02	-1.21726484e+02
