####### Power Spectrum of Patchy Simulation 145 #############
# Patch: ngc
# z-type: z3
# Weights: fkp
# Fiducial Omega_m: 0.310
# Fiducial h: 0.676
# Forward-model pixellation : 0
# Rando n-bar: 0
# Boxsize: [1800.0, 3400.0, 1900.0]
# Grid: [261, 500, 276]
# k-binning: [0.000, 0.310, 0.005]
# Monte Carlo Simulations: 100
#
# Format: k | P0 | P2 | P4
############################################
0.0125	9.38582445e+04	1.03634729e+05	2.23573199e+04
0.0175	3.59716249e+04	2.29412665e+03	-4.18179742e+04
0.0225	8.11604872e+04	6.40871498e+04	5.53012219e+04
0.0275	3.92387255e+04	6.31682930e+03	3.20050853e+04
0.0325	5.23595004e+04	3.48692394e+04	3.69098373e+03
0.0375	4.39914331e+04	7.07092337e+03	-2.84458968e+03
0.0425	3.57862944e+04	1.81480768e+04	5.07375895e+03
0.0475	3.00371745e+04	1.49329879e+04	1.46798079e+04
0.0525	3.02875458e+04	1.00590139e+04	-6.32657999e+02
0.0575	3.04985903e+04	7.70416650e+03	-5.10951683e+03
0.0625	2.69046970e+04	1.83788202e+04	3.43693472e+03
0.0675	2.47917821e+04	7.23021672e+03	-1.69274299e+03
0.0725	2.40028548e+04	9.49220406e+03	-8.32318417e+02
0.0775	2.19430997e+04	1.06536053e+04	5.33963867e+03
0.0825	2.23576589e+04	9.37213733e+03	-2.08544179e+03
0.0875	1.71604009e+04	5.73963629e+03	3.20707083e+03
0.0925	1.75708263e+04	4.60927375e+03	1.23469661e+03
0.0975	1.44802732e+04	6.02745262e+03	1.33365923e+03
0.1025	1.57278797e+04	6.72538348e+03	4.73546580e+03
0.1075	1.26962722e+04	5.61255595e+03	1.84817257e+03
0.1125	1.25003518e+04	7.03281339e+03	9.36605251e+02
0.1175	1.22824325e+04	2.82120250e+03	9.36196351e+02
0.1225	1.12306927e+04	4.09385105e+03	7.12337343e+01
0.1275	1.17550137e+04	4.86089371e+03	-1.54410893e+02
0.1325	9.78638490e+03	2.55283098e+03	-9.38013977e+02
0.1375	9.62415522e+03	2.23523351e+03	-6.45719278e+02
0.1425	9.18580568e+03	4.01934649e+03	2.36571581e+02
0.1475	8.69342923e+03	3.80887830e+03	1.96100464e+03
0.1525	7.91879713e+03	1.81160854e+03	5.75636733e+02
0.1575	7.90295512e+03	3.28152256e+03	5.67564938e+02
0.1625	7.16845240e+03	2.36994225e+03	2.78836227e+02
0.1675	7.06601636e+03	1.94293569e+03	-2.14629534e+02
0.1725	6.62981482e+03	3.11931660e+03	1.49232325e+03
0.1775	6.23158869e+03	1.23090012e+03	-5.22422892e+02
0.1825	6.18917749e+03	1.51964739e+03	6.36467474e+02
0.1875	5.73286610e+03	1.95810385e+03	2.22226316e+02
0.1925	5.28763697e+03	1.24235506e+03	-8.61536231e+01
0.1975	5.51789675e+03	1.50763012e+03	2.69143073e+02
0.2025	4.96376483e+03	1.34317577e+03	-1.53039719e+01
0.2075	5.00811506e+03	9.85358385e+02	-2.76753995e+02
0.2125	4.63568583e+03	1.31135809e+03	7.33764435e+02
0.2175	4.56508410e+03	1.36339231e+03	1.84057311e+02
0.2225	4.33049033e+03	7.75367514e+02	-4.44831951e+01
0.2275	4.08854509e+03	8.98878363e+02	4.20263979e+02
0.2325	4.23295791e+03	7.88591093e+02	3.62929107e+02
0.2375	3.80878918e+03	3.17024496e+02	-3.81159207e+02
0.2425	3.77576203e+03	1.02370966e+03	9.18195717e+02
0.2475	3.58872037e+03	1.00633144e+03	-4.72943576e+01
0.2525	3.52039961e+03	1.19653537e+02	6.01375357e+02
0.2575	3.59284312e+03	7.69353783e+02	-7.90615808e+01
0.2625	3.10747724e+03	7.35521296e+02	-1.43764979e+02
0.2675	3.02238838e+03	4.14105985e+02	3.27680121e+02
0.2725	2.99988324e+03	7.20779466e+02	3.58118109e+02
0.2775	2.72354183e+03	6.18796572e+01	1.35372984e+02
0.2825	2.94312530e+03	9.13991339e+02	1.23716788e+02
0.2875	2.64395260e+03	1.13405730e+02	-8.06509956e+01
0.2925	2.55840612e+03	-1.75662329e+02	-1.22713448e+02
0.2975	2.85735827e+03	1.02207940e+03	4.37028355e+02
