####### Power Spectrum of Patchy Simulation 14 #############
# Patch: sgc
# z-type: z1
# Weights: fkp
# Fiducial Omega_m: 0.310
# Fiducial h: 0.676
# Forward-model pixellation : 0
# Rando n-bar: 0
# Boxsize: [1000.0, 1900.0, 1100.0]
# Grid: [146, 276, 161]
# k-binning: [0.000, 0.310, 0.005]
# Monte Carlo Simulations: 100
#
# Format: k | P0 | P2 | P4
############################################
0.0125	3.26526917e+04	-4.23552276e+04	-1.90418904e+04
0.0175	5.74000838e+04	7.18392637e+03	3.03777560e+04
0.0225	6.13279215e+04	4.29310753e+04	1.02236559e+04
0.0275	8.88433764e+04	1.26310871e+04	-2.86744340e+04
0.0325	3.84330720e+04	-2.01106660e+03	5.26642851e+03
0.0375	3.84345892e+04	3.68958423e+04	2.05162657e+04
0.0425	4.16017651e+04	2.82672214e+03	2.16807324e+04
0.0475	2.68436666e+04	2.31468762e+04	-2.00035119e+04
0.0525	3.66998928e+04	9.65021739e+03	1.14114041e+04
0.0575	2.83709506e+04	1.48105469e+04	-5.13968538e+03
0.0625	3.08895146e+04	-3.57480841e+03	-3.98122722e+03
0.0675	2.30121731e+04	1.25616188e+04	4.52246026e+03
0.0725	2.45567244e+04	-1.52008362e+03	2.72073049e+02
0.0775	2.69539491e+04	1.18453056e+04	4.25530603e+03
0.0825	2.23724592e+04	1.52636204e+03	3.84868068e+03
0.0875	2.04797596e+04	5.32251266e+03	-9.93349474e+03
0.0925	2.03470303e+04	9.85003381e+03	-5.95079990e+03
0.0975	1.65080656e+04	9.98556620e+03	-1.44903712e+03
0.1025	1.35608424e+04	4.46247283e+03	2.52324848e+03
0.1075	1.45336747e+04	7.47127017e+03	-1.29982858e+03
0.1125	1.24887237e+04	6.81874323e+03	1.54901719e+03
0.1175	1.39273772e+04	3.46098435e+03	-2.22750453e+03
0.1225	1.08914925e+04	3.02987076e+03	5.95559979e+02
0.1275	1.26192610e+04	6.90396321e+03	4.31628652e+03
0.1325	9.42319980e+03	1.45740398e+03	-4.31387237e+02
0.1375	9.64713988e+03	4.00884834e+03	3.53807216e+02
0.1425	9.68372612e+03	3.76935405e+03	-9.49893326e+02
0.1475	9.71385652e+03	4.15770059e+03	1.81639276e+03
0.1525	9.10183521e+03	1.90690866e+03	-1.27521336e+03
0.1575	8.25830131e+03	3.95283570e+03	-2.08867147e+02
0.1625	7.48964510e+03	1.27700672e+03	-1.43005332e+02
0.1675	7.78388010e+03	2.35091466e+03	-8.32446669e+02
0.1725	7.26660122e+03	2.80480985e+03	1.79840319e+03
0.1775	7.19998324e+03	2.62981289e+03	-2.35415006e+02
0.1825	6.11244786e+03	1.51723327e+03	1.36499636e+02
0.1875	6.82683938e+03	1.94470958e+03	-8.39108524e+01
0.1925	5.96813484e+03	1.38810993e+03	-5.23936302e+02
0.1975	6.30612347e+03	2.06604232e+03	1.84963458e+03
0.2025	5.30539429e+03	2.42895610e+03	-9.33228435e+02
0.2075	5.53012099e+03	9.68624969e+02	9.43847619e+02
0.2125	5.29100454e+03	1.10077560e+03	6.09209505e+02
0.2175	4.81986108e+03	1.39124168e+03	-1.25062556e+03
0.2225	4.65917825e+03	6.88509170e+02	2.21397757e+02
0.2275	4.91190337e+03	2.04526462e+03	2.50884412e+02
0.2325	3.88375838e+03	8.01402356e+02	-2.22291801e+02
0.2375	4.39980090e+03	6.52475008e+02	5.58991506e+02
0.2425	4.21971407e+03	6.25749621e+02	-4.30800304e+02
0.2475	3.87192982e+03	4.27611860e+02	-1.88359132e+02
0.2525	3.92567248e+03	2.26828602e+02	2.74265112e+02
0.2575	3.81881987e+03	7.83218142e+02	6.67474141e+02
0.2625	3.70042469e+03	1.05090589e+03	1.75080912e+02
0.2675	3.47761952e+03	-6.97465844e+01	1.27739711e+02
0.2725	3.35396594e+03	5.18086810e+02	5.54233983e+02
0.2775	3.43621397e+03	7.37667892e+02	5.83274494e+02
0.2825	3.39716817e+03	4.25456246e+02	3.21277661e+02
0.2875	3.11083752e+03	4.50905058e+01	1.78561197e+02
0.2925	2.94838515e+03	-2.99159989e+01	-2.23522658e+01
0.2975	2.93566323e+03	2.99697783e+02	2.59093668e+02
