####### Power Spectrum of Patchy Simulation 77 #############
# Patch: ngc
# z-type: z1
# Weights: fkp
# Fiducial Omega_m: 0.310
# Fiducial h: 0.676
# Forward-model pixellation : 0
# Rando n-bar: 0
# Boxsize: [1350.0, 2450.0, 1400.0]
# Grid: [193, 353, 200]
# k-binning: [0.000, 0.310, 0.005]
# Monte Carlo Simulations: 100
#
# Format: k | P0 | P2 | P4
############################################
0.0125	7.16207104e+04	1.21759386e+05	1.64354046e+05
0.0175	5.64470861e+04	2.94219716e+04	-1.09889110e+04
0.0225	7.65151875e+04	2.25562473e+04	-3.12585521e+04
0.0275	5.65723892e+04	3.46779487e+04	-3.63077290e+04
0.0325	5.18233166e+04	-3.73827045e+02	-1.99782850e+04
0.0375	4.59520148e+04	2.14759789e+04	-1.15191826e+03
0.0425	3.72484329e+04	1.64717249e+04	-4.84946581e+03
0.0475	3.75244679e+04	2.08212366e+04	-2.97873501e+03
0.0525	3.20337594e+04	1.22903483e+04	8.08453012e+02
0.0575	3.33148914e+04	3.87684595e+03	-6.91656023e+03
0.0625	2.96938400e+04	1.17718454e+04	-4.39959104e+03
0.0675	2.59105431e+04	1.28976764e+04	-3.76675799e+03
0.0725	2.63402564e+04	9.35661424e+03	-9.01847947e+02
0.0775	2.39441526e+04	9.22305085e+03	5.23312001e+03
0.0825	2.22526433e+04	5.46698343e+03	-2.01606420e+03
0.0875	1.93293124e+04	6.61774098e+03	-1.57225867e+03
0.0925	1.90040324e+04	7.26672029e+03	5.33731924e+02
0.0975	1.49296519e+04	4.00929162e+03	-5.64666259e+02
0.1025	1.51642735e+04	4.91689013e+03	-6.63394325e+02
0.1075	1.39238686e+04	4.46042135e+03	8.32617243e+01
0.1125	1.29742994e+04	3.68128932e+03	2.17145986e+03
0.1175	1.22535061e+04	5.41464375e+03	-7.00225389e+01
0.1225	1.22708925e+04	5.04454681e+03	1.27669261e+02
0.1275	1.02351820e+04	3.09723012e+03	8.81747383e+02
0.1325	1.13863857e+04	3.24521049e+03	-2.52821375e+02
0.1375	1.00594452e+04	2.12184021e+03	1.32869756e+03
0.1425	9.87011065e+03	4.53904973e+03	-2.37549899e+02
0.1475	9.28797958e+03	2.07699786e+03	-6.08415830e+02
0.1525	8.87534745e+03	2.87916418e+03	1.19935556e+03
0.1575	8.56362504e+03	2.41243172e+03	4.82715981e+02
0.1625	7.55972442e+03	1.54328245e+03	-2.94080999e+02
0.1675	7.23654006e+03	1.99141954e+03	-2.50474219e+02
0.1725	7.08610745e+03	2.04948758e+03	6.26825855e+02
0.1775	6.48511343e+03	1.45508392e+03	-5.98040181e+02
0.1825	6.43473851e+03	1.86561049e+03	-4.88516610e+02
0.1875	6.18314795e+03	1.74220778e+03	5.93509085e+02
0.1925	6.12567781e+03	1.60117735e+03	1.13329601e+03
0.1975	5.83532415e+03	2.04956334e+03	1.74509267e+02
0.2025	5.46184132e+03	1.42514880e+03	1.89315258e+02
0.2075	5.24104912e+03	6.49445939e+02	9.39463351e+01
0.2125	5.11225309e+03	1.77184998e+03	3.80705449e+02
0.2175	4.90068549e+03	8.90010823e+02	2.80561400e+02
0.2225	4.65463096e+03	1.17838363e+03	3.39893244e+02
0.2275	4.53815686e+03	6.60977435e+02	-1.54108025e+02
0.2325	4.36581067e+03	1.42103050e+03	2.69568259e+02
0.2375	4.06259458e+03	8.92304131e+02	1.03242535e+02
0.2425	4.19447407e+03	8.50711382e+02	4.58212374e+02
0.2475	3.73396648e+03	7.43798698e+02	1.53921357e+02
0.2525	3.83467837e+03	7.72431876e+02	-1.70932513e+01
0.2575	3.69969505e+03	2.49377853e+02	-3.91714455e+01
0.2625	3.45741711e+03	6.43450461e+02	2.51310375e+02
0.2675	3.46153094e+03	3.15278947e+02	-1.79775003e+02
0.2725	3.36152969e+03	2.58618884e+02	-1.83554717e+02
0.2775	3.22197150e+03	6.18571028e+02	2.82883250e+02
0.2825	3.12636705e+03	2.31206478e+02	3.48742694e+02
0.2875	2.98226748e+03	2.69239606e+02	2.12305500e+02
0.2925	2.95851925e+03	4.52558041e+02	2.32252636e+02
0.2975	2.88763781e+03	1.51311283e+02	2.37035053e+02
