####### Power Spectrum of Patchy Simulation 337 #############
# Patch: sgc
# z-type: z1
# Weights: fkp
# Fiducial Omega_m: 0.310
# Fiducial h: 0.676
# Forward-model pixellation : 0
# Rando n-bar: 0
# Boxsize: [1000.0, 1900.0, 1100.0]
# Grid: [146, 276, 161]
# k-binning: [0.000, 0.310, 0.005]
# Monte Carlo Simulations: 100
#
# Format: k | P0 | P2 | P4
############################################
0.0125	5.52153627e+04	6.46953641e+03	-1.23665415e+05
0.0175	1.02501959e+05	1.09360831e+04	-1.51749855e+03
0.0225	7.54737910e+04	1.25276873e+04	7.30779942e+04
0.0275	7.56419205e+04	4.23015051e+04	-7.06524148e+03
0.0325	5.45478587e+04	-3.89776961e+03	7.33069041e+03
0.0375	4.15221360e+04	1.71463933e+04	-2.28498231e+04
0.0425	3.77503133e+04	1.85088185e+04	-1.46706453e+04
0.0475	4.36272206e+04	2.47199673e+04	3.25209797e+04
0.0525	3.42112161e+04	1.00519979e+03	-1.53271195e+04
0.0575	2.81414055e+04	1.09249030e+04	-1.79776449e+04
0.0625	2.93569995e+04	6.09789465e+03	1.22991715e+03
0.0675	2.88988572e+04	8.30907551e+02	1.44545516e+02
0.0725	2.40704191e+04	1.46710156e+04	-5.61323982e+03
0.0775	2.53389470e+04	6.30988512e+03	6.48499002e+03
0.0825	2.07970667e+04	7.09475060e+03	3.52985723e+03
0.0875	1.84240026e+04	6.15569528e+03	4.66361050e+02
0.0925	1.90466754e+04	3.46005234e+03	-2.25155767e+03
0.0975	1.42801738e+04	7.03903723e+03	-2.57385953e+03
0.1025	1.53150182e+04	1.92439332e+03	-3.71610037e+01
0.1075	1.42855781e+04	4.41833154e+03	-1.28331632e+03
0.1125	1.27245344e+04	8.42691196e+03	5.05655782e+03
0.1175	1.34615767e+04	6.97570273e+03	2.56973398e+03
0.1225	1.14567192e+04	1.19009275e+03	-5.22806507e+02
0.1275	1.19784443e+04	6.02031515e+03	1.54390113e+03
0.1325	1.08528321e+04	1.00831171e+03	-1.55246845e+03
0.1375	1.06618135e+04	3.37613991e+03	-5.26531457e+02
0.1425	9.79077452e+03	9.08538747e+02	-1.83501687e+03
0.1475	8.86916726e+03	1.36162813e+03	7.30318943e+02
0.1525	8.38838843e+03	3.28689304e+03	2.39465241e+03
0.1575	8.51554631e+03	2.58896828e+03	-5.19981673e+02
0.1625	8.01252985e+03	2.43516203e+03	1.98985460e+02
0.1675	7.90372028e+03	2.55789989e+03	1.47745964e+02
0.1725	6.45764115e+03	1.29524835e+03	-8.48733207e+00
0.1775	6.65187268e+03	2.07145235e+03	2.68942867e+02
0.1825	7.11887624e+03	1.68247505e+03	-5.96225227e+02
0.1875	6.30026833e+03	1.10744313e+03	1.11304582e+03
0.1925	5.42059290e+03	2.10774005e+03	7.30166639e+01
0.1975	5.66303962e+03	1.41351223e+03	-3.01788220e+02
0.2025	5.16909406e+03	1.51533018e+03	7.89826476e+01
0.2075	5.66599100e+03	1.70506439e+03	-1.21543221e+02
0.2125	5.46990790e+03	4.68791082e+02	5.67167975e+02
0.2175	5.41610475e+03	1.41817265e+03	-2.09319581e+02
0.2225	4.55311519e+03	2.96072977e+02	-9.83506682e+01
0.2275	4.47286826e+03	9.69341176e+02	3.41425633e+02
0.2325	4.44924489e+03	1.98329733e+02	-7.94527846e+02
0.2375	4.33386021e+03	1.30492411e+03	6.16202175e+02
0.2425	4.03789137e+03	7.39975194e+02	5.09609998e+02
0.2475	4.02067999e+03	-7.72961650e+01	-1.13238753e+01
0.2525	3.49044500e+03	1.16026408e+03	-5.58105247e+01
0.2575	3.84694950e+03	-4.71087274e+02	3.76807107e+02
0.2625	3.45029774e+03	4.13647792e+02	1.85507239e+02
0.2675	3.46494532e+03	1.67216211e+02	9.38002143e+01
0.2725	3.24217927e+03	5.04284925e+01	4.94765694e+02
0.2775	3.13490224e+03	7.73392070e+01	3.18532726e+02
0.2825	3.07208484e+03	3.12926080e+01	8.58435516e+01
0.2875	3.28647628e+03	4.32151396e+02	2.20922582e+02
0.2925	2.98714228e+03	1.50759627e+02	-3.72875824e+02
0.2975	3.06764898e+03	1.41792234e+02	-1.48778256e+02
