####### Power Spectrum of Patchy Simulation 806 #############
# Patch: ngc
# z-type: z1
# Weights: fkp
# Fiducial Omega_m: 0.310
# Fiducial h: 0.676
# Forward-model pixellation : 0
# Rando n-bar: 0
# Boxsize: [1350.0, 2450.0, 1400.0]
# Grid: [193, 353, 200]
# k-binning: [0.000, 0.310, 0.005]
# Monte Carlo Simulations: 100
#
# Format: k | P0 | P2 | P4
############################################
0.0125	7.71446341e+04	-4.44043793e+04	-2.13175840e+04
0.0175	8.09280875e+04	4.22149250e+04	8.72967752e+03
0.0225	7.04463431e+04	4.27520198e+04	3.08652236e+03
0.0275	6.14638844e+04	3.43329251e+04	-6.84219490e+03
0.0325	4.98755852e+04	2.98054162e+04	2.02249205e+03
0.0375	4.28835781e+04	8.33151754e+03	5.15733629e+03
0.0425	4.07470390e+04	7.97372697e+03	-9.32008101e+02
0.0475	3.37452315e+04	1.26193610e+04	3.35366085e+03
0.0525	3.66353369e+04	1.14650776e+04	-3.69914063e+03
0.0575	3.09740576e+04	1.59839251e+04	2.48049110e+03
0.0625	2.82567752e+04	1.46397203e+04	4.55419666e+03
0.0675	2.66944598e+04	9.15791142e+03	-2.50205949e+03
0.0725	2.36953258e+04	1.06063760e+04	9.48431998e+02
0.0775	2.50122653e+04	8.79035510e+03	-9.89706190e+02
0.0825	2.15861933e+04	7.95833855e+03	1.96679476e+03
0.0875	2.01676072e+04	1.16691378e+04	-6.02290897e+02
0.0925	1.76177368e+04	6.51038373e+03	2.87441129e+02
0.0975	1.55577524e+04	8.01674401e+03	1.05073672e+02
0.1025	1.62374816e+04	5.30425902e+03	5.43698457e+02
0.1075	1.36327901e+04	5.04869591e+03	-6.04230546e+02
0.1125	1.28575614e+04	5.82192224e+03	-9.73836990e+02
0.1175	1.27862402e+04	4.09612595e+03	-1.41927781e+03
0.1225	1.16599413e+04	5.80011736e+03	5.85275757e+02
0.1275	1.18601284e+04	3.58126636e+03	4.52402753e+02
0.1325	1.05942579e+04	3.38528255e+03	3.10687185e+02
0.1375	1.00319904e+04	2.72204526e+03	7.30615973e+02
0.1425	1.01063953e+04	3.60523209e+03	-6.59737933e+02
0.1475	9.34169206e+03	2.39343177e+03	6.99017861e+02
0.1525	8.75212893e+03	3.12442022e+03	2.45405995e+02
0.1575	7.82364054e+03	2.41091573e+03	-4.70729570e+02
0.1625	7.64832088e+03	2.50347172e+03	1.14739201e+03
0.1675	7.50273609e+03	2.20480457e+03	1.92862954e+02
0.1725	6.90953885e+03	2.01471703e+03	-7.91998079e+02
0.1775	6.53065059e+03	1.54216407e+03	-7.48947630e+02
0.1825	6.74594459e+03	1.77096718e+03	4.02358480e+02
0.1875	6.31383140e+03	2.42087552e+03	3.42201154e+02
0.1925	5.80777244e+03	1.84112716e+03	-1.94774686e+01
0.1975	5.88787124e+03	2.05172609e+03	2.60678014e+02
0.2025	5.59944130e+03	1.39624574e+03	5.41360647e+01
0.2075	5.28541475e+03	1.51751876e+03	4.81563292e+02
0.2125	5.17562414e+03	1.37397431e+03	5.75879221e+01
0.2175	4.78870053e+03	1.52600701e+03	1.02196169e+03
0.2225	4.73648998e+03	8.73543725e+02	2.03138279e+02
0.2275	4.39788956e+03	6.44863717e+02	4.62823531e+02
0.2325	4.38643041e+03	8.03123947e+02	3.24772797e+01
0.2375	4.18034430e+03	1.27760978e+03	6.71313875e+01
0.2425	4.16518300e+03	8.63928535e+02	3.13321463e+02
0.2475	3.85302168e+03	9.59120438e+02	4.51702474e+01
0.2525	3.61944133e+03	-1.34589009e+01	1.20480638e+02
0.2575	3.81956613e+03	6.51490454e+02	2.69266168e+02
0.2625	3.38186628e+03	3.09384797e+02	-3.30050520e+01
0.2675	3.48642740e+03	3.93162888e+02	-3.98859639e+01
0.2725	3.28282231e+03	5.11071845e+02	5.29548298e+02
0.2775	3.16816858e+03	2.83759308e+02	1.26711491e+02
0.2825	3.19259980e+03	1.33730831e+02	3.05176148e+02
0.2875	3.00185351e+03	1.29176313e+02	1.89484706e+01
0.2925	2.92643953e+03	3.39478102e+02	2.36361627e+02
0.2975	2.82112752e+03	1.93650161e+02	4.13479921e+02
