####### Power Spectrum of Patchy Simulation 627 #############
# Patch: sgc
# z-type: z1
# Weights: fkp
# Fiducial Omega_m: 0.310
# Fiducial h: 0.676
# Forward-model pixellation : 0
# Rando n-bar: 0
# Boxsize: [1000.0, 1900.0, 1100.0]
# Grid: [146, 276, 161]
# k-binning: [0.000, 0.310, 0.005]
# Monte Carlo Simulations: 100
#
# Format: k | P0 | P2 | P4
############################################
0.0125	5.68351677e+04	6.02954656e+04	1.21372982e+05
0.0175	4.71108188e+04	4.32565880e+03	2.16519399e+04
0.0225	7.21993545e+04	-5.80614550e+03	-6.24703997e+04
0.0275	5.35402873e+04	-1.01017514e+04	-2.93585589e+04
0.0325	5.57361950e+04	-4.05981072e+02	-1.92996196e+03
0.0375	5.81743324e+04	3.74001280e+04	8.93468581e+03
0.0425	3.51432062e+04	1.68548564e+04	-2.06497644e+04
0.0475	4.13157371e+04	2.69000174e+04	-1.55510472e+04
0.0525	3.55280300e+04	5.24994774e+03	7.10457496e+03
0.0575	3.17180301e+04	1.38873961e+04	6.32440942e+03
0.0625	2.84442225e+04	1.53956876e+04	5.75994882e+03
0.0675	2.99801816e+04	2.28770257e+03	-5.47075618e+03
0.0725	2.66355476e+04	8.74201806e+03	4.35619306e+03
0.0775	2.50571379e+04	7.94621137e+03	9.04200640e+03
0.0825	2.25066333e+04	8.82543959e+03	3.32049189e+03
0.0875	1.72899058e+04	1.00682011e+04	-6.78016407e+03
0.0925	1.58956609e+04	2.85383628e+03	2.53621926e+03
0.0975	1.58678464e+04	7.15941352e+03	-3.18097380e+03
0.1025	1.52028192e+04	3.80427649e+02	-3.16424000e+03
0.1075	1.47734251e+04	4.42942091e+03	1.41258146e+03
0.1125	1.39310608e+04	7.80806774e+03	2.55999152e+03
0.1175	1.26075219e+04	5.58197100e+03	1.13324048e+03
0.1225	1.23612120e+04	2.63687391e+03	1.64995900e+03
0.1275	1.18239046e+04	5.02377107e+03	4.30175233e+03
0.1325	1.02736204e+04	3.91174816e+03	-3.02865808e+03
0.1375	1.09518614e+04	3.66723084e+03	3.29002778e+03
0.1425	1.02060921e+04	3.84844039e+03	1.99462624e+03
0.1475	1.00198841e+04	3.23867058e+03	-1.12884332e+03
0.1525	7.58486242e+03	3.00240114e+03	3.22290938e+03
0.1575	8.96446314e+03	2.31689446e+03	9.74898983e+02
0.1625	7.68018386e+03	2.75758428e+03	-5.44336450e+02
0.1675	7.45901017e+03	1.51522059e+03	1.79780966e+03
0.1725	7.35462440e+03	2.39180837e+03	-8.54682790e+02
0.1775	6.87296028e+03	1.33755470e+03	5.72660004e+02
0.1825	6.07860892e+03	2.93381786e+03	9.20680622e+02
0.1875	6.43928945e+03	1.14934617e+03	-1.05117380e+02
0.1925	5.67713632e+03	1.64771552e+03	5.11672185e+02
0.1975	6.12098415e+03	1.28702277e+03	4.80251528e+02
0.2025	5.44943953e+03	1.93354928e+03	6.34390254e+02
0.2075	5.64569139e+03	1.81067581e+03	4.13017274e+02
0.2125	5.12844433e+03	1.24312934e+03	-2.58507314e+02
0.2175	5.00265567e+03	1.28159138e+03	4.13985013e+02
0.2225	5.10781185e+03	8.79877863e+02	4.40939482e+02
0.2275	4.67982070e+03	1.00059760e+03	1.56967890e+02
0.2325	4.40107670e+03	1.05927712e+03	-5.28290312e+01
0.2375	4.04832018e+03	1.04849721e+03	9.85808582e+02
0.2425	4.11383573e+03	6.50889834e+02	1.84696087e+02
0.2475	4.03872271e+03	2.71176418e+02	-6.92695765e+02
0.2525	3.82502504e+03	9.03056766e+02	7.07431772e+02
0.2575	3.80721435e+03	1.02504464e+03	9.23847716e+02
0.2625	3.56434866e+03	5.40497897e+02	-2.04583731e+02
0.2675	3.44155525e+03	5.84809971e+02	4.81214765e+02
0.2725	3.39491981e+03	3.24947845e+02	5.96103329e+02
0.2775	3.27108711e+03	6.80761582e+02	-2.00996731e+02
0.2825	3.22762491e+03	1.07178439e+02	7.82103934e+02
0.2875	3.20605654e+03	3.88372212e+01	-2.68843364e+02
0.2925	3.26811894e+03	4.25678406e+02	5.92348028e+02
0.2975	2.73932669e+03	1.78005728e+02	-4.95614255e+02
