####### Power Spectrum of Patchy Simulation 663 #############
# Patch: ngc
# z-type: z3
# Weights: fkp
# Fiducial Omega_m: 0.310
# Fiducial h: 0.676
# Forward-model pixellation : 0
# Rando n-bar: 0
# Boxsize: [1800.0, 3400.0, 1900.0]
# Grid: [261, 500, 276]
# k-binning: [0.000, 0.310, 0.005]
# Monte Carlo Simulations: 100
#
# Format: k | P0 | P2 | P4
############################################
0.0125	5.82645473e+04	7.94222911e+04	4.96280427e+04
0.0175	7.82298378e+04	2.40380286e+04	4.15812089e+03
0.0225	5.78763615e+04	3.84797296e+03	-4.02851322e+04
0.0275	4.96674183e+04	2.36305589e+04	3.07478590e+04
0.0325	5.45561199e+04	3.93852032e+04	-2.18357609e+03
0.0375	3.94809548e+04	3.16307248e+03	-1.25656445e+03
0.0425	3.94569104e+04	2.30517733e+04	3.84516725e+03
0.0475	2.92367362e+04	1.89310390e+03	-6.12417831e+02
0.0525	3.52753691e+04	1.71228777e+04	-4.83645337e+03
0.0575	2.93019523e+04	1.15418256e+04	3.01817042e+03
0.0625	2.88603422e+04	8.17828206e+03	-6.37113595e+02
0.0675	2.64378372e+04	1.25190003e+04	-1.98453663e+03
0.0725	2.32236219e+04	1.21257185e+04	7.38656057e+02
0.0775	2.38112430e+04	6.15179724e+03	-3.23738364e+03
0.0825	1.91908583e+04	6.92652998e+03	8.30913160e+02
0.0875	1.93789497e+04	1.13677660e+04	-1.20506275e+03
0.0925	1.55537693e+04	1.56745059e+03	-4.68343504e+03
0.0975	1.67879739e+04	9.41177274e+03	4.05865401e+03
0.1025	1.34079397e+04	4.31785650e+03	-3.39692395e+03
0.1075	1.40734913e+04	3.20530870e+03	-4.25454746e+02
0.1125	1.24636184e+04	3.85803113e+03	2.56779282e+03
0.1175	1.30172817e+04	3.28806781e+03	4.66129438e+02
0.1225	1.10044501e+04	4.53905307e+03	4.85323753e+02
0.1275	1.08652730e+04	2.55296404e+03	7.10295823e+02
0.1325	1.02387801e+04	3.04274671e+03	-9.71252908e+02
0.1375	9.63208758e+03	2.81535332e+03	-5.88953241e+02
0.1425	9.07892126e+03	2.82251785e+03	3.98066067e+02
0.1475	8.97733148e+03	3.26246773e+03	-2.28862823e+01
0.1525	7.77970918e+03	3.37211977e+03	5.14930936e+02
0.1575	7.82503717e+03	2.21425485e+03	4.19120838e+02
0.1625	7.04681666e+03	1.62191653e+03	3.49113238e+02
0.1675	6.91132967e+03	3.29460657e+03	2.87533385e+02
0.1725	6.56850963e+03	1.71417383e+03	4.88053643e+01
0.1775	6.47780809e+03	2.93748566e+03	2.37617285e+02
0.1825	6.17622377e+03	1.69223586e+03	1.28284873e+02
0.1875	5.84046441e+03	1.41006926e+03	-4.45045907e+02
0.1925	5.82851249e+03	2.35608856e+03	8.10159331e+02
0.1975	5.49545896e+03	6.46342479e+02	-5.79151002e+02
0.2025	5.00882103e+03	1.06930961e+03	3.83901234e+02
0.2075	5.29762518e+03	1.99281956e+03	4.76100766e+02
0.2125	4.48962432e+03	6.31203854e+02	4.85858831e+02
0.2175	4.83065927e+03	1.80143464e+03	5.99718068e+02
0.2225	4.17337547e+03	7.13128906e+02	-3.22531678e+02
0.2275	4.27752225e+03	9.43541035e+02	2.65654056e+02
0.2325	4.27973351e+03	8.97826607e+02	-4.83614975e+02
0.2375	3.92942904e+03	9.71197008e+02	1.28445541e+02
0.2425	3.53728403e+03	9.68707809e+02	6.62484475e+02
0.2475	3.56681610e+03	7.78405402e+02	1.08569082e+02
0.2525	3.47349498e+03	7.99057476e+02	-1.66884370e+02
0.2575	3.17586043e+03	1.58530695e+02	6.66957810e+02
0.2625	3.34520337e+03	1.38724279e+03	7.38755644e+02
0.2675	3.18314005e+03	2.70239217e+01	-2.66379073e+02
0.2725	3.00375878e+03	6.67201732e+02	2.06259190e+02
0.2775	2.89630479e+03	1.33833185e+02	1.23721968e+02
0.2825	2.75470847e+03	3.77568697e+02	1.18141728e+01
0.2875	2.80624057e+03	5.68347205e+02	3.20822565e+02
0.2925	2.64315486e+03	-4.80575100e+01	3.66792431e+02
0.2975	2.71998498e+03	9.49716508e+02	7.54349183e+02
