####### Power Spectrum of Patchy Simulation 325 #############
# Patch: ngc
# z-type: z3
# Weights: fkp
# Fiducial Omega_m: 0.310
# Fiducial h: 0.676
# Forward-model pixellation : 0
# Rando n-bar: 0
# Boxsize: [1800.0, 3400.0, 1900.0]
# Grid: [261, 500, 276]
# k-binning: [0.000, 0.310, 0.005]
# Monte Carlo Simulations: 100
#
# Format: k | P0 | P2 | P4
############################################
0.0125	5.29778294e+04	1.56098657e+04	-1.08746568e+04
0.0175	4.79140500e+04	-7.06688355e+03	1.36025226e+04
0.0225	6.63651348e+04	5.60967632e+04	4.57271717e+04
0.0275	5.98862632e+04	3.21431869e+04	-1.14240008e+03
0.0325	5.54882340e+04	3.23875710e+04	1.97629854e+04
0.0375	4.63601872e+04	3.59215886e+04	-6.24577605e+03
0.0425	3.79037807e+04	1.23304538e+04	1.04445438e+03
0.0475	3.28840965e+04	1.09335852e+04	-1.82178804e+04
0.0525	3.12262375e+04	1.06843814e+04	8.37444912e+03
0.0575	3.08363998e+04	1.54324399e+04	1.17059595e+02
0.0625	2.59934159e+04	9.01723947e+03	-4.41652678e+03
0.0675	2.69423249e+04	6.98042635e+03	1.95439917e+03
0.0725	2.47080800e+04	1.12716211e+04	3.23000660e+03
0.0775	2.22458647e+04	8.45517141e+03	8.46928076e+02
0.0825	2.01214154e+04	1.11221991e+04	1.45270050e+03
0.0875	1.70146511e+04	4.49750256e+02	-5.24753027e+03
0.0925	1.68425474e+04	9.39357596e+03	3.11160852e+03
0.0975	1.61657791e+04	5.79146690e+03	2.73464923e+03
0.1025	1.44875461e+04	5.49445780e+03	6.83391735e+01
0.1075	1.32396260e+04	5.51220345e+03	2.86260121e+01
0.1125	1.34780429e+04	5.98490315e+03	3.12384128e+03
0.1175	1.18005864e+04	1.80044263e+03	-3.28933239e+03
0.1225	1.23974120e+04	6.63729308e+03	1.15799918e+02
0.1275	9.88810033e+03	1.46108756e+03	-9.59356289e+02
0.1325	1.02994488e+04	3.77372143e+03	-4.06631677e+02
0.1375	1.01037383e+04	3.35054008e+03	-4.35433012e+02
0.1425	9.26094896e+03	3.19320010e+03	4.07106400e+02
0.1475	8.23618931e+03	2.59538808e+03	-3.89776979e+01
0.1525	8.10608370e+03	2.28378025e+03	4.03636929e+02
0.1575	8.23795365e+03	3.53383051e+03	6.20392165e+02
0.1625	7.28788986e+03	2.45709474e+03	4.92686756e+02
0.1675	6.52523873e+03	2.12807192e+03	6.53681277e+02
0.1725	6.64294225e+03	2.19957078e+03	8.45603751e+02
0.1775	6.54968719e+03	2.51857809e+03	-9.78353040e+01
0.1825	6.05511086e+03	1.27957909e+03	-1.46478199e+01
0.1875	6.36712187e+03	3.25155587e+03	7.20195459e+02
0.1925	5.41274242e+03	4.62225360e+02	-9.70554620e+02
0.1975	5.40211031e+03	2.14622459e+03	-5.81621465e+01
0.2025	5.08812020e+03	6.61678887e+02	4.49423504e+02
0.2075	4.82589601e+03	1.01024092e+03	-1.29489551e+02
0.2125	4.69311721e+03	8.83852382e+02	6.14102264e+02
0.2175	4.55269786e+03	1.62883363e+03	8.41365019e+02
0.2225	4.48373088e+03	5.88454978e+02	-4.88341643e+02
0.2275	4.31734854e+03	1.03830059e+03	-2.47129152e+02
0.2325	4.06288701e+03	6.67079093e+02	2.83774056e+02
0.2375	3.92274763e+03	5.39638800e+02	-9.16293002e+01
0.2425	3.88616477e+03	8.82471302e+02	2.16994895e+02
0.2475	3.59375138e+03	9.85706045e+02	2.13387951e+02
0.2525	3.54615972e+03	3.69373245e+02	6.98085727e+01
0.2575	3.35452319e+03	3.55339250e+02	3.00405230e+02
0.2625	3.42136222e+03	1.35051277e+03	3.40237510e+02
0.2675	3.13272462e+03	2.03238911e+02	-8.04297308e+01
0.2725	3.00915880e+03	2.63511231e+02	-9.05644760e+01
0.2775	3.06759443e+03	5.97986643e+02	5.21164424e+02
0.2825	2.64903057e+03	1.85867060e+02	-2.60826741e+02
0.2875	2.69599680e+03	5.11409983e+02	8.34481874e+01
0.2925	2.76997651e+03	3.62803940e+02	4.95130503e+02
0.2975	2.65478082e+03	4.92909663e+02	7.20555399e-02
