####### Power Spectrum of Patchy Simulation 207 #############
# Patch: ngc
# z-type: z1
# Weights: fkp
# Fiducial Omega_m: 0.310
# Fiducial h: 0.676
# Forward-model pixellation : 0
# Rando n-bar: 0
# Boxsize: [1350.0, 2450.0, 1400.0]
# Grid: [193, 353, 200]
# k-binning: [0.000, 0.310, 0.005]
# Monte Carlo Simulations: 100
#
# Format: k | P0 | P2 | P4
############################################
0.0125	4.90104493e+04	1.58902399e+04	3.20787294e+04
0.0175	6.87563334e+04	3.17689371e+04	2.80264581e+04
0.0225	5.27011968e+04	1.06074880e+04	1.07418505e+04
0.0275	7.04474316e+04	1.70961248e+03	1.47068797e+04
0.0325	4.35943990e+04	1.53174384e+04	-4.54894233e+03
0.0375	4.80270850e+04	1.79299163e+04	-5.52955435e+03
0.0425	3.66167640e+04	9.85058611e+03	1.05420057e+04
0.0475	3.47793709e+04	2.04742752e+04	5.50815916e+03
0.0525	3.26918219e+04	1.75678830e+04	1.51846436e+03
0.0575	3.14386478e+04	9.54077839e+03	-3.21845778e+03
0.0625	2.73635261e+04	9.78772607e+03	-1.57360963e+03
0.0675	2.87835676e+04	8.21185332e+03	5.28729063e+03
0.0725	2.36589777e+04	6.10545994e+03	-4.46066008e+03
0.0775	2.21055328e+04	6.76410933e+03	-8.43252111e+01
0.0825	2.27233084e+04	9.19767634e+03	2.08339900e+02
0.0875	1.89972775e+04	7.65579411e+03	3.62963198e+03
0.0925	1.72006512e+04	4.73709088e+03	2.94109748e+03
0.0975	1.62298344e+04	4.16596585e+03	-3.62774343e+02
0.1025	1.42306689e+04	5.72370721e+03	2.66426562e+03
0.1075	1.40664307e+04	5.03604338e+03	3.64595410e+03
0.1125	1.43026663e+04	4.95071429e+03	1.13457346e+03
0.1175	1.22405308e+04	3.47377177e+03	-9.11284997e+02
0.1225	1.22372770e+04	2.41012874e+03	1.09437066e+02
0.1275	1.15068025e+04	4.56843794e+03	-1.40332170e+02
0.1325	1.10014384e+04	2.22760726e+03	3.89542896e+02
0.1375	9.97447629e+03	3.92752456e+03	-3.82110190e+02
0.1425	9.57361665e+03	3.40485424e+03	6.22403926e+01
0.1475	9.58211156e+03	3.95544012e+03	6.31816760e+02
0.1525	8.34558503e+03	1.80491238e+03	1.57303898e+03
0.1575	7.93703422e+03	2.28558934e+03	1.06755364e+03
0.1625	7.48705200e+03	1.51457432e+03	-2.43527166e+02
0.1675	7.41565297e+03	1.85713976e+03	-7.80565910e+02
0.1725	6.70407947e+03	2.69328831e+03	1.04446140e+03
0.1775	6.62442931e+03	2.41566884e+03	-5.16951171e+02
0.1825	6.35037155e+03	1.65718681e+03	-3.17624012e+01
0.1875	6.14732980e+03	2.13585303e+03	-2.41975906e+02
0.1925	5.85501298e+03	1.55178223e+03	7.16076508e+01
0.1975	5.96814188e+03	1.60405433e+03	4.61270640e+02
0.2025	5.40976407e+03	1.95759229e+03	4.39469884e+02
0.2075	5.33016853e+03	1.12959466e+03	-4.56570728e+00
0.2125	5.04903987e+03	1.04083766e+03	7.80477221e+02
0.2175	4.75638885e+03	1.25932089e+03	7.51029533e+02
0.2225	4.59882891e+03	8.78217927e+02	-1.78388418e+02
0.2275	4.54447360e+03	8.78457775e+02	6.32063645e+01
0.2325	4.27580998e+03	9.41143556e+02	1.96179446e+01
0.2375	4.19602652e+03	6.40376983e+02	-1.87533008e+02
0.2425	4.23954445e+03	7.99977041e+02	1.16307934e+02
0.2475	3.81676662e+03	1.00752935e+03	1.48243980e+02
0.2525	3.82979059e+03	5.07476275e+02	1.84040524e+02
0.2575	3.66368155e+03	4.80775353e+02	6.22348115e+02
0.2625	3.50370928e+03	5.21325627e+02	1.98643185e+02
0.2675	3.43093118e+03	5.48239293e+02	2.20739358e+02
0.2725	3.32594212e+03	4.42545815e+02	2.91486883e+02
0.2775	3.16327674e+03	4.14522397e+02	3.54284820e+02
0.2825	3.14120981e+03	3.88012187e+02	1.97427422e+02
0.2875	2.98761108e+03	-1.35408807e+01	4.03533733e+01
0.2925	2.98637720e+03	3.45820885e+02	1.19217062e+02
0.2975	2.75871714e+03	1.56744108e+02	2.03306608e+02
