####### Power Spectrum of Patchy Simulation 133 #############
# Patch: sgc
# z-type: z1
# Weights: fkp
# Fiducial Omega_m: 0.310
# Fiducial h: 0.676
# Forward-model pixellation : 0
# Rando n-bar: 0
# Boxsize: [1000.0, 1900.0, 1100.0]
# Grid: [146, 276, 161]
# k-binning: [0.000, 0.310, 0.005]
# Monte Carlo Simulations: 100
#
# Format: k | P0 | P2 | P4
############################################
0.0125	1.02343176e+05	-6.83734623e+04	4.40259883e+04
0.0175	6.42880373e+04	1.02173197e+05	-5.48513221e+04
0.0225	7.27736880e+04	3.64681778e+04	-2.16815184e+04
0.0275	4.54122632e+04	-2.84659862e+03	3.27919611e+04
0.0325	6.11489907e+04	1.80259935e+04	4.12973946e+04
0.0375	5.73303703e+04	-1.57693843e+04	-2.41551160e+04
0.0425	3.31214373e+04	1.47698478e+04	6.95336528e+03
0.0475	2.80268472e+04	-3.83602480e+03	-3.94017137e+03
0.0525	3.53964159e+04	2.39694963e+04	6.13960228e+03
0.0575	3.02634840e+04	1.32084078e+04	1.13613651e+01
0.0625	3.13063516e+04	2.10072106e+04	2.71379403e+04
0.0675	2.65251398e+04	-1.45463582e+02	-2.04611667e+04
0.0725	2.63098904e+04	1.09561539e+04	5.87667831e+03
0.0775	2.35559568e+04	7.68969986e+03	3.93352831e+03
0.0825	2.02806139e+04	4.04573965e+03	3.44854500e+02
0.0875	1.85606078e+04	1.41938222e+03	-3.26372996e+03
0.0925	1.75768139e+04	1.06775404e+04	3.17939133e+03
0.0975	1.56736304e+04	4.97914539e+03	1.33560546e+03
0.1025	1.43893871e+04	4.08236786e+03	8.20062102e+02
0.1075	1.29372419e+04	2.74318287e+03	1.20366131e+03
0.1125	1.34127872e+04	4.43946774e+03	7.20660187e+02
0.1175	1.22680887e+04	2.65229189e+03	3.65007737e+02
0.1225	1.18489136e+04	5.14655352e+03	-3.79183330e+03
0.1275	1.10375968e+04	2.93886801e+03	3.36362656e+03
0.1325	1.07561708e+04	3.24956176e+03	3.47053511e+02
0.1375	9.50940391e+03	1.95354750e+03	1.57121753e+03
0.1425	9.09606486e+03	3.68068152e+03	-4.59272308e+02
0.1475	9.85213976e+03	2.41345738e+03	1.44248970e+03
0.1525	8.58439818e+03	2.48397896e+03	-1.70195750e+02
0.1575	7.92592438e+03	2.18653889e+03	1.74429778e+02
0.1625	7.75035267e+03	7.69979835e+02	7.00151131e+01
0.1675	7.68631060e+03	2.44848442e+03	6.89035782e+02
0.1725	7.68876385e+03	1.93078000e+03	1.55471511e+03
0.1775	6.40732833e+03	2.41653271e+03	-1.61913646e+03
0.1825	6.54577232e+03	6.73358301e+02	8.60984536e+00
0.1875	6.74790389e+03	6.43605564e+02	-8.58853130e+02
0.1925	6.28252218e+03	1.97352505e+03	-2.43033881e+02
0.1975	5.81111290e+03	1.13716138e+03	2.45250837e+02
0.2025	5.57573114e+03	5.74250180e+02	1.86602701e+03
0.2075	5.14296578e+03	1.51961766e+03	1.49204400e+03
0.2125	5.15768408e+03	5.01963281e+02	-1.93543380e+02
0.2175	4.73648735e+03	1.09814063e+03	3.60143126e+02
0.2225	4.62661671e+03	6.44053529e+02	-8.82817085e+01
0.2275	4.69618783e+03	1.40024204e+03	5.83429832e+02
0.2325	4.48151254e+03	1.13308150e+03	-6.67796957e+01
0.2375	4.32019534e+03	6.85020044e+02	6.38482427e+02
0.2425	3.82418491e+03	8.70971844e+02	1.18390251e+02
0.2475	4.16376953e+03	5.72573619e+02	-8.05678534e+02
0.2525	3.82018519e+03	7.59988776e+02	7.29123860e+02
0.2575	3.80190222e+03	-9.83045595e+01	3.14130171e+02
0.2625	3.47638645e+03	8.32669126e+02	-2.30955124e+02
0.2675	3.42478528e+03	-5.56273032e+01	1.51024878e+02
0.2725	3.18774172e+03	1.11684449e+02	-2.66158499e+02
0.2775	2.92708935e+03	4.00607200e+02	1.40143472e+02
0.2825	2.97546860e+03	2.42864056e+02	5.09840274e+02
0.2875	3.09242236e+03	7.77108592e+00	1.21435604e+03
0.2925	2.89879521e+03	3.55777656e+02	-8.33859759e+01
0.2975	2.92169983e+03	-8.65625292e+01	-1.76946046e+01
