####### Power Spectrum of Patchy Simulation 292 #############
# Patch: ngc
# z-type: z1
# Weights: fkp
# Fiducial Omega_m: 0.310
# Fiducial h: 0.676
# Forward-model pixellation : 0
# Rando n-bar: 0
# Boxsize: [1350.0, 2450.0, 1400.0]
# Grid: [193, 353, 200]
# k-binning: [0.000, 0.310, 0.005]
# Monte Carlo Simulations: 100
#
# Format: k | P0 | P2 | P4
############################################
0.0125	8.06569579e+04	3.27184118e+04	2.09541358e+04
0.0175	7.38886792e+04	1.91190239e+03	-1.05599993e+04
0.0225	4.90302837e+04	-2.70372843e+03	-3.12569691e+04
0.0275	7.46148149e+04	4.44467045e+04	-1.89363890e+04
0.0325	4.85198999e+04	1.57799809e+04	6.87825129e+03
0.0375	4.78426503e+04	6.78452501e+03	-1.55784667e+04
0.0425	2.91636674e+04	1.05766349e+04	-7.59820723e+03
0.0475	4.24101265e+04	1.40636226e+04	-7.85699995e+03
0.0525	3.21195002e+04	1.85021843e+04	1.00462699e+02
0.0575	2.84282648e+04	5.72768159e+03	-5.20128492e+03
0.0625	2.89930455e+04	1.25871729e+04	7.19921861e+02
0.0675	2.99346503e+04	1.84579918e+04	2.74033907e+03
0.0725	2.59711873e+04	1.34780830e+04	3.54565308e+03
0.0775	2.35198422e+04	4.81345868e+03	-1.85607296e+03
0.0825	2.16217353e+04	5.25912524e+03	2.99430933e+03
0.0875	1.97755700e+04	3.62738113e+03	-3.62337128e+03
0.0925	1.79806058e+04	9.98760146e+03	-1.90663202e+03
0.0975	1.66274973e+04	8.01724219e+03	3.48851768e+01
0.1025	1.45352717e+04	5.44557584e+03	1.40525353e+02
0.1075	1.39543256e+04	4.20499017e+03	6.70346320e+02
0.1125	1.36700918e+04	5.28808834e+03	1.52052084e+02
0.1175	1.25442191e+04	3.24969475e+03	5.88910606e+02
0.1225	1.17909151e+04	3.19789281e+03	5.73079668e+02
0.1275	1.16748229e+04	5.76926180e+03	-1.29570324e+03
0.1325	1.06510431e+04	4.89772941e+03	2.33445783e+03
0.1375	1.11643458e+04	4.22325967e+03	4.89606402e+02
0.1425	9.54201514e+03	3.04644809e+03	5.99204199e+02
0.1475	8.90106869e+03	1.85477243e+03	-1.11964228e+03
0.1525	8.67277283e+03	2.45562416e+03	-2.96411978e+02
0.1575	8.67070044e+03	3.20212005e+03	-1.48694041e+02
0.1625	7.48580046e+03	1.78853706e+03	-4.26761383e+02
0.1675	7.26861146e+03	2.76558776e+03	4.64225091e+02
0.1725	6.97728998e+03	1.91385114e+03	6.92862795e+02
0.1775	6.75689415e+03	2.35979854e+03	5.48942600e+02
0.1825	6.49651179e+03	2.22053493e+03	3.39641107e+02
0.1875	6.42757112e+03	1.25595072e+03	-5.71561002e+02
0.1925	6.22968339e+03	1.66427981e+03	6.53639654e+02
0.1975	6.08968479e+03	8.74366139e+02	-1.66770905e+02
0.2025	5.53555018e+03	1.35847524e+03	1.57048319e+02
0.2075	5.28377472e+03	8.37718263e+02	5.45877955e+02
0.2125	5.07442416e+03	1.68799712e+03	4.82445743e+02
0.2175	4.98381560e+03	1.46879480e+03	6.03782646e+01
0.2225	4.65411456e+03	1.85697689e+03	3.65567590e+02
0.2275	4.72638421e+03	1.16923448e+03	2.23883732e+02
0.2325	4.21406637e+03	2.97796776e+02	1.46169455e+02
0.2375	4.29799316e+03	6.62499943e+02	6.16363174e+01
0.2425	3.91815980e+03	9.55651569e+02	-2.81435864e+02
0.2475	3.90370371e+03	8.82573321e+02	-9.01022980e+01
0.2525	3.72496640e+03	6.68153493e+02	3.51290710e+02
0.2575	3.55868482e+03	4.92985934e+02	1.71585641e+01
0.2625	3.60227004e+03	8.15749938e+02	2.53315457e+02
0.2675	3.43022702e+03	5.85387945e+02	4.18671003e+02
0.2725	3.24709936e+03	3.58969505e+02	-8.38904072e+01
0.2775	3.14988628e+03	3.42024926e+02	7.40533763e+01
0.2825	3.14438931e+03	4.57268201e+02	5.14764668e+02
0.2875	2.85595984e+03	3.10616189e+02	-2.83888855e+01
0.2925	2.94079266e+03	3.85362058e+02	6.62200726e+01
0.2975	2.82517831e+03	3.15161117e+02	4.55907172e+02
