####### Power Spectrum of Patchy Simulation 649 #############
# Patch: ngc
# z-type: z3
# Weights: fkp
# Fiducial Omega_m: 0.310
# Fiducial h: 0.676
# Forward-model pixellation : 0
# Rando n-bar: 0
# Boxsize: [1800.0, 3400.0, 1900.0]
# Grid: [261, 500, 276]
# k-binning: [0.000, 0.310, 0.005]
# Monte Carlo Simulations: 100
#
# Format: k | P0 | P2 | P4
############################################
0.0125	7.38266689e+04	3.23967283e+04	6.60607431e+03
0.0175	4.99397858e+04	-8.01629107e+03	-1.05481737e+03
0.0225	6.82168634e+04	9.28304634e+04	4.26033546e+04
0.0275	4.59541130e+04	1.04367674e+04	-1.17285157e+04
0.0325	4.80848318e+04	1.46869642e+04	1.25558011e+04
0.0375	4.94099134e+04	4.13493688e+04	1.56098145e+04
0.0425	3.57301620e+04	1.19566453e+04	-5.58475738e+02
0.0475	3.70531944e+04	2.82173365e+04	7.35976093e+03
0.0525	2.91666560e+04	6.44319163e+03	-7.24837912e+03
0.0575	3.03632236e+04	3.69894337e+03	-7.28097993e+03
0.0625	2.74807235e+04	1.88203495e+04	1.15516923e+04
0.0675	2.56879100e+04	7.63646046e+03	-6.14612531e+03
0.0725	2.51593256e+04	1.56472713e+04	6.88529865e+03
0.0775	2.19416809e+04	4.38925508e+03	-1.75893936e+03
0.0825	2.10385559e+04	1.09375429e+04	9.82715857e+02
0.0875	1.90619964e+04	9.86223086e+03	5.27709043e+03
0.0925	1.62683065e+04	4.10671441e+03	1.92024008e+02
0.0975	1.59101281e+04	8.63240165e+03	4.95831133e+03
0.1025	1.36369822e+04	2.92304225e+03	-1.34234982e+03
0.1075	1.37059758e+04	4.75684521e+03	1.50520400e+03
0.1125	1.26831147e+04	4.26983492e+03	3.57707896e+02
0.1175	1.21147380e+04	4.09756236e+03	4.48273052e+02
0.1225	1.17682966e+04	5.09085531e+03	7.06295377e+02
0.1275	1.05004156e+04	3.13716993e+03	-5.68391762e+02
0.1325	1.05329295e+04	3.16530855e+03	-7.47943739e+02
0.1375	9.57837799e+03	2.28001277e+03	2.84444150e+02
0.1425	9.31669712e+03	3.56658615e+03	1.52679034e+03
0.1475	8.76751011e+03	2.40431746e+03	-6.98632904e+02
0.1525	8.10082704e+03	3.60251776e+03	2.21436840e+02
0.1575	7.62420574e+03	2.77720860e+03	-1.95158941e+02
0.1625	7.36216354e+03	3.12257108e+03	3.73201731e+02
0.1675	6.64787947e+03	1.08028394e+03	-5.71360098e+02
0.1725	6.82432969e+03	1.49465698e+03	3.07037964e+02
0.1775	6.27590430e+03	1.97502370e+03	1.17417023e+03
0.1825	6.57241687e+03	2.60804210e+03	1.91395556e+02
0.1875	5.66250104e+03	1.33386489e+03	-3.10940694e+01
0.1925	5.92401118e+03	2.13783924e+03	5.00130808e+02
0.1975	5.41087516e+03	1.49120859e+03	5.36064273e+01
0.2025	5.43832146e+03	1.61501104e+03	5.14742212e+02
0.2075	5.24006206e+03	2.02526705e+03	3.35161661e+02
0.2125	4.39613925e+03	6.41097710e+02	2.29717929e+01
0.2175	4.83449849e+03	2.10260188e+03	9.26878149e+02
0.2225	4.08446597e+03	9.08656226e+02	-3.43786656e+02
0.2275	4.34282035e+03	6.11149384e+02	2.16756624e+02
0.2325	3.90192492e+03	5.75110859e+02	3.92147619e+01
0.2375	3.98008076e+03	1.08009779e+03	8.43433207e+02
0.2425	3.87568580e+03	8.91741740e+02	-1.03010113e+02
0.2475	3.68747362e+03	8.89701634e+02	8.73531001e+01
0.2525	3.31404692e+03	7.22075287e+02	1.81110947e+02
0.2575	3.48756398e+03	8.94407746e+02	5.92416272e+01
0.2625	3.20003574e+03	6.56898161e+02	4.24581886e+02
0.2675	3.03099917e+03	1.65953491e+02	2.03162995e+01
0.2725	3.04938919e+03	8.83890772e+02	8.06182275e+02
0.2775	3.01207293e+03	3.45254071e+02	9.87057796e+01
0.2825	2.83067069e+03	7.32850730e+02	5.69369847e+02
0.2875	2.89034865e+03	2.34322037e+02	2.98654378e+02
0.2925	2.60783264e+03	-7.26225983e+00	-2.41157411e+00
0.2975	2.75325212e+03	6.05440614e+02	1.08942305e+02
