####### Power Spectrum of Patchy Simulation 951 #############
# Patch: ngc
# z-type: z3
# Weights: fkp
# Fiducial Omega_m: 0.310
# Fiducial h: 0.676
# Forward-model pixellation : 0
# Rando n-bar: 0
# Boxsize: [1800.0, 3400.0, 1900.0]
# Grid: [261, 500, 276]
# k-binning: [0.000, 0.310, 0.005]
# Monte Carlo Simulations: 100
#
# Format: k | P0 | P2 | P4
############################################
0.0125	7.04394238e+04	5.93310565e+04	-2.31419112e+04
0.0175	7.71971737e+04	3.76551444e+04	1.89309160e+04
0.0225	6.16906704e+04	8.91212322e+03	-2.81420608e+04
0.0275	6.48292179e+04	6.33122344e+04	2.75395008e+04
0.0325	3.98148802e+04	-6.49038311e+03	-1.69284752e+04
0.0375	5.02566709e+04	3.54497013e+04	7.53607123e+03
0.0425	3.60372555e+04	8.96685932e+02	9.66656037e+02
0.0475	3.49896801e+04	1.85896433e+04	1.59562332e+03
0.0525	3.24831479e+04	1.64495479e+04	-8.84858840e+03
0.0575	2.75308821e+04	1.15949921e+04	3.40268654e+03
0.0625	2.93568437e+04	1.13494689e+04	-1.51666571e+03
0.0675	2.49198123e+04	7.49956808e+03	3.49309282e+02
0.0725	2.70228243e+04	1.78409843e+04	1.04884668e+04
0.0775	2.09153398e+04	6.41275821e+03	-8.35287277e+02
0.0825	2.27711008e+04	1.52622488e+04	1.38546182e+03
0.0875	1.70065476e+04	4.23185711e+03	-1.90618825e+03
0.0925	1.73956425e+04	7.96203302e+03	-1.02257850e+03
0.0975	1.58980076e+04	4.62791660e+03	2.30866973e+02
0.1025	1.42374173e+04	8.46264010e+03	1.14217358e+02
0.1075	1.28759388e+04	2.21409837e+03	2.05858801e+02
0.1125	1.34569270e+04	8.31785645e+03	2.02399496e+03
0.1175	1.23559544e+04	3.62648238e+03	-1.45448796e+03
0.1225	1.13885012e+04	4.06134748e+03	3.65274500e+02
0.1275	1.10957181e+04	4.22794159e+03	1.53797427e+03
0.1325	1.03962470e+04	3.74766540e+03	-7.77252390e+02
0.1375	9.97558658e+03	3.41803017e+03	2.78464325e+03
0.1425	8.72806624e+03	4.44725343e+03	1.13916701e+03
0.1475	9.29265066e+03	3.25099479e+03	-1.06717861e+03
0.1525	8.31269424e+03	3.11506271e+03	1.28729608e+03
0.1575	8.00271836e+03	3.44871095e+03	9.55917928e+02
0.1625	7.34234289e+03	2.76491814e+03	1.32197959e+02
0.1675	6.71849696e+03	1.72827934e+03	9.10631866e+02
0.1725	6.64328061e+03	2.89471460e+03	3.57262234e+02
0.1775	6.22758147e+03	5.28305284e+02	-7.65435931e+02
0.1825	6.10994220e+03	2.24092402e+03	1.76924381e+03
0.1875	6.51344977e+03	2.24197578e+03	5.91360792e+02
0.1925	5.34836340e+03	1.32910875e+03	-2.05779830e+02
0.1975	5.64215637e+03	2.46744490e+03	3.79079758e+02
0.2025	5.17113636e+03	1.88430151e+03	1.66625161e+03
0.2075	5.00280789e+03	7.74234271e+02	-4.31683450e+02
0.2125	4.67708954e+03	9.55640000e+02	3.38348921e+02
0.2175	4.88056869e+03	1.16403219e+03	9.46732075e+02
0.2225	4.06837696e+03	9.01239496e+02	-2.57077318e+02
0.2275	4.51097732e+03	1.15872445e+03	3.19694572e+02
0.2325	4.02518587e+03	8.33934945e+02	-1.47334195e+02
0.2375	3.88426165e+03	6.72852526e+02	3.35302187e+02
0.2425	3.76476235e+03	1.11582101e+03	9.16947697e+02
0.2475	3.57220653e+03	9.37481556e+02	2.14503842e+02
0.2525	3.66836514e+03	2.94487451e+02	-1.36180773e+02
0.2575	3.39991532e+03	8.51553211e+02	6.80200509e+02
0.2625	3.44554143e+03	4.25069624e+02	2.55069968e+02
0.2675	3.22563295e+03	2.42928894e+02	-7.03815799e+01
0.2725	2.99464853e+03	4.83263708e+02	1.09428678e+02
0.2775	2.89077107e+03	3.88558979e+02	3.26752071e+02
0.2825	2.94497443e+03	9.02580488e+01	2.39687121e+02
0.2875	2.70431752e+03	3.47419691e+02	1.80393875e+02
0.2925	2.64430422e+03	-4.27845972e+01	6.08281653e+01
0.2975	2.67201731e+03	6.42232397e+02	8.40991510e+02
