####### Power Spectrum of Patchy Simulation 318 #############
# Patch: sgc
# z-type: z3
# Weights: fkp
# Fiducial Omega_m: 0.310
# Fiducial h: 0.676
# Forward-model pixellation : 0
# Rando n-bar: 0
# Boxsize: [1000.0, 2600.0, 1500.0]
# Grid: [146, 384, 215]
# k-binning: [0.000, 0.310, 0.005]
# Monte Carlo Simulations: 100
#
# Format: k | P0 | P2 | P4
############################################
0.0125	4.38268349e+04	-1.15861260e+04	1.37801599e+05
0.0175	1.03212998e+05	1.38951238e+05	3.58241855e+04
0.0225	7.51266538e+04	3.53818214e+03	2.69388176e+04
0.0275	5.14987642e+04	1.33772129e+04	1.06182207e+05
0.0325	5.84315301e+04	6.04697307e+04	4.78239467e+03
0.0375	3.73523568e+04	2.01059618e+04	3.11991295e+03
0.0425	3.20900564e+04	1.65580766e+04	-3.71337269e+03
0.0475	3.46829693e+04	1.19355268e+04	1.64216266e+04
0.0525	2.76508654e+04	4.03115419e+03	-1.01445441e+04
0.0575	3.44248680e+04	4.30629068e+03	2.63704667e+03
0.0625	2.72845488e+04	6.61557809e+03	-1.69950172e+04
0.0675	2.74293142e+04	1.35007408e+04	3.65870587e+03
0.0725	2.32607856e+04	3.92624352e+03	-5.03262137e+03
0.0775	2.41181508e+04	1.09871125e+04	4.44209720e+03
0.0825	2.20318599e+04	1.58786605e+04	5.92299890e+03
0.0875	1.89787739e+04	3.53179277e+02	-4.26464800e+03
0.0925	1.78614625e+04	5.25305588e+03	-2.71145113e+03
0.0975	1.58659831e+04	2.36858073e+03	-5.35455113e+03
0.1025	1.47786374e+04	4.76138355e+03	-1.94241880e+03
0.1075	1.32481786e+04	4.19236963e+03	1.67502719e+03
0.1125	1.32985118e+04	5.62235873e+03	-2.55423219e+03
0.1175	1.27348005e+04	4.09710038e+03	1.57491674e+03
0.1225	1.22458178e+04	5.53251557e+03	5.55632686e+02
0.1275	1.17349487e+04	4.85218306e+03	2.78290827e+03
0.1325	1.07543093e+04	4.59654672e+03	-1.66117574e+02
0.1375	1.04365653e+04	1.29638339e+03	-3.78221661e+02
0.1425	9.12773222e+03	2.84479174e+03	-4.40677675e+02
0.1475	9.12465502e+03	3.37720673e+03	1.05453118e+03
0.1525	8.63337126e+03	1.75903301e+03	8.28555393e+01
0.1575	7.19263431e+03	2.90174408e+03	-2.29252165e+02
0.1625	7.55034153e+03	2.81983856e+03	1.37863868e+03
0.1675	6.91905759e+03	7.65624081e+02	-2.33539668e+03
0.1725	6.73851326e+03	2.73797129e+03	2.94191161e+03
0.1775	6.75292606e+03	1.37903265e+03	-9.22415985e+02
0.1825	6.50444472e+03	2.29194685e+03	1.16036122e+03
0.1875	6.35416688e+03	2.37440876e+03	-3.46330093e+02
0.1925	5.82510025e+03	4.75518845e+02	-3.26479775e+02
0.1975	5.83200132e+03	1.85353955e+03	2.00954459e+01
0.2025	5.68618284e+03	1.71192342e+03	3.66931856e+02
0.2075	4.93683859e+03	8.62134668e+02	7.54213769e+02
0.2125	5.25526803e+03	1.56902208e+03	2.91287648e+02
0.2175	5.08726490e+03	9.53948903e+02	2.16442054e+02
0.2225	4.32110140e+03	-3.75273660e+01	8.86623036e+02
0.2275	4.25807527e+03	1.46461828e+03	-1.06958023e+03
0.2325	4.34071108e+03	1.04041334e+03	-2.59610319e+01
0.2375	4.21067028e+03	8.76636613e+02	7.25241393e+02
0.2425	3.68888851e+03	1.51252539e+02	-1.83752030e+02
0.2475	4.06124612e+03	9.99637751e+02	-5.12854052e+02
0.2525	3.76570224e+03	2.96018781e+02	2.55811198e+02
0.2575	3.54151816e+03	9.80485200e+02	-4.04955305e+02
0.2625	3.30882485e+03	6.26472075e+02	7.37422755e+02
0.2675	3.95445676e+03	5.65968610e+02	6.19465614e+01
0.2725	2.90963663e+03	3.76812533e+02	2.21902758e+02
0.2775	3.32248455e+03	5.94382118e+02	3.97080299e+02
0.2825	3.01297593e+03	4.34835328e+02	1.13062209e+03
0.2875	2.79616625e+03	1.98302769e+02	-1.10305625e+02
0.2925	2.97425498e+03	2.90573023e+02	3.06299702e+02
0.2975	2.91504982e+03	3.03139213e+02	-6.59004294e+02
