####### Power Spectrum of Patchy Simulation 166 #############
# Patch: ngc
# z-type: z3
# Weights: fkp
# Fiducial Omega_m: 0.310
# Fiducial h: 0.676
# Forward-model pixellation : 0
# Rando n-bar: 0
# Boxsize: [1800.0, 3400.0, 1900.0]
# Grid: [261, 500, 276]
# k-binning: [0.000, 0.310, 0.005]
# Monte Carlo Simulations: 100
#
# Format: k | P0 | P2 | P4
############################################
0.0125	5.82201305e+04	5.65564273e+04	-2.15192964e+04
0.0175	6.59048002e+04	1.81614621e+04	3.04379414e+04
0.0225	6.40854530e+04	3.95878080e+04	-5.52824150e+04
0.0275	6.27526708e+04	3.83150154e+04	-3.03591274e+04
0.0325	4.92455933e+04	2.56406540e+04	3.09150602e+04
0.0375	4.41618311e+04	2.04527890e+04	2.02115092e+03
0.0425	3.04638884e+04	2.84433440e+03	-7.73768920e+03
0.0475	3.55364920e+04	1.68404809e+04	6.84871301e+03
0.0525	3.15472203e+04	1.85578303e+04	-4.43008641e+01
0.0575	2.86238513e+04	9.29879120e+03	5.30600931e+03
0.0625	2.71526106e+04	1.77168955e+04	3.85811038e+03
0.0675	2.66620119e+04	1.84583131e+03	-5.39785195e+03
0.0725	2.30541702e+04	7.79827384e+03	1.99862493e+03
0.0775	2.27119758e+04	1.03481343e+04	4.42391723e+03
0.0825	1.98390298e+04	5.46381180e+03	-1.78777481e+03
0.0875	1.90698643e+04	9.03755508e+03	3.07658359e+03
0.0925	1.62047064e+04	5.60270552e+03	-1.24446282e+03
0.0975	1.62421460e+04	5.22584996e+03	3.79984655e+03
0.1025	1.46964313e+04	3.87594195e+03	1.22016797e+03
0.1075	1.29456708e+04	5.56363013e+03	2.75276550e+02
0.1125	1.19782399e+04	5.30982318e+03	9.95913187e+01
0.1175	1.13990832e+04	2.32582633e+03	-2.09618860e+03
0.1225	1.24454454e+04	6.04981102e+03	-1.23769063e+03
0.1275	1.06487701e+04	2.22337489e+03	-6.80438342e+02
0.1325	1.01167256e+04	3.72476856e+03	-2.00543247e+03
0.1375	1.03527081e+04	3.82003238e+03	2.11285799e+03
0.1425	8.87841918e+03	1.57299443e+03	-1.24029927e+03
0.1475	8.90759420e+03	4.44965248e+03	5.15531462e+02
0.1525	7.72792754e+03	1.75431247e+02	-1.06873257e+01
0.1575	8.09926311e+03	4.79015713e+03	1.96307171e+03
0.1625	7.28376567e+03	1.42224827e+03	-1.07629116e+03
0.1675	7.08990352e+03	2.86971800e+03	4.40064705e+02
0.1725	6.48992601e+03	1.57681721e+03	1.08726969e+02
0.1775	6.13706247e+03	1.69403993e+03	6.70119138e+02
0.1825	6.13921256e+03	1.48609209e+03	-3.33008567e+01
0.1875	5.97611347e+03	1.33107136e+03	1.08021007e+03
0.1925	5.75933008e+03	8.81791476e+02	2.62310829e+02
0.1975	5.68366758e+03	1.71087262e+03	3.18702618e+02
0.2025	5.14362962e+03	9.79842066e+02	6.99280239e+02
0.2075	4.81030749e+03	9.20406183e+01	2.54328731e+01
0.2125	5.14707053e+03	2.25351337e+03	-5.12450059e+02
0.2175	4.29892560e+03	1.27207950e+03	9.81301505e+02
0.2225	4.30455626e+03	6.31862391e+02	2.85735813e+02
0.2275	4.28068434e+03	9.00556686e+02	-1.22793747e+02
0.2325	4.28645934e+03	1.24380408e+03	2.18199823e+02
0.2375	4.12430095e+03	1.29095494e+03	2.68939458e+02
0.2425	3.46600330e+03	-1.27876720e+02	-3.21916752e+02
0.2475	3.64092962e+03	6.01050260e+02	7.08627652e+02
0.2525	3.41738841e+03	5.92254335e+02	-5.04560463e+02
0.2575	3.47424094e+03	7.02860246e+02	5.58784751e+02
0.2625	3.41647757e+03	6.30795470e+02	2.77782837e+02
0.2675	3.22719320e+03	3.05354481e+02	-1.80236579e+02
0.2725	3.20507533e+03	5.70265567e+02	8.00077010e+01
0.2775	2.78198056e+03	-2.78436136e+02	9.14346540e+01
0.2825	3.04402582e+03	5.58791938e+02	-4.07704083e+01
0.2875	2.79976442e+03	4.38066039e+02	5.99400549e+02
0.2925	2.62404174e+03	-2.41393573e+02	4.92810710e+01
0.2975	2.85659293e+03	8.25701066e+02	5.59431127e+02
