####### Power Spectrum of Patchy Simulation 500 #############
# Patch: sgc
# z-type: z3
# Weights: fkp
# Fiducial Omega_m: 0.310
# Fiducial h: 0.676
# Forward-model pixellation : 0
# Rando n-bar: 0
# Boxsize: [1000.0, 2600.0, 1500.0]
# Grid: [146, 384, 215]
# k-binning: [0.000, 0.310, 0.005]
# Monte Carlo Simulations: 100
#
# Format: k | P0 | P2 | P4
############################################
0.0125	8.18523850e+04	6.69363349e+04	1.12723867e+05
0.0175	7.08088056e+04	6.35449043e+04	3.32080799e+04
0.0225	6.07934470e+04	-6.94588226e+03	-5.63533542e+04
0.0275	5.65624883e+04	-4.35907687e+02	1.76928596e+04
0.0325	4.18093391e+04	4.52195395e+04	4.42306797e+04
0.0375	4.82039022e+04	3.23679156e+04	2.14226768e+04
0.0425	3.93460601e+04	2.38759427e+04	-7.11408929e+03
0.0475	3.47346925e+04	3.19259918e+03	-7.42506609e+03
0.0525	3.71140021e+04	2.07686079e+04	-3.67691395e+03
0.0575	2.84184692e+04	4.64496877e+03	-2.06292238e+04
0.0625	3.20959740e+04	4.39614383e+03	9.80679280e+03
0.0675	2.82889497e+04	8.51731691e+03	8.84648666e+03
0.0725	2.71055296e+04	9.93557131e+03	-4.31957611e+03
0.0775	1.86224314e+04	6.94245792e+02	5.91394581e+02
0.0825	2.48652041e+04	7.34950275e+03	4.37387337e+03
0.0875	1.95884018e+04	4.92597136e+03	-9.56637383e+02
0.0925	1.96872693e+04	6.02260831e+03	-2.77047224e+03
0.0975	1.49996044e+04	3.83493460e+03	4.34451822e+03
0.1025	1.43164803e+04	5.49362166e+03	-1.69281893e+03
0.1075	1.44170478e+04	5.29990690e+03	1.48889145e+03
0.1125	1.36950358e+04	9.60086654e+02	-6.74938722e+02
0.1175	1.38986605e+04	6.07764740e+03	-1.36102177e+02
0.1225	1.16202914e+04	1.76028242e+03	-5.01640435e+02
0.1275	1.17937257e+04	5.11593657e+03	1.98442602e+03
0.1325	1.03821258e+04	2.53015487e+03	-1.63285658e+03
0.1375	1.03835904e+04	1.56250125e+03	-6.05994990e+01
0.1425	9.15122995e+03	1.45619683e+03	-1.09001095e+03
0.1475	9.13556756e+03	4.48658417e+03	1.88276726e+03
0.1525	7.86523992e+03	-3.36522392e+01	-3.61748981e+03
0.1575	7.81620080e+03	3.91670222e+03	2.73062652e+03
0.1625	7.39162553e+03	2.63115311e+03	-5.19710651e+01
0.1675	7.72924964e+03	2.45488727e+03	-5.53881802e+02
0.1725	6.56361922e+03	2.58724557e+03	2.98198475e+02
0.1775	6.31615520e+03	9.85324203e+02	-2.71411102e+02
0.1825	6.51970913e+03	2.53349778e+03	4.00032320e+02
0.1875	6.33578542e+03	1.04084310e+03	3.99012670e+02
0.1925	6.29883895e+03	6.03117565e+02	8.82721661e+02
0.1975	6.06404436e+03	1.52478616e+03	-3.91648946e+02
0.2025	5.77468173e+03	1.33737334e+03	1.82782255e+03
0.2075	5.42550535e+03	2.54477069e+02	-7.60147338e+02
0.2125	4.68309024e+03	7.85603825e+02	2.37645940e+02
0.2175	4.70812573e+03	5.93612569e+02	-7.88758322e+01
0.2225	5.01516922e+03	1.59590375e+03	4.77367170e+02
0.2275	4.39940332e+03	3.80124361e+02	-9.12403105e+02
0.2325	4.36849254e+03	6.50754558e+02	-9.99072534e+02
0.2375	4.58798016e+03	4.56287769e+02	-1.34691387e+03
0.2425	3.86926707e+03	7.39982604e+02	7.39336171e+02
0.2475	3.74928442e+03	-1.49131973e+02	8.27885827e+02
0.2525	3.80340515e+03	8.29750748e+02	3.23417915e+02
0.2575	3.57508322e+03	2.81426733e+01	2.52950538e+02
0.2625	3.51020424e+03	-2.19515057e+01	1.24941862e+02
0.2675	3.59097829e+03	4.87954106e+02	4.28888484e+02
0.2725	3.39997471e+03	-1.18027713e+02	-1.83186267e+01
0.2775	3.16365109e+03	-4.82747213e+01	6.51992513e+02
0.2825	3.11107662e+03	1.69144623e+02	-3.79672777e+02
0.2875	2.98799074e+03	4.85420861e+02	5.52700301e+02
0.2925	3.04621502e+03	-8.34370518e+01	1.51444834e+02
0.2975	3.02498103e+03	3.61382624e+02	-6.63164857e+02
