####### Power Spectrum of Patchy Simulation 175 #############
# Patch: sgc
# z-type: z3
# Weights: fkp
# Fiducial Omega_m: 0.310
# Fiducial h: 0.676
# Forward-model pixellation : 0
# Rando n-bar: 0
# Boxsize: [1000.0, 2600.0, 1500.0]
# Grid: [146, 384, 215]
# k-binning: [0.000, 0.310, 0.005]
# Monte Carlo Simulations: 100
#
# Format: k | P0 | P2 | P4
############################################
0.0125	4.98060402e+04	-5.13445574e+04	-3.15443504e+02
0.0175	3.60021759e+04	1.72339172e+04	-9.39424120e+04
0.0225	7.27033478e+04	-2.66149402e+04	-4.35755455e+04
0.0275	5.44212615e+04	5.90523603e+04	5.50971043e+04
0.0325	5.84516455e+04	4.81699033e+04	1.84915748e+02
0.0375	3.91865399e+04	6.45762291e+02	-2.47309335e+04
0.0425	3.77114604e+04	1.50069358e+04	5.65461210e+03
0.0475	4.04408691e+04	1.25166598e+04	3.17155483e+04
0.0525	3.03731397e+04	8.14304941e+03	-9.83769360e+03
0.0575	3.09997216e+04	1.27273386e+04	1.34790952e+04
0.0625	2.83559227e+04	4.56295571e+03	-3.04416083e+03
0.0675	2.82000716e+04	1.92879856e+04	8.96381928e+03
0.0725	2.45094323e+04	8.12743957e+02	-1.46960456e+04
0.0775	2.29432456e+04	1.59216265e+03	3.15502426e+03
0.0825	2.05975117e+04	3.11026390e+03	-8.86269054e+03
0.0875	1.83303552e+04	5.30812234e+03	-3.02794787e+03
0.0925	1.84382295e+04	1.29637657e+04	3.35275770e+03
0.0975	1.79845108e+04	3.44677145e+03	-4.17911569e+03
0.1025	1.35708963e+04	5.03269683e+03	-1.20449411e+03
0.1075	1.38908171e+04	4.18278138e+03	-1.93390298e+03
0.1125	1.23838362e+04	7.84060602e+02	-3.70309817e+03
0.1175	1.28498443e+04	5.08442149e+03	-4.59724409e+02
0.1225	1.10731424e+04	3.18511074e+03	-9.25906569e+02
0.1275	1.28503177e+04	4.33245590e+03	9.98119288e+02
0.1325	1.01407166e+04	2.95546247e+03	-4.03891984e+02
0.1375	9.46215364e+03	1.15523519e+03	-3.75898187e+02
0.1425	1.00690972e+04	4.18698986e+03	1.86883380e+03
0.1475	8.57668360e+03	3.40321899e+02	-1.63676571e+03
0.1525	8.30350663e+03	2.62394815e+03	-4.55701031e+02
0.1575	8.43461483e+03	4.81028656e+03	2.50773530e+03
0.1625	6.97829127e+03	4.21036181e+02	2.38821761e+02
0.1675	7.36482869e+03	3.67090228e+03	2.30487343e+02
0.1725	7.43829704e+03	3.59354106e+03	5.77052592e+02
0.1775	6.34384772e+03	2.32078418e+03	2.28197054e+02
0.1825	6.24967523e+03	1.75247271e+03	1.82977679e+03
0.1875	6.11758534e+03	1.09545332e+02	-8.00358391e+02
0.1925	5.58049031e+03	5.37099103e+02	3.90321497e+02
0.1975	5.78724864e+03	2.54800178e+03	9.78696990e+02
0.2025	5.45918632e+03	6.79596815e+02	-1.30120900e+03
0.2075	5.23285979e+03	1.43251005e+03	3.03090124e+01
0.2125	5.21916974e+03	8.48098949e+02	-7.92138330e+02
0.2175	4.75291390e+03	1.83800941e+03	2.95150962e+02
0.2225	4.44949427e+03	-8.13705575e+01	1.57313723e+02
0.2275	4.67695456e+03	1.18070414e+03	4.20682427e+02
0.2325	4.05279577e+03	7.75386477e+02	5.80918522e+02
0.2375	4.22079696e+03	7.50381566e+02	-2.61601484e+02
0.2425	4.01887166e+03	1.28087098e+03	3.92679500e+02
0.2475	3.71451746e+03	-2.73222683e+02	1.29769754e+02
0.2525	3.68189321e+03	4.95894789e+02	3.46477888e+02
0.2575	3.49474019e+03	1.36835224e+03	-4.39270065e+02
0.2625	3.49820733e+03	2.60962596e+02	5.90659990e+02
0.2675	3.33276242e+03	3.67699814e+01	3.98729324e+02
0.2725	3.12725102e+03	4.01235927e+02	7.09091201e+02
0.2775	3.38508506e+03	6.72786012e+02	-1.47422897e+02
0.2825	2.97626286e+03	4.88424529e+02	6.04732238e+02
0.2875	2.97579382e+03	2.72502199e+02	7.09410206e+02
0.2925	2.75453597e+03	-6.58397634e+02	-6.76796815e+01
0.2975	3.19001911e+03	9.15278063e+02	4.35711489e+02
