####### Power Spectrum of Patchy Simulation 88 #############
# Patch: ngc
# z-type: z1
# Weights: fkp
# Fiducial Omega_m: 0.310
# Fiducial h: 0.676
# Forward-model pixellation : 0
# Rando n-bar: 0
# Boxsize: [1350.0, 2450.0, 1400.0]
# Grid: [193, 353, 200]
# k-binning: [0.000, 0.310, 0.005]
# Monte Carlo Simulations: 100
#
# Format: k | P0 | P2 | P4
############################################
0.0125	8.35031234e+04	9.72670259e+04	-1.68365052e+03
0.0175	8.14795733e+04	-1.44465079e+04	-2.54392411e+04
0.0225	6.30898828e+04	-7.80910350e+03	-3.23904541e+04
0.0275	5.60671323e+04	4.21379694e+04	-3.00272943e+03
0.0325	4.62641343e+04	2.01982926e+04	-5.49967248e+02
0.0375	5.12978077e+04	1.38665869e+04	7.75942265e+03
0.0425	3.74913490e+04	2.30763888e+04	3.32952087e+03
0.0475	4.08328061e+04	6.70782319e+03	-2.78711924e+03
0.0525	3.23655615e+04	1.79157738e+04	5.39792362e+03
0.0575	3.04836553e+04	7.51529866e+03	2.91581189e+03
0.0625	3.04153293e+04	1.21165064e+04	2.64496875e+03
0.0675	2.86553505e+04	7.85128719e+03	-5.49394174e+03
0.0725	2.70002774e+04	1.02034403e+04	3.26263042e+03
0.0775	2.33692103e+04	5.37260504e+03	7.45816386e+02
0.0825	2.12366058e+04	7.64903813e+03	4.62861349e+03
0.0875	1.98795688e+04	6.38100506e+03	-1.99233326e+03
0.0925	1.85453327e+04	6.82979088e+03	1.02659786e+03
0.0975	1.40186883e+04	3.05461290e+03	6.46045787e+02
0.1025	1.50526715e+04	5.48737835e+03	3.17579789e+03
0.1075	1.35543499e+04	2.30550219e+03	-3.80008063e+02
0.1125	1.32825572e+04	4.20281515e+03	5.48386261e+02
0.1175	1.31653272e+04	5.97039071e+03	1.60926442e+03
0.1225	1.13139823e+04	1.66138574e+03	-3.88216803e+00
0.1275	1.14180797e+04	4.72126593e+03	7.63420783e+02
0.1325	1.08348836e+04	3.22983758e+03	-3.14384803e+02
0.1375	1.03722921e+04	1.60033012e+03	-3.54625199e+02
0.1425	8.96491835e+03	3.45198234e+03	3.52632371e+02
0.1475	8.88962361e+03	2.24064496e+03	-2.58886458e+02
0.1525	8.51645507e+03	2.64574721e+03	1.62217219e+02
0.1575	8.44893978e+03	2.35273280e+03	1.56668703e+03
0.1625	7.59309414e+03	1.75080892e+03	4.73259781e+02
0.1675	7.23447443e+03	2.22959786e+03	1.83356360e+02
0.1725	6.88448195e+03	1.13916602e+03	6.02254989e+01
0.1775	6.41625895e+03	2.19957665e+03	-2.62259083e+02
0.1825	6.23139317e+03	2.36264613e+03	5.07079812e+02
0.1875	6.06176877e+03	1.70966003e+03	-1.98245984e+02
0.1925	5.94080416e+03	1.78088887e+03	3.08764398e+02
0.1975	5.92506411e+03	1.37613067e+03	1.18087726e+02
0.2025	5.63132389e+03	1.17529675e+03	2.51598867e+02
0.2075	5.22892862e+03	7.22987767e+02	-9.21438988e+00
0.2125	4.96841326e+03	1.25775518e+03	1.45680144e+01
0.2175	4.76560882e+03	1.09040001e+03	1.28971812e+02
0.2225	4.88682967e+03	1.25308036e+03	6.09785998e+01
0.2275	4.59381855e+03	6.80192500e+02	1.70155881e+02
0.2325	4.40100650e+03	5.63475628e+02	-1.75504804e+01
0.2375	4.10826467e+03	6.22341978e+02	2.42054099e+02
0.2425	4.10395350e+03	5.39802671e+02	6.38580642e+02
0.2475	3.78805208e+03	7.03731910e+02	5.82576362e-01
0.2525	3.79124111e+03	4.01510755e+02	1.59228115e+02
0.2575	3.57068923e+03	6.13837982e+02	-9.94550993e+01
0.2625	3.49710782e+03	5.12509151e+02	5.75514593e+01
0.2675	3.45555633e+03	3.38451120e+02	4.14990756e+02
0.2725	3.27302144e+03	8.44756592e+02	3.66525236e+02
0.2775	3.36244608e+03	4.76045242e+02	5.60867864e+02
0.2825	3.06921210e+03	1.12647655e+02	-1.84299879e+02
0.2875	2.97016336e+03	2.48170039e+02	-9.03138015e+00
0.2925	2.97897092e+03	4.65629538e+02	3.46693079e+02
0.2975	2.79912714e+03	1.66016267e+02	3.77703335e+02
