####### Power Spectrum of Patchy Simulation 15 #############
# Patch: ngc
# z-type: z1
# Weights: fkp
# Fiducial Omega_m: 0.310
# Fiducial h: 0.676
# Forward-model pixellation : 0
# Rando n-bar: 0
# Boxsize: [1350.0, 2450.0, 1400.0]
# Grid: [193, 353, 200]
# k-binning: [0.000, 0.310, 0.005]
# Monte Carlo Simulations: 100
#
# Format: k | P0 | P2 | P4
############################################
0.0125	5.91487704e+04	1.14652449e+04	1.09525720e+04
0.0175	8.37951053e+04	3.83337591e+03	-3.94570692e+04
0.0225	4.40174699e+04	8.94032172e+03	-1.16739650e+04
0.0275	6.59472789e+04	2.17746684e+04	1.73275592e+03
0.0325	3.52390783e+04	3.89562908e+04	7.38847116e+02
0.0375	4.89632305e+04	1.56441889e+04	-1.04192949e+04
0.0425	4.91985722e+04	1.60689909e+04	5.21127117e+02
0.0475	3.40060796e+04	1.68642711e+04	-5.29561540e+03
0.0525	3.58406207e+04	2.25919728e+04	8.19678791e+03
0.0575	2.84909627e+04	1.81221015e+04	2.80502333e+03
0.0625	3.04185706e+04	1.65653625e+04	2.66636676e+03
0.0675	2.82859927e+04	9.47631581e+03	2.76049868e+03
0.0725	2.77955195e+04	1.00733826e+04	-5.04787858e+02
0.0775	2.26149994e+04	9.99740154e+03	9.59772217e+02
0.0825	2.05878919e+04	4.16956924e+03	-3.31540313e+03
0.0875	1.92309830e+04	6.21500052e+03	-3.67699468e+03
0.0925	1.59829697e+04	5.64522726e+03	3.78393733e+02
0.0975	1.64045834e+04	3.51427439e+03	1.43511093e+03
0.1025	1.38893444e+04	3.69792202e+03	3.58048791e+03
0.1075	1.42712550e+04	4.79940179e+03	-4.81103330e+02
0.1125	1.36127369e+04	4.71084465e+03	2.92130194e+03
0.1175	1.20358883e+04	4.26419855e+03	-2.18884772e+03
0.1225	1.23523867e+04	3.12486780e+03	2.48744908e+02
0.1275	1.14696527e+04	3.78511295e+03	5.64674444e+02
0.1325	1.03519251e+04	3.16500469e+03	2.10975527e+03
0.1375	1.00878257e+04	3.36175065e+03	3.76779974e+02
0.1425	9.50122607e+03	3.70719019e+03	1.10661496e+03
0.1475	9.52377868e+03	2.53222225e+03	1.72010371e+03
0.1525	8.67469107e+03	2.56459573e+03	-9.75004802e+01
0.1575	8.15590415e+03	1.89567605e+03	-9.84856279e+02
0.1625	7.52431733e+03	1.96925703e+03	2.98434474e+02
0.1675	7.45610879e+03	2.46261707e+03	2.80631466e+02
0.1725	6.82294530e+03	1.39802630e+03	2.59062636e+02
0.1775	6.86986549e+03	2.07630884e+03	1.24129471e+02
0.1825	6.37241965e+03	1.53702187e+03	9.82238885e+02
0.1875	6.06605037e+03	1.99416354e+03	3.85680130e+02
0.1925	5.97897798e+03	1.01042162e+03	7.91638779e+01
0.1975	5.92041618e+03	1.14735313e+03	2.66188256e+02
0.2025	5.52621981e+03	1.20796691e+03	6.87328151e+02
0.2075	5.06247885e+03	1.21278590e+03	5.08192419e+02
0.2125	5.16820195e+03	9.37639048e+02	1.87244039e+02
0.2175	4.97772050e+03	1.10181379e+03	2.47522207e+02
0.2225	4.53317337e+03	1.04905159e+03	-1.65581431e+02
0.2275	4.61390196e+03	1.15853042e+03	1.11864889e+02
0.2325	4.23183523e+03	9.73494417e+02	4.25106323e+02
0.2375	4.41757117e+03	9.54828661e+02	1.30105416e+02
0.2425	3.75801611e+03	6.59687936e+02	1.50572328e+01
0.2475	3.77917105e+03	4.80576468e+02	6.20832822e+02
0.2525	3.67137873e+03	4.51464952e+02	3.60363273e+02
0.2575	3.81879003e+03	8.91062971e+02	3.03288910e+02
0.2625	3.46694209e+03	5.32561757e+02	-8.41075369e+01
0.2675	3.54511069e+03	5.22439982e+02	3.45527006e+02
0.2725	3.18354218e+03	4.99418859e+02	5.31081912e+02
0.2775	3.18375827e+03	9.26351579e+01	1.30194742e+02
0.2825	3.03509112e+03	4.88108545e+02	2.19660741e+02
0.2875	2.98248022e+03	5.16787643e+02	-6.68895438e+01
0.2925	2.84136442e+03	1.96380321e+02	3.34633062e+02
0.2975	2.96701317e+03	3.70354701e+02	2.29598309e+02
