####### Power Spectrum of Patchy Simulation 872 #############
# Patch: ngc
# z-type: z1
# Weights: fkp
# Fiducial Omega_m: 0.310
# Fiducial h: 0.676
# Forward-model pixellation : 0
# Rando n-bar: 0
# Boxsize: [1350.0, 2450.0, 1400.0]
# Grid: [193, 353, 200]
# k-binning: [0.000, 0.310, 0.005]
# Monte Carlo Simulations: 100
#
# Format: k | P0 | P2 | P4
############################################
0.0125	8.45195417e+04	5.82468947e+04	-3.81533683e+04
0.0175	9.03562051e+04	-9.67086092e+03	-4.63208542e+03
0.0225	6.35147285e+04	5.40250193e+03	3.89681060e+04
0.0275	7.15275779e+04	5.01168529e+04	-3.24053190e+04
0.0325	4.71756947e+04	9.77673708e+02	-1.95117431e+04
0.0375	5.29351998e+04	2.33159131e+04	1.22176221e+04
0.0425	4.09181240e+04	2.71835092e+04	1.88749178e+03
0.0475	3.60365968e+04	1.49009459e+04	-6.52575078e+02
0.0525	2.95846016e+04	1.07861120e+04	6.66862311e+03
0.0575	3.35575448e+04	1.35982909e+04	4.52272237e+03
0.0625	2.78948951e+04	1.29929055e+04	4.24318590e+03
0.0675	2.51162404e+04	4.57929788e+03	-2.73079954e+03
0.0725	2.60568292e+04	9.30858032e+03	-8.93428776e+02
0.0775	2.32118055e+04	9.99439466e+03	3.81193054e+03
0.0825	2.22211180e+04	9.46108962e+03	5.04630529e+03
0.0875	1.91244895e+04	7.23098235e+03	1.43121932e+03
0.0925	1.78936564e+04	5.22635706e+03	-9.54417297e+02
0.0975	1.59771324e+04	1.05422900e+04	1.89806709e+03
0.1025	1.56833687e+04	6.13752780e+03	-2.06860734e+03
0.1075	1.43068161e+04	5.56863361e+03	2.49949156e+02
0.1125	1.30399413e+04	5.50303339e+03	-1.69380592e+02
0.1175	1.30895223e+04	5.00673734e+03	9.24855697e+02
0.1225	1.17598345e+04	3.06608751e+03	1.50435811e+03
0.1275	1.18859376e+04	4.05735508e+03	1.11171029e+03
0.1325	1.11327836e+04	2.53374151e+03	-1.74308676e+03
0.1375	1.02132682e+04	3.79614283e+03	1.58234309e+02
0.1425	9.40796490e+03	2.65675887e+03	-4.75027528e+02
0.1475	8.87284622e+03	2.20747059e+03	7.43257416e+02
0.1525	8.46378707e+03	3.33118213e+03	1.23441879e+03
0.1575	8.29226303e+03	3.09656680e+03	1.62410846e+03
0.1625	7.91547578e+03	2.21396039e+03	-2.84474118e+02
0.1675	7.42623806e+03	2.29373076e+03	-3.94020198e+02
0.1725	6.71717425e+03	2.12536634e+03	1.03523747e+03
0.1775	6.70406020e+03	1.73073602e+03	5.39643165e+01
0.1825	6.60721227e+03	2.42893517e+03	8.70613431e+02
0.1875	6.33211140e+03	1.54412419e+03	3.69004162e+02
0.1925	5.83935818e+03	1.80148605e+03	-1.45366434e+02
0.1975	5.76350630e+03	1.04708724e+03	5.94411792e+02
0.2025	5.42059730e+03	1.39646562e+03	4.14411516e+02
0.2075	5.25673922e+03	1.63268582e+03	6.05376493e+01
0.2125	5.41431789e+03	1.05149231e+03	-9.98398255e+01
0.2175	4.96637419e+03	1.17642934e+03	1.00485788e+03
0.2225	4.62219788e+03	1.06087250e+03	5.45837589e+01
0.2275	4.50585533e+03	6.16753074e+02	6.29650220e+02
0.2325	4.39424623e+03	6.57644574e+02	-2.00768666e+02
0.2375	4.08729969e+03	9.11862098e+02	3.79122295e+02
0.2425	4.18925716e+03	9.00284950e+02	3.71955167e+02
0.2475	3.82281877e+03	2.99393964e+02	9.41616002e+01
0.2525	3.93448548e+03	7.50502739e+02	-6.30531602e+00
0.2575	3.73969008e+03	7.40801764e+02	3.61635413e+01
0.2625	3.44282518e+03	5.29111941e+02	-3.67326243e+01
0.2675	3.39259860e+03	7.39565667e+02	6.03872224e+02
0.2725	3.31201499e+03	4.23615067e+02	5.60231846e+02
0.2775	3.19357327e+03	4.17055275e+02	-1.02229666e+02
0.2825	3.16373361e+03	5.53283351e+02	5.27757331e+01
0.2875	2.96833935e+03	3.98882016e+01	1.01075657e+02
0.2925	2.92055435e+03	5.32195842e+02	4.16868912e+02
0.2975	2.92908724e+03	2.43860341e+02	3.16944893e+02
