####### Power Spectrum of Patchy Simulation 477 #############
# Patch: ngc
# z-type: z3
# Weights: fkp
# Fiducial Omega_m: 0.310
# Fiducial h: 0.676
# Forward-model pixellation : 0
# Rando n-bar: 0
# Boxsize: [1800.0, 3400.0, 1900.0]
# Grid: [261, 500, 276]
# k-binning: [0.000, 0.310, 0.005]
# Monte Carlo Simulations: 100
#
# Format: k | P0 | P2 | P4
############################################
0.0125	7.63462872e+04	6.50547117e+04	-4.64106554e+04
0.0175	7.26803528e+04	2.86456461e+04	-4.47348341e+04
0.0225	6.86019458e+04	1.98747770e+03	-5.19463490e+04
0.0275	5.31467806e+04	3.23435957e+04	3.28535605e+04
0.0325	4.90019702e+04	1.70007610e+04	-2.19501959e+04
0.0375	4.45335144e+04	1.01378426e+04	1.61224098e+04
0.0425	4.09356242e+04	2.49883311e+04	7.51214528e+03
0.0475	3.81409336e+04	2.07368256e+04	-1.14706739e+04
0.0525	3.01421907e+04	1.22464957e+04	3.18439587e+03
0.0575	3.11582120e+04	8.13828261e+03	-4.85877302e+03
0.0625	2.77395967e+04	8.77686798e+03	5.60968940e+03
0.0675	2.69229096e+04	1.24882214e+04	2.90724878e+03
0.0725	2.29955266e+04	5.77849872e+03	-5.26922101e+02
0.0775	2.41921778e+04	1.05120763e+04	3.00231147e+03
0.0825	1.99212531e+04	5.85193639e+03	-2.93317581e+03
0.0875	1.96446875e+04	9.12407385e+03	1.11216848e+03
0.0925	1.59428621e+04	2.58850278e+03	-3.03598053e+03
0.0975	1.65910267e+04	7.44505080e+03	1.93998860e+03
0.1025	1.34697960e+04	3.75980948e+03	3.46964099e+03
0.1075	1.41679931e+04	4.97395660e+03	-9.79269736e+01
0.1125	1.23253788e+04	4.24582785e+03	5.31551725e+02
0.1175	1.14066677e+04	2.31944135e+03	-5.81141766e+02
0.1225	1.19821170e+04	4.73602560e+03	1.73646939e+03
0.1275	1.11906030e+04	3.68016284e+03	1.01871901e+02
0.1325	1.05845340e+04	2.65337434e+03	8.00544994e+01
0.1375	1.01228317e+04	2.88028012e+03	4.81093697e+02
0.1425	9.02606883e+03	1.64782404e+03	6.49940019e+02
0.1475	8.76308363e+03	3.63091955e+03	-4.08790705e+02
0.1525	8.01130091e+03	2.06330177e+03	8.72146730e+02
0.1575	7.86533110e+03	2.89779920e+03	8.07917983e+02
0.1625	7.69915948e+03	3.10552629e+03	-2.80038291e+01
0.1675	7.05297821e+03	1.73379829e+03	-1.47834007e+02
0.1725	6.78324819e+03	1.71930420e+03	-1.78752553e+02
0.1775	6.61083731e+03	2.34931044e+03	5.28695549e+02
0.1825	6.43662120e+03	1.58150138e+03	4.98943625e+02
0.1875	6.03103705e+03	1.53444667e+03	-3.82657459e+02
0.1925	5.51424074e+03	8.97358089e+02	-3.45524565e+02
0.1975	5.64700275e+03	2.31434980e+03	5.81038794e+02
0.2025	5.04443741e+03	1.06024371e+03	-3.04903498e+01
0.2075	5.08896615e+03	1.46842544e+03	-4.03654075e+02
0.2125	4.53889863e+03	6.06113125e+02	5.65509429e+02
0.2175	4.68187275e+03	1.23311474e+03	-3.53309493e+02
0.2225	4.45263460e+03	9.08002418e+02	-1.84387488e+02
0.2275	4.06085589e+03	1.31119232e+03	1.06654019e+02
0.2325	3.90799659e+03	6.56141255e+02	1.49748999e+02
0.2375	4.04023852e+03	8.62938071e+02	5.31364723e+02
0.2425	3.80543588e+03	1.01493157e+03	6.06785187e+02
0.2475	3.61897402e+03	4.85285373e+02	-9.20520144e+01
0.2525	3.65323081e+03	8.57352859e+02	3.80132946e+02
0.2575	3.31948910e+03	1.81940779e+02	-9.41063677e+01
0.2625	3.20164545e+03	5.13952036e+02	4.54232954e+02
0.2675	3.04613769e+03	2.32221408e+01	-6.92695517e+01
0.2725	3.30430788e+03	6.09657345e+02	2.56502327e+01
0.2775	2.90481253e+03	5.98106955e+02	-5.86590299e+00
0.2825	2.84315143e+03	3.21150962e+02	-2.78658709e+02
0.2875	2.68541420e+03	1.86847730e+02	-2.18492069e+02
0.2925	2.75160280e+03	4.50568076e+02	6.15374541e+02
0.2975	2.69778324e+03	3.80387392e+02	-6.56297030e+01
