####### Power Spectrum of Patchy Simulation 165 #############
# Patch: ngc
# z-type: z1
# Weights: fkp
# Fiducial Omega_m: 0.310
# Fiducial h: 0.676
# Forward-model pixellation : 0
# Rando n-bar: 0
# Boxsize: [1350.0, 2450.0, 1400.0]
# Grid: [193, 353, 200]
# k-binning: [0.000, 0.310, 0.005]
# Monte Carlo Simulations: 100
#
# Format: k | P0 | P2 | P4
############################################
0.0125	1.02221060e+05	4.91608728e+04	-8.16189137e+04
0.0175	6.17401706e+04	3.41705244e+03	-2.99070293e+03
0.0225	9.09352785e+04	3.72486871e+04	-3.20214164e+04
0.0275	6.21909620e+04	2.62356566e+04	-9.82940121e+03
0.0325	5.59205494e+04	4.12973189e+04	-9.87558235e+02
0.0375	4.53445403e+04	2.13711501e+03	-1.06239789e+04
0.0425	3.68130354e+04	6.36155978e+03	-4.66278771e+03
0.0475	3.59824328e+04	1.27532061e+04	3.02043745e+03
0.0525	3.01270323e+04	1.60102786e+04	6.29125860e+03
0.0575	3.23288265e+04	1.12450919e+04	4.02657540e+03
0.0625	2.86643126e+04	4.62801217e+03	-9.22672022e+02
0.0675	2.86057309e+04	1.68879048e+04	5.25460336e+03
0.0725	2.54727158e+04	6.76131037e+03	-8.59695390e+02
0.0775	2.44526147e+04	1.06781004e+04	1.57407216e+03
0.0825	2.14257172e+04	9.23778586e+03	4.43097570e+03
0.0875	1.96546751e+04	7.24795511e+03	1.31751601e+03
0.0925	1.67701545e+04	5.93859809e+03	-1.08388459e+02
0.0975	1.62827638e+04	6.99415374e+03	-5.56988179e+02
0.1025	1.48267416e+04	4.23743875e+03	7.56033735e+02
0.1075	1.47971345e+04	4.86649351e+03	1.97657371e+03
0.1125	1.23329304e+04	4.00261310e+03	-2.32882363e+03
0.1175	1.25064517e+04	3.72866835e+03	1.35930054e+02
0.1225	1.16861788e+04	4.03411566e+03	7.74206112e+01
0.1275	1.16155155e+04	2.86941200e+03	6.49929165e+02
0.1325	1.07164877e+04	1.98210070e+03	-3.73995486e+02
0.1375	1.07938510e+04	3.53681625e+03	3.01520647e+02
0.1425	9.32464167e+03	2.62991279e+03	-8.01718665e+00
0.1475	9.34825905e+03	2.95786702e+03	6.80114641e+02
0.1525	8.54924354e+03	2.25253987e+03	2.48758745e+02
0.1575	8.04487620e+03	3.13533820e+03	-3.67487391e+02
0.1625	7.81989564e+03	2.01143542e+03	8.04411965e+02
0.1675	7.43169114e+03	2.54645612e+03	-9.78210942e+01
0.1725	6.77616678e+03	2.27300689e+03	-9.61334583e+01
0.1775	7.09336454e+03	1.15066446e+03	-2.94134993e+02
0.1825	6.29220573e+03	1.85166397e+03	1.78384910e+02
0.1875	6.02456460e+03	1.97754486e+03	4.51647668e+02
0.1925	5.72370834e+03	1.73836193e+03	1.96640734e+02
0.1975	5.80938645e+03	1.54051132e+03	2.73994423e+02
0.2025	5.56650756e+03	1.46288271e+03	-3.86646198e+02
0.2075	5.40630121e+03	7.99979597e+02	-8.92192592e+00
0.2125	4.97071981e+03	1.11350383e+03	1.02699413e+03
0.2175	4.93051839e+03	7.71794069e+02	-1.18273411e+02
0.2225	4.44083132e+03	1.14075287e+03	5.68058461e+01
0.2275	4.64943285e+03	1.17209407e+03	1.82015980e+01
0.2325	4.40606913e+03	7.41202217e+02	-1.58660048e+02
0.2375	4.22577379e+03	6.43899783e+02	4.61964116e+02
0.2425	3.81300126e+03	8.38447623e+02	2.16139415e+02
0.2475	3.88188269e+03	8.22639654e+02	2.06926474e+02
0.2525	3.70171288e+03	3.70944801e+02	-1.04217326e+02
0.2575	3.45070852e+03	3.76752181e+02	-1.60239655e+02
0.2625	3.39970825e+03	2.89687205e+02	5.02700036e+01
0.2675	3.30828863e+03	4.37322959e+02	8.38106140e+01
0.2725	3.32683018e+03	2.26273096e+02	-7.07511503e+01
0.2775	3.09711713e+03	3.31675489e+01	-5.10808897e+01
0.2825	3.08872914e+03	3.87392314e+02	1.05198243e+02
0.2875	2.91875160e+03	3.97845240e+02	1.54542283e+02
0.2925	2.98940792e+03	3.36912676e+02	2.31514065e+00
0.2975	2.79983930e+03	2.49223258e+02	2.25952547e+02
