####### Power Spectrum of Patchy Simulation 359 #############
# Patch: sgc
# z-type: z1
# Weights: fkp
# Fiducial Omega_m: 0.310
# Fiducial h: 0.676
# Forward-model pixellation : 0
# Rando n-bar: 0
# Boxsize: [1000.0, 1900.0, 1100.0]
# Grid: [146, 276, 161]
# k-binning: [0.000, 0.310, 0.005]
# Monte Carlo Simulations: 100
#
# Format: k | P0 | P2 | P4
############################################
0.0125	7.06631165e+04	-3.78750942e+04	-4.32697615e+04
0.0175	4.77154741e+04	-1.71328518e+04	3.89947855e+04
0.0225	5.11515414e+04	-6.56256846e+04	-5.07012152e+04
0.0275	6.52766132e+04	3.43389114e+04	-2.31368071e+04
0.0325	5.30469642e+04	1.32507464e+04	3.87605840e+03
0.0375	4.70858902e+04	1.80362737e+04	5.68840180e+03
0.0425	3.58992532e+04	2.95385729e+04	-1.01094070e+04
0.0475	4.23084143e+04	3.19259775e+04	2.99658679e+04
0.0525	3.09216451e+04	1.99244370e+03	1.09294533e+04
0.0575	3.24903754e+04	8.42624256e+03	8.02829022e+02
0.0625	3.55862753e+04	6.79328659e+03	2.17802772e+02
0.0675	2.61102237e+04	1.01689527e+04	-3.91953898e+03
0.0725	3.13326171e+04	9.87059131e+03	4.22381066e+03
0.0775	2.24707070e+04	9.19940801e+03	3.60882099e+03
0.0825	2.08013167e+04	1.00666922e+04	3.33140997e+03
0.0875	2.05386420e+04	6.32909651e+03	4.88650632e+03
0.0925	1.74068670e+04	1.27591552e+04	5.96718655e+03
0.0975	1.73931616e+04	6.26917305e+03	-6.16245343e+03
0.1025	1.58038216e+04	4.92953769e+03	1.21815161e+03
0.1075	1.35592960e+04	3.24200192e+03	-1.66225709e+03
0.1125	1.33844086e+04	6.38125003e+03	-1.32364456e+03
0.1175	1.30130972e+04	4.54195440e+03	3.33615973e+03
0.1225	1.14010148e+04	3.87739452e+03	2.66710778e+02
0.1275	1.20374453e+04	3.71557196e+03	3.39460837e+02
0.1325	1.01942006e+04	4.10193159e+03	1.85409543e+03
0.1375	1.08249435e+04	3.19139255e+03	-6.59400599e+02
0.1425	9.98850901e+03	3.37941169e+03	-1.16142633e+03
0.1475	9.08867419e+03	1.50242553e+03	5.55501353e+02
0.1525	7.77671543e+03	2.72396606e+03	-2.14069042e+03
0.1575	7.95825839e+03	3.41871921e+03	2.23455283e+02
0.1625	7.58430229e+03	1.76297269e+03	1.25165052e+03
0.1675	7.59138889e+03	1.74382660e+03	3.01264249e+02
0.1725	7.66400903e+03	1.90891751e+03	2.46289530e+02
0.1775	6.48302065e+03	2.15278454e+03	7.24111545e+02
0.1825	6.75956550e+03	9.52331923e+02	3.92730791e+02
0.1875	6.75821844e+03	6.92153218e+02	-3.52491198e+02
0.1925	5.80191171e+03	1.98285082e+03	4.98094879e+02
0.1975	5.42489512e+03	1.53572006e+03	3.87328021e+02
0.2025	5.86764003e+03	1.70819735e+03	3.79576525e+02
0.2075	5.54612490e+03	8.36977161e+02	8.28973358e+01
0.2125	5.24860689e+03	4.23241795e+02	8.12231305e+02
0.2175	5.30778935e+03	1.49430701e+02	2.86562257e+02
0.2225	4.26713183e+03	3.83167617e+02	-1.95754238e+02
0.2275	4.71915541e+03	1.06264831e+03	2.06453719e+02
0.2325	4.34332824e+03	1.29725825e+03	4.85648039e+02
0.2375	4.06314548e+03	4.92394975e+01	-6.89011488e+02
0.2425	3.98108344e+03	5.80550719e+02	-1.41849815e+01
0.2475	4.03063570e+03	7.69690702e+02	-3.09626430e+02
0.2525	3.58001317e+03	3.50660734e+02	-1.09995246e+02
0.2575	3.86667074e+03	1.23652929e+03	8.06198832e+02
0.2625	3.69941014e+03	2.00062632e+02	3.34007157e+02
0.2675	3.36080017e+03	6.25877409e+02	5.34219231e+02
0.2725	3.50778512e+03	7.03860110e+02	-3.44572001e+02
0.2775	3.31304432e+03	-6.78093678e+01	8.01938112e+00
0.2825	3.45979139e+03	6.60109224e+02	3.78253210e+02
0.2875	3.10069109e+03	-1.44049162e+02	6.85948704e+01
0.2925	2.93353522e+03	2.30125107e+02	6.49973216e+02
0.2975	2.95708702e+03	-1.28341683e+02	1.06105849e+02
