####### Power Spectrum of Patchy Simulation 357 #############
# Patch: ngc
# z-type: z1
# Weights: fkp
# Fiducial Omega_m: 0.310
# Fiducial h: 0.676
# Forward-model pixellation : 0
# Rando n-bar: 0
# Boxsize: [1350.0, 2450.0, 1400.0]
# Grid: [193, 353, 200]
# k-binning: [0.000, 0.310, 0.005]
# Monte Carlo Simulations: 100
#
# Format: k | P0 | P2 | P4
############################################
0.0125	6.92123575e+04	8.29729581e+04	2.07576898e+03
0.0175	7.50510632e+04	2.63663019e+04	-1.14841935e+04
0.0225	5.60761558e+04	1.63133782e+04	9.46217023e+01
0.0275	5.65401939e+04	8.97830708e+03	-2.86096668e+04
0.0325	5.40018865e+04	2.05948899e+04	2.05179246e+04
0.0375	4.40697469e+04	1.63164031e+04	9.23119866e+03
0.0425	4.09158645e+04	2.07360839e+04	1.57672105e+04
0.0475	3.67010494e+04	2.15788190e+04	-9.52279926e+03
0.0525	3.56152894e+04	9.77863478e+03	2.71969216e+03
0.0575	2.65221732e+04	1.37214021e+04	1.05107710e+04
0.0625	2.81773775e+04	1.29217640e+04	5.88399872e+03
0.0675	2.66417785e+04	1.41838003e+04	2.35132177e+03
0.0725	2.69869854e+04	9.47413689e+03	-4.42615781e+03
0.0775	2.37851044e+04	6.28829893e+03	-1.25790266e+02
0.0825	2.09200222e+04	7.02081847e+03	3.35610251e+03
0.0875	2.06860315e+04	1.00495683e+04	2.39604240e+03
0.0925	1.71608473e+04	5.74326923e+03	-4.79750780e+02
0.0975	1.63083119e+04	5.30289603e+03	3.78647520e+03
0.1025	1.49626784e+04	5.77112498e+03	1.18902643e+03
0.1075	1.46444831e+04	6.16891476e+03	2.17984275e+03
0.1125	1.33774716e+04	6.09681033e+03	2.15335228e+03
0.1175	1.23048914e+04	2.80644129e+03	-2.97430837e+02
0.1225	1.18407265e+04	4.89728342e+03	6.43758603e+02
0.1275	1.13989905e+04	2.01610292e+03	6.94296126e+02
0.1325	1.06282793e+04	2.46290960e+03	1.05919360e+03
0.1375	1.00459569e+04	3.91407849e+03	2.87412671e+02
0.1425	9.99379521e+03	3.11874193e+03	-2.03041130e+01
0.1475	9.46382205e+03	1.85888375e+03	9.15470604e+02
0.1525	8.62434192e+03	2.62561020e+03	2.60652883e+02
0.1575	7.97193099e+03	2.51319441e+03	3.83948818e+02
0.1625	7.54508138e+03	2.33511905e+03	6.91991448e+02
0.1675	7.57289165e+03	2.53442566e+03	5.90198704e+02
0.1725	7.28564033e+03	1.77410165e+03	1.57931094e+02
0.1775	6.94453535e+03	1.42326691e+03	-2.30344542e+02
0.1825	6.24536304e+03	1.17924103e+03	-2.49994821e+01
0.1875	6.10956761e+03	1.56366199e+03	5.21727273e+02
0.1925	6.27119205e+03	1.96520085e+03	4.22711821e+02
0.1975	5.54168838e+03	9.31922772e+02	-2.66931268e+01
0.2025	5.80988265e+03	1.12106191e+03	-2.63482982e+02
0.2075	5.00451574e+03	1.11521122e+03	-2.09598915e+01
0.2125	5.05379950e+03	9.91918414e+02	-1.96223265e+02
0.2175	4.97192722e+03	1.51878052e+03	7.59870731e+02
0.2225	4.66763029e+03	1.23622359e+03	2.76267421e+02
0.2275	4.35917410e+03	7.42902620e+02	3.77532453e+02
0.2325	4.26716634e+03	4.69962464e+02	-5.44894067e+01
0.2375	4.27104491e+03	7.81543502e+02	3.36071039e+02
0.2425	4.11286705e+03	5.49875258e+02	6.37550266e+02
0.2475	3.83892850e+03	6.28318854e+02	4.26757419e+02
0.2525	3.78040822e+03	5.04015409e+02	3.59231258e+02
0.2575	3.54686537e+03	7.32705740e+02	2.90821521e+02
0.2625	3.24955254e+03	5.79943358e+02	4.53070471e+02
0.2675	3.39190311e+03	3.73610906e+02	3.31305897e+02
0.2725	3.33950317e+03	3.26739983e+02	-1.59377969e+01
0.2775	3.06686015e+03	2.05484582e+02	3.73799456e+02
0.2825	3.02555548e+03	5.14246781e+01	3.36055610e+02
0.2875	2.92654949e+03	1.87837737e+02	-5.69353499e+01
0.2925	2.90478415e+03	1.68761965e+02	2.38276044e+02
0.2975	2.93223335e+03	2.20762585e+02	3.02845611e+02
