####### Power Spectrum of Patchy Simulation 552 #############
# Patch: ngc
# z-type: z3
# Weights: fkp
# Fiducial Omega_m: 0.310
# Fiducial h: 0.676
# Forward-model pixellation : 0
# Rando n-bar: 0
# Boxsize: [1800.0, 3400.0, 1900.0]
# Grid: [261, 500, 276]
# k-binning: [0.000, 0.310, 0.005]
# Monte Carlo Simulations: 100
#
# Format: k | P0 | P2 | P4
############################################
0.0125	1.03768748e+05	6.86476432e+04	-3.71423327e+04
0.0175	7.12645720e+04	9.46441694e+04	3.15007008e+04
0.0225	6.68940752e+04	1.41154570e+04	-9.45911283e+03
0.0275	4.65890755e+04	7.81739009e+03	-1.08054034e+04
0.0325	5.22130146e+04	2.36118443e+04	6.29910157e+03
0.0375	4.08583282e+04	9.05607450e+03	-5.11545493e+03
0.0425	4.05417006e+04	1.62171815e+04	5.37640282e+02
0.0475	3.26165292e+04	7.88524842e+03	-8.38570456e+03
0.0525	3.13001321e+04	1.69498759e+04	6.81892562e+03
0.0575	2.94582784e+04	5.86248136e+03	2.43286407e+03
0.0625	2.71470868e+04	1.72772577e+04	2.91910304e+03
0.0675	2.40660019e+04	6.28268071e+03	-1.24397770e+03
0.0725	2.39763226e+04	1.40979570e+04	5.93482618e+03
0.0775	2.28699616e+04	1.03863995e+04	2.66589771e+03
0.0825	2.00294538e+04	4.42555882e+03	-4.49618158e+02
0.0875	1.95665268e+04	8.90763335e+03	3.74819963e+03
0.0925	1.63279994e+04	2.02526892e+03	-5.05897758e+03
0.0975	1.62770810e+04	8.42273910e+03	3.61372694e+03
0.1025	1.40717968e+04	2.98811470e+03	4.52249436e+02
0.1075	1.35026112e+04	5.77738364e+03	-1.72349376e+02
0.1125	1.23137319e+04	3.83711080e+03	3.79593715e+03
0.1175	1.23004485e+04	4.18351918e+03	-1.55078491e+03
0.1225	1.18194509e+04	3.63217280e+03	1.47564357e+03
0.1275	1.11497179e+04	2.94543793e+03	-1.05861814e+03
0.1325	1.04587357e+04	3.72592687e+03	7.47208958e+02
0.1375	1.00662951e+04	2.81558515e+03	4.77935056e+02
0.1425	8.76357358e+03	2.26926570e+03	-8.51993517e+00
0.1475	8.51398285e+03	3.21947365e+03	5.37335302e+02
0.1525	8.41373070e+03	2.41304959e+03	-3.61551139e+02
0.1575	7.82521810e+03	2.91240263e+03	6.66721475e+02
0.1625	7.40537041e+03	3.22252823e+03	-4.83676669e+02
0.1675	6.60614427e+03	1.36040560e+03	-4.89691256e+02
0.1725	6.86692151e+03	2.92453768e+03	9.98748821e+02
0.1775	6.25346270e+03	9.24409275e+02	5.98439519e+02
0.1825	6.29203407e+03	2.45212555e+03	-4.28791430e+01
0.1875	5.72662056e+03	1.05206784e+03	-9.51528075e+02
0.1925	5.60933842e+03	1.49089773e+03	7.21823909e+02
0.1975	5.51465929e+03	1.51961400e+03	6.64820334e+01
0.2025	4.88757607e+03	3.86679993e+02	-7.45631586e+02
0.2075	5.13962404e+03	2.00326385e+03	1.38185778e+03
0.2125	4.74823974e+03	5.43368061e+02	-1.00670889e+03
0.2175	4.65660477e+03	1.67907203e+03	1.04723939e+03
0.2225	4.34416440e+03	9.33111159e+02	-1.11643412e+02
0.2275	4.12679378e+03	1.10416723e+03	-5.80019889e+01
0.2325	4.04814425e+03	6.07819719e+02	3.44068298e+02
0.2375	3.94225283e+03	7.39374679e+02	2.62464775e+02
0.2425	3.87278591e+03	5.93486642e+02	3.81847226e+02
0.2475	3.41319734e+03	8.42005961e+02	-2.06983837e+02
0.2525	3.61802598e+03	6.77051994e+02	-5.44726281e+01
0.2575	3.36798955e+03	3.44048753e+02	-1.95304183e+02
0.2625	3.20312563e+03	8.88806035e+02	1.51548301e+02
0.2675	3.06172665e+03	4.40571371e+02	-8.18202294e+01
0.2725	3.17896809e+03	4.56428308e+02	8.10346893e+02
0.2775	2.79853630e+03	1.76132158e+02	2.46923320e+02
0.2825	2.99892464e+03	5.34199924e+02	4.33656292e+02
0.2875	2.60020554e+03	2.61505366e+02	9.86439009e+01
0.2925	2.50802834e+03	-2.39380234e+01	-1.69298620e+02
0.2975	2.82462120e+03	6.11022704e+02	5.57745253e+02
