####### Power Spectrum of Patchy Simulation 922 #############
# Patch: ngc
# z-type: z1
# Weights: fkp
# Fiducial Omega_m: 0.310
# Fiducial h: 0.676
# Forward-model pixellation : 0
# Rando n-bar: 0
# Boxsize: [1350.0, 2450.0, 1400.0]
# Grid: [193, 353, 200]
# k-binning: [0.000, 0.310, 0.005]
# Monte Carlo Simulations: 100
#
# Format: k | P0 | P2 | P4
############################################
0.0125	7.19877285e+04	-8.95379174e+02	-7.18563477e+04
0.0175	7.48016748e+04	7.54734870e+04	-4.00123280e+04
0.0225	6.82483027e+04	1.92983782e+04	5.91576624e+03
0.0275	6.78971014e+04	1.53580161e+04	4.58140812e+04
0.0325	5.03208638e+04	3.85742060e+03	1.35076770e+03
0.0375	4.58581090e+04	1.07811630e+04	1.16798838e+04
0.0425	3.90098740e+04	9.25939713e+03	1.35979724e+04
0.0475	3.78806165e+04	2.28929948e+04	2.59069502e+03
0.0525	3.27470709e+04	2.57296963e+03	-6.48886958e+03
0.0575	2.64586573e+04	1.47245028e+04	-8.30491872e+03
0.0625	3.26152441e+04	1.05897137e+04	-1.97246550e+02
0.0675	2.41446416e+04	7.19328299e+03	2.38279650e+03
0.0725	2.75039124e+04	6.79459303e+03	-1.26084651e+03
0.0775	2.27708039e+04	1.42628673e+04	3.95772584e+03
0.0825	2.19537457e+04	5.21040953e+03	2.33727876e+03
0.0875	1.96413515e+04	7.36225845e+03	-6.59258979e+01
0.0925	1.76945666e+04	9.08532791e+03	1.65056629e+03
0.0975	1.53542632e+04	5.52103297e+03	1.25833578e+03
0.1025	1.37943116e+04	6.38071169e+03	1.41322539e+03
0.1075	1.41540870e+04	5.70509468e+03	-1.75665541e+02
0.1125	1.34645546e+04	5.78337546e+03	3.76819732e+02
0.1175	1.25568531e+04	4.56206893e+03	1.69939261e+02
0.1225	1.23912709e+04	5.46842820e+03	6.57100557e+02
0.1275	1.17625866e+04	3.67970653e+03	-2.21447481e+02
0.1325	1.07300778e+04	3.75662772e+03	1.49236152e+03
0.1375	1.02877452e+04	2.91867227e+03	-2.19496291e+01
0.1425	9.58287928e+03	2.95823913e+03	5.95211466e+02
0.1475	9.26722086e+03	2.25154378e+03	-4.54589536e+02
0.1525	8.49013346e+03	2.80155684e+03	6.91259694e+02
0.1575	7.84681069e+03	2.50618393e+03	1.03968031e+03
0.1625	8.01228226e+03	2.71529174e+03	1.13566768e+03
0.1675	7.21600244e+03	2.55131843e+03	-1.13503359e+02
0.1725	7.26545825e+03	1.65364555e+03	2.51025657e+02
0.1775	6.77463953e+03	2.75004030e+03	1.14349312e+02
0.1825	6.31458856e+03	2.39219002e+03	1.36803611e+02
0.1875	6.13618065e+03	6.86756450e+02	1.44426394e+02
0.1925	6.35666345e+03	2.29329960e+03	1.14784892e+03
0.1975	5.57799179e+03	1.44304027e+03	1.49593500e+02
0.2025	5.58833648e+03	1.80482456e+03	8.00259633e+01
0.2075	5.23170430e+03	1.40603180e+03	3.94923790e+02
0.2125	4.79228466e+03	1.19573456e+03	4.30379110e+02
0.2175	4.78155166e+03	1.30386707e+03	1.06152741e+01
0.2225	4.60557104e+03	9.19451851e+02	-5.04404312e+02
0.2275	4.49621146e+03	9.96035247e+02	3.60411619e+02
0.2325	4.33749900e+03	6.37369792e+02	-1.84823317e+02
0.2375	4.08743521e+03	6.91285035e+02	-2.13728826e+02
0.2425	4.26266967e+03	4.25799799e+02	3.03242883e+02
0.2475	3.89124798e+03	6.42084637e+02	4.65518496e+01
0.2525	3.79520635e+03	7.71040374e+02	2.48796504e+02
0.2575	3.47388132e+03	6.46661351e+02	2.81275684e+02
0.2625	3.58214328e+03	9.64580556e+02	4.58239003e+02
0.2675	3.43881432e+03	6.07350100e+02	3.37981128e+02
0.2725	3.16734030e+03	3.51961829e+02	1.37991424e+02
0.2775	3.12516633e+03	5.04170929e+02	2.81517175e+02
0.2825	3.13177875e+03	3.41585218e+02	4.84514136e+02
0.2875	2.92236799e+03	5.82173081e+02	9.83623693e+01
0.2925	3.00414443e+03	1.62954038e+02	-3.15598622e+01
0.2975	2.79275176e+03	7.87885900e+01	-5.04632226e+01
