####### Power Spectrum of Patchy Simulation 143 #############
# Patch: sgc
# z-type: z3
# Weights: fkp
# Fiducial Omega_m: 0.310
# Fiducial h: 0.676
# Forward-model pixellation : 0
# Rando n-bar: 0
# Boxsize: [1000.0, 2600.0, 1500.0]
# Grid: [146, 384, 215]
# k-binning: [0.000, 0.310, 0.005]
# Monte Carlo Simulations: 100
#
# Format: k | P0 | P2 | P4
############################################
0.0125	7.71956677e+04	-1.07318568e+04	-5.73974996e+04
0.0175	8.11597511e+04	-3.22315289e+04	-3.54966039e+04
0.0225	6.30453712e+04	9.57827748e+04	1.14161137e+05
0.0275	5.22417075e+04	-2.23171191e+04	-6.88540387e+03
0.0325	6.49809262e+04	2.89622282e+04	1.03312158e+03
0.0375	4.83734433e+04	1.98435198e+04	-6.87826152e+02
0.0425	3.80882209e+04	1.62375178e+04	2.25042705e+04
0.0475	3.45622691e+04	1.12718455e+03	1.60857458e+03
0.0525	2.77782145e+04	9.89510554e+03	-6.39186806e+02
0.0575	3.37468687e+04	6.08297517e+03	-4.90647923e+03
0.0625	3.13065514e+04	8.02942276e+03	-3.92004712e+03
0.0675	2.52941155e+04	1.08689162e+04	2.68337454e+03
0.0725	2.46137690e+04	3.48798724e+03	-3.34022184e+03
0.0775	2.40073487e+04	1.44368473e+04	6.85402851e+03
0.0825	2.41893007e+04	1.24324958e+04	-9.22888912e+03
0.0875	1.61877109e+04	-2.83502815e+03	-5.19271437e+02
0.0925	1.97063157e+04	1.45060618e+04	-4.43008684e+03
0.0975	1.58605835e+04	3.35873212e+03	-1.22226685e+03
0.1025	1.58775858e+04	1.31403575e+03	-3.74871291e+03
0.1075	1.24874963e+04	6.10252918e+03	5.61589237e+03
0.1125	1.25352524e+04	6.24399881e+02	-4.65257653e+03
0.1175	1.26653424e+04	7.36240470e+03	2.13493567e+03
0.1225	1.29224839e+04	4.69229468e+03	3.88146917e+03
0.1275	1.13072658e+04	2.92132813e+03	-3.49967490e+03
0.1325	1.20239434e+04	3.17964338e+03	-2.09742115e+03
0.1375	1.03868690e+04	4.74287362e+03	2.18233793e+03
0.1425	1.08742803e+04	1.60924424e+03	-2.24012605e+03
0.1475	9.34150446e+03	2.98526989e+03	-1.02402584e+03
0.1525	9.22541815e+03	3.51837612e+03	3.64122944e+02
0.1575	8.93290250e+03	4.06334687e+03	6.41119808e+02
0.1625	7.56459754e+03	1.60293415e+03	4.14045735e+02
0.1675	7.39680458e+03	1.00551445e+03	3.83427733e+02
0.1725	6.52369438e+03	2.81103208e+03	8.24070706e+02
0.1775	7.13339724e+03	2.00877049e+03	1.08993592e+03
0.1825	6.30853356e+03	1.06269057e+03	3.28706268e+02
0.1875	6.11948737e+03	1.63607951e+03	1.63740142e+02
0.1925	6.24115064e+03	1.22869405e+03	-4.78007574e+01
0.1975	5.50836045e+03	1.91693340e+03	2.00278698e+02
0.2025	5.41060850e+03	1.91780309e+03	-1.13130699e+03
0.2075	5.26216309e+03	1.39016432e+03	2.18009326e+02
0.2125	5.62292159e+03	2.17024568e+03	-6.84287787e+02
0.2175	5.03907928e+03	-1.64728468e+02	-1.17779837e+03
0.2225	4.53586225e+03	1.46004732e+03	1.50607364e+02
0.2275	4.95639352e+03	4.24657640e+02	-1.13230217e+03
0.2325	4.50147106e+03	9.15995209e+02	3.82340198e+02
0.2375	4.05538416e+03	1.31871056e+03	1.00241238e+03
0.2425	3.80380380e+03	-4.15202014e+02	-3.22343041e+02
0.2475	4.43164323e+03	7.72411828e+02	8.32314301e+02
0.2525	3.81208842e+03	-1.40970748e+02	-2.09234613e+02
0.2575	3.68831308e+03	6.15903039e+02	-1.37429127e+02
0.2625	3.46076703e+03	3.40569731e+01	4.10723934e+02
0.2675	3.43605439e+03	3.14588156e+02	3.10711264e+02
0.2725	3.68146228e+03	7.93689793e+02	-2.83843362e+01
0.2775	2.94645926e+03	4.60209869e+01	-1.17626987e+02
0.2825	3.31506241e+03	5.19226397e+02	2.32275080e+02
0.2875	2.89576698e+03	-4.94020826e+02	-2.14481326e+02
0.2925	3.13059172e+03	3.55314281e+02	3.96997172e+02
0.2975	2.71320723e+03	7.49291657e+02	3.34586532e+02
