####### Power Spectrum of Patchy Simulation 751 #############
# Patch: ngc
# z-type: z1
# Weights: fkp
# Fiducial Omega_m: 0.310
# Fiducial h: 0.676
# Forward-model pixellation : 0
# Rando n-bar: 0
# Boxsize: [1350.0, 2450.0, 1400.0]
# Grid: [193, 353, 200]
# k-binning: [0.000, 0.310, 0.005]
# Monte Carlo Simulations: 100
#
# Format: k | P0 | P2 | P4
############################################
0.0125	5.45148577e+04	4.48755351e+04	5.74940925e+02
0.0175	5.15722227e+04	1.02622712e+04	-5.92575673e+04
0.0225	7.18429328e+04	4.21412423e+04	-2.07616996e+03
0.0275	5.31126381e+04	4.37961630e+04	-4.09810768e+03
0.0325	5.82099190e+04	1.67125652e+04	1.22780247e+04
0.0375	4.22548023e+04	1.02516436e+04	-7.34332919e+03
0.0425	4.03540239e+04	2.66584910e+04	1.96152396e+04
0.0475	3.54076570e+04	1.83624358e+04	9.31696201e+03
0.0525	3.34805583e+04	1.39768678e+04	3.48161725e+03
0.0575	2.97885112e+04	1.02622473e+03	-5.50399860e+03
0.0625	2.75987855e+04	1.43425793e+04	8.11296121e+02
0.0675	2.72233839e+04	1.07338145e+04	5.22294226e+03
0.0725	2.42557472e+04	9.43181820e+03	1.50155310e+02
0.0775	2.43136899e+04	1.16648975e+04	-1.29570003e+02
0.0825	2.24135327e+04	9.02865261e+03	1.55025445e+03
0.0875	1.97513981e+04	6.80857366e+03	-5.38662061e+02
0.0925	1.78736762e+04	7.67865905e+03	-6.24416292e+02
0.0975	1.61128182e+04	6.81088133e+03	1.80836551e+03
0.1025	1.47887971e+04	6.04832308e+03	2.71317161e+03
0.1075	1.43642613e+04	4.91566648e+03	3.80472289e+02
0.1125	1.28011291e+04	4.43124870e+03	8.29706876e+02
0.1175	1.31212425e+04	4.45089073e+03	4.25791642e+02
0.1225	1.19853000e+04	3.72745148e+03	1.15323312e+03
0.1275	1.23545846e+04	2.57697875e+03	-1.70199302e+03
0.1325	1.05545465e+04	2.69882183e+03	-3.00186353e+02
0.1375	9.75966651e+03	2.24532853e+03	-3.09266187e+02
0.1425	9.97477640e+03	3.18283135e+03	5.27891490e+02
0.1475	9.25576775e+03	2.48774777e+03	1.50174545e+02
0.1525	8.69366440e+03	3.24772556e+03	-7.59628666e+02
0.1575	7.90193734e+03	2.75411820e+03	1.24641407e+03
0.1625	7.53523960e+03	1.54501753e+03	-2.86149443e+02
0.1675	7.29245583e+03	2.53664887e+03	-5.74344058e+00
0.1725	6.54874782e+03	1.98495021e+03	-7.46567812e+02
0.1775	6.89412222e+03	2.14399746e+03	1.26057146e+03
0.1825	6.45752811e+03	1.91206872e+03	4.18516958e+02
0.1875	5.98908204e+03	5.50519330e+02	-6.39114168e+01
0.1925	6.00341516e+03	1.59377247e+03	9.68236272e+02
0.1975	5.77156529e+03	1.28873805e+03	-3.39368543e+02
0.2025	5.36309067e+03	1.99634739e+03	1.87569798e+02
0.2075	5.23517224e+03	1.02166090e+03	3.57697495e+02
0.2125	5.05012598e+03	8.82347834e+02	2.01959508e+02
0.2175	4.76869914e+03	9.90987018e+02	5.63961679e+00
0.2225	4.63732754e+03	1.09562833e+03	-1.21764217e+02
0.2275	4.36777546e+03	8.32189434e+02	-2.25142505e+02
0.2325	4.19672648e+03	6.04999339e+02	2.08512785e+02
0.2375	4.02730648e+03	9.87313456e+02	4.34033408e+02
0.2425	4.13503340e+03	9.50802710e+02	2.57077178e+02
0.2475	3.94387164e+03	8.27245019e+02	2.03989269e+02
0.2525	3.62257082e+03	6.36459598e+02	2.25722760e+02
0.2575	3.49563758e+03	3.23782768e+02	2.53048711e+02
0.2625	3.39252457e+03	2.80742890e+02	1.50899533e+02
0.2675	3.47181305e+03	4.27843752e+02	3.98530219e+02
0.2725	3.22474423e+03	4.01899544e+02	9.35406312e+01
0.2775	3.10603675e+03	3.83838107e+02	-6.23291325e+00
0.2825	3.13202644e+03	5.06973233e+02	5.61002863e+02
0.2875	2.94982653e+03	1.47023382e+02	-9.29356553e+01
0.2925	2.82315969e+03	2.98535287e+02	2.64751648e+02
0.2975	2.90957086e+03	3.54675139e+02	5.28063212e+02
