####### Power Spectrum of Patchy Simulation 798 #############
# Patch: ngc
# z-type: z3
# Weights: fkp
# Fiducial Omega_m: 0.310
# Fiducial h: 0.676
# Forward-model pixellation : 0
# Rando n-bar: 0
# Boxsize: [1800.0, 3400.0, 1900.0]
# Grid: [261, 500, 276]
# k-binning: [0.000, 0.310, 0.005]
# Monte Carlo Simulations: 100
#
# Format: k | P0 | P2 | P4
############################################
0.0125	6.18333585e+04	-2.47195509e+04	-6.91123184e+04
0.0175	5.38408541e+04	-5.75605905e+03	3.02835206e+04
0.0225	6.22626885e+04	3.93531064e+04	1.05978912e+04
0.0275	5.75955655e+04	3.00966595e+04	9.38118147e+03
0.0325	4.95364958e+04	3.67491238e+04	1.18932601e+04
0.0375	4.56978784e+04	3.33984255e+04	1.00097356e+04
0.0425	3.72245592e+04	1.98305758e+03	3.25034008e+03
0.0475	3.82394248e+04	2.47864776e+04	6.78286672e+03
0.0525	3.15913881e+04	1.03928188e+04	9.72767032e+02
0.0575	2.69973325e+04	4.71841154e+03	-2.04766978e+02
0.0625	3.11203666e+04	2.58560584e+04	1.07225678e+04
0.0675	2.38268665e+04	7.40269649e+03	-3.03266989e+03
0.0725	2.41685631e+04	1.07492124e+04	2.92661417e+03
0.0775	2.23627308e+04	1.16791263e+04	5.13250000e+03
0.0825	1.84536450e+04	2.98059821e+03	-3.67331329e+03
0.0875	1.97089059e+04	9.27902303e+03	-2.96855289e+03
0.0925	1.66367392e+04	9.10972414e+02	-2.72427643e+03
0.0975	1.54914899e+04	6.66354866e+03	1.05315912e+03
0.1025	1.36285790e+04	5.28030054e+03	-1.36575447e+03
0.1075	1.28924068e+04	4.32306366e+03	3.40441211e+02
0.1125	1.28105203e+04	6.13222950e+03	1.10740853e+03
0.1175	1.14948020e+04	5.74759255e+02	-2.92149108e+03
0.1225	1.14433574e+04	6.34056521e+03	6.67335899e+02
0.1275	1.10261035e+04	3.45337217e+03	3.19544535e+02
0.1325	1.00726359e+04	3.72991425e+03	7.90493006e+01
0.1375	9.73596209e+03	2.99315310e+03	1.88058408e+03
0.1425	9.39319594e+03	3.66743745e+03	-6.49399878e+01
0.1475	8.64872530e+03	1.26874092e+03	-1.54639335e+03
0.1525	7.82711715e+03	2.56677779e+03	3.46438386e+02
0.1575	7.60313239e+03	2.24600171e+03	3.05244418e+02
0.1625	6.78915434e+03	2.53866963e+03	1.55218515e+03
0.1675	6.62420563e+03	2.05089682e+03	4.75003602e+02
0.1725	6.51301832e+03	1.20294298e+03	3.75764451e+01
0.1775	6.33424472e+03	2.03634624e+03	6.45085221e+02
0.1825	5.79033543e+03	1.47312603e+03	1.10796537e+02
0.1875	5.70653188e+03	1.26752551e+03	2.59216614e+02
0.1925	5.54301114e+03	1.13201845e+03	2.24216662e+02
0.1975	5.40511820e+03	1.73475587e+03	6.45028309e+02
0.2025	5.28027851e+03	1.39529468e+03	4.63691333e+02
0.2075	5.11132228e+03	1.63776803e+03	2.76333103e+02
0.2125	4.47649112e+03	1.06980596e+03	6.29604737e+02
0.2175	4.67095630e+03	1.21302805e+03	8.00879594e+02
0.2225	4.48726092e+03	1.15707148e+03	6.09247393e+02
0.2275	4.21961412e+03	1.07743390e+03	8.50484614e+02
0.2325	4.04888993e+03	7.13371797e+02	1.57786108e+02
0.2375	3.71577140e+03	7.39530360e+02	1.52374301e+02
0.2425	4.06421715e+03	1.10224441e+03	4.93593457e+02
0.2475	3.55540338e+03	5.05875794e+02	4.64628914e+02
0.2525	3.44234926e+03	5.10708024e+02	-6.89193876e+02
0.2575	3.46654280e+03	1.09193027e+03	3.62259710e+02
0.2625	3.23292708e+03	8.03972843e+02	5.45993896e+02
0.2675	3.11281273e+03	-2.25384160e+01	2.56742755e+01
0.2725	3.11597186e+03	3.20978939e+02	3.21498247e+02
0.2775	3.04450444e+03	3.23574877e+02	9.53624409e+01
0.2825	2.69452971e+03	2.00788305e+02	3.70244708e+02
0.2875	2.84491533e+03	4.09892522e+02	2.82405216e+02
0.2925	2.56350804e+03	-1.67180792e+02	1.74716223e+01
0.2975	2.83354604e+03	1.03611207e+03	9.02989847e+02
