####### Power Spectrum of Patchy Simulation 564 #############
# Patch: sgc
# z-type: z3
# Weights: fkp
# Fiducial Omega_m: 0.310
# Fiducial h: 0.676
# Forward-model pixellation : 0
# Rando n-bar: 0
# Boxsize: [1000.0, 2600.0, 1500.0]
# Grid: [146, 384, 215]
# k-binning: [0.000, 0.310, 0.005]
# Monte Carlo Simulations: 100
#
# Format: k | P0 | P2 | P4
############################################
0.0125	9.34281158e+04	1.61403943e+05	1.61593394e+05
0.0175	9.08295422e+04	8.41324309e+04	-3.80648645e+04
0.0225	8.66566338e+04	5.49957196e+04	5.54329217e+04
0.0275	4.46039533e+04	8.08792972e+03	-7.42403669e+03
0.0325	6.08492435e+04	3.14843765e+04	-7.89414731e+03
0.0375	5.00383376e+04	4.57752665e+04	-1.73802341e+04
0.0425	4.67587646e+04	4.02065104e+04	2.26381199e+04
0.0475	2.94705763e+04	5.33606068e+03	-9.90135212e+03
0.0525	3.74517052e+04	6.92146927e+03	-8.92393100e+03
0.0575	2.82360071e+04	2.18058302e+03	-7.17884289e+02
0.0625	3.21561074e+04	7.18435839e+03	-6.49094228e+02
0.0675	2.63881503e+04	5.63515365e+03	-1.35338552e+04
0.0725	3.04098639e+04	1.24998493e+04	8.31232541e+03
0.0775	2.25857661e+04	1.15083210e+04	-4.04973890e+03
0.0825	1.59714315e+04	-1.89957464e+02	-5.43176628e+03
0.0875	2.16350371e+04	9.56651343e+03	5.45251158e+03
0.0925	1.71614613e+04	2.77891120e+03	1.35429643e+03
0.0975	1.52438870e+04	4.31815991e+03	-5.46191237e+03
0.1025	1.68987680e+04	4.34872636e+03	2.06267183e+03
0.1075	1.34048588e+04	2.08401560e+03	-8.40866085e+02
0.1125	1.18400461e+04	5.36075269e+03	-4.34517651e+02
0.1175	1.44616072e+04	9.36652363e+03	3.61336966e+03
0.1225	1.02151582e+04	-5.89858952e+02	-2.91168304e+03
0.1275	1.15878903e+04	6.19335746e+03	3.83714440e+02
0.1325	1.05946061e+04	3.31956277e+03	-1.03084875e+03
0.1375	1.10790852e+04	3.50440019e+03	9.99476381e+02
0.1425	9.70639778e+03	1.67704818e+03	-1.04649509e+03
0.1475	8.87394970e+03	4.66797104e+03	1.15856233e+03
0.1525	8.64039105e+03	2.79878551e+03	9.27081694e+02
0.1575	7.95555828e+03	3.44123532e+03	-6.88148565e+02
0.1625	7.91865906e+03	1.99323164e+03	-1.39826606e+03
0.1675	7.18795399e+03	1.79790681e+03	1.37626811e+01
0.1725	7.33741598e+03	2.57512356e+03	1.08328263e+03
0.1775	7.02715305e+03	1.65042025e+03	-1.09064028e+03
0.1825	6.77420886e+03	2.06552049e+03	1.69749935e+02
0.1875	6.17483309e+03	2.31491318e+03	4.74749659e+02
0.1925	5.58907160e+03	2.40627105e+03	5.25682757e+02
0.1975	5.71561253e+03	7.87617594e+02	7.49076571e+02
0.2025	5.61823892e+03	8.58241386e+02	3.92537251e+02
0.2075	5.20162236e+03	7.49168290e+02	6.51514661e+02
0.2125	5.03226922e+03	3.48914189e+02	3.19865821e+02
0.2175	4.89338630e+03	5.06520584e+02	9.32523582e+02
0.2225	4.61631724e+03	1.08239140e+03	3.42504275e+02
0.2275	4.17202430e+03	1.24734311e+03	3.59513969e+02
0.2325	4.61948726e+03	1.48543742e+03	1.33762760e+03
0.2375	3.82299789e+03	-1.60961530e+01	-8.62897492e+02
0.2425	4.19386217e+03	1.38440670e+03	6.36792381e+02
0.2475	3.93001067e+03	8.21040570e+02	1.68273022e+02
0.2525	3.44376793e+03	4.19698781e+02	7.81710732e+02
0.2575	3.47887630e+03	8.83540745e+02	1.83617786e+02
0.2625	3.38091797e+03	3.71164433e+02	1.59960703e+01
0.2675	3.47901902e+03	1.13270073e+02	1.38859528e+03
0.2725	3.06533785e+03	-3.62514277e+02	-7.09931220e+02
0.2775	3.31270158e+03	4.22307237e+01	-1.00305671e+02
0.2825	3.22184075e+03	3.73079401e+02	3.43097375e+01
0.2875	2.97337290e+03	8.22889824e+02	-1.81513641e+02
0.2925	2.80823804e+03	2.29680057e+02	1.00780886e+03
0.2975	2.89871894e+03	2.72118720e+02	-1.93177288e+02
