####### Power Spectrum of Patchy Simulation 722 #############
# Patch: ngc
# z-type: z1
# Weights: fkp
# Fiducial Omega_m: 0.310
# Fiducial h: 0.676
# Forward-model pixellation : 0
# Rando n-bar: 0
# Boxsize: [1350.0, 2450.0, 1400.0]
# Grid: [193, 353, 200]
# k-binning: [0.000, 0.310, 0.005]
# Monte Carlo Simulations: 100
#
# Format: k | P0 | P2 | P4
############################################
0.0125	9.20319482e+04	3.84100568e+04	-3.10821487e+04
0.0175	7.31332589e+04	-1.22091448e+03	-5.30513838e+03
0.0225	6.28520202e+04	1.82127080e+04	1.85350648e+04
0.0275	7.20164735e+04	2.98857443e+04	8.54488882e+03
0.0325	4.37089690e+04	9.03555537e+03	-6.65856469e+03
0.0375	5.11167428e+04	2.20625772e+04	-2.78643511e+04
0.0425	4.23647719e+04	1.60576124e+04	-1.83086535e+04
0.0475	3.40519856e+04	1.33107191e+04	-6.67199692e+03
0.0525	3.30808731e+04	1.00218835e+04	-6.20779950e+03
0.0575	2.78836577e+04	4.83161525e+03	-5.36448911e+03
0.0625	3.34557526e+04	1.43060462e+04	-2.33539048e+03
0.0675	2.68383545e+04	1.01819434e+04	3.52675149e+03
0.0725	2.53268991e+04	9.03669930e+03	2.14891007e+02
0.0775	2.51900974e+04	1.10472816e+04	-1.13274587e+03
0.0825	2.19102683e+04	7.70934107e+03	-4.48641556e+02
0.0875	1.87025617e+04	8.81528341e+03	-4.62592414e+02
0.0925	1.89808576e+04	6.85580325e+03	-2.32894007e+02
0.0975	1.52020547e+04	4.28814307e+03	-5.76818113e+02
0.1025	1.51054951e+04	6.05012510e+03	1.00148267e+03
0.1075	1.42233203e+04	5.35165799e+03	1.09922824e+03
0.1125	1.38592359e+04	5.70393409e+03	-9.58482282e+02
0.1175	1.29806115e+04	6.44278360e+03	-6.06103064e+02
0.1225	1.23454546e+04	3.35708118e+03	1.93333558e+03
0.1275	1.11161384e+04	2.82668368e+03	1.88833010e+02
0.1325	1.05276517e+04	2.67120455e+03	-4.81015160e+02
0.1375	1.00986591e+04	2.67066211e+03	4.60164983e+02
0.1425	9.33561533e+03	1.44269412e+03	-4.93645626e+02
0.1475	8.98581900e+03	3.77963901e+03	-9.71525857e+02
0.1525	8.37664800e+03	2.73495254e+03	-6.41261693e+02
0.1575	8.28707210e+03	2.91081259e+03	4.52508765e+02
0.1625	7.18267944e+03	1.61327559e+03	3.61936845e+02
0.1675	7.40895813e+03	3.01650584e+03	1.73287419e+03
0.1725	7.10627621e+03	2.00520665e+03	4.36733651e+02
0.1775	6.86260808e+03	1.86649145e+03	-2.62979854e+02
0.1825	6.29715196e+03	2.03737718e+03	2.78255116e+02
0.1875	6.26924247e+03	1.38272879e+03	3.12601485e+02
0.1925	6.10517722e+03	2.09820091e+03	5.68051583e+02
0.1975	5.92313783e+03	8.85776917e+02	7.98794919e+01
0.2025	5.49817941e+03	2.12904701e+03	9.80825069e+02
0.2075	5.11903582e+03	1.12035077e+03	2.46176071e+02
0.2125	5.11781762e+03	1.36143269e+03	1.76093376e+02
0.2175	4.89643303e+03	1.07152733e+03	4.42324661e+02
0.2225	4.74816641e+03	9.83435062e+02	5.60910513e+02
0.2275	4.15153279e+03	9.88120677e+02	1.71771197e+02
0.2325	4.44665969e+03	1.01177757e+03	4.53497829e+02
0.2375	4.24630857e+03	1.40553458e+03	1.86738548e+02
0.2425	4.10530761e+03	4.61020894e+02	5.46319121e+01
0.2475	3.90591215e+03	5.94205801e+02	3.14971498e+02
0.2525	3.71153734e+03	6.11362111e+02	4.31128789e+02
0.2575	3.66186104e+03	6.60398774e+02	-8.54488635e+01
0.2625	3.54649580e+03	4.28224807e+02	-2.75689219e+01
0.2675	3.44057426e+03	6.35924396e+02	4.54249041e+02
0.2725	3.28338759e+03	3.65611399e+02	6.26661361e+01
0.2775	3.12756505e+03	-2.04952098e+02	-6.00697717e+01
0.2825	2.95836956e+03	2.16195386e+02	2.25813177e+02
0.2875	2.89213370e+03	9.66875183e+01	1.19972493e+02
0.2925	3.03446198e+03	1.44561902e+02	2.49541341e+02
0.2975	2.70645920e+03	3.24310933e+02	-2.84694364e+01
