####### Power Spectrum of Patchy Simulation 421 #############
# Patch: ngc
# z-type: z3
# Weights: fkp
# Fiducial Omega_m: 0.310
# Fiducial h: 0.676
# Forward-model pixellation : 0
# Rando n-bar: 0
# Boxsize: [1800.0, 3400.0, 1900.0]
# Grid: [261, 500, 276]
# k-binning: [0.000, 0.310, 0.005]
# Monte Carlo Simulations: 100
#
# Format: k | P0 | P2 | P4
############################################
0.0125	6.53837587e+04	5.35445481e+04	1.64934288e+04
0.0175	7.06970743e+04	1.04389216e+04	-2.67885397e+04
0.0225	8.28267852e+04	6.55340419e+04	6.06310692e+03
0.0275	4.88241597e+04	9.33734172e+03	-2.89157972e+04
0.0325	4.86619520e+04	2.99272897e+04	-4.14451648e+03
0.0375	4.41497975e+04	-3.79629620e+03	-8.02795431e+03
0.0425	3.56712494e+04	1.41412385e+04	-5.86231173e+03
0.0475	3.44066230e+04	2.00372559e+04	-2.28507029e+03
0.0525	3.11000850e+04	1.18806390e+04	-1.36803306e+04
0.0575	3.23399181e+04	2.17704840e+04	7.68876287e+03
0.0625	2.63136634e+04	6.73879800e+03	-1.48281580e+03
0.0675	2.57135443e+04	1.16235525e+04	-1.08713203e+02
0.0725	2.43191174e+04	7.67203556e+03	2.54967993e+02
0.0775	2.24515251e+04	5.48990096e+03	2.89099341e+03
0.0825	1.90928285e+04	6.95327753e+03	1.17970355e+02
0.0875	1.90813745e+04	6.20756011e+03	-1.11690271e+03
0.0925	1.69908815e+04	7.22989318e+03	2.15799971e+03
0.0975	1.58517623e+04	5.28036363e+03	8.52400731e+01
0.1025	1.45856834e+04	5.61617795e+03	-1.30489124e+03
0.1075	1.33131154e+04	3.47515837e+03	3.34965281e+02
0.1125	1.21331186e+04	3.55886164e+03	6.69734911e+01
0.1175	1.29944067e+04	6.58852257e+03	-3.39855312e+02
0.1225	1.15016093e+04	4.21478120e+03	-6.38412234e+02
0.1275	1.09542619e+04	3.25521706e+03	-1.32387354e+03
0.1325	1.05013932e+04	4.99163623e+03	8.37072535e+02
0.1375	9.48363925e+03	1.83195432e+03	-5.95991692e+02
0.1425	9.13128385e+03	2.89774414e+03	2.36506009e+02
0.1475	8.00222357e+03	1.92145384e+03	-9.14790572e+02
0.1525	8.87180793e+03	3.29434362e+03	-5.83104480e+01
0.1575	7.34521101e+03	1.84100914e+03	-3.53722449e+02
0.1625	7.11271191e+03	2.42469670e+03	2.47950858e+02
0.1675	7.06300418e+03	2.45201607e+03	-5.76651256e+02
0.1725	6.63986459e+03	2.03616080e+03	-1.30882730e+02
0.1775	6.10367583e+03	1.30117619e+03	-3.14898972e+02
0.1825	6.37113944e+03	1.68898788e+03	8.33091289e+02
0.1875	5.92603099e+03	1.45828970e+03	-3.51223337e+02
0.1925	5.42998673e+03	9.23596237e+02	-7.69017490e+02
0.1975	5.63801705e+03	2.50385198e+03	8.20585399e+02
0.2025	5.03090068e+03	1.03754694e+03	-7.78006527e+02
0.2075	5.11927320e+03	1.89373424e+03	2.89223852e+02
0.2125	4.70027083e+03	1.01513686e+03	1.75634675e+02
0.2175	4.56210544e+03	7.35006076e+02	-3.00275970e+02
0.2225	4.13233866e+03	8.76388384e+02	4.23168410e+02
0.2275	4.45254743e+03	1.76630123e+03	4.83646553e+02
0.2325	3.87391012e+03	5.03417087e+02	-3.85227383e+02
0.2375	4.05884630e+03	1.22052310e+03	4.04852206e+02
0.2425	3.56609908e+03	2.46424843e+02	3.22287806e+02
0.2475	3.83333344e+03	8.80211754e+02	4.04932046e+01
0.2525	3.39783391e+03	2.93375296e+02	4.68579554e+02
0.2575	3.33128566e+03	3.35617741e+02	7.66408528e+01
0.2625	3.19508712e+03	1.09638427e+03	6.07143292e+02
0.2675	3.06263994e+03	2.69273606e+02	-1.80597879e+02
0.2725	3.14423327e+03	8.47894315e+02	4.02252845e+02
0.2775	2.75941647e+03	1.50890355e+02	4.32777824e+01
0.2825	2.89869511e+03	3.91250375e+02	7.07840635e+02
0.2875	2.70278573e+03	5.27162988e+01	2.19609705e+02
0.2925	2.65957221e+03	3.64857376e+02	6.90344253e+01
0.2975	2.67730685e+03	5.79282963e+02	1.44584566e+02
