####### Power Spectrum of Patchy Simulation 805 #############
# Patch: ngc
# z-type: z1
# Weights: fkp
# Fiducial Omega_m: 0.310
# Fiducial h: 0.676
# Forward-model pixellation : 0
# Rando n-bar: 0
# Boxsize: [1350.0, 2450.0, 1400.0]
# Grid: [193, 353, 200]
# k-binning: [0.000, 0.310, 0.005]
# Monte Carlo Simulations: 100
#
# Format: k | P0 | P2 | P4
############################################
0.0125	1.16483942e+05	8.20891343e+04	4.26961958e+04
0.0175	4.41556550e+04	3.83543512e+04	2.97519251e+04
0.0225	8.25390709e+04	4.58287868e+04	8.74253895e+03
0.0275	5.68577749e+04	1.20546747e+04	-4.27083416e+04
0.0325	5.62378066e+04	4.28571187e+03	-2.73009594e+04
0.0375	4.78196002e+04	2.31445014e+04	2.56613993e+04
0.0425	4.24444752e+04	2.30621836e+04	-1.86143836e+03
0.0475	3.83642809e+04	1.75215888e+04	-9.18421446e+03
0.0525	2.98889975e+04	1.48939980e+04	2.76368645e+03
0.0575	2.83178783e+04	6.69722808e+03	3.39120085e+03
0.0625	3.13260942e+04	1.63945168e+04	2.66502570e+03
0.0675	2.91933827e+04	6.66782565e+03	-5.46315975e+03
0.0725	2.61325680e+04	9.90496618e+03	1.44004788e+03
0.0775	2.41697524e+04	6.87785131e+03	1.89176272e+03
0.0825	2.18407663e+04	6.12578090e+03	8.62500815e+02
0.0875	1.93581085e+04	7.28979195e+03	7.24974731e+02
0.0925	1.77114814e+04	6.81121015e+03	-2.01528589e+03
0.0975	1.68744908e+04	5.17907751e+03	-2.62990378e+03
0.1025	1.56375656e+04	7.80494163e+03	2.73574033e+03
0.1075	1.37966122e+04	4.52811228e+03	-1.33668363e+03
0.1125	1.28510178e+04	3.98682457e+03	1.66587636e+03
0.1175	1.26813724e+04	3.51714533e+03	2.08357287e+03
0.1225	1.19986251e+04	3.59735701e+03	1.15868822e+03
0.1275	1.15813034e+04	4.16400866e+03	1.90484579e+03
0.1325	1.08497418e+04	3.61403944e+03	-6.46018789e+01
0.1375	1.03562414e+04	2.55684322e+03	-3.85353162e+02
0.1425	9.20360169e+03	2.69010284e+03	3.74218693e+02
0.1475	9.23963500e+03	2.57589488e+03	5.38410854e+02
0.1525	8.77417413e+03	3.19764342e+03	2.05108065e+02
0.1575	8.04409704e+03	2.70252166e+03	8.27718695e+02
0.1625	7.60608975e+03	1.92634492e+03	4.91356668e+02
0.1675	7.16152254e+03	3.25323069e+03	5.17254125e+02
0.1725	7.21811329e+03	2.64139806e+03	1.84985572e+02
0.1775	7.05781640e+03	2.33241122e+03	1.08232249e+03
0.1825	6.36183650e+03	1.77100067e+03	4.81799951e+02
0.1875	6.23421505e+03	1.99618306e+03	6.35469247e+02
0.1925	5.90948456e+03	1.54819950e+03	-1.52336320e+02
0.1975	5.81434229e+03	1.40040841e+03	5.19272075e+02
0.2025	5.35414676e+03	1.56074743e+03	-1.67259198e+01
0.2075	5.39841347e+03	1.29057392e+03	5.32893429e+02
0.2125	5.32945513e+03	7.20141068e+02	2.73671700e+02
0.2175	4.65801997e+03	1.01921431e+03	9.66452329e+01
0.2225	4.76822934e+03	1.33473632e+03	3.25232692e+02
0.2275	4.53421616e+03	1.40413447e+03	7.62311359e+02
0.2325	4.53887568e+03	5.61752153e+02	-1.06176899e+02
0.2375	4.22204395e+03	1.76295810e+02	2.37359663e+02
0.2425	3.96438555e+03	8.89878414e+02	2.15136621e+02
0.2475	3.84108880e+03	8.94044588e+02	4.17939845e+02
0.2525	3.78637032e+03	5.68730022e+02	9.34679773e+01
0.2575	3.55954903e+03	4.63005588e+02	1.50252939e+02
0.2625	3.37502636e+03	4.53309233e+02	1.33572588e+02
0.2675	3.48895559e+03	6.90629012e+02	3.67049037e+02
0.2725	3.23136028e+03	4.35327548e+02	3.60856769e+02
0.2775	3.29132979e+03	1.58973150e+02	1.00854706e+02
0.2825	3.20784796e+03	2.43438912e+02	4.65614386e+02
0.2875	2.96729410e+03	1.30013032e+02	4.83807020e+02
0.2925	3.00250761e+03	2.38010411e+02	-1.46043622e+02
0.2975	2.87038759e+03	1.22076466e+02	5.83232265e+02
