####### Power Spectrum of Patchy Simulation 529 #############
# Patch: ngc
# z-type: z3
# Weights: fkp
# Fiducial Omega_m: 0.310
# Fiducial h: 0.676
# Forward-model pixellation : 0
# Rando n-bar: 0
# Boxsize: [1800.0, 3400.0, 1900.0]
# Grid: [261, 500, 276]
# k-binning: [0.000, 0.310, 0.005]
# Monte Carlo Simulations: 100
#
# Format: k | P0 | P2 | P4
############################################
0.0125	1.03617050e+05	7.40574404e+04	5.86110539e+03
0.0175	5.16681404e+04	-2.61795359e+04	-3.31715587e+04
0.0225	6.27132394e+04	3.52251855e+04	3.01005478e+04
0.0275	5.28001559e+04	2.26891677e+04	-1.30000563e+04
0.0325	5.39266183e+04	1.96665008e+04	-1.44561143e+04
0.0375	4.14947991e+04	1.13432110e+04	1.14061349e+04
0.0425	4.02264729e+04	1.55937505e+04	7.35563631e+03
0.0475	3.37998724e+04	1.70433159e+04	-2.20537341e+03
0.0525	3.12620505e+04	1.41974504e+04	-6.27063610e+01
0.0575	3.24258855e+04	9.84834586e+03	-1.97949781e+03
0.0625	2.46675982e+04	7.04990181e+03	5.13412815e+03
0.0675	2.68050164e+04	1.60330109e+04	4.05648191e+03
0.0725	2.41538224e+04	9.42732888e+03	6.55034468e+02
0.0775	2.06864934e+04	6.10081526e+03	1.12921108e+03
0.0825	2.10734181e+04	5.72421951e+03	-2.76751236e+03
0.0875	1.83877898e+04	6.59193460e+03	8.32901130e+02
0.0925	1.68693988e+04	4.62279553e+03	-3.96179972e+03
0.0975	1.63598061e+04	1.10574598e+04	3.97282795e+02
0.1025	1.32309989e+04	3.43276061e+03	-8.81720740e+02
0.1075	1.29659309e+04	5.37988922e+03	2.99985018e+03
0.1125	1.29931083e+04	5.23033171e+03	-8.69366506e+01
0.1175	1.20772811e+04	1.99931442e+03	-2.12871879e+03
0.1225	1.14810478e+04	6.00893895e+03	2.91079936e+03
0.1275	1.01529411e+04	4.17720812e+03	-5.95559298e+00
0.1325	1.08703161e+04	5.36269842e+03	3.52435395e+02
0.1375	9.30912400e+03	3.13004087e+03	5.05329266e+02
0.1425	8.82058938e+03	8.29674302e+02	-2.37414104e+03
0.1475	9.44788443e+03	4.63799447e+03	1.73883324e+03
0.1525	7.70978447e+03	1.76782280e+03	-2.68426843e+02
0.1575	8.21199911e+03	3.33949446e+03	4.46523221e+02
0.1625	7.14492276e+03	2.99168274e+03	2.17580281e+03
0.1675	6.98863904e+03	1.12449197e+03	-2.42730830e+02
0.1725	6.78613065e+03	2.61922578e+03	9.57627088e+02
0.1775	6.30713452e+03	1.25279360e+03	-6.77899282e+02
0.1825	6.32639870e+03	2.52530617e+03	-2.82963488e+02
0.1875	6.01255120e+03	2.37807542e+03	3.22454311e+02
0.1925	5.59947888e+03	1.31957549e+03	1.49022955e+02
0.1975	5.69201197e+03	1.36120308e+03	-3.56666931e+02
0.2025	5.03643615e+03	1.33083381e+03	-2.97467218e+02
0.2075	4.96652770e+03	1.02489732e+03	4.01840409e+02
0.2125	4.69949016e+03	8.36802596e+02	-3.62727779e+02
0.2175	4.62621121e+03	6.02629889e+02	4.53297464e+02
0.2225	4.35521993e+03	1.30961432e+03	2.66955843e+02
0.2275	3.90865739e+03	4.50517167e+02	1.82095003e+02
0.2325	3.92876304e+03	5.52139341e+02	-1.75112788e+01
0.2375	3.99072510e+03	9.91585074e+02	4.17578352e+02
0.2425	3.86816606e+03	6.72402763e+02	-3.02690632e+02
0.2475	3.56089098e+03	9.08633842e+02	3.32460166e+02
0.2525	3.52830198e+03	5.30657421e+02	-3.42361196e+02
0.2575	3.34252445e+03	4.62592483e+02	6.16977442e+02
0.2625	3.20878268e+03	-5.37014351e+01	-8.53870502e+00
0.2675	3.12187611e+03	9.27370947e+02	4.21480885e+02
0.2725	2.86068822e+03	-7.46256777e+01	-2.14551346e+02
0.2775	2.87667346e+03	4.29167225e+02	1.54120573e+02
0.2825	2.80267263e+03	1.46445018e+02	1.69442306e+02
0.2875	2.85547590e+03	3.35206271e+02	4.44812083e+02
0.2925	2.61177365e+03	-1.05511517e+02	2.57257316e+01
0.2975	2.72520084e+03	7.30209375e+02	2.88472031e+02
