####### Power Spectrum of Patchy Simulation 669 #############
# Patch: ngc
# z-type: z3
# Weights: fkp
# Fiducial Omega_m: 0.310
# Fiducial h: 0.676
# Forward-model pixellation : 0
# Rando n-bar: 0
# Boxsize: [1800.0, 3400.0, 1900.0]
# Grid: [261, 500, 276]
# k-binning: [0.000, 0.310, 0.005]
# Monte Carlo Simulations: 100
#
# Format: k | P0 | P2 | P4
############################################
0.0125	6.54490036e+04	6.30932839e+04	-2.16981743e+04
0.0175	6.51199352e+04	3.42170805e+04	1.70147953e+04
0.0225	5.85006524e+04	2.98096260e+04	2.88300566e+04
0.0275	6.04134265e+04	4.75022155e+04	3.71926765e+04
0.0325	5.86048202e+04	2.36573336e+04	-5.86007874e+03
0.0375	4.29006109e+04	2.15765913e+04	-5.00379272e+03
0.0425	3.49389031e+04	9.92837718e+03	5.42094869e+03
0.0475	3.60775671e+04	2.57500750e+04	1.18527767e+04
0.0525	2.89922865e+04	-2.15764619e+03	-4.60364849e+03
0.0575	3.17215503e+04	1.80931208e+04	3.07605918e+02
0.0625	2.81848265e+04	1.19987718e+04	5.63532455e+03
0.0675	2.42008808e+04	1.17338998e+04	2.22602094e+03
0.0725	2.48245417e+04	8.27983554e+03	3.41287619e+03
0.0775	2.41055298e+04	6.96077348e+03	-4.32320598e+03
0.0825	1.99290831e+04	1.05048147e+04	3.51985771e+03
0.0875	1.81759312e+04	7.92862785e+03	4.97775772e+03
0.0925	1.48745550e+04	3.57742140e+03	-3.30655974e+03
0.0975	1.70936182e+04	9.96472565e+03	2.49605889e+03
0.1025	1.38212003e+04	3.28514189e+03	6.33012717e+02
0.1075	1.40945548e+04	5.82690986e+03	-2.26317123e+03
0.1125	1.21286965e+04	4.90695275e+03	6.62848618e+02
0.1175	1.25657874e+04	5.46506151e+03	6.24023369e+02
0.1225	1.15171914e+04	3.99747025e+03	8.07996576e+02
0.1275	1.07953126e+04	3.71607270e+03	6.12880529e+02
0.1325	1.06527228e+04	4.43152966e+03	-1.52498789e+03
0.1375	9.96503402e+03	2.54603601e+03	1.13297694e+03
0.1425	9.11377501e+03	2.98134404e+03	1.52110180e+02
0.1475	9.29888551e+03	4.19834679e+03	3.43726037e+02
0.1525	7.98097602e+03	2.67868722e+03	8.68824964e+02
0.1575	7.61884516e+03	2.32061738e+03	2.49656492e+02
0.1625	7.36949696e+03	1.98464616e+03	-6.34824753e+01
0.1675	6.75139495e+03	2.40622178e+03	6.33265765e+02
0.1725	6.89996480e+03	2.74470796e+03	5.44782757e+02
0.1775	5.95430858e+03	8.98998780e+02	-2.77059478e+02
0.1825	6.14356782e+03	2.53393531e+03	8.17923170e+02
0.1875	6.29328651e+03	2.36939107e+03	1.24888934e+02
0.1925	5.43424935e+03	1.35953079e+03	5.77264251e+02
0.1975	5.70354819e+03	1.57570044e+03	-2.01452835e+02
0.2025	5.04172392e+03	1.54074829e+03	6.58742553e+02
0.2075	4.77365570e+03	1.93169246e+03	4.77483214e+01
0.2125	4.73626299e+03	7.29488890e+02	1.74251124e+02
0.2175	4.59306025e+03	1.69853697e+03	3.95877811e+02
0.2225	4.09449545e+03	7.32524673e+02	-2.56698464e+02
0.2275	4.12810517e+03	8.11375774e+02	1.77427854e+01
0.2325	3.85840871e+03	9.00751555e+02	4.25768726e+02
0.2375	3.79254240e+03	7.44922397e+02	-3.63130846e+02
0.2425	3.91940302e+03	5.01248087e+02	-6.94325328e+01
0.2475	3.57381683e+03	1.25029252e+03	4.52861331e+02
0.2525	3.67240567e+03	4.15254894e+02	4.42990374e+02
0.2575	3.33967090e+03	3.21013485e+02	3.33609699e+02
0.2625	3.23182708e+03	6.90466292e+02	2.66522621e+02
0.2675	3.15128926e+03	3.34656135e+02	-2.08611532e+02
0.2725	3.24617700e+03	3.88725029e+02	1.44257976e+02
0.2775	2.96796759e+03	2.81869804e+02	6.99153085e+01
0.2825	2.73174982e+03	2.41580479e+02	8.56674881e+01
0.2875	2.87622811e+03	9.58675356e+02	5.98271410e+02
0.2925	2.54035331e+03	-8.63292016e+01	-1.22515859e+02
0.2975	2.77451329e+03	8.19952838e+02	3.16438996e+02
