####### Power Spectrum of Patchy Simulation 861 #############
# Patch: ngc
# z-type: z1
# Weights: fkp
# Fiducial Omega_m: 0.310
# Fiducial h: 0.676
# Forward-model pixellation : 0
# Rando n-bar: 0
# Boxsize: [1350.0, 2450.0, 1400.0]
# Grid: [193, 353, 200]
# k-binning: [0.000, 0.310, 0.005]
# Monte Carlo Simulations: 100
#
# Format: k | P0 | P2 | P4
############################################
0.0125	7.75393734e+04	6.27831076e+04	2.60971709e+04
0.0175	7.68859484e+04	5.44690093e+04	1.22461329e+04
0.0225	7.15859471e+04	2.22444548e+04	2.18834857e+04
0.0275	5.11137778e+04	1.42949319e+04	3.18703542e+03
0.0325	5.45871203e+04	3.01801461e+04	-7.49239369e+03
0.0375	4.34704978e+04	5.52646841e+03	1.32755844e+02
0.0425	4.18620665e+04	1.44204424e+04	7.47324572e+03
0.0475	3.29617656e+04	7.56192833e+03	-1.35704845e+03
0.0525	3.45329602e+04	9.76889412e+03	-5.50325370e+03
0.0575	3.15829292e+04	1.38905163e+04	2.05726242e+02
0.0625	2.90140060e+04	1.08123506e+04	-9.47084159e+02
0.0675	2.78015184e+04	4.07934410e+03	-3.72746353e+03
0.0725	2.44967487e+04	9.70597119e+03	-1.87374836e+03
0.0775	2.21458484e+04	7.64517793e+03	6.97125785e+02
0.0825	2.18432791e+04	9.31080764e+03	7.00192543e+02
0.0875	1.83825427e+04	6.80733572e+03	5.99178978e+02
0.0925	1.87139508e+04	7.57651724e+03	3.51135653e+03
0.0975	1.56938908e+04	6.06671436e+03	1.72246323e+03
0.1025	1.50442260e+04	4.26237951e+03	-2.31483035e+03
0.1075	1.38563717e+04	4.81969608e+03	-9.84932238e+02
0.1125	1.31965515e+04	3.57374297e+03	-9.09393699e+02
0.1175	1.25401465e+04	5.71803160e+03	1.23309883e+03
0.1225	1.11174401e+04	2.45585785e+03	-1.25657425e+03
0.1275	1.11429018e+04	3.86576687e+03	7.99824540e+02
0.1325	1.07520734e+04	4.06416842e+03	-3.35618043e+02
0.1375	1.01903009e+04	3.09528325e+03	1.34409614e+03
0.1425	9.22076438e+03	2.56332616e+03	9.06902251e+02
0.1475	9.04917769e+03	3.01042345e+03	5.36610004e+02
0.1525	8.47266209e+03	2.08977186e+03	5.81530094e+02
0.1575	7.82702765e+03	2.77065383e+03	-4.02454232e+02
0.1625	7.27965297e+03	3.06912020e+03	8.49933373e+02
0.1675	7.78161350e+03	2.29862148e+03	9.17754705e+02
0.1725	6.68874981e+03	1.35861499e+03	4.70635781e+02
0.1775	6.71858927e+03	1.28434346e+03	3.68398820e+02
0.1825	5.96633724e+03	1.53058707e+03	-8.58667778e+02
0.1875	6.39176316e+03	1.80015508e+03	2.22499739e+02
0.1925	5.85060409e+03	1.27219217e+03	-7.00785820e+01
0.1975	5.39512512e+03	7.28111432e+02	-2.72074211e+02
0.2025	5.44155024e+03	1.48478499e+03	2.76982304e+02
0.2075	5.07803658e+03	7.50981785e+02	5.50475046e+02
0.2125	4.83680580e+03	1.18891738e+03	4.17181344e+02
0.2175	4.97664577e+03	9.54156520e+02	5.23145605e+02
0.2225	4.60944850e+03	1.12452019e+03	2.56553443e+01
0.2275	4.41967785e+03	5.70174659e+02	1.25264663e+01
0.2325	4.19034944e+03	7.76101312e+02	2.92423008e+02
0.2375	3.97863799e+03	7.80950963e+02	5.30195253e+02
0.2425	4.01599283e+03	9.33657083e+02	6.75591189e+02
0.2475	3.82532898e+03	4.28242423e+02	1.38152615e+01
0.2525	3.60164044e+03	4.13522508e+02	-2.13951010e+02
0.2575	3.64508822e+03	6.83808533e+02	7.19397826e+02
0.2625	3.34996862e+03	4.53365402e+02	5.38088397e+02
0.2675	3.37433762e+03	4.26096762e+02	-2.92264636e+02
0.2725	3.15768501e+03	2.51826359e+02	3.15946963e+02
0.2775	3.14482058e+03	3.69974884e+02	2.17563725e+02
0.2825	3.00199471e+03	1.10761628e+02	4.57608168e+02
0.2875	2.90803648e+03	4.84051378e+02	6.24289962e+02
0.2925	2.80364907e+03	1.44537177e+02	3.89441056e+02
0.2975	2.92028608e+03	5.79981492e+01	3.24442526e+02
