####### Power Spectrum of Patchy Simulation 474 #############
# Patch: sgc
# z-type: z1
# Weights: fkp
# Fiducial Omega_m: 0.310
# Fiducial h: 0.676
# Forward-model pixellation : 0
# Rando n-bar: 0
# Boxsize: [1000.0, 1900.0, 1100.0]
# Grid: [146, 276, 161]
# k-binning: [0.000, 0.310, 0.005]
# Monte Carlo Simulations: 100
#
# Format: k | P0 | P2 | P4
############################################
0.0125	9.00330277e+04	-9.28120005e+03	-1.17036834e+05
0.0175	7.79294838e+04	1.30894175e+05	1.27566944e+05
0.0225	4.26821009e+04	4.08318925e+03	-8.89543811e+04
0.0275	8.19276657e+04	5.67186938e+04	-2.83680297e+04
0.0325	3.85725000e+04	-4.32671721e+03	-9.83450265e+02
0.0375	5.82302773e+04	2.61067113e+04	-8.35238454e+03
0.0425	3.47374365e+04	2.17764304e+04	1.37487692e+04
0.0475	3.83177578e+04	7.30752301e+02	-5.39057066e+03
0.0525	3.30053585e+04	1.35025939e+04	2.08945442e+04
0.0575	2.83436964e+04	1.09090442e+04	-2.33753996e+03
0.0625	3.15332766e+04	9.81090134e+03	6.64095412e+03
0.0675	2.65232310e+04	1.47279016e+04	2.15591371e+03
0.0725	3.16135673e+04	2.67482938e+03	-4.85218779e+03
0.0775	2.55731064e+04	1.03638541e+04	-2.99442644e+03
0.0825	2.13689275e+04	1.05041572e+04	-2.55711780e+03
0.0875	1.83253824e+04	-2.66333625e+02	-2.47457760e+03
0.0925	1.85502039e+04	9.61414648e+03	8.97677165e+01
0.0975	1.38697911e+04	8.44725454e+03	7.03782946e+02
0.1025	1.47830886e+04	6.86775715e+03	-4.63911398e+02
0.1075	1.38812675e+04	6.64664182e+03	4.96519717e+02
0.1125	1.44284218e+04	3.94760369e+03	5.28708962e+03
0.1175	1.32141454e+04	7.60482075e+03	-2.56043880e+03
0.1225	1.23967226e+04	3.21001255e+03	-2.95910082e+03
0.1275	1.23011607e+04	4.85382319e+03	-1.51358931e+03
0.1325	1.07086821e+04	4.13714966e+03	-3.07977788e+00
0.1375	9.89268660e+03	3.29835554e+03	-1.93832548e+03
0.1425	9.79209366e+03	1.97475020e+03	4.73668831e+02
0.1475	8.93415281e+03	3.20556083e+03	-1.10569204e+03
0.1525	8.86818859e+03	1.49439668e+03	-8.67124612e+02
0.1575	8.38859071e+03	3.09745119e+03	5.10311055e+01
0.1625	8.04284019e+03	1.43030994e+03	-9.23247869e+02
0.1675	7.20916374e+03	1.95203989e+03	-1.09364504e+02
0.1725	7.09837110e+03	2.94114206e+03	8.60255259e+02
0.1775	7.46654626e+03	2.22365342e+03	-1.16704948e+03
0.1825	6.22681498e+03	2.74247020e+03	1.36593754e+03
0.1875	7.06043606e+03	2.08079934e+03	4.33125202e+01
0.1925	5.35902281e+03	1.34364021e+03	1.86611206e+02
0.1975	5.74466886e+03	1.12075939e+03	-2.90256113e+02
0.2025	5.77669254e+03	1.00868635e+03	4.13768633e+02
0.2075	5.30757047e+03	5.33106985e+02	8.53881829e+02
0.2125	4.73633181e+03	1.73816508e+03	1.92524823e+03
0.2175	5.26847214e+03	8.19979028e+02	-9.55374270e+01
0.2225	4.85544974e+03	1.50265452e+03	-9.86942980e+01
0.2275	4.44105782e+03	7.74365250e+02	-3.34346380e+02
0.2325	4.49900640e+03	1.08689090e+03	1.75946892e+02
0.2375	4.33132469e+03	9.64899498e+02	4.89672705e+02
0.2425	4.22532456e+03	7.06140311e+02	1.88552047e+02
0.2475	3.83661643e+03	2.94768927e+02	1.63613984e+02
0.2525	4.07467801e+03	7.06989073e+02	-4.52439398e+02
0.2575	3.56634550e+03	3.50721159e+02	9.66918958e+02
0.2625	3.41391427e+03	1.03423352e+03	4.70706727e+02
0.2675	3.68137065e+03	1.87498247e+02	-2.40988067e+02
0.2725	3.45318429e+03	4.81136384e+02	5.73925891e+02
0.2775	3.22912481e+03	4.61198221e+02	7.98626566e+02
0.2825	3.12014732e+03	3.34159282e+02	-7.02982138e+01
0.2875	3.29120970e+03	6.47302439e+02	2.24716913e+02
0.2925	2.93857313e+03	4.81882092e+02	4.85874721e+02
0.2975	2.92014922e+03	-2.06035208e+02	1.75694567e+01
