####### Power Spectrum of Patchy Simulation 750 #############
# Patch: sgc
# z-type: z3
# Weights: fkp
# Fiducial Omega_m: 0.310
# Fiducial h: 0.676
# Forward-model pixellation : 0
# Rando n-bar: 0
# Boxsize: [1000.0, 2600.0, 1500.0]
# Grid: [146, 384, 215]
# k-binning: [0.000, 0.310, 0.005]
# Monte Carlo Simulations: 100
#
# Format: k | P0 | P2 | P4
############################################
0.0125	2.10496312e+04	6.01403417e+04	9.26357577e+04
0.0175	7.69455118e+04	-1.24949644e+04	-1.08204273e+05
0.0225	8.42238250e+04	-5.06381218e+04	2.70432256e+04
0.0275	4.97495270e+04	6.28725213e+04	7.84792271e+04
0.0325	6.15236701e+04	4.20657342e+04	2.65513111e+04
0.0375	4.29549142e+04	2.23807268e+04	-8.57745933e+03
0.0425	3.92786861e+04	2.89931800e+04	2.17201287e+04
0.0475	3.70656846e+04	1.40385118e+04	-9.58994246e+03
0.0525	2.90232332e+04	2.19860252e+04	1.23212957e+04
0.0575	3.11772114e+04	1.03816943e+04	9.46999674e+03
0.0625	2.83158937e+04	1.48020563e+04	-5.75486123e+03
0.0675	2.66197466e+04	9.33883916e+03	3.08990673e+03
0.0725	2.76735523e+04	1.20807452e+04	-1.03902087e+04
0.0775	2.41378066e+04	1.18424872e+04	-7.07498126e+03
0.0825	2.05897649e+04	7.85897789e+03	1.85010094e+03
0.0875	2.11548612e+04	8.92051721e+03	1.36848789e+02
0.0925	1.91923762e+04	8.04597882e+03	2.44618398e+02
0.0975	1.37742756e+04	2.50785599e+03	-2.73159932e+02
0.1025	1.60751434e+04	9.19564013e+03	4.60297043e+03
0.1075	1.28485121e+04	1.93148414e+03	3.11485565e+03
0.1125	1.48044585e+04	8.70176612e+03	2.56413273e+02
0.1175	1.27556451e+04	1.24489482e+03	1.61064747e+03
0.1225	1.16215621e+04	9.50597477e+03	3.01701863e+03
0.1275	1.23786408e+04	2.96206485e+03	-1.22978349e+03
0.1325	1.11818147e+04	1.97653102e+03	7.01520978e+02
0.1375	1.08585479e+04	3.85913852e+03	-1.26558886e+03
0.1425	9.81786872e+03	2.65761184e+03	-4.92171073e+02
0.1475	9.60275765e+03	1.80902746e+03	7.60885036e+02
0.1525	8.83002193e+03	3.66032683e+03	-3.98231794e+01
0.1575	7.82286510e+03	1.57450394e+03	-1.86414498e+03
0.1625	7.79960555e+03	3.10999044e+03	-8.48179075e+02
0.1675	7.06391869e+03	8.84369277e+02	1.12799984e+03
0.1725	6.68291022e+03	2.34844651e+03	1.78600711e+03
0.1775	7.80876964e+03	2.15427028e+03	-9.35204522e+02
0.1825	5.94811157e+03	2.51806928e+03	1.06494600e+03
0.1875	6.25062596e+03	2.98731860e+03	2.04927285e+03
0.1925	6.13839635e+03	8.24685709e+02	7.80932072e+02
0.1975	5.76804737e+03	1.21548755e+03	-2.79242143e+02
0.2025	5.46933012e+03	1.96005864e+03	1.24807678e+03
0.2075	5.57069981e+03	1.52944434e+03	4.99194308e+02
0.2125	5.06448840e+03	1.46416003e+03	-3.05412828e+02
0.2175	4.99080414e+03	1.75808063e+03	1.33553728e+03
0.2225	5.05168399e+03	1.52673274e+03	-7.77501523e+01
0.2275	4.45439928e+03	4.36055716e+02	-2.95141959e+02
0.2325	4.49159215e+03	1.58061928e+03	3.33411949e+02
0.2375	4.30804623e+03	7.64072317e+02	-2.23689294e+02
0.2425	3.94162552e+03	-3.04086040e+02	-4.25701663e+02
0.2475	4.02044808e+03	1.13029164e+03	4.84902855e+02
0.2525	3.68355720e+03	1.06397160e+02	5.75582693e+02
0.2575	3.84102371e+03	1.01664462e+03	4.12007805e+02
0.2625	3.24475793e+03	6.08671120e+02	4.52451404e+02
0.2675	3.29704359e+03	8.67617653e+02	8.49458450e+02
0.2725	3.18614314e+03	-9.65381934e+01	7.61282836e+02
0.2775	2.96909039e+03	1.89283770e+02	7.39957824e+02
0.2825	3.65436194e+03	1.99228618e+02	-1.03255437e+02
0.2875	2.79866872e+03	2.57608592e+02	4.63000959e+02
0.2925	3.12702658e+03	4.55287364e+02	-1.70707790e+02
0.2975	2.79621720e+03	3.60030906e+02	4.87311766e+01
