####### Power Spectrum of Patchy Simulation 432 #############
# Patch: ngc
# z-type: z3
# Weights: fkp
# Fiducial Omega_m: 0.310
# Fiducial h: 0.676
# Forward-model pixellation : 0
# Rando n-bar: 0
# Boxsize: [1800.0, 3400.0, 1900.0]
# Grid: [261, 500, 276]
# k-binning: [0.000, 0.310, 0.005]
# Monte Carlo Simulations: 100
#
# Format: k | P0 | P2 | P4
############################################
0.0125	3.87853738e+04	-2.61778806e+03	9.25276997e+04
0.0175	5.74698638e+04	4.75536732e+04	-3.68373318e+04
0.0225	6.51898336e+04	3.18587619e+04	3.24463864e+03
0.0275	5.19009329e+04	1.93702716e+04	-7.40430541e+03
0.0325	4.91170577e+04	2.72824827e+04	1.41036264e+04
0.0375	5.30055319e+04	2.89038364e+04	-1.81784047e+04
0.0425	3.59656963e+04	1.05379024e+04	-2.09912419e+03
0.0475	3.65476849e+04	2.54716707e+04	1.48779756e+04
0.0525	3.31501186e+04	1.37138698e+04	-5.40079982e+03
0.0575	2.73141896e+04	7.45998608e+03	3.92999624e+03
0.0625	2.89554480e+04	9.51275070e+03	4.01765677e+03
0.0675	2.71536055e+04	1.82732647e+04	1.41630833e+03
0.0725	2.30856907e+04	4.96519021e+03	-1.07609438e+03
0.0775	2.29949721e+04	1.03638613e+04	4.54134788e+03
0.0825	1.96652723e+04	3.14627465e+03	-2.31963312e+03
0.0875	2.10853491e+04	1.00031004e+04	3.52725085e+03
0.0925	1.58360403e+04	2.46446106e+03	-2.15753899e+03
0.0975	1.57149241e+04	7.77890372e+03	3.18043057e+03
0.1025	1.46399235e+04	7.27123394e+03	1.04734408e+03
0.1075	1.26973626e+04	2.01837813e+03	-1.59052165e+03
0.1125	1.33141315e+04	5.49119959e+03	1.75008026e+03
0.1175	1.18015323e+04	4.11076935e+03	-1.19383686e+03
0.1225	1.16944401e+04	5.02506896e+03	-1.14401378e+03
0.1275	1.09126316e+04	3.98827645e+03	-2.48204637e+02
0.1325	1.08120203e+04	4.13610502e+03	-3.86409667e+02
0.1375	9.52728376e+03	3.48003971e+03	2.70380937e+03
0.1425	9.73968794e+03	3.43131518e+03	-4.80804985e+02
0.1475	9.21667285e+03	3.44759068e+03	1.03667691e+01
0.1525	8.24437547e+03	2.26694728e+03	-1.37336720e+02
0.1575	7.42851539e+03	2.87015190e+03	6.43403858e+02
0.1625	7.74552240e+03	2.27456584e+03	-9.39474655e+02
0.1675	7.29629844e+03	2.54021385e+03	7.89189419e+02
0.1725	6.56957530e+03	2.02581448e+03	-7.59023369e+02
0.1775	6.07004247e+03	2.12100103e+03	1.06374596e+03
0.1825	6.32858977e+03	2.14064298e+03	-1.89772847e+02
0.1875	6.13622731e+03	1.84662034e+03	-2.00085988e+02
0.1925	5.73142769e+03	6.86885694e+02	9.93473758e+01
0.1975	5.43858264e+03	1.87375135e+03	4.77999196e+02
0.2025	4.63188532e+03	1.49624632e+03	4.53413818e+02
0.2075	5.38960287e+03	1.45669376e+03	2.56152483e+02
0.2125	4.72831766e+03	9.67448554e+02	-3.49525214e+02
0.2175	4.72697283e+03	2.27984828e+03	9.64783040e+02
0.2225	4.34355962e+03	2.73901531e+02	3.39511409e+02
0.2275	4.06406956e+03	1.04889725e+03	2.09163314e+02
0.2325	4.14414766e+03	1.00473858e+03	2.63229367e+01
0.2375	4.03903027e+03	9.19163864e+02	1.19952949e+02
0.2425	3.87997651e+03	6.11720421e+02	-9.87165723e+01
0.2475	3.72624622e+03	9.49407103e+02	6.63580337e+02
0.2525	3.48765556e+03	1.01973815e+02	-8.28423626e-01
0.2575	3.39723274e+03	1.30895868e+03	7.77524676e+02
0.2625	3.25278367e+03	-4.78654178e+01	-1.35323889e+02
0.2675	3.22794135e+03	6.21182692e+02	3.12894922e+02
0.2725	3.12098784e+03	8.34343064e+02	2.65735752e+01
0.2775	3.05295758e+03	4.86516566e+02	2.69514704e+02
0.2825	2.77427009e+03	-2.82211034e+01	1.19941446e+02
0.2875	2.89435758e+03	5.33925139e+02	-2.81204417e+02
0.2925	2.56091701e+03	7.21939166e+01	3.96321379e+02
0.2975	3.02217965e+03	8.40892890e+02	2.60326907e+02
