####### Power Spectrum of Patchy Simulation 265 #############
# Patch: sgc
# z-type: z1
# Weights: fkp
# Fiducial Omega_m: 0.310
# Fiducial h: 0.676
# Forward-model pixellation : 0
# Rando n-bar: 0
# Boxsize: [1000.0, 1900.0, 1100.0]
# Grid: [146, 276, 161]
# k-binning: [0.000, 0.310, 0.005]
# Monte Carlo Simulations: 100
#
# Format: k | P0 | P2 | P4
############################################
0.0125	7.86128758e+04	-4.98266091e+04	9.73820921e+04
0.0175	6.26211526e+04	-5.50219622e+03	-5.35643458e+04
0.0225	5.75609247e+04	1.50341919e+04	3.93686300e+04
0.0275	7.08032577e+04	5.23137557e+04	-2.50142209e+04
0.0325	4.13584486e+04	-1.60617826e+03	1.20494283e+04
0.0375	3.96499758e+04	6.40654585e+03	2.14222502e+04
0.0425	5.08302656e+04	-7.02713703e+03	-1.25059902e+04
0.0475	3.40445384e+04	2.80618724e+04	1.82185470e+03
0.0525	3.28354436e+04	2.17137220e+03	-1.52790808e+04
0.0575	3.17009950e+04	4.52999460e+03	-3.84216924e+03
0.0625	2.74754505e+04	8.28318795e+03	-6.01296543e+02
0.0675	2.47478168e+04	6.35341851e+03	-1.14380008e+04
0.0725	2.65620230e+04	1.11362019e+04	6.34400258e+03
0.0775	2.22029896e+04	5.46331379e+03	-2.65136416e+03
0.0825	1.93666593e+04	4.50101226e+03	5.40642962e+02
0.0875	1.79765341e+04	1.98608093e+03	-8.46812443e+03
0.0925	1.81970662e+04	1.12528570e+04	-2.18019278e+03
0.0975	1.70712020e+04	3.72617131e+03	-5.12938237e+03
0.1025	1.36339953e+04	1.04554680e+03	2.33570999e+02
0.1075	1.39079651e+04	5.53078960e+03	7.18439992e+02
0.1125	1.23989052e+04	4.55278974e+03	4.98120243e+02
0.1175	1.25895295e+04	3.80458221e+03	-2.33690741e+02
0.1225	1.23567794e+04	5.44148307e+03	-3.18093156e+03
0.1275	1.06306279e+04	4.71984345e+03	2.69692019e+03
0.1325	1.06287272e+04	1.70418441e+03	-2.18967522e+03
0.1375	1.04792401e+04	3.37093318e+03	-1.26175161e+03
0.1425	1.02848698e+04	2.81213154e+03	-1.16016867e+03
0.1475	9.19193064e+03	2.76888741e+02	-8.84053190e+02
0.1525	8.63984724e+03	2.80402727e+03	-1.18824995e+03
0.1575	7.79535112e+03	8.54781088e+02	-1.05307149e+03
0.1625	8.37776532e+03	2.19610873e+03	-9.08819896e+02
0.1675	6.88207903e+03	2.31633612e+03	4.30165377e+02
0.1725	7.67410961e+03	2.86151192e+03	4.86819990e+02
0.1775	6.78249256e+03	4.08901970e+02	1.32379736e+03
0.1825	6.60589448e+03	1.03940254e+03	1.11476827e+03
0.1875	5.89740376e+03	2.61078911e+03	-3.09441500e+02
0.1925	6.31224475e+03	1.84345328e+03	8.43775134e+02
0.1975	5.76223939e+03	2.67530402e+02	-1.67086780e+03
0.2025	5.04028873e+03	8.03194175e+02	3.88033134e+02
0.2075	5.63890014e+03	1.66706241e+03	2.79578648e+02
0.2125	4.71912864e+03	2.30309148e+03	2.69495275e+02
0.2175	4.75685056e+03	-1.81886494e+02	-1.25867411e+02
0.2225	4.83068785e+03	9.90691405e+02	2.24435842e+02
0.2275	4.29946758e+03	1.40396866e+03	5.56816285e+02
0.2325	4.13830756e+03	4.53748086e+02	1.10130420e+03
0.2375	4.07364156e+03	5.75363535e+02	-5.59518132e+02
0.2425	3.98162203e+03	1.45531085e+03	3.36152521e+02
0.2475	3.83308127e+03	1.03515530e+03	-4.13515888e+02
0.2525	3.83146192e+03	-5.22879392e+01	-6.02554825e+02
0.2575	3.67685315e+03	5.16248361e+02	5.06868080e+02
0.2625	3.02432096e+03	7.72481800e+02	-3.55358971e+00
0.2675	3.69270130e+03	3.84520785e+02	2.31832037e+02
0.2725	3.18263852e+03	6.09366710e+02	3.25135073e+02
0.2775	3.31080771e+03	6.24166807e+01	3.85978486e+00
0.2825	3.19313146e+03	2.89120774e+01	7.13995191e+01
0.2875	2.88598697e+03	3.63772993e+02	1.95122960e+02
0.2925	3.00710857e+03	3.01802153e+02	-5.71911573e+02
0.2975	3.01501248e+03	4.77632113e+01	-2.71629001e+02
