####### Power Spectrum of Patchy Simulation 138 #############
# Patch: ngc
# z-type: z3
# Weights: fkp
# Fiducial Omega_m: 0.310
# Fiducial h: 0.676
# Forward-model pixellation : 0
# Rando n-bar: 0
# Boxsize: [1800.0, 3400.0, 1900.0]
# Grid: [261, 500, 276]
# k-binning: [0.000, 0.310, 0.005]
# Monte Carlo Simulations: 100
#
# Format: k | P0 | P2 | P4
############################################
0.0125	6.71950844e+04	7.01972406e+04	-9.46141127e+02
0.0175	6.76527015e+04	-4.13096943e+03	-3.32981016e+04
0.0225	6.89402074e+04	4.13211925e+04	-3.81606970e+04
0.0275	4.96102791e+04	1.09520444e+04	7.49842779e+03
0.0325	5.62299986e+04	2.79200473e+04	1.85741616e+04
0.0375	3.43114086e+04	-3.59053968e+02	-2.48656253e+04
0.0425	3.70513957e+04	1.06773983e+04	2.34289061e+04
0.0475	3.49913984e+04	6.10451152e+03	-4.43038269e+03
0.0525	3.34891940e+04	2.26526415e+04	2.11974949e+04
0.0575	2.85150482e+04	9.14609529e+03	7.13980849e+02
0.0625	2.68230989e+04	1.56127459e+04	1.34846450e+03
0.0675	2.37152674e+04	8.70006916e+03	-1.89872718e+03
0.0725	2.34562837e+04	1.17482790e+04	-1.12734276e+03
0.0775	2.25888249e+04	9.35241550e+03	6.33997401e+02
0.0825	1.87244728e+04	6.86027139e+03	-2.00196010e+02
0.0875	1.74905210e+04	8.32136364e+03	2.47658312e+03
0.0925	1.71803559e+04	3.64845716e+03	-4.35039045e+03
0.0975	1.56392614e+04	6.76070968e+03	-2.16265084e+03
0.1025	1.30477773e+04	3.91652731e+03	1.60358671e+03
0.1075	1.38079857e+04	4.28323940e+03	-1.95155229e+03
0.1125	1.23506947e+04	5.29788886e+03	1.46585081e+03
0.1175	1.17588567e+04	4.46737101e+03	1.46992140e+02
0.1225	1.10890596e+04	4.50274084e+03	2.11302218e+03
0.1275	1.01206532e+04	1.57228439e+03	-5.76225857e+02
0.1325	1.05027316e+04	5.06960719e+03	7.13165121e+02
0.1375	9.58299043e+03	2.93286960e+03	-1.66804254e+03
0.1425	9.07634394e+03	2.89210583e+03	1.18805526e+03
0.1475	8.69628269e+03	1.90383557e+03	3.89488998e+02
0.1525	8.16256971e+03	2.26621069e+03	-4.40376989e+02
0.1575	7.85857515e+03	3.96050633e+03	2.19480725e+03
0.1625	6.66992633e+03	7.45324951e+02	-4.98527135e+02
0.1675	7.14646905e+03	2.28867302e+03	1.93646581e+03
0.1725	6.71977738e+03	3.00260401e+03	1.86830351e+03
0.1775	6.49957068e+03	3.47862512e+02	-1.44145825e+03
0.1825	6.03657354e+03	1.77519896e+03	8.54952077e+02
0.1875	5.76854820e+03	1.17473484e+03	1.90845672e+02
0.1925	5.65014071e+03	1.29073459e+03	6.50446396e+02
0.1975	5.70018090e+03	2.33773482e+03	8.54177728e+02
0.2025	5.05033170e+03	3.17443402e+02	-4.81443530e+02
0.2075	5.16960940e+03	1.64409861e+03	-1.88360482e+02
0.2125	4.71259339e+03	1.33647059e+03	9.00827969e+02
0.2175	4.31634346e+03	1.06064603e+03	1.57835585e+01
0.2225	4.43171915e+03	9.97038202e+02	2.22048000e+02
0.2275	4.17231132e+03	9.96602990e+02	8.19678810e+01
0.2325	3.95315627e+03	1.16720297e+02	-2.92175593e+02
0.2375	3.81680287e+03	9.82375340e+02	5.96217247e+02
0.2425	3.80278355e+03	4.17192968e+02	-6.08442618e+02
0.2475	3.68229193e+03	5.21192851e+02	4.01035443e+00
0.2525	3.35890505e+03	2.29499018e+02	6.64428645e+02
0.2575	3.29934778e+03	3.75105897e+02	5.38747283e+02
0.2625	3.34256490e+03	7.84453169e+02	4.32871503e+02
0.2675	3.13832500e+03	9.58449717e+01	-1.99358409e+01
0.2725	2.95140277e+03	4.35123708e+02	4.50596141e+01
0.2775	2.93138234e+03	4.44167927e+02	1.70852243e+02
0.2825	2.86655218e+03	1.75960442e+02	6.34837768e+01
0.2875	2.78384500e+03	3.81558016e+02	1.59590411e+02
0.2925	2.47816349e+03	-1.25889052e+02	6.85298161e-01
0.2975	2.85864195e+03	1.05094731e+03	4.26673875e+02
