####### Power Spectrum of Patchy Simulation 365 #############
# Patch: ngc
# z-type: z1
# Weights: fkp
# Fiducial Omega_m: 0.310
# Fiducial h: 0.676
# Forward-model pixellation : 0
# Rando n-bar: 0
# Boxsize: [1350.0, 2450.0, 1400.0]
# Grid: [193, 353, 200]
# k-binning: [0.000, 0.310, 0.005]
# Monte Carlo Simulations: 100
#
# Format: k | P0 | P2 | P4
############################################
0.0125	9.19175041e+04	-8.85259125e+03	-4.79251220e+04
0.0175	7.48702712e+04	1.78919527e+04	8.32772827e+04
0.0225	5.93801897e+04	-3.62203566e+03	1.58275002e+03
0.0275	5.64962268e+04	2.43630801e+03	-1.14326724e+04
0.0325	5.29275953e+04	4.66239304e+04	1.09461295e+04
0.0375	5.27914953e+04	3.89886537e+04	-3.23400338e+02
0.0425	3.94063029e+04	1.39162489e+04	-4.56560668e+03
0.0475	3.92402390e+04	8.51232587e+03	-1.66833611e+03
0.0525	3.18368591e+04	2.83797324e+04	1.72148847e+04
0.0575	3.37462375e+04	1.11292411e+04	-1.24113494e+03
0.0625	2.91357950e+04	1.47396239e+04	5.56221254e+03
0.0675	2.58231232e+04	2.39235944e+03	-3.42349817e+03
0.0725	2.63039103e+04	8.22810838e+03	-1.29037810e+03
0.0775	2.41630011e+04	6.23099131e+03	2.80916051e+03
0.0825	2.06767885e+04	1.11290648e+04	3.74726194e+03
0.0875	1.99261507e+04	5.17252363e+03	-3.58327629e+03
0.0925	1.77171116e+04	8.12681669e+03	3.69550759e+03
0.0975	1.63409285e+04	6.02473324e+03	1.51307306e+03
0.1025	1.47873917e+04	3.82343603e+03	-1.86006256e+03
0.1075	1.40081670e+04	5.74904060e+03	1.72452505e+03
0.1125	1.24859589e+04	5.08231545e+03	-4.93360215e+02
0.1175	1.29220418e+04	5.30691553e+03	1.26611416e+03
0.1225	1.12948603e+04	3.22703258e+03	-1.00819679e+01
0.1275	1.15209693e+04	3.91594482e+03	-5.81405987e+02
0.1325	1.08761078e+04	3.54106079e+03	-9.70254870e+02
0.1375	1.01475647e+04	2.61261332e+03	-3.66003946e+02
0.1425	9.41153471e+03	3.11707875e+03	7.37493343e+02
0.1475	8.85018000e+03	3.03598130e+03	1.36637495e+02
0.1525	8.41784055e+03	2.56723547e+03	-5.50755949e+01
0.1575	8.03068059e+03	2.75187873e+03	7.19477856e+02
0.1625	7.83810300e+03	2.70667257e+03	-1.55051619e+02
0.1675	7.17070915e+03	1.64906829e+03	-4.28179328e+02
0.1725	6.87799988e+03	2.49781552e+03	3.45291344e+02
0.1775	6.87137930e+03	2.01936922e+03	1.22753772e+02
0.1825	6.41287323e+03	1.60573000e+03	-1.46019364e+02
0.1875	6.49014761e+03	1.83280746e+03	3.16199036e+02
0.1925	6.05651568e+03	1.61493841e+03	7.33366106e+02
0.1975	5.67363347e+03	1.26990393e+03	1.57329781e+02
0.2025	5.47019830e+03	1.15264667e+03	-4.77538407e+02
0.2075	5.50740263e+03	1.34175133e+03	5.76631202e+02
0.2125	4.83068515e+03	1.34813177e+03	-1.07463210e+02
0.2175	4.70541938e+03	1.09038430e+03	5.68836591e+02
0.2225	4.60160296e+03	1.04927881e+03	-1.30730374e+01
0.2275	4.39157092e+03	5.33278319e+02	-3.10543783e+02
0.2325	4.25823699e+03	3.78688445e+02	1.95985148e+02
0.2375	3.96160642e+03	4.95164865e+02	-4.52845780e+01
0.2425	3.90633473e+03	1.40091964e+03	4.84635122e+02
0.2475	3.93829522e+03	4.79427670e+02	5.34842106e+02
0.2525	3.74643110e+03	4.10374589e+02	-2.38268771e+02
0.2575	3.62367086e+03	9.52647982e+02	2.22149728e+02
0.2625	3.39276896e+03	5.78103419e+02	-3.42844419e+01
0.2675	3.32461542e+03	3.16298659e+02	3.50294004e+02
0.2725	3.33195541e+03	2.19963952e+02	2.79799469e+02
0.2775	3.24225502e+03	3.48644475e+02	2.12713015e+02
0.2825	3.10654684e+03	3.81721373e+02	-3.70664611e+01
0.2875	3.01821354e+03	2.22632773e+02	1.74545524e+02
0.2925	2.97884993e+03	3.74768111e+02	3.01289198e+02
0.2975	2.90017012e+03	5.94340983e+01	-1.57558253e+02
