####### Power Spectrum of Patchy Simulation 713 #############
# Patch: sgc
# z-type: z3
# Weights: fkp
# Fiducial Omega_m: 0.310
# Fiducial h: 0.676
# Forward-model pixellation : 0
# Rando n-bar: 0
# Boxsize: [1000.0, 2600.0, 1500.0]
# Grid: [146, 384, 215]
# k-binning: [0.000, 0.310, 0.005]
# Monte Carlo Simulations: 100
#
# Format: k | P0 | P2 | P4
############################################
0.0125	9.66011391e+04	-8.12199331e+03	8.56594664e+04
0.0175	4.50220651e+04	-3.59741066e+04	-4.13917509e+04
0.0225	8.22028422e+04	9.60293776e+04	-8.03181707e+02
0.0275	4.70279812e+04	1.67221899e+04	-1.66151399e+04
0.0325	5.32275515e+04	1.13544064e+04	-3.14961027e+04
0.0375	6.14587473e+04	1.38388723e+04	3.88105076e+03
0.0425	3.42608381e+04	4.10089695e+04	-1.68631594e+03
0.0475	3.34607598e+04	-4.50451479e+03	-4.92942038e+03
0.0525	3.34264329e+04	9.06314117e+03	8.36293074e+03
0.0575	3.05946674e+04	1.29521262e+04	-7.85355176e+03
0.0625	3.05754668e+04	7.90728571e+03	4.86378588e+03
0.0675	2.82237806e+04	1.15171593e+04	2.86672002e+03
0.0725	2.35374336e+04	8.29004492e+03	4.65799403e+02
0.0775	2.00163583e+04	5.65637866e+03	8.75948707e+03
0.0825	2.29504828e+04	1.20284509e+04	-4.39056971e+03
0.0875	1.75716620e+04	3.82891156e+03	3.43724230e+03
0.0925	1.88449661e+04	5.37780523e+03	4.22593856e+03
0.0975	1.73602952e+04	7.55440674e+03	3.27720356e+02
0.1025	1.53653666e+04	8.62040806e+03	3.55983514e+02
0.1075	1.44537654e+04	5.46568267e+03	-3.98647154e+03
0.1125	1.23201418e+04	1.83186649e+03	-2.92787426e+03
0.1175	1.36809800e+04	7.70223521e+03	4.67093159e+03
0.1225	1.29991662e+04	4.16802196e+03	-1.03972244e+03
0.1275	1.15067397e+04	3.43771683e+03	-2.20752976e+02
0.1325	1.05705623e+04	1.91532902e+03	1.81483326e+03
0.1375	1.07652915e+04	5.49113474e+03	5.90833420e+02
0.1425	9.64185798e+03	2.88857658e+03	2.13077872e+03
0.1475	9.92383522e+03	2.48234359e+03	5.26677760e+02
0.1525	8.71323202e+03	4.48689567e+03	4.83728793e+02
0.1575	7.77762407e+03	2.13340171e+03	-1.35522887e+03
0.1625	7.71743200e+03	1.84277174e+03	-2.90486261e+02
0.1675	7.62620764e+03	1.87007851e+03	-1.14321726e+02
0.1725	6.99589722e+03	3.21968988e+03	-5.81031684e+01
0.1775	6.88763585e+03	5.95040772e+02	-8.29571106e+02
0.1825	6.64076419e+03	2.19099642e+03	1.32297819e+03
0.1875	6.32372560e+03	1.27530681e+03	-2.80095062e+02
0.1925	6.04873222e+03	1.41496838e+03	1.14817259e+03
0.1975	5.74260731e+03	6.00534342e+02	-3.28837619e+02
0.2025	5.97719524e+03	2.12318846e+03	2.12062571e+02
0.2075	4.92737377e+03	3.76158257e+02	-4.81434652e+02
0.2125	4.89677878e+03	8.16289788e+02	-1.39414322e+02
0.2175	5.08695553e+03	1.88000427e+03	8.97986517e+02
0.2225	5.05198033e+03	1.07393224e+03	5.62091369e+02
0.2275	4.59495347e+03	3.47806472e+02	-4.53098113e+01
0.2325	4.08443438e+03	5.54092513e+02	6.00393834e+02
0.2375	4.39710430e+03	6.41362714e+02	-3.31088222e+02
0.2425	4.03588737e+03	1.01186547e+03	3.73076841e+02
0.2475	4.15936797e+03	7.02307420e+02	-2.46558356e+02
0.2525	3.65634531e+03	4.74115817e+02	8.87686126e+02
0.2575	3.84419181e+03	7.12917005e+02	8.92705982e+01
0.2625	3.69020198e+03	3.23118410e+02	6.86162042e+02
0.2675	3.41936688e+03	1.62086202e+02	1.32865820e+02
0.2725	3.42000503e+03	1.08896763e+02	2.91660381e+02
0.2775	3.04035639e+03	-4.92572118e+01	6.96475576e+02
0.2825	2.98114007e+03	1.82914062e+02	-2.28474395e+02
0.2875	3.32106514e+03	1.08355383e+03	4.76519422e+02
0.2925	2.70928254e+03	-3.24247709e+02	3.76807436e+02
0.2975	3.18408407e+03	6.32233726e+02	-1.31029608e+02
