####### Power Spectrum of Patchy Simulation 427 #############
# Patch: ngc
# z-type: z1
# Weights: fkp
# Fiducial Omega_m: 0.310
# Fiducial h: 0.676
# Forward-model pixellation : 0
# Rando n-bar: 0
# Boxsize: [1350.0, 2450.0, 1400.0]
# Grid: [193, 353, 200]
# k-binning: [0.000, 0.310, 0.005]
# Monte Carlo Simulations: 100
#
# Format: k | P0 | P2 | P4
############################################
0.0125	7.12752427e+04	3.44055945e+03	1.36713517e+04
0.0175	7.46372077e+04	8.87798698e+04	4.15295669e+04
0.0225	6.39890832e+04	1.19511756e+03	-2.82473688e+04
0.0275	5.56497251e+04	3.15009771e+04	6.95233005e+03
0.0325	4.88724556e+04	3.12216836e+04	1.43492147e+04
0.0375	4.16472219e+04	1.70906188e+04	-1.24975041e+04
0.0425	4.46121515e+04	1.47548980e+04	2.45530450e+03
0.0475	3.36612700e+04	1.20018480e+04	6.41507477e+03
0.0525	3.65859156e+04	2.18624246e+04	5.98328666e+03
0.0575	3.13022635e+04	1.55359511e+04	2.28229436e+02
0.0625	2.79052510e+04	1.15955336e+04	8.32433134e+02
0.0675	2.81551297e+04	9.10287135e+03	6.61998515e+03
0.0725	2.43995765e+04	9.06210054e+03	2.84041225e+03
0.0775	2.31724996e+04	1.09268415e+04	1.41673147e+02
0.0825	2.19184335e+04	5.19370000e+03	1.69257895e+03
0.0875	1.81667866e+04	7.37693119e+03	1.01384743e+03
0.0925	1.77800077e+04	6.84242197e+03	-2.72108275e+02
0.0975	1.55716024e+04	4.97720559e+03	1.30228605e+03
0.1025	1.49574461e+04	4.98977864e+03	-1.91320728e+03
0.1075	1.35802747e+04	4.53714939e+03	-1.15955496e+01
0.1125	1.31297952e+04	4.27906803e+03	1.63019104e+03
0.1175	1.22731086e+04	5.21949126e+03	2.97388841e+03
0.1225	1.15758525e+04	5.23040492e+03	5.77899434e+02
0.1275	1.16641333e+04	4.08237056e+03	1.70012643e+03
0.1325	1.12038969e+04	4.10818486e+03	4.56809666e+02
0.1375	1.02041840e+04	3.97072937e+03	3.65784278e+02
0.1425	9.53528124e+03	3.22256087e+03	7.72903450e+02
0.1475	9.09970917e+03	1.42709867e+03	-1.60860770e+02
0.1525	8.83897210e+03	2.51254935e+03	3.38145131e+02
0.1575	8.59799767e+03	3.69070158e+03	1.95875310e+03
0.1625	7.54050158e+03	2.17233643e+03	9.90812531e+02
0.1675	7.44756091e+03	2.62345557e+03	8.37919999e+02
0.1725	6.78660016e+03	2.27747676e+03	7.85524754e+02
0.1775	6.87918197e+03	2.18836001e+03	-6.67573952e+02
0.1825	6.22983213e+03	1.68120079e+03	4.21654676e+02
0.1875	6.23120144e+03	2.14349262e+03	1.25617607e+03
0.1925	5.91074268e+03	1.46104743e+03	1.10680442e+03
0.1975	5.83563675e+03	1.13359155e+03	7.72991893e+02
0.2025	5.34482257e+03	1.19697349e+03	1.98396884e+02
0.2075	5.28569448e+03	1.53206631e+03	4.07808948e+02
0.2125	4.94100291e+03	8.92895055e+02	-2.84225328e+02
0.2175	4.90785104e+03	1.27878604e+03	-4.95931213e+01
0.2225	4.57786077e+03	1.25715057e+03	1.01889010e+02
0.2275	4.44621121e+03	1.27546386e+03	1.38567539e+02
0.2325	4.27424296e+03	9.61787976e+02	1.52601947e+02
0.2375	4.13928859e+03	8.87084651e+02	2.78844986e+02
0.2425	4.01363292e+03	5.74831286e+02	2.08443535e+02
0.2475	3.82102251e+03	6.85182070e+02	4.85136584e+02
0.2525	3.74063825e+03	8.24716934e+01	8.12150512e+02
0.2575	3.58962557e+03	3.85959749e+02	5.11864994e+02
0.2625	3.60483529e+03	8.28528152e+02	1.94343435e+02
0.2675	3.45638392e+03	4.75663586e+02	3.39341013e+02
0.2725	3.41026481e+03	5.48554186e+02	4.37519072e+02
0.2775	3.05430253e+03	3.65240576e+02	4.10150153e+02
0.2825	3.04653503e+03	3.66845291e+02	4.13344586e+02
0.2875	2.94396945e+03	1.88106854e+02	1.29580959e+02
0.2925	2.90424982e+03	3.87993811e+02	4.56254948e+02
0.2975	2.80220256e+03	5.67902381e+02	2.57700179e+02
