####### Power Spectrum of Patchy Simulation 1 #############
# Patch: sgc
# z-type: z3
# Weights: fkp
# Fiducial Omega_m: 0.310
# Fiducial h: 0.676
# Forward-model pixellation : 0
# Rando n-bar: 0
# Boxsize: [1000.0, 2600.0, 1500.0]
# Grid: [146, 384, 215]
# k-binning: [0.000, 0.310, 0.005]
# Monte Carlo Simulations: 100
#
# Format: k | P0 | P2 | P4
############################################
0.0125	2.34865934e+04	6.83480390e+04	4.34561723e+04
0.0175	9.11405856e+04	1.06024489e+05	-5.62710555e+04
0.0225	7.46327318e+04	3.49069491e+04	3.27409617e+04
0.0275	6.87611919e+04	7.70312923e+04	5.00707654e+04
0.0325	3.90051268e+04	-1.80664854e+04	-1.67253078e+04
0.0375	4.91310113e+04	2.06221018e+04	-1.12209576e+04
0.0425	4.20300154e+04	4.53288713e+03	-3.17495183e+04
0.0475	3.56652836e+04	1.49324594e+04	-9.28937488e+02
0.0525	3.37072930e+04	5.64063353e+03	-4.89634824e+02
0.0575	3.03680026e+04	2.20032103e+04	1.73810826e+04
0.0625	2.82115490e+04	1.44270189e+04	7.89143287e+03
0.0675	2.44430841e+04	5.55813126e+03	8.90972535e+03
0.0725	2.65158839e+04	1.44321049e+04	-4.97066695e+03
0.0775	2.39204487e+04	6.29922947e+03	-4.12088146e+03
0.0825	2.27164254e+04	9.81160619e+03	3.17489293e+03
0.0875	1.61790489e+04	2.77551587e+03	1.67570358e+03
0.0925	1.86542074e+04	9.89583779e+03	1.12026053e+03
0.0975	1.43923963e+04	2.18310953e+03	4.14743430e+03
0.1025	1.51695440e+04	8.11758950e+03	2.11178304e+03
0.1075	1.37651748e+04	5.12571182e+03	1.14567027e+02
0.1125	1.21270674e+04	3.79852364e+03	-1.25102472e+03
0.1175	1.24902900e+04	2.14686537e+03	1.28169309e+03
0.1225	1.18489872e+04	4.81157592e+03	3.30155688e+03
0.1275	1.09398414e+04	5.18975082e+03	1.07569789e+03
0.1325	1.20248609e+04	2.41037296e+03	-2.54917529e+03
0.1375	9.55457138e+03	2.89008839e+03	1.65882686e+03
0.1425	9.32461896e+03	4.37817267e+03	-5.96020209e+02
0.1475	9.51357032e+03	7.61724781e+02	-2.45648083e+03
0.1525	8.38346761e+03	4.72842609e+03	2.69134238e+03
0.1575	8.67481948e+03	1.57841373e+03	3.68512653e+02
0.1625	7.24747105e+03	1.37297157e+03	-2.44891833e+03
0.1675	7.63818242e+03	2.77315602e+03	6.42718256e+02
0.1725	6.23525664e+03	1.44346081e+03	1.34753868e+02
0.1775	6.85744384e+03	1.68154257e+03	-2.69163721e+02
0.1825	6.38798912e+03	1.57879544e+03	-9.13626772e+01
0.1875	6.36330402e+03	2.58624503e+03	-2.04217412e+02
0.1925	5.77570133e+03	1.44332254e+03	4.38860026e+01
0.1975	5.74440407e+03	1.89874825e+03	5.88654885e+02
0.2025	5.18206204e+03	9.34070677e+02	-3.58114801e+02
0.2075	5.17887024e+03	1.63435650e+03	-2.12852041e+02
0.2125	4.95787448e+03	6.43159557e+02	-3.49457592e+02
0.2175	5.00611889e+03	1.24155347e+03	1.81807339e+02
0.2225	4.72342229e+03	1.52192422e+03	1.70061870e+03
0.2275	4.49432271e+03	-3.39155894e+02	-6.86301378e+02
0.2325	4.18906127e+03	1.14731225e+03	1.26783153e+03
0.2375	4.17092378e+03	4.24158424e+02	-2.13309633e+02
0.2425	3.98228684e+03	1.36497441e+03	-7.67994624e+01
0.2475	3.52764997e+03	6.68226062e+02	3.85472335e+02
0.2525	3.85294571e+03	1.06036044e+03	1.09619338e+02
0.2575	3.57070486e+03	4.44713476e+01	-2.47290627e+02
0.2625	3.37474371e+03	6.27440524e+02	1.63505230e+02
0.2675	3.21837156e+03	3.65495444e+02	4.62784414e+02
0.2725	3.06242818e+03	4.94844503e+02	1.40632750e+01
0.2775	3.04613149e+03	2.53040356e+02	1.46351744e+03
0.2825	3.36046650e+03	9.18858047e+02	-3.87281529e+02
0.2875	2.80431783e+03	-3.37691447e+02	3.49699017e+02
0.2925	2.92271617e+03	3.91573254e+02	-8.87835071e+01
0.2975	2.87882513e+03	2.03073720e+02	-6.13433110e+01
