####### Power Spectrum of Patchy Simulation 162 #############
# Patch: ngc
# z-type: z1
# Weights: fkp
# Fiducial Omega_m: 0.310
# Fiducial h: 0.676
# Forward-model pixellation : 0
# Rando n-bar: 0
# Boxsize: [1350.0, 2450.0, 1400.0]
# Grid: [193, 353, 200]
# k-binning: [0.000, 0.310, 0.005]
# Monte Carlo Simulations: 100
#
# Format: k | P0 | P2 | P4
############################################
0.0125	4.79421016e+04	3.28132785e+04	-5.04477705e+04
0.0175	7.47745323e+04	2.26638555e+04	-3.55285820e+04
0.0225	6.93529083e+04	2.57301806e+04	-4.96911794e+04
0.0275	7.23860252e+04	3.61493326e+04	7.08240677e+03
0.0325	4.90573630e+04	2.16650346e+04	-1.57084813e+04
0.0375	5.52545388e+04	2.31611772e+04	-4.21665529e+02
0.0425	4.13432184e+04	2.63945329e+04	2.96197521e+03
0.0475	3.72974494e+04	2.14179941e+04	-3.51760666e+03
0.0525	3.30703339e+04	4.44918950e+03	-4.40262997e+03
0.0575	3.03815445e+04	1.24176822e+04	5.87332209e+03
0.0625	2.92825704e+04	1.73662679e+04	8.51452525e+03
0.0675	3.03734141e+04	8.87809210e+03	-1.44368803e+03
0.0725	2.52485074e+04	6.53190313e+03	-7.99778858e+02
0.0775	2.22903883e+04	7.75176992e+03	2.20159239e+03
0.0825	2.00994522e+04	7.06782281e+03	1.79116404e+02
0.0875	1.90961970e+04	7.37190573e+03	3.15825985e+03
0.0925	1.73869516e+04	6.58837131e+03	1.85055702e+03
0.0975	1.53597573e+04	6.09053571e+03	-5.48079332e+02
0.1025	1.50179871e+04	6.93141344e+03	2.04167155e+03
0.1075	1.34269548e+04	3.43495954e+03	-6.48969557e+02
0.1125	1.24470190e+04	5.02524724e+03	3.24455256e+02
0.1175	1.28239676e+04	3.76284009e+03	1.20865062e+03
0.1225	1.16607257e+04	2.73562829e+03	1.42491446e+02
0.1275	1.22538516e+04	3.43860447e+03	2.37413714e+02
0.1325	1.04434738e+04	4.03147145e+03	1.31959891e+03
0.1375	1.01965358e+04	2.97163486e+03	7.55901817e+02
0.1425	9.43335873e+03	3.80127565e+03	2.41532882e+03
0.1475	8.90942715e+03	1.90239663e+03	-5.81323886e+02
0.1525	8.44247824e+03	2.66847143e+03	3.64193769e+02
0.1575	8.51343269e+03	2.26013183e+03	-8.72304372e+02
0.1625	7.61368332e+03	2.32761059e+03	-8.57103090e+01
0.1675	7.41929503e+03	1.56053833e+03	2.29280883e+02
0.1725	7.23620402e+03	1.99120886e+03	3.21280782e+02
0.1775	6.97175269e+03	2.14295070e+03	9.64490482e+02
0.1825	6.41218835e+03	1.90095815e+03	7.37672800e+02
0.1875	6.37148376e+03	1.26001749e+03	3.76032415e-01
0.1925	5.96727845e+03	1.32004620e+03	7.48377667e+02
0.1975	5.83921223e+03	1.96654412e+03	5.66618421e+02
0.2025	5.81478400e+03	1.37396238e+03	1.62608383e+02
0.2075	5.39344389e+03	1.24862139e+03	9.76016381e+02
0.2125	5.09869980e+03	8.20610080e+02	1.14875501e+00
0.2175	4.89844352e+03	9.32716829e+02	1.66294769e+02
0.2225	4.73259677e+03	1.34828492e+03	3.00551649e+01
0.2275	4.32425836e+03	1.04041922e+03	4.16808340e+02
0.2325	4.15225365e+03	5.02446087e+02	-4.35051758e+01
0.2375	4.11343612e+03	6.92581429e+02	4.27703074e+02
0.2425	4.06484726e+03	6.58003319e+02	2.27013721e+02
0.2475	3.88645639e+03	5.47070941e+02	-8.71912833e+01
0.2525	3.74551970e+03	4.97045541e+02	4.97247711e+01
0.2575	3.56665588e+03	4.51596263e+02	-1.23237427e+02
0.2625	3.49641470e+03	5.77134484e+02	5.11203780e+02
0.2675	3.27714808e+03	2.70957429e+02	4.62136718e+02
0.2725	3.19500069e+03	2.78642051e+02	1.36542281e+02
0.2775	3.11457106e+03	4.63439595e+02	-5.96427778e+01
0.2825	3.08712009e+03	1.51861475e+02	2.86374657e+02
0.2875	3.10345665e+03	3.35284597e+01	1.12010060e+02
0.2925	2.91346097e+03	3.49663816e+02	1.98767016e+02
0.2975	2.87848740e+03	1.85699784e+02	2.49028267e+02
