####### Power Spectrum of Patchy Simulation 473 #############
# Patch: sgc
# z-type: z1
# Weights: fkp
# Fiducial Omega_m: 0.310
# Fiducial h: 0.676
# Forward-model pixellation : 0
# Rando n-bar: 0
# Boxsize: [1000.0, 1900.0, 1100.0]
# Grid: [146, 276, 161]
# k-binning: [0.000, 0.310, 0.005]
# Monte Carlo Simulations: 100
#
# Format: k | P0 | P2 | P4
############################################
0.0125	7.25577286e+04	1.93867846e+04	5.18363974e+04
0.0175	1.26380328e+05	-4.85030092e+04	-2.98252583e+04
0.0225	4.99975978e+04	-8.71782571e+03	6.16240842e+03
0.0275	7.12703782e+04	6.87241177e+04	-1.38191000e+04
0.0325	4.07835045e+04	3.69826638e+04	1.25660630e+04
0.0375	5.27285751e+04	2.19270431e+04	-2.40178235e+03
0.0425	3.56869620e+04	9.30276162e+03	6.83317672e+03
0.0475	3.05838903e+04	1.43409442e+04	-3.05042799e+03
0.0525	3.84074223e+04	1.97055333e+04	4.73845856e+02
0.0575	3.28588639e+04	7.82454515e+03	2.98162917e+03
0.0625	2.89863055e+04	2.62550147e+04	1.65428428e+04
0.0675	3.02128464e+04	6.84669224e+03	-6.50547912e+03
0.0725	2.37495206e+04	3.94460308e+03	3.84605786e+03
0.0775	2.20664441e+04	6.26043446e+03	-4.88164549e+03
0.0825	2.07249802e+04	8.40887866e+03	2.19048709e+03
0.0875	2.01272445e+04	1.15953718e+04	4.85376979e+03
0.0925	1.87573587e+04	5.50986371e+03	-3.18742096e+03
0.0975	1.67922926e+04	4.01720279e+03	-2.53824862e+03
0.1025	1.56306580e+04	5.49478551e+03	1.34735688e+03
0.1075	1.36608763e+04	3.89519355e+03	-4.35488786e+03
0.1125	1.33049716e+04	4.21333404e+03	3.46439969e+03
0.1175	1.15322513e+04	4.55746699e+03	-1.96898097e+03
0.1225	1.34082207e+04	6.93391600e+03	-1.80349386e+03
0.1275	1.18482409e+04	3.63196050e+03	8.53167232e+02
0.1325	9.74989069e+03	1.89497932e+03	9.33863184e+02
0.1375	9.67585530e+03	3.38375010e+03	5.84304437e+02
0.1425	1.07924377e+04	3.34642196e+03	-4.79218548e+02
0.1475	8.58845560e+03	2.06701569e+03	2.23161470e+03
0.1525	9.39853702e+03	3.56104972e+03	1.05501966e+03
0.1575	8.69394688e+03	2.94015881e+03	2.12388848e+03
0.1625	7.06429551e+03	3.31150552e+03	8.28502684e+02
0.1675	7.53053114e+03	9.55860152e+02	-2.24260640e+03
0.1725	6.45378818e+03	2.03993360e+03	3.87997593e+02
0.1775	6.88231862e+03	2.57088104e+03	1.15209628e+03
0.1825	6.39535095e+03	2.53956903e+03	9.94979117e+02
0.1875	6.64020314e+03	1.35700219e+03	-2.27847592e+02
0.1925	6.34187655e+03	1.56361229e+03	2.63845431e+02
0.1975	5.55694181e+03	2.67498434e+03	1.26052572e+03
0.2025	5.64373942e+03	7.37632280e+02	-5.12118349e+02
0.2075	5.01023060e+03	1.90447836e+03	1.97866558e+02
0.2125	5.12088945e+03	6.56191959e+02	5.19883337e+02
0.2175	5.03112227e+03	1.15357863e+03	-3.59922743e+02
0.2225	4.65090243e+03	1.77148255e+03	8.82597430e+02
0.2275	4.37086438e+03	1.11285225e+03	7.03465092e+02
0.2325	4.48550700e+03	3.57042004e+02	8.20320185e+02
0.2375	4.13584820e+03	1.23315590e+03	6.61379568e+01
0.2425	4.43944697e+03	2.00559206e+03	3.52385272e+02
0.2475	3.90470283e+03	6.56149243e+02	8.40074132e+02
0.2525	3.74145711e+03	1.22200936e+03	4.54498191e+02
0.2575	3.54664683e+03	4.15432429e+02	-1.67501201e+02
0.2625	3.90803611e+03	1.12544965e+03	-3.86819586e+02
0.2675	3.21879300e+03	5.13492081e+02	-4.56085511e+02
0.2725	3.31319971e+03	2.84052324e+02	4.16401734e+02
0.2775	3.14697364e+03	8.83920232e+02	6.97152724e+02
0.2825	3.19581108e+03	-1.14040299e+02	-5.64501201e+01
0.2875	2.87358243e+03	5.07612343e+01	7.74139519e+02
0.2925	2.99517473e+03	3.48683343e+02	3.94749687e+02
0.2975	3.12731632e+03	8.79357845e+01	4.31710265e+02
