####### Power Spectrum of Patchy Simulation 26 #############
# Patch: sgc
# z-type: z1
# Weights: fkp
# Fiducial Omega_m: 0.310
# Fiducial h: 0.676
# Forward-model pixellation : 0
# Rando n-bar: 0
# Boxsize: [1000.0, 1900.0, 1100.0]
# Grid: [146, 276, 161]
# k-binning: [0.000, 0.310, 0.005]
# Monte Carlo Simulations: 100
#
# Format: k | P0 | P2 | P4
############################################
0.0125	7.42018740e+04	1.47288126e+05	6.86337875e+04
0.0175	5.16043161e+04	8.06180044e+04	-1.81072875e+04
0.0225	8.21241992e+04	-1.26647695e+03	-9.35846736e+03
0.0275	4.75518464e+04	1.25403113e+04	-2.08957670e+04
0.0325	5.61006502e+04	1.42237125e+04	-6.67319571e+03
0.0375	4.64681073e+04	3.10952197e+04	1.29868243e+04
0.0425	4.25437571e+04	1.80294431e+04	1.56023291e+04
0.0475	3.33333156e+04	-6.48589378e+03	-1.23368197e+04
0.0525	3.81764003e+04	2.00771533e+04	2.70070791e+04
0.0575	2.56199549e+04	2.66872270e+04	-2.12011378e+03
0.0625	2.83749507e+04	5.35218169e+03	-5.49366018e+03
0.0675	2.52264381e+04	1.39115656e+03	-5.54330093e+03
0.0725	2.62415053e+04	1.15844738e+04	4.35056085e+01
0.0775	2.23928774e+04	1.02843827e+04	2.40489667e+03
0.0825	2.26249039e+04	8.78393378e+03	1.66784463e+03
0.0875	1.87919308e+04	5.99018804e+03	-3.14405306e+03
0.0925	1.76516036e+04	4.26064763e+03	1.62871532e+03
0.0975	1.59983317e+04	2.85238694e+02	4.28108356e+03
0.1025	1.48241588e+04	4.26184865e+03	-9.09835053e+02
0.1075	1.24565824e+04	2.14994632e+03	-2.23890064e+03
0.1125	1.39791044e+04	6.73346288e+03	1.12949049e+03
0.1175	1.25165325e+04	3.82197734e+03	1.87320571e+03
0.1225	1.22003872e+04	1.66127038e+03	1.81260808e+03
0.1275	1.19786623e+04	2.54245850e+03	-4.41713773e+03
0.1325	1.06299364e+04	1.79325874e+03	3.50468032e+02
0.1375	9.93996479e+03	2.91295091e+03	2.76537742e+03
0.1425	9.25039713e+03	3.38663044e+03	1.08616883e+03
0.1475	9.44658513e+03	3.43806719e+03	4.07676452e+03
0.1525	9.17769374e+03	4.15516435e+03	1.44586524e+03
0.1575	8.15823716e+03	2.60210561e+03	7.99055762e+02
0.1625	8.09606771e+03	9.42566858e+02	3.63122671e+02
0.1675	7.30554322e+03	2.71121904e+03	9.06232796e+02
0.1725	7.24180871e+03	2.94414757e+03	1.17130895e+03
0.1775	6.38995848e+03	1.82888461e+03	-2.78504953e+02
0.1825	6.54805545e+03	1.72994481e+03	-1.63383756e+02
0.1875	6.49959994e+03	1.49087411e+03	4.83932536e+01
0.1925	5.95180775e+03	1.66521437e+03	3.04247315e+02
0.1975	5.48571655e+03	8.99212861e+02	8.95671454e+02
0.2025	5.84895277e+03	1.18451699e+03	1.55198335e+03
0.2075	5.41332827e+03	1.17581383e+03	6.53802767e+02
0.2125	5.13912111e+03	1.35946021e+03	4.94461916e+02
0.2175	4.51515134e+03	1.18062838e+03	3.09346386e+02
0.2225	5.14515699e+03	8.23425809e+02	1.22153745e+03
0.2275	4.11578553e+03	8.49453169e+02	4.32935642e+02
0.2325	4.52514213e+03	1.20935504e+03	3.98033742e+02
0.2375	4.49104440e+03	1.07900567e+03	6.10108520e+02
0.2425	3.90505746e+03	9.43484267e+02	2.15104561e+02
0.2475	3.70865407e+03	2.50435550e+02	1.26026875e+02
0.2525	3.98784530e+03	1.04381445e+03	-2.49732847e+02
0.2575	3.42285446e+03	8.39476335e+02	8.49084954e+02
0.2625	3.58928291e+03	-3.58882954e+01	-5.91580989e+02
0.2675	3.47334112e+03	-1.82360630e+02	-2.61088970e+02
0.2725	3.12461528e+03	-8.32355231e+00	3.69877828e+02
0.2775	3.08048697e+03	5.41892689e+02	2.77326758e+02
0.2825	3.22931076e+03	5.12614164e+02	1.36888834e+02
0.2875	2.98715127e+03	4.74642885e+02	2.42679515e+00
0.2925	2.79142988e+03	2.36255291e+02	4.12527051e+02
0.2975	2.88114261e+03	3.28990951e+02	-2.65152984e+02
