####### Power Spectrum of Patchy Simulation 946 #############
# Patch: sgc
# z-type: z3
# Weights: fkp
# Fiducial Omega_m: 0.310
# Fiducial h: 0.676
# Forward-model pixellation : 0
# Rando n-bar: 0
# Boxsize: [1000.0, 2600.0, 1500.0]
# Grid: [146, 384, 215]
# k-binning: [0.000, 0.310, 0.005]
# Monte Carlo Simulations: 100
#
# Format: k | P0 | P2 | P4
############################################
0.0125	2.65049061e+04	1.34866983e+04	-2.28593389e+03
0.0175	8.95913983e+04	1.48880550e+05	2.87657169e+03
0.0225	6.24341966e+04	3.19769181e+04	-7.79364798e+01
0.0275	6.00552162e+04	2.74945514e+04	4.71397580e+04
0.0325	5.94936430e+04	2.39836342e+04	-7.36372752e+02
0.0375	3.97420322e+04	1.06370934e+04	-5.91682608e+03
0.0425	4.63711264e+04	1.99855470e+04	-7.37366904e+03
0.0475	3.33097826e+04	1.75719140e+03	2.14573477e+04
0.0525	3.62899292e+04	3.08695140e+04	1.76077607e+04
0.0575	2.27167081e+04	-3.54685302e+03	-1.38162302e+03
0.0625	3.26616418e+04	1.68456565e+04	-3.91721844e+03
0.0675	2.18132692e+04	7.44642077e+03	1.32884451e+04
0.0725	2.69141165e+04	2.01898884e+04	2.84817930e+03
0.0775	2.16747351e+04	1.98027584e+03	-4.49163292e+03
0.0825	2.22442654e+04	1.52835386e+04	-2.36271632e+03
0.0875	2.02119109e+04	7.82296830e+03	4.72593314e+03
0.0925	1.62552978e+04	6.28426080e+03	8.07334127e+03
0.0975	1.60648486e+04	6.74222686e+03	-1.64760813e+03
0.1025	1.40179642e+04	4.72313693e+03	1.66970673e+02
0.1075	1.38883239e+04	6.74693581e+03	7.06959551e+03
0.1125	1.32592367e+04	2.31912375e+03	-2.10851231e+03
0.1175	1.21989757e+04	1.17754719e+03	-8.27918063e+02
0.1225	1.10115098e+04	3.20450471e+03	2.59595489e+03
0.1275	1.17759760e+04	3.31258691e+03	-1.67560383e+03
0.1325	1.13684032e+04	6.72037560e+03	1.39606907e+03
0.1375	9.51180115e+03	3.57005440e+03	1.10329960e+03
0.1425	9.83506138e+03	2.17886269e+03	-1.54603718e+03
0.1475	8.70489592e+03	2.33377565e+03	1.09084973e+03
0.1525	9.09263434e+03	1.60494798e+03	1.29575509e+03
0.1575	7.58149017e+03	2.42258444e+03	-8.82973409e+02
0.1625	8.27483144e+03	3.07947989e+03	-1.79855834e+01
0.1675	7.09067264e+03	7.44167093e+02	1.91925340e+03
0.1725	7.42358042e+03	1.19405708e+03	-1.47612992e+03
0.1775	6.48886440e+03	2.83554431e+03	-1.61524023e+02
0.1825	6.51109103e+03	-4.73297498e+02	1.32304289e+02
0.1875	6.72819485e+03	3.79213156e+03	6.20152764e+02
0.1925	5.59012915e+03	-8.03960042e+01	4.85700217e+02
0.1975	6.19069762e+03	2.24960983e+03	5.38589652e+02
0.2025	5.42120680e+03	9.00324571e+02	-9.14010196e+02
0.2075	5.54365898e+03	2.46830625e+03	-1.46834435e+02
0.2125	4.24104528e+03	9.65190308e+02	6.34975649e+02
0.2175	4.84604858e+03	1.08123174e+03	8.91671630e+02
0.2225	4.40964620e+03	1.58457747e+02	-1.59033309e+02
0.2275	4.33300086e+03	1.10830300e+03	3.51147703e+02
0.2325	4.07441308e+03	5.90075032e+02	-4.55785883e+01
0.2375	4.27481550e+03	1.02551042e+03	3.75084264e+02
0.2425	4.03747647e+03	6.85964756e+02	-1.09568685e+02
0.2475	3.98837406e+03	1.81450742e+02	-6.91570128e+01
0.2525	3.79584795e+03	8.71122576e+02	-1.19768067e+02
0.2575	3.46763136e+03	-2.66623029e+02	2.03268545e+02
0.2625	3.72651200e+03	2.70571188e+01	-1.28956772e+03
0.2675	3.43885721e+03	8.52493708e+02	9.87782276e+02
0.2725	3.22923380e+03	-1.56140982e+02	-1.17693985e+02
0.2775	3.38439925e+03	1.15342002e+03	-2.47404044e+02
0.2825	2.87227010e+03	-3.35678231e+02	-1.40349364e+02
0.2875	3.25046333e+03	8.92604131e+02	2.46585625e+02
0.2925	2.68208374e+03	3.20401631e+02	-3.89847989e+02
0.2975	2.66570055e+03	-4.97560330e+01	-4.25467194e+02
