####### Power Spectrum of Patchy Simulation 653 #############
# Patch: ngc
# z-type: z3
# Weights: fkp
# Fiducial Omega_m: 0.310
# Fiducial h: 0.676
# Forward-model pixellation : 0
# Rando n-bar: 0
# Boxsize: [1800.0, 3400.0, 1900.0]
# Grid: [261, 500, 276]
# k-binning: [0.000, 0.310, 0.005]
# Monte Carlo Simulations: 100
#
# Format: k | P0 | P2 | P4
############################################
0.0125	6.04959127e+04	4.31572956e+04	-9.77116691e+04
0.0175	7.12907132e+04	2.49298767e+04	-2.29818594e+04
0.0225	7.24619552e+04	7.36664872e+04	4.66186034e+03
0.0275	5.70273967e+04	1.76551937e+04	1.63945959e+04
0.0325	5.68899514e+04	4.05082884e+04	-1.56458012e+04
0.0375	3.89078598e+04	1.28137012e+04	-1.30484945e+04
0.0425	3.57045164e+04	1.66763072e+04	2.18804325e+04
0.0475	3.52676697e+04	2.54795888e+04	-3.41732369e+02
0.0525	3.37471450e+04	3.74064037e+03	-1.16550802e+04
0.0575	2.73510486e+04	2.20555665e+04	1.03098281e+04
0.0625	2.97832284e+04	1.13181790e+04	6.29761226e+03
0.0675	2.76924121e+04	1.57474619e+04	5.88950965e+03
0.0725	2.40472970e+04	9.75268597e+03	-4.74381633e+03
0.0775	2.14054741e+04	7.57071406e+03	1.40419778e+02
0.0825	2.17686784e+04	9.09520010e+03	5.67393215e+03
0.0875	1.76671970e+04	5.14929866e+03	-3.54220404e+02
0.0925	1.62101384e+04	4.06775017e+03	2.52548225e+03
0.0975	1.48476825e+04	7.94301970e+03	-9.26774827e+02
0.1025	1.34157521e+04	3.90541292e+03	-1.43850148e+03
0.1075	1.37673408e+04	8.20533880e+03	2.59116996e+03
0.1125	1.24894337e+04	3.76058243e+03	-2.81866372e+02
0.1175	1.17883200e+04	3.59538224e+03	6.06781234e+02
0.1225	1.11903114e+04	3.88561976e+03	1.60061160e+03
0.1275	1.18144044e+04	2.87255325e+03	-1.78656612e+03
0.1325	1.06361847e+04	4.78880219e+03	1.68383400e+03
0.1375	9.51551472e+03	2.40724329e+03	-4.79919551e+02
0.1425	9.40579557e+03	2.56018673e+03	-1.38389882e+02
0.1475	8.90510477e+03	3.32653364e+03	9.49505484e+02
0.1525	8.27092809e+03	2.38029363e+03	6.06488142e+02
0.1575	7.73869357e+03	2.61709057e+03	-8.55791222e+01
0.1625	7.39059186e+03	2.32260204e+03	6.45173799e+02
0.1675	6.86224607e+03	1.60535605e+03	3.64026273e+02
0.1725	6.57316981e+03	2.93187230e+03	1.10267360e+03
0.1775	6.38374956e+03	1.23974156e+03	-1.62044936e+02
0.1825	6.25863655e+03	2.81236210e+03	8.16996151e+02
0.1875	5.62977203e+03	4.77260469e+02	-4.90126040e+01
0.1925	5.97897044e+03	2.75296054e+03	6.70542731e+02
0.1975	5.16926887e+03	3.97944650e+02	4.56898180e+02
0.2025	5.20169254e+03	1.73878685e+03	7.45753396e+02
0.2075	5.04982089e+03	1.06335371e+03	4.76784300e+02
0.2125	5.06208168e+03	1.38591954e+03	6.99119532e+02
0.2175	4.68791635e+03	1.21796759e+03	9.08622167e+02
0.2225	4.21147100e+03	5.75488729e+02	-8.85411040e+02
0.2275	4.49299450e+03	8.51019278e+02	-2.38343403e+02
0.2325	3.70676690e+03	4.38154339e+02	7.14322884e+02
0.2375	3.94458240e+03	7.56122821e+02	6.98425594e+02
0.2425	3.79177083e+03	1.12614952e+03	-2.52996289e+02
0.2475	3.44823580e+03	7.46139741e+00	1.82027548e+02
0.2525	3.49033371e+03	9.43787304e+02	6.67745671e+02
0.2575	3.27543965e+03	2.96469103e+02	-2.64435776e+02
0.2625	3.31652923e+03	3.80576056e+02	1.47896684e+02
0.2675	3.19801505e+03	6.18279308e+02	7.81746695e+02
0.2725	2.93051544e+03	1.84134980e+02	-2.03240439e+02
0.2775	2.98624070e+03	3.91555119e+02	9.78748438e+00
0.2825	2.84943812e+03	4.66777568e+02	3.89756403e+02
0.2875	2.63090269e+03	3.23062128e+01	5.75664521e+02
0.2925	2.57028299e+03	5.17147483e+01	1.27493069e+02
0.2975	2.74540973e+03	7.83658231e+02	9.09842833e+02
