####### Power Spectrum of Patchy Simulation 588 #############
# Patch: ngc
# z-type: z1
# Weights: fkp
# Fiducial Omega_m: 0.310
# Fiducial h: 0.676
# Forward-model pixellation : 0
# Rando n-bar: 0
# Boxsize: [1350.0, 2450.0, 1400.0]
# Grid: [193, 353, 200]
# k-binning: [0.000, 0.310, 0.005]
# Monte Carlo Simulations: 100
#
# Format: k | P0 | P2 | P4
############################################
0.0125	7.43412532e+04	4.87725758e+04	-3.71302668e+04
0.0175	6.26641238e+04	5.67714588e+04	-1.41731197e+04
0.0225	6.44339408e+04	3.31709421e+03	-2.02781138e+04
0.0275	7.66239649e+04	5.27607884e+04	-4.69454134e+04
0.0325	5.23217915e+04	2.01112115e+04	2.33643781e+04
0.0375	4.69741372e+04	2.44798356e+04	-8.98074172e+03
0.0425	4.05015924e+04	4.27183662e+03	4.10596065e+03
0.0475	3.46684697e+04	8.22491244e+03	3.17428478e+03
0.0525	3.63955845e+04	1.57380880e+04	2.65458438e+03
0.0575	3.06567573e+04	1.58592483e+04	5.83720259e+03
0.0625	2.85682530e+04	6.32893157e+03	1.20310989e+03
0.0675	2.68363102e+04	5.19202762e+03	-2.11809267e+03
0.0725	2.59185367e+04	1.13385415e+04	-4.56608770e+02
0.0775	2.42061858e+04	1.10692358e+04	4.42709414e+03
0.0825	2.12483689e+04	9.77382663e+03	4.72367236e+03
0.0875	1.89614913e+04	4.82696644e+03	1.45322615e+03
0.0925	1.92055336e+04	7.78313545e+03	-1.44035694e+03
0.0975	1.64966052e+04	3.36984927e+03	-2.13084742e+03
0.1025	1.32060787e+04	3.10648747e+03	7.43937444e+01
0.1075	1.40196746e+04	4.37365317e+03	2.63572906e+02
0.1125	1.33147234e+04	4.50508528e+03	1.31702214e+02
0.1175	1.30293786e+04	7.15283004e+03	1.67523425e+03
0.1225	1.15301565e+04	4.22862485e+03	6.49191896e+02
0.1275	1.13955075e+04	2.94172800e+03	-1.08326286e+03
0.1325	1.06183737e+04	4.01471843e+03	2.36294923e+02
0.1375	1.02390372e+04	4.35661726e+03	6.53833917e+01
0.1425	9.41788350e+03	2.40086296e+03	-2.86510311e+02
0.1475	9.15518018e+03	2.93438336e+03	1.35437103e+03
0.1525	8.70026919e+03	1.99056257e+03	9.93152384e+01
0.1575	7.89950739e+03	2.64444641e+03	1.38630575e+01
0.1625	7.80858905e+03	2.43653256e+03	-5.79751382e+01
0.1675	7.16397237e+03	2.02223164e+03	-1.38578652e+02
0.1725	6.77234303e+03	2.62157201e+03	5.78826226e+01
0.1775	6.99193008e+03	2.09135673e+03	-1.47482390e+02
0.1825	6.38726379e+03	2.44943482e+03	1.34679026e+02
0.1875	6.14252658e+03	1.66925837e+03	-2.98331575e+01
0.1925	6.30239718e+03	1.93556276e+03	1.81549106e+02
0.1975	5.77685910e+03	2.28456290e+03	9.82249010e+02
0.2025	5.67620140e+03	1.33286820e+03	3.23368125e+02
0.2075	5.01624770e+03	1.28840323e+03	3.77860316e+02
0.2125	5.00143627e+03	1.44762855e+03	3.31472700e+02
0.2175	4.79112989e+03	1.48665542e+03	6.33483203e+02
0.2225	4.67759212e+03	9.84303291e+02	3.40466066e+02
0.2275	4.30382515e+03	1.09674165e+03	1.19519911e+02
0.2325	4.45640871e+03	8.65969495e+02	3.05726620e+01
0.2375	4.21502929e+03	6.66858753e+02	8.06032239e+01
0.2425	4.03655789e+03	5.38327490e+02	9.54059910e+01
0.2475	3.79084838e+03	8.61913257e+02	6.58693515e+02
0.2525	3.65854078e+03	9.84172096e+02	4.59813768e+02
0.2575	3.70037777e+03	5.42454191e+02	3.78688781e+01
0.2625	3.51535108e+03	4.66611397e+02	1.26361415e+02
0.2675	3.27634216e+03	5.98219303e+02	1.79119108e+02
0.2725	3.30970044e+03	3.95359964e+02	9.02654635e+01
0.2775	3.16845061e+03	5.50304636e+02	1.17749736e+01
0.2825	2.99650476e+03	2.34858803e+02	1.95790240e+02
0.2875	3.01708686e+03	2.11854262e+02	-1.95506113e+01
0.2925	2.90168197e+03	3.88551111e+02	3.64601765e+02
0.2975	2.97385976e+03	2.21859707e+02	2.70109191e+02
