####### Power Spectrum of Patchy Simulation 380 #############
# Patch: ngc
# z-type: z3
# Weights: fkp
# Fiducial Omega_m: 0.310
# Fiducial h: 0.676
# Forward-model pixellation : 0
# Rando n-bar: 0
# Boxsize: [1800.0, 3400.0, 1900.0]
# Grid: [261, 500, 276]
# k-binning: [0.000, 0.310, 0.005]
# Monte Carlo Simulations: 100
#
# Format: k | P0 | P2 | P4
############################################
0.0125	6.72182731e+04	4.61753879e+04	8.00360417e+03
0.0175	8.39931253e+04	8.02806983e+04	-1.06193048e+04
0.0225	5.30205496e+04	-2.04819502e+03	9.98667512e+03
0.0275	6.02964358e+04	4.42980270e+04	-9.98827461e+03
0.0325	4.95232686e+04	2.76273639e+03	-6.26291903e+03
0.0375	4.19279616e+04	2.92446764e+04	1.60187433e+04
0.0425	4.19955781e+04	2.76393256e+04	8.96643728e+03
0.0475	3.27643274e+04	6.42386165e+03	-1.16231942e+04
0.0525	3.56253468e+04	1.37369659e+04	-8.09465707e+02
0.0575	2.79929805e+04	8.34485730e+03	2.11224510e+03
0.0625	3.13057406e+04	1.81363465e+04	8.29772601e+03
0.0675	2.59572879e+04	1.43008733e+04	-5.30709355e+03
0.0725	2.46552968e+04	1.04892472e+04	-4.54705478e+03
0.0775	2.24456302e+04	1.03323405e+04	1.64532984e+03
0.0825	2.26716753e+04	1.16276110e+04	5.65729733e+03
0.0875	1.77447500e+04	5.66064875e+03	1.05801459e+03
0.0925	1.65848530e+04	6.78178359e+03	-1.58108849e+03
0.0975	1.56304386e+04	6.86769102e+03	9.90496559e+02
0.1025	1.49162238e+04	9.45412607e+03	1.41233393e+03
0.1075	1.30378733e+04	6.54085368e+03	1.86166815e+03
0.1125	1.27119423e+04	4.02880528e+03	7.62543777e+02
0.1175	1.14590965e+04	5.07379862e+03	-5.06404572e+01
0.1225	1.13360314e+04	5.24025021e+03	1.72463211e+03
0.1275	1.12822152e+04	4.35140289e+03	-8.76336116e+02
0.1325	1.09349908e+04	3.82808506e+03	6.98622707e+02
0.1375	9.90465745e+03	2.85694390e+03	4.77127008e+02
0.1425	9.22210156e+03	3.75215296e+03	8.42915225e+02
0.1475	8.25978146e+03	2.36604513e+03	-7.24630463e+02
0.1525	8.28641443e+03	3.01333800e+03	1.18821712e+03
0.1575	7.59969722e+03	2.31718185e+03	-7.26181456e+02
0.1625	7.03583561e+03	1.47842725e+03	6.06768903e+02
0.1675	6.95957779e+03	2.22884465e+03	-4.29675134e+02
0.1725	6.33318646e+03	2.20174756e+03	6.24187112e+02
0.1775	6.43351772e+03	2.07529568e+03	-4.65551517e+02
0.1825	5.73129237e+03	1.64574946e+03	1.10872155e+03
0.1875	5.93838673e+03	1.69789528e+03	1.13725030e+02
0.1925	5.53231942e+03	1.74467194e+03	-3.43410096e+02
0.1975	5.24123163e+03	1.86308420e+03	1.19566361e+03
0.2025	5.29971368e+03	1.27025567e+03	5.43605604e+02
0.2075	5.02321710e+03	1.90123949e+03	1.06022048e+03
0.2125	4.57670782e+03	1.12256610e+03	8.08558725e+02
0.2175	4.39605039e+03	9.01859741e+02	3.69381607e+02
0.2225	4.38047220e+03	1.06746867e+03	2.40199008e+02
0.2275	4.12724594e+03	5.24767936e+02	2.63789340e+02
0.2325	4.03727648e+03	8.75079429e+02	2.35821390e+02
0.2375	3.83825878e+03	8.83272653e+02	8.11921320e+01
0.2425	3.82295710e+03	1.06056238e+03	3.30668866e+02
0.2475	3.52982983e+03	1.03502662e+03	3.99136615e+02
0.2525	3.58648778e+03	6.11966075e+02	8.28736338e+02
0.2575	3.19574690e+03	2.18065982e+02	-2.61430293e+02
0.2625	3.36337786e+03	9.64116292e+02	3.84566848e+02
0.2675	3.10109157e+03	1.03927791e+03	2.42597156e+02
0.2725	2.91366087e+03	1.56034374e+02	1.91554576e+02
0.2775	2.92722020e+03	6.12101759e+02	1.16924884e+02
0.2825	2.75343532e+03	2.50160029e+02	5.23861969e+02
0.2875	2.81004723e+03	7.81565999e+02	3.42222293e+02
0.2925	2.56150345e+03	4.67065238e+01	1.78733771e+01
0.2975	2.71000472e+03	7.10138182e+02	1.43774351e+02
