####### Power Spectrum of Patchy Simulation 664 #############
# Patch: ngc
# z-type: z3
# Weights: fkp
# Fiducial Omega_m: 0.310
# Fiducial h: 0.676
# Forward-model pixellation : 0
# Rando n-bar: 0
# Boxsize: [1800.0, 3400.0, 1900.0]
# Grid: [261, 500, 276]
# k-binning: [0.000, 0.310, 0.005]
# Monte Carlo Simulations: 100
#
# Format: k | P0 | P2 | P4
############################################
0.0125	6.59437340e+04	-1.58532692e+04	-2.45774759e+04
0.0175	6.58499129e+04	3.54590258e+04	5.41471975e+04
0.0225	7.28157610e+04	4.54582994e+04	1.92358953e+04
0.0275	5.56485228e+04	1.95333785e+04	8.00963781e+03
0.0325	3.86812095e+04	1.83636102e+04	4.48127157e+03
0.0375	5.18711827e+04	2.12371851e+04	8.31087881e+03
0.0425	3.77790202e+04	8.93198077e+03	-7.96799715e+03
0.0475	3.45064966e+04	1.51729712e+04	-9.54612490e+03
0.0525	2.78397185e+04	1.27894323e+04	-8.66025669e+03
0.0575	2.83593338e+04	1.02304475e+04	-6.96486310e+03
0.0625	2.88946513e+04	1.52772420e+04	6.67843585e+03
0.0675	2.54316126e+04	1.06633722e+04	-2.05131788e+03
0.0725	2.28111013e+04	7.82085579e+03	-6.13378379e+01
0.0775	2.16270774e+04	1.02642563e+04	4.01080035e+03
0.0825	2.07236433e+04	8.54621392e+03	2.94118523e+03
0.0875	1.74189837e+04	7.35127163e+03	2.52199065e+03
0.0925	1.76030410e+04	4.94551902e+03	-1.28309777e+03
0.0975	1.53555685e+04	8.39892397e+03	2.81101837e+03
0.1025	1.40177362e+04	3.12854388e+03	-6.51725674e+02
0.1075	1.31335064e+04	4.80805354e+03	1.94984974e+03
0.1125	1.30495320e+04	5.48298424e+03	1.71922431e+03
0.1175	1.17467364e+04	3.34355068e+03	-3.85664078e+02
0.1225	1.11195852e+04	6.37205192e+03	-8.71507833e+01
0.1275	1.11632463e+04	2.52680996e+03	2.54675472e+03
0.1325	1.07152792e+04	4.42450542e+03	1.43250606e+03
0.1375	9.32395288e+03	2.16816734e+03	-2.48472617e+02
0.1425	9.18128294e+03	3.28283842e+03	-1.28692452e+03
0.1475	8.57705075e+03	3.94026331e+03	-3.74028515e+02
0.1525	7.99901295e+03	1.81904829e+03	1.00605623e+03
0.1575	8.11262486e+03	3.57295010e+03	-1.09684813e+03
0.1625	7.08399513e+03	1.15238266e+03	3.24844780e+00
0.1675	7.13189662e+03	2.88459216e+03	6.18364828e+02
0.1725	6.58417443e+03	1.97884826e+03	1.26219792e+03
0.1775	6.53303573e+03	1.14780797e+03	4.43376608e+02
0.1825	6.18755102e+03	1.78030486e+03	3.51969302e+02
0.1875	5.90213189e+03	2.00842975e+03	-5.02665188e+02
0.1925	5.64181983e+03	1.94410547e+03	3.26139564e+02
0.1975	5.30967187e+03	2.12540007e+03	2.25920985e+02
0.2025	5.24288587e+03	1.06068955e+03	4.57697337e+02
0.2075	5.17330066e+03	1.83085941e+03	7.48301928e+02
0.2125	4.46258484e+03	1.18740150e+03	-5.43525036e+02
0.2175	4.48530162e+03	1.92333489e+03	4.06081004e+02
0.2225	4.43927888e+03	4.44195175e+02	-3.90892269e+02
0.2275	4.27881840e+03	1.26479792e+03	8.35932289e+02
0.2325	4.12601918e+03	7.99901650e+02	1.72965427e+02
0.2375	3.89771765e+03	8.99834335e+02	-3.53543622e+01
0.2425	3.58641843e+03	7.85263140e+02	-2.76509762e+02
0.2475	3.74432160e+03	4.42283531e+02	8.78502629e+01
0.2525	3.35406237e+03	8.13680519e+02	2.30993819e+02
0.2575	3.33543641e+03	6.25378127e+02	5.10695178e+02
0.2625	3.26277930e+03	6.43301207e+00	-5.25922969e+02
0.2675	3.25932230e+03	8.21057925e+02	5.26695931e+02
0.2725	2.93180793e+03	1.66632814e+02	9.72292872e+01
0.2775	3.10841890e+03	7.04440522e+02	1.81747106e+02
0.2825	2.65878734e+03	9.27921127e+01	3.28503994e+02
0.2875	2.80734309e+03	4.30961315e+02	2.66470833e+02
0.2925	2.60563475e+03	5.11706151e+01	1.04147014e+02
0.2975	2.82094505e+03	7.04091061e+02	6.34241562e+02
