####### Power Spectrum of Patchy Simulation 516 #############
# Patch: sgc
# z-type: z3
# Weights: fkp
# Fiducial Omega_m: 0.310
# Fiducial h: 0.676
# Forward-model pixellation : 0
# Rando n-bar: 0
# Boxsize: [1000.0, 2600.0, 1500.0]
# Grid: [146, 384, 215]
# k-binning: [0.000, 0.310, 0.005]
# Monte Carlo Simulations: 100
#
# Format: k | P0 | P2 | P4
############################################
0.0125	1.18574602e+05	7.86234746e+04	1.13022952e+04
0.0175	4.52011471e+04	9.99915998e+04	3.26920098e+04
0.0225	7.02094735e+04	-2.90635801e+04	-7.92989132e+03
0.0275	4.68971247e+04	1.60560604e+04	-6.38183375e+02
0.0325	6.35222278e+04	7.41966441e+04	2.53979698e+04
0.0375	3.74155636e+04	1.58972007e+04	-2.38350635e+03
0.0425	2.94810202e+04	1.86509796e+04	1.46937332e+04
0.0475	4.32713689e+04	2.50734497e+04	-1.13119960e+04
0.0525	2.64080892e+04	1.75335304e+04	-8.25611586e+02
0.0575	2.86658845e+04	7.32981164e+03	-3.18151225e+02
0.0625	3.23792421e+04	1.23842008e+04	-7.63971990e+03
0.0675	2.52869719e+04	4.00172684e+03	2.97288619e+03
0.0725	2.72901190e+04	1.41799671e+04	-9.49451413e+02
0.0775	2.55178633e+04	1.16971072e+04	-6.74452002e+03
0.0825	2.02766865e+04	7.07098124e+03	-3.18687835e+02
0.0875	2.02516838e+04	1.23934041e+04	2.30432199e+03
0.0925	1.95931916e+04	6.96708475e+03	-6.31625391e+02
0.0975	1.43839182e+04	2.42697592e+03	-1.06669787e+03
0.1025	1.56485833e+04	8.57168713e+03	5.04190927e+03
0.1075	1.47447108e+04	2.34877654e+03	-7.03478539e+02
0.1125	1.25571148e+04	1.72971945e+03	-3.24101434e+03
0.1175	1.29607333e+04	2.82262611e+03	7.67724858e+02
0.1225	1.19682203e+04	8.57368745e+03	-3.42641612e+02
0.1275	1.11854585e+04	2.50385445e+03	-1.68867427e+03
0.1325	1.13212159e+04	6.05594715e+03	9.60733311e+02
0.1375	9.84435265e+03	2.10739129e+03	-1.48738542e+03
0.1425	1.00515059e+04	3.24825127e+03	-9.97773420e+02
0.1475	9.05893365e+03	3.83703723e+03	3.17415167e+03
0.1525	7.97548366e+03	1.43780370e+03	-2.27286951e+03
0.1575	7.75613420e+03	2.31934235e+03	1.07558007e+03
0.1625	7.79663073e+03	2.44778817e+03	-1.62626206e+03
0.1675	7.18043396e+03	2.30019796e+03	1.09062845e+03
0.1725	7.04583304e+03	2.01015107e+03	-4.99055985e+01
0.1775	6.96703238e+03	1.57366968e+03	-8.13806613e+02
0.1825	6.11208839e+03	1.26719333e+03	5.26977850e+02
0.1875	6.51558315e+03	1.44847366e+03	-5.63054066e+02
0.1925	6.18141376e+03	1.84236754e+03	1.48419241e+03
0.1975	5.47197173e+03	1.88810117e+03	8.42882358e+01
0.2025	5.25925138e+03	9.87079348e+02	1.13050965e+03
0.2075	5.02851920e+03	1.42167031e+03	1.39627520e+01
0.2125	5.90417554e+03	2.63402882e+03	-7.79325854e+02
0.2175	4.69288676e+03	4.64553542e+02	-1.77461614e+02
0.2225	4.93955682e+03	8.94646601e+02	5.54800168e+02
0.2275	4.35452294e+03	1.83835157e+03	7.85779751e+02
0.2325	4.56187730e+03	6.54561208e+02	-6.24185097e+02
0.2375	4.45851856e+03	1.10445798e+03	-1.58255280e+00
0.2425	4.11229251e+03	5.17020306e+02	2.34358249e+02
0.2475	4.06320279e+03	1.12175668e+03	3.52859409e+02
0.2525	3.67139035e+03	6.40278405e+02	1.02096686e+03
0.2575	3.95264735e+03	-3.74838448e+02	-6.62835005e+02
0.2625	3.36846767e+03	3.75294872e+02	-2.83345637e+02
0.2675	3.44710344e+03	3.94532717e+02	-4.15913841e+01
0.2725	3.31049473e+03	7.90002711e+02	4.44865347e+02
0.2775	3.38306994e+03	-9.68065628e+01	6.62812409e+01
0.2825	3.36505398e+03	6.68068902e+01	2.82838668e+02
0.2875	2.68679752e+03	-3.14195826e+02	4.13110894e+02
0.2925	3.23102273e+03	6.49955124e+02	-7.25053600e+01
0.2975	2.93922736e+03	4.13823172e+02	3.90294525e+02
