####### Power Spectrum of Patchy Simulation 589 #############
# Patch: ngc
# z-type: z1
# Weights: fkp
# Fiducial Omega_m: 0.310
# Fiducial h: 0.676
# Forward-model pixellation : 0
# Rando n-bar: 0
# Boxsize: [1350.0, 2450.0, 1400.0]
# Grid: [193, 353, 200]
# k-binning: [0.000, 0.310, 0.005]
# Monte Carlo Simulations: 100
#
# Format: k | P0 | P2 | P4
############################################
0.0125	8.52630850e+04	4.32480928e+04	-8.31400934e+04
0.0175	6.59070544e+04	3.26383983e+04	1.28737679e+04
0.0225	7.30901067e+04	3.05670071e+04	1.04274817e+04
0.0275	4.41499770e+04	3.08962289e+03	-2.22342556e+02
0.0325	5.20040371e+04	7.88149454e+03	8.32114419e+03
0.0375	4.37935039e+04	1.12687473e+04	-1.91574963e+03
0.0425	3.77459672e+04	6.52128456e+03	-5.73317258e+03
0.0475	3.90119092e+04	1.68296406e+04	2.53297925e+03
0.0525	3.39328022e+04	1.48519883e+04	-3.18020126e+03
0.0575	2.94210954e+04	3.59864360e+03	-1.13444927e+04
0.0625	2.84634665e+04	1.01684880e+04	6.99610813e+03
0.0675	3.00077840e+04	1.21623930e+04	6.56204630e+03
0.0725	2.41572882e+04	8.78815075e+03	1.50599779e+03
0.0775	2.32394146e+04	8.27593300e+03	-3.49059519e+03
0.0825	2.13895246e+04	5.75821872e+03	7.64979782e+03
0.0875	1.87851178e+04	6.91762018e+03	1.78981372e+02
0.0925	1.73404094e+04	8.16267837e+03	3.84709436e+03
0.0975	1.61597219e+04	5.79235649e+03	3.28408835e+01
0.1025	1.43383307e+04	3.54211437e+03	-8.35474013e+02
0.1075	1.41080720e+04	4.27862852e+03	-2.30882220e+03
0.1125	1.27066642e+04	4.58201499e+03	4.22924083e+02
0.1175	1.32966913e+04	3.00738746e+03	-1.43417954e+03
0.1225	1.18511565e+04	3.48321977e+03	-9.51136225e+02
0.1275	1.13473405e+04	4.14375401e+03	3.49019649e+02
0.1325	1.10244879e+04	3.98033406e+03	-2.38453732e+01
0.1375	1.03964586e+04	3.30741970e+03	1.72925126e+03
0.1425	1.00792006e+04	3.02631803e+03	-3.25929195e+01
0.1475	9.08949139e+03	2.96520956e+03	-3.76464299e+02
0.1525	8.82205667e+03	2.82547795e+03	5.97469251e+02
0.1575	8.13991282e+03	2.33093582e+03	-1.25413200e+02
0.1625	7.82236374e+03	2.32601180e+03	-8.10456056e+02
0.1675	7.05253887e+03	1.77116391e+03	-1.14211839e+03
0.1725	7.22800385e+03	2.33707844e+03	1.79984985e+02
0.1775	6.70130060e+03	2.25409956e+03	-3.81130653e+01
0.1825	6.74979735e+03	2.26335557e+03	1.45597740e+02
0.1875	6.30166415e+03	1.58078015e+03	1.53135284e+02
0.1925	5.90675133e+03	1.03085080e+03	3.09040554e+02
0.1975	5.77527183e+03	1.16819474e+03	1.62165412e+02
0.2025	5.41202212e+03	1.36920761e+03	6.28412834e+02
0.2075	5.42377382e+03	8.20762254e+02	-2.18272864e+01
0.2125	5.05777735e+03	1.41948437e+03	5.36432543e+02
0.2175	4.95398440e+03	1.27527482e+03	-1.02243987e+02
0.2225	4.57000945e+03	1.48829512e+03	-5.08256378e+01
0.2275	4.46591670e+03	8.27625476e+02	-6.22488240e+02
0.2325	4.26522401e+03	5.07827477e+02	-2.13717593e+02
0.2375	4.00793250e+03	6.10576271e+02	1.65436530e+00
0.2425	4.21292439e+03	8.26897982e+02	6.84997031e+02
0.2475	3.89409508e+03	7.54170998e+02	1.03602309e+01
0.2525	3.90726202e+03	7.24956085e+02	2.04095309e+02
0.2575	3.53864405e+03	3.12076390e+02	9.32688485e+01
0.2625	3.52256419e+03	7.12934082e+02	1.20527747e+02
0.2675	3.47400733e+03	5.74073500e+02	5.29439670e+02
0.2725	3.13943062e+03	2.67934722e+02	1.40129960e+02
0.2775	3.17135479e+03	4.15633390e+02	3.07823598e+01
0.2825	3.20855300e+03	1.34225111e+02	7.51321403e+01
0.2875	2.92420950e+03	4.21095938e+02	3.45548635e+02
0.2925	2.96763664e+03	4.32256746e+02	2.68921049e+02
0.2975	2.82034759e+03	1.64381308e+02	1.83770656e+02
