####### Power Spectrum of Patchy Simulation 425 #############
# Patch: ngc
# z-type: z1
# Weights: fkp
# Fiducial Omega_m: 0.310
# Fiducial h: 0.676
# Forward-model pixellation : 0
# Rando n-bar: 0
# Boxsize: [1350.0, 2450.0, 1400.0]
# Grid: [193, 353, 200]
# k-binning: [0.000, 0.310, 0.005]
# Monte Carlo Simulations: 100
#
# Format: k | P0 | P2 | P4
############################################
0.0125	9.78408445e+04	4.07064072e+04	-2.17697817e+04
0.0175	7.73984291e+04	5.88740808e+04	1.73726649e+04
0.0225	6.63387462e+04	5.68916556e+03	-4.83885609e+04
0.0275	5.80115646e+04	1.95455973e+04	-4.47684209e+03
0.0325	5.64292724e+04	9.79244996e+03	-6.59841531e+01
0.0375	4.03994290e+04	2.79404635e+04	-3.60687522e+03
0.0425	4.23338711e+04	1.91666332e+04	6.99704372e+03
0.0475	3.88419305e+04	1.67516344e+04	1.46991833e+03
0.0525	4.00755740e+04	2.45828857e+04	-2.51545282e+03
0.0575	3.10066732e+04	9.26208762e+03	2.81869126e+02
0.0625	2.68012524e+04	9.05259098e+03	5.35737570e+03
0.0675	2.80619599e+04	1.48454777e+04	-2.91742332e+03
0.0725	2.58489901e+04	1.31996686e+04	-5.96107066e+03
0.0775	2.24269487e+04	5.16889405e+03	-3.42279337e+02
0.0825	2.12357634e+04	7.41258075e+03	1.85790397e+03
0.0875	1.91815542e+04	9.72401044e+03	1.26073834e+03
0.0925	1.71271344e+04	6.05183416e+03	2.79370239e+03
0.0975	1.53577029e+04	7.17811002e+03	1.53649199e+03
0.1025	1.50275224e+04	4.22286428e+03	-2.55643250e+01
0.1075	1.26152591e+04	4.84692967e+03	1.61113104e+03
0.1125	1.35553323e+04	5.48900564e+03	4.08437384e+02
0.1175	1.22582758e+04	3.81215132e+03	3.39898321e+02
0.1225	1.17264549e+04	3.79319348e+03	6.88879265e+02
0.1275	1.16224534e+04	2.45133453e+03	-1.11534743e+03
0.1325	1.14389057e+04	3.40676215e+03	1.79571656e+02
0.1375	1.02292045e+04	3.95171277e+03	1.12383160e+03
0.1425	9.55935848e+03	3.58992931e+03	9.07641622e+01
0.1475	8.93232077e+03	2.21766112e+03	6.84004893e+02
0.1525	8.63059287e+03	2.88022658e+03	7.50935470e+01
0.1575	8.14807055e+03	2.58927064e+03	9.12896739e+02
0.1625	7.43965065e+03	1.72146254e+03	9.09370954e+02
0.1675	6.93563702e+03	1.31720755e+03	-3.43155828e+02
0.1725	6.93896660e+03	2.46458510e+03	3.45775451e+02
0.1775	6.51270678e+03	1.91900119e+03	1.02417454e+03
0.1825	6.22239208e+03	1.04799616e+03	3.92778655e+02
0.1875	6.27478546e+03	1.71479652e+03	-6.15853677e+01
0.1925	5.57703314e+03	1.64040403e+03	-1.13323732e+02
0.1975	5.51381529e+03	9.31335361e+02	-1.37620616e+02
0.2025	5.70748850e+03	1.39353769e+03	6.68559037e+02
0.2075	4.99524674e+03	1.09784041e+03	1.14986011e+03
0.2125	4.69486534e+03	8.11744880e+02	5.37963471e+02
0.2175	4.56785503e+03	6.82081733e+02	1.22976478e+03
0.2225	4.71333603e+03	1.03905697e+03	9.07093000e+02
0.2275	4.52479113e+03	1.39957329e+03	4.69204077e+02
0.2325	4.06002389e+03	9.21649434e+02	2.81148478e+02
0.2375	3.99518262e+03	7.80088431e+02	8.75839577e+01
0.2425	4.11710214e+03	1.22659156e+03	2.02386895e+02
0.2475	3.56727713e+03	5.03851366e+02	3.95133728e+02
0.2525	3.64008419e+03	4.49260891e+02	-5.06418991e+01
0.2575	3.58418078e+03	3.39148718e+02	5.32764283e+02
0.2625	3.46774514e+03	2.23260938e+02	4.91948410e+02
0.2675	3.37573838e+03	5.51836101e+02	3.25855126e+02
0.2725	3.17064982e+03	2.14349844e+02	1.23380646e+02
0.2775	3.23304777e+03	3.99041188e+02	1.35004752e+02
0.2825	2.90003013e+03	1.31164710e+02	2.76731135e+02
0.2875	2.81775562e+03	4.40907606e+02	3.46050767e+02
0.2925	2.84821410e+03	4.22791526e+02	3.27184972e+02
0.2975	2.78302397e+03	2.13957962e+02	4.66433079e+02
