####### Power Spectrum of Patchy Simulation 1782 #############
# Patch: sgc
# z-type: z3
# Weights: fkp
# Fiducial Omega_m: 0.310
# Fiducial h: 0.676
# Forward-model pixellation : 0
# Rando n-bar: 0
# Boxsize: [1000.0, 2600.0, 1500.0]
# Grid: [146, 384, 215]
# k-binning: [0.000, 0.410, 0.005]
# Monte Carlo Simulations: 100
#
# Format: k | P0 | P2 | P4
############################################
0.0125	6.34871447e+04	-5.39879975e+04	3.75043717e+04
0.0175	1.02277317e+05	1.10992274e+05	-4.58302480e+03
0.0225	6.28141794e+04	2.05361444e+04	9.58787510e+03
0.0275	4.99938358e+04	-4.96690555e+03	-4.46206253e+04
0.0325	6.14147656e+04	7.06594588e+04	4.22426951e+04
0.0375	5.07263470e+04	1.81866237e+04	-4.46145693e+03
0.0425	4.71933125e+04	1.92989881e+03	-7.53753143e+03
0.0475	3.97493890e+04	3.36780891e+04	-6.63294119e+03
0.0525	3.77038606e+04	2.11359968e+03	2.44007494e+02
0.0575	4.31726539e+04	4.20862524e+04	4.65929355e+03
0.0625	2.56872398e+04	-4.20693186e+03	3.58405777e+03
0.0675	3.20947316e+04	1.52134806e+04	1.52368840e+04
0.0725	2.77125700e+04	3.26072184e+03	-8.59299148e+03
0.0775	2.55503958e+04	2.50004439e+03	2.07509927e+03
0.0825	2.38765482e+04	9.04880597e+03	-2.45245892e+03
0.0875	2.11148609e+04	1.25093186e+04	2.56427393e+03
0.0925	2.37827892e+04	7.89740198e+03	2.29455141e+03
0.0975	1.58396935e+04	2.93958435e+03	1.91289160e+03
0.1025	1.87524149e+04	1.14946945e+04	7.33558439e+03
0.1075	1.52849817e+04	2.90874600e+03	3.16387635e+03
0.1125	1.37503013e+04	4.19064965e+03	5.02326206e+02
0.1175	1.42964579e+04	7.63600327e+02	3.43421912e+03
0.1225	1.34885183e+04	6.43514261e+03	1.04736931e+03
0.1275	1.46192368e+04	4.24661785e+03	-2.23688360e+03
0.1325	1.22401654e+04	2.05329285e+03	2.06440257e+03
0.1375	1.26727011e+04	5.32426297e+03	6.14075946e+02
0.1425	1.16861444e+04	3.43721268e+03	-8.58421192e+02
0.1475	1.01533438e+04	1.61166106e+03	1.24263064e+03
0.1525	9.36706919e+03	5.91949813e+03	4.15938423e+03
0.1575	8.64355937e+03	1.32858632e+03	4.73779698e+01
0.1625	8.72586754e+03	3.40704219e+03	2.14278634e+03
0.1675	8.85455640e+03	2.68145818e+03	6.48399173e+02
0.1725	8.41359440e+03	2.61611507e+03	3.06232426e+02
0.1775	7.66752090e+03	1.35036625e+03	1.29780294e+03
0.1825	7.68939994e+03	1.88140075e+03	5.44780652e+02
0.1875	7.31255218e+03	2.13259409e+03	-1.43320178e+02
0.1925	7.23165716e+03	1.97555947e+03	1.20139144e+03
0.1975	6.47949514e+03	7.46361733e+02	1.85429438e+01
0.2025	7.02001686e+03	2.07703914e+03	6.01591838e+02
0.2075	6.55256702e+03	1.92839149e+03	-7.51740898e+02
0.2125	5.54245699e+03	4.08399021e+02	7.12652934e+02
0.2175	5.67280030e+03	9.15654810e+02	-5.43812912e+02
0.2225	5.30635214e+03	1.27463806e+03	1.52564079e+03
0.2275	5.80707015e+03	1.70083066e+02	2.52467706e+02
0.2325	5.09200311e+03	1.10273829e+03	1.73328885e+01
0.2375	4.86362189e+03	-3.53546347e+01	3.26195662e+02
0.2425	4.93639878e+03	1.92431406e+03	2.03266699e+02
0.2475	4.78975853e+03	7.77455643e+02	4.15030860e+02
0.2525	4.61049916e+03	5.52137871e+02	9.35556260e+02
0.2575	4.16672451e+03	-3.91953904e+01	-6.85520640e+02
0.2625	4.06998335e+03	4.87179530e+02	5.66559363e+02
0.2675	4.29814996e+03	7.31888623e+02	2.16940236e+02
0.2725	3.99401065e+03	3.65984600e+02	9.34337243e+01
0.2775	3.92266821e+03	1.93519383e+02	9.44708039e+02
0.2825	3.81375336e+03	-6.45409469e+01	-1.51822541e+02
0.2875	3.68778815e+03	1.21214653e+02	4.42896053e+02
0.2925	3.73311004e+03	-2.56957114e+02	2.11854116e+02
0.2975	3.41786603e+03	1.33308662e+02	-6.93360717e+02
0.3025	3.67418944e+03	7.85748128e+02	8.60325641e+01
0.3075	3.19777985e+03	-2.51553435e+02	-7.55015959e+01
0.3125	3.28651835e+03	3.64797163e+02	5.11562771e+02
0.3175	3.02016109e+03	-2.62134308e+02	-5.44946767e+02
0.3225	2.88281764e+03	-1.07831072e+02	2.17537181e+02
0.3275	3.12857064e+03	3.24700415e+02	-1.54609584e+02
0.3325	2.70547477e+03	2.90716183e+02	-2.46729578e+01
0.3375	2.83423100e+03	-3.87559645e+01	3.78173114e+02
0.3425	2.84925054e+03	-3.98506290e+02	-5.21095526e+02
0.3475	2.49319367e+03	-7.58651310e+01	4.74520453e+02
0.3525	2.70442295e+03	-2.22434713e+02	3.05907053e+02
0.3575	2.68280549e+03	9.42051018e+01	-1.88528560e+02
0.3625	2.44326658e+03	1.12985257e+02	8.34535727e+02
0.3675	2.22589458e+03	-2.92087070e+02	1.39678006e+02
0.3725	2.46220583e+03	1.71988279e+02	-1.64311760e+02
0.3775	2.17180603e+03	-3.29973520e+02	5.53655850e+02
0.3825	2.29397260e+03	-5.83534835e+02	-3.43794723e+01
0.3875	2.07376032e+03	-5.17304112e+02	3.49041277e+02
0.3925	2.23184840e+03	-2.51098808e+02	4.31140943e+02
0.3975	2.50593473e+03	-3.81661039e+02	6.86653076e+02
