####### Power Spectrum of Patchy Simulation 1521 #############
# Patch: ngc
# z-type: z1
# Weights: fkp
# Fiducial Omega_m: 0.310
# Fiducial h: 0.676
# Forward-model pixellation : 0
# Rando n-bar: 0
# Boxsize: [1350.0, 2450.0, 1400.0]
# Grid: [193, 353, 200]
# k-binning: [0.000, 0.410, 0.005]
# Monte Carlo Simulations: 100
#
# Format: k | P0 | P2 | P4
############################################
0.0125	6.38993319e+04	3.68283356e+04	6.81014018e+04
0.0175	8.39217247e+04	1.09109943e+05	2.63149751e+04
0.0225	6.47349586e+04	3.30810868e+04	-3.20349876e+04
0.0275	6.73552422e+04	2.35371947e+04	-3.44415868e+04
0.0325	6.46115580e+04	2.95747186e+04	-7.52169041e+03
0.0375	4.29763048e+04	2.17483105e+04	2.37544662e+04
0.0425	4.46775193e+04	7.69277498e+03	2.18733719e+04
0.0475	4.14809885e+04	2.05674212e+04	-7.86792145e+03
0.0525	3.49141742e+04	9.00411556e+03	5.02761260e+03
0.0575	3.20773007e+04	3.91449448e+03	3.10869374e+03
0.0625	3.00429783e+04	1.85768406e+04	2.09674979e+03
0.0675	3.13382142e+04	1.57851167e+04	-3.42279884e+03
0.0725	2.90843460e+04	7.79085631e+03	-3.84624130e+03
0.0775	2.40733352e+04	9.92075335e+03	3.75256617e+03
0.0825	2.48497205e+04	8.71559051e+03	3.93244573e+03
0.0875	2.11666386e+04	5.44523583e+03	-5.17723143e+03
0.0925	1.97624326e+04	6.66139152e+03	1.53014036e+03
0.0975	1.75674100e+04	5.85579331e+03	-4.13054410e+02
0.1025	1.72596902e+04	8.12244639e+03	1.17243674e+03
0.1075	1.54780327e+04	5.82714923e+03	4.11351851e+02
0.1125	1.49951169e+04	5.31370687e+03	-1.48556354e+02
0.1175	1.37423859e+04	4.77374081e+03	1.02472149e+02
0.1225	1.30258165e+04	4.01423187e+03	-6.56000600e+02
0.1275	1.27829464e+04	4.14743802e+03	1.27303676e+03
0.1325	1.32713490e+04	4.27758005e+03	9.11803568e+02
0.1375	1.15073051e+04	2.87221112e+03	-9.86374903e+02
0.1425	1.04932504e+04	3.80063654e+03	8.39705214e+02
0.1475	1.03188099e+04	3.03001012e+03	-8.56684655e+02
0.1525	1.00986922e+04	3.24942203e+03	6.98115540e+02
0.1575	9.29944806e+03	3.13653984e+03	8.67120517e+02
0.1625	8.88171582e+03	2.50159081e+03	8.86213248e+02
0.1675	8.69674153e+03	2.89443233e+03	1.09292240e+03
0.1725	7.68227203e+03	2.02050378e+03	2.38262458e+02
0.1775	8.05236593e+03	1.67061579e+03	-2.06381180e+02
0.1825	7.10389804e+03	2.15419612e+03	-1.06044878e+02
0.1875	7.20624687e+03	1.54876652e+03	-4.47120443e+02
0.1925	6.76258274e+03	2.09818054e+03	4.75546831e+02
0.1975	6.27087406e+03	1.70765372e+03	7.39861237e+02
0.2025	6.19573313e+03	1.56058832e+03	-6.93712476e+01
0.2075	6.09167083e+03	1.49425014e+03	5.09721016e+01
0.2125	5.85327033e+03	9.00675186e+02	1.24576188e+02
0.2175	5.53548622e+03	1.40901038e+03	1.85903666e+01
0.2225	5.42452210e+03	1.06568378e+03	5.03867776e+02
0.2275	4.93991650e+03	1.05991260e+03	-2.26234731e+02
0.2325	4.81499547e+03	8.60676564e+02	1.27858834e+02
0.2375	4.90872206e+03	7.42076197e+02	-9.16432189e+01
0.2425	4.77121221e+03	1.10694882e+03	5.40576174e+02
0.2475	4.43022098e+03	3.17715755e+02	-8.39153156e+01
0.2525	4.32281164e+03	9.93024783e+02	4.78129177e+02
0.2575	4.12713173e+03	8.49729452e+01	4.01231979e+02
0.2625	4.02580263e+03	7.08574962e+02	2.01443300e+02
0.2675	3.99030202e+03	3.73473401e+02	-2.95420779e+02
0.2725	3.72430065e+03	6.50065967e+02	3.62470362e+02
0.2775	3.65761444e+03	1.67328475e+02	9.36626026e+01
0.2825	3.59678179e+03	6.27087506e+02	2.67071335e+01
0.2875	3.32881682e+03	4.44076494e+02	1.23050731e+02
0.2925	3.49188972e+03	4.48340003e+02	3.11495756e+02
0.2975	3.22725441e+03	3.71961522e+02	2.93150145e+02
0.3025	3.25200299e+03	-5.02807677e+01	2.30269223e+02
0.3075	3.04290914e+03	-3.11016513e+01	-1.42468554e+02
0.3125	2.97878856e+03	-7.69764260e+01	2.09708253e+02
0.3175	2.85568423e+03	7.89711261e+01	2.50810864e+02
0.3225	2.80596081e+03	2.72925364e+02	3.12878069e+02
0.3275	2.80754561e+03	-1.98185967e+02	2.39137399e+02
0.3325	2.69958352e+03	-2.82573048e+02	3.80574666e+02
0.3375	2.61843634e+03	1.52899305e+02	4.85842833e+02
0.3425	2.49580395e+03	-1.08313143e+02	4.56357152e+02
0.3475	2.53402981e+03	-1.41825344e+02	6.01243772e+01
0.3525	2.46591096e+03	-1.83990981e+02	2.99592452e+02
0.3575	2.33869233e+03	-9.04305567e+01	2.35506512e+02
0.3625	2.20275041e+03	-6.08776282e+01	2.61051378e+02
0.3675	2.27959165e+03	-3.37073870e+02	1.99384101e+02
0.3725	2.12859859e+03	-1.02799811e+02	1.68415668e+02
0.3775	2.07597618e+03	-1.38670280e+02	2.89291834e+02
0.3825	2.16675699e+03	-4.79681170e+02	1.83233876e+02
0.3875	2.00009647e+03	-4.00482961e+02	2.03654549e+02
0.3925	1.92593441e+03	-2.31196153e+02	2.83771888e+02
0.3975	2.00880137e+03	-3.95988504e+02	3.55491964e+02
