####### Power Spectrum of Patchy Simulation 904 #############
# Patch: sgc
# z-type: z3
# Weights: fkp
# Fiducial Omega_m: 0.310
# Fiducial h: 0.676
# Forward-model pixellation : 0
# Rando n-bar: 0
# Boxsize: [1000.0, 2600.0, 1500.0]
# Grid: [146, 384, 215]
# k-binning: [0.000, 0.410, 0.005]
# Monte Carlo Simulations: 100
#
# Format: k | P0 | P2 | P4
############################################
0.0125	1.99473936e+04	-1.05342214e+05	1.65033993e+05
0.0175	1.10134544e+05	9.46446020e+04	-4.57896107e+04
0.0225	5.10215842e+04	-1.21864868e+04	-6.23443621e+04
0.0275	6.70296729e+04	-6.14575568e+03	4.42358499e+04
0.0325	6.85971604e+04	2.21972150e+04	-6.80982561e+04
0.0375	4.56565383e+04	2.81012360e+04	-7.27683397e+03
0.0425	3.86257514e+04	3.16937664e+04	1.98504765e+04
0.0475	4.24513344e+04	1.41895131e+04	-7.69214160e+03
0.0525	3.65808227e+04	2.10033401e+02	-1.05165156e+04
0.0575	3.93236801e+04	2.33094855e+04	-4.34289428e+03
0.0625	3.01654431e+04	2.51648982e+04	1.39116897e+04
0.0675	3.26010691e+04	-1.93014546e+03	-8.22944567e+02
0.0725	2.89112810e+04	5.83909671e+03	3.92424500e+03
0.0775	2.75842323e+04	1.75833058e+04	6.00668694e+03
0.0825	2.40540992e+04	5.67608352e+03	1.94688367e+03
0.0875	2.20497219e+04	5.17236914e+03	6.62638924e+01
0.0925	1.85380875e+04	5.99857578e+03	-4.61696151e+02
0.0975	1.81424084e+04	2.13762446e+03	-4.43456066e+03
0.1025	1.66457715e+04	6.26639722e+03	3.51008764e+02
0.1075	1.48369700e+04	4.34172102e+03	1.36852761e+03
0.1125	1.48748156e+04	4.28401150e+03	-2.05775478e+03
0.1175	1.51775291e+04	4.26308465e+03	9.36939722e+02
0.1225	1.42735384e+04	6.97386563e+03	-5.64931283e+02
0.1275	1.42419075e+04	1.79709037e+03	1.05980975e+03
0.1325	1.13913971e+04	7.44061040e+03	4.98436609e+03
0.1375	1.29033120e+04	9.56662632e+02	-1.23745465e+03
0.1425	1.18209886e+04	4.69005124e+03	9.97024860e+02
0.1475	1.07337879e+04	2.32222483e+03	-6.64498052e+02
0.1525	9.83399582e+03	4.07348571e+03	-2.91111609e+01
0.1575	9.50755688e+03	-4.64788733e+02	5.36176882e+02
0.1625	8.86962875e+03	3.59779563e+03	2.84914639e+02
0.1675	8.79980759e+03	2.87907293e+03	1.54716450e+03
0.1725	8.87684680e+03	2.36429321e+03	-8.80441049e+02
0.1775	8.00119954e+03	1.83696263e+03	3.21687155e+03
0.1825	7.66762692e+03	1.42866197e+03	-1.68434301e+02
0.1875	7.13397005e+03	6.64042102e+02	2.67657823e+02
0.1925	7.53244188e+03	2.49941677e+03	1.01051587e+03
0.1975	6.86388547e+03	7.99356840e+02	-7.26404044e+02
0.2025	6.36669407e+03	1.34942703e+03	-5.70743514e+02
0.2075	6.42476519e+03	1.68743358e+03	-2.31615388e+03
0.2125	6.19158760e+03	1.56210490e+03	1.13256007e+03
0.2175	6.03413190e+03	1.64022908e+03	-1.18427359e+03
0.2225	5.85161755e+03	2.17954936e+02	3.44325311e+02
0.2275	5.72313381e+03	1.07544345e+03	-1.22706016e+03
0.2325	5.56882811e+03	2.11886476e+03	1.77019369e+03
0.2375	4.90271764e+03	4.08592566e+02	-7.41081743e+02
0.2425	5.01285733e+03	5.02055792e+02	3.29663716e+00
0.2475	4.78763155e+03	1.49076601e+02	-4.86290324e+02
0.2525	4.72823925e+03	6.18565639e+02	1.04499912e+03
0.2575	4.70490495e+03	-5.27833647e+02	1.15028477e+02
0.2625	4.31487229e+03	1.45167108e+02	-2.68363313e+02
0.2675	4.13417783e+03	-7.92558796e+01	-5.88386769e+02
0.2725	4.48790530e+03	8.10282688e+02	4.63342818e+02
0.2775	3.97818653e+03	1.18099773e+03	4.78087196e+02
0.2825	4.12987498e+03	-1.42984831e+02	5.82301445e+02
0.2875	3.71805589e+03	-1.16253676e+02	2.27087415e+02
0.2925	3.78374031e+03	3.71803703e+02	-8.51777713e+01
0.2975	3.55438699e+03	5.25220066e+02	3.03487827e+02
0.3025	3.44977547e+03	2.78822036e+02	5.66006265e+02
0.3075	3.39768811e+03	7.45674006e+01	5.17962207e+02
0.3125	3.29438193e+03	5.32070044e+02	2.90403239e+02
0.3175	3.32364661e+03	4.13560726e+01	2.70787444e+02
0.3225	3.20752698e+03	2.17798221e+02	5.81818010e+02
0.3275	3.17094568e+03	2.61857903e+02	-3.35550247e+01
0.3325	2.90623765e+03	-9.32651772e+02	-2.78888705e+02
0.3375	3.10445170e+03	8.01718792e+01	3.46205831e+02
0.3425	2.85566777e+03	-4.66992702e+02	-6.77983870e+02
0.3475	2.66273206e+03	-1.17075313e+02	4.39090621e+02
0.3525	2.69482183e+03	-2.94808778e+02	-4.45817706e+02
0.3575	2.82473475e+03	1.89909008e+02	6.49420462e+02
0.3625	2.47593115e+03	-2.66173912e+02	-1.72568611e+02
0.3675	2.66450292e+03	-2.30800909e+02	3.48391799e+02
0.3725	2.34343723e+03	-1.15405683e+02	3.05538834e+02
0.3775	2.57683929e+03	-4.71144096e+02	4.07713280e+02
0.3825	2.38932813e+03	1.61825957e+01	7.63556996e+02
0.3875	2.24057151e+03	-3.92091503e+02	-1.63946758e+02
0.3925	2.50928287e+03	-2.82492481e+02	1.80797934e+02
0.3975	2.20610099e+03	-3.06553565e+02	4.38401681e+02
