####### Power Spectrum of Patchy Simulation 787 #############
# Patch: sgc
# z-type: z1
# Weights: fkp
# Fiducial Omega_m: 0.310
# Fiducial h: 0.676
# Forward-model pixellation : 0
# Rando n-bar: 0
# Boxsize: [1000.0, 1900.0, 1100.0]
# Grid: [146, 276, 161]
# k-binning: [0.000, 0.410, 0.005]
# Monte Carlo Simulations: 100
#
# Format: k | P0 | P2 | P4
############################################
0.0125	1.19547737e+05	1.01000099e+05	6.97513992e+04
0.0175	1.17230657e+05	5.99579582e+04	2.29592140e+03
0.0225	7.74740639e+04	6.50553606e+03	4.86103001e+04
0.0275	7.55492473e+04	6.45058305e+04	-2.19475527e+04
0.0325	5.23049155e+04	1.28782405e+04	3.63440462e+04
0.0375	4.74664350e+04	7.05586837e+03	-3.06108178e+04
0.0425	4.00737951e+04	4.28048716e+04	3.03070789e+04
0.0475	4.48265283e+04	1.63023777e+04	1.33394140e+04
0.0525	3.38119418e+04	2.18864679e+04	2.70071108e+04
0.0575	3.72299069e+04	1.48753023e+04	1.73681908e+04
0.0625	3.31506074e+04	8.70822559e+03	-3.29720636e+03
0.0675	3.17076495e+04	1.55666022e+03	5.47994262e+03
0.0725	3.27237456e+04	1.15487365e+04	1.47852601e+04
0.0775	2.37714166e+04	1.05760249e+04	-5.13904514e+03
0.0825	2.46412571e+04	1.59518948e+04	6.41131089e+03
0.0875	2.20953638e+04	7.50883607e+03	-6.67237406e+03
0.0925	1.92429334e+04	8.05462351e+03	-2.00129506e+03
0.0975	1.58888667e+04	7.25018274e+03	2.29988386e+03
0.1025	1.59998192e+04	-2.37390114e+02	-3.93737808e+03
0.1075	1.60774840e+04	6.03518280e+03	1.15633558e+03
0.1125	1.63007443e+04	7.02299485e+03	3.18256967e+03
0.1175	1.52831451e+04	5.81886874e+03	-7.85430411e+01
0.1225	1.32386196e+04	4.23369624e+03	2.40618107e+03
0.1275	1.27364025e+04	7.11254283e+03	2.60156870e+03
0.1325	1.35797475e+04	1.86030737e+03	-1.30464183e+03
0.1375	1.26372795e+04	4.16820988e+03	3.78594570e+03
0.1425	1.07833018e+04	2.07920464e+03	-1.85325604e+03
0.1475	1.06607050e+04	4.82132259e+03	2.92513162e+03
0.1525	9.68714773e+03	2.06136462e+03	1.38106130e+03
0.1575	8.48346311e+03	2.49202636e+03	2.04110064e+03
0.1625	9.17653497e+03	2.86286965e+03	-1.68192655e+03
0.1675	8.92256704e+03	2.89660774e+03	-1.42865630e+02
0.1725	8.35898896e+03	8.66704761e+02	-7.99333037e+02
0.1775	7.38130305e+03	2.80014916e+03	-1.11746630e+03
0.1825	7.46750742e+03	1.25620226e+03	2.41504073e+02
0.1875	7.12779781e+03	1.52147270e+03	4.85464828e+02
0.1925	7.04771084e+03	3.72471266e+02	-1.09576533e+03
0.1975	6.46200250e+03	1.47888366e+03	1.60503625e+03
0.2025	6.61553392e+03	1.36524400e+03	-5.85555929e+02
0.2075	5.83212772e+03	7.37686819e+02	2.75961619e+02
0.2125	5.56957175e+03	2.36843635e+03	8.45223449e+02
0.2175	5.45026668e+03	1.01640572e+03	-2.50177879e+02
0.2225	5.08547732e+03	1.36185813e+03	1.00051655e+03
0.2275	5.28182069e+03	1.84862853e+03	9.67000937e+02
0.2325	4.47782481e+03	-2.57335585e+02	-1.30881323e+02
0.2375	4.93608378e+03	7.18703516e+02	4.61285508e+02
0.2425	4.72139350e+03	7.02414875e+02	-3.34370142e+02
0.2475	4.17118912e+03	1.00906825e+03	-1.17533556e+02
0.2525	4.42956499e+03	8.31127301e+02	3.62030397e+02
0.2575	4.21479028e+03	4.71445171e+02	7.04766256e+02
0.2625	4.43232263e+03	4.38670293e+02	5.24665535e+02
0.2675	3.60965106e+03	1.16678680e+03	-3.09775999e+02
0.2725	3.68585524e+03	3.45873302e+02	4.26822937e+02
0.2775	3.64847588e+03	-1.33721133e+02	-2.94043076e+02
0.2825	3.57468765e+03	4.22635482e+02	-1.43747712e+02
0.2875	3.67021935e+03	2.32436666e+02	-7.58191493e+01
0.2925	3.16180801e+03	4.33435163e+02	8.31551826e+02
0.2975	3.26798221e+03	-2.05098957e+02	-1.24012997e+02
0.3025	3.24736119e+03	9.45419567e+01	4.78291174e+02
0.3075	3.10221356e+03	-1.06491231e+02	8.33749326e+02
0.3125	2.93150901e+03	-2.77908383e+01	3.13363334e+02
0.3175	2.79603269e+03	-2.78894609e+01	5.85324704e+01
0.3225	3.05815717e+03	-2.03683184e+02	-7.70806178e+01
0.3275	2.65526148e+03	-2.53290756e+02	4.10820159e+02
0.3325	2.49350826e+03	-2.87486768e+01	2.97299569e+02
0.3375	2.51644563e+03	-4.72875869e+02	1.04838388e+02
0.3425	2.50444510e+03	-2.43260335e+02	3.10935408e+02
0.3475	2.31917678e+03	-3.02312785e+01	7.18156487e+02
0.3525	2.42101044e+03	4.77311759e+01	3.61610049e+02
0.3575	2.22669636e+03	-4.51979580e+02	1.60343611e+02
0.3625	2.26136664e+03	-2.76228161e+02	2.59072998e+02
0.3675	2.26475214e+03	-2.35985828e+02	2.09672796e+02
0.3725	2.07788047e+03	-9.34535870e+01	5.85006480e+02
0.3775	1.90648542e+03	-4.00127682e+02	4.32049169e+00
0.3825	2.20179986e+03	-2.10541124e+02	4.89159481e+01
0.3875	1.96034483e+03	-4.25585611e+02	2.95550920e+02
0.3925	1.90404263e+03	-4.63689562e+02	4.62290708e+02
0.3975	2.08231525e+03	-1.04396516e+02	2.34746983e+02
