####### Power Spectrum of Patchy Simulation 2012 #############
# Patch: sgc
# z-type: z1
# Weights: fkp
# Fiducial Omega_m: 0.310
# Fiducial h: 0.676
# Forward-model pixellation : 0
# Rando n-bar: 0
# Boxsize: [1000.0, 1900.0, 1100.0]
# Grid: [146, 276, 161]
# k-binning: [0.000, 0.410, 0.005]
# Monte Carlo Simulations: 100
#
# Format: k | P0 | P2 | P4
############################################
0.0125	8.52692422e+04	9.11275203e+04	-7.87702496e+04
0.0175	6.83548022e+04	1.40396683e+05	2.83567792e+03
0.0225	9.31571748e+04	-3.53849983e+04	-4.09518856e+04
0.0275	6.22702214e+04	3.27544844e+04	2.62447822e+04
0.0325	4.89553057e+04	2.19972400e+04	5.07894653e+03
0.0375	4.91411365e+04	5.61213709e+04	8.91159823e+03
0.0425	4.61458684e+04	1.63976318e+04	-4.69133436e+03
0.0475	4.52590916e+04	3.28306029e+04	-1.00910209e+04
0.0525	3.81293530e+04	1.39367632e+04	9.11248442e+01
0.0575	4.05978342e+04	2.77922110e+04	-1.21465253e+04
0.0625	2.84483159e+04	-1.61791985e+03	-1.91422780e+04
0.0675	3.20633350e+04	2.56537082e+04	1.82048285e+04
0.0725	2.55845738e+04	1.39116713e+04	-5.27055858e+03
0.0775	2.40233332e+04	5.56536109e+03	7.61364469e+02
0.0825	2.58615782e+04	5.60275878e+03	6.55764491e+03
0.0875	1.85594650e+04	5.07350478e+03	-2.99511108e+03
0.0925	1.88015934e+04	2.32476929e+03	2.13305467e+03
0.0975	1.83165424e+04	6.82239562e+03	-1.60153215e+03
0.1025	1.64365443e+04	4.69014097e+03	5.50564549e+02
0.1075	1.70277425e+04	7.59375260e+03	-2.12318266e+03
0.1125	1.30936899e+04	6.01941119e+03	1.48829032e+03
0.1175	1.48174972e+04	6.82122376e+03	4.48374110e+03
0.1225	1.23973339e+04	1.52451751e+03	-4.46269049e+02
0.1275	1.29552872e+04	5.29657123e+03	-5.02969065e+02
0.1325	1.25375374e+04	5.21435730e+03	8.51799329e+02
0.1375	1.17846088e+04	2.45115996e+03	-1.32556338e+03
0.1425	1.18151895e+04	4.04902657e+03	1.69654343e+03
0.1475	9.80388919e+03	3.58907225e+03	5.54250758e+02
0.1525	8.75805383e+03	3.03795214e+03	-2.18343034e+02
0.1575	9.71995095e+03	2.52719985e+03	-1.92878797e+02
0.1625	8.66536232e+03	2.62333230e+03	1.60890436e+02
0.1675	8.07268539e+03	2.31570346e+03	-2.65240108e+02
0.1725	7.92969573e+03	1.74518209e+03	-2.07488363e+03
0.1775	8.27684001e+03	2.23950768e+03	1.47594125e+03
0.1825	7.42922467e+03	2.94550949e+03	-4.59628414e+02
0.1875	6.87675200e+03	1.60010649e+03	-4.74374753e+02
0.1925	7.44471511e+03	2.04098578e+03	2.54781510e+03
0.1975	6.95212385e+03	1.08254211e+03	7.70442840e+02
0.2025	6.27335658e+03	1.08823290e+03	1.58250916e+02
0.2075	6.12388064e+03	9.24327804e+02	3.31020163e+02
0.2125	6.02834114e+03	1.38234752e+03	6.65285516e+02
0.2175	5.41758432e+03	1.02341424e+03	7.64014016e+02
0.2225	5.33242916e+03	2.09731310e+02	-3.37314664e+02
0.2275	4.99492036e+03	1.70058704e+03	3.69491060e+02
0.2325	5.10534880e+03	1.06737786e+03	-9.39742459e+01
0.2375	5.08976522e+03	6.93042786e+02	-4.84388419e+01
0.2425	4.52074742e+03	1.45132690e+03	-3.41157166e+01
0.2475	4.36252953e+03	7.96249111e+02	5.79278362e+01
0.2525	4.95991808e+03	4.92407724e+02	2.46526003e+02
0.2575	4.03016118e+03	1.10429578e+03	1.17659367e+01
0.2625	4.07895348e+03	4.77073991e+02	1.92919619e+02
0.2675	3.83066517e+03	9.27927491e+02	7.38688989e+02
0.2725	3.87696568e+03	8.83314132e+02	6.66679932e+02
0.2775	3.75915960e+03	3.18607321e+01	2.68810717e+02
0.2825	3.63463767e+03	2.09810698e+02	3.04174255e+02
0.2875	3.54952173e+03	1.55933063e+02	2.28924120e+02
0.2925	3.41610422e+03	6.24329720e+02	9.45523492e+02
0.2975	3.27810556e+03	-2.48171373e+02	2.47457670e+02
0.3025	3.20572635e+03	-7.45272125e+00	2.84499746e+02
0.3075	3.18304696e+03	4.94747323e+02	6.33601951e+02
0.3125	3.05943139e+03	2.25195495e+02	2.08605735e+02
0.3175	3.00433849e+03	9.70148343e+01	7.03818678e+02
0.3225	2.91322172e+03	3.36301511e+02	3.27905509e+02
0.3275	2.82885074e+03	-1.18358371e+02	-2.55154008e+02
0.3325	2.79283570e+03	1.90607271e+01	2.52620394e+02
0.3375	2.60864875e+03	-1.87103783e+02	3.43656420e+02
0.3425	2.66824938e+03	3.46731661e+01	1.39911049e+02
0.3475	2.44717856e+03	-5.58330005e+00	8.03139571e+01
0.3525	2.48008760e+03	-9.12750136e+02	6.04924851e+02
0.3575	2.46874852e+03	-1.30533977e+01	5.05413258e+01
0.3625	2.25927631e+03	-4.01010540e+02	6.81096564e+00
0.3675	2.28317540e+03	-3.21654391e+02	4.76338957e+02
0.3725	2.29320460e+03	-4.01069751e+02	5.87331223e+02
0.3775	2.07953673e+03	-3.80040388e+02	4.47124125e+02
0.3825	2.02254211e+03	-5.04556491e+02	1.60196444e+02
0.3875	2.09221028e+03	-4.68129311e+02	2.18451541e+02
0.3925	2.10238608e+03	-2.81817736e+02	1.80474727e+02
0.3975	2.01170697e+03	-4.88585910e+02	3.49995532e+02
