####### Power Spectrum of Patchy Simulation 201 #############
# Patch: ngc
# z-type: z1
# Weights: fkp
# Fiducial Omega_m: 0.310
# Fiducial h: 0.676
# Forward-model pixellation : 0
# Rando n-bar: 0
# Boxsize: [1350.0, 2450.0, 1400.0]
# Grid: [193, 353, 200]
# k-binning: [0.000, 0.410, 0.005]
# Monte Carlo Simulations: 100
#
# Format: k | P0 | P2 | P4
############################################
0.0125	8.18951546e+04	9.69303150e+03	-3.79146150e+04
0.0175	9.12991286e+04	1.99569640e+04	2.71708332e+03
0.0225	7.66672516e+04	5.32548964e+03	-9.69240276e+03
0.0275	7.13642234e+04	4.61144150e+04	1.93129106e+04
0.0325	5.04853210e+04	3.54012393e+04	1.62937232e+04
0.0375	6.04944046e+04	1.35027532e+04	1.05053862e+04
0.0425	4.66947571e+04	1.49497055e+04	-4.90151041e+03
0.0475	4.09163322e+04	2.00355967e+04	1.93118998e+03
0.0525	4.34360611e+04	2.97015280e+04	1.51534850e+04
0.0575	3.27048542e+04	1.37143848e+04	-8.38417956e+03
0.0625	3.51661958e+04	1.36103815e+04	-2.73344515e+03
0.0675	3.06657679e+04	9.62414557e+03	3.70678262e+03
0.0725	3.00642637e+04	8.48134297e+03	-9.44244874e+02
0.0775	2.62189347e+04	1.02121365e+04	3.20667766e+03
0.0825	2.38505505e+04	8.86531515e+03	3.51024151e+03
0.0875	2.24018489e+04	1.30239346e+04	-1.17553818e+03
0.0925	2.01907914e+04	7.22845588e+03	-1.09482073e+03
0.0975	1.75681783e+04	7.99740727e+03	2.53237321e+03
0.1025	1.69001717e+04	5.64326916e+03	7.22166544e+02
0.1075	1.49808086e+04	6.17405454e+03	5.47002515e+02
0.1125	1.51770501e+04	6.68499686e+03	-1.39558662e+03
0.1175	1.39956667e+04	4.46276930e+03	2.51147371e+02
0.1225	1.35410589e+04	5.02614605e+03	1.56733706e+03
0.1275	1.24248344e+04	4.30245164e+03	1.41372100e+03
0.1325	1.25187560e+04	3.04339951e+03	-1.19663474e+03
0.1375	1.15083278e+04	3.65023653e+03	3.49095523e+02
0.1425	1.10734557e+04	3.91715855e+03	6.96021179e+02
0.1475	1.11938665e+04	3.24273110e+03	-3.58733829e+02
0.1525	9.60175425e+03	4.07613102e+03	7.21531917e+01
0.1575	9.00518248e+03	2.71200485e+03	5.35313287e+02
0.1625	8.96914334e+03	2.71327114e+03	7.63864114e+02
0.1675	8.09446355e+03	3.21162243e+03	-6.32322284e+02
0.1725	8.16489517e+03	2.13420653e+03	-1.45805556e+02
0.1775	7.89952320e+03	1.97900721e+03	3.16283529e+02
0.1825	7.43130095e+03	1.51775392e+03	-1.87950692e+02
0.1875	7.26424327e+03	1.81420312e+03	9.07177609e+01
0.1925	6.84932581e+03	2.09845496e+03	1.18721575e+03
0.1975	6.60639722e+03	1.71970939e+03	5.83970813e+02
0.2025	6.46445334e+03	1.40395363e+03	9.25598157e+02
0.2075	5.91148511e+03	1.37214940e+03	9.56576913e+02
0.2125	5.73941780e+03	1.07207478e+03	-7.99748093e+02
0.2175	5.45560202e+03	1.33060174e+03	-1.09669831e+02
0.2225	5.32863667e+03	1.03706232e+03	6.08176835e+02
0.2275	5.29555144e+03	1.12296396e+03	-2.54498675e+02
0.2325	5.01111245e+03	1.26601773e+03	2.43728456e+01
0.2375	4.94703042e+03	7.34281794e+02	-1.76475726e+02
0.2425	4.62663385e+03	1.14045049e+03	7.18655752e+02
0.2475	4.55443605e+03	5.51623070e+02	1.53269751e+02
0.2525	4.37942120e+03	4.17145775e+02	-1.12613956e+02
0.2575	4.17984550e+03	6.11126185e+02	1.92971281e+02
0.2625	4.00739860e+03	3.77246654e+02	9.61656410e+01
0.2675	3.87006579e+03	5.27430391e+02	-1.45460028e+01
0.2725	3.83928239e+03	5.24629508e+02	2.60514527e+02
0.2775	3.71307398e+03	2.88305567e+02	1.28686855e+02
0.2825	3.63218357e+03	6.69532870e+02	3.01207656e+02
0.2875	3.41778827e+03	2.09055193e+02	-3.16038577e+01
0.2925	3.34169608e+03	2.79022683e+02	1.91549039e+02
0.2975	3.30950914e+03	3.15661312e+02	-3.44782288e+01
0.3025	3.34142537e+03	4.15520199e+02	-2.69355362e+01
0.3075	3.15157637e+03	-8.28833442e+01	6.24801268e+00
0.3125	3.01179780e+03	1.99679033e+01	-3.56021389e+01
0.3175	3.00555263e+03	2.53419384e+02	1.44533524e+02
0.3225	2.80070662e+03	-6.37658861e+00	1.93306123e+02
0.3275	2.80350201e+03	-3.68802833e+01	4.40231282e+02
0.3325	2.55706851e+03	8.71828562e+01	3.20728856e+02
0.3375	2.72035936e+03	-1.60034443e+02	-1.37308200e+02
0.3425	2.60504000e+03	-1.70184330e+02	8.37049716e+01
0.3475	2.38897715e+03	-1.29238934e+02	2.39266888e+02
0.3525	2.53959981e+03	3.50709751e+01	2.07831307e+02
0.3575	2.29809974e+03	-2.01027471e+02	1.87507894e+02
0.3625	2.24330463e+03	-1.35427169e+01	3.60919409e+02
0.3675	2.23815221e+03	-7.93421352e+01	3.20205293e+02
0.3725	2.21689611e+03	-3.18015475e+02	2.97747582e+02
0.3775	2.19311151e+03	-3.57909185e+02	2.90124912e+02
0.3825	2.05430463e+03	-1.27933435e+02	1.51588329e+02
0.3875	2.04729110e+03	-1.76138359e+02	8.17790079e+01
0.3925	2.04674867e+03	-2.95808082e+02	8.26874195e+01
0.3975	1.93432080e+03	-1.36803508e+02	3.03764342e+02
