####### Power Spectrum of Patchy Simulation 787 #############
# Patch: ngc
# z-type: z3
# Weights: fkp
# Fiducial Omega_m: 0.310
# Fiducial h: 0.676
# Forward-model pixellation : 0
# Rando n-bar: 0
# Boxsize: [1800.0, 3400.0, 1900.0]
# Grid: [261, 500, 276]
# k-binning: [0.000, 0.410, 0.005]
# Monte Carlo Simulations: 100
#
# Format: k | P0 | P2 | P4
############################################
0.0125	6.68987286e+04	-4.18055779e+03	6.03356806e+04
0.0175	9.02430156e+04	8.96297125e+04	-4.40449997e+04
0.0225	7.29750779e+04	1.79973991e+04	-2.88601539e+04
0.0275	6.16109295e+04	2.48085971e+04	4.62418932e+04
0.0325	5.56642873e+04	6.32683815e+04	1.97793257e+04
0.0375	5.17784883e+04	1.23582115e+04	-1.66953687e+04
0.0425	3.91073187e+04	1.32467120e+04	1.89539787e+01
0.0475	3.67158685e+04	3.00151407e+04	6.42617240e+02
0.0525	3.44650202e+04	1.59065977e+04	-8.59538808e+03
0.0575	3.24453611e+04	1.07212592e+04	6.53209323e+02
0.0625	3.26379612e+04	1.65456074e+04	2.38810508e+03
0.0675	2.72711765e+04	1.14044855e+04	-1.97094106e+03
0.0725	2.76904375e+04	1.39574014e+04	3.90863705e+03
0.0775	2.45440763e+04	9.98299133e+03	-8.49567761e+02
0.0825	2.15257499e+04	4.43558285e+03	2.59305645e+02
0.0875	2.01390469e+04	9.25846389e+03	-3.72733320e+02
0.0925	1.83914406e+04	4.84046037e+03	-7.93349274e+02
0.0975	1.66229070e+04	7.73976997e+03	4.59536576e+02
0.1025	1.48690904e+04	4.29274193e+03	-3.60273573e+03
0.1075	1.54232649e+04	6.79591038e+03	3.01014456e+03
0.1125	1.30251913e+04	2.78286152e+03	-1.70735910e+03
0.1175	1.35290000e+04	6.56779305e+03	1.52847627e+03
0.1225	1.25354950e+04	3.63767240e+03	1.57077030e+02
0.1275	1.18616266e+04	3.38933742e+03	6.61685967e+02
0.1325	1.18780170e+04	5.10896260e+03	2.57679965e+02
0.1375	1.08932008e+04	3.77079156e+03	4.87814273e+02
0.1425	1.05967090e+04	4.15452694e+03	-8.99733690e+01
0.1475	1.00806673e+04	2.76084108e+03	-9.59044238e+01
0.1525	8.28838450e+03	1.40191984e+03	3.48175615e+01
0.1575	8.88713209e+03	3.91958871e+03	3.11967079e+02
0.1625	8.12758621e+03	1.61910177e+03	3.44154951e+02
0.1675	8.05281389e+03	2.68991983e+03	8.03099284e+02
0.1725	7.66221140e+03	2.78687366e+03	6.88947548e+02
0.1775	7.15955609e+03	2.72867426e+03	-1.36015920e+02
0.1825	6.68886824e+03	1.66632653e+03	6.39629813e+02
0.1875	6.83815377e+03	1.39321889e+03	4.74428165e+01
0.1925	6.08275470e+03	1.42356372e+03	-1.05493878e+02
0.1975	6.06520235e+03	1.30183015e+03	-2.62970076e+02
0.2025	5.84868036e+03	1.50160390e+03	4.10090093e+02
0.2075	5.58260631e+03	2.32276551e+03	3.31104724e+02
0.2125	5.39714420e+03	6.87228230e+02	-2.19135340e+02
0.2175	5.24223720e+03	1.49043738e+03	5.08057385e+02
0.2225	4.90972271e+03	1.23898466e+03	4.26345346e+02
0.2275	4.66134434e+03	7.14491107e+02	4.03889250e+02
0.2325	4.63480709e+03	1.31327049e+03	9.50089412e+02
0.2375	4.19095794e+03	5.08114324e+02	-2.48930898e+02
0.2425	4.45512370e+03	1.33340740e+03	3.93834011e+02
0.2475	4.03840704e+03	3.94408907e+02	5.61804787e+02
0.2525	4.11285730e+03	8.67626833e+02	-2.07730687e+02
0.2575	3.92180517e+03	4.16960560e+02	6.69262172e+02
0.2625	3.70847939e+03	1.69240603e+02	1.21137245e+02
0.2675	3.65449260e+03	3.18115347e+02	5.80733413e+02
0.2725	3.58362535e+03	5.17405419e+02	-2.15258199e+02
0.2775	3.45650933e+03	5.26370946e+02	7.53862346e+02
0.2825	3.17832147e+03	1.18701656e+02	3.60811787e+01
0.2875	3.28663661e+03	5.13261097e+02	2.97552684e+02
0.2925	3.04066476e+03	1.23416006e+02	-2.34941124e+02
0.2975	3.24111038e+03	7.16000701e+02	2.46432273e+02
0.3025	2.94007807e+03	-3.26539037e+02	-8.86616484e+01
0.3075	2.86531531e+03	1.97150654e+02	3.89585366e+02
0.3125	2.67003929e+03	-3.32159906e+01	6.73671828e+02
0.3175	2.52500486e+03	-1.89716138e+02	-4.92815536e+01
0.3225	2.75823704e+03	1.37077662e+02	1.21495700e+02
0.3275	2.44558386e+03	-2.65757497e+01	2.15813518e+02
0.3325	2.47524244e+03	-3.28792818e+01	2.83018027e+02
0.3375	2.58091739e+03	2.09668229e+02	2.36311864e+02
0.3425	2.35592422e+03	-2.68289815e+02	2.47862129e+02
0.3475	2.27989944e+03	8.88189096e+01	4.62860469e+02
0.3525	2.20771504e+03	-2.01291165e+02	2.29291898e+02
0.3575	2.17148855e+03	-1.73026933e+01	1.98103853e+02
0.3625	1.94953333e+03	-2.09468145e+02	1.71645324e+02
0.3675	2.01019016e+03	-1.71310625e+02	3.70747361e+02
0.3725	1.93144442e+03	-8.81571367e+01	4.22008887e+02
0.3775	1.98077072e+03	2.01486547e+00	-1.07186826e+02
0.3825	1.82550223e+03	-4.99311586e+02	-2.36299894e+01
0.3875	1.86209638e+03	5.10082347e+01	2.57152984e+02
0.3925	1.68237383e+03	-4.61757370e+02	7.65368074e+01
0.3975	1.91706374e+03	1.94641358e+02	4.40076714e+02
