####### Power Spectrum of Patchy Simulation 1907 #############
# Patch: ngc
# z-type: z1
# Weights: fkp
# Fiducial Omega_m: 0.310
# Fiducial h: 0.676
# Forward-model pixellation : 0
# Rando n-bar: 0
# Boxsize: [1350.0, 2450.0, 1400.0]
# Grid: [193, 353, 200]
# k-binning: [0.000, 0.410, 0.005]
# Monte Carlo Simulations: 100
#
# Format: k | P0 | P2 | P4
############################################
0.0125	7.50841929e+04	8.80898535e+03	-4.19497304e+04
0.0175	7.58690108e+04	1.09083364e+04	4.09302974e+04
0.0225	5.83430662e+04	2.17164242e+04	2.60869859e+03
0.0275	5.68176784e+04	1.41734306e+04	-1.63524841e+04
0.0325	5.44993370e+04	3.24368955e+04	-2.24076390e+03
0.0375	5.61023033e+04	2.88104702e+04	1.72768161e+04
0.0425	4.87467834e+04	2.91620108e+04	6.39499229e+03
0.0475	3.76456101e+04	1.74631174e+04	2.08199033e+04
0.0525	3.50186805e+04	1.09619295e+04	3.01623174e+03
0.0575	3.71568134e+04	1.49054415e+04	-9.29809236e+03
0.0625	3.31155036e+04	1.31507623e+04	4.77439512e+02
0.0675	2.71966610e+04	7.03142208e+03	2.39748653e+03
0.0725	3.16637312e+04	8.58321925e+03	4.66348287e+03
0.0775	2.65708320e+04	1.03952437e+04	2.51013646e+03
0.0825	2.41158448e+04	1.09161762e+04	2.39829130e+03
0.0875	2.16623320e+04	9.61448805e+03	-2.64298521e+03
0.0925	1.89522451e+04	3.38586740e+03	-8.62345116e+02
0.0975	1.77285010e+04	6.82919911e+03	2.47324783e+03
0.1025	1.70003643e+04	5.99154352e+03	1.09452759e+03
0.1075	1.57994758e+04	5.09163323e+03	-2.16916208e+03
0.1125	1.53339012e+04	4.14521915e+03	8.63781798e+02
0.1175	1.36735773e+04	3.64444253e+03	1.68975159e+03
0.1225	1.43961299e+04	2.01411783e+03	-5.70257002e+01
0.1275	1.29409785e+04	3.37381345e+03	-7.74779633e+02
0.1325	1.24916263e+04	4.29329843e+03	7.69553104e+01
0.1375	1.12201923e+04	4.33759469e+03	-4.83171041e+02
0.1425	1.07224688e+04	3.61868303e+03	-4.98027208e+01
0.1475	1.08107899e+04	1.95578823e+03	1.94824605e+03
0.1525	9.31222646e+03	2.86003332e+03	-4.76651494e+02
0.1575	9.47569279e+03	2.71165500e+03	-3.89995647e+02
0.1625	8.56498457e+03	2.78488607e+03	9.31123302e+02
0.1675	8.65742629e+03	1.66302345e+03	5.90555207e+02
0.1725	8.00284073e+03	2.12498241e+03	3.77848628e+02
0.1775	7.89719590e+03	2.62018543e+03	9.56699718e+02
0.1825	7.09481739e+03	7.83552452e+02	-4.18161219e+02
0.1875	7.07295687e+03	1.75399266e+03	5.12035136e+02
0.1925	6.65815037e+03	1.67875230e+03	7.81757763e+02
0.1975	6.39590032e+03	1.62889073e+03	1.80769048e+02
0.2025	6.45384274e+03	2.35617517e+03	6.46228904e+02
0.2075	6.17910243e+03	1.53698946e+03	5.55381777e+02
0.2125	5.84299533e+03	1.31908075e+03	9.80113881e+01
0.2175	5.49447888e+03	1.17814119e+03	2.41915484e+02
0.2225	5.59046519e+03	1.26173481e+03	-8.10860755e+01
0.2275	5.34612468e+03	6.29049778e+02	-7.17741023e+00
0.2325	5.10270466e+03	1.08953204e+03	2.30848633e+02
0.2375	4.83312038e+03	9.11138071e+02	-1.45848064e+02
0.2425	4.70461798e+03	4.22633548e+02	-1.03393689e+02
0.2475	4.69605385e+03	5.17935455e+02	3.64047213e+02
0.2525	4.45460514e+03	4.23778809e+02	1.26558268e+02
0.2575	4.24869595e+03	5.65703841e+02	-9.11044993e+01
0.2625	4.15094860e+03	7.56433522e+02	9.87545317e+02
0.2675	4.04191294e+03	5.76271007e+02	3.58300056e+02
0.2725	3.85721834e+03	4.88327268e+02	9.31573340e+01
0.2775	3.75313132e+03	1.89289414e+02	1.72844808e+02
0.2825	3.62277669e+03	2.09854481e+02	3.99771887e+02
0.2875	3.56240264e+03	2.61213527e+02	2.71315738e+02
0.2925	3.53141248e+03	2.19940372e+02	-2.57845048e+02
0.2975	3.29611328e+03	4.19233673e+02	5.40235232e+02
0.3025	3.19954754e+03	-1.47699460e+02	-6.13981700e+01
0.3075	3.06810483e+03	2.47628880e+02	2.03568810e+02
0.3125	3.03723498e+03	2.08990160e+02	2.12292067e+02
0.3175	2.89641411e+03	-5.84007086e+01	1.35399595e+02
0.3225	2.90190949e+03	1.25923128e+02	1.56504255e+02
0.3275	2.89826876e+03	4.80234779e+01	3.69570814e+02
0.3325	2.69442502e+03	7.28762633e+01	-1.59760658e+00
0.3375	2.69538781e+03	-1.72977203e+02	1.43071756e+02
0.3425	2.51332642e+03	-1.68994938e+02	4.49693270e+02
0.3475	2.49614844e+03	-1.20489018e+02	1.50877939e+02
0.3525	2.42949485e+03	-7.41776472e+00	1.84645481e+02
0.3575	2.41675802e+03	-4.31877820e+01	2.26067124e+02
0.3625	2.38240828e+03	-1.82931345e+02	2.01657529e+02
0.3675	2.35028397e+03	-2.40836788e+02	2.26160204e+02
0.3725	2.23148476e+03	-1.90307784e+02	7.23449792e+01
0.3775	2.12155664e+03	-1.99633041e+02	1.42904424e+02
0.3825	2.06622556e+03	-2.40468235e+02	1.60496943e+02
0.3875	2.10474798e+03	-2.32657788e+02	8.07273649e+01
0.3925	2.03926095e+03	-3.22527215e+02	2.76912379e+02
0.3975	1.99156941e+03	-1.62351622e+02	1.91950968e+02
