####### Power Spectrum of Patchy Simulation 1561 #############
# Patch: sgc
# z-type: z1
# Weights: fkp
# Fiducial Omega_m: 0.310
# Fiducial h: 0.676
# Forward-model pixellation : 0
# Rando n-bar: 0
# Boxsize: [1000.0, 1900.0, 1100.0]
# Grid: [146, 276, 161]
# k-binning: [0.000, 0.410, 0.005]
# Monte Carlo Simulations: 100
#
# Format: k | P0 | P2 | P4
############################################
0.0125	2.47416273e+04	3.34480180e+04	-1.14489399e+04
0.0175	5.97088059e+04	2.16223645e+04	-3.14165553e+04
0.0225	6.24391512e+04	5.11900158e+04	2.42293288e+04
0.0275	6.88422868e+04	-7.77654159e+02	-3.60470779e+04
0.0325	6.29949483e+04	3.42236338e+04	5.48164570e+03
0.0375	4.54198367e+04	3.14309759e+03	-6.61643626e+03
0.0425	5.19276380e+04	-6.11622307e+03	-3.80313598e+04
0.0475	4.57066876e+04	3.62971909e+04	9.17720436e+03
0.0525	3.03624039e+04	2.96771698e+02	9.12821049e+03
0.0575	3.53757880e+04	1.69107687e+04	-1.29239525e+04
0.0625	3.29147028e+04	5.88525896e+03	1.17058902e+04
0.0675	3.12318500e+04	9.43923300e+03	-8.05765087e+03
0.0725	2.88833162e+04	1.36862555e+04	1.09790964e+04
0.0775	2.51058854e+04	9.31472733e+03	-5.66977008e+03
0.0825	2.23935588e+04	1.42618715e+04	2.59266206e+03
0.0875	2.03293137e+04	5.07385582e+03	-5.11058873e+03
0.0925	2.09178456e+04	2.94936111e+03	-4.94390072e+03
0.0975	1.86271238e+04	1.00303170e+04	2.84583574e+03
0.1025	1.72473143e+04	1.17686548e+04	4.57679538e+03
0.1075	1.55598592e+04	-1.32614915e+02	3.05814960e+02
0.1125	1.37180776e+04	3.73146683e+03	2.54862333e+03
0.1175	1.30067813e+04	-3.29702858e+01	-1.95736480e+03
0.1225	1.23664583e+04	5.81464034e+03	7.47503375e+03
0.1275	1.42333326e+04	5.48162050e+03	2.22681536e+03
0.1325	1.18524549e+04	2.48004277e+03	-7.17751789e+02
0.1375	1.14179599e+04	3.42354868e+03	1.98627168e+03
0.1425	1.08361165e+04	4.87050279e+03	2.68460512e+03
0.1475	1.10166150e+04	2.16006778e+03	4.27980282e+03
0.1525	8.79465594e+03	4.41820187e+03	8.68202192e+02
0.1575	9.94823334e+03	2.69693677e+03	4.67469346e+02
0.1625	7.70429043e+03	1.87193152e+03	-8.30083689e+02
0.1675	8.67845519e+03	3.27778766e+03	1.71113429e+03
0.1725	8.10428319e+03	3.05697367e+03	6.08622519e+02
0.1775	7.82800723e+03	3.59679218e+03	5.16164783e+01
0.1825	7.33268186e+03	1.89577819e+03	1.28802801e+03
0.1875	7.17809223e+03	1.14040640e+03	4.28559844e+02
0.1925	6.63705005e+03	2.55284019e+03	1.28591029e+03
0.1975	6.89307484e+03	2.07494348e+03	-2.47273262e+02
0.2025	6.47726999e+03	4.81763512e+02	-2.00906728e+01
0.2075	6.41831605e+03	7.27793689e+02	9.14350487e+02
0.2125	5.50264294e+03	1.25381763e+03	3.42066458e+02
0.2175	5.89129242e+03	1.88974781e+03	7.62267204e+02
0.2225	5.29576597e+03	9.70656762e+02	4.14404977e+02
0.2275	5.11823066e+03	1.52250927e+03	-3.79845826e+02
0.2325	5.05403603e+03	1.35939022e+03	2.07660521e+02
0.2375	5.03163985e+03	5.22151074e+02	1.26398010e+02
0.2425	4.68765915e+03	6.85517517e+02	3.28661193e+02
0.2475	4.50646051e+03	6.24186828e+02	-4.84884334e+02
0.2525	4.52390958e+03	9.34002263e+02	-2.31135710e+02
0.2575	3.99499500e+03	2.82001547e+02	-2.97059424e+02
0.2625	3.92770394e+03	4.78773158e+02	4.05405449e+02
0.2675	4.16516199e+03	4.90578573e+02	1.21737667e+03
0.2725	3.84791745e+03	-1.25187928e+02	2.63174870e+02
0.2775	3.66955567e+03	1.66440322e+02	-4.22259558e+02
0.2825	3.91436041e+03	5.19876648e+02	2.49882838e+02
0.2875	3.54902609e+03	8.92723061e+01	8.00250362e+02
0.2925	3.34303448e+03	1.55076138e+02	6.79621991e+02
0.2975	3.18607190e+03	4.13572369e+02	2.29544549e+02
0.3025	3.18609111e+03	3.50820319e+02	9.76465483e+01
0.3075	3.17756250e+03	2.87241259e+02	3.12821873e+02
0.3125	3.04258332e+03	-2.25893280e+02	5.96623448e+02
0.3175	2.95243923e+03	1.49263396e+02	2.04811726e+02
0.3225	2.80749281e+03	-3.48253438e+02	-2.30597766e+01
0.3275	2.79610638e+03	-3.89710888e+01	4.90935174e+02
0.3325	2.66807163e+03	-8.41330732e+01	3.57216609e+02
0.3375	2.45944788e+03	-9.65496968e+01	1.39830809e+02
0.3425	2.68216771e+03	6.64893082e+01	-3.45111738e+00
0.3475	2.56815444e+03	-5.91079658e+01	3.09867900e+01
0.3525	2.23118408e+03	-3.56388003e+02	2.77740961e+02
0.3575	2.52429032e+03	7.42782821e+01	1.95455985e+02
0.3625	2.09626652e+03	-3.46902785e+02	6.09165787e+02
0.3675	2.25309835e+03	-4.03001177e+01	4.59998992e+01
0.3725	2.19525774e+03	-3.05023619e+02	-1.12828185e+02
0.3775	1.85332100e+03	-1.35281641e+02	3.12455981e+02
0.3825	2.11578595e+03	-4.92233173e+02	1.74528157e+02
0.3875	2.00143655e+03	-3.49511547e+02	-1.01612553e+02
0.3925	2.04894280e+03	-5.10671170e+02	1.65966789e+02
0.3975	2.08962537e+03	-2.86617997e+02	2.44948161e+02
