####### Power Spectrum of Patchy Simulation 1527 #############
# Patch: ngc
# z-type: z1
# Weights: fkp
# Fiducial Omega_m: 0.310
# Fiducial h: 0.676
# Forward-model pixellation : 0
# Rando n-bar: 0
# Boxsize: [1350.0, 2450.0, 1400.0]
# Grid: [193, 353, 200]
# k-binning: [0.000, 0.410, 0.005]
# Monte Carlo Simulations: 100
#
# Format: k | P0 | P2 | P4
############################################
0.0125	1.01786285e+05	3.86296380e+04	4.24752001e+03
0.0175	6.86807278e+04	6.07537987e+04	1.06348694e+03
0.0225	8.39542897e+04	3.08097531e+04	-2.21511424e+04
0.0275	5.70913280e+04	-3.61586111e+03	-1.59861690e+04
0.0325	6.16197088e+04	3.18814095e+04	9.81497636e+02
0.0375	5.44455063e+04	2.78480302e+04	2.03017226e+04
0.0425	3.94012367e+04	1.40434533e+04	1.70113863e+04
0.0475	4.42511400e+04	2.45978317e+04	-1.45701831e+04
0.0525	3.35860604e+04	1.60191124e+04	7.85860668e+03
0.0575	3.68749256e+04	1.97376578e+04	4.70887516e+03
0.0625	3.28834107e+04	1.46915577e+04	5.42084234e+03
0.0675	2.93235278e+04	9.40339449e+03	3.13285431e+03
0.0725	2.99683530e+04	8.38237732e+03	1.39507058e+03
0.0775	2.43917742e+04	7.96034238e+03	-1.05763715e+03
0.0825	2.41923733e+04	1.05390239e+04	-3.42763182e+03
0.0875	2.17266642e+04	9.82306728e+03	-7.35287672e+02
0.0925	1.93975034e+04	7.09999163e+03	1.39576352e+03
0.0975	1.76008689e+04	7.77488153e+03	-7.39127923e+02
0.1025	1.60699025e+04	5.43395882e+03	2.39082941e+02
0.1075	1.66162676e+04	5.30231470e+03	1.51473013e+03
0.1125	1.43092385e+04	5.23675229e+03	3.91660486e+03
0.1175	1.47060809e+04	5.47091310e+03	1.21347321e+03
0.1225	1.45164462e+04	5.27967651e+03	-3.86413248e+02
0.1275	1.25513528e+04	2.65060818e+03	9.01321055e+02
0.1325	1.21371754e+04	2.89534047e+03	-7.73243691e+02
0.1375	1.23231543e+04	4.27241778e+03	9.72996059e+02
0.1425	1.07344259e+04	4.38299234e+03	4.82282890e+02
0.1475	1.04415457e+04	2.01837762e+03	-6.43623935e+01
0.1525	9.52711281e+03	2.76570133e+03	3.21281167e+02
0.1575	9.17480481e+03	2.10164991e+03	-7.41040727e+01
0.1625	8.62006550e+03	2.43444557e+03	2.37281103e+01
0.1675	8.53675072e+03	2.44518921e+03	1.26010298e+03
0.1725	8.07624997e+03	3.23954889e+03	3.32750989e+02
0.1775	7.63688388e+03	1.94722629e+03	5.09967735e+02
0.1825	7.60705712e+03	2.27677925e+03	-3.60735450e+02
0.1875	7.10306002e+03	1.08453854e+03	-2.24962149e+02
0.1925	6.69412005e+03	2.02689018e+03	6.98317143e+02
0.1975	6.44118980e+03	1.70125808e+03	7.33852270e+02
0.2025	6.06089622e+03	8.53186465e+02	1.43900591e+02
0.2075	6.13446130e+03	1.14879714e+03	3.88587196e+02
0.2125	5.84816010e+03	9.52210614e+02	3.91392025e+02
0.2175	5.74073918e+03	1.35522826e+03	5.64660393e+02
0.2225	5.24140041e+03	6.28595623e+02	2.03847924e+00
0.2275	5.04873983e+03	9.89682129e+02	2.79237666e+01
0.2325	4.99049247e+03	5.70348470e+02	1.70794127e+01
0.2375	4.69187598e+03	1.07704112e+03	1.83246763e+02
0.2425	4.57737274e+03	4.03512568e+02	5.25309211e+01
0.2475	4.40354218e+03	9.88300841e+02	2.24510882e+02
0.2525	4.43191086e+03	9.31198072e+02	6.33264055e+02
0.2575	4.11978199e+03	3.08570382e+02	4.70437211e+01
0.2625	4.10548757e+03	5.12171399e+02	6.92145532e+02
0.2675	4.04672091e+03	6.44262492e+02	1.87819875e+02
0.2725	3.89123250e+03	2.79850440e+02	2.00576644e+02
0.2775	3.63838630e+03	1.72208676e+02	2.25630329e+02
0.2825	3.61934374e+03	6.55361223e+02	3.76388070e+02
0.2875	3.42026579e+03	1.84165012e+02	3.47943484e+02
0.2925	3.37079276e+03	2.79035120e+02	2.23400032e+02
0.2975	3.49967093e+03	1.17945125e+02	1.04115209e+02
0.3025	3.27248521e+03	1.69278705e+02	2.53700819e+01
0.3075	3.02340289e+03	6.30829894e+00	4.84716057e+02
0.3125	2.98595021e+03	1.54910249e+02	2.22464320e+02
0.3175	3.01775946e+03	1.83103474e+02	4.17315471e+02
0.3225	2.88283252e+03	1.04128517e+00	4.90253591e+02
0.3275	2.88887085e+03	1.61603286e+02	3.52855106e+02
0.3325	2.63896277e+03	-1.60023739e+01	2.61998152e+02
0.3375	2.62899332e+03	1.28465642e+02	2.12076175e+02
0.3425	2.55407502e+03	-3.12329467e+01	1.53377076e+02
0.3475	2.48486815e+03	-1.98317507e+02	2.74013408e+02
0.3525	2.39688581e+03	-1.61547537e+02	-1.51640431e+01
0.3575	2.34849047e+03	-1.11789168e+02	2.22052556e+02
0.3625	2.24638904e+03	-4.49924920e+02	1.99037981e+02
0.3675	2.16256064e+03	-4.64933548e+01	9.05434504e+01
0.3725	2.14098061e+03	-2.78478199e+02	2.99814618e+02
0.3775	2.09894695e+03	-3.67031785e+02	1.00392270e+02
0.3825	2.03130850e+03	-6.00736688e+01	6.57860088e+02
0.3875	2.03552211e+03	-4.04931733e+02	1.99794291e+02
0.3925	2.00834530e+03	-2.49998243e+02	2.75273074e+02
0.3975	2.00960422e+03	-3.49953804e+02	2.98631795e+02
