####### Power Spectrum of Patchy Simulation 808 #############
# Patch: ngc
# z-type: z1
# Weights: fkp
# Fiducial Omega_m: 0.310
# Fiducial h: 0.676
# Forward-model pixellation : 0
# Rando n-bar: 0
# Boxsize: [1350.0, 2450.0, 1400.0]
# Grid: [193, 353, 200]
# k-binning: [0.000, 0.410, 0.005]
# Monte Carlo Simulations: 100
#
# Format: k | P0 | P2 | P4
############################################
0.0125	6.66241249e+04	6.57816257e+04	-4.90403708e+04
0.0175	8.75651645e+04	2.02896678e+04	-5.14747717e+04
0.0225	6.13375198e+04	2.28112767e+04	5.49318778e+03
0.0275	6.47676529e+04	2.28566235e+04	-3.52686829e+03
0.0325	6.21899444e+04	2.86930211e+04	-2.80084177e+03
0.0375	5.37328089e+04	9.52914646e+03	-2.32577004e+02
0.0425	3.94538065e+04	1.50376078e+04	1.96614348e+03
0.0475	3.95851225e+04	8.44593163e+03	-3.14156311e+03
0.0525	3.85415305e+04	1.48570486e+04	1.19967130e+04
0.0575	3.50676656e+04	1.01773523e+04	-1.73329697e+03
0.0625	3.02546684e+04	1.39128845e+04	4.11424790e+03
0.0675	2.93016433e+04	9.41541581e+03	2.34570092e+03
0.0725	2.89509058e+04	1.35089689e+04	4.35197200e+03
0.0775	2.66812519e+04	1.85368599e+04	4.24533357e+03
0.0825	2.30921621e+04	9.80653475e+03	3.48749859e+02
0.0875	2.22163639e+04	8.62372218e+03	6.33109685e+02
0.0925	1.87386362e+04	7.33437068e+03	9.94302482e+02
0.0975	1.74888136e+04	5.74271581e+03	-4.93510015e+02
0.1025	1.63584218e+04	6.24946355e+03	7.71037202e+02
0.1075	1.56096827e+04	3.67062135e+03	2.15072198e+03
0.1125	1.50699377e+04	7.45584491e+03	2.74547733e+03
0.1175	1.26899452e+04	4.73021381e+03	1.41830716e+02
0.1225	1.35324582e+04	4.42536577e+03	3.33945527e+02
0.1275	1.24999790e+04	4.54425656e+03	1.27446949e+03
0.1325	1.21087295e+04	2.31062963e+03	8.83729240e+02
0.1375	1.14562891e+04	3.28404421e+03	9.77891564e+02
0.1425	1.11010597e+04	3.32823462e+03	8.33780702e+02
0.1475	1.02752937e+04	2.85483449e+03	8.87146932e+02
0.1525	1.04901391e+04	3.35334977e+03	1.06571138e+02
0.1575	9.24351689e+03	3.04617622e+03	-8.23750163e+02
0.1625	8.98348628e+03	3.25479373e+03	1.69883094e+03
0.1675	8.52905221e+03	2.56820735e+03	-4.32904988e+02
0.1725	8.12836205e+03	2.22141309e+03	-6.48721857e+02
0.1775	7.77526896e+03	2.82512672e+03	-6.90700712e+01
0.1825	7.43695189e+03	2.02465813e+03	3.04160719e+02
0.1875	7.01992154e+03	1.97752618e+03	1.29206934e+02
0.1925	6.65485590e+03	2.04391215e+03	1.57199857e+02
0.1975	6.60962044e+03	1.92256318e+03	2.49219192e+02
0.2025	6.41731204e+03	1.96895106e+03	4.33332424e+02
0.2075	5.98669354e+03	1.52039834e+03	7.73239369e+02
0.2125	5.80608347e+03	1.32621094e+03	3.90071595e+02
0.2175	5.59291688e+03	1.19437738e+03	7.65653453e+02
0.2225	5.40255090e+03	1.24940805e+03	6.58562804e+02
0.2275	5.17961634e+03	8.38191415e+02	7.51257727e+01
0.2325	5.06960791e+03	9.24802771e+02	1.68968948e+02
0.2375	4.71966629e+03	7.45626439e+02	5.20960675e+02
0.2425	4.82070236e+03	9.50136758e+02	4.96737682e+02
0.2475	4.55777032e+03	4.82878937e+02	-1.67601500e+02
0.2525	4.30412936e+03	4.24261810e+02	4.89615559e+02
0.2575	4.17657623e+03	4.61398883e+02	5.00848564e+02
0.2625	3.95560645e+03	1.01174280e+03	2.97792907e+02
0.2675	4.15431490e+03	8.74497860e+02	2.18301344e+02
0.2725	3.80407243e+03	2.47067924e+02	2.44640071e+02
0.2775	3.85322108e+03	5.59819606e+02	2.96657132e+02
0.2825	3.55744232e+03	1.92867300e+02	3.60941995e+02
0.2875	3.62312863e+03	-2.69333362e+02	8.23200582e+01
0.2925	3.36051799e+03	6.46216910e+02	2.41153723e+02
0.2975	3.19066414e+03	3.59168820e+02	1.71069279e+02
0.3025	3.20901277e+03	3.90478135e+02	1.26521324e+02
0.3075	3.13353420e+03	1.18698173e+02	4.28359119e+02
0.3125	3.09134264e+03	3.63160420e+02	4.18951652e+02
0.3175	2.97457589e+03	1.89299580e+02	4.06939619e+02
0.3225	2.75705693e+03	8.02212179e+01	1.46805819e+02
0.3275	2.78195156e+03	-2.12805060e+02	4.08679153e+02
0.3325	2.79186793e+03	8.82112649e+01	3.46956513e+02
0.3375	2.62590249e+03	-5.16019867e+01	4.57174774e+02
0.3425	2.47606738e+03	-5.73702105e+01	5.26047857e+02
0.3475	2.51362961e+03	-1.42072410e+02	3.18110178e+02
0.3525	2.43618587e+03	-4.55421919e+01	5.45279371e+02
0.3575	2.39515714e+03	-6.46755329e+01	4.08988184e+02
0.3625	2.26917845e+03	-1.34868575e+02	3.37379364e+02
0.3675	2.21422439e+03	-3.10741829e+02	4.19534207e+02
0.3725	2.17976796e+03	-3.54311308e+02	2.12938283e+02
0.3775	2.09362271e+03	-1.60605053e+02	4.20096309e+02
0.3825	2.03390698e+03	-3.17917257e+02	1.43553139e+02
0.3875	2.08733483e+03	-3.37802091e+02	-5.69636080e+01
0.3925	2.00006754e+03	-2.78361462e+02	2.09856915e+02
0.3975	1.91619812e+03	-4.80917883e+02	4.46325981e+02
