####### Power Spectrum of Patchy Simulation 2046 #############
# Patch: ngc
# z-type: z1
# Weights: fkp
# Fiducial Omega_m: 0.310
# Fiducial h: 0.676
# Forward-model pixellation : 0
# Rando n-bar: 0
# Boxsize: [1350.0, 2450.0, 1400.0]
# Grid: [193, 353, 200]
# k-binning: [0.000, 0.410, 0.005]
# Monte Carlo Simulations: 100
#
# Format: k | P0 | P2 | P4
############################################
0.0125	8.73429948e+04	5.39430416e+04	-2.29462292e+04
0.0175	7.32316711e+04	2.58320605e+04	1.43977079e+04
0.0225	7.45835243e+04	2.96115170e+04	8.92096046e+03
0.0275	6.99665808e+04	3.29005996e+04	-4.22267160e+04
0.0325	6.27717509e+04	5.95725210e+03	-5.36076921e+03
0.0375	4.23153987e+04	1.24149459e+04	-9.33252887e+03
0.0425	4.99407130e+04	2.06339892e+04	-1.46006570e+04
0.0475	4.35069598e+04	2.78862339e+04	1.63510088e+04
0.0525	4.07104133e+04	1.98053618e+04	-3.09049314e+03
0.0575	4.00820628e+04	1.97320555e+04	-1.91932948e+03
0.0625	3.08308116e+04	7.35751717e+03	4.56228311e+02
0.0675	2.88398038e+04	1.27155988e+04	5.57760571e+03
0.0725	2.68859668e+04	7.03395472e+03	1.29375828e+03
0.0775	2.53395981e+04	9.17183014e+03	-9.57628186e+02
0.0825	2.42589143e+04	5.66225205e+03	3.69520052e+02
0.0875	2.09724810e+04	7.18665850e+03	-4.84047714e+01
0.0925	2.00058668e+04	8.10745553e+03	-4.52331649e+03
0.0975	1.78380627e+04	7.80115733e+03	1.13239422e+03
0.1025	1.61331687e+04	4.54017962e+03	9.45572837e+02
0.1075	1.57183535e+04	5.51097686e+03	1.29857025e+03
0.1125	1.43913070e+04	5.58914869e+03	-1.38639447e+03
0.1175	1.44784730e+04	4.44887859e+03	-4.64780964e+02
0.1225	1.42153582e+04	4.16613522e+03	7.76614249e+02
0.1275	1.32553379e+04	4.21024453e+03	2.14134283e+03
0.1325	1.23378510e+04	1.25540469e+03	-1.05150792e+03
0.1375	1.22783574e+04	3.84774475e+03	7.65890430e+02
0.1425	1.09771409e+04	2.92795761e+03	-7.06678823e+02
0.1475	9.98277831e+03	3.55402160e+03	7.27576241e+02
0.1525	1.01830927e+04	4.85014095e+03	6.94795204e+02
0.1575	9.03833691e+03	2.21454084e+03	3.84594091e+02
0.1625	8.73713474e+03	2.25084542e+03	7.97907454e+02
0.1675	8.19194740e+03	2.71562174e+03	7.69549621e+02
0.1725	8.10943120e+03	1.90428770e+03	-3.32812764e+02
0.1775	7.59105950e+03	1.88588840e+03	-3.21808796e+02
0.1825	7.21850512e+03	2.04045260e+03	2.61563513e+02
0.1875	7.03962183e+03	1.53148700e+03	7.62369111e+01
0.1925	7.21292122e+03	1.19837086e+03	-2.74434548e+02
0.1975	6.46154083e+03	1.89015834e+03	3.46227480e+02
0.2025	6.12123341e+03	1.55922771e+03	-1.30695628e+02
0.2075	6.15589993e+03	1.42022549e+03	7.00113275e+02
0.2125	5.67950655e+03	1.24253019e+03	2.97869613e+01
0.2175	5.50770524e+03	1.41750995e+03	4.12829003e+02
0.2225	5.49784335e+03	1.08509969e+03	3.97178819e+02
0.2275	5.12619630e+03	4.79908944e+02	-3.28032869e+01
0.2325	5.07435350e+03	1.32362036e+03	-3.26822479e+02
0.2375	4.94625245e+03	8.86847410e+02	3.30785117e+02
0.2425	4.77415105e+03	9.15573432e+02	5.29456928e+02
0.2475	4.42125815e+03	6.03758092e+02	3.76139629e+02
0.2525	4.28527365e+03	5.55207343e+02	9.40445495e+01
0.2575	4.13063170e+03	3.23831221e+02	6.56479226e+02
0.2625	4.08608453e+03	9.45900331e+02	6.26922574e+02
0.2675	3.97641499e+03	8.83966523e+02	-1.49693329e+02
0.2725	3.81380681e+03	1.97229861e+02	1.36323629e+02
0.2775	3.75308464e+03	3.78539059e+02	2.37396667e+02
0.2825	3.46754568e+03	3.85411661e+02	5.87588774e+02
0.2875	3.61168587e+03	4.99681043e+02	5.39323209e+02
0.2925	3.49489112e+03	1.47181760e+02	1.06438806e+02
0.2975	3.33744273e+03	2.51259903e+02	-6.84200786e+01
0.3025	3.20371068e+03	2.38309306e+02	2.17641317e+02
0.3075	3.11592657e+03	3.83683815e+01	-4.95794179e+01
0.3125	2.94772069e+03	1.11652305e+02	1.24354410e+01
0.3175	2.94990365e+03	1.04597138e+01	2.22636683e+02
0.3225	2.81692107e+03	4.08784255e+01	1.76448488e+02
0.3275	2.81127807e+03	-4.30830672e+01	1.28870610e+02
0.3325	2.58451417e+03	5.93025021e+01	2.66294001e+02
0.3375	2.52864993e+03	1.39794533e+02	2.78412490e+02
0.3425	2.61964082e+03	-1.47749883e+02	1.66278045e+02
0.3475	2.49968517e+03	-2.10260205e+01	2.72063815e+02
0.3525	2.44093054e+03	-3.11646515e+01	8.49586534e+01
0.3575	2.42676189e+03	-1.76697429e+02	2.88830261e+02
0.3625	2.34070172e+03	-1.49296870e+01	1.42867774e+02
0.3675	2.15995646e+03	-2.92439346e+02	1.96968365e+02
0.3725	2.26202376e+03	-1.49283794e+02	4.50789923e+01
0.3775	2.12763873e+03	-1.04542906e+02	2.34623421e+02
0.3825	2.16291904e+03	-3.60274971e+02	3.68954920e+02
0.3875	2.00873170e+03	-1.95090641e+02	3.09058348e+02
0.3925	1.97844601e+03	-2.34766145e+02	2.18228317e+02
0.3975	2.01423452e+03	-2.61413215e+02	1.90510281e+02
