####### Power Spectrum of Patchy Simulation 1155 #############
# Patch: sgc
# z-type: z3
# Weights: fkp
# Fiducial Omega_m: 0.310
# Fiducial h: 0.676
# Forward-model pixellation : 0
# Rando n-bar: 0
# Boxsize: [1000.0, 2600.0, 1500.0]
# Grid: [146, 384, 215]
# k-binning: [0.000, 0.410, 0.005]
# Monte Carlo Simulations: 100
#
# Format: k | P0 | P2 | P4
############################################
0.0125	9.49303895e+04	7.91627876e+04	1.12390673e+05
0.0175	7.84093785e+04	1.17078127e+05	6.42952769e+04
0.0225	7.26018888e+04	-6.02297392e+04	-1.56297483e+05
0.0275	7.73731660e+04	8.71014993e+04	1.92722138e+04
0.0325	5.43265282e+04	2.02148805e+03	3.90553420e+03
0.0375	4.38457396e+04	9.69439131e+03	-1.23239877e+04
0.0425	4.58606471e+04	2.20890097e+04	2.92815179e+04
0.0475	4.66080579e+04	3.71569693e+01	-1.76748924e+04
0.0525	2.70306444e+04	1.22080600e+04	1.42076992e+04
0.0575	4.40455307e+04	1.37390856e+04	-1.31232987e+04
0.0625	2.96450302e+04	1.17027606e+04	8.66437876e+03
0.0675	3.47038982e+04	2.50828381e+03	2.39017910e+00
0.0725	2.63357855e+04	6.95754608e+03	1.90389741e+03
0.0775	2.60412871e+04	7.78589174e+03	2.46701518e+03
0.0825	2.45397479e+04	9.59879583e+03	-2.91086051e+03
0.0875	2.04914309e+04	5.61599880e+03	-5.84014487e+02
0.0925	2.07207470e+04	1.56741127e+04	6.03922175e+03
0.0975	1.91727607e+04	1.17026145e+03	-1.46163942e+02
0.1025	1.69477777e+04	8.22496243e+03	2.90119723e+03
0.1075	1.69532596e+04	5.57627971e+03	-6.12942571e+03
0.1125	1.32829930e+04	3.52349750e+03	-2.96071505e+03
0.1175	1.38155640e+04	7.05025338e+03	3.35550282e+03
0.1225	1.44134563e+04	1.79994140e+03	-3.71203313e+03
0.1275	1.36356937e+04	6.11192984e+03	5.23914610e+02
0.1325	1.22242698e+04	2.29582850e+03	-1.68953145e+03
0.1375	1.20412866e+04	4.71121893e+03	2.76319695e+03
0.1425	1.07921784e+04	3.74590032e+03	3.52180932e+01
0.1475	1.16124220e+04	3.49143791e+03	-7.00886974e+02
0.1525	1.02169183e+04	3.40702606e+03	-5.27188263e+00
0.1575	9.82345346e+03	3.54213234e+03	1.44581758e+03
0.1625	8.71247038e+03	8.30141195e+02	-1.89183478e+03
0.1675	8.71008329e+03	3.88473626e+03	1.37560133e+03
0.1725	8.40976328e+03	2.58385234e+03	1.81643926e+03
0.1775	8.00712438e+03	1.72778889e+03	-9.09380889e+01
0.1825	7.53142670e+03	2.51340445e+03	-3.10351285e+01
0.1875	7.62437577e+03	2.50692364e+03	2.06074357e+01
0.1925	6.69016396e+03	1.20778354e+03	-6.63532199e+02
0.1975	6.88970253e+03	1.97019757e+03	1.11280010e+03
0.2025	6.77694441e+03	1.89670404e+03	-2.53781457e+02
0.2075	5.88241001e+03	1.70866914e+03	1.68350145e+02
0.2125	6.35738067e+03	1.45118525e+03	2.05112635e+02
0.2175	5.64481593e+03	5.70346995e+02	-1.81721179e+02
0.2225	5.56625502e+03	1.25462538e+03	1.87352212e+03
0.2275	5.42811728e+03	1.42025985e+03	1.31126140e+03
0.2325	5.25363068e+03	1.42497249e+03	-2.25996238e+01
0.2375	5.04354644e+03	3.63097191e+02	-8.16933896e+02
0.2425	5.02857561e+03	-5.49753935e+01	3.82340484e+01
0.2475	4.53911441e+03	1.42687666e+03	-1.20692238e+02
0.2525	4.81770476e+03	5.55160208e+01	-2.06566453e+02
0.2575	4.03930028e+03	-1.34546587e+02	2.23655532e+00
0.2625	4.55756080e+03	6.70623330e+02	-1.53744023e+02
0.2675	4.08204949e+03	2.74400917e+02	1.81513191e+02
0.2725	4.06412718e+03	-7.84851930e+01	1.11782186e+03
0.2775	4.41831844e+03	-2.49707267e+02	-8.62162507e+02
0.2825	3.69603305e+03	4.46292827e+01	-2.10376820e+02
0.2875	3.68131281e+03	-4.24574093e+02	-1.81959628e+02
0.2925	3.67339838e+03	7.55895591e+02	4.59758303e+02
0.2975	3.64999293e+03	-7.71528363e+00	7.91675330e+01
0.3025	3.69082168e+03	-2.94989396e+02	1.68775669e+02
0.3075	3.54970576e+03	1.26039559e+02	9.43950045e+02
0.3125	3.21184336e+03	-6.36439127e+02	3.92688898e+02
0.3175	3.15322318e+03	5.93962690e+02	5.22584208e+02
0.3225	2.87091250e+03	-7.69753899e+02	-1.70803959e+02
0.3275	3.15515279e+03	9.49089217e+01	-3.03675956e+02
0.3325	2.94430090e+03	2.18003749e+02	4.52145604e+01
0.3375	2.80683876e+03	5.16093265e+01	4.77823391e+02
0.3425	2.49862152e+03	-2.84503590e+02	-2.92130132e+02
0.3475	2.71361808e+03	1.58032411e+02	4.11403480e+02
0.3525	2.46844929e+03	-3.13927409e+02	2.73988541e+02
0.3575	2.58165284e+03	-2.88414151e+02	9.55807740e+01
0.3625	2.48021052e+03	1.17962141e+02	2.88566698e+02
0.3675	2.51334867e+03	-2.69701879e+02	-9.06254668e+01
0.3725	2.34176718e+03	-6.50692047e+02	-5.09133997e+00
0.3775	2.44272571e+03	8.68612674e+01	3.40293443e+02
0.3825	2.16352656e+03	-2.02019712e+02	1.85202457e+02
0.3875	2.16899274e+03	-9.82096832e+01	5.19095199e+02
0.3925	2.26248202e+03	-1.75022189e+02	-7.85996415e+01
0.3975	2.02015766e+03	-6.58398884e+02	4.12071523e+02
