####### Power Spectrum of Patchy Simulation 267 #############
# Patch: ngc
# z-type: z3
# Weights: fkp
# Fiducial Omega_m: 0.310
# Fiducial h: 0.676
# Forward-model pixellation : 0
# Rando n-bar: 0
# Boxsize: [1800.0, 3400.0, 1900.0]
# Grid: [261, 500, 276]
# k-binning: [0.000, 0.410, 0.005]
# Monte Carlo Simulations: 100
#
# Format: k | P0 | P2 | P4
############################################
0.0125	9.17359963e+04	9.20978416e+04	7.93075798e+04
0.0175	5.64722116e+04	1.51074565e+04	3.68960706e+04
0.0225	6.99256165e+04	3.24835131e+04	-2.47053690e+04
0.0275	5.01901941e+04	1.58258515e+04	-1.31769056e+04
0.0325	5.47276094e+04	3.69113439e+04	7.90717698e+03
0.0375	5.03884351e+04	3.10515905e+04	-3.97009475e+03
0.0425	4.44273200e+04	1.99702338e+04	-6.83198287e+03
0.0475	4.14632392e+04	1.21389933e+04	3.44190059e+03
0.0525	3.65049999e+04	1.11446768e+04	4.50835533e+03
0.0575	3.08431105e+04	1.12622223e+04	7.73603396e+02
0.0625	3.18703240e+04	1.20585092e+04	5.11391307e+03
0.0675	2.75139013e+04	3.46780756e+03	-3.80491123e+03
0.0725	2.76553093e+04	8.78113688e+03	-4.52915026e+03
0.0775	2.33857853e+04	9.54940092e+03	3.22151943e+03
0.0825	2.25568564e+04	9.45689837e+03	1.36981156e+03
0.0875	1.99790864e+04	8.86003481e+03	-6.06498539e+02
0.0925	1.74677888e+04	5.79503213e+03	-5.08873609e+02
0.0975	1.68118174e+04	7.44386159e+03	3.26730247e+03
0.1025	1.50052206e+04	5.67594756e+03	-2.35996742e+03
0.1075	1.54680248e+04	7.08592541e+03	1.44216634e+03
0.1125	1.32908025e+04	5.25634385e+03	1.02949162e+02
0.1175	1.27819045e+04	3.76168526e+03	-3.51829945e+02
0.1225	1.31488603e+04	5.04806161e+03	3.24789742e+03
0.1275	1.19175265e+04	4.82969148e+03	6.03733358e+02
0.1325	1.15572956e+04	5.06903265e+03	-9.59381806e+02
0.1375	1.04359542e+04	2.36009736e+03	-9.89022451e+02
0.1425	1.01779319e+04	2.81915096e+03	1.63917803e+03
0.1475	9.85737903e+03	3.13533776e+03	6.51498865e+00
0.1525	8.68137106e+03	3.06157712e+03	2.94636686e+02
0.1575	8.19994512e+03	2.34405250e+03	2.88485213e+02
0.1625	8.71529423e+03	2.57160661e+03	1.82452038e+02
0.1675	7.56647488e+03	2.56756038e+03	7.84433253e+02
0.1725	7.26849529e+03	2.56725298e+03	1.47695957e+03
0.1775	7.03368812e+03	1.95121613e+03	4.30462455e+02
0.1825	7.14545261e+03	2.62392147e+03	4.52926559e+02
0.1875	6.70885187e+03	1.15661664e+03	-3.27657945e+02
0.1925	6.30320527e+03	1.87748622e+03	1.21320932e+03
0.1975	5.83723466e+03	1.55364076e+03	-2.25158106e+02
0.2025	5.88128730e+03	2.42309024e+03	1.17367191e+03
0.2075	5.62312697e+03	8.85042115e+02	-3.87337412e+01
0.2125	5.46792491e+03	1.86812074e+03	3.74639345e+02
0.2175	5.17067062e+03	9.39034359e+02	4.64123163e+01
0.2225	5.09817381e+03	1.52087287e+03	-3.96070060e+01
0.2275	4.50553293e+03	4.09588541e+02	3.19061622e+02
0.2325	4.78167002e+03	9.52897306e+02	2.79032921e+02
0.2375	4.52576171e+03	1.35336818e+03	2.79254252e+02
0.2425	4.09104265e+03	6.66841372e+02	3.01901266e+02
0.2475	4.21964691e+03	6.93986974e+02	-7.59305253e+01
0.2525	3.82451702e+03	1.06401911e+03	1.33434290e+03
0.2575	3.69618191e+03	4.40521611e+02	-1.25126695e+02
0.2625	3.72140202e+03	7.36326490e+02	3.41418679e+02
0.2675	3.53336938e+03	2.09556648e+02	1.48199222e+02
0.2725	3.48246240e+03	3.78235301e+02	2.72086891e+02
0.2775	3.60479240e+03	8.29449444e+02	3.75404867e+02
0.2825	3.07292883e+03	3.64351608e+02	-9.46085594e+01
0.2875	3.23470902e+03	6.32928389e+02	3.42592133e+02
0.2925	3.13923599e+03	5.66253574e+01	2.06147932e+02
0.2975	2.76851710e+03	1.62050144e+02	3.68287381e+02
0.3025	2.94488192e+03	4.58589929e+02	-3.52730870e+02
0.3075	2.87817670e+03	-1.53464891e+02	1.83754705e+02
0.3125	2.76310021e+03	5.05392594e+01	4.56567753e+02
0.3175	2.71563473e+03	-1.16189396e+02	3.45227668e+02
0.3225	2.48514637e+03	-3.07260488e+01	9.70166047e+01
0.3275	2.54481836e+03	3.40200587e+02	4.48380886e+02
0.3325	2.34964097e+03	-3.23392084e+02	2.21754916e+02
0.3375	2.35626285e+03	1.07518674e+02	1.66384134e+02
0.3425	2.29481099e+03	1.02442166e+02	-1.57544710e+02
0.3475	2.19221246e+03	-3.98939244e+02	1.29466313e+02
0.3525	2.14725664e+03	1.22621102e+02	4.31568222e+02
0.3575	2.18771743e+03	-2.43835626e+02	2.46053667e+02
0.3625	2.16667918e+03	-2.05313031e+02	2.80877873e+02
0.3675	1.95291664e+03	-2.85353812e+02	1.57870211e+01
0.3725	1.95732543e+03	-1.40684657e+02	1.84426581e+02
0.3775	1.76215589e+03	-1.93773480e+02	9.19328372e+01
0.3825	1.92612851e+03	-3.55090631e+02	1.19098539e+00
0.3875	1.77404669e+03	-1.04085285e+02	4.99079581e+02
0.3925	1.70914066e+03	-3.29008530e+02	-1.02003586e+02
0.3975	1.79898041e+03	-1.67275693e+00	1.32728925e+02
