####### Power Spectrum of Patchy Simulation 265 #############
# Patch: sgc
# z-type: z1
# Weights: fkp
# Fiducial Omega_m: 0.310
# Fiducial h: 0.676
# Forward-model pixellation : 0
# Rando n-bar: 0
# Boxsize: [1000.0, 1900.0, 1100.0]
# Grid: [146, 276, 161]
# k-binning: [0.000, 0.410, 0.005]
# Monte Carlo Simulations: 100
#
# Format: k | P0 | P2 | P4
############################################
0.0125	8.70341733e+04	-5.50410243e+04	1.07592698e+05
0.0175	6.93621994e+04	-6.08415546e+03	-5.91711886e+04
0.0225	6.37789875e+04	1.66191528e+04	4.35007413e+04
0.0275	7.84009385e+04	5.77882804e+04	-2.76289073e+04
0.0325	4.58778360e+04	-1.78052443e+03	1.33199138e+04
0.0375	4.39876164e+04	7.07948712e+03	2.36564162e+04
0.0425	5.63414422e+04	-7.76243071e+03	-1.38137822e+04
0.0475	3.77962410e+04	3.09963176e+04	2.01221629e+03
0.0525	3.64610147e+04	2.39614085e+03	-1.68776639e+04
0.0575	3.52082799e+04	5.00772429e+03	-4.24234977e+03
0.0625	3.05403304e+04	9.14904804e+03	-6.63700022e+02
0.0675	2.75278471e+04	7.01711635e+03	-1.26320938e+04
0.0725	2.95317600e+04	1.23019403e+04	7.00953306e+03
0.0775	2.47158592e+04	6.03343103e+03	-2.92900863e+03
0.0825	2.15837574e+04	4.97263762e+03	5.97185114e+02
0.0875	2.00475633e+04	2.19387270e+03	-9.35376983e+03
0.0925	2.02906258e+04	1.24306652e+04	-2.40712107e+03
0.0975	1.90478091e+04	4.11486627e+03	-5.66374847e+03
0.1025	1.52491779e+04	1.15828562e+03	2.56534001e+02
0.1075	1.55523600e+04	6.10908725e+03	7.92565332e+02
0.1125	1.38857149e+04	5.02761696e+03	5.49806697e+02
0.1175	1.40949535e+04	4.20409468e+03	-2.59839339e+02
0.1225	1.38381563e+04	6.00940115e+03	-3.51256798e+03
0.1275	1.19319298e+04	5.21405380e+03	2.97755298e+03
0.1325	1.19293558e+04	1.88091095e+03	-2.41750831e+03
0.1375	1.17641601e+04	3.72520882e+03	-1.39540629e+03
0.1425	1.15486145e+04	3.10365731e+03	-1.28009210e+03
0.1475	1.03415659e+04	3.06810991e+02	-9.76008272e+02
0.1525	9.73090409e+03	3.09824388e+03	-1.31336347e+03
0.1575	8.79791912e+03	9.43042064e+02	-1.16244306e+03
0.1625	9.44206562e+03	2.42549196e+03	-1.00268065e+03
0.1675	7.78948052e+03	2.55973013e+03	4.72877976e+02
0.1725	8.66359078e+03	3.16002283e+03	5.39397533e+02
0.1775	7.67900460e+03	4.51009503e+02	1.46154163e+03
0.1825	7.48233115e+03	1.14952656e+03	1.23071241e+03
0.1875	6.70013829e+03	2.88448417e+03	-3.42386150e+02
0.1925	7.15781549e+03	2.03527659e+03	9.31372256e+02
0.1975	6.54980753e+03	2.96620766e+02	-1.84391777e+03
0.2025	5.75188251e+03	8.86644853e+02	4.27416725e+02
0.2075	6.41288579e+03	1.84072696e+03	3.09521184e+02
0.2125	5.39531121e+03	2.54516135e+03	2.96387215e+02
0.2175	5.43607125e+03	-2.01319309e+02	-1.38596174e+02
0.2225	5.51764455e+03	1.09433260e+03	2.45877126e+02
0.2275	4.92959274e+03	1.55046151e+03	6.15473379e+02
0.2325	4.75100859e+03	5.01382293e+02	1.21648167e+03
0.2375	4.67795916e+03	6.35537681e+02	-6.19002627e+02
0.2425	4.57443280e+03	1.60599677e+03	3.71174452e+02
0.2475	4.40940865e+03	1.14250704e+03	-4.57748956e+02
0.2525	4.40480594e+03	-5.78287426e+01	-6.66452117e+02
0.2575	4.23240864e+03	5.68974887e+02	5.59799175e+02
0.2625	3.50824747e+03	8.53567758e+02	-4.14892316e+00
0.2675	4.24302679e+03	4.23982600e+02	2.55908032e+02
0.2725	3.67565935e+03	6.71034322e+02	3.55256997e+02
0.2775	3.81083324e+03	6.68257304e+01	4.87848801e+00
0.2825	3.67130129e+03	2.47084071e+01	7.49237295e+01
0.2875	3.32241486e+03	4.02708000e+02	2.22297958e+02
0.2925	3.43889745e+03	3.21197690e+02	-6.52432314e+02
0.2975	3.40231588e+03	2.44346637e+01	-3.20576030e+02
0.3025	3.05947235e+03	1.35580242e+02	-3.79042970e+02
0.3075	3.26020388e+03	-1.40989696e+02	9.28468959e+02
0.3125	3.07595342e+03	3.42019460e+02	4.93941657e+02
0.3175	2.85357023e+03	2.64530177e+02	2.28189138e+02
0.3225	2.72316390e+03	-2.43571724e+02	5.67864642e+02
0.3275	2.98049502e+03	-8.47974950e+01	5.98247842e+02
0.3325	2.44332387e+03	-1.93692323e+02	7.49240822e+02
0.3375	2.57561731e+03	3.43483535e+02	-2.43352233e+02
0.3425	2.51844653e+03	-4.02628998e+02	-3.12944207e+01
0.3475	2.51445065e+03	-3.83136135e+02	4.10190764e+02
0.3525	2.34240318e+03	-3.99711522e+02	3.17457464e+02
0.3575	2.36660881e+03	3.71291530e+01	2.78558709e+02
0.3625	2.29549861e+03	-2.16115740e+02	1.59164078e+02
0.3675	2.10452709e+03	-5.41679605e+02	3.77151024e+02
0.3725	2.28522895e+03	-1.64937824e+02	2.01103714e+02
0.3775	2.05871376e+03	-1.37176653e+02	9.90551187e+01
0.3825	2.22674544e+03	-1.83522288e+02	2.86702241e+02
0.3875	1.87307150e+03	-3.64378115e+02	-5.76278746e+01
0.3925	1.98335687e+03	-2.52542556e+02	-2.09544945e+02
0.3975	2.03895920e+03	-3.23860702e+02	2.53322299e+02
