####### Power Spectrum of Patchy Simulation 13 #############
# Patch: sgc
# z-type: z3
# Weights: fkp
# Fiducial Omega_m: 0.310
# Fiducial h: 0.676
# Forward-model pixellation : 0
# Rando n-bar: 0
# Boxsize: [1000.0, 2600.0, 1500.0]
# Grid: [146, 384, 215]
# k-binning: [0.000, 0.410, 0.005]
# Monte Carlo Simulations: 100
#
# Format: k | P0 | P2 | P4
############################################
0.0125	1.86206794e+04	4.91394060e+04	2.27132326e+04
0.0175	5.49304795e+04	-5.99891316e+04	-6.10118992e+04
0.0225	7.82559665e+04	3.62784850e+04	-3.24717259e+04
0.0275	6.14145758e+04	7.61278659e+04	6.45990281e+04
0.0325	5.39120818e+04	2.22017907e+04	-1.30827902e+03
0.0375	5.37375491e+04	1.20684601e+03	-2.15282249e+04
0.0425	4.65299170e+04	4.55077755e+04	1.47334914e+04
0.0475	4.32378485e+04	-3.33982386e+03	-2.92933289e+03
0.0525	3.40145595e+04	1.81393873e+04	-1.72564873e+04
0.0575	3.74338990e+04	1.80597499e+04	1.48117838e+03
0.0625	3.25734836e+04	2.97313018e+03	-1.09511695e+04
0.0675	3.09366872e+04	5.09467032e+03	1.67256387e+03
0.0725	2.44710140e+04	9.05238325e+03	1.08673288e+04
0.0775	2.37084588e+04	1.29313034e+04	6.76630598e+03
0.0825	2.30959759e+04	6.68295458e+03	2.11389166e+03
0.0875	2.40038681e+04	5.08614942e+03	-6.60068905e+02
0.0925	2.28253513e+04	1.13020376e+04	-1.93088651e+03
0.0975	1.63322035e+04	2.34881561e+01	-8.88681348e+02
0.1025	1.65814083e+04	1.04378049e+04	2.11054691e+03
0.1075	1.72505884e+04	8.16096188e+03	1.31071657e+03
0.1125	1.49346350e+04	6.42683474e+03	3.00977838e+03
0.1175	1.48094170e+04	-1.31635206e+03	-3.89238648e+03
0.1225	1.28917063e+04	5.06369188e+03	3.27490519e+03
0.1275	1.44700083e+04	3.67521882e+03	4.50247205e+02
0.1325	1.11611482e+04	3.73371228e+03	-3.38925618e+03
0.1375	1.20655377e+04	4.03600557e+03	3.42019766e+03
0.1425	1.07231629e+04	1.38364518e+03	-1.00151528e+03
0.1475	1.11938350e+04	4.72280112e+03	1.88644024e+03
0.1525	9.40316447e+03	2.12605409e+03	-3.61584478e+02
0.1575	8.51930836e+03	3.52257645e+03	-5.57358013e+02
0.1625	9.32983424e+03	2.85202044e+03	1.32524711e+03
0.1675	8.27854340e+03	1.33231806e+03	-2.26045647e+03
0.1725	8.10674739e+03	3.53036492e+03	2.44894998e+03
0.1775	8.18503125e+03	1.44398510e+03	2.08360164e+02
0.1825	7.63437473e+03	4.14065998e+02	2.56425786e+03
0.1875	7.51428979e+03	3.25594274e+03	3.58481868e+01
0.1925	7.28795773e+03	-5.63343895e+02	-1.96153625e+03
0.1975	7.08200989e+03	2.16465739e+03	-1.48823910e+01
0.2025	6.47043788e+03	1.01959837e+03	4.88126852e+02
0.2075	6.21315096e+03	5.88470134e+02	-1.55277397e+03
0.2125	6.61210003e+03	1.60740287e+03	-1.26959171e+02
0.2175	5.49318272e+03	9.25232953e+02	7.30847533e+02
0.2225	5.60162650e+03	9.43835828e+01	9.82414533e+01
0.2275	5.14381890e+03	1.01122504e+03	5.56746087e+02
0.2325	5.77488351e+03	1.76156543e+03	9.47390937e+02
0.2375	5.21997930e+03	4.94803713e+01	-1.37050860e+03
0.2425	5.21968464e+03	1.37038772e+03	1.65145299e+03
0.2475	4.78144311e+03	3.24283387e+02	4.33421787e+02
0.2525	4.72643262e+03	1.50239392e+03	1.27839871e+02
0.2575	4.63724989e+03	8.41606319e+02	9.58612068e+02
0.2625	4.15426666e+03	5.91528324e+02	6.31152651e+02
0.2675	4.33716160e+03	3.36758045e+01	-1.15900459e+03
0.2725	3.99809911e+03	1.53363186e+03	9.68687806e+02
0.2775	3.96393178e+03	-1.31912176e+02	-4.52434970e+01
0.2825	3.91588576e+03	9.71923748e+02	3.26493888e+02
0.2875	3.75267647e+03	2.28909977e+02	1.92835522e+02
0.2925	3.59246937e+03	4.27899504e+02	9.68557586e+01
0.2975	3.43573839e+03	1.41603917e+02	-6.59852383e+02
0.3025	3.52116385e+03	-7.03610993e+02	1.03132747e+02
0.3075	3.41819597e+03	4.21556778e+02	1.30982281e+01
0.3125	3.08863532e+03	-8.72765438e+02	-3.41237020e+02
0.3175	3.51984332e+03	5.72361001e+02	7.48461391e+02
0.3225	2.85721165e+03	-1.50680556e+02	7.61381136e+02
0.3275	3.10943515e+03	-3.05360833e+02	-1.01926559e+03
0.3325	2.96786028e+03	2.82084105e+02	5.88073519e+02
0.3375	2.71638607e+03	-6.75124597e+02	-3.46810723e+00
0.3425	2.66391991e+03	-3.15744184e+01	3.61006468e+02
0.3475	2.74855479e+03	2.81157093e+02	-1.78802970e+02
0.3525	2.65603539e+03	-3.01607962e+02	-1.00765958e+02
0.3575	2.55446943e+03	-1.72997076e+02	8.64757369e+02
0.3625	2.74343783e+03	-2.91782835e+02	1.45800994e+02
0.3675	2.48178491e+03	2.64575887e+01	5.06467903e+02
0.3725	2.64285646e+03	-2.43094604e+02	-1.59794935e+02
0.3775	2.25888824e+03	-3.99019711e+02	5.37609746e+02
0.3825	2.43449967e+03	-1.25743598e+02	1.39448693e+02
0.3875	2.29161085e+03	-5.25633902e+02	5.92533466e+01
0.3925	2.27174799e+03	-2.61546961e+02	6.82777213e+01
0.3975	2.21729436e+03	-7.23347611e+01	8.44568143e+01
