####### Power Spectrum of Patchy Simulation 1409 #############
# Patch: sgc
# z-type: z1
# Weights: fkp
# Fiducial Omega_m: 0.310
# Fiducial h: 0.676
# Forward-model pixellation : 0
# Rando n-bar: 0
# Boxsize: [1000.0, 1900.0, 1100.0]
# Grid: [146, 276, 161]
# k-binning: [0.000, 0.410, 0.005]
# Monte Carlo Simulations: 100
#
# Format: k | P0 | P2 | P4
############################################
0.0125	9.23745789e+04	3.70476207e+04	2.34500499e+04
0.0175	9.96596300e+04	-1.69381766e+04	6.68562669e+04
0.0225	5.05266777e+04	-5.57020306e+04	3.78485608e+04
0.0275	7.31143839e+04	5.58799430e+04	6.93656729e+04
0.0325	4.66265483e+04	2.34300301e+04	-2.86104478e+04
0.0375	5.93095271e+04	-6.35197972e+03	1.98543833e+04
0.0425	3.90413138e+04	1.09406450e+04	1.34942965e+04
0.0475	4.10952620e+04	3.35900070e+04	2.10705843e+04
0.0525	3.52120822e+04	7.72481149e+03	-3.08628584e+03
0.0575	3.83779691e+04	5.75242036e+03	-6.48991810e+03
0.0625	3.16411600e+04	1.77951899e+04	8.88492871e+03
0.0675	3.50566827e+04	1.37410795e+04	-2.87157766e+03
0.0725	2.34485979e+04	6.50482365e+03	2.37986221e+02
0.0775	2.43000884e+04	1.54423033e+04	4.80493741e+03
0.0825	2.47916751e+04	9.25041016e+03	-6.19798924e+03
0.0875	2.18621016e+04	6.86742749e+02	8.90928705e+02
0.0925	2.03758755e+04	6.84264134e+03	2.71855342e+03
0.0975	1.74487270e+04	1.02009508e+04	3.83597186e+03
0.1025	1.60712013e+04	6.60926442e+03	-4.42698126e+03
0.1075	1.42815263e+04	7.24727142e+03	-1.57642200e+03
0.1125	1.62560732e+04	5.04277453e+03	-3.24725835e+03
0.1175	1.36076956e+04	1.09527635e+03	3.20490249e+02
0.1225	1.26728422e+04	4.87757099e+03	-9.35401239e+02
0.1275	1.28941521e+04	2.46344945e+03	1.14672971e+03
0.1325	1.11222123e+04	5.11758307e+03	3.16002659e+03
0.1375	1.23787904e+04	3.41223977e+03	-2.62327024e+03
0.1425	1.01653113e+04	4.28728656e+03	-3.93067288e+02
0.1475	1.15992102e+04	1.80005946e+03	-9.67750249e+02
0.1525	8.81262220e+03	3.00682561e+03	1.66092841e+03
0.1575	9.45338417e+03	3.35271981e+03	-2.18584204e+03
0.1625	8.56717875e+03	3.13923773e+03	1.17282549e+03
0.1675	8.21157823e+03	1.88923025e+03	1.06411292e+03
0.1725	8.04051356e+03	3.31656039e+03	-4.29951795e+01
0.1775	7.96662479e+03	1.63906326e+03	-9.93750727e+01
0.1825	7.40762418e+03	1.76736162e+03	4.39737357e+02
0.1875	7.10476666e+03	2.71950805e+03	7.01480091e+02
0.1925	6.80123283e+03	2.23551591e+03	-1.17057197e+03
0.1975	6.96477353e+03	1.53189084e+03	6.97597829e+02
0.2025	6.41072200e+03	1.01939903e+03	-7.24887833e+02
0.2075	6.49243411e+03	1.75733936e+03	9.05987144e+01
0.2125	5.19367480e+03	1.26538628e+03	5.15125780e+02
0.2175	5.55125614e+03	2.15313917e+03	-7.70705392e+00
0.2225	5.16756575e+03	1.37485683e+03	2.97209848e+02
0.2275	5.35127855e+03	1.16777554e+03	-6.90884831e+02
0.2325	5.15037095e+03	9.69033531e+02	2.53194022e+02
0.2375	4.63638226e+03	9.74887806e+02	6.49751556e+02
0.2425	4.48223211e+03	7.27317372e+02	5.88048802e+02
0.2475	4.44146476e+03	1.15788556e+03	2.46696074e+02
0.2525	3.95917692e+03	3.82129214e+02	6.60524992e+02
0.2575	4.41345044e+03	6.75265011e+02	2.40872204e+02
0.2625	4.15119545e+03	2.66865902e+02	-7.41518417e+02
0.2675	3.88737380e+03	3.63470607e+02	3.85403446e+02
0.2725	3.86342339e+03	2.11865515e+02	4.66548968e+02
0.2775	3.72588796e+03	5.76584817e+02	2.07571962e+02
0.2825	3.52442597e+03	-9.93504377e+01	-1.89869918e+02
0.2875	3.24987018e+03	1.59855394e+02	6.52567071e+02
0.2925	3.49868166e+03	5.13386549e+02	6.03418110e+02
0.2975	3.16021734e+03	2.58171958e+02	1.87089371e+01
0.3025	3.28540760e+03	1.76199512e+02	1.54263900e+02
0.3075	3.01187386e+03	2.06354232e+02	1.00396309e+03
0.3125	3.06214759e+03	-2.18391051e+02	-3.87934909e+01
0.3175	2.96685791e+03	5.27980949e+02	-2.53568867e+02
0.3225	2.73550576e+03	-2.05234498e+02	-2.28272571e+02
0.3275	2.76721669e+03	-1.24588923e+02	6.92329208e+01
0.3325	2.52072292e+03	-2.09489355e+02	1.44897500e+02
0.3375	2.71942923e+03	-1.78563220e+02	9.14426423e+02
0.3425	2.48793232e+03	-6.55775202e+01	7.86062907e+01
0.3475	2.43401925e+03	-5.79933639e+01	2.70543131e+02
0.3525	2.31704205e+03	-1.64620743e+02	-2.57014900e+01
0.3575	2.36150996e+03	-1.00078077e+02	4.71546763e+02
0.3625	2.27024004e+03	-1.03085755e+02	-1.88889532e+02
0.3675	2.07535970e+03	-3.46097701e+02	6.48914116e+01
0.3725	2.09710032e+03	-1.77933929e+02	6.59622784e+02
0.3775	2.09464380e+03	-1.22494967e+02	2.78876859e+02
0.3825	2.07573656e+03	1.17385552e+02	1.50693443e+02
0.3875	1.97219787e+03	-2.39921330e+02	2.74378840e+02
0.3925	1.98309540e+03	-4.63859293e+02	3.76862121e+02
0.3975	1.88801225e+03	-2.33664093e+02	1.06639203e+01
