####### Power Spectrum of Patchy Simulation 851 #############
# Patch: ngc
# z-type: z3
# Weights: fkp
# Fiducial Omega_m: 0.310
# Fiducial h: 0.676
# Forward-model pixellation : 0
# Rando n-bar: 0
# Boxsize: [1800.0, 3400.0, 1900.0]
# Grid: [261, 500, 276]
# k-binning: [0.000, 0.410, 0.005]
# Monte Carlo Simulations: 100
#
# Format: k | P0 | P2 | P4
############################################
0.0125	6.14102831e+04	-3.79157204e+04	-8.87024083e+04
0.0175	6.96140530e+04	5.59771344e+04	3.04871834e+04
0.0225	6.82564262e+04	2.40741033e+04	-1.61576093e+04
0.0275	6.23610578e+04	1.70894986e+04	1.68334585e+04
0.0325	4.97143492e+04	2.03749900e+04	1.47818727e+03
0.0375	4.17177104e+04	2.95579885e+04	4.57525467e+03
0.0425	3.94298288e+04	7.81225309e+02	-2.53253786e+04
0.0475	4.13549003e+04	2.31891751e+04	1.67490838e+03
0.0525	3.18897659e+04	1.01872994e+04	-4.35684229e+03
0.0575	3.39465339e+04	1.77802892e+04	6.09692475e+03
0.0625	3.23034434e+04	1.41368432e+04	3.57509291e+03
0.0675	2.59689015e+04	3.35522718e+03	1.47703488e+03
0.0725	2.65259599e+04	1.45245383e+04	5.52053910e+03
0.0775	2.53202288e+04	1.47292406e+04	-2.19481556e+03
0.0825	2.01135696e+04	3.41835986e+03	-2.51971456e+03
0.0875	2.34794712e+04	1.35473969e+04	2.62461924e+03
0.0925	1.72231471e+04	4.78918566e+03	-2.14043091e+03
0.0975	1.78739342e+04	1.02586282e+04	3.42927100e+03
0.1025	1.49098059e+04	6.42893850e+03	-2.76372841e+03
0.1075	1.43435287e+04	4.94537528e+03	1.41030328e+03
0.1125	1.42495034e+04	7.04700803e+03	3.23153956e+03
0.1175	1.31604401e+04	2.61455857e+03	1.78204257e+02
0.1225	1.34771272e+04	7.38370566e+03	2.44912073e+03
0.1275	1.12325354e+04	3.74270708e+03	2.60572665e+02
0.1325	1.23219869e+04	4.16710172e+03	1.44544362e+03
0.1375	1.06039468e+04	3.03321600e+03	-3.64931478e+02
0.1425	1.01891157e+04	2.29208218e+03	6.49092956e+02
0.1475	1.00925722e+04	3.46416045e+03	-3.92928013e+02
0.1525	8.64836855e+03	2.52920708e+03	1.02363128e+03
0.1575	8.61956747e+03	2.45478327e+03	-4.99742394e+02
0.1625	7.99919855e+03	3.11941850e+03	1.19524887e+03
0.1675	8.04026752e+03	2.62754846e+03	5.90687355e+02
0.1725	7.70222576e+03	2.65302354e+03	7.95243627e+02
0.1775	6.48578504e+03	8.34544996e+02	-4.66170926e+01
0.1825	7.10567721e+03	1.51327573e+03	-1.81766631e+02
0.1875	6.61014203e+03	2.25940055e+03	7.94132901e+02
0.1925	6.20245825e+03	1.21899038e+03	3.42257918e+01
0.1975	6.21067792e+03	1.64053139e+03	5.24243625e+02
0.2025	5.62058422e+03	1.38180562e+03	-1.17098764e+02
0.2075	5.71882025e+03	1.34815007e+03	4.85440728e+02
0.2125	5.58842325e+03	1.96925509e+03	1.01165169e+03
0.2175	5.17320194e+03	1.75024865e+03	-9.85995183e+01
0.2225	4.96344448e+03	1.03960925e+03	-2.36333941e+02
0.2275	4.80771096e+03	1.21399527e+03	1.40719762e+02
0.2325	4.54432490e+03	1.02305884e+03	4.89298570e+02
0.2375	4.54481264e+03	1.14851005e+03	-1.87897762e+02
0.2425	4.00504080e+03	9.96728905e+02	5.99865338e+02
0.2475	4.36582695e+03	7.95172105e+02	3.33520692e+02
0.2525	4.00555476e+03	5.15081060e+02	-4.93695688e+02
0.2575	3.81633109e+03	7.58001103e+02	-2.64430262e+02
0.2625	3.75382636e+03	7.05640876e+02	6.23193609e+02
0.2675	3.34829996e+03	6.13474276e+00	1.44727660e+02
0.2725	3.66165975e+03	5.74589480e+02	6.05806015e+01
0.2775	3.40888660e+03	9.42352545e+01	3.86225828e+02
0.2825	3.26897700e+03	3.38829576e+02	3.83449446e+02
0.2875	3.40216464e+03	6.47158325e+02	1.96682248e+02
0.2925	2.82637556e+03	1.09137304e+02	4.21941612e+02
0.2975	3.10534048e+03	5.91605424e+02	3.14560647e+02
0.3025	3.00776322e+03	3.12310979e+02	1.50008564e+02
0.3075	2.68488350e+03	-3.47505467e+01	6.16574755e+02
0.3125	2.82847237e+03	2.33145258e+02	6.23864720e+01
0.3175	2.57292358e+03	1.10243441e+02	-6.79117794e+01
0.3225	2.58707155e+03	3.38241760e+01	3.79269604e+02
0.3275	2.54263181e+03	-3.87754007e+02	3.22549921e+02
0.3325	2.51461751e+03	1.59444948e+02	4.74641329e+02
0.3375	2.17383156e+03	-3.66222713e+02	4.11010361e+01
0.3425	2.25895915e+03	-1.91877513e+02	2.35737492e+02
0.3475	2.30474650e+03	3.35830849e+02	3.36212055e+02
0.3525	2.11917828e+03	-9.79571411e+01	2.77825314e+02
0.3575	2.08101135e+03	5.21848495e+00	4.07826804e+02
0.3625	2.03354895e+03	-3.82725328e+02	5.35413624e+01
0.3675	2.06808019e+03	1.76804482e+02	3.75547576e+02
0.3725	1.86691787e+03	-1.25987425e+02	4.97428871e+02
0.3775	1.95281348e+03	-3.43419491e+02	6.57922727e+01
0.3825	1.70978577e+03	-2.32523154e+02	3.62823386e+02
0.3875	1.89167429e+03	-1.52503054e+02	2.71746144e+02
0.3925	1.83303048e+03	-3.33181170e+02	2.30292329e+02
0.3975	1.83757544e+03	1.08217926e+02	6.37311221e+02
