####### Power Spectrum of Patchy Simulation 258 #############
# Patch: ngc
# z-type: z3
# Weights: fkp
# Fiducial Omega_m: 0.310
# Fiducial h: 0.676
# Forward-model pixellation : 0
# Rando n-bar: 0
# Boxsize: [1800.0, 3400.0, 1900.0]
# Grid: [261, 500, 276]
# k-binning: [0.000, 0.410, 0.005]
# Monte Carlo Simulations: 100
#
# Format: k | P0 | P2 | P4
############################################
0.0125	8.30066433e+04	2.14587053e+04	-3.72382761e+04
0.0175	7.34323833e+04	5.42378164e+04	-1.73274840e+03
0.0225	7.67706796e+04	2.90712081e+04	-1.28689982e+04
0.0275	5.14665025e+04	-7.34075385e+02	-8.74048665e+03
0.0325	6.25179251e+04	4.86260969e+04	4.43292897e+03
0.0375	4.52378856e+04	2.02469342e+04	2.03032254e+03
0.0425	4.05214487e+04	1.45432106e+04	-3.08742231e+03
0.0475	4.10875060e+04	1.48739448e+04	-9.39096713e+03
0.0525	3.46452804e+04	2.27868427e+04	4.44025790e+03
0.0575	2.81200199e+04	6.91721330e+03	-1.15387598e+03
0.0625	3.39270567e+04	9.76334410e+03	5.01965267e+03
0.0675	2.61970230e+04	3.68452509e+03	-4.15988929e+03
0.0725	2.86238362e+04	8.36148819e+03	-5.92967713e+03
0.0775	2.30111293e+04	1.07129102e+04	5.30313989e+03
0.0825	2.12652240e+04	4.82033184e+03	-3.10127667e+03
0.0875	1.96110464e+04	4.94523873e+03	-6.49140293e+02
0.0925	1.78401602e+04	8.33555687e+03	1.63520286e+03
0.0975	1.62731463e+04	6.96550595e+03	1.48271496e+03
0.1025	1.52955506e+04	2.29428868e+03	-3.84628504e+03
0.1075	1.56334389e+04	7.46148149e+03	2.99365004e+03
0.1125	1.34591452e+04	5.32598789e+03	-4.22085696e+01
0.1175	1.31766530e+04	2.34952414e+03	-9.06316683e+02
0.1225	1.22892874e+04	2.15780673e+03	3.39531845e+02
0.1275	1.20626376e+04	4.75624837e+03	1.63755890e+03
0.1325	1.14514955e+04	4.11810554e+03	1.09209804e+03
0.1375	1.10497031e+04	2.65529928e+03	-2.33459600e+03
0.1425	9.25553521e+03	3.41374239e+03	7.26606437e+02
0.1475	1.02654512e+04	3.79086018e+03	2.10331060e+03
0.1525	8.55385453e+03	1.04123163e+03	-4.93218203e+02
0.1575	9.09015031e+03	3.52518821e+03	1.52223644e+03
0.1625	7.92389342e+03	2.72952293e+03	-2.66843886e+02
0.1675	8.29697470e+03	2.16958674e+03	-6.00944740e+02
0.1725	7.45017013e+03	2.89595758e+03	1.89988453e+03
0.1775	6.82389267e+03	1.86124516e+03	-5.88361777e+02
0.1825	7.16735234e+03	3.01870323e+03	1.00698351e+03
0.1875	5.92875794e+03	4.99912855e+02	-9.24728014e+02
0.1925	6.54802762e+03	2.12451747e+03	1.78731102e+02
0.1975	6.05261638e+03	1.53193804e+03	9.66619470e+01
0.2025	5.55650963e+03	6.67867242e+02	-4.29047698e+02
0.2075	5.77712667e+03	2.05646694e+03	1.51692169e+03
0.2125	5.35741909e+03	9.79522961e+02	-2.88849413e+01
0.2175	4.92494491e+03	1.32813477e+03	4.45962303e+02
0.2225	5.04328755e+03	4.44075757e+02	-4.05659572e+02
0.2275	4.83649011e+03	1.49253659e+03	9.34789991e+02
0.2325	4.37099479e+03	5.04174532e+02	-1.82000515e+02
0.2375	4.63564148e+03	9.47273869e+02	-8.26740989e+02
0.2425	4.38756552e+03	1.08604473e+03	8.11562724e+02
0.2475	4.06290200e+03	6.96761214e+02	-4.08630701e+01
0.2525	3.87840985e+03	5.35859047e+02	7.07264739e+01
0.2575	3.54591440e+03	3.42629086e+02	7.27706607e+02
0.2625	4.01749843e+03	1.15340238e+03	3.50578167e+01
0.2675	3.39676342e+03	-6.78308842e+01	1.10452149e+02
0.2725	3.74225546e+03	1.04434003e+03	2.20390885e+02
0.2775	3.33912464e+03	-1.16370114e+01	-1.09339433e+01
0.2825	3.36329654e+03	3.96651824e+02	4.13987919e+02
0.2875	3.00480392e+03	1.19432661e+02	-5.84351275e+02
0.2925	3.20920282e+03	6.16630725e+02	-2.96076320e+02
0.2975	2.97350948e+03	1.57852687e+02	6.07045080e+02
0.3025	2.99323545e+03	9.04577193e+01	-4.62784425e+02
0.3075	2.77291511e+03	2.65566519e+02	1.88907642e+02
0.3125	2.69867724e+03	2.45049461e+01	-9.11695551e+01
0.3175	2.70048797e+03	2.60741282e+02	2.61310310e+02
0.3225	2.54203764e+03	4.77785619e+01	2.32177791e+02
0.3275	2.46861877e+03	-1.96273857e+02	7.64561870e+01
0.3325	2.44399534e+03	2.54807949e+02	3.87679066e+02
0.3375	2.33994237e+03	-1.94311566e+02	9.12826235e+01
0.3425	2.40754910e+03	7.79093410e+01	7.26047781e+01
0.3475	2.18905985e+03	-4.96506647e+01	3.68094889e+01
0.3525	2.16838495e+03	-2.05852994e+02	1.88623596e+02
0.3575	2.07127685e+03	1.08891500e+02	5.16110664e+02
0.3625	2.08978488e+03	-1.15904672e+02	2.55704549e+02
0.3675	1.88352060e+03	-2.30387611e+02	3.46417023e+02
0.3725	2.08297833e+03	2.07233569e+02	4.38099204e+02
0.3775	1.97659752e+03	-2.34850369e+02	-1.99828582e+01
0.3825	1.78767578e+03	-3.28130903e+02	2.12066547e+02
0.3875	1.72043286e+03	-2.88008534e+02	3.64846607e+02
0.3925	1.70912462e+03	-3.01590239e+02	2.35033412e+02
0.3975	1.76266499e+03	-2.03681687e+02	3.75555874e+02
