####### Power Spectrum of Patchy Simulation 1557 #############
# Patch: ngc
# z-type: z1
# Weights: fkp
# Fiducial Omega_m: 0.310
# Fiducial h: 0.676
# Forward-model pixellation : 0
# Rando n-bar: 0
# Boxsize: [1350.0, 2450.0, 1400.0]
# Grid: [193, 353, 200]
# k-binning: [0.000, 0.410, 0.005]
# Monte Carlo Simulations: 100
#
# Format: k | P0 | P2 | P4
############################################
0.0125	1.07139282e+05	1.51774739e+05	-2.46570819e+04
0.0175	7.17973717e+04	-1.84254643e+04	-1.93191678e+03
0.0225	6.85971851e+04	5.57514895e+04	2.80715722e+04
0.0275	7.95038942e+04	2.24887677e+04	2.27094244e+04
0.0325	4.88938443e+04	9.72373044e+03	-6.59020850e+03
0.0375	4.84562585e+04	6.61997637e+03	-1.30787995e+04
0.0425	3.94664908e+04	1.16284255e+04	-1.35697334e+04
0.0475	3.89006222e+04	1.29238170e+04	-3.58446085e+03
0.0525	3.94865907e+04	1.31377101e+04	-3.28474087e+03
0.0575	3.65959226e+04	7.93116073e+03	7.48207517e+03
0.0625	3.17633453e+04	8.03112178e+03	-5.16211466e+02
0.0675	3.01585057e+04	1.40902634e+04	-2.86046364e+03
0.0725	2.68344720e+04	1.13057262e+04	-1.85199203e+02
0.0775	2.72977920e+04	9.52433505e+03	-1.68581787e+02
0.0825	2.40846994e+04	8.17440733e+03	-8.32839833e+02
0.0875	2.18336825e+04	8.48557549e+03	-3.06055542e+03
0.0925	1.96604310e+04	6.39501780e+03	-8.72169380e+02
0.0975	1.77983029e+04	7.84688760e+03	3.05894369e+03
0.1025	1.67723777e+04	5.36056832e+03	8.68753079e+02
0.1075	1.57947853e+04	6.01753349e+03	8.41706798e+02
0.1125	1.53736970e+04	6.51672128e+03	3.28436274e+03
0.1175	1.38045732e+04	5.04827777e+03	1.28741767e+03
0.1225	1.40159878e+04	5.82339140e+03	1.14224352e+03
0.1275	1.26413669e+04	4.02020497e+03	5.64993204e+02
0.1325	1.20905042e+04	4.46151826e+03	1.70942729e+03
0.1375	1.20581013e+04	3.69114275e+03	4.21195552e+01
0.1425	1.07782350e+04	2.25657608e+03	-2.15203907e+03
0.1475	9.63247988e+03	3.45511312e+03	3.01702240e+01
0.1525	9.60506459e+03	2.92219901e+03	1.15652077e+03
0.1575	9.40139931e+03	3.91521940e+03	2.11542473e+02
0.1625	9.14071983e+03	2.77378949e+03	1.84682692e+02
0.1675	8.12704188e+03	1.52904206e+03	-1.84862265e+02
0.1725	7.96832621e+03	1.88211618e+03	-4.26809082e+02
0.1775	7.57556352e+03	1.21895133e+03	-1.87300212e+02
0.1825	7.41354998e+03	2.43661081e+03	5.64765702e+02
0.1875	6.95096756e+03	1.35990970e+03	-2.28956366e+01
0.1925	6.85248489e+03	2.12591717e+03	5.52945575e+02
0.1975	6.76458267e+03	1.84979364e+03	6.16003040e+02
0.2025	5.99437289e+03	1.57305574e+03	-1.11098930e+02
0.2075	6.10983209e+03	1.39260446e+03	4.53307884e+02
0.2125	5.79068751e+03	1.23809412e+03	9.88929904e+01
0.2175	5.76713799e+03	1.06982605e+03	-3.36535279e+02
0.2225	5.28934662e+03	1.15412316e+03	-2.59663131e+02
0.2275	5.04073804e+03	5.95571413e+02	-2.04132758e+02
0.2325	4.83137949e+03	1.09195964e+03	1.14801021e+02
0.2375	4.66691027e+03	6.22233029e+02	1.01678524e+02
0.2425	4.69673244e+03	1.22235522e+03	5.71639689e+02
0.2475	4.34718892e+03	4.25392612e+02	1.98449572e+02
0.2525	4.40483914e+03	6.90972807e+02	-1.57295249e+02
0.2575	4.04195857e+03	4.59774538e+02	3.89222807e+00
0.2625	4.16108160e+03	5.98107808e+02	7.15306658e+02
0.2675	3.91450688e+03	4.90888284e+02	2.49351794e+02
0.2725	3.90217944e+03	3.76889182e+02	2.68006011e+02
0.2775	3.70379526e+03	1.02961360e+02	1.96271980e+02
0.2825	3.64025021e+03	4.56895811e+02	2.78776745e+02
0.2875	3.67301767e+03	6.87452075e+01	1.44078011e+02
0.2925	3.42111300e+03	3.14518898e+02	1.79664885e+02
0.2975	3.21803407e+03	9.73875906e+01	3.20431783e+02
0.3025	3.15131355e+03	-5.30385470e+01	3.26927707e+00
0.3075	3.28727547e+03	2.06681006e+02	3.36469148e+02
0.3125	3.02152523e+03	3.31735352e+02	4.64425279e+02
0.3175	2.85701402e+03	-1.18139404e+02	2.05898669e+02
0.3225	2.80433640e+03	4.05611899e+01	4.10802211e+02
0.3275	2.81359405e+03	-3.07895097e+01	5.00744427e+01
0.3325	2.67771678e+03	2.18085647e+01	1.41277806e+02
0.3375	2.51843167e+03	-4.21472294e+01	2.69079090e+02
0.3425	2.51330522e+03	-1.06167521e+02	3.78688872e+02
0.3475	2.48935626e+03	-1.21185961e+02	4.33555823e+01
0.3525	2.39615957e+03	-2.54291949e+01	2.55366777e+02
0.3575	2.33480397e+03	-2.11903987e+02	2.35993335e+02
0.3625	2.24139791e+03	-2.17236078e+01	3.58026501e+02
0.3675	2.25131784e+03	-2.76504274e+02	1.47189259e+02
0.3725	2.12034353e+03	-3.02816353e+02	2.11566337e+02
0.3775	2.17162669e+03	-3.49351049e+02	2.80582776e+02
0.3825	2.00715014e+03	-2.71842173e+02	2.47588244e+02
0.3875	2.06092310e+03	-2.72780613e+02	2.26412832e+02
0.3925	2.04373948e+03	-2.05819905e+02	3.26476860e+02
0.3975	1.96746487e+03	-3.01487654e+02	2.43619401e+02
