####### Power Spectrum of Patchy Simulation 813 #############
# Patch: sgc
# z-type: z3
# Weights: fkp
# Fiducial Omega_m: 0.310
# Fiducial h: 0.676
# Forward-model pixellation : 0
# Rando n-bar: 0
# Boxsize: [1000.0, 2600.0, 1500.0]
# Grid: [146, 384, 215]
# k-binning: [0.000, 0.410, 0.005]
# Monte Carlo Simulations: 100
#
# Format: k | P0 | P2 | P4
############################################
0.0125	8.25363060e+04	9.85540035e+04	8.14786821e+04
0.0175	1.05091855e+05	5.74165732e+04	-6.73559852e+04
0.0225	5.60245629e+04	-6.89121496e+02	8.80455616e+02
0.0275	5.54477008e+04	1.79733448e+04	-8.33791526e+03
0.0325	7.05796405e+04	7.36513882e+04	4.83826465e+04
0.0375	4.07666857e+04	6.91610826e+03	2.27859919e+04
0.0425	4.79675703e+04	1.18493959e+04	-2.21423753e+04
0.0475	3.62377123e+04	3.33982331e+04	1.26447108e+04
0.0525	3.15929170e+04	5.35946692e+02	4.89178900e+03
0.0575	3.83230453e+04	5.55993513e+03	6.79350868e+03
0.0625	3.06662350e+04	6.27366834e+03	1.12904392e+04
0.0675	2.88684713e+04	1.16118994e+04	-7.22920088e+03
0.0725	3.11062881e+04	1.28560969e+04	-4.25621708e+03
0.0775	2.67157440e+04	1.63425196e+04	4.30407827e+03
0.0825	2.70566462e+04	1.04928759e+04	-5.59177318e+03
0.0875	2.05345162e+04	5.68819126e+03	6.63532407e+02
0.0925	2.46097488e+04	1.14690237e+04	-8.14525129e+03
0.0975	1.72310458e+04	5.70205779e+03	3.97424776e+03
0.1025	1.72522001e+04	6.57684559e+03	4.74392094e+02
0.1075	1.67047123e+04	8.73396030e+03	3.34553575e+03
0.1125	1.30796918e+04	2.88881197e+03	-4.24719999e+03
0.1175	1.68584604e+04	5.84247086e+03	3.17178791e+03
0.1225	1.35753296e+04	7.75779327e+03	2.75807453e+01
0.1275	1.40134648e+04	5.19820097e+03	1.25320606e+03
0.1325	1.27562310e+04	2.65918446e+03	-8.14885954e+02
0.1375	1.24682494e+04	4.09276327e+03	1.60980862e+03
0.1425	1.22492615e+04	7.05200684e+03	2.42629786e+03
0.1475	1.04118372e+04	8.65589122e+02	-1.30170797e+03
0.1525	9.25166523e+03	2.64606945e+03	-1.28882326e+03
0.1575	1.00251579e+04	2.81444408e+03	1.08856035e+03
0.1625	8.74008645e+03	4.65995713e+03	-1.65737361e+03
0.1675	8.74836485e+03	1.91506252e+03	4.73421694e+02
0.1725	8.44340525e+03	2.84030269e+03	1.21812695e+03
0.1775	7.72615054e+03	1.76686014e+03	-5.67856121e+02
0.1825	7.54161672e+03	1.33858914e+03	3.98805893e+01
0.1875	6.95856809e+03	1.87346760e+03	4.02910614e+02
0.1925	7.20386517e+03	1.71325039e+03	-2.73087663e+02
0.1975	6.57714714e+03	5.96275286e+02	-8.51002872e+02
0.2025	6.62105789e+03	1.88021360e+03	6.17223534e+01
0.2075	6.28453503e+03	1.68318643e+03	-5.99400877e+02
0.2125	5.69725479e+03	1.01402709e+03	-1.93217124e+02
0.2175	6.45003762e+03	2.40718581e+03	8.56929251e+02
0.2225	5.31378372e+03	7.93817377e+02	4.66124519e+02
0.2275	5.54777173e+03	1.11691396e+03	-8.22158152e+02
0.2325	5.42681177e+03	1.34129108e+03	9.70234252e+02
0.2375	5.00030175e+03	8.14201117e+02	2.83130016e+02
0.2425	4.72763526e+03	2.27288281e+02	1.05663252e+03
0.2475	4.95188075e+03	4.43996555e+02	-2.44308562e+02
0.2525	4.47738446e+03	7.32728321e+02	-8.79991024e+02
0.2575	4.34494659e+03	-1.48344122e+02	3.26030208e+02
0.2625	4.62977389e+03	4.24945323e+02	7.03342822e+02
0.2675	3.98943178e+03	9.88966849e+02	-2.31960302e+02
0.2725	4.05212516e+03	4.22402365e+02	1.05998542e+03
0.2775	4.10193821e+03	6.92937457e+02	-7.01135465e+02
0.2825	3.89259489e+03	1.91355233e+02	7.61516603e+02
0.2875	3.82580572e+03	8.65851039e+02	7.94272100e+02
0.2925	3.25086769e+03	-9.22152992e+02	-5.83283326e+02
0.2975	3.65874724e+03	6.91903734e+02	-1.41215028e+02
0.3025	3.42967418e+03	-7.93840541e+01	2.49795631e+02
0.3075	3.08092176e+03	1.36159165e+02	8.57612930e+02
0.3125	3.56635061e+03	5.44508741e+01	-3.09660366e+01
0.3175	3.23523825e+03	6.15823669e+01	1.21298384e+02
0.3225	2.96917897e+03	-2.87201359e+02	5.02954275e+02
0.3275	3.04207751e+03	-2.26549123e+02	-9.73339340e+01
0.3325	3.04937532e+03	4.06609652e+02	-1.92559807e+01
0.3375	2.58052607e+03	-4.32788705e+02	7.80640230e+02
0.3425	3.02113307e+03	2.40048848e+02	7.11458548e+02
0.3475	2.58749293e+03	-6.05431287e+02	-5.52515294e+02
0.3525	2.80030116e+03	-1.71367307e+02	5.47770106e+02
0.3575	2.40601017e+03	3.96033310e+01	4.11383560e+02
0.3625	2.77667102e+03	-5.16226021e+02	1.56583861e+01
0.3675	2.26032450e+03	1.08122639e+02	7.25438766e+02
0.3725	2.65317289e+03	-3.69353769e+02	-3.12466694e+02
0.3775	2.37171429e+03	-1.99189328e+02	4.19938081e+02
0.3825	2.50165928e+03	-2.79494263e+02	9.80421147e+01
0.3875	2.12190225e+03	-6.49839635e+02	4.29941543e+01
0.3925	2.28264610e+03	3.30098908e+02	5.41521875e+02
0.3975	2.11747389e+03	-4.75421457e+02	2.46210029e+01
