####### Power Spectrum of Patchy Simulation 709 #############
# Patch: ngc
# z-type: z3
# Weights: fkp
# Fiducial Omega_m: 0.310
# Fiducial h: 0.676
# Forward-model pixellation : 0
# Rando n-bar: 0
# Boxsize: [1800.0, 3400.0, 1900.0]
# Grid: [261, 500, 276]
# k-binning: [0.000, 0.410, 0.005]
# Monte Carlo Simulations: 100
#
# Format: k | P0 | P2 | P4
############################################
0.0125	6.86303452e+04	4.49119509e+04	-6.19649921e+04
0.0175	6.92586968e+04	-1.18443736e+04	-4.17386329e+04
0.0225	6.33157135e+04	5.76084792e+04	3.86684866e+03
0.0275	6.22070652e+04	3.54470033e+04	3.51318971e+03
0.0325	4.84937271e+04	1.14587999e+04	-1.36053562e+04
0.0375	4.70712119e+04	2.17556339e+04	-3.77064955e+03
0.0425	4.34316377e+04	1.35260920e+04	5.26582439e+03
0.0475	4.52438289e+04	2.08300377e+04	8.07421740e+03
0.0525	3.07632117e+04	6.62579938e+03	-6.16122095e+03
0.0575	3.38350559e+04	1.60068284e+04	3.29550118e+03
0.0625	3.37569931e+04	1.58074275e+04	4.86364081e+03
0.0675	2.73272412e+04	6.46142239e+03	-4.50717563e+03
0.0725	2.52427202e+04	1.02233779e+04	3.37779292e+03
0.0775	2.40671948e+04	1.46695112e+04	1.74100239e+03
0.0825	2.23728268e+04	5.37945407e+03	-3.49029182e+03
0.0875	2.10113796e+04	1.03466488e+04	3.34462912e+03
0.0925	1.76591067e+04	6.47053710e+03	-2.09088540e+03
0.0975	1.74969516e+04	8.72988113e+03	-8.30616978e+02
0.1025	1.48844163e+04	4.45868548e+03	-2.43013477e+02
0.1075	1.55273033e+04	8.09559161e+03	3.19138916e+03
0.1125	1.35229953e+04	5.40283031e+03	1.94552423e+03
0.1175	1.36401657e+04	3.68723769e+03	-2.09761638e+03
0.1225	1.18297044e+04	4.59969363e+03	1.34157976e+03
0.1275	1.23201317e+04	3.31464615e+03	5.60411875e+02
0.1325	1.18214168e+04	4.27860406e+03	7.15552133e+02
0.1375	1.04022672e+04	3.21525846e+03	1.17676889e+03
0.1425	1.01949500e+04	2.73932222e+03	3.70196480e+02
0.1475	9.89673444e+03	5.13984957e+03	-6.79878948e+02
0.1525	9.05182547e+03	2.41492184e+03	-1.69157035e+02
0.1575	8.53941669e+03	1.54821689e+03	-1.41847534e+02
0.1625	8.16324026e+03	3.57715749e+03	6.89143627e+02
0.1675	7.90941132e+03	2.81326982e+03	-3.77760246e+02
0.1725	7.57659054e+03	2.81261096e+03	4.75982504e+02
0.1775	6.91349761e+03	1.07079967e+03	3.70282684e+02
0.1825	7.17907292e+03	2.57282660e+03	3.37248317e+02
0.1875	6.66851468e+03	1.49955756e+03	7.33391350e+01
0.1925	6.49514741e+03	1.34444271e+03	-1.10124776e+02
0.1975	6.16863161e+03	2.24056754e+03	4.22926291e+01
0.2025	5.52179188e+03	4.13651104e+02	6.06209294e+02
0.2075	6.04736485e+03	2.19557558e+03	8.45418251e+02
0.2125	5.06794288e+03	6.61495262e+02	-2.26089571e+02
0.2175	5.14476662e+03	9.71253612e+02	5.41369936e+02
0.2225	4.99556850e+03	8.20039852e+02	3.19206583e+02
0.2275	4.69175384e+03	1.41091801e+03	6.66616122e+02
0.2325	4.58161295e+03	1.05346444e+03	-1.29518244e+01
0.2375	4.30075173e+03	7.45675103e+02	4.64997556e+02
0.2425	4.33195496e+03	6.59456391e+02	4.22901658e+02
0.2475	4.21688900e+03	8.52163978e+02	1.03689430e+03
0.2525	3.95225511e+03	1.43127262e+02	-7.97111111e+02
0.2575	4.06960358e+03	1.33457689e+03	6.28593462e+02
0.2625	3.73988435e+03	-1.63700944e+02	1.78707887e+02
0.2675	3.64395797e+03	8.42994899e+02	7.55467922e+02
0.2725	3.61188102e+03	6.34143682e+02	-1.44099366e+02
0.2775	3.35165293e+03	1.54160435e+02	-1.90124836e+02
0.2825	3.49862258e+03	3.62157599e+02	2.66313230e+02
0.2875	3.09480018e+03	-9.06035388e+00	5.82584927e+00
0.2925	3.20686470e+03	2.50906293e+02	3.11482757e+02
0.2975	3.02982077e+03	5.76475296e+02	2.11151980e+02
0.3025	2.72621198e+03	-3.90653910e+02	1.63264408e+02
0.3075	3.12127412e+03	7.30578840e+02	4.41093295e+02
0.3125	2.56328059e+03	1.62356311e+02	4.02622266e+01
0.3175	2.68388912e+03	1.50421321e+01	6.70971311e+01
0.3225	2.57832286e+03	3.25089146e+02	2.60903885e+02
0.3275	2.42118370e+03	-2.19933869e+01	-3.13091376e+02
0.3325	2.42601757e+03	-8.34014076e+01	5.61563849e+02
0.3375	2.36533198e+03	-1.74679695e+02	1.84374488e+02
0.3425	2.27273570e+03	5.72399086e+01	5.42770800e+02
0.3475	2.22881610e+03	-5.23722787e+01	1.83112469e+02
0.3525	2.31639559e+03	-4.84890734e+01	3.30200806e+02
0.3575	2.12389242e+03	-1.80698513e+02	2.41648849e+02
0.3625	2.23117726e+03	-7.72104614e+01	3.02065426e+02
0.3675	1.98028520e+03	-4.29014229e+02	-7.75032955e+01
0.3725	1.98617873e+03	2.42369780e+02	2.90762762e+02
0.3775	1.96978777e+03	-3.07957558e+02	1.05388337e+02
0.3825	1.86191883e+03	-1.68922397e+00	6.13497198e+02
0.3875	1.81150398e+03	-1.69056272e+02	8.97045984e+01
0.3925	1.66097469e+03	-3.62526501e+02	5.50546828e+02
0.3975	1.86823240e+03	-6.53516739e+01	8.50953266e+01
