####### Power Spectrum of Patchy Simulation 624 #############
# Patch: sgc
# z-type: z3
# Weights: fkp
# Fiducial Omega_m: 0.310
# Fiducial h: 0.676
# Forward-model pixellation : 0
# Rando n-bar: 0
# Boxsize: [1000.0, 2600.0, 1500.0]
# Grid: [146, 384, 215]
# k-binning: [0.000, 0.410, 0.005]
# Monte Carlo Simulations: 100
#
# Format: k | P0 | P2 | P4
############################################
0.0125	1.60513061e+04	-4.37977148e+04	1.92345904e+04
0.0175	1.30779791e+05	1.72926519e+05	1.19724979e+05
0.0225	6.66631788e+04	2.60403114e+04	-2.16590628e+04
0.0275	6.73838270e+04	3.64020951e+04	-3.05531204e+04
0.0325	4.48058701e+04	1.86761641e+04	1.38917255e+03
0.0375	5.17757305e+04	3.04855298e+04	1.72489314e+04
0.0425	3.82569923e+04	1.77175947e+04	-1.02469819e+04
0.0475	3.86498913e+04	2.46668244e+04	2.68365138e+04
0.0525	5.00029981e+04	3.26541282e+04	-2.73726842e+04
0.0575	2.98532903e+04	7.00029901e+03	-1.45803035e+04
0.0625	4.01991518e+04	1.67632904e+04	2.91023228e+02
0.0675	2.70876551e+04	3.51113083e+03	-3.59483803e+03
0.0725	3.16678041e+04	1.15209841e+04	-1.58168293e+02
0.0775	2.85906585e+04	1.08613460e+04	2.59356480e+03
0.0825	2.34501536e+04	9.80214986e+03	-1.92790292e+03
0.0875	2.31434119e+04	3.29448234e+03	-3.99290865e+01
0.0925	2.32145778e+04	1.14995820e+04	4.30170978e+03
0.0975	1.75125861e+04	4.60037752e+03	-2.82186082e+03
0.1025	1.68579535e+04	8.60037405e+03	-3.50837793e+03
0.1075	1.55841120e+04	1.34193590e+03	-1.66879848e+02
0.1125	1.66068779e+04	5.28912754e+03	-2.12799004e+03
0.1175	1.44548344e+04	8.69643983e+03	2.91578576e+03
0.1225	1.38021191e+04	6.52860107e+03	-3.15307979e+02
0.1275	1.36231470e+04	4.97476010e+03	1.02702854e+03
0.1325	1.22817616e+04	5.53975748e+03	2.39254251e+03
0.1375	1.34316784e+04	3.80713584e+03	7.46743213e+02
0.1425	1.04419450e+04	1.25020586e+03	-1.57498174e+03
0.1475	1.16707291e+04	6.69699830e+03	1.20542065e+03
0.1525	9.94235648e+03	4.78307945e+03	7.14512087e+02
0.1575	9.23789470e+03	6.66119305e+02	-2.89130951e+03
0.1625	8.54061583e+03	2.37534203e+03	1.60153950e+03
0.1675	8.61364312e+03	4.03993878e+03	3.15582170e+03
0.1725	8.35116862e+03	1.93065304e+03	-2.54012299e+03
0.1775	8.10769873e+03	4.41255495e+03	1.68345203e+03
0.1825	7.29162151e+03	1.24305463e+03	-5.45234228e+01
0.1875	7.75286523e+03	2.39452192e+03	-1.07539838e+03
0.1925	6.75988476e+03	7.29291739e+02	1.03524658e+03
0.1975	6.82684175e+03	2.30625443e+03	-1.70725264e+02
0.2025	6.78080750e+03	1.42620338e+03	5.63802123e+01
0.2075	5.87209099e+03	1.49897045e+03	9.61998011e+02
0.2125	6.16028771e+03	1.13553484e+03	-7.74196372e+02
0.2175	5.71085619e+03	1.91725226e+03	1.12603451e+03
0.2225	5.87976326e+03	1.72587282e+03	8.50462811e+01
0.2275	5.73392302e+03	5.04141935e+02	-7.18647895e+02
0.2325	5.25223420e+03	1.28793334e+03	1.40835874e+03
0.2375	4.91449890e+03	4.87162069e+02	-9.57013978e+02
0.2425	4.91970827e+03	8.77076064e+02	9.02981026e+02
0.2475	4.65681761e+03	1.67594276e+03	9.24653028e+02
0.2525	4.80688786e+03	-1.44990739e+02	-4.73327687e+02
0.2575	4.25787869e+03	1.74604728e+02	5.52088594e+02
0.2625	5.04069805e+03	1.61864790e+03	-4.43990733e+02
0.2675	3.78237026e+03	-2.61922944e+01	2.79679344e+02
0.2725	4.08998194e+03	2.33196208e+02	1.19849935e+03
0.2775	4.06735231e+03	1.30504586e+03	-3.06046423e+01
0.2825	3.80332402e+03	3.07125091e+02	3.00487240e+02
0.2875	3.96470888e+03	5.62138827e+02	3.11808476e+02
0.2925	3.78407502e+03	9.07292872e+02	-6.22180320e+02
0.2975	3.25821303e+03	1.44696551e+01	2.30086817e+02
0.3025	3.67776525e+03	-5.55124380e+02	5.08565707e+02
0.3075	3.68808245e+03	1.55283911e+02	5.37318557e+02
0.3125	3.34347801e+03	9.23123034e+01	1.11203574e+02
0.3175	3.21710992e+03	-1.03809432e+02	9.51691398e+02
0.3225	3.05454428e+03	-7.17157422e+02	2.91420458e+02
0.3275	3.22324368e+03	1.88978013e+02	1.24214809e+02
0.3325	2.99237381e+03	4.27841869e+01	4.66317594e+02
0.3375	2.69400449e+03	-2.88062232e+02	-3.42907695e+02
0.3425	2.93104154e+03	1.98985819e+02	5.39082394e+02
0.3475	2.77894046e+03	-3.39024111e+02	-9.18189571e+01
0.3525	2.57803089e+03	-3.86098716e+02	3.62440481e+02
0.3575	2.70171720e+03	5.15772143e+02	1.01482979e+03
0.3625	2.47049534e+03	-9.69790142e+02	-2.25611684e+02
0.3675	2.56144107e+03	2.30825271e+02	-8.04502328e+01
0.3725	2.42652485e+03	-3.96773257e+02	6.58655037e+02
0.3775	2.28406193e+03	-3.90301355e+02	3.33813394e+02
0.3825	2.26712310e+03	-4.77382485e+02	-2.09609232e+02
0.3875	2.25351661e+03	-5.26870144e+02	4.95416285e+02
0.3925	2.42838089e+03	3.88137719e+02	4.91770922e+02
0.3975	2.28790112e+03	-1.91023769e+02	-9.73278409e+01
