####### Power Spectrum of Patchy Simulation 1721 #############
# Patch: ngc
# z-type: z1
# Weights: fkp
# Fiducial Omega_m: 0.310
# Fiducial h: 0.676
# Forward-model pixellation : 0
# Rando n-bar: 0
# Boxsize: [1350.0, 2450.0, 1400.0]
# Grid: [193, 353, 200]
# k-binning: [0.000, 0.410, 0.005]
# Monte Carlo Simulations: 100
#
# Format: k | P0 | P2 | P4
############################################
0.0125	8.18643031e+04	7.31332409e+04	3.67716979e+04
0.0175	7.61200227e+04	2.65455661e+04	1.59951048e+04
0.0225	5.97472970e+04	-1.19177310e+04	-1.85191978e+04
0.0275	5.83705740e+04	2.11903309e+04	-1.98174736e+04
0.0325	6.38053015e+04	1.17422642e+04	-2.24498492e+04
0.0375	5.02469510e+04	6.62531858e+03	-1.36732160e+04
0.0425	4.79821202e+04	2.85035830e+04	9.85750276e+03
0.0475	4.04723016e+04	2.17666252e+04	-2.92989429e+03
0.0525	3.87826292e+04	7.56320056e+03	-2.36216538e+03
0.0575	3.67932177e+04	5.08118002e+03	4.20757611e+02
0.0625	3.61093977e+04	1.99939135e+04	4.20509752e+03
0.0675	3.05829987e+04	8.69113238e+03	-6.73039321e+02
0.0725	2.82149987e+04	7.02122721e+03	-2.11617033e+03
0.0775	2.63450497e+04	8.09361054e+03	-2.86854406e+03
0.0825	2.50821765e+04	9.41008552e+03	4.87539825e+03
0.0875	2.03327846e+04	8.46701103e+03	3.21414702e+03
0.0925	1.94761232e+04	8.86186846e+03	3.32349911e+03
0.0975	1.79848013e+04	5.19501620e+03	-3.68186279e+01
0.1025	1.70599361e+04	6.67050707e+03	9.40407019e+02
0.1075	1.60994198e+04	5.77665248e+03	-6.81343468e+01
0.1125	1.50433380e+04	4.47962493e+03	2.18205372e+03
0.1175	1.39978791e+04	5.55893285e+03	2.56413438e+03
0.1225	1.43490836e+04	3.93990197e+03	1.28138024e+03
0.1275	1.29166253e+04	3.31488839e+03	4.49248044e+02
0.1325	1.25557590e+04	3.27772288e+03	1.26974402e+03
0.1375	1.20384471e+04	2.51797157e+03	5.22467955e+02
0.1425	1.06400867e+04	3.43845876e+03	-6.01006937e+02
0.1475	1.09387316e+04	3.03180540e+03	9.05992617e+01
0.1525	9.54358184e+03	2.87771060e+03	7.05134525e+02
0.1575	9.43418801e+03	2.78321344e+03	-3.27245767e+02
0.1625	8.69544797e+03	1.73743580e+03	-5.85370247e+02
0.1675	8.06552198e+03	1.92506168e+03	-2.27188435e+02
0.1725	8.02477457e+03	2.18748872e+03	2.54480091e+02
0.1775	7.84785683e+03	1.80187195e+03	-1.26449425e+02
0.1825	7.36168652e+03	2.17665168e+03	1.00763778e+02
0.1875	7.08172600e+03	1.62309432e+03	1.40755370e+03
0.1925	7.04966914e+03	1.04631392e+03	-4.51220601e+02
0.1975	6.53734941e+03	1.88678190e+03	4.69948537e+02
0.2025	6.42908037e+03	2.07088563e+03	2.27382760e+02
0.2075	6.24046054e+03	1.19417733e+03	1.70731648e+02
0.2125	5.96519925e+03	1.01290580e+03	4.15401124e+02
0.2175	5.52233652e+03	9.47655600e+02	3.28745464e+02
0.2225	5.64113071e+03	1.11752477e+03	1.14368682e+03
0.2275	5.09543407e+03	1.38728029e+03	2.27687847e+02
0.2325	4.95843400e+03	7.40126164e+02	2.20212318e+02
0.2375	4.92545050e+03	7.02622393e+02	5.10128957e+02
0.2425	4.75074606e+03	1.08485824e+03	2.52525870e+02
0.2475	4.58738843e+03	8.93682696e+02	7.36680693e+02
0.2525	4.19702584e+03	9.95384311e+02	-5.32318783e+02
0.2575	4.42840105e+03	5.16678928e+02	-1.98887987e+02
0.2625	4.11851312e+03	6.05751569e+02	1.85401102e+02
0.2675	4.03647039e+03	3.73162179e+02	3.43379241e+02
0.2725	3.85404299e+03	2.37561477e+02	1.40239690e+02
0.2775	3.72711386e+03	3.85286713e+02	7.64734229e+02
0.2825	3.51459849e+03	1.63710678e+02	2.10284998e+02
0.2875	3.51509546e+03	5.06401431e+02	2.37565841e+02
0.2925	3.39600691e+03	5.16452340e+02	-7.63527261e+01
0.2975	3.42949424e+03	4.73654605e+02	2.71492905e+02
0.3025	3.26541092e+03	9.30524489e+01	2.09199822e+02
0.3075	3.00131850e+03	5.36965986e+02	1.37622173e+02
0.3125	3.03490757e+03	-1.19091093e+02	2.91096921e+02
0.3175	2.88683366e+03	-1.64403218e+01	2.41308122e+02
0.3225	2.73764381e+03	1.27782172e+02	1.59577393e+02
0.3275	2.75108920e+03	-5.76351848e+01	1.95807145e+02
0.3325	2.71609152e+03	2.66195404e+01	1.64178327e+02
0.3375	2.65575140e+03	7.20401814e+00	3.56260683e+02
0.3425	2.54971410e+03	-1.19789866e+02	-5.44789854e-01
0.3475	2.51145165e+03	-1.19771154e+02	2.84787110e+02
0.3525	2.44978194e+03	-2.86362801e+02	4.10442866e+02
0.3575	2.40207981e+03	-2.11062776e+02	2.91762632e+02
0.3625	2.38431626e+03	-5.43734712e+01	1.94701037e+02
0.3675	2.20306550e+03	-2.44517696e+02	1.90139397e+02
0.3725	2.20212524e+03	-1.29113137e+02	1.82581254e+02
0.3775	2.16905412e+03	-2.49744829e+02	2.66789464e+02
0.3825	2.11392474e+03	-2.36852545e+02	3.00994802e+02
0.3875	2.04612961e+03	-1.63387638e+02	4.28330249e+02
0.3925	1.95295571e+03	-3.75861642e+02	1.11842972e+01
0.3975	1.96496297e+03	-2.42099426e+02	2.79176379e+02
