####### Power Spectrum of Patchy Simulation 1549 #############
# Patch: ngc
# z-type: z3
# Weights: fkp
# Fiducial Omega_m: 0.310
# Fiducial h: 0.676
# Forward-model pixellation : 0
# Rando n-bar: 0
# Boxsize: [1800.0, 3400.0, 1900.0]
# Grid: [261, 500, 276]
# k-binning: [0.000, 0.410, 0.005]
# Monte Carlo Simulations: 100
#
# Format: k | P0 | P2 | P4
############################################
0.0125	7.07834227e+04	5.00207337e+04	3.39348679e+04
0.0175	6.38977515e+04	-2.65681872e+04	-6.46105219e+04
0.0225	6.70997258e+04	5.13904582e+04	3.18341172e+04
0.0275	5.08104769e+04	2.26095504e+04	-6.82497530e+03
0.0325	5.84707224e+04	1.58215482e+04	1.64049290e+04
0.0375	5.55958099e+04	3.47211588e+04	1.59538023e+04
0.0425	3.90961517e+04	1.58619369e+04	5.56099765e+03
0.0475	3.82311312e+04	3.02419232e+04	6.80488685e+03
0.0525	3.30953051e+04	1.14909848e+04	-4.29098851e+03
0.0575	2.84138808e+04	9.44295276e+03	-6.25511810e+02
0.0625	3.50562797e+04	2.26371931e+04	9.50207691e+03
0.0675	2.59850519e+04	5.52803584e+03	3.66880866e+02
0.0725	2.80013359e+04	1.42328770e+04	4.72096936e+03
0.0775	2.43886602e+04	4.59275242e+03	-1.78986099e+03
0.0825	2.39179753e+04	1.16471813e+04	5.79577246e+03
0.0875	2.02253005e+04	8.34569694e+03	6.99229206e+02
0.0925	1.89997204e+04	5.96323637e+03	8.73060627e+02
0.0975	1.69117763e+04	8.26124601e+03	1.09773164e+03
0.1025	1.51631674e+04	6.73591528e+03	-1.28450169e+03
0.1075	1.39641132e+04	5.75455610e+03	2.46577101e+02
0.1125	1.37561007e+04	6.20941578e+03	1.21072847e+03
0.1175	1.17372861e+04	2.57719419e+03	-1.43885848e+03
0.1225	1.28421683e+04	4.57148904e+03	2.68053892e+03
0.1275	1.16873047e+04	5.13455624e+03	2.88225491e+02
0.1325	1.15301661e+04	2.33067091e+03	-1.45442974e+03
0.1375	1.07183856e+04	2.89717867e+03	5.92331102e+02
0.1425	1.02144172e+04	3.91221950e+03	-1.08796723e+02
0.1475	9.83377464e+03	2.42550738e+03	2.08157367e+02
0.1525	9.03947130e+03	3.21029405e+03	1.21268151e+03
0.1575	8.55187974e+03	2.38550283e+03	-9.56862437e+01
0.1625	8.06525777e+03	2.11072936e+03	-2.68351490e+02
0.1675	7.84843630e+03	3.10878668e+03	-2.82751589e+01
0.1725	7.03229307e+03	2.21045489e+03	6.69932954e+01
0.1775	7.30805017e+03	2.01944904e+03	-4.93140666e+02
0.1825	6.47657203e+03	1.95679930e+03	6.27815649e+02
0.1875	6.83443249e+03	1.77936075e+03	9.51530365e+02
0.1925	6.28102101e+03	1.15328613e+03	1.03197304e+02
0.1975	6.27257009e+03	2.34905996e+03	1.26933550e+02
0.2025	6.08625653e+03	1.30152647e+03	-3.68342442e+02
0.2075	5.72865696e+03	1.18671732e+03	1.06454071e+03
0.2125	5.09257793e+03	6.87285926e+02	8.24212788e+02
0.2175	5.32806541e+03	1.70775335e+03	3.45902563e+02
0.2225	5.32038319e+03	1.02355946e+03	-7.99333033e+01
0.2275	4.59792889e+03	3.33158353e+02	8.42223158e+01
0.2325	4.69513630e+03	1.83681232e+03	3.58106865e+02
0.2375	4.36163896e+03	6.68729083e+02	-1.65360718e+01
0.2425	4.28154726e+03	4.97988472e+02	7.73479301e+01
0.2475	4.39631634e+03	1.63903450e+03	9.61032585e+02
0.2525	4.09884469e+03	5.49112790e+02	-2.35632801e+02
0.2575	3.73681047e+03	5.52049940e+02	3.60065375e+02
0.2625	3.80752142e+03	1.37057049e+03	6.95006115e+02
0.2675	3.56688595e+03	5.55851676e+01	-3.04040328e+02
0.2725	3.56874704e+03	2.61232668e+02	-2.42827422e+02
0.2775	3.65975944e+03	7.19236457e+02	5.36215229e+02
0.2825	3.21324020e+03	-4.59300337e+01	1.21229600e+02
0.2875	3.45256015e+03	5.57307332e+02	6.94204853e+02
0.2925	3.11281094e+03	2.95401609e+02	-4.67100268e+02
0.2975	3.07792071e+03	3.24725584e+02	5.64780266e+02
0.3025	2.94093578e+03	2.20027801e+02	1.55548939e+02
0.3075	2.84458480e+03	-1.04661061e+01	2.95641769e+02
0.3125	2.82749739e+03	2.41420642e+02	-9.28204544e+01
0.3175	2.79092481e+03	-2.20164568e+02	-6.29168389e+01
0.3225	2.62681071e+03	3.32127308e+02	6.42400080e+02
0.3275	2.52945161e+03	-4.05477219e+02	4.01026807e+01
0.3325	2.58648980e+03	4.75362084e+02	6.98082242e+02
0.3375	2.43943419e+03	-1.15632787e+02	2.14038019e+02
0.3425	2.45660629e+03	1.84507609e+02	4.52822092e+02
0.3475	2.20792069e+03	-3.56625855e+02	-9.59871721e+01
0.3525	2.35496159e+03	-3.73555195e+01	1.90564365e+02
0.3575	2.22091439e+03	-9.89392346e+00	-6.13846491e+01
0.3625	2.00242590e+03	-2.77225062e+02	2.04975047e+02
0.3675	2.09988322e+03	3.06458403e+01	3.72526810e+02
0.3725	2.02668625e+03	-3.56366067e+02	1.41252055e+01
0.3775	1.94491270e+03	-5.61391805e+02	-1.44769305e+02
0.3825	1.90110167e+03	-5.88504034e+01	4.72353979e+02
0.3875	1.74691965e+03	-3.06022043e+02	1.71610932e+02
0.3925	1.92239687e+03	-1.32405047e+02	-2.85601279e+01
0.3975	1.72732672e+03	-2.59735600e+02	5.46424904e+02
