####### Power Spectrum of Patchy Simulation 893 #############
# Patch: sgc
# z-type: z3
# Weights: fkp
# Fiducial Omega_m: 0.310
# Fiducial h: 0.676
# Forward-model pixellation : 0
# Rando n-bar: 0
# Boxsize: [1000.0, 2600.0, 1500.0]
# Grid: [146, 384, 215]
# k-binning: [0.000, 0.410, 0.005]
# Monte Carlo Simulations: 100
#
# Format: k | P0 | P2 | P4
############################################
0.0125	6.68791691e+04	6.85604485e+04	2.70286271e+04
0.0175	8.33041722e+04	1.52330705e+04	-4.23771040e+03
0.0225	4.65067984e+04	-1.25130304e+04	-4.73860061e+04
0.0275	8.25536502e+04	2.43686690e+04	7.58149102e+03
0.0325	5.94386377e+04	6.63752710e+03	1.02920504e+03
0.0375	4.90610850e+04	3.67142010e+04	-3.46922798e+03
0.0425	4.78965945e+04	-2.32956796e+03	1.43877895e+03
0.0475	3.26961390e+04	1.95670538e+04	3.10504124e+03
0.0525	3.81846578e+04	4.11814171e+03	-8.37641191e+03
0.0575	3.13521671e+04	1.33402410e+04	8.01985007e+03
0.0625	4.67322222e+04	1.46257898e+04	-1.14819725e+04
0.0675	2.28637052e+04	2.84684652e+03	1.45397263e+04
0.0725	2.75293123e+04	1.47471076e+04	8.78772401e+02
0.0775	2.46173248e+04	7.14651166e+03	-5.16604488e+03
0.0825	2.66800508e+04	1.08074317e+04	-6.47857018e+03
0.0875	2.48715652e+04	1.30199389e+04	5.18018843e+03
0.0925	2.18155895e+04	1.17945595e+04	5.24384807e+03
0.0975	1.64865066e+04	4.12102745e+03	5.47633841e+03
0.1025	1.66762286e+04	8.22544823e+03	9.52295576e+02
0.1075	1.52818396e+04	4.76050080e+03	-1.43408797e+03
0.1125	1.60683067e+04	3.88558341e+03	1.57222211e+03
0.1175	1.49202209e+04	8.59333999e+03	1.88270269e+03
0.1225	1.31422783e+04	4.76584124e+03	2.06622601e+03
0.1275	1.41515947e+04	4.88626662e+03	1.30838266e+02
0.1325	1.24444444e+04	5.05771677e+03	2.78422973e+03
0.1375	1.09959322e+04	3.97494999e+03	-6.43406520e+02
0.1425	1.15311892e+04	3.65697809e+03	-3.56620986e+03
0.1475	1.09490761e+04	2.63333591e+03	-5.07759891e+02
0.1525	9.39755752e+03	2.44618928e+03	2.70120023e+03
0.1575	9.47529199e+03	3.31334698e+03	3.62032307e+02
0.1625	9.20711550e+03	4.18340314e+03	-2.64246072e+03
0.1675	8.39941241e+03	7.77836694e+02	-3.32675007e+02
0.1725	8.89981635e+03	3.20379845e+03	9.91575247e+02
0.1775	8.21581268e+03	8.71384022e+02	7.78981031e+02
0.1825	7.67508601e+03	2.19339597e+03	-4.47038211e+02
0.1875	7.39999733e+03	1.84296210e+03	-9.11856582e+02
0.1925	6.75706208e+03	1.79495159e+02	-4.75121028e+02
0.1975	7.31248217e+03	1.73780712e+03	-9.09663309e+02
0.2025	6.00675848e+03	1.65927447e+03	2.02477734e+03
0.2075	6.62198586e+03	1.63021911e+03	-6.74723378e+02
0.2125	5.66309282e+03	-3.73921964e+02	-1.51462178e+02
0.2175	5.78506548e+03	1.24726691e+03	1.28523634e+03
0.2225	5.54919628e+03	1.09038861e+03	-3.00415406e+01
0.2275	5.14421597e+03	7.90270564e+02	-2.35497362e+02
0.2325	5.19646992e+03	1.35342111e+03	1.17220281e+03
0.2375	5.30409700e+03	3.17971941e+02	-2.29157117e+02
0.2425	4.99358176e+03	1.55638018e+03	1.25041689e+03
0.2475	4.35367984e+03	5.04827784e+02	1.42721966e+02
0.2525	4.50676308e+03	7.20888534e+02	1.38350675e+02
0.2575	4.35291907e+03	7.47821719e+02	-2.39366397e+01
0.2625	4.34850017e+03	1.04678466e+03	6.01109328e+02
0.2675	3.98759390e+03	1.09661237e+02	-1.04292398e+03
0.2725	4.18548993e+03	1.04157546e+03	1.52271137e+02
0.2775	3.78300806e+03	1.00924495e+03	1.23203074e+03
0.2825	3.61663039e+03	-1.92898872e+02	-6.71016037e+02
0.2875	3.72304779e+03	7.33826060e+02	8.58718776e+02
0.2925	3.61538289e+03	-1.67068184e+02	-7.99824839e+02
0.2975	3.36541734e+03	9.33964424e+01	4.14295484e+02
0.3025	3.57282119e+03	1.85395120e+02	-1.88202842e+02
0.3075	3.10230945e+03	-1.18250117e+02	-3.95903439e+00
0.3125	2.94480179e+03	3.54793004e+01	-4.83929565e+01
0.3175	3.12917896e+03	2.48757872e+02	9.51371313e+02
0.3225	3.24259156e+03	1.66820340e+02	-4.30221638e+02
0.3275	3.02007230e+03	-3.82317525e+02	-5.11021767e+02
0.3325	2.79774063e+03	1.67094722e+02	1.96688136e+02
0.3375	2.74538055e+03	4.58016280e+02	-1.36613330e+02
0.3425	2.71877191e+03	-1.82071816e+02	9.21496706e+02
0.3475	2.71692204e+03	3.93711240e+01	-3.55564700e+02
0.3525	2.55507227e+03	-3.98892687e+02	5.92126387e+02
0.3575	2.65550622e+03	-2.01961396e+02	-1.68467393e+02
0.3625	2.43225576e+03	4.15254028e+02	3.34540112e+02
0.3675	2.45041104e+03	3.65676131e+01	8.84197211e+01
0.3725	2.34779970e+03	-8.08898692e+01	2.92503577e+02
0.3775	2.35776778e+03	-2.20753688e+02	-4.68908040e+02
0.3825	2.33196553e+03	5.03551206e+02	8.93994193e+02
0.3875	2.09360701e+03	-8.05621256e+02	-1.62723654e+02
0.3925	2.25518112e+03	-3.93588278e+02	3.38918094e+02
0.3975	2.13944348e+03	-2.43357659e+01	1.03753100e+02
