####### Power Spectrum of Patchy Simulation 1605 #############
# Patch: sgc
# z-type: z1
# Weights: fkp
# Fiducial Omega_m: 0.310
# Fiducial h: 0.676
# Forward-model pixellation : 0
# Rando n-bar: 0
# Boxsize: [1000.0, 1900.0, 1100.0]
# Grid: [146, 276, 161]
# k-binning: [0.000, 0.410, 0.005]
# Monte Carlo Simulations: 100
#
# Format: k | P0 | P2 | P4
############################################
0.0125	1.46502978e+05	-7.20924169e+04	-7.56467771e+04
0.0175	4.82948564e+04	-4.13787466e+04	1.16282186e+05
0.0225	7.25845831e+04	-1.64805120e+03	-1.32529335e+04
0.0275	1.05579657e+05	1.44362248e+05	1.32036718e+05
0.0325	4.68112935e+04	8.50266665e+02	-5.53399733e+04
0.0375	5.33535656e+04	3.36971339e+04	-5.05305270e+03
0.0425	3.91167108e+04	1.48181240e+04	2.20376641e+04
0.0475	4.01556630e+04	2.50723057e+04	2.11067210e+04
0.0525	4.07427748e+04	2.33519808e+04	-1.84855359e+04
0.0575	3.24264127e+04	1.40961934e+04	6.69906269e+03
0.0625	3.50316777e+04	1.53197209e+04	-4.98378490e+03
0.0675	4.13823842e+04	2.39468931e+04	-2.04225122e+03
0.0725	2.38915437e+04	7.15591771e+03	7.38274180e+03
0.0775	2.58136691e+04	6.86386992e+03	-1.10064748e+04
0.0825	2.33221883e+04	6.74166399e+03	7.76737043e+02
0.0875	2.29972622e+04	8.59826483e+03	7.65058337e+02
0.0925	1.78059320e+04	8.03567821e+03	-1.25534954e+03
0.0975	1.69755312e+04	9.02308993e+03	-2.02922359e+03
0.1025	1.78331568e+04	3.38061320e+03	-7.72863619e+02
0.1075	1.58389067e+04	1.02730027e+04	2.60184400e+03
0.1125	1.32616368e+04	1.67849217e+03	-1.95000111e+03
0.1175	1.31949740e+04	7.76835201e+03	1.45889094e+03
0.1225	1.41563813e+04	4.63985529e+03	3.28332348e+02
0.1275	1.27793410e+04	4.86172807e+03	2.12958857e+03
0.1325	1.24498355e+04	1.15068046e+03	9.07746608e+02
0.1375	1.12870908e+04	2.98305081e+03	-1.46642912e+03
0.1425	1.04316990e+04	2.38761252e+03	-7.96770849e+02
0.1475	9.99500485e+03	3.57007542e+03	2.93289567e+03
0.1525	1.02968011e+04	3.79191626e+03	1.93928154e+03
0.1575	8.95023818e+03	3.52459065e+03	1.56011720e+03
0.1625	9.16478134e+03	2.54827721e+03	-1.25253497e+03
0.1675	8.99300219e+03	1.83866398e+03	-3.84192437e+02
0.1725	7.76176195e+03	1.90373712e+03	-2.10638876e+02
0.1775	7.38499685e+03	5.93163532e+02	-1.07677609e+02
0.1825	7.37774290e+03	2.03666173e+03	2.67900222e+02
0.1875	7.17368889e+03	1.81348292e+03	1.52934010e+03
0.1925	6.98621842e+03	1.92668761e+03	1.09891958e+03
0.1975	6.38974417e+03	1.54231882e+03	-6.74869542e+02
0.2025	6.45454070e+03	1.60864667e+03	1.02197596e+02
0.2075	6.18484869e+03	1.23318892e+03	9.39022615e+02
0.2125	6.13245847e+03	1.74337619e+03	-9.35066358e+02
0.2175	5.35470825e+03	2.02350887e+03	-4.62301125e+02
0.2225	5.77247201e+03	7.72595602e+02	-7.11647288e+02
0.2275	5.13808646e+03	1.56600101e+03	8.23730448e+02
0.2325	5.03255866e+03	7.42171409e+02	-1.70677653e+01
0.2375	4.82994553e+03	1.14249008e+03	6.44756638e+02
0.2425	4.75014190e+03	1.27869697e+03	-2.44790010e+02
0.2475	4.43185741e+03	-2.06436762e+01	6.48955400e+02
0.2525	4.52459821e+03	8.53927302e+02	4.17700866e+02
0.2575	4.15259100e+03	2.13814920e+02	3.46092758e+02
0.2625	4.12717077e+03	2.60571037e+02	-2.55447519e+02
0.2675	3.91242604e+03	3.98827237e+02	5.15903728e+02
0.2725	3.95366866e+03	4.04034504e+02	1.75572676e+02
0.2775	3.90983718e+03	1.80539859e+02	-2.05897654e+02
0.2825	3.70439903e+03	3.95462347e+02	-1.89236581e+02
0.2875	3.64723236e+03	4.11782571e+02	-1.64919411e+02
0.2925	3.45921294e+03	2.06085038e+01	6.42704810e+02
0.2975	3.46851845e+03	2.09754613e+02	6.35561400e+02
0.3025	3.33298573e+03	2.87718055e+02	4.66162137e+02
0.3075	3.27807205e+03	1.66316305e+02	1.96089572e+02
0.3125	3.09357224e+03	-2.74749826e+02	3.50689888e+02
0.3175	2.82907475e+03	2.97307771e+02	4.97442458e+02
0.3225	2.97397642e+03	-1.92791292e+02	4.12601007e+02
0.3275	2.79598957e+03	1.87848979e+01	-5.55084208e+01
0.3325	2.59245295e+03	9.52333629e+01	5.47743925e+01
0.3375	2.63807264e+03	-4.60061165e+02	5.25080364e+02
0.3425	2.63741768e+03	-9.12479609e+01	3.84517083e+01
0.3475	2.59226724e+03	-1.47064305e+02	1.14504990e+01
0.3525	2.42275387e+03	-5.96630080e+02	4.60404853e+02
0.3575	2.47874320e+03	-2.49301807e+00	4.81401520e+02
0.3625	2.45158894e+03	-2.41652114e+02	1.38171204e+02
0.3675	2.31367620e+03	-1.67699261e+02	9.81444003e+01
0.3725	2.00202640e+03	-3.67581199e+02	2.73156013e+02
0.3775	2.28322438e+03	-4.13278518e+02	3.49710945e+02
0.3825	2.09837306e+03	-2.54427109e+02	2.25512654e+02
0.3875	2.05432538e+03	-2.23923122e+01	5.46739388e+02
0.3925	2.12224689e+03	-3.29509494e+02	3.81981172e+02
0.3975	1.99136051e+03	-3.94400254e+02	2.15829601e+02
