####### Power Spectrum of Patchy Simulation 2029 #############
# Patch: ngc
# z-type: z1
# Weights: fkp
# Fiducial Omega_m: 0.310
# Fiducial h: 0.676
# Forward-model pixellation : 0
# Rando n-bar: 0
# Boxsize: [1350.0, 2450.0, 1400.0]
# Grid: [193, 353, 200]
# k-binning: [0.000, 0.410, 0.005]
# Monte Carlo Simulations: 100
#
# Format: k | P0 | P2 | P4
############################################
0.0125	1.00171183e+05	1.61819560e+05	1.20311032e+05
0.0175	6.00699228e+04	-9.19092218e+03	-1.09826660e+04
0.0225	8.23929796e+04	1.93235799e+04	4.15618408e+04
0.0275	7.50960089e+04	7.71589727e+03	-4.25033056e+04
0.0325	6.00050828e+04	3.07112530e+04	-2.42099031e+03
0.0375	5.58044242e+04	1.53114177e+04	1.05341545e+03
0.0425	5.36931085e+04	2.40498396e+04	2.44813434e+01
0.0475	3.44060034e+04	1.18582763e+04	-1.52742912e+04
0.0525	4.01376556e+04	2.68639918e+04	1.20341727e+04
0.0575	3.32977835e+04	6.75960793e+03	1.46348653e+03
0.0625	2.90714029e+04	1.68939338e+04	2.77163586e+03
0.0675	3.02007420e+04	1.50186166e+04	3.45141286e+02
0.0725	2.64967261e+04	3.39421696e+03	-4.66745824e+03
0.0775	2.78003105e+04	1.04868920e+04	-1.40496940e+03
0.0825	2.33336779e+04	5.66235060e+03	3.00270879e+02
0.0875	2.05091281e+04	1.16252812e+04	3.22396587e+03
0.0925	2.01255040e+04	6.29519191e+03	-1.10502678e+03
0.0975	1.76207996e+04	8.57190253e+03	5.09274480e+02
0.1025	1.73135572e+04	5.36745387e+03	1.33429300e+03
0.1075	1.47540192e+04	4.77730330e+03	8.69826056e+02
0.1125	1.52219632e+04	8.05904102e+03	2.49412874e+03
0.1175	1.37128049e+04	3.74320907e+03	-8.37951422e+02
0.1225	1.31373328e+04	4.24564047e+03	-9.52981494e+02
0.1275	1.30674773e+04	4.36718004e+03	6.69694000e+01
0.1325	1.19678500e+04	4.82724887e+03	1.23386264e+03
0.1375	1.18682194e+04	3.38245198e+03	-5.31322024e+02
0.1425	1.09284692e+04	3.05061923e+03	-1.01619507e+03
0.1475	1.06220995e+04	3.22638739e+03	-7.39034070e+02
0.1525	9.27254558e+03	3.09563304e+03	9.79584604e+02
0.1575	9.31414426e+03	2.60971900e+03	7.97933856e+02
0.1625	8.59777452e+03	2.70753402e+03	2.47498075e+02
0.1675	7.91447610e+03	1.85839406e+03	4.18762364e+02
0.1725	8.03090576e+03	2.71263583e+03	-3.41509463e+02
0.1775	7.88135612e+03	2.73501306e+03	-2.65520198e+02
0.1825	7.60132422e+03	2.41198472e+03	6.61801405e+02
0.1875	7.15356618e+03	9.52590830e+02	4.10237224e+02
0.1925	6.85765095e+03	2.33418708e+03	4.63637954e+02
0.1975	6.64240761e+03	2.12477085e+03	8.62547919e+02
0.2025	6.26611766e+03	1.12203845e+03	7.36454552e+02
0.2075	6.04704651e+03	1.22188408e+03	-6.93682767e+01
0.2125	5.61959871e+03	1.33207399e+03	2.07617280e+02
0.2175	5.47927200e+03	1.03778758e+03	7.03892444e+02
0.2225	5.55737123e+03	1.39651116e+03	1.38209207e+02
0.2275	5.13024542e+03	7.58684652e+02	4.74787828e+00
0.2325	5.04385396e+03	1.22595554e+03	4.19789612e+02
0.2375	4.82738720e+03	1.26247901e+03	1.55997672e+02
0.2425	4.58416667e+03	5.58886767e+02	2.44237493e+02
0.2475	4.54872618e+03	7.80092493e+02	9.21974113e+01
0.2525	4.23173798e+03	7.56997773e+02	4.18561333e+02
0.2575	4.22352280e+03	4.86794356e+02	1.36780083e+02
0.2625	4.12523638e+03	6.75872441e+02	1.85696496e+02
0.2675	3.75108604e+03	7.15601335e+02	8.15642828e+01
0.2725	3.65054189e+03	3.27723261e+02	2.06365732e+02
0.2775	3.74158720e+03	2.06823577e+02	8.81877163e+01
0.2825	3.37373624e+03	1.57728371e+01	4.29036498e+02
0.2875	3.49914081e+03	2.78183832e+02	7.99011156e+01
0.2925	3.28676368e+03	3.04760275e+02	3.20600096e+02
0.2975	3.26631999e+03	3.83712392e+02	1.08760252e+02
0.3025	3.08142342e+03	1.10704937e+02	-8.79516057e+00
0.3075	3.23723644e+03	3.76510917e+02	5.67473042e+02
0.3125	3.00939079e+03	2.08059684e+02	3.96634620e+02
0.3175	2.92297684e+03	-1.41540117e+02	7.44480606e+01
0.3225	2.83950226e+03	-1.06959685e+02	1.84766425e+02
0.3275	2.69626292e+03	-6.77449164e+01	3.21308633e+01
0.3325	2.69612735e+03	-1.05886033e+00	2.92750807e+02
0.3375	2.53157909e+03	-1.15451388e+02	2.08989420e+02
0.3425	2.46553742e+03	-1.04611589e+02	8.43122134e+01
0.3475	2.40984300e+03	-1.83223295e+02	4.45905360e+02
0.3525	2.42029693e+03	-2.54501725e+02	4.31724698e+02
0.3575	2.44993721e+03	-1.27575594e+02	1.42339952e+02
0.3625	2.33819682e+03	-1.71478605e+02	3.42877575e+02
0.3675	2.18651371e+03	-2.37990173e+02	3.74685100e+02
0.3725	2.10448672e+03	-3.64223367e+01	2.91550213e+02
0.3775	2.09782980e+03	-3.92536667e+02	4.82103263e+02
0.3825	2.01491174e+03	-2.60784118e+02	6.48727263e+01
0.3875	2.00340908e+03	-6.82172812e+01	2.15778395e+02
0.3925	1.93679927e+03	-4.10706586e+02	1.98851106e+02
0.3975	1.97275865e+03	-2.65554516e+02	3.94516227e+02
