####### Power Spectrum of Patchy Simulation 1229 #############
# Patch: ngc
# z-type: z3
# Weights: fkp
# Fiducial Omega_m: 0.310
# Fiducial h: 0.676
# Forward-model pixellation : 0
# Rando n-bar: 0
# Boxsize: [1800.0, 3400.0, 1900.0]
# Grid: [261, 500, 276]
# k-binning: [0.000, 0.410, 0.005]
# Monte Carlo Simulations: 100
#
# Format: k | P0 | P2 | P4
############################################
0.0125	5.92670865e+04	7.45446726e+04	5.54913513e+04
0.0175	6.35380957e+04	1.79119398e+04	-1.89862010e+04
0.0225	6.85192264e+04	3.43216932e+04	2.71685402e+04
0.0275	6.52442382e+04	2.06958526e+04	-5.47889224e+04
0.0325	5.77787511e+04	3.36616858e+04	1.82514699e+04
0.0375	5.15756503e+04	2.94995161e+04	-6.61329045e+02
0.0425	3.99718141e+04	2.38715110e+03	-1.80311271e+04
0.0475	3.51571980e+04	2.53956824e+04	-2.74436758e+03
0.0525	3.50550441e+04	1.10911291e+04	-5.83117891e+03
0.0575	3.18407051e+04	9.95861706e+03	-1.06828614e+03
0.0625	3.04153128e+04	1.37319265e+04	8.64515288e+03
0.0675	2.89469233e+04	9.16244623e+03	-3.92882597e+02
0.0725	2.68808546e+04	1.06623011e+04	2.80428123e+03
0.0775	2.48675750e+04	6.73394012e+03	8.48114735e+02
0.0825	2.32762719e+04	1.39043500e+04	1.83756248e+03
0.0875	2.01871330e+04	3.46460593e+03	-7.77760134e+02
0.0925	1.70116105e+04	2.94487083e+03	1.84360596e+03
0.0975	1.70351482e+04	8.10524405e+03	2.39464668e+03
0.1025	1.59468046e+04	6.32018132e+03	4.19418393e+03
0.1075	1.54747762e+04	7.04648210e+03	-1.14805068e+03
0.1125	1.35901424e+04	3.93300979e+03	2.33896680e+03
0.1175	1.37958594e+04	4.71101734e+03	-1.32641091e+02
0.1225	1.17592813e+04	3.74561193e+03	-4.32658890e+02
0.1275	1.26340343e+04	4.40790719e+03	1.03330656e+03
0.1325	1.15424055e+04	3.57918873e+03	5.91071113e+01
0.1375	1.13620218e+04	3.56718760e+03	8.59894147e+02
0.1425	1.01114317e+04	3.62985108e+03	1.23553917e+03
0.1475	9.53196596e+03	2.06223745e+03	-8.67921803e+02
0.1525	8.61225296e+03	1.84083964e+03	1.10067647e+03
0.1575	8.74182814e+03	2.74613708e+03	-3.83750616e+02
0.1625	8.44386484e+03	2.88693800e+03	4.35908842e+02
0.1675	7.89677157e+03	2.03280977e+03	-2.37722386e+02
0.1725	7.55401911e+03	1.52752799e+03	2.22176806e+02
0.1775	6.93580069e+03	2.42398176e+03	4.21226450e+02
0.1825	7.03519871e+03	7.85319103e+02	8.98128427e+01
0.1875	6.79442358e+03	1.96136524e+03	7.45724708e+02
0.1925	6.12200261e+03	1.27608361e+03	-6.31445380e+02
0.1975	6.18439727e+03	9.09997084e+02	-6.03188116e+02
0.2025	5.81947714e+03	1.45740644e+03	8.36719597e+02
0.2075	5.76525313e+03	1.52410271e+03	8.86714844e+02
0.2125	5.36309930e+03	2.07557323e+01	-4.01784468e+02
0.2175	5.44546444e+03	1.36272982e+03	2.02137135e+02
0.2225	5.02823523e+03	5.98081189e+02	-6.92172694e+02
0.2275	4.98043144e+03	1.99686326e+03	1.35192664e+03
0.2325	4.45948921e+03	2.20880057e+02	6.76125179e+00
0.2375	4.47503854e+03	8.76987965e+02	5.41410822e+02
0.2425	4.37801853e+03	9.16159501e+02	4.16570815e+02
0.2475	4.06391628e+03	2.81591381e+02	1.41655406e+02
0.2525	4.18184063e+03	5.98101558e+02	2.36281139e+02
0.2575	3.81947540e+03	-2.24668405e+01	6.63336892e+01
0.2625	3.74843097e+03	7.44839913e+02	7.23010882e+02
0.2675	3.71265501e+03	6.50427845e+02	4.12294419e+02
0.2725	3.50010497e+03	1.35017407e+02	-2.80648481e+02
0.2775	3.48642423e+03	4.80704795e+02	1.48260769e+02
0.2825	3.35563033e+03	3.73076969e+02	2.54228636e+02
0.2875	3.31865630e+03	1.38855196e+02	4.97844171e+02
0.2925	3.19575059e+03	3.12973243e+02	3.72517724e+02
0.2975	3.17463631e+03	1.82328928e+01	2.26854089e+02
0.3025	2.89956965e+03	-7.82566675e+01	3.37665499e+02
0.3075	3.02019711e+03	3.07143757e+01	7.20707751e+01
0.3125	2.65677788e+03	-1.07740101e+02	4.31189752e+02
0.3175	2.84811393e+03	4.14748429e+02	2.28000441e+02
0.3225	2.65104562e+03	2.01612547e+02	6.30792005e+01
0.3275	2.71385869e+03	7.84179471e+00	2.84882375e+02
0.3325	2.39441798e+03	-4.59719752e+00	2.38278239e+02
0.3375	2.47678127e+03	2.65372825e+02	6.03349906e+02
0.3425	2.32817874e+03	-4.28444867e+02	1.79924536e+02
0.3475	2.32890183e+03	4.07205572e+02	4.75829463e+02
0.3525	2.26812994e+03	-3.70252455e+02	3.09373459e+02
0.3575	2.18986208e+03	-1.63962701e+02	1.21054042e+02
0.3625	2.07539914e+03	-2.38899106e+02	5.69909168e+02
0.3675	2.14668631e+03	4.04471750e+01	3.33802065e+02
0.3725	1.87332118e+03	-4.46819645e+02	4.52367254e+02
0.3775	2.10006033e+03	-1.71538564e+02	9.72122175e+00
0.3825	1.89727954e+03	-2.84775436e+02	2.83166962e+02
0.3875	1.87117967e+03	-3.90515892e+02	-2.92335989e+01
0.3925	1.87257026e+03	-2.21709836e+02	2.44786656e+02
0.3975	1.83451221e+03	-9.55757827e+01	6.21382657e+02
