####### Power Spectrum of Patchy Simulation 117 #############
# Patch: sgc
# z-type: z3
# Weights: fkp
# Fiducial Omega_m: 0.310
# Fiducial h: 0.676
# Forward-model pixellation : 0
# Rando n-bar: 0
# Boxsize: [1000.0, 2600.0, 1500.0]
# Grid: [146, 384, 215]
# k-binning: [0.000, 0.410, 0.005]
# Monte Carlo Simulations: 100
#
# Format: k | P0 | P2 | P4
############################################
0.0125	7.71350993e+04	-1.55990737e+04	2.68303742e+04
0.0175	4.60099933e+04	2.49500465e+04	-5.76240258e+04
0.0225	7.85479271e+04	3.58713078e+04	-1.90711716e+04
0.0275	5.95537358e+04	1.90962515e+04	-1.04056147e+03
0.0325	5.08998089e+04	3.00376919e+04	6.77858001e+04
0.0375	4.75491151e+04	3.77783289e+04	-1.12062879e+04
0.0425	4.57764739e+04	2.50853082e+04	-9.29066379e+03
0.0475	3.73661297e+04	1.48683796e+04	1.31017730e+03
0.0525	3.93303394e+04	8.51697502e+03	-7.67185594e+03
0.0575	3.16431085e+04	1.17928427e+04	-6.33268593e+03
0.0625	3.46425695e+04	2.75163178e+03	-9.56751144e+03
0.0675	3.18860492e+04	2.12708022e+04	1.18388185e+04
0.0725	2.91708023e+04	9.65737318e+03	7.45216030e+03
0.0775	2.76560886e+04	8.32522321e+03	1.70604832e+03
0.0825	2.10874433e+04	1.05609672e+04	1.92952490e+03
0.0875	2.01871857e+04	5.71043373e+03	-3.74703062e+03
0.0925	2.22133842e+04	1.26023392e+04	1.52771330e+03
0.0975	1.66142654e+04	5.81034326e+03	1.42701129e+03
0.1025	1.70038762e+04	5.62256364e+03	6.45541553e+03
0.1075	1.47943561e+04	2.35513935e+03	9.96161166e+02
0.1125	1.49491559e+04	1.69798896e+03	-2.21057912e+03
0.1175	1.41779568e+04	7.13338448e+03	1.76441291e+03
0.1225	1.36600771e+04	3.72971175e+03	-2.53683030e+03
0.1275	1.41233377e+04	4.28076873e+03	-1.16437360e+03
0.1325	1.25285866e+04	4.91228714e+03	1.75061081e+03
0.1375	1.16855443e+04	6.18359909e+03	-1.98922569e+02
0.1425	1.13143478e+04	7.28472704e+02	5.46914354e+02
0.1475	1.14417165e+04	4.12539839e+03	7.56688624e+01
0.1525	1.06444493e+04	3.17899169e+03	-1.38785055e+03
0.1575	9.44469251e+03	1.11433726e+03	-8.51907580e+02
0.1625	9.27377983e+03	3.66524827e+03	-1.48443906e+03
0.1675	8.70760044e+03	1.85968146e+03	5.34847115e+02
0.1725	8.24287063e+03	3.08809848e+03	1.62258020e+03
0.1775	7.83779236e+03	1.42229199e+03	4.89755756e-01
0.1825	7.69502950e+03	1.35114695e+03	-1.97416253e+03
0.1875	7.52540815e+03	3.90643452e+03	1.28785660e+03
0.1925	6.88809964e+03	1.05497882e+03	-1.65375757e+02
0.1975	6.64347830e+03	3.11855064e+03	1.84672445e+03
0.2025	7.25057527e+03	1.91784966e+03	7.78494676e+02
0.2075	6.14258315e+03	5.10685972e+02	9.65190383e+01
0.2125	6.12733235e+03	2.15805831e+02	1.26326303e+03
0.2175	5.64466038e+03	2.03095580e+03	8.29520946e+02
0.2225	5.52765607e+03	1.69525872e+03	3.01994308e+02
0.2275	5.69072401e+03	1.49000236e+03	-1.13320836e+03
0.2325	5.09144147e+03	1.19569693e+03	1.69363870e+02
0.2375	5.02093803e+03	6.06914947e+02	-2.20605393e+02
0.2425	4.84455904e+03	1.79646933e+03	8.27792140e+02
0.2475	4.88616125e+03	1.06548774e+02	1.87433684e+02
0.2525	4.49455938e+03	6.65017424e+02	5.17729651e+02
0.2575	4.72905649e+03	7.94147198e+02	-1.29833299e+02
0.2625	4.48513566e+03	3.67725043e+02	1.19342584e+03
0.2675	3.98509098e+03	2.82567675e+02	4.23601431e+02
0.2725	4.17623650e+03	7.64901155e+02	8.08138927e+02
0.2775	3.88737653e+03	-2.23878478e+01	1.24583273e+01
0.2825	3.84498015e+03	3.80978238e+02	-2.35542740e+02
0.2875	3.78960158e+03	3.36723297e+02	1.32387306e+03
0.2925	3.93223876e+03	6.64235253e+02	-2.84795199e+02
0.2975	3.41282698e+03	-5.08125764e+02	5.73165006e+02
0.3025	3.63577713e+03	8.30673440e+02	3.19471256e+02
0.3075	3.41835894e+03	1.49995091e+02	-2.45999033e+02
0.3125	3.26500543e+03	-5.28776879e+00	9.89564514e+02
0.3175	3.01775777e+03	3.55501064e+01	2.91354033e+02
0.3225	3.27247318e+03	1.17551979e+02	-3.49414230e+02
0.3275	3.22502084e+03	1.74452538e+02	1.45180517e+02
0.3325	2.80462295e+03	-2.83037157e+02	2.75924267e+02
0.3375	2.85627963e+03	2.79626619e+02	6.02480769e+02
0.3425	2.86709469e+03	-3.13840237e+02	-2.47656175e+02
0.3475	2.77955449e+03	-7.81774081e+02	1.81802699e+02
0.3525	2.68869108e+03	-1.83254829e+02	1.96744425e+02
0.3575	2.62777157e+03	7.90332733e+01	6.21774737e+02
0.3625	2.62735029e+03	-3.16893052e+02	-3.67723470e+02
0.3675	2.62217347e+03	-4.41563630e+02	8.50430989e+02
0.3725	2.28165859e+03	-1.85138119e+02	-2.64166895e+02
0.3775	2.41717339e+03	9.16048413e+01	-3.32572464e+02
0.3825	2.25751344e+03	-4.11134096e+02	3.93600530e+02
0.3875	2.26307937e+03	-1.77132276e+02	1.14843553e+03
0.3925	2.63579904e+03	-1.64433381e+01	-2.67274591e+02
0.3975	2.13848608e+03	-2.85849461e+02	9.59893026e+00
