####### Power Spectrum of Patchy Simulation 1372 #############
# Patch: sgc
# z-type: z3
# Weights: fkp
# Fiducial Omega_m: 0.310
# Fiducial h: 0.676
# Forward-model pixellation : 0
# Rando n-bar: 0
# Boxsize: [1000.0, 2600.0, 1500.0]
# Grid: [146, 384, 215]
# k-binning: [0.000, 0.410, 0.005]
# Monte Carlo Simulations: 100
#
# Format: k | P0 | P2 | P4
############################################
0.0125	1.12048345e+05	9.24065005e+04	4.44572670e+04
0.0175	9.04689992e+04	-3.01032054e+03	-6.84984835e+04
0.0225	7.35443104e+04	5.64911959e+04	-8.57454659e+03
0.0275	7.76281667e+04	5.76824893e+04	1.35455487e+05
0.0325	5.68923040e+04	3.16876894e+04	-2.08172126e+04
0.0375	4.95024105e+04	2.66474698e+04	-6.93749276e+03
0.0425	4.58204266e+04	1.71696103e+04	4.02743305e+03
0.0475	4.44284141e+04	2.08237028e+04	-3.23108442e+03
0.0525	3.55251657e+04	9.51256192e+02	-1.07617462e+04
0.0575	2.58683647e+04	7.04345504e+02	2.82667953e+03
0.0625	3.22365570e+04	1.86794389e+04	1.25429165e+04
0.0675	2.97163746e+04	-9.88154292e+02	-1.39037385e+04
0.0725	2.73266590e+04	2.17027028e+03	8.90468022e+02
0.0775	2.89394741e+04	1.93390847e+04	1.01400294e+03
0.0825	2.21870325e+04	1.64355294e+04	5.15162464e+03
0.0875	2.53452964e+04	5.98249528e+03	9.66867088e+02
0.0925	2.02385290e+04	6.58077426e+03	-1.87522203e+03
0.0975	1.96362652e+04	9.13107403e+03	-2.40034554e+03
0.1025	1.70030777e+04	8.54298686e+03	6.54127398e+03
0.1075	1.47648718e+04	1.31680039e+03	-4.41653803e+03
0.1125	1.48261378e+04	7.69199419e+03	2.18808225e+03
0.1175	1.56244586e+04	4.89273365e+03	3.75730788e+03
0.1225	1.14268182e+04	4.10962980e+03	-1.14461809e+03
0.1275	1.28018396e+04	5.69051273e+03	1.16266885e+03
0.1325	1.40635475e+04	3.78245571e+03	-2.00220193e+03
0.1375	1.06173957e+04	9.73938527e+02	-1.87773000e+02
0.1425	1.18013695e+04	2.12468950e+03	-3.80324571e+02
0.1475	1.04583290e+04	1.90492384e+03	-1.29467242e+03
0.1525	9.97422474e+03	1.96224436e+03	1.66798849e+03
0.1575	8.78855517e+03	3.02978548e+03	1.28068794e+03
0.1625	9.78875386e+03	3.72645761e+03	1.32220158e+03
0.1675	8.40873249e+03	1.55533214e+03	-6.35838867e+02
0.1725	8.02626217e+03	2.91340694e+03	1.33686706e+03
0.1775	7.73520624e+03	1.57857223e+03	4.56575842e+02
0.1825	8.39481450e+03	1.75924705e+03	1.22902982e+03
0.1875	7.24876969e+03	2.09626677e+03	-3.16809047e+02
0.1925	7.30011081e+03	1.67337572e+03	8.46354837e+02
0.1975	6.74382887e+03	7.68558448e+02	-8.62191619e+02
0.2025	6.87838862e+03	2.99512338e+03	3.34259943e+03
0.2075	6.58173469e+03	1.42523565e+03	1.37580663e+02
0.2125	5.71399570e+03	5.60059532e+02	5.09611660e+02
0.2175	5.78600631e+03	8.55537672e+02	8.49301153e+02
0.2225	5.99938388e+03	5.57949035e+02	7.62793907e+02
0.2275	5.07402721e+03	1.27501641e+02	9.59298275e+02
0.2325	5.25983459e+03	2.07783738e+03	8.48815737e+02
0.2375	5.36586694e+03	1.03654414e+03	1.17548680e+03
0.2425	4.92926583e+03	1.12609811e+03	-3.73529280e+02
0.2475	4.90128785e+03	2.44311490e+02	6.40491003e+02
0.2525	4.68683111e+03	1.02635361e+03	6.08867649e+02
0.2575	4.36717261e+03	-2.48154147e+02	-1.23958523e+03
0.2625	4.45884109e+03	7.93981532e+02	1.61198642e+03
0.2675	4.14164057e+03	-2.22922173e+02	8.63067035e+02
0.2725	4.28135151e+03	8.33227297e+02	2.84058824e+01
0.2775	3.76041662e+03	1.88834781e+01	1.11398874e+03
0.2825	3.74875189e+03	1.60769958e+02	-2.76157959e+02
0.2875	3.71295238e+03	4.33410920e+02	-3.49372387e+02
0.2925	3.80555854e+03	1.61047887e+02	7.59478805e+02
0.2975	3.45982193e+03	3.93609197e+02	1.77730428e+02
0.3025	3.38689760e+03	8.58111866e+01	-1.97924796e+02
0.3075	3.43684430e+03	5.19447901e+02	4.15778388e+02
0.3125	3.46866843e+03	-9.11337659e+01	7.47929099e+01
0.3175	3.15698517e+03	2.46771920e+02	-4.18808299e+02
0.3225	2.85237820e+03	-3.62554751e+02	5.72466571e+00
0.3275	3.10972330e+03	2.62105375e+01	3.31004110e+01
0.3325	2.92676223e+03	-1.39724890e+02	8.00091230e+02
0.3375	3.01620499e+03	-4.34452752e+02	-1.44257657e+02
0.3425	2.75836377e+03	1.54042077e+02	3.74435948e+02
0.3475	2.80944923e+03	-3.89138571e+02	2.62008003e+02
0.3525	2.72964498e+03	-3.33933729e+02	-3.99381309e+02
0.3575	2.51083888e+03	-7.54456895e+01	8.15878022e+02
0.3625	2.55622011e+03	-4.42394798e+02	-4.28991306e+02
0.3675	2.63387600e+03	-9.44973077e+01	2.82329220e+02
0.3725	2.33330368e+03	1.56273414e+02	4.43658514e+02
0.3775	2.27822085e+03	-5.66799661e+02	-1.53126018e+02
0.3825	2.60293791e+03	-2.54155744e+02	-1.88523893e+02
0.3875	2.02794871e+03	-3.08315790e+02	-1.39453535e+02
0.3925	2.42925263e+03	4.62016901e+01	7.20628339e+02
0.3975	2.08618004e+03	-6.04956715e+02	1.72796492e+02
