####### Power Spectrum of Patchy Simulation 875 #############
# Patch: ngc
# z-type: z3
# Weights: fkp
# Fiducial Omega_m: 0.310
# Fiducial h: 0.676
# Forward-model pixellation : 0
# Rando n-bar: 0
# Boxsize: [1800.0, 3400.0, 1900.0]
# Grid: [261, 500, 276]
# k-binning: [0.000, 0.410, 0.005]
# Monte Carlo Simulations: 100
#
# Format: k | P0 | P2 | P4
############################################
0.0125	8.56215385e+04	1.18947756e+05	5.68689667e+04
0.0175	7.90875832e+04	5.14656633e+04	-4.14771469e+04
0.0225	7.42135350e+04	1.90279771e+04	-3.98301912e+04
0.0275	6.25664621e+04	5.44412413e+04	2.13195398e+04
0.0325	5.58455900e+04	2.96246842e+04	1.36691421e+04
0.0375	4.83271107e+04	4.31011211e+04	3.43685335e+03
0.0425	3.85571495e+04	1.72143159e+04	2.87613709e+03
0.0475	4.21854668e+04	2.10127305e+04	-5.11561754e+03
0.0525	3.22209369e+04	1.67806383e+04	-6.38774895e+03
0.0575	3.32697455e+04	1.59071945e+04	7.30852008e+03
0.0625	2.96578835e+04	1.64896689e+04	1.25728749e+03
0.0675	2.97073501e+04	1.23480256e+04	-4.09441491e+02
0.0725	2.69774166e+04	8.64749679e+03	8.62560539e+01
0.0775	2.41961218e+04	6.26474541e+03	-8.49679967e+02
0.0825	2.25129729e+04	1.08821864e+04	-2.57989902e+03
0.0875	1.95968693e+04	6.50220016e+03	-5.36078233e+02
0.0925	1.94518519e+04	7.54260080e+03	7.52906724e+02
0.0975	1.74127284e+04	5.66921984e+03	-5.85411453e+01
0.1025	1.56022500e+04	5.38971935e+03	-2.58997675e+03
0.1075	1.44165515e+04	5.06302065e+03	2.08228660e+03
0.1125	1.35560036e+04	6.99171761e+03	2.73718494e+03
0.1175	1.40495140e+04	6.13458712e+03	1.77039474e+03
0.1225	1.17097712e+04	2.74351349e+03	-1.35877259e+03
0.1275	1.20908102e+04	3.85968987e+03	2.18161766e+02
0.1325	1.15545186e+04	3.22797831e+03	4.58009147e+01
0.1375	1.11251758e+04	3.59929052e+03	4.61292573e+02
0.1425	1.03201739e+04	3.41278621e+03	1.78515704e+03
0.1475	9.71483585e+03	3.61163905e+03	-6.84234503e+02
0.1525	9.21307123e+03	1.39794997e+03	7.66351169e+02
0.1575	8.34880757e+03	2.23132826e+03	-8.11695387e+02
0.1625	8.16585081e+03	3.37953343e+03	2.89972904e+03
0.1675	7.85870306e+03	1.64481398e+03	-1.63717973e+03
0.1725	7.63732132e+03	4.48517628e+03	1.20099453e+03
0.1775	6.91483771e+03	8.36760319e+02	-3.81943308e+02
0.1825	6.81280783e+03	1.77794896e+03	3.18743451e+02
0.1875	6.54882508e+03	1.30153648e+03	-5.15829606e+01
0.1925	6.30447208e+03	1.38709372e+03	-1.65003510e+02
0.1975	5.63542913e+03	1.20280440e+03	-5.46771734e+01
0.2025	6.03898327e+03	1.60278212e+03	7.46371610e+02
0.2075	5.80706226e+03	1.68444621e+03	-2.12868243e+02
0.2125	5.04441824e+03	8.50431581e+02	1.34307993e+02
0.2175	5.51546324e+03	1.19326556e+03	6.95073617e+02
0.2225	5.11167540e+03	1.19875161e+03	8.03776619e+01
0.2275	4.69466927e+03	1.41580492e+03	5.48901821e+02
0.2325	4.71798128e+03	1.49090474e+03	7.99319607e+02
0.2375	4.23231390e+03	9.92409276e+02	-3.67549482e+02
0.2425	4.48112092e+03	7.47979050e+02	6.59000968e+02
0.2475	4.03511403e+03	8.36325569e+02	2.59936404e+02
0.2525	4.03348216e+03	3.26072626e+02	3.51912399e+02
0.2575	3.54601408e+03	3.03003083e+02	1.74428427e+02
0.2625	4.01908860e+03	8.57924746e+02	2.25528277e+02
0.2675	3.80783569e+03	3.51994041e+02	-8.37535438e+01
0.2725	3.32990997e+03	6.68852708e+02	6.38684017e+02
0.2775	3.40063216e+03	3.92612631e+02	4.17539538e+02
0.2825	3.39703508e+03	4.27394058e+02	2.81918036e+02
0.2875	3.08350591e+03	2.48569657e+02	3.13307316e+02
0.2925	2.97852212e+03	1.29194796e+02	-4.30030841e+01
0.2975	3.04164600e+03	4.52955010e+02	1.81528227e+02
0.3025	2.83969426e+03	-2.13187568e+01	4.22966606e+02
0.3075	2.90100974e+03	3.10696541e+02	1.92682699e+01
0.3125	2.79854568e+03	1.48019392e+02	1.02792007e+02
0.3175	2.63423051e+03	2.73046691e+02	7.93532825e+02
0.3225	2.57902442e+03	-2.94040525e+01	-3.09239176e+01
0.3275	2.54207721e+03	2.09151380e+02	2.11637667e+02
0.3325	2.35921665e+03	-2.44727915e+02	1.55021648e+02
0.3375	2.40788609e+03	1.19317285e+02	3.56163712e+02
0.3425	2.20208690e+03	-1.75132968e+02	1.36138439e+02
0.3475	2.20554423e+03	-1.89757637e+02	4.23134257e+02
0.3525	2.34476856e+03	8.41264700e+01	1.00740874e+02
0.3575	2.08898561e+03	-1.32732294e+02	3.61326056e+02
0.3625	2.14848543e+03	-1.63397012e+02	1.62875178e+01
0.3675	1.90180328e+03	-9.07239761e+01	-8.15298106e+01
0.3725	2.02486834e+03	-1.48790508e+02	2.23353015e+02
0.3775	1.93621541e+03	1.44211483e+01	2.61896373e+02
0.3825	2.00286491e+03	-1.80804544e+02	4.44154773e+02
0.3875	1.87738351e+03	-3.23835802e+02	2.66996245e+02
0.3925	1.77859694e+03	-5.09671090e+02	2.80845109e+02
0.3975	1.95485435e+03	3.00677280e+02	6.50459217e+02
