####### Power Spectrum of Patchy Simulation 1344 #############
# Patch: sgc
# z-type: z1
# Weights: fkp
# Fiducial Omega_m: 0.310
# Fiducial h: 0.676
# Forward-model pixellation : 0
# Rando n-bar: 0
# Boxsize: [1000.0, 1900.0, 1100.0]
# Grid: [146, 276, 161]
# k-binning: [0.000, 0.410, 0.005]
# Monte Carlo Simulations: 100
#
# Format: k | P0 | P2 | P4
############################################
0.0125	8.33020788e+04	-5.02034006e+04	9.95907758e+04
0.0175	5.42635111e+04	2.33358999e+04	3.36278616e+04
0.0225	9.23600963e+04	6.93719050e+04	-9.42541253e+03
0.0275	7.70442954e+04	4.12074853e+04	2.51605572e+04
0.0325	4.65850128e+04	1.87040042e+04	-3.35773925e+04
0.0375	4.89515346e+04	2.43422755e+04	8.58439184e+03
0.0425	5.44249011e+04	2.48177682e+04	1.28638914e+04
0.0475	3.74933312e+04	1.33349581e+04	-1.20338552e+04
0.0525	3.21585508e+04	-1.41800754e+03	-1.66711489e+04
0.0575	3.69939635e+04	1.08547575e+04	7.31867217e+03
0.0625	3.30250857e+04	1.87513244e+04	6.44041291e+03
0.0675	2.34839333e+04	1.85424059e+04	1.49953486e+04
0.0725	2.74250858e+04	8.07323570e+03	-3.40038035e+02
0.0775	2.72198997e+04	8.44004942e+03	3.13255775e+02
0.0825	2.39344883e+04	7.97670862e+03	7.29659811e+03
0.0875	2.13976987e+04	5.84903113e+03	-5.53360622e+03
0.0925	1.92583952e+04	1.03926012e+04	-3.44828389e+02
0.0975	2.05793903e+04	9.82327896e+03	2.32532473e+03
0.1025	1.56337694e+04	8.62041701e+03	2.60966604e+03
0.1075	1.50193313e+04	1.02154517e+03	-1.51800078e+03
0.1125	1.55887759e+04	5.87654194e+03	-4.19150274e+03
0.1175	1.31545686e+04	6.45388944e+03	4.84670083e+03
0.1225	1.26093557e+04	3.04084587e+03	1.08258281e+03
0.1275	1.30821671e+04	1.99010759e+03	1.23725575e+03
0.1325	1.19061402e+04	4.77180353e+03	-2.02414045e+03
0.1375	1.17005986e+04	4.88369741e+03	-6.46322168e+00
0.1425	1.06405298e+04	4.19324103e+03	1.45926985e+03
0.1475	1.04543148e+04	2.88689197e+03	5.23985819e+02
0.1525	9.55817141e+03	3.23845195e+03	2.08801637e+03
0.1575	9.38366945e+03	3.88202488e+03	1.51856379e+03
0.1625	8.52942832e+03	2.53559020e+03	2.66685626e+02
0.1675	8.19415792e+03	2.62477657e+03	-1.98432068e+03
0.1725	8.05852010e+03	2.43093250e+03	3.84095722e+02
0.1775	7.96747488e+03	3.27005761e+03	-3.72583192e+02
0.1825	6.75482862e+03	4.26415574e+03	1.42104120e+02
0.1875	7.25819466e+03	1.42252293e+03	-6.07958506e+02
0.1925	6.84036990e+03	2.13360566e+03	-4.89509632e+02
0.1975	6.53829655e+03	5.21903162e+02	-2.20375930e+02
0.2025	6.06573541e+03	2.53246327e+03	-1.53331070e+03
0.2075	5.88975105e+03	1.09327526e+03	-1.03846954e+00
0.2125	5.86025232e+03	1.58196126e+03	-2.89517149e+02
0.2175	5.29998908e+03	1.31948750e+03	2.67623056e+02
0.2225	5.43807886e+03	-2.38902552e+02	1.28469956e+02
0.2275	5.04759244e+03	1.52395638e+03	1.81957155e+02
0.2325	4.50933532e+03	6.56397640e+02	8.97853659e+02
0.2375	4.94805409e+03	1.31750189e+03	-4.28542117e+02
0.2425	4.85509315e+03	1.11936032e+03	1.15181562e+02
0.2475	4.69885614e+03	1.05365398e+03	6.03669936e+02
0.2525	4.20794611e+03	4.82048726e+02	-3.91038826e+01
0.2575	4.02849954e+03	7.45541347e+02	-1.09366600e+02
0.2625	4.32748021e+03	6.53221676e+02	-4.71251028e+01
0.2675	3.89729051e+03	5.84470657e+02	-1.67126946e+02
0.2725	3.96081071e+03	1.06933743e+03	3.92841066e+02
0.2775	3.47832341e+03	-3.43926622e+01	1.60036233e+01
0.2825	3.50021603e+03	3.12789656e+02	4.46177510e+02
0.2875	3.45795352e+03	-6.41849472e+01	6.85893980e+02
0.2925	3.44026119e+03	3.06993378e+02	7.85937574e+02
0.2975	3.12183004e+03	3.50885953e+02	3.91484932e+02
0.3025	3.17663751e+03	1.61252614e+02	-1.32393180e+02
0.3075	3.26735212e+03	3.01129592e+01	1.04501457e+03
0.3125	2.85656913e+03	3.11735381e+02	5.85765879e+02
0.3175	3.00872215e+03	-4.80446077e+00	3.76661712e+02
0.3225	2.75502114e+03	-3.71375308e+02	7.33595781e+01
0.3275	2.61759567e+03	1.25509655e+02	6.68263932e+01
0.3325	2.75476900e+03	1.25344951e+02	2.59910117e+02
0.3375	2.73235262e+03	-1.25501284e+02	4.43824181e+02
0.3425	2.31408373e+03	-4.33613562e+02	-5.70837256e+01
0.3475	2.50704809e+03	8.11236465e+01	3.47420689e+02
0.3525	2.36917291e+03	-3.80488114e+02	2.65332806e+02
0.3575	2.19110979e+03	3.52498685e+02	3.25727382e+02
0.3625	2.33171863e+03	-4.09892177e+02	-1.57718350e+02
0.3675	2.22406775e+03	-1.33198027e+02	7.47868889e+01
0.3725	2.22871993e+03	-5.09692996e+02	1.56290406e+02
0.3775	2.05976866e+03	-1.96452134e+02	3.58762712e+02
0.3825	2.08626119e+03	-1.16624182e+02	1.40168433e+02
0.3875	2.06060788e+03	-2.48807203e+02	3.80168427e+02
0.3925	2.11319516e+03	-5.69085151e+02	-1.39273328e+02
0.3975	1.87825855e+03	-2.65096912e+02	2.18660572e+02
