####### Power Spectrum of Patchy Simulation 413 #############
# Patch: ngc
# z-type: z3
# Weights: fkp
# Fiducial Omega_m: 0.310
# Fiducial h: 0.676
# Forward-model pixellation : 0
# Rando n-bar: 0
# Boxsize: [1800.0, 3400.0, 1900.0]
# Grid: [261, 500, 276]
# k-binning: [0.000, 0.410, 0.005]
# Monte Carlo Simulations: 100
#
# Format: k | P0 | P2 | P4
############################################
0.0125	1.12114943e+05	1.24406767e+05	-4.06338863e+03
0.0175	3.73601743e+04	-3.69287403e+04	-2.97560086e+04
0.0225	9.64177694e+04	9.16485765e+04	-2.40148475e+04
0.0275	5.17560068e+04	1.75028326e+04	1.07799326e+04
0.0325	6.39834478e+04	5.21277700e+04	-5.94402989e+03
0.0375	4.12584061e+04	1.15637165e+04	4.45569482e+03
0.0425	4.94365881e+04	2.31652176e+04	4.12128678e+03
0.0475	3.74607459e+04	1.43656640e+04	5.48465462e+03
0.0525	3.51634478e+04	1.31592137e+04	5.66346574e+03
0.0575	3.01653910e+04	8.36463476e+03	-1.04102332e+04
0.0625	2.86409277e+04	1.15423396e+04	3.92557891e+03
0.0675	2.92006832e+04	1.15886722e+04	8.38084905e+03
0.0725	2.70861136e+04	4.62831197e+03	-5.15042147e+03
0.0775	2.43973351e+04	8.96017048e+03	3.18966816e+03
0.0825	2.26649185e+04	1.34084276e+04	3.53737920e+03
0.0875	2.02947289e+04	8.78243426e+03	2.34522961e+03
0.0925	1.91309585e+04	8.61331722e+03	-2.95481054e+01
0.0975	1.72345753e+04	5.53968166e+03	-6.98111314e+02
0.1025	1.48688202e+04	5.00270067e+03	2.42838828e+03
0.1075	1.53063748e+04	6.08311306e+03	7.40108917e+02
0.1125	1.39131632e+04	3.59871722e+03	-8.69149317e+02
0.1175	1.35213863e+04	4.73542997e+03	4.49778501e+01
0.1225	1.25874205e+04	4.12113342e+03	1.46933797e+03
0.1275	1.13397604e+04	3.48500545e+03	3.24675824e+02
0.1325	1.05963971e+04	3.30226729e+03	-1.50372880e+03
0.1375	1.15235284e+04	4.33656267e+03	-2.74828967e+02
0.1425	1.00774493e+04	2.52429665e+03	-4.14730680e+02
0.1475	9.59832490e+03	3.77461078e+03	-6.19377440e+02
0.1525	9.21337805e+03	3.36043655e+03	1.71141898e+03
0.1575	8.43644516e+03	1.91489848e+03	2.96400858e+02
0.1625	8.50739204e+03	2.90890055e+03	3.26721800e+01
0.1675	7.41036045e+03	1.76152004e+03	5.99745317e+02
0.1725	7.79188268e+03	3.06829414e+03	1.31243670e+03
0.1775	6.82344509e+03	1.93181771e+03	-4.96815690e+02
0.1825	6.93421731e+03	2.16620864e+03	5.84236566e+02
0.1875	6.84216613e+03	2.29831155e+03	3.33427851e+02
0.1925	6.21614963e+03	4.25788066e+02	-4.08799250e+02
0.1975	6.03067420e+03	2.40274312e+03	6.68061723e+02
0.2025	5.78439451e+03	1.11052258e+03	6.38332019e+02
0.2075	5.59810992e+03	1.24286958e+03	6.91538658e+02
0.2125	5.50182951e+03	1.17352328e+03	-8.70119613e+01
0.2175	5.07276217e+03	1.21655403e+03	8.39671862e+02
0.2225	4.94680968e+03	7.97183503e+02	-7.02382688e+01
0.2275	4.91063832e+03	1.33586604e+03	5.04564821e+02
0.2325	4.60760375e+03	6.94391180e+02	2.44688977e+02
0.2375	4.40302185e+03	4.97902235e+02	-3.55471622e+02
0.2425	4.28901407e+03	7.39153757e+02	4.57228882e+02
0.2475	4.13443916e+03	3.75164182e+02	7.52091624e+02
0.2525	3.86012851e+03	4.11358754e+02	-3.04861740e+02
0.2575	3.88348060e+03	6.67809068e+02	7.85832419e+02
0.2625	3.84027932e+03	5.94219190e+02	-2.33526207e+02
0.2675	3.58743291e+03	5.26690469e+02	5.75359232e+02
0.2725	3.60155243e+03	7.18357825e+02	4.62035742e+02
0.2775	3.36731849e+03	5.91781052e+02	5.19461486e+02
0.2825	3.28777750e+03	2.45896214e+02	-1.62488645e+02
0.2875	3.28728866e+03	3.96731904e+02	2.94033532e+02
0.2925	2.96498789e+03	6.67070418e+01	-2.20779111e+02
0.2975	3.09817862e+03	3.94995181e+02	4.62186123e+02
0.3025	2.92908705e+03	3.12857487e+01	1.19724971e+02
0.3075	2.75796514e+03	4.47046418e+01	5.46554968e+02
0.3125	2.90160260e+03	3.59118803e+02	2.79029492e+02
0.3175	2.68996958e+03	-2.66135162e+02	-2.73894269e+00
0.3225	2.67798248e+03	4.14230700e+02	6.78776249e+02
0.3275	2.34980864e+03	-3.28310421e+02	-4.23179905e+01
0.3325	2.59726083e+03	-3.93483705e+01	2.97728874e+02
0.3375	2.26437035e+03	-1.80912830e+02	1.78902640e+02
0.3425	2.43445427e+03	-9.72630720e+01	1.87142651e+02
0.3475	2.13645825e+03	-1.46934490e+02	9.86301246e+01
0.3525	2.29664693e+03	1.89132550e+02	3.26878334e+02
0.3575	2.05928832e+03	-2.61084269e+02	3.47030127e+02
0.3625	2.14764020e+03	-2.56656886e+02	1.45571238e+02
0.3675	2.15977323e+03	1.23096414e+01	6.54374218e+02
0.3725	1.96953609e+03	-4.17145728e+02	8.90856322e+01
0.3775	1.93992604e+03	-5.01396896e+01	2.14757172e+02
0.3825	1.88957816e+03	-2.29588955e+02	2.05435167e+02
0.3875	1.84961407e+03	-2.57890092e+02	1.91319765e+02
0.3925	1.73104278e+03	-4.10045401e+02	3.65692114e+02
0.3975	1.71855348e+03	4.69865683e+01	3.91349910e+02
