####### Power Spectrum of Patchy Simulation 1574 #############
# Patch: ngc
# z-type: z3
# Weights: fkp
# Fiducial Omega_m: 0.310
# Fiducial h: 0.676
# Forward-model pixellation : 0
# Rando n-bar: 0
# Boxsize: [1800.0, 3400.0, 1900.0]
# Grid: [261, 500, 276]
# k-binning: [0.000, 0.410, 0.005]
# Monte Carlo Simulations: 100
#
# Format: k | P0 | P2 | P4
############################################
0.0125	9.10199729e+04	6.16976511e+04	3.86100632e+04
0.0175	6.71055353e+04	9.39196225e+03	3.62661146e+04
0.0225	9.07091885e+04	4.47329175e+04	-3.65415032e+04
0.0275	6.12689377e+04	-2.91405262e+04	-1.82576306e+04
0.0325	5.32850538e+04	6.29831505e+04	2.92885125e+04
0.0375	4.84027906e+04	6.15342064e+03	-1.36486118e+04
0.0425	3.81120946e+04	1.39055932e+04	-4.28132522e+03
0.0475	4.02705963e+04	6.10969162e+03	-6.92806088e+02
0.0525	3.03512783e+04	4.03600676e+03	4.71653225e+03
0.0575	3.10745906e+04	1.25037952e+04	-6.01140728e+03
0.0625	3.18972302e+04	1.45884141e+04	-7.44680086e+02
0.0675	2.83917160e+04	7.29636609e+03	-1.08393437e+03
0.0725	2.65905796e+04	5.46255796e+03	-3.35838401e+03
0.0775	2.45405489e+04	1.10044047e+04	5.09683396e+03
0.0825	2.33517695e+04	9.04740733e+03	1.16138875e+03
0.0875	1.99559259e+04	4.86051399e+03	-1.40008670e+03
0.0925	1.79289777e+04	9.37971250e+03	3.34040101e+02
0.0975	1.66575682e+04	6.71592110e+03	3.55180639e+02
0.1025	1.48440003e+04	5.44621408e+03	1.19738680e+03
0.1075	1.42408399e+04	4.19348164e+03	1.69639512e+02
0.1125	1.44301957e+04	6.34382836e+03	1.84889691e+03
0.1175	1.30364409e+04	3.10873768e+03	-1.85511465e+02
0.1225	1.24956966e+04	4.90256294e+03	1.49631760e+03
0.1275	1.25908856e+04	3.49557826e+03	-2.68186511e+02
0.1325	1.15342502e+04	3.24482459e+03	-2.32161754e+03
0.1375	1.10086371e+04	3.70639390e+03	9.33293566e+02
0.1425	9.66876430e+03	2.04007852e+03	4.09789829e+02
0.1475	1.03371411e+04	4.53804009e+03	1.18624110e+03
0.1525	8.75994395e+03	2.88457568e+03	1.37967383e+03
0.1575	8.78244927e+03	2.81503860e+03	2.08694115e+02
0.1625	8.33162981e+03	3.23733358e+03	7.34113596e+02
0.1675	7.18371837e+03	4.75650352e+02	-1.03446193e+03
0.1725	7.52914348e+03	2.68046398e+03	4.45044915e+02
0.1775	6.95152755e+03	2.90278438e+03	1.71592294e+02
0.1825	6.88225872e+03	7.91717811e+02	-6.42498289e+02
0.1875	6.43872289e+03	1.01843539e+03	-5.00680646e+02
0.1925	6.63295890e+03	2.37124347e+03	7.50867409e+02
0.1975	5.85524812e+03	7.63212760e+02	2.19458097e+02
0.2025	5.88482509e+03	2.11706935e+03	3.89275862e+02
0.2075	5.68504554e+03	8.70262803e+02	3.51573995e+02
0.2125	5.17486599e+03	7.67927081e+02	2.99931859e+02
0.2175	5.34631296e+03	1.18188735e+03	3.68956472e+02
0.2225	4.99569195e+03	8.82130672e+02	-5.16984077e+01
0.2275	4.82458596e+03	1.07816965e+03	4.91633474e+01
0.2325	4.50430947e+03	5.78562768e+02	6.10192194e+02
0.2375	4.43542463e+03	7.19352792e+02	4.44250527e+02
0.2425	4.36364486e+03	5.34888671e+02	4.15410407e+02
0.2475	4.14130160e+03	4.58450173e+02	3.10885262e+02
0.2525	4.21564373e+03	5.28191558e+02	3.86275929e+02
0.2575	3.97205999e+03	7.18099604e+02	-7.77136014e+01
0.2625	3.67585643e+03	3.55830703e+01	3.96800147e+02
0.2675	3.93833105e+03	1.33467986e+03	5.91104199e+02
0.2725	3.45141522e+03	1.92924220e+01	2.20086090e+01
0.2775	3.44536629e+03	6.43851026e+02	7.20255631e+02
0.2825	3.43116024e+03	4.59776019e+02	3.02334846e+02
0.2875	3.37397905e+03	-2.31978611e+01	-1.66776425e+02
0.2925	3.01495490e+03	-4.48588069e+01	1.35935843e+02
0.2975	3.09218101e+03	4.62848730e+02	5.54883405e+02
0.3025	2.75668971e+03	-2.84124618e+02	-8.89289244e+01
0.3075	3.00452178e+03	7.15325266e+02	7.35684399e+02
0.3125	2.84126743e+03	-1.53675511e+02	1.17898647e+02
0.3175	2.68705852e+03	-2.05280408e+02	-2.00578386e+02
0.3225	2.57874017e+03	3.45618574e+01	4.61528708e+02
0.3275	2.63168460e+03	-4.84858557e+01	-2.44933648e+02
0.3325	2.43935239e+03	3.83787001e+01	2.85467804e+02
0.3375	2.51593861e+03	-2.11244377e+01	4.20339846e+02
0.3425	2.34133645e+03	-3.94929050e+02	-6.26588184e+01
0.3475	2.29062700e+03	7.36382714e+01	3.75176001e+02
0.3525	2.24740562e+03	4.18993856e+01	1.51296560e+02
0.3575	2.10598919e+03	-3.25619915e+02	3.00149077e+01
0.3625	2.14621961e+03	2.64741939e+01	6.95900181e+02
0.3675	2.05513529e+03	-5.51342332e+02	-2.27722263e+02
0.3725	2.09015909e+03	1.27493976e+01	2.77326373e+02
0.3775	1.90947170e+03	-3.25870780e+02	1.84822556e+02
0.3825	1.88900883e+03	-2.36025675e+02	3.95465388e+02
0.3875	1.91244921e+03	-2.27972270e+02	4.33519041e+02
0.3925	1.74766234e+03	-4.86926967e+02	-1.03932602e+02
0.3975	1.85093125e+03	-4.39001561e+01	3.84139879e+02
