####### Power Spectrum of Patchy Simulation 1951 #############
# Patch: ngc
# z-type: z3
# Weights: fkp
# Fiducial Omega_m: 0.310
# Fiducial h: 0.676
# Forward-model pixellation : 0
# Rando n-bar: 0
# Boxsize: [1800.0, 3400.0, 1900.0]
# Grid: [261, 500, 276]
# k-binning: [0.000, 0.410, 0.005]
# Monte Carlo Simulations: 100
#
# Format: k | P0 | P2 | P4
############################################
0.0125	5.42996995e+04	4.31964834e+04	-3.88844004e+04
0.0175	7.94087562e+04	1.66261103e+04	-6.76617711e+04
0.0225	8.23309893e+04	5.84636366e+04	2.03735628e+04
0.0275	6.31764705e+04	9.06856138e+03	-8.09663762e+03
0.0325	5.45768756e+04	2.95180682e+04	4.83636917e+04
0.0375	4.94047983e+04	1.57422622e+04	-3.42037357e+03
0.0425	4.17032071e+04	2.42046706e+04	7.55291885e+02
0.0475	3.64200286e+04	1.80244657e+04	-4.60373038e+03
0.0525	3.02253328e+04	2.91583251e+03	-8.76920336e+03
0.0575	3.40570471e+04	1.92210660e+04	1.29136033e+02
0.0625	3.27250370e+04	8.66439227e+03	1.72237487e+03
0.0675	2.94421399e+04	7.06785288e+03	2.73191715e+03
0.0725	2.49094192e+04	8.17069700e+03	-9.38689956e+02
0.0775	2.43167044e+04	1.01249244e+04	3.43645331e+03
0.0825	2.21434719e+04	7.38121066e+03	1.36230098e+03
0.0875	2.03966726e+04	9.67037627e+03	-1.55193114e+02
0.0925	1.87603050e+04	4.08297875e+03	-5.26628182e+02
0.0975	1.64026845e+04	5.60615199e+03	-4.23416886e+02
0.1025	1.56951574e+04	6.41362623e+03	-3.45782513e+02
0.1075	1.32492200e+04	4.32199150e+03	-3.18504658e+02
0.1125	1.45307730e+04	5.26876648e+03	1.53587671e+03
0.1175	1.22932373e+04	5.69671677e+03	-1.22705057e+03
0.1225	1.30402403e+04	3.13231501e+03	1.70957147e+03
0.1275	1.21120661e+04	4.38544340e+03	1.04847600e+03
0.1325	1.09469926e+04	4.17816131e+03	-3.65004872e+02
0.1375	1.07043079e+04	2.53475829e+03	-2.02018154e+03
0.1425	1.04659835e+04	3.68799947e+03	2.09017987e+03
0.1475	9.52922386e+03	2.97855480e+03	-5.73855080e+02
0.1525	9.23096681e+03	2.45662548e+03	-6.29553457e+02
0.1575	8.72683624e+03	3.06149831e+03	-5.19352396e+02
0.1625	7.63866747e+03	1.07724760e+03	7.19773393e+02
0.1675	7.93696772e+03	1.45250458e+03	-6.55945652e+02
0.1725	7.36521463e+03	3.13459368e+03	5.07103867e+02
0.1775	7.06275634e+03	1.85875457e+03	3.97929220e+02
0.1825	6.84855638e+03	1.12614088e+03	-1.87044281e+02
0.1875	6.88682741e+03	2.41154133e+03	3.60539920e+02
0.1925	6.12635126e+03	6.81686472e+02	-2.72466795e+02
0.1975	6.35393258e+03	2.52613529e+03	8.59879359e+02
0.2025	5.34340768e+03	5.85661667e+02	-4.44002651e+02
0.2075	5.70263218e+03	1.29715728e+03	3.16136777e+02
0.2125	5.55506813e+03	1.69424239e+03	5.65101555e+02
0.2175	5.27479109e+03	1.16690019e+03	3.64785428e+02
0.2225	4.96264830e+03	8.82731231e+02	-2.03378018e+02
0.2275	4.69954784e+03	7.80505698e+02	-4.44479641e+01
0.2325	4.64882969e+03	7.54831796e+02	2.26473076e+02
0.2375	4.39073070e+03	1.30108487e+03	2.86821388e+02
0.2425	4.43471542e+03	3.60883888e+02	4.53640612e+00
0.2475	4.05233393e+03	7.11396499e+02	2.65833667e+02
0.2525	4.15913914e+03	6.79954169e+02	-2.87828593e+01
0.2575	3.93686013e+03	1.29443442e+02	6.62020047e+01
0.2625	3.67270943e+03	3.25584030e+02	2.75426975e+02
0.2675	3.59012770e+03	7.16187875e+02	5.08122166e+02
0.2725	3.64571783e+03	4.96306838e+02	2.42743851e+02
0.2775	3.29979955e+03	-6.17168581e+01	-1.07264932e+02
0.2825	3.31936806e+03	7.50462797e+02	4.14466478e+02
0.2875	3.23401478e+03	-4.54679751e+01	1.29721023e+02
0.2925	3.23074823e+03	2.89688807e+02	1.57691098e+02
0.2975	2.81801063e+03	2.25673541e+02	3.57246537e+02
0.3025	2.93557210e+03	-2.64450745e+02	-2.54719926e+02
0.3075	2.92678319e+03	4.30778888e+02	5.41560358e+02
0.3125	2.62720566e+03	1.89931613e+02	-4.14044868e+01
0.3175	2.69981719e+03	-3.84924254e+02	1.93019311e+01
0.3225	2.63207765e+03	2.76300422e+02	4.18569441e+02
0.3275	2.47086966e+03	-6.95265120e+01	1.49822382e+02
0.3325	2.51464784e+03	9.47456889e+01	1.77312109e+02
0.3375	2.39172396e+03	-4.04644065e+02	-5.79819330e+01
0.3425	2.41389860e+03	9.52880635e+01	3.64987069e+02
0.3475	2.22454320e+03	-3.05840701e+02	2.71700986e+02
0.3525	2.26149978e+03	-2.97121966e+02	3.41392099e+02
0.3575	2.15391770e+03	1.69381867e+02	5.37047365e+02
0.3625	2.03314529e+03	-4.05065348e+01	3.81564356e+02
0.3675	2.03589151e+03	-4.83758306e+02	-1.41426180e+02
0.3725	1.92995577e+03	-1.18722290e+02	4.13170957e+02
0.3775	1.89643593e+03	-3.92996286e+02	4.19571732e+02
0.3825	1.96002404e+03	8.38624209e+00	1.59779361e+02
0.3875	1.86720548e+03	-7.03368787e+01	7.07142109e+02
0.3925	1.78065593e+03	-5.63123237e+02	6.20737139e+01
0.3975	1.95823709e+03	1.57519149e+02	6.97406093e+02
