####### Power Spectrum of Patchy Simulation 722 #############
# Patch: ngc
# z-type: z3
# Weights: fkp
# Fiducial Omega_m: 0.310
# Fiducial h: 0.676
# Forward-model pixellation : 0
# Rando n-bar: 0
# Boxsize: [1800.0, 3400.0, 1900.0]
# Grid: [261, 500, 276]
# k-binning: [0.000, 0.410, 0.005]
# Monte Carlo Simulations: 100
#
# Format: k | P0 | P2 | P4
############################################
0.0125	8.30920687e+04	3.91692110e+04	3.38445431e+04
0.0175	7.07929665e+04	7.39651528e+04	-9.87130424e+03
0.0225	7.22998680e+04	7.38374659e+04	2.14847601e+04
0.0275	6.10289312e+04	4.01118172e+04	2.12664788e+04
0.0325	5.03006164e+04	2.16286974e+04	-1.00822869e+04
0.0375	4.62247834e+04	1.85031471e+04	-9.30361109e+03
0.0425	3.85179749e+04	7.55828842e+03	8.55561299e+03
0.0475	3.82715368e+04	2.72429979e+04	-5.28409345e+03
0.0525	3.40392454e+04	1.90545950e+04	7.08211572e+03
0.0575	3.25485282e+04	1.28248830e+04	-8.38977158e+03
0.0625	2.96368061e+04	7.64973860e+03	3.48632217e+03
0.0675	2.89680987e+04	1.25056982e+04	1.99686617e+03
0.0725	2.57632866e+04	1.01176764e+04	-2.19413921e+03
0.0775	2.27982289e+04	8.49592015e+03	4.14624009e+03
0.0825	2.29819630e+04	9.14820724e+03	-1.04217565e+03
0.0875	1.96109158e+04	8.54370658e+03	9.90387358e+02
0.0925	1.79355298e+04	5.13078855e+03	-4.40618755e+03
0.0975	1.66446531e+04	9.50246276e+03	6.10788232e+02
0.1025	1.54482543e+04	4.53475627e+03	-1.78386719e+03
0.1075	1.40992320e+04	5.10665039e+03	3.51815141e+03
0.1125	1.45047109e+04	5.61125990e+03	-1.49541046e+03
0.1175	1.21122625e+04	7.34384840e+02	-8.35618178e+02
0.1225	1.36866540e+04	9.40342520e+03	2.57521933e+03
0.1275	1.10045732e+04	2.08688226e+02	-3.35649799e+01
0.1325	1.23291050e+04	5.72414676e+03	1.82471666e+03
0.1375	9.99177136e+03	1.95551749e+03	-1.08177322e+03
0.1425	9.67085775e+03	4.34069158e+03	2.56737704e+03
0.1475	1.01489014e+04	4.48619674e+03	-5.77138338e+02
0.1525	8.93139244e+03	1.68225923e+03	2.05887204e+02
0.1575	8.55525231e+03	3.79612925e+03	7.07808775e-01
0.1625	8.12495923e+03	2.02638757e+03	3.08371800e+02
0.1675	8.07459436e+03	2.46609889e+03	-1.49420641e+02
0.1725	7.65051054e+03	3.67471891e+03	1.23256698e+03
0.1775	6.79223801e+03	1.54036971e+03	1.45250107e+02
0.1825	6.74783985e+03	1.34326484e+03	6.83615509e+02
0.1875	6.81857863e+03	2.01207883e+03	3.22070185e+02
0.1925	6.07911493e+03	1.68771153e+03	6.22305639e+02
0.1975	6.05861673e+03	8.61635179e+02	5.19050566e+02
0.2025	6.07245708e+03	2.21983597e+03	6.87379445e+02
0.2075	5.31801442e+03	5.16678913e+02	7.00440788e+01
0.2125	5.57432197e+03	7.59406746e+02	-3.73254962e+02
0.2175	5.12629919e+03	9.67055562e+02	3.45446233e+02
0.2225	4.89839277e+03	1.19312224e+03	-2.15073325e+02
0.2275	5.01036859e+03	1.17971983e+03	-5.10512445e+01
0.2325	4.38216840e+03	7.47423410e+02	1.02199424e+02
0.2375	4.45440397e+03	1.11073527e+03	8.11888116e+02
0.2425	4.38685372e+03	7.21526565e+02	1.24907371e+02
0.2475	3.98842358e+03	9.88540265e+02	4.40701900e+02
0.2525	4.21515798e+03	7.26317503e+02	5.71596352e+02
0.2575	3.70173886e+03	7.81697969e+02	-1.44813590e+02
0.2625	3.67887577e+03	9.15667613e+02	6.36293968e+02
0.2675	3.74142007e+03	3.37486954e+02	2.11339107e+02
0.2725	3.44414949e+03	6.92056905e+02	6.76917192e+02
0.2775	3.35097375e+03	5.44033803e+02	-1.40706617e+02
0.2825	3.21954887e+03	-1.63546534e+02	1.26690606e+02
0.2875	3.30714830e+03	9.05821731e+02	1.04761363e+03
0.2925	3.20323068e+03	-2.43895743e+02	7.02261959e+01
0.2975	3.04742777e+03	5.45751166e+02	5.25024732e+02
0.3025	2.78853920e+03	1.97436943e+01	2.01916842e+02
0.3075	2.93468378e+03	9.32836416e+01	-6.03908410e+01
0.3125	2.88849637e+03	4.46813529e+02	2.38190731e+02
0.3175	2.58378637e+03	-8.38715071e+01	-6.90649894e+01
0.3225	2.45309929e+03	2.52532060e+01	5.52065134e+02
0.3275	2.42471671e+03	-2.37301448e+02	5.07155088e+02
0.3325	2.59353349e+03	2.23593969e+02	2.05919018e+02
0.3375	2.30424499e+03	-1.78090855e+02	7.91949044e+01
0.3425	2.37373080e+03	1.63743931e+02	4.47036648e+02
0.3475	2.24359440e+03	-1.48958721e+02	2.07046813e+02
0.3525	2.24082662e+03	-1.48565977e+02	2.24156660e+02
0.3575	2.24519638e+03	7.70007933e+00	2.26409184e+02
0.3625	2.09771097e+03	-2.14483439e+02	2.37730208e+02
0.3675	2.10864469e+03	6.17588411e+01	4.21975869e+02
0.3725	2.01531000e+03	-1.52698017e+02	1.82896048e+02
0.3775	1.94856006e+03	-3.61756555e+02	3.63752339e+02
0.3825	1.79721776e+03	-1.16037310e+02	3.92686412e+02
0.3875	1.81948450e+03	-3.85071949e+02	1.25570382e+02
0.3925	1.77315129e+03	-2.30004993e+02	4.66393434e+02
0.3975	1.91559604e+03	2.28537396e+02	6.84670651e+02
