####### Power Spectrum of Patchy Simulation 1298 #############
# Patch: sgc
# z-type: z1
# Weights: fkp
# Fiducial Omega_m: 0.310
# Fiducial h: 0.676
# Forward-model pixellation : 0
# Rando n-bar: 0
# Boxsize: [1000.0, 1900.0, 1100.0]
# Grid: [146, 276, 161]
# k-binning: [0.000, 0.410, 0.005]
# Monte Carlo Simulations: 100
#
# Format: k | P0 | P2 | P4
############################################
0.0125	6.40939602e+04	6.63246859e+04	2.21498267e+04
0.0175	9.00712012e+04	1.02877221e+05	-1.41523879e+04
0.0225	5.94227331e+04	-1.50178297e+04	3.30775205e+04
0.0275	6.34668505e+04	4.38278778e+03	4.71262575e+04
0.0325	7.01771999e+04	5.23313929e+04	-2.22455270e+04
0.0375	5.50355466e+04	1.51768724e+04	2.80910194e+03
0.0425	4.45574496e+04	7.60971329e+03	-5.19936015e+02
0.0475	4.79387779e+04	2.06746419e+04	-1.34688866e+04
0.0525	3.83791410e+04	1.05153241e+04	1.42352925e+04
0.0575	3.81641668e+04	1.25156085e+04	5.32653078e+03
0.0625	3.12951597e+04	1.82459062e+04	5.25181274e+03
0.0675	3.07668604e+04	1.52146233e+04	-9.24426212e+03
0.0725	3.23593390e+04	1.10960220e+04	3.74984160e+03
0.0775	2.39880645e+04	1.19223402e+04	-1.02161103e+03
0.0825	2.49785016e+04	1.15771741e+04	-8.15355963e+02
0.0875	2.19481322e+04	7.38540536e+03	2.43427725e+03
0.0925	1.85535425e+04	4.71982046e+03	1.47210102e+03
0.0975	1.79529807e+04	6.72626539e+03	-3.87268022e+03
0.1025	1.70997383e+04	8.56642413e+03	-1.55031030e+02
0.1075	1.53666290e+04	2.08300031e+03	-3.65269667e+03
0.1125	1.52307815e+04	8.49277231e+03	5.75556366e+03
0.1175	1.53337417e+04	4.85065865e+03	4.34313483e+02
0.1225	1.35342895e+04	6.91202277e+03	9.81455915e+02
0.1275	1.37718501e+04	5.83871136e+03	-7.71567430e+02
0.1325	1.19921145e+04	3.68171311e+03	-2.31966417e+03
0.1375	1.13501751e+04	3.33972081e+03	1.33113627e+03
0.1425	1.17415132e+04	3.81790591e+03	7.62650228e+02
0.1475	1.07005424e+04	4.94466808e+03	-7.18183729e+02
0.1525	9.35025423e+03	3.52623342e+03	5.90873117e+02
0.1575	9.85296196e+03	2.96348776e+03	-2.00686741e+02
0.1625	7.76531473e+03	3.17704710e+03	6.04551414e+01
0.1675	8.04024982e+03	2.48737869e+03	-4.51686464e+02
0.1725	7.96925448e+03	6.61222952e+02	-5.85427654e+02
0.1775	7.83765824e+03	2.91976937e+03	1.04024519e+03
0.1825	6.63737095e+03	1.25481494e+03	6.67831534e+02
0.1875	6.95944191e+03	2.56808584e+03	1.23951404e+03
0.1925	7.24396839e+03	1.02580838e+03	-1.16902388e+03
0.1975	6.29061529e+03	2.22097510e+03	1.00348080e+03
0.2025	6.28054316e+03	1.19107878e+03	1.22896199e+03
0.2075	6.09347412e+03	2.33424744e+03	1.73254709e+03
0.2125	5.53202466e+03	3.23870146e+02	2.34081190e+02
0.2175	5.25980743e+03	1.29136290e+03	-4.22199542e+01
0.2225	5.88857126e+03	1.00087006e+03	-6.45704416e+01
0.2275	4.81406692e+03	7.65914013e+02	5.22027521e+02
0.2325	4.96161499e+03	1.46119114e+03	-2.41850208e+01
0.2375	5.40009654e+03	2.10512547e+03	-1.74579911e+02
0.2425	4.61083766e+03	1.89300525e+02	-5.48372767e+02
0.2475	4.75546425e+03	4.35266930e+02	9.29377308e+02
0.2525	4.51994255e+03	4.62399443e+02	6.45899403e+02
0.2575	3.74877129e+03	3.97926059e+02	8.69186267e+02
0.2625	4.29052294e+03	1.00607909e+03	8.96211219e+01
0.2675	3.93246568e+03	1.98588295e+02	6.79923182e+01
0.2725	3.73901649e+03	2.38479547e+02	-6.96802705e+01
0.2775	3.47206709e+03	4.72716650e+02	6.71824674e+02
0.2825	3.63049221e+03	-2.32909786e+01	3.12646232e+02
0.2875	3.36179615e+03	3.59880480e+02	9.38239965e+01
0.2925	3.34531746e+03	2.85857399e+02	1.47824402e+02
0.2975	3.26036846e+03	-1.81978279e+02	2.87156353e+02
0.3025	3.12990899e+03	5.33236527e+02	-1.62439932e+02
0.3075	3.00646524e+03	1.37811532e+02	2.04338554e+02
0.3125	2.92107414e+03	8.47295322e+01	3.21110300e+01
0.3175	2.94048815e+03	-1.28680446e+02	-2.97138541e+01
0.3225	2.79911367e+03	5.19161820e+01	6.30312035e+02
0.3275	2.84780786e+03	7.89280785e+01	3.32461203e+02
0.3325	2.77225308e+03	-2.25864809e+02	2.58734567e+02
0.3375	2.55422816e+03	2.03916764e+02	3.19101543e+02
0.3425	2.33790006e+03	-4.06152922e+02	2.44157149e+02
0.3475	2.64129215e+03	3.59734924e+01	6.25615852e+02
0.3525	2.33690364e+03	-2.64555295e+02	3.89743512e+02
0.3575	2.23969848e+03	-8.32477481e+01	1.50860150e+02
0.3625	2.27805339e+03	-2.73194947e+01	3.71997546e+02
0.3675	2.17945207e+03	-1.46422984e+02	-7.60477769e+01
0.3725	2.00902227e+03	2.02650535e+02	2.33052769e+02
0.3775	2.06445958e+03	-3.08538957e+02	4.24754230e+02
0.3825	1.98609662e+03	-3.69329018e+02	3.24535202e+02
0.3875	1.99243056e+03	-3.25531315e+02	4.35846345e+02
0.3925	1.93493070e+03	-3.70374540e+02	5.28098243e+02
0.3975	2.02733575e+03	-8.78666012e+01	4.70712759e+02
