####### Power Spectrum of Patchy Simulation 988 #############
# Patch: sgc
# z-type: z1
# Weights: fkp
# Fiducial Omega_m: 0.310
# Fiducial h: 0.676
# Forward-model pixellation : 0
# Rando n-bar: 0
# Boxsize: [1000.0, 1900.0, 1100.0]
# Grid: [146, 276, 161]
# k-binning: [0.000, 0.410, 0.005]
# Monte Carlo Simulations: 100
#
# Format: k | P0 | P2 | P4
############################################
0.0125	7.46941878e+04	5.99415314e+04	9.01339939e+04
0.0175	7.33638347e+04	-2.60608672e+04	-1.65158816e+05
0.0225	7.85668318e+04	5.05782695e+04	6.59210209e+03
0.0275	4.69422909e+04	-1.86828469e+04	-4.34602546e+04
0.0325	5.88992708e+04	5.71961301e+04	2.75188942e+04
0.0375	3.43746134e+04	-4.06192917e+03	-3.80635377e+04
0.0425	4.63097179e+04	1.79385486e+04	2.49890707e+04
0.0475	4.17206636e+04	2.90856735e+04	2.84495241e+04
0.0525	3.24841850e+04	1.10487674e+04	-1.05048454e+04
0.0575	3.63327156e+04	1.83552958e+04	9.49658618e+02
0.0625	3.21353834e+04	1.55126273e+04	5.93317058e+03
0.0675	3.30169469e+04	1.13474848e+04	-7.22781491e+03
0.0725	3.08253164e+04	1.85867634e+04	6.16161306e+03
0.0775	2.66520988e+04	6.12848641e+03	-4.18154648e+03
0.0825	2.16746435e+04	1.36615645e+03	-1.06578485e+03
0.0875	2.15324648e+04	8.81751209e+03	-3.42767758e+02
0.0925	2.10243703e+04	5.44675677e+03	-5.53438498e+03
0.0975	1.89967906e+04	1.25036481e+04	-1.97706902e+03
0.1025	1.75236401e+04	6.84962217e+03	2.79162637e+03
0.1075	1.35546846e+04	3.12008351e+03	-3.92549431e+03
0.1125	1.66487095e+04	5.61199441e+03	7.53794184e+03
0.1175	1.38626932e+04	5.16740892e+03	-5.25045155e+02
0.1225	1.30294933e+04	6.24113157e+03	-9.82580838e+02
0.1275	1.27125279e+04	1.75401449e+03	7.18498277e+02
0.1325	1.37514696e+04	5.64849992e+03	1.20970582e+03
0.1375	1.11836996e+04	1.93850407e+03	-1.86990667e+03
0.1425	1.13600781e+04	2.76778027e+03	1.29608277e+02
0.1475	9.41142791e+03	4.49025797e+03	6.82227317e+02
0.1525	9.38834068e+03	1.70277390e+03	-1.26684301e+03
0.1575	8.89703229e+03	2.82024794e+03	1.44830097e+03
0.1625	8.91412718e+03	2.44599205e+03	1.29979189e+03
0.1675	8.29177319e+03	3.31197738e+03	3.52249702e+02
0.1725	7.58299989e+03	1.31519239e+03	-1.34620237e+03
0.1775	8.22780650e+03	3.75642436e+03	-6.60221741e+02
0.1825	7.25358674e+03	1.52187018e+03	9.39782893e+02
0.1875	6.76525476e+03	2.22727160e+03	1.15670120e+03
0.1925	6.72600562e+03	7.04523831e+02	-1.44442849e+03
0.1975	6.79634406e+03	2.10012198e+03	1.40978332e+03
0.2025	6.41574757e+03	1.13516346e+03	-3.85586798e+02
0.2075	6.24613932e+03	2.18384642e+03	3.73510740e+01
0.2125	5.90465111e+03	1.83199148e+03	1.70387627e+03
0.2175	5.94913513e+03	1.24531980e+03	1.20301512e+03
0.2225	5.40423785e+03	1.38307154e+03	-3.33834905e+02
0.2275	5.12556393e+03	1.58420639e+03	3.23607274e+02
0.2325	5.12053379e+03	8.21002240e+02	3.37554026e+02
0.2375	5.07821307e+03	1.62425039e+03	3.12930339e+02
0.2425	4.77483101e+03	1.18992618e+03	-3.78975204e+02
0.2475	4.41572920e+03	2.14821881e+02	2.24367034e+02
0.2525	4.57472894e+03	1.36475775e+02	-2.03142281e+02
0.2575	3.73192756e+03	6.80932844e+01	5.94635982e+01
0.2625	4.48167420e+03	8.48914369e+02	7.68700117e+02
0.2675	4.12267613e+03	1.67441850e+02	1.76441428e+02
0.2725	3.81708827e+03	2.21057115e+02	1.97649975e+02
0.2775	3.59045316e+03	6.28825493e+02	4.84703543e+01
0.2825	3.83184086e+03	-1.54038381e+01	1.64470064e+02
0.2875	3.60499814e+03	2.84196763e+02	4.04646522e+00
0.2925	3.29150880e+03	8.16114595e+02	-2.60527198e+02
0.2975	3.47138024e+03	5.88709664e+00	-3.95195375e+02
0.3025	3.12481986e+03	-5.15886074e+02	1.06452754e+03
0.3075	3.01467036e+03	1.64984531e+01	1.30163433e+02
0.3125	2.91889616e+03	4.23220278e+02	-3.43512939e+02
0.3175	2.98564740e+03	-1.37758858e+02	1.53860194e+02
0.3225	2.73283010e+03	1.23740766e+02	3.20260622e+01
0.3275	2.70989115e+03	5.05996100e+01	-1.83880684e+02
0.3325	2.64932708e+03	-3.85107092e+02	-5.84696729e+01
0.3375	2.70620819e+03	1.00875497e+02	-1.45289281e+01
0.3425	2.73238123e+03	-1.56101884e+02	3.97359097e+02
0.3475	2.58131360e+03	-1.92264172e+02	5.36565742e+02
0.3525	2.25311889e+03	-1.82025833e+02	6.70406540e+02
0.3575	2.43050727e+03	-2.62598621e+02	1.41719228e+02
0.3625	2.31162162e+03	7.46362806e+01	4.33247562e+02
0.3675	2.28550783e+03	-3.76770600e+02	-2.32067724e+02
0.3725	2.08333935e+03	-2.01451805e+02	6.95178207e+02
0.3775	1.98771517e+03	-4.97822012e+02	4.35378115e+02
0.3825	2.16614271e+03	-2.10956109e+02	1.66406949e+02
0.3875	2.11892361e+03	-1.13517732e+02	1.03138208e+02
0.3925	1.85923591e+03	-2.57087908e+02	1.15507616e+02
0.3975	1.97058696e+03	-2.76533139e+02	2.69960296e+02
