####### Power Spectrum of Patchy Simulation 126 #############
# Patch: sgc
# z-type: z1
# Weights: fkp
# Fiducial Omega_m: 0.310
# Fiducial h: 0.676
# Forward-model pixellation : 0
# Rando n-bar: 0
# Boxsize: [1000.0, 1900.0, 1100.0]
# Grid: [146, 276, 161]
# k-binning: [0.000, 0.410, 0.005]
# Monte Carlo Simulations: 100
#
# Format: k | P0 | P2 | P4
############################################
0.0125	2.14957233e+05	-1.51405631e+04	1.07631215e+05
0.0175	5.33936955e+04	4.55714769e+04	8.91046309e+04
0.0225	8.43393935e+04	8.37624154e+02	-3.57744490e+04
0.0275	6.57528226e+04	-6.74127443e+03	-2.51855006e+04
0.0325	7.09646233e+04	3.97860465e+04	-4.23580817e+03
0.0375	4.87879159e+04	2.78494658e+04	1.26565767e+04
0.0425	5.33721438e+04	3.46311282e+04	3.47884497e+04
0.0475	2.91022425e+04	9.02587511e+03	-7.57862631e+03
0.0525	3.96199381e+04	1.37579555e+04	1.04038214e+04
0.0575	3.30801971e+04	7.63304430e+03	3.28036698e+03
0.0625	2.54718931e+04	1.82089554e+04	1.09602534e+04
0.0675	3.45505054e+04	1.04309139e+04	-9.51131169e+03
0.0725	2.80520982e+04	8.71633132e+03	1.41688471e+03
0.0775	2.68765954e+04	7.28855808e+03	4.16581132e+03
0.0825	2.12160430e+04	1.27736889e+04	8.84618202e+02
0.0875	2.23182064e+04	7.34327445e+03	-3.98689113e+03
0.0925	2.25620643e+04	1.09256868e+04	-1.73203700e+03
0.0975	2.06842744e+04	9.75526313e+03	8.71494811e+03
0.1025	1.51056163e+04	5.80062506e+03	-7.15347293e+03
0.1075	1.45994758e+04	7.06633353e+03	-2.19774905e+03
0.1125	1.68423578e+04	9.02941701e+03	3.32690800e+03
0.1175	1.26418317e+04	3.15142389e+03	-7.73488785e+02
0.1225	1.43594257e+04	3.17827189e+03	-1.99402796e+03
0.1275	1.22839038e+04	5.27468569e+03	4.10992246e+03
0.1325	1.26454158e+04	3.62896052e+03	3.09744556e+03
0.1375	1.20973773e+04	3.30880567e+03	-2.22142942e+02
0.1425	8.99803516e+03	2.93098446e+03	-4.76850054e+02
0.1475	1.09153235e+04	2.26299844e+03	-2.90490130e+03
0.1525	9.14959812e+03	2.07565194e+03	-7.85036820e+02
0.1575	9.68900629e+03	4.39182405e+03	-1.00592503e+02
0.1625	9.14106747e+03	2.87885226e+03	5.40821839e+02
0.1675	8.05734207e+03	2.74273070e+03	-7.64071773e+02
0.1725	8.51589374e+03	1.58934329e+03	-2.09368461e+03
0.1775	7.56063840e+03	2.17400597e+03	1.04756809e+03
0.1825	7.49130019e+03	1.50076592e+03	9.10776961e+02
0.1875	6.89137631e+03	2.05201677e+03	-1.31308761e+03
0.1925	7.11740399e+03	1.27567773e+03	8.61460920e+02
0.1975	6.32000961e+03	1.39977888e+03	-1.01446598e+03
0.2025	6.57504688e+03	2.05543206e+03	6.65107185e+02
0.2075	6.74449450e+03	1.62624213e+03	9.18810156e+02
0.2125	6.09534225e+03	1.57494513e+03	9.17258887e+02
0.2175	5.56386966e+03	8.95302525e+02	-6.35049716e+02
0.2225	5.88413945e+03	6.38405271e+02	4.96564220e+02
0.2275	5.00396506e+03	1.07222966e+03	-9.62909722e+02
0.2325	4.91786663e+03	1.18636113e+03	7.43375746e+02
0.2375	4.89036441e+03	1.09960536e+03	-1.99020962e+02
0.2425	4.65101084e+03	9.03404437e+02	7.14060599e+02
0.2475	4.66955271e+03	4.79171739e+02	5.09673376e+02
0.2525	4.50928629e+03	7.10311095e+02	4.16851776e+02
0.2575	4.37452428e+03	7.40068790e+02	1.05359200e+03
0.2625	4.30335919e+03	5.21912490e+02	1.17637605e+02
0.2675	3.64055220e+03	5.00128837e+01	5.60346199e+01
0.2725	3.82877317e+03	-2.08353890e+02	-8.16524935e+02
0.2775	3.63606480e+03	4.40576146e+02	-3.85054837e+02
0.2825	3.45402749e+03	1.91763189e+02	-2.66954691e+01
0.2875	3.47216286e+03	4.77428067e+02	7.95814414e+02
0.2925	3.44533224e+03	4.32593778e+02	2.30215265e+02
0.2975	3.43809689e+03	1.89544499e+02	5.78912153e+02
0.3025	3.31918355e+03	-3.30241664e+02	2.31221124e+02
0.3075	3.14930566e+03	7.99244043e+01	3.36740373e+02
0.3125	2.99487064e+03	1.72027039e+02	1.66088542e+02
0.3175	2.77419262e+03	-2.19181871e+02	1.14289765e+02
0.3225	2.87251743e+03	-3.46308471e+01	-2.78509617e+01
0.3275	2.71523308e+03	1.34987876e+02	5.63020648e+02
0.3325	2.79239400e+03	-2.73986568e+02	-1.37240187e+01
0.3375	2.73504658e+03	-1.25306341e+01	2.49385543e+02
0.3425	2.64498789e+03	-4.20443975e+01	1.52723145e+01
0.3475	2.48676063e+03	-1.52562492e+02	4.08501034e+02
0.3525	2.28164804e+03	-8.23324760e+01	3.05077789e+02
0.3575	2.53878874e+03	-2.88373222e+02	3.72138052e+02
0.3625	2.26711025e+03	-3.73383806e+02	1.06621007e+02
0.3675	2.14948292e+03	9.99550493e+01	3.62081945e+02
0.3725	2.20091991e+03	-9.11852533e+01	1.07315239e+01
0.3775	2.10269307e+03	-1.72422089e+02	2.34605369e+02
0.3825	2.11477625e+03	-2.95222403e+02	2.34434890e+02
0.3875	2.17398706e+03	-2.57310930e+02	7.43024856e+01
0.3925	1.96755039e+03	-4.97527957e+02	2.39850445e+02
0.3975	1.93928051e+03	-4.81953615e+01	2.58656338e+02
