####### Power Spectrum of Patchy Simulation 672 #############
# Patch: ngc
# z-type: z3
# Weights: fkp
# Fiducial Omega_m: 0.310
# Fiducial h: 0.676
# Forward-model pixellation : 0
# Rando n-bar: 0
# Boxsize: [1800.0, 3400.0, 1900.0]
# Grid: [261, 500, 276]
# k-binning: [0.000, 0.410, 0.005]
# Monte Carlo Simulations: 100
#
# Format: k | P0 | P2 | P4
############################################
0.0125	8.79637876e+04	5.61442977e+04	-2.80784400e+04
0.0175	6.95477776e+04	2.39483481e+04	-2.61110938e+04
0.0225	6.53692249e+04	3.64337876e+04	1.23165416e+04
0.0275	6.26837229e+04	1.72578127e+04	1.19183065e+04
0.0325	5.32121983e+04	3.17604025e+04	2.84191124e+03
0.0375	5.41772816e+04	2.86918121e+04	7.01712761e+02
0.0425	3.79843278e+04	-2.42333178e+02	-6.66666060e+03
0.0475	4.01623063e+04	2.21501891e+04	1.37991939e+04
0.0525	3.46897184e+04	1.01877079e+04	-5.74803048e+03
0.0575	3.39148534e+04	2.20401842e+04	-3.02834730e+02
0.0625	2.96343319e+04	9.13440015e+03	3.29655292e+02
0.0675	2.94689685e+04	1.33968289e+04	-2.75906768e+03
0.0725	2.64562399e+04	1.41178328e+04	-1.23945925e+03
0.0775	2.51288668e+04	6.13692959e+03	-3.84806248e+03
0.0825	2.27558353e+04	9.65890858e+03	2.58531763e+03
0.0875	2.04887733e+04	9.15329074e+03	2.38447796e+03
0.0925	1.96327765e+04	4.75395910e+03	-1.88320103e+03
0.0975	1.74564624e+04	6.07814549e+03	-8.86649292e+02
0.1025	1.55230000e+04	3.41834186e+03	-1.71087613e+03
0.1075	1.50672641e+04	3.36360456e+03	-1.75431158e+03
0.1125	1.32091388e+04	4.95711758e+03	1.29125496e+03
0.1175	1.37230524e+04	4.77719195e+03	3.90047033e+03
0.1225	1.27820525e+04	5.30453907e+03	1.71764355e+03
0.1275	1.27437654e+04	4.57106488e+03	1.20100824e+03
0.1325	1.15586603e+04	3.90122893e+03	-1.28845506e+03
0.1375	1.07839083e+04	3.80525228e+03	-1.77203426e+03
0.1425	9.82259316e+03	2.23811852e+03	3.81210991e+02
0.1475	9.65246261e+03	2.18041693e+03	-1.40440833e+03
0.1525	9.49346642e+03	3.37283083e+03	1.00740544e+03
0.1575	8.61239721e+03	2.73190445e+03	-2.30609633e+01
0.1625	8.10478695e+03	3.18673862e+03	8.74355784e+02
0.1675	7.72517620e+03	2.83736478e+03	7.08046065e+02
0.1725	7.75584748e+03	2.29308742e+03	-4.18991789e+00
0.1775	7.12197976e+03	1.88491268e+03	7.20773923e+01
0.1825	7.12594156e+03	2.21937734e+03	3.05696739e+02
0.1875	6.67142828e+03	2.40386314e+03	7.70839925e+02
0.1925	6.52058257e+03	1.24246114e+03	7.48396105e+02
0.1975	6.32034529e+03	1.42029296e+03	6.87753463e+02
0.2025	5.97652268e+03	1.79673254e+03	-5.79793295e+01
0.2075	5.67323414e+03	1.57988127e+03	1.72344720e+02
0.2125	5.58498165e+03	1.25798657e+03	-1.07846328e+01
0.2175	5.28724780e+03	1.36394529e+03	5.07789446e+02
0.2225	5.04092741e+03	8.18969650e+02	7.76308508e+01
0.2275	4.94088957e+03	1.18267802e+03	6.67060815e+02
0.2325	4.56139627e+03	3.61960948e+02	-2.09502607e+02
0.2375	4.61369274e+03	6.02739184e+02	2.19292376e+02
0.2425	4.35512283e+03	6.33338609e+02	4.04684042e+02
0.2475	4.29695764e+03	6.59514162e+02	5.63676939e+02
0.2525	4.20342390e+03	1.25073472e+03	1.25595644e+03
0.2575	3.76743156e+03	6.92555356e+01	2.36360065e+02
0.2625	3.76037944e+03	7.26185469e+02	1.22177651e+02
0.2675	3.81888363e+03	5.27571553e+02	4.25475209e+02
0.2725	3.46890522e+03	1.63570844e+02	-2.34382959e+02
0.2775	3.57915948e+03	5.76288857e+02	1.47067159e+02
0.2825	3.38908928e+03	5.60367754e+02	6.11757810e+02
0.2875	3.31765764e+03	6.41810486e+02	-4.07696795e+02
0.2925	3.07777155e+03	-2.09832011e+01	1.95580220e+02
0.2975	3.19104896e+03	4.18419155e+02	4.82084946e+02
0.3025	2.92550582e+03	4.05300842e+01	7.27447816e+01
0.3075	2.98006300e+03	9.86476778e+01	6.35480946e+01
0.3125	2.66991224e+03	-3.51038325e+02	5.50781340e+01
0.3175	2.80514034e+03	3.89088661e+02	1.44563305e+02
0.3225	2.76032844e+03	2.17684421e+01	7.32751700e+02
0.3275	2.58526979e+03	-3.83922401e+02	-2.65973204e+02
0.3325	2.43449936e+03	-2.24574179e+02	1.08111770e+02
0.3375	2.53874393e+03	5.43264109e+02	5.15859040e+02
0.3425	2.41541822e+03	-1.40060497e+02	5.83694116e+02
0.3475	2.26763896e+03	-4.24686513e+01	2.21352579e+02
0.3525	2.43272702e+03	1.18807163e+01	1.13909315e+02
0.3575	2.12733793e+03	-1.26100985e+02	2.79573446e+02
0.3625	2.24294640e+03	-1.15839657e+02	-2.20023174e+02
0.3675	2.07503901e+03	-2.31669265e+02	-1.15157002e+01
0.3725	2.12065621e+03	2.87713883e+01	5.52581789e+02
0.3775	1.92701527e+03	-3.35043987e+02	6.94072418e+00
0.3825	1.90538551e+03	-2.72133829e+02	3.40160505e+02
0.3875	1.94709592e+03	-1.40699987e+02	5.81258466e+02
0.3925	1.73830341e+03	-5.30053548e+02	1.22642251e+01
0.3975	1.92532120e+03	1.20589995e+02	2.05062666e+02
