####### Power Spectrum of Patchy Simulation 264 #############
# Patch: ngc
# z-type: z1
# Weights: fkp
# Fiducial Omega_m: 0.310
# Fiducial h: 0.676
# Forward-model pixellation : 0
# Rando n-bar: 0
# Boxsize: [1350.0, 2450.0, 1400.0]
# Grid: [193, 353, 200]
# k-binning: [0.000, 0.410, 0.005]
# Monte Carlo Simulations: 100
#
# Format: k | P0 | P2 | P4
############################################
0.0125	7.73255608e+04	5.48445575e+04	-1.15386689e+04
0.0175	1.03812114e+05	5.43608369e+04	6.57042067e+04
0.0225	6.31020311e+04	-5.69120967e+03	-4.24990409e+04
0.0275	7.07813815e+04	4.73200373e+04	-9.81117185e+02
0.0325	5.51921948e+04	1.15280217e+04	1.70309441e+04
0.0375	5.09953780e+04	3.95273938e+04	1.55358391e+04
0.0425	4.73382150e+04	3.42683751e+04	-8.28237706e+03
0.0475	3.97635258e+04	8.71454967e+03	-2.36368901e+04
0.0525	3.76294651e+04	1.30208741e+04	-2.62097768e+03
0.0575	3.78767849e+04	1.54244903e+04	2.13906908e+03
0.0625	3.62923372e+04	1.42871956e+04	-3.79818872e+03
0.0675	3.18028260e+04	1.14548631e+04	-9.34625216e+02
0.0725	2.86422811e+04	1.35385202e+04	-1.28559329e+03
0.0775	2.68640859e+04	7.19211683e+03	-8.15287257e+03
0.0825	2.64327065e+04	1.31488300e+04	3.95968967e+03
0.0875	2.18946980e+04	7.31887395e+03	-9.00006887e+02
0.0925	1.91561026e+04	3.92498448e+03	2.15950580e+03
0.0975	1.80843303e+04	6.18231348e+03	3.42542629e+02
0.1025	1.70659609e+04	6.80352408e+03	2.50343545e+03
0.1075	1.54248786e+04	8.12117853e+03	2.77594467e+03
0.1125	1.46778285e+04	6.17009373e+03	-1.36021257e+03
0.1175	1.40387312e+04	4.71467446e+03	1.36973502e+03
0.1225	1.30031559e+04	3.58116850e+03	2.46946027e+03
0.1275	1.29003374e+04	2.62420934e+03	7.09036974e+01
0.1325	1.26245983e+04	4.04628030e+03	8.89679846e+02
0.1375	1.20897064e+04	2.93289134e+03	7.09833065e+02
0.1425	1.07289379e+04	3.64286442e+03	5.98347749e+02
0.1475	1.13602453e+04	3.54653120e+03	5.78866964e+02
0.1525	1.01249738e+04	2.38488244e+03	-6.29451259e+02
0.1575	9.36609925e+03	3.37324855e+03	1.97367676e+02
0.1625	8.73991310e+03	2.04068032e+03	-3.12980348e+02
0.1675	8.37735027e+03	3.19273372e+03	4.72137045e+02
0.1725	7.84874762e+03	2.32535147e+03	2.03704496e+01
0.1775	7.59661846e+03	1.94996517e+03	1.27594250e+02
0.1825	7.08181929e+03	1.81994448e+03	3.97948303e+02
0.1875	6.90762614e+03	1.69143915e+03	7.26762212e+02
0.1925	6.98955927e+03	2.30289405e+03	1.27986921e+02
0.1975	6.56791687e+03	1.96152925e+03	3.78590285e+02
0.2025	6.38314429e+03	1.36479369e+03	-1.57387738e+02
0.2075	6.02539030e+03	1.42228149e+03	3.85006986e+00
0.2125	5.65320845e+03	1.20367062e+03	-3.94271006e+02
0.2175	5.79416151e+03	1.39338997e+03	-7.42968012e+02
0.2225	5.45969064e+03	7.58813025e+02	-4.33643292e+01
0.2275	5.25119449e+03	9.63940431e+02	6.12697849e+02
0.2325	5.04667781e+03	1.18193089e+03	3.52182947e+02
0.2375	4.89298308e+03	5.69335241e+02	2.75879745e+02
0.2425	4.62279847e+03	1.06350354e+03	1.30965050e+02
0.2475	4.51452789e+03	7.00016150e+02	1.51901454e+02
0.2525	4.31355665e+03	6.42821359e+02	3.41286698e+01
0.2575	4.24398174e+03	6.89814334e+02	5.89418899e+02
0.2625	3.94231570e+03	1.09528854e+02	2.21785298e+02
0.2675	3.92498240e+03	5.71689290e+02	3.88281054e+02
0.2725	4.09029576e+03	3.94665333e+02	1.13833081e+02
0.2775	3.65992274e+03	2.37115996e+02	2.55941163e+01
0.2825	3.51304064e+03	4.47761368e+02	2.04432395e+02
0.2875	3.61784764e+03	2.04135559e+02	-7.26414024e+01
0.2925	3.45152861e+03	1.79318914e+02	2.14534966e+02
0.2975	3.28931314e+03	4.98335119e+02	1.32531008e+02
0.3025	3.23268791e+03	-2.67517334e+02	-5.27667049e+00
0.3075	3.05892619e+03	1.04443620e+02	2.80138810e+02
0.3125	2.97814893e+03	1.17338560e+02	1.26828298e+02
0.3175	2.94666243e+03	5.85871427e+01	-6.99848508e+01
0.3225	2.90540736e+03	-1.98997739e+01	3.29407781e+02
0.3275	2.62877611e+03	4.12111314e+01	4.67925399e+02
0.3325	2.71866799e+03	1.26445482e+02	3.02536542e+02
0.3375	2.65659394e+03	-1.35284295e+02	-7.73472490e+01
0.3425	2.52468529e+03	-2.55219950e+02	1.44603139e+02
0.3475	2.36495211e+03	-2.02905661e+02	2.32773090e+02
0.3525	2.43131156e+03	-1.15957234e+02	3.38437130e+02
0.3575	2.41630480e+03	-1.48282178e+02	2.50265970e+02
0.3625	2.25831250e+03	-1.37807296e+02	1.36802197e+02
0.3675	2.28293925e+03	-1.29593400e+02	2.01547698e+02
0.3725	2.12497511e+03	-1.80630888e+02	6.23049519e+01
0.3775	2.15236267e+03	-5.26655342e+01	3.81249305e+02
0.3825	2.16411485e+03	-3.75351883e+02	2.00820510e+02
0.3875	2.02439290e+03	-4.28858892e+02	5.87511348e+01
0.3925	2.07849966e+03	-1.41811728e+02	2.75443086e+02
0.3975	1.98950929e+03	-3.18217129e+02	1.49635123e+02
