####### Power Spectrum of Patchy Simulation 542 #############
# Patch: sgc
# z-type: z1
# Weights: fkp
# Fiducial Omega_m: 0.310
# Fiducial h: 0.676
# Forward-model pixellation : 0
# Rando n-bar: 0
# Boxsize: [1000.0, 1900.0, 1100.0]
# Grid: [146, 276, 161]
# k-binning: [0.000, 0.410, 0.005]
# Monte Carlo Simulations: 100
#
# Format: k | P0 | P2 | P4
############################################
0.0125	4.69105396e+04	6.84683602e+04	9.22319239e+04
0.0175	1.20635027e+05	3.45799367e+04	-4.84376261e+04
0.0225	7.23492277e+04	-3.08581661e+03	-4.44985043e+04
0.0275	5.30906528e+04	4.87113021e+04	7.63017201e+03
0.0325	6.84002823e+04	7.05509691e+04	6.85316219e+04
0.0375	5.13531251e+04	1.83054932e+04	-5.34384261e+04
0.0425	4.62772474e+04	-7.95619115e+03	2.25231866e+04
0.0475	4.46369361e+04	4.50910780e+04	1.41370766e+03
0.0525	3.48768364e+04	-7.13117140e+03	-6.47232747e+03
0.0575	3.40775727e+04	1.40145454e+04	1.33553940e+04
0.0625	3.26416177e+04	6.96552502e+03	-4.22410786e+03
0.0675	3.19749007e+04	1.25741423e+04	-1.78876120e+03
0.0725	2.95522445e+04	1.13709450e+04	4.15896062e+03
0.0775	2.66197362e+04	-1.78885800e+03	6.05482631e+03
0.0825	2.33596764e+04	5.15016236e+03	-7.72705633e+03
0.0875	2.13174328e+04	7.22760304e+03	8.80733164e+03
0.0925	1.88253669e+04	8.22082292e+03	5.99800290e+03
0.0975	1.94521682e+04	1.04341181e+04	-8.68879748e+03
0.1025	1.69813952e+04	3.86490905e+03	4.44020896e+03
0.1075	1.67949680e+04	5.34641389e+03	3.15929505e+03
0.1125	1.48621578e+04	7.46811884e+03	2.02507429e+03
0.1175	1.33950177e+04	3.52698607e+03	3.09964027e+03
0.1225	1.38287364e+04	4.97111667e+03	8.67187238e+02
0.1275	1.32173472e+04	2.45249625e+03	1.84883328e+03
0.1325	1.39513514e+04	5.16676697e+03	2.28207437e+03
0.1375	1.17567016e+04	2.63986389e+03	-2.71663286e+03
0.1425	1.03943783e+04	4.26334587e+03	1.59967998e+03
0.1475	1.00847127e+04	3.21779211e+03	-5.32351875e+02
0.1525	1.03337746e+04	3.13901949e+03	3.14063529e+01
0.1575	8.56952059e+03	1.49673174e+03	5.17273246e+02
0.1625	8.46979194e+03	4.74667656e+03	7.17847957e+02
0.1675	8.94321909e+03	6.31187992e+02	5.73142138e+02
0.1725	7.78648361e+03	2.00875100e+03	-1.06895514e+02
0.1775	8.32030691e+03	2.27872397e+03	-5.45949357e+02
0.1825	7.22460366e+03	2.44490188e+03	1.50299713e+03
0.1875	7.09993094e+03	1.48080749e+03	-8.22921842e+02
0.1925	7.14834073e+03	1.64548297e+03	1.53696016e+02
0.1975	6.98021811e+03	1.19122086e+03	9.96961673e+01
0.2025	6.66736151e+03	1.04465459e+03	-7.28828565e+02
0.2075	5.65634128e+03	4.59141945e+02	-2.84882324e+02
0.2125	6.14102053e+03	1.06635009e+03	-1.34596903e+02
0.2175	5.87638268e+03	1.41469435e+03	1.93375585e+02
0.2225	5.58336757e+03	8.61148028e+02	8.96161117e+02
0.2275	5.25516243e+03	2.88495725e+02	-1.64697792e+02
0.2325	5.21357766e+03	1.06485155e+03	4.24086031e+02
0.2375	4.70893864e+03	1.12923277e+03	6.18532121e+02
0.2425	4.82930047e+03	9.21573797e+02	8.29776089e+02
0.2475	4.55533744e+03	9.83653075e+02	5.11943269e+02
0.2525	4.42571606e+03	6.89393456e+02	-6.09570531e+01
0.2575	4.33788183e+03	-4.21680915e+02	5.42010968e+02
0.2625	4.15155034e+03	7.97823685e+02	4.15273493e+02
0.2675	3.87780078e+03	2.72883159e+02	5.52424561e+02
0.2725	3.94149798e+03	5.33009558e+00	-3.21949641e+02
0.2775	3.73315150e+03	-1.04630661e+02	9.88329196e+01
0.2825	3.82636844e+03	6.07286764e+02	-9.25879167e+01
0.2875	3.74043900e+03	1.04921379e+02	2.58990477e+02
0.2925	3.26285775e+03	9.23473989e+01	6.60167902e+02
0.2975	3.24574778e+03	9.93474344e+01	1.69322147e+02
0.3025	3.35914597e+03	4.42826217e+02	2.24154407e+02
0.3075	3.16212590e+03	3.66381902e+02	5.22927796e+01
0.3125	3.05793008e+03	1.19038498e+02	1.39981469e+02
0.3175	2.95717205e+03	-2.21739544e+02	4.88963650e+02
0.3225	3.10819831e+03	-2.00064573e+02	6.49963653e+02
0.3275	2.73893637e+03	-5.18491813e+01	4.86500426e+01
0.3325	2.86297543e+03	-1.68679283e+02	3.76996924e+02
0.3375	2.62448911e+03	-5.55262678e+00	-1.93604207e+02
0.3425	2.45088998e+03	-6.32192893e+02	-5.03594949e+02
0.3475	2.72818480e+03	1.07527089e+02	6.51057964e+02
0.3525	2.43842059e+03	-2.63960864e+02	1.83081995e+02
0.3575	2.30373587e+03	-9.10427735e+00	4.54159716e+02
0.3625	2.41101990e+03	-3.06949103e+02	-3.14744342e-01
0.3675	2.26862053e+03	-1.38287947e+02	5.41852619e+02
0.3725	2.34195302e+03	-2.21514923e+02	1.05522815e+02
0.3775	2.18203030e+03	-2.51108834e+02	-1.02363518e+02
0.3825	2.02540734e+03	-2.37593994e+02	1.80013283e+02
0.3875	2.08291130e+03	-4.51892235e+02	-1.35740892e+00
0.3925	1.93407820e+03	-5.87604547e+02	2.00805803e+02
0.3975	2.10737271e+03	-4.22688916e+02	4.93295604e+02
