####### Power Spectrum of Patchy Simulation 1252 #############
# Patch: sgc
# z-type: z1
# Weights: fkp
# Fiducial Omega_m: 0.310
# Fiducial h: 0.676
# Forward-model pixellation : 0
# Rando n-bar: 0
# Boxsize: [1000.0, 1900.0, 1100.0]
# Grid: [146, 276, 161]
# k-binning: [0.000, 0.410, 0.005]
# Monte Carlo Simulations: 100
#
# Format: k | P0 | P2 | P4
############################################
0.0125	5.99299786e+04	1.04812326e+05	1.63739095e+05
0.0175	8.99751013e+04	2.53677624e+04	-9.07436710e+04
0.0225	8.08345161e+04	5.63880715e+04	1.87901096e+04
0.0275	6.77104620e+04	4.24097295e+04	-2.05635316e+04
0.0325	5.50956997e+04	4.45520450e+04	2.99460477e+04
0.0375	4.27061773e+04	-2.82263846e+03	-1.41686417e+04
0.0425	4.91500206e+04	2.98058312e+04	-3.94993584e+03
0.0475	3.67394410e+04	2.90946998e+04	3.66825539e+04
0.0525	3.75631394e+04	4.71416489e+03	-4.23548124e+03
0.0575	3.22372172e+04	5.50732216e+03	1.90037743e+04
0.0625	3.77026485e+04	2.12364010e+04	4.48632501e+03
0.0675	2.70112311e+04	6.84956447e+03	-1.01552977e+02
0.0725	3.01739092e+04	1.22235150e+04	-1.63043959e+03
0.0775	2.81600915e+04	1.52273510e+04	-1.21030253e+04
0.0825	2.33859260e+04	1.05685749e+04	3.48467536e+03
0.0875	2.03186910e+04	1.21039147e+04	4.76878429e+03
0.0925	2.23659967e+04	3.91900746e+03	3.24590692e+03
0.0975	1.61415826e+04	8.76979166e+03	-4.35153330e+02
0.1025	1.63829383e+04	5.80829911e+03	-9.24680639e+02
0.1075	1.62391126e+04	7.83111942e+03	4.10876503e+03
0.1125	1.63672894e+04	3.87714111e+03	-2.33517010e+02
0.1175	1.41493286e+04	4.75650886e+03	-1.38634918e+03
0.1225	1.37031352e+04	4.35639292e+03	-5.05002458e+02
0.1275	1.30910062e+04	6.32373990e+03	-2.19807888e+03
0.1325	1.19926640e+04	5.75182977e+03	3.04168063e+03
0.1375	1.18994451e+04	3.28338064e+03	2.59435919e+03
0.1425	9.95846792e+03	4.37428696e+03	2.60388014e+03
0.1475	1.11723748e+04	2.13396678e+03	-1.38006024e+03
0.1525	8.99048517e+03	2.66679817e+03	-4.08501160e+02
0.1575	9.50652309e+03	3.83053504e+03	-4.61411708e+02
0.1625	8.33279897e+03	2.64169391e+03	1.11678335e+03
0.1675	8.38350592e+03	1.15064861e+03	1.18334664e+03
0.1725	8.25527695e+03	3.37788381e+03	-7.45259126e+02
0.1775	7.47336328e+03	2.09284296e+03	-8.26263213e+01
0.1825	7.27397055e+03	2.93721440e+03	3.00308586e+01
0.1875	7.11486492e+03	2.33874214e+03	1.40434678e+03
0.1925	6.68899500e+03	5.93500846e+02	2.87238197e+02
0.1975	6.86777205e+03	2.16632120e+03	1.07849530e+03
0.2025	5.57180776e+03	1.40249375e+03	-9.41545837e+02
0.2075	5.76715824e+03	1.47801170e+03	2.03841620e+03
0.2125	6.18916612e+03	1.50265150e+03	8.35511885e+02
0.2175	5.61807781e+03	1.19681486e+03	-2.59314548e+02
0.2225	5.56055868e+03	9.01053497e+02	-3.36336887e+01
0.2275	5.12877915e+03	8.11631763e+02	1.26626429e+02
0.2325	4.73268001e+03	9.38324771e+02	9.09181789e+02
0.2375	4.91639719e+03	3.63825121e+02	6.96791247e+02
0.2425	4.58026353e+03	1.04200969e+03	8.11523227e+02
0.2475	4.50053512e+03	1.05607223e+03	-3.17388970e+02
0.2525	4.41211205e+03	1.09167580e+02	2.61457281e+02
0.2575	4.22040362e+03	9.49264601e+02	3.54857973e+02
0.2625	4.33037833e+03	1.54982291e+02	-2.17427526e+02
0.2675	3.88559531e+03	3.50281562e+02	1.06646873e+02
0.2725	3.81927786e+03	2.31331552e+02	3.99048176e+02
0.2775	3.73298307e+03	4.78348817e+02	1.91900095e+02
0.2825	3.89536603e+03	3.11213942e+01	-7.03664990e+02
0.2875	3.63028237e+03	6.09617079e+02	1.95616570e+02
0.2925	3.50603247e+03	-3.06489484e+02	9.13393986e+01
0.2975	3.13367937e+03	3.92938162e+02	-9.86497943e+01
0.3025	2.97997497e+03	-1.11570358e+02	1.49601422e+02
0.3075	3.25591503e+03	4.06890022e+01	-1.91443288e+02
0.3125	2.93740873e+03	4.16382038e+02	-4.59927827e+02
0.3175	2.90827163e+03	2.69727777e+02	2.14440820e+02
0.3225	2.78490139e+03	-2.35510366e+02	2.74877299e+02
0.3275	2.84492991e+03	3.66376284e+02	2.44088057e+02
0.3325	2.60079813e+03	-3.00749434e+02	2.57477861e+02
0.3375	2.53674862e+03	7.75336974e+01	1.15825289e+02
0.3425	2.70888011e+03	-2.83656626e+02	-3.22585513e+02
0.3475	2.45846442e+03	-4.29741871e+02	3.31607740e+02
0.3525	2.40130135e+03	1.91756946e+02	3.61558466e+02
0.3575	2.30721144e+03	-2.80670818e+02	-3.80549315e+00
0.3625	2.49452168e+03	-1.52690538e+02	2.16321466e+02
0.3675	2.25237627e+03	-3.41223699e+02	7.71595780e+02
0.3725	2.11557816e+03	-1.65866195e+02	1.54753418e+02
0.3775	2.10603111e+03	-3.84895881e+02	1.80231010e+01
0.3825	2.15159692e+03	4.37977107e+00	7.63714069e+01
0.3875	1.98353740e+03	-4.48501277e+02	1.80994802e+02
0.3925	2.09832160e+03	-5.00245867e+02	3.78113036e+02
0.3975	1.91605212e+03	-3.99134606e+02	1.79187780e+02
