####### Power Spectrum of Patchy Simulation 982 #############
# Patch: ngc
# z-type: z3
# Weights: fkp
# Fiducial Omega_m: 0.310
# Fiducial h: 0.676
# Forward-model pixellation : 0
# Rando n-bar: 0
# Boxsize: [1800.0, 3400.0, 1900.0]
# Grid: [261, 500, 276]
# k-binning: [0.000, 0.410, 0.005]
# Monte Carlo Simulations: 100
#
# Format: k | P0 | P2 | P4
############################################
0.0125	5.97139899e+04	6.15698708e+03	-4.52921114e+04
0.0175	8.18724026e+04	1.05903836e+05	1.08558260e+04
0.0225	5.73763037e+04	-9.75524096e+02	5.80737458e+03
0.0275	6.64341110e+04	6.09347156e+04	1.31526981e+04
0.0325	5.19978909e+04	2.05991561e+04	-1.70357626e+04
0.0375	4.72728331e+04	2.75171970e+04	-7.13539627e+03
0.0425	3.91633851e+04	6.64408430e+03	-2.54887202e+04
0.0475	3.94890020e+04	2.14647483e+04	3.66261356e+03
0.0525	3.76011225e+04	1.94780207e+04	1.72837404e+04
0.0575	3.30776030e+04	5.65238409e+03	-1.00191343e+04
0.0625	3.01838776e+04	1.70258802e+04	3.64663063e+03
0.0675	2.50152443e+04	7.35231044e+03	2.03189375e+03
0.0725	3.00436279e+04	1.74237629e+04	1.49490389e+03
0.0775	2.32233410e+04	1.09485602e+04	-4.41117717e+02
0.0825	2.35214003e+04	1.42017590e+04	3.97128863e+03
0.0875	2.07709732e+04	5.55377946e+03	-2.69520838e+03
0.0925	1.88572754e+04	8.79808030e+03	2.77746283e+03
0.0975	1.79996313e+04	7.37816135e+03	8.38316421e+02
0.1025	1.56790737e+04	5.58170322e+03	-2.95318379e+02
0.1075	1.48748075e+04	3.51102858e+03	-2.70228992e+03
0.1125	1.37469444e+04	6.26620378e+03	1.19683562e+03
0.1175	1.24793063e+04	2.19267401e+03	-7.63625530e+02
0.1225	1.33785737e+04	7.48098030e+03	2.42380128e+03
0.1275	1.12708885e+04	1.56438040e+03	-5.41014575e+02
0.1325	1.26603985e+04	6.60377359e+03	8.64010420e+02
0.1375	9.70107030e+03	1.60313068e+03	1.40178922e+03
0.1425	1.02741632e+04	4.70160718e+03	-9.51901762e+01
0.1475	9.65713564e+03	2.91017656e+03	-1.56427277e+03
0.1525	9.51838424e+03	3.35192394e+03	1.77188996e+03
0.1575	8.60313057e+03	3.49763772e+03	2.44752180e+02
0.1625	8.36232450e+03	2.14231795e+03	6.33404809e+02
0.1675	8.05723263e+03	2.92926253e+03	2.92675253e+02
0.1725	6.90929978e+03	1.06496773e+03	-6.38144256e+02
0.1775	7.68135725e+03	2.99191328e+03	1.42909411e+03
0.1825	6.43502284e+03	1.21799650e+03	6.61512732e+02
0.1875	6.67337129e+03	1.90465437e+03	-6.85211125e+02
0.1925	6.26574305e+03	1.78212820e+03	-6.96832709e+02
0.1975	6.40554804e+03	1.60247124e+03	1.32430443e+03
0.2025	5.53718991e+03	2.17006480e+03	1.08700221e+03
0.2075	5.96210365e+03	1.46477919e+03	3.30377949e+01
0.2125	5.36013597e+03	8.09175678e+02	-4.00992723e+01
0.2175	5.28590513e+03	1.31175187e+03	5.34865979e+02
0.2225	4.77135261e+03	5.19229680e+02	-2.04812580e+01
0.2275	4.84018436e+03	1.21425347e+03	1.62590255e+02
0.2325	4.76627641e+03	9.10787880e+02	6.19568908e+01
0.2375	4.56816946e+03	9.68834404e+02	1.23961767e+03
0.2425	4.34326683e+03	5.47110403e+02	-2.00278989e+02
0.2475	4.21620192e+03	8.57285763e+02	8.32316259e+02
0.2525	3.99346856e+03	7.99788036e+02	7.80223021e+01
0.2575	3.93895070e+03	9.45737946e+02	5.68416590e+02
0.2625	3.87412074e+03	9.11295835e+02	3.71509523e+02
0.2675	3.73459497e+03	6.14394412e+01	3.38976275e+02
0.2725	3.24074481e+03	3.34406260e+02	6.11672762e+02
0.2775	3.53267935e+03	9.28005243e+02	1.67362745e+02
0.2825	3.46811102e+03	5.41866647e+02	3.16875578e+02
0.2875	3.09632399e+03	-3.07380958e+02	-4.38897525e+02
0.2925	3.25843842e+03	3.22132756e+02	7.01069043e+02
0.2975	2.86110094e+03	9.59502906e+01	2.09636032e+02
0.3025	3.13891063e+03	2.33389547e+02	3.06730051e+02
0.3075	2.77030716e+03	-1.83613271e+01	4.10561031e+02
0.3125	2.89604548e+03	1.55200031e+02	2.24551322e+02
0.3175	2.73527407e+03	8.20892035e+00	3.29665293e+01
0.3225	2.68321031e+03	2.72464422e+02	1.86134204e+02
0.3275	2.52638813e+03	-1.03749416e+02	3.85301755e+02
0.3325	2.31167048e+03	2.98940744e+01	1.28556996e+02
0.3375	2.44176867e+03	4.12636675e+02	7.57265221e+02
0.3425	2.35435792e+03	-5.02915451e+02	-2.80399951e+02
0.3475	2.39656173e+03	4.92151958e+02	4.77021293e+02
0.3525	2.22683181e+03	2.34842029e+02	2.65757005e+02
0.3575	2.16815192e+03	-3.86593527e+02	4.68355986e+02
0.3625	2.19349568e+03	5.59855052e+01	3.08946903e+01
0.3675	2.06241828e+03	-8.54902399e+01	3.40728726e+02
0.3725	1.96202783e+03	-7.23067665e+01	3.24424964e+02
0.3775	2.01291134e+03	-3.40652921e+02	3.95106801e+02
0.3825	1.94993525e+03	-2.65560712e+02	2.00709881e+02
0.3875	1.77633606e+03	-1.15428393e+02	4.14699704e+02
0.3925	1.86813999e+03	-4.52590607e+02	1.21538346e+01
0.3975	1.83190921e+03	-1.89062280e+02	5.57079284e+02
