####### Power Spectrum of Patchy Simulation 1940 #############
# Patch: sgc
# z-type: z1
# Weights: fkp
# Fiducial Omega_m: 0.310
# Fiducial h: 0.676
# Forward-model pixellation : 0
# Rando n-bar: 0
# Boxsize: [1000.0, 1900.0, 1100.0]
# Grid: [146, 276, 161]
# k-binning: [0.000, 0.410, 0.005]
# Monte Carlo Simulations: 100
#
# Format: k | P0 | P2 | P4
############################################
0.0125	1.09620252e+05	1.63570438e+05	-5.41615477e+04
0.0175	7.33217184e+04	-9.02420013e+04	-9.21225941e+03
0.0225	9.08425912e+04	2.41967847e+04	6.01438965e+04
0.0275	5.23218477e+04	3.96437690e+04	1.09230878e+04
0.0325	6.51530806e+04	-6.81950573e+03	-6.91485722e+03
0.0375	4.06885352e+04	4.92099597e+03	2.71106606e+04
0.0425	5.37877805e+04	4.97869278e+04	3.70229876e+03
0.0475	3.68433366e+04	1.40311301e+03	3.12963161e+03
0.0525	4.29636604e+04	4.91660505e+03	-3.71940693e+03
0.0575	3.57531101e+04	2.95597695e+04	-1.85019320e+04
0.0625	3.19355065e+04	9.59334600e+03	5.42453442e+03
0.0675	3.04030615e+04	5.83976776e+03	-5.98069831e+03
0.0725	2.65556327e+04	3.15190331e+03	3.76302259e+03
0.0775	2.64468017e+04	3.94065490e+03	-5.87145321e+03
0.0825	2.44301607e+04	6.91615118e+03	-1.17950337e+03
0.0875	2.25675435e+04	9.07179523e+03	2.24900275e+03
0.0925	2.09887386e+04	1.57043339e+03	-2.62438041e+03
0.0975	1.65452187e+04	6.65710500e+03	1.67388352e+03
0.1025	1.61882494e+04	4.49801314e+03	2.25352685e+03
0.1075	1.44816875e+04	7.53386852e+03	2.76422231e+03
0.1125	1.54245715e+04	3.93575435e+03	1.29150477e+03
0.1175	1.32309017e+04	3.90011361e+03	-2.09352066e+03
0.1225	1.31631331e+04	1.93937482e+03	8.95050291e+02
0.1275	1.43159834e+04	6.23536640e+03	-4.29624318e+02
0.1325	1.20213520e+04	3.28339109e+03	-7.59811506e+02
0.1375	1.18154446e+04	1.37421337e+03	1.60869744e+02
0.1425	1.08547140e+04	2.44725147e+03	-1.41832211e+03
0.1475	9.79746279e+03	3.20166386e+03	1.74090549e+03
0.1525	9.80492516e+03	2.12579096e+03	-3.34245663e+02
0.1575	8.99871365e+03	2.70493284e+03	-7.88303288e+02
0.1625	8.35615350e+03	9.45357978e+02	-4.80698866e+02
0.1675	8.46295055e+03	2.77091234e+03	1.30723873e+02
0.1725	7.96915716e+03	2.13521589e+03	6.83653339e+02
0.1775	7.85135773e+03	2.54354701e+03	9.24916917e+02
0.1825	7.26580887e+03	2.90270267e+03	9.66287896e+01
0.1875	7.34383612e+03	1.34529084e+03	1.82114479e+03
0.1925	6.68684031e+03	1.80062836e+03	1.29649219e+03
0.1975	6.67181661e+03	1.68138211e+03	-3.07074069e+02
0.2025	6.06168943e+03	1.42011984e+03	1.22484227e+03
0.2075	6.07928319e+03	7.67154978e+02	1.01861817e+03
0.2125	5.33281408e+03	7.84539087e+02	-2.06812979e+02
0.2175	5.92352908e+03	1.29656287e+03	7.11180641e+02
0.2225	5.31009790e+03	9.15795714e+02	-6.15402594e+02
0.2275	5.12721502e+03	9.66769507e+02	1.12994576e+02
0.2325	4.85905926e+03	6.02004216e+02	2.59661989e+02
0.2375	4.96850158e+03	1.65899958e+03	-4.73608294e+01
0.2425	4.86046860e+03	1.81518327e+03	4.98590863e+02
0.2475	4.33141879e+03	2.34126350e+02	8.09803833e+02
0.2525	4.40877488e+03	6.93023524e+02	6.76370897e+02
0.2575	4.27932552e+03	-3.35198273e+02	1.13724657e+03
0.2625	3.97924599e+03	6.07426986e+02	2.17533454e+02
0.2675	3.89066736e+03	4.25407831e+02	-5.34486947e+01
0.2725	3.64413927e+03	4.20101117e+02	1.36614271e+01
0.2775	3.81735816e+03	1.89781091e+02	-8.63704685e+01
0.2825	3.58412005e+03	6.04997992e+02	-1.13568971e+02
0.2875	3.38254777e+03	4.89656851e+02	-3.05581186e+01
0.2925	3.51356425e+03	2.24721897e+02	8.29781604e+02
0.2975	3.01726729e+03	2.78832696e+01	7.58413987e+02
0.3025	3.24899799e+03	-2.66569387e+02	1.51960324e+01
0.3075	3.05355246e+03	3.47212609e+02	9.82901227e+01
0.3125	2.98683845e+03	1.01221246e+01	2.07613034e+02
0.3175	2.97846446e+03	2.87527307e+00	1.67320609e+01
0.3225	2.93286431e+03	3.90963667e+02	4.55384805e+02
0.3275	2.69527709e+03	-2.93205789e+02	5.68763831e+02
0.3325	2.70112073e+03	-2.37862651e+02	4.51769415e+02
0.3375	2.59955289e+03	1.37429614e+02	1.56802793e+02
0.3425	2.44447672e+03	-1.46537461e+02	2.01789342e+02
0.3475	2.39840740e+03	8.60117419e+01	5.43862433e+02
0.3525	2.28279203e+03	-9.75673400e+01	-2.87610834e+01
0.3575	2.28388734e+03	5.13716492e+01	-1.66749547e+02
0.3625	2.25395796e+03	-1.23753402e+02	2.20239606e+02
0.3675	2.29524414e+03	-5.66883251e+02	1.38275999e+02
0.3725	2.13603216e+03	-4.04376005e+00	4.12423785e+02
0.3775	2.07281901e+03	-4.31540251e+02	1.42515276e+02
0.3825	2.14316855e+03	-2.45864267e+02	2.94302447e+01
0.3875	2.18041418e+03	-4.78538561e+02	7.10473661e+01
0.3925	1.88755812e+03	-7.60790039e+01	1.55032099e+02
0.3975	2.03006379e+03	-3.20596019e+02	4.25206461e+02
