####### Power Spectrum of Patchy Simulation 1257 #############
# Patch: sgc
# z-type: z3
# Weights: fkp
# Fiducial Omega_m: 0.310
# Fiducial h: 0.676
# Forward-model pixellation : 0
# Rando n-bar: 0
# Boxsize: [1000.0, 2600.0, 1500.0]
# Grid: [146, 384, 215]
# k-binning: [0.000, 0.410, 0.005]
# Monte Carlo Simulations: 100
#
# Format: k | P0 | P2 | P4
############################################
0.0125	5.22481666e+04	-6.83710864e+03	9.81257847e+04
0.0175	9.38645822e+04	4.00457173e+04	-5.17944546e+04
0.0225	3.40574591e+04	-9.15140187e+04	-7.55514860e+04
0.0275	8.00213407e+04	1.05285745e+05	4.72114742e+04
0.0325	7.69850370e+04	1.86566321e+04	2.96548802e+04
0.0375	4.14684913e+04	6.47470300e+02	-1.69995171e+04
0.0425	4.93629605e+04	5.15540569e+04	-6.42293929e+03
0.0475	4.30559576e+04	-1.52178129e+04	-1.42811419e+04
0.0525	3.63221176e+04	2.97170063e+04	1.79640357e+04
0.0575	2.97073369e+04	-1.81165460e+02	-1.29299851e+04
0.0625	3.61300628e+04	9.96458362e+03	8.89567335e+02
0.0675	3.04297690e+04	2.01534188e+04	1.80748850e+04
0.0725	2.83106902e+04	1.24560239e+04	5.21191054e+03
0.0775	2.71523549e+04	1.68675804e+04	3.05691633e+03
0.0825	2.32568585e+04	2.65055993e+03	7.46026024e+02
0.0875	2.25543095e+04	1.00013482e+04	1.75343734e+03
0.0925	2.06441521e+04	1.43215769e+04	7.04472413e+03
0.0975	2.04212650e+04	4.80755403e+03	-6.81184095e+03
0.1025	1.73788055e+04	1.16477900e+04	1.97192760e+03
0.1075	1.55944501e+04	3.32515176e+03	4.66672082e+03
0.1125	1.43330099e+04	7.91783469e+03	-5.58481509e+02
0.1175	1.40793424e+04	2.69521270e+03	-1.56789945e+03
0.1225	1.47946164e+04	6.78060392e+03	-9.35539342e+00
0.1275	1.23039254e+04	3.28278016e+03	7.52764535e+02
0.1325	1.31578279e+04	4.18117852e+03	3.42153030e+02
0.1375	1.20120680e+04	5.80929657e+03	-2.64306023e+02
0.1425	1.09915684e+04	-9.41827337e+02	-2.68644364e+02
0.1475	1.09479527e+04	3.75600331e+03	3.95656893e+03
0.1525	1.02265003e+04	2.51916927e+03	1.72530309e+03
0.1575	8.82901599e+03	-1.56701426e+02	-2.06226160e+03
0.1625	9.53600229e+03	3.52752118e+03	-4.86355363e+02
0.1675	8.80914598e+03	2.94717291e+03	1.89701615e+03
0.1725	9.23747734e+03	3.52816368e+03	-1.11856367e+03
0.1775	7.34574259e+03	5.06185851e+02	-4.43378645e+02
0.1825	7.29563985e+03	1.98436080e+03	1.83344158e+03
0.1875	7.54878575e+03	2.23168481e+03	3.20255359e+02
0.1925	7.48747574e+03	1.45547761e+03	3.74997200e+02
0.1975	6.83677650e+03	1.69899793e+03	-1.09817954e+03
0.2025	6.37152260e+03	1.61392140e+03	6.42435375e+02
0.2075	6.47932028e+03	1.18813847e+03	-4.43134343e+02
0.2125	6.07576704e+03	1.91156291e+03	2.45228630e+02
0.2175	5.57729244e+03	2.86319440e+02	1.05429983e+03
0.2225	5.87655248e+03	1.15400711e+03	4.84474375e+02
0.2275	5.47370546e+03	8.91179402e+02	-1.63313652e+02
0.2325	5.41098662e+03	1.82647589e+03	7.40385481e+02
0.2375	4.83664949e+03	1.13767784e+03	1.23511387e+03
0.2425	4.90220046e+03	1.31303231e+03	-9.11661441e+02
0.2475	4.70470051e+03	8.33031761e+02	9.64250040e+02
0.2525	4.90331618e+03	6.56373330e+02	1.05820839e+02
0.2575	4.20535338e+03	1.83068681e+02	4.28133524e+02
0.2625	4.54374030e+03	3.30620529e+02	-9.31861787e+01
0.2675	4.31244682e+03	1.40026733e+02	-2.36063879e+02
0.2725	4.02330420e+03	4.89922305e+02	7.03733053e+02
0.2775	3.99982551e+03	5.09859001e+02	-2.37880765e+02
0.2825	3.69219300e+03	2.79994851e+02	4.15884520e+02
0.2875	3.71219850e+03	3.14271114e+02	1.70739049e+03
0.2925	3.68553777e+03	-1.26803184e+02	-3.57684362e+02
0.2975	3.57295337e+03	3.17663869e+02	6.15136441e+02
0.3025	3.34496530e+03	1.59665363e+02	5.33968121e+01
0.3075	3.31026917e+03	3.34649091e+02	-3.45313385e+02
0.3125	3.00518926e+03	-3.23660636e+02	4.24384733e+02
0.3175	3.25203252e+03	-2.59136837e+02	8.23671449e+01
0.3225	3.01583558e+03	2.80776368e+02	6.10828689e+02
0.3275	3.20354099e+03	-1.63921788e+02	-2.73197583e+01
0.3325	2.52223375e+03	-2.74548357e+02	-6.39499853e+00
0.3375	2.83675611e+03	-5.60527490e+01	2.29360907e+01
0.3425	2.66696263e+03	2.70249971e+02	2.52137153e+02
0.3475	2.49321107e+03	-2.46328454e+02	3.02351537e+02
0.3525	2.91787869e+03	-4.18623731e+01	-2.45476924e+02
0.3575	2.43561483e+03	-5.98690021e+02	6.27586480e+02
0.3625	2.80762829e+03	-3.15995690e+02	-1.84032608e+02
0.3675	2.56196208e+03	2.17317689e+01	4.38234267e+02
0.3725	2.25330651e+03	-2.73376800e+02	-5.95026804e+01
0.3775	2.43566159e+03	1.92036809e+02	-2.91425895e+02
0.3825	2.24554634e+03	-4.30828110e+02	6.47529379e+02
0.3875	2.35597727e+03	-2.44244312e+00	1.46287140e+02
0.3925	2.23077316e+03	-5.76889312e+02	5.31557243e+02
0.3975	2.28947494e+03	-5.67054888e+02	6.19377394e+02
