####### Power Spectrum of Patchy Simulation 577 #############
# Patch: ngc
# z-type: z1
# Weights: fkp
# Fiducial Omega_m: 0.310
# Fiducial h: 0.676
# Forward-model pixellation : 0
# Rando n-bar: 0
# Boxsize: [1350.0, 2450.0, 1400.0]
# Grid: [193, 353, 200]
# k-binning: [0.000, 0.410, 0.005]
# Monte Carlo Simulations: 100
#
# Format: k | P0 | P2 | P4
############################################
0.0125	5.73434986e+04	4.58900823e+04	2.64778269e+04
0.0175	5.79262116e+04	2.46270145e+04	-1.41652893e+04
0.0225	9.60693241e+04	4.24971494e+04	5.19825768e+03
0.0275	6.12242165e+04	3.30601663e+04	-1.54689428e+04
0.0325	6.14076421e+04	1.58421552e+04	-7.02340837e+03
0.0375	4.88518310e+04	1.36139499e+04	-1.86783292e+04
0.0425	4.97677347e+04	3.60120860e+04	9.70665168e+03
0.0475	3.96024566e+04	1.85465607e+03	3.35365564e+03
0.0525	3.75604700e+04	1.54907932e+04	-2.32783446e+03
0.0575	3.20327836e+04	1.62200263e+04	-4.66167887e+02
0.0625	2.99376053e+04	1.15713124e+04	8.02536446e+02
0.0675	3.25673579e+04	1.69201088e+04	2.17848408e+03
0.0725	2.75698131e+04	3.47129092e+03	-9.16230262e+02
0.0775	2.64996086e+04	8.46300956e+03	-2.78018029e+02
0.0825	2.26295914e+04	6.05162008e+03	1.75851831e+02
0.0875	1.97157328e+04	6.61681932e+03	4.62311394e+03
0.0925	2.02004817e+04	6.42756663e+03	-4.99092864e+02
0.0975	1.84905754e+04	8.68513849e+03	3.28564013e+02
0.1025	1.65701360e+04	3.65425372e+03	6.11762987e+02
0.1075	1.47164014e+04	6.59763381e+03	1.27077268e+03
0.1125	1.51150191e+04	6.01576769e+03	-1.46589013e+03
0.1175	1.44199640e+04	4.00296291e+03	-7.22652696e+02
0.1225	1.39329873e+04	5.68485790e+03	-1.16070426e+03
0.1275	1.37872525e+04	3.51577718e+03	9.61981167e+02
0.1325	1.23417544e+04	3.61706265e+03	2.34119296e+03
0.1375	1.14322674e+04	3.44264971e+03	2.76136184e+02
0.1425	1.08343396e+04	4.03279219e+03	1.99207971e+03
0.1475	1.02996606e+04	2.68493781e+03	1.00519812e+03
0.1525	9.96617512e+03	2.57485222e+03	1.10294639e+03
0.1575	9.24927945e+03	3.30438077e+03	9.60155498e+01
0.1625	8.66982018e+03	2.75624797e+03	-4.08573357e+01
0.1675	8.46031924e+03	2.57408749e+03	9.10252077e+02
0.1725	8.25101893e+03	1.88522954e+03	-3.43688467e+02
0.1775	7.91181203e+03	2.13521597e+03	-1.55189031e+02
0.1825	7.30244488e+03	1.82296642e+03	1.16386618e+03
0.1875	6.79805692e+03	1.87924450e+03	9.10809226e+02
0.1925	7.08792101e+03	1.89521505e+03	8.67207669e+02
0.1975	6.56080528e+03	1.32892692e+03	3.59763595e+02
0.2025	6.04030740e+03	1.12351792e+03	2.80217862e+02
0.2075	6.26692191e+03	9.50664355e+02	-2.25083129e+02
0.2125	5.77300000e+03	1.43126647e+03	3.43491548e+02
0.2175	5.94005481e+03	1.85843469e+03	5.55450360e+02
0.2225	5.06970874e+03	1.15404304e+03	5.43042050e+02
0.2275	5.32633885e+03	1.01231852e+03	5.32993856e+02
0.2325	4.93346869e+03	1.34957249e+03	2.48181808e+01
0.2375	4.97495405e+03	8.48610221e+02	1.40438076e+01
0.2425	4.69511101e+03	3.90356575e+02	2.88989717e+02
0.2475	4.61589259e+03	1.43706046e+03	3.92307891e+02
0.2525	4.29466621e+03	6.59727886e+02	4.27178611e+02
0.2575	4.13416636e+03	7.51906884e+02	4.78928941e+00
0.2625	4.27165780e+03	3.43345136e+02	-6.59668897e+01
0.2675	3.95975486e+03	4.73902115e+02	4.88850351e+02
0.2725	3.77112994e+03	3.93049217e+02	2.70084087e+02
0.2775	3.91237904e+03	6.56879763e+02	1.96741055e+02
0.2825	3.55077013e+03	4.89228451e+02	2.50141091e+02
0.2875	3.52269478e+03	2.30090708e+02	1.19106907e+02
0.2925	3.49580071e+03	3.89627390e+02	1.85112226e+02
0.2975	3.27763476e+03	2.48947485e+02	4.04699272e+02
0.3025	3.28393763e+03	3.27027439e+02	4.85639110e+02
0.3075	3.15074159e+03	2.29999972e+02	6.35040924e+02
0.3125	2.97235575e+03	3.60473184e+01	3.33359429e+02
0.3175	2.93097153e+03	1.64992928e+01	-1.11539333e+00
0.3225	2.83696078e+03	-2.52494468e+02	2.78163673e+02
0.3275	2.83976765e+03	1.14313406e+01	9.15424668e+01
0.3325	2.62655135e+03	7.57446977e+01	2.22160674e+02
0.3375	2.56532551e+03	-2.72614086e+01	2.54348404e+02
0.3425	2.55122069e+03	9.84315855e+00	2.39239011e+02
0.3475	2.37717844e+03	-8.30550466e+01	3.12318293e+02
0.3525	2.46327934e+03	-6.04302141e+01	1.74668824e+02
0.3575	2.34009448e+03	-2.33217292e+02	2.19249475e+02
0.3625	2.27804686e+03	-1.25479384e+02	2.84705464e+02
0.3675	2.35835460e+03	-8.79146192e+01	1.67523648e+02
0.3725	2.21195874e+03	-2.36301198e+02	2.22975206e+02
0.3775	2.10233111e+03	-2.16514037e+02	3.22976262e+02
0.3825	2.13614801e+03	-2.13544205e+02	2.41048303e+02
0.3875	2.07521333e+03	-2.66678787e+02	2.70021022e+02
0.3925	2.01512015e+03	-3.94632603e+02	2.90094411e+02
0.3975	1.98138448e+03	-3.42456345e+02	3.51426989e+02
