####### Power Spectrum of Patchy Simulation 837 #############
# Patch: sgc
# z-type: z1
# Weights: fkp
# Fiducial Omega_m: 0.310
# Fiducial h: 0.676
# Forward-model pixellation : 0
# Rando n-bar: 0
# Boxsize: [1000.0, 1900.0, 1100.0]
# Grid: [146, 276, 161]
# k-binning: [0.000, 0.410, 0.005]
# Monte Carlo Simulations: 100
#
# Format: k | P0 | P2 | P4
############################################
0.0125	4.85319834e+04	6.22698079e+04	-9.66344754e+04
0.0175	8.31746853e+04	3.26619970e+04	-3.03344596e+04
0.0225	4.29435521e+04	-1.15860541e+04	1.49921575e+04
0.0275	7.90262703e+04	9.55039234e+04	8.13315174e+04
0.0325	6.85234201e+04	1.16532010e+04	1.35880901e+04
0.0375	4.54985318e+04	3.29023730e+04	1.48826690e+04
0.0425	4.72313502e+04	4.35715217e+04	1.24297037e+04
0.0475	4.37340821e+04	2.20438393e+04	-3.32460130e+03
0.0525	3.68959580e+04	1.34147047e+04	4.31137134e+03
0.0575	3.14643296e+04	1.28615094e+04	-2.21748636e+03
0.0625	2.64442624e+04	1.12047431e+04	3.47463188e+03
0.0675	2.84157274e+04	1.30433640e+04	-2.40770203e+03
0.0725	3.06026787e+04	1.09685227e+04	-3.27137767e+03
0.0775	2.59710295e+04	1.02720707e+04	-3.40094372e+03
0.0825	2.00963847e+04	7.15425533e+03	2.74290905e+02
0.0875	2.16977251e+04	6.96793698e+03	-3.25587114e+03
0.0925	2.02320853e+04	4.15516639e+03	3.87388337e+03
0.0975	1.88298963e+04	7.30623566e+03	4.97096083e+03
0.1025	1.62724603e+04	2.85901436e+03	-2.57307385e+03
0.1075	1.31001263e+04	2.16597818e+03	6.11414423e+02
0.1125	1.55384300e+04	4.38896193e+03	6.74681800e+02
0.1175	1.45649005e+04	3.96250725e+03	-6.24925818e+02
0.1225	1.42450339e+04	4.33000522e+03	1.29043346e+02
0.1275	1.26181006e+04	3.70943489e+03	4.84311181e+02
0.1325	1.25697900e+04	2.62184555e+03	-2.68808639e+02
0.1375	1.10605468e+04	4.84841147e+03	2.90720569e+02
0.1425	1.16757775e+04	2.72266780e+03	6.91421888e+02
0.1475	9.55156425e+03	1.65324941e+03	-9.95418468e+02
0.1525	9.32656651e+03	2.07763065e+03	-1.21226154e+03
0.1575	9.83532817e+03	2.94268040e+03	1.04006523e+03
0.1625	8.44381670e+03	1.61542134e+03	2.34643084e+03
0.1675	8.49610708e+03	4.09686211e+03	3.17822828e+03
0.1725	7.32384590e+03	2.00706525e+03	-1.27823846e+02
0.1775	7.68744983e+03	2.04406960e+03	8.16962406e+02
0.1825	7.65765505e+03	2.67673350e+03	8.82224461e+02
0.1875	6.71140193e+03	1.54847918e+03	-3.98032046e+02
0.1925	6.70958474e+03	1.06080587e+03	1.47264891e+02
0.1975	6.47234067e+03	2.12813059e+03	-1.09454553e+03
0.2025	6.39758896e+03	1.27873605e+03	1.55609528e+03
0.2075	6.11059919e+03	1.69302991e+03	7.83485358e+02
0.2125	5.46506480e+03	2.28471525e+03	-2.86123004e+02
0.2175	5.34833839e+03	1.17203562e+03	1.34514359e+03
0.2225	5.31001609e+03	1.74573031e+03	-8.02321480e+00
0.2275	5.04833710e+03	1.49322552e+03	1.23587232e+02
0.2325	4.62913848e+03	1.17831543e+03	-1.53273350e+02
0.2375	4.89025962e+03	9.70726804e+02	6.14930737e+02
0.2425	4.49427683e+03	1.26899081e+03	-1.01347560e+02
0.2475	4.30938034e+03	8.41194735e+02	-5.37862752e+01
0.2525	4.26899651e+03	2.73961604e+02	-7.65665284e+01
0.2575	3.83928679e+03	6.50530171e+02	-6.06963862e+02
0.2625	3.86979394e+03	5.16242791e+02	2.46904653e+02
0.2675	3.82272025e+03	1.67927288e+02	1.07212975e+02
0.2725	3.74134803e+03	2.12649683e+02	6.88350703e+02
0.2775	3.57845421e+03	4.07533075e+01	-9.07933576e+01
0.2825	3.49864725e+03	9.36049802e+02	2.39020640e+01
0.2875	3.34503186e+03	1.91950740e+02	6.14578593e+02
0.2925	3.30100746e+03	4.40663780e+02	-2.81123369e+02
0.2975	3.18301179e+03	5.12483769e+01	8.84950506e+02
0.3025	3.06020121e+03	-2.35409793e+02	1.03354902e+01
0.3075	3.24556052e+03	5.33238989e+01	3.33156498e+02
0.3125	2.80468482e+03	-2.26068954e+02	5.74950691e+01
0.3175	2.83351809e+03	-1.62917422e+01	1.20037741e+02
0.3225	2.73068711e+03	3.98401826e+02	6.63127330e+02
0.3275	2.61819132e+03	-1.43091164e+02	-1.54431861e+02
0.3325	2.58591442e+03	2.86033429e+01	6.77346630e+02
0.3375	2.65654715e+03	-7.85317004e+01	2.79020538e+02
0.3425	2.43882695e+03	-6.98419210e+01	3.41776919e+02
0.3475	2.33764340e+03	-4.68397904e+02	5.92418267e+02
0.3525	2.42144443e+03	-1.64126756e+02	-4.03633632e+01
0.3575	2.24032851e+03	-3.65824479e+02	3.20839089e+02
0.3625	2.14191309e+03	-1.64445896e+01	1.50981716e+02
0.3675	2.11568480e+03	-1.33978999e+02	-2.89997506e+01
0.3725	2.05742867e+03	-1.32610747e+02	1.57085728e+02
0.3775	2.02500339e+03	-1.32886615e+02	1.11808982e+02
0.3825	1.97054342e+03	-3.71315582e+02	3.96693310e+02
0.3875	1.93907339e+03	-2.62578752e+02	3.44444449e+02
0.3925	2.06787856e+03	-5.90766755e+02	2.02331013e+02
0.3975	1.93984710e+03	-2.73376707e+02	1.28255107e+02
