####### Power Spectrum of Patchy Simulation 1038 #############
# Patch: sgc
# z-type: z3
# Weights: fkp
# Fiducial Omega_m: 0.310
# Fiducial h: 0.676
# Forward-model pixellation : 0
# Rando n-bar: 0
# Boxsize: [1000.0, 2600.0, 1500.0]
# Grid: [146, 384, 215]
# k-binning: [0.000, 0.410, 0.005]
# Monte Carlo Simulations: 100
#
# Format: k | P0 | P2 | P4
############################################
0.0125	1.21356189e+05	6.98678316e+03	1.02723164e+04
0.0175	5.45060555e+04	-2.34248729e+04	1.36655164e+04
0.0225	6.32895454e+04	4.83827942e+04	1.60750347e+04
0.0275	4.54202342e+04	1.80734275e+04	2.67984891e+04
0.0325	5.76596953e+04	2.59373832e+04	-2.54352877e+04
0.0375	4.75363034e+04	3.13015902e+04	1.94912812e+03
0.0425	3.95027744e+04	1.07113048e+04	4.63394358e+03
0.0475	4.43831746e+04	1.40670993e+04	-1.12513033e+04
0.0525	3.94983199e+04	2.16738205e+04	9.26965100e+02
0.0575	3.53775021e+04	1.09275121e+04	-1.18143031e+04
0.0625	3.53599118e+04	1.61967766e+04	7.66043306e+02
0.0675	2.99175606e+04	1.44532687e+04	9.76793498e+02
0.0725	3.04367244e+04	1.68179175e+04	4.63184631e+03
0.0775	2.75246190e+04	3.65619182e+03	4.39707411e+03
0.0825	2.16208775e+04	3.02912507e+03	1.28337518e+02
0.0875	2.34083504e+04	1.65113343e+04	-2.42042658e+03
0.0925	2.11304101e+04	8.55407208e+03	2.19053535e+03
0.0975	1.58756208e+04	4.47625168e+03	4.58649737e+03
0.1025	1.85376631e+04	9.53577663e+03	-3.16135936e+03
0.1075	1.58765950e+04	1.61569499e+03	-5.63208468e+03
0.1125	1.51087607e+04	9.17723719e+03	4.32697932e+03
0.1175	1.48290303e+04	6.17595077e+03	-3.69182019e+01
0.1225	1.41199452e+04	4.06682053e+03	1.88028173e+03
0.1275	1.31474684e+04	5.82420331e+03	-1.01379536e+03
0.1325	1.28037646e+04	1.53025417e+03	-1.20822484e+03
0.1375	1.20269283e+04	4.55045173e+03	-2.67688891e+02
0.1425	1.06891778e+04	2.75705680e+03	-2.45762488e+03
0.1475	1.13353266e+04	6.40126428e+03	9.81322706e+02
0.1525	1.03544714e+04	1.07644339e+03	-4.05646569e+02
0.1575	8.88021187e+03	2.42140862e+03	3.64309062e+02
0.1625	8.43856756e+03	3.10446490e+03	-1.16266126e+03
0.1675	9.10632734e+03	2.99663459e+03	9.14155044e+02
0.1725	8.32015904e+03	2.22202285e+03	-1.95501953e+03
0.1775	7.96175843e+03	1.77076961e+03	8.42581552e+02
0.1825	7.78271684e+03	2.06564494e+02	-1.58583885e+03
0.1875	7.95632650e+03	3.38803029e+03	4.89202634e+01
0.1925	7.28498456e+03	1.85045312e+03	4.19993124e+02
0.1975	7.39555806e+03	2.56709990e+03	-2.60611952e+01
0.2025	5.72437562e+03	9.66985846e+02	2.50315407e+03
0.2075	7.08847087e+03	2.61787315e+03	1.29016511e+03
0.2125	6.09640375e+03	1.67808347e+03	-5.89460159e+02
0.2175	5.71151529e+03	1.49144314e+02	-5.18161802e+02
0.2225	5.76222708e+03	1.39508925e+03	1.71787477e+03
0.2275	5.79552094e+03	-1.49292172e+02	-2.21343383e+03
0.2325	5.69465884e+03	1.99188944e+03	6.36918587e+02
0.2375	5.00711459e+03	1.77007999e+02	6.16040386e+02
0.2425	5.21976270e+03	1.24135288e+03	-8.99700413e+02
0.2475	4.98239522e+03	7.96654341e+02	3.57279373e+02
0.2525	4.84792983e+03	1.29876087e+03	2.40374408e+02
0.2575	4.21819028e+03	2.21692701e+02	8.82815597e+02
0.2625	4.74916272e+03	7.69302802e+02	-5.44035602e+02
0.2675	4.35489554e+03	3.54830304e+02	1.65795184e+03
0.2725	4.09058683e+03	8.39907007e+02	3.08363488e+02
0.2775	3.86914685e+03	6.43864658e+02	9.02153578e+02
0.2825	4.12324426e+03	-1.93749847e+02	2.50367683e+02
0.2875	3.57062441e+03	4.13415630e+02	4.04865701e+02
0.2925	3.87163136e+03	1.84642937e+02	3.18514249e+02
0.2975	3.45301482e+03	-1.08639100e+02	1.11732095e+03
0.3025	3.53548592e+03	-3.46403426e+02	-4.55829245e+02
0.3075	3.15302198e+03	-1.45087673e+02	4.84677100e+02
0.3125	3.52060852e+03	6.46641125e+02	-2.09376011e+02
0.3175	3.07234609e+03	-5.56879857e+01	7.45825622e+02
0.3225	3.22760722e+03	5.79038217e+02	1.63802171e+02
0.3275	3.23885646e+03	-1.22078999e+02	-7.01749932e+01
0.3325	2.94967815e+03	2.85710243e+02	6.83103537e+02
0.3375	2.84874085e+03	-7.28850810e+02	-2.23488771e+02
0.3425	2.77298339e+03	1.84261485e+02	1.88000595e+02
0.3475	3.11151350e+03	-1.74349243e+01	3.09992072e+02
0.3525	2.63249364e+03	-1.05477075e+02	2.59713765e+02
0.3575	2.78389378e+03	-1.20941854e+02	-2.57134820e+02
0.3625	2.53446570e+03	-1.98767007e+02	2.06897590e+02
0.3675	2.57716598e+03	-2.28765630e+02	1.27543422e+02
0.3725	2.60951549e+03	6.27722501e+01	6.21408600e+02
0.3775	2.61166007e+03	-5.56750994e+02	-6.10462620e+02
0.3825	2.30533945e+03	-9.11631041e+01	-1.72808036e+01
0.3875	2.55894996e+03	-2.75846725e+02	4.75286816e+02
0.3925	2.36284349e+03	-3.57530807e+02	-3.22361353e+01
0.3975	2.36919404e+03	-4.58709926e+02	9.90438356e-01
