####### Power Spectrum of Patchy Simulation 1070 #############
# Patch: sgc
# z-type: z1
# Weights: fkp
# Fiducial Omega_m: 0.310
# Fiducial h: 0.676
# Forward-model pixellation : 0
# Rando n-bar: 0
# Boxsize: [1000.0, 1900.0, 1100.0]
# Grid: [146, 276, 161]
# k-binning: [0.000, 0.410, 0.005]
# Monte Carlo Simulations: 100
#
# Format: k | P0 | P2 | P4
############################################
0.0125	4.35848147e+04	-2.30393937e+04	1.98329865e+04
0.0175	8.51107082e+04	9.17554437e+04	-3.23486885e+04
0.0225	8.08808051e+04	8.26016534e+04	6.22846464e+04
0.0275	6.84630453e+04	2.90792766e+04	-2.69009163e+04
0.0325	5.29002490e+04	4.98415489e+03	-6.15088150e+04
0.0375	5.74093333e+04	1.79779147e+04	-4.30446387e+04
0.0425	5.54373648e+04	6.82515546e+03	-6.71628077e+03
0.0475	5.03379864e+04	3.38720202e+04	1.98480638e+04
0.0525	3.47044620e+04	6.67130381e+03	1.56304651e+04
0.0575	3.36713873e+04	1.07994070e+04	1.25646427e+04
0.0625	4.21812622e+04	1.67369661e+04	9.77525560e+03
0.0675	3.13980221e+04	-8.58762880e+02	-1.24389075e+04
0.0725	3.01721692e+04	4.56367243e+03	2.20101490e+03
0.0775	2.94453915e+04	1.03503405e+04	8.72980688e+01
0.0825	2.23323433e+04	6.88875292e+03	7.84247879e+03
0.0875	2.35404384e+04	2.10784342e+03	5.28556015e+03
0.0925	1.68181317e+04	2.26865131e+03	4.87341614e+02
0.0975	1.80914821e+04	5.38193463e+03	-1.65110304e+03
0.1025	1.69806511e+04	4.13217852e+03	8.65024311e+01
0.1075	1.66998720e+04	8.98978800e+03	-1.49885794e+03
0.1125	1.55683525e+04	7.44254758e+03	4.41812590e+03
0.1175	1.33951558e+04	5.11380981e+03	-5.67137728e+01
0.1225	1.51137787e+04	5.56245919e+03	4.89490592e+02
0.1275	1.25069821e+04	1.83107453e+03	-1.73136354e+03
0.1325	1.09849698e+04	6.33298001e+02	1.55557532e+03
0.1375	1.18231867e+04	5.32855348e+03	6.64327938e+02
0.1425	1.12399496e+04	4.14641926e+03	-1.70954965e+01
0.1475	1.03098001e+04	3.24807733e+03	-1.68100975e+03
0.1525	1.05491669e+04	3.87837051e+03	-1.13621161e+03
0.1575	8.69252108e+03	2.94625661e+03	1.27530815e+03
0.1625	8.93220281e+03	3.88209365e+03	1.69125622e+03
0.1675	8.41162111e+03	2.84905565e+03	-1.34274609e+03
0.1725	7.59961991e+03	4.57020541e+02	6.72656042e+02
0.1775	7.91095833e+03	2.66184172e+03	-1.38152177e+02
0.1825	7.28647812e+03	3.53420845e+03	4.69326595e+02
0.1875	7.10288367e+03	1.04542380e+03	-4.08859234e+02
0.1925	6.92375586e+03	1.22847298e+03	-2.36308551e+02
0.1975	6.16496844e+03	2.06886843e+03	-1.69253508e+02
0.2025	6.49795894e+03	1.18387900e+03	2.32065653e+02
0.2075	5.97676513e+03	1.99241452e+03	4.88676667e+02
0.2125	5.88836546e+03	1.36221941e+03	1.23603765e+03
0.2175	5.30314576e+03	1.30025299e+03	1.91456431e+02
0.2225	5.36231292e+03	1.60142608e+03	1.22136321e+03
0.2275	5.25608427e+03	7.04478257e+02	-9.17447163e+02
0.2325	4.82822658e+03	5.92802722e+02	4.88058938e+02
0.2375	4.98222997e+03	1.18761016e+03	2.34998756e+02
0.2425	4.92846824e+03	6.18529384e+02	5.61489980e+02
0.2475	4.27496098e+03	5.03175514e+02	-2.73330520e+01
0.2525	4.31111125e+03	5.73756087e+02	1.94639167e+02
0.2575	4.09822833e+03	3.08800844e+02	7.94847484e+02
0.2625	4.03194341e+03	-9.41777494e+01	8.33773474e+02
0.2675	4.05430491e+03	9.64367354e+02	1.30132989e+02
0.2725	3.71934827e+03	-3.96782148e+01	-6.82350520e+02
0.2775	3.59394104e+03	8.25455144e+02	1.99886082e+02
0.2825	3.69296063e+03	6.59454023e+02	-7.45207001e+01
0.2875	3.38142211e+03	-2.54688941e+01	6.37715118e+02
0.2925	3.29972035e+03	6.91997608e+02	3.29366547e+02
0.2975	3.26732784e+03	1.99505857e+02	1.23877770e+02
0.3025	3.03928740e+03	3.06220801e+02	4.60937097e+02
0.3075	3.08167784e+03	2.08487996e+02	5.57690574e+02
0.3125	3.19905398e+03	5.96666448e+01	-2.25110540e+02
0.3175	2.77036476e+03	7.80595350e+00	1.85916337e+02
0.3225	2.80793238e+03	-5.89433285e+01	1.76285569e+02
0.3275	2.71412253e+03	-4.05210075e+02	2.89873014e+01
0.3325	2.43409021e+03	-1.90732246e+02	3.15034631e+01
0.3375	2.56462135e+03	-1.27596322e+02	3.55826938e+02
0.3425	2.43285624e+03	8.58026029e+01	1.85730977e+02
0.3475	2.49824895e+03	-2.55491051e+01	-1.30293352e+02
0.3525	2.30438991e+03	-2.71155991e+01	2.83614971e+01
0.3575	2.42915506e+03	-8.31843831e+01	1.57229054e+02
0.3625	2.31297473e+03	-1.88896439e+01	1.68631910e+02
0.3675	2.19616635e+03	-1.94860773e+02	1.01584833e+02
0.3725	2.04348892e+03	-4.52918285e+02	1.32684480e+02
0.3775	2.12680879e+03	-3.67955138e+00	3.64509111e+02
0.3825	2.20359366e+03	-4.97893107e+02	-6.72357787e+01
0.3875	1.82224438e+03	-4.77271600e+01	3.25347361e+02
0.3925	2.06624236e+03	-3.94650910e+02	1.15280543e+02
0.3975	1.86536703e+03	-3.10114822e+02	1.65075544e+02
