####### Power Spectrum of Patchy Simulation 1410 #############
# Patch: ngc
# z-type: z1
# Weights: fkp
# Fiducial Omega_m: 0.310
# Fiducial h: 0.676
# Forward-model pixellation : 0
# Rando n-bar: 0
# Boxsize: [1350.0, 2450.0, 1400.0]
# Grid: [193, 353, 200]
# k-binning: [0.000, 0.410, 0.005]
# Monte Carlo Simulations: 100
#
# Format: k | P0 | P2 | P4
############################################
0.0125	6.38525007e+04	8.40776973e+04	4.25021760e+04
0.0175	7.75442739e+04	4.88835558e+04	4.91775976e+04
0.0225	6.41596733e+04	2.50633283e+03	9.15644210e+03
0.0275	8.27252381e+04	9.26715830e+03	-4.01998605e+04
0.0325	5.68780494e+04	1.34395664e+04	-6.16544333e+01
0.0375	4.83514528e+04	1.80736718e+04	-1.44087579e+04
0.0425	4.59550687e+04	3.40595201e+04	7.84218267e+03
0.0475	4.23753425e+04	2.47531276e+04	-6.49439588e+03
0.0525	3.82599720e+04	2.08110349e+04	9.70796174e+03
0.0575	3.66474461e+04	1.56009233e+04	-1.12943983e+03
0.0625	3.16998502e+04	5.51779962e+03	-3.21618598e+03
0.0675	2.87198609e+04	7.19940386e+03	-3.68160935e+02
0.0725	2.78656265e+04	8.07512995e+03	9.96534399e+02
0.0775	2.67556815e+04	9.60644604e+03	-1.53473353e+03
0.0825	2.33096059e+04	8.82236522e+03	-1.00727117e+03
0.0875	2.22043130e+04	1.10334524e+04	4.62253335e+03
0.0925	2.09169586e+04	6.59892706e+03	-1.12322001e+03
0.0975	1.62451089e+04	4.27456456e+03	-3.41177375e+03
0.1025	1.67607981e+04	6.06355329e+03	1.53767101e+03
0.1075	1.61465260e+04	6.75334827e+03	3.23789487e+03
0.1125	1.46774814e+04	5.12121286e+03	-7.42058720e+02
0.1175	1.36297013e+04	4.33012878e+03	4.93824305e+01
0.1225	1.33167358e+04	4.33726499e+03	1.15690736e+03
0.1275	1.30855153e+04	5.71306312e+03	5.42863054e+02
0.1325	1.21043059e+04	2.81655331e+03	-7.44139405e+02
0.1375	1.17519154e+04	2.71396168e+03	-5.34989340e+02
0.1425	1.11367171e+04	3.46982090e+03	1.19458286e+01
0.1475	1.01453251e+04	3.22800898e+03	1.58041677e+02
0.1525	1.01382728e+04	3.70415164e+03	9.30137606e+02
0.1575	8.71767291e+03	3.49485851e+03	9.84803706e+02
0.1625	8.96651156e+03	3.18420102e+03	7.95371577e+02
0.1675	8.29492312e+03	2.69254955e+03	-1.06853267e+03
0.1725	7.89918513e+03	2.48847609e+03	-5.72269595e+01
0.1775	7.43302431e+03	2.50698921e+03	3.00807062e+02
0.1825	7.47184813e+03	2.44779729e+03	4.53057887e+02
0.1875	6.85671781e+03	1.46560546e+03	3.94824763e+02
0.1925	7.10552510e+03	2.32247627e+03	2.05329612e+02
0.1975	6.48976590e+03	1.48685342e+03	5.82354071e+01
0.2025	6.40482075e+03	1.59581412e+03	7.64037433e+01
0.2075	5.93343189e+03	1.24334935e+03	2.82689405e+02
0.2125	5.90065998e+03	1.49251020e+03	-2.61554073e+01
0.2175	5.63095501e+03	1.46530391e+03	3.10633161e+02
0.2225	5.24328728e+03	1.03247698e+03	5.19142073e+02
0.2275	5.12778533e+03	1.31122569e+03	-1.39137200e+02
0.2325	4.93565707e+03	1.09704850e+03	4.02802483e+01
0.2375	4.82216279e+03	6.64513664e+02	-1.05790649e+02
0.2425	4.93051775e+03	9.04606946e+02	2.63357772e+01
0.2475	4.25001229e+03	7.85096036e+02	2.73952819e+01
0.2525	4.39945555e+03	5.94760157e+02	-1.75934702e+02
0.2575	4.02144718e+03	7.89282178e+02	2.10731115e+00
0.2625	4.20392097e+03	6.83760681e+02	5.11776349e+02
0.2675	3.89568459e+03	5.54227283e+02	3.74332528e+02
0.2725	3.86655254e+03	7.07796815e+02	1.65237958e+02
0.2775	3.60002223e+03	4.32704715e+02	2.08759822e+02
0.2825	3.59664010e+03	5.99250632e+02	2.85191624e+02
0.2875	3.55717035e+03	1.44521618e+02	3.14863508e+01
0.2925	3.42877209e+03	1.77627012e+02	2.31642048e+02
0.2975	3.20869818e+03	3.45768669e+02	-2.61621980e+01
0.3025	3.05597454e+03	2.90572661e+02	2.40408738e+02
0.3075	3.02715999e+03	3.92412443e+02	1.56601113e+02
0.3125	2.98523984e+03	2.03736412e+02	1.24046953e+02
0.3175	2.82366456e+03	-8.20480986e+01	1.68027992e+02
0.3225	2.79417639e+03	1.85115993e+02	3.16950294e+02
0.3275	2.71010478e+03	-1.21256230e+02	2.11089850e+02
0.3325	2.72709960e+03	2.62986881e+02	3.06476609e+02
0.3375	2.60600693e+03	-1.21708471e+02	2.67757189e+02
0.3425	2.52604510e+03	-1.26350741e+02	2.09162455e+02
0.3475	2.49096759e+03	7.85780943e+01	4.02562233e+02
0.3525	2.35819839e+03	-5.71464812e+01	3.18310686e+02
0.3575	2.23395641e+03	-8.68031292e+01	2.91771755e+02
0.3625	2.27184081e+03	-2.61564547e+02	-2.27248370e+02
0.3675	2.27696758e+03	-2.29132998e+02	4.16426583e+02
0.3725	2.01474607e+03	-2.59486088e+02	3.23714121e+02
0.3775	2.16049318e+03	-3.60959527e+01	2.51023534e+02
0.3825	2.02648430e+03	-2.74871398e+02	9.31346702e+01
0.3875	1.97637847e+03	-2.06180420e+02	2.08235486e+02
0.3925	1.92740723e+03	-2.28474874e+02	2.07718584e+02
0.3975	1.96057189e+03	-1.49268427e+02	2.83394147e+02
