####### Power Spectrum of Patchy Simulation 104 #############
# Patch: ngc
# z-type: z3
# Weights: fkp
# Fiducial Omega_m: 0.310
# Fiducial h: 0.676
# Forward-model pixellation : 0
# Rando n-bar: 0
# Boxsize: [1800.0, 3400.0, 1900.0]
# Grid: [261, 500, 276]
# k-binning: [0.000, 0.410, 0.005]
# Monte Carlo Simulations: 100
#
# Format: k | P0 | P2 | P4
############################################
0.0125	4.32620495e+04	-5.93138840e+04	5.14992637e+03
0.0175	6.61399412e+04	5.14791672e+04	-1.13931430e+04
0.0225	7.86329013e+04	3.86704465e+02	-4.23123684e+03
0.0275	6.11420701e+04	1.51685351e+04	1.45753760e+04
0.0325	6.22126762e+04	4.16621159e+04	3.07043847e+04
0.0375	5.24473161e+04	1.41910089e+04	-2.75553804e+04
0.0425	3.81627654e+04	5.79999759e+03	-3.56602033e+03
0.0475	4.21383330e+04	2.23531391e+04	-2.22356025e+03
0.0525	3.39073329e+04	7.14716018e+03	-2.97840250e+03
0.0575	2.74017449e+04	5.55600626e+03	-6.37178595e+03
0.0625	3.09242044e+04	1.50523814e+04	1.06568743e+04
0.0675	3.04124369e+04	1.26083753e+04	-7.20310765e+02
0.0725	2.56108769e+04	1.34259291e+04	6.27748664e+02
0.0775	2.52867947e+04	1.29029219e+04	6.39539637e+03
0.0825	2.23171796e+04	6.46253442e+03	-3.83241443e+03
0.0875	1.97563993e+04	1.00306304e+04	3.44688059e+03
0.0925	1.94529352e+04	7.15512449e+03	1.77751569e+03
0.0975	1.69766892e+04	6.62605843e+03	-4.72968722e+03
0.1025	1.58114786e+04	4.95844608e+03	-4.31721923e+02
0.1075	1.47593124e+04	7.12147713e+03	4.14347119e+03
0.1125	1.41678698e+04	5.67603362e+03	-3.32331468e+01
0.1175	1.26822896e+04	3.87026957e+03	-9.80555149e+02
0.1225	1.21815814e+04	5.17093986e+03	1.07028808e+03
0.1275	1.19107253e+04	2.57586844e+03	3.62474247e+02
0.1325	1.19249214e+04	5.72603949e+03	2.29673278e+03
0.1375	1.08683322e+04	3.04328737e+03	-3.74647224e+02
0.1425	1.02563250e+04	3.54400347e+03	-6.02160997e+02
0.1475	9.85524111e+03	2.40344357e+03	-1.69773831e+03
0.1525	8.62364412e+03	2.46004299e+03	1.27059828e+03
0.1575	9.19109903e+03	3.32660741e+03	-1.43264215e+03
0.1625	7.70717046e+03	9.17973583e+02	1.47788712e+00
0.1675	8.01139790e+03	3.69903832e+03	1.64687117e+03
0.1725	7.33745155e+03	1.88856079e+03	6.37119475e+02
0.1775	6.83214673e+03	1.10087025e+03	-1.57060887e+03
0.1825	7.05724180e+03	2.33488516e+03	6.89609945e+02
0.1875	6.64412878e+03	1.49080902e+03	2.39949957e+02
0.1925	6.55122904e+03	1.46841282e+03	8.91589185e+00
0.1975	5.79762623e+03	6.90255702e+02	8.81906885e+02
0.2025	6.13233035e+03	2.14637687e+03	4.12561155e+02
0.2075	5.29895681e+03	5.23830681e+02	-8.81609696e+02
0.2125	5.53757858e+03	1.71632488e+03	2.08407014e+02
0.2175	5.28425459e+03	7.68050121e+02	9.40389360e+02
0.2225	4.60741189e+03	8.01840126e+02	2.27322402e+02
0.2275	4.99502979e+03	1.74554444e+03	1.95327961e+02
0.2325	4.55111818e+03	1.21736773e+02	3.56088863e+02
0.2375	4.80260849e+03	1.57764478e+03	2.35449405e+02
0.2425	4.31336785e+03	8.06262704e+02	-2.17396406e+02
0.2475	4.05415402e+03	4.21314152e+02	5.66053988e+02
0.2525	4.14329042e+03	6.22199065e+02	7.59205455e+01
0.2575	3.94175908e+03	2.50495605e+02	5.09475691e+02
0.2625	3.90840360e+03	4.47951056e+02	5.99160601e+01
0.2675	3.87882138e+03	6.12807425e+02	-1.28923143e+02
0.2725	3.67796369e+03	5.69035931e+02	6.46081422e+02
0.2775	3.56411620e+03	6.04303039e+02	2.01193316e+02
0.2825	3.32240154e+03	3.66317114e+02	2.57315251e+02
0.2875	3.27217187e+03	-7.44361329e+01	1.34378883e+02
0.2925	3.13265421e+03	2.63822104e+02	4.42323532e+00
0.2975	3.09687345e+03	4.58064286e+02	5.81846084e+02
0.3025	2.88322834e+03	-7.39206029e+01	1.94459370e+02
0.3075	3.00241614e+03	4.61298238e+02	4.36698616e+02
0.3125	2.66594621e+03	-1.59505526e+02	2.93475305e+02
0.3175	2.92677500e+03	-1.94619337e+02	1.70710981e+02
0.3225	2.62925161e+03	4.08780744e+02	6.94113820e+02
0.3275	2.52561666e+03	-3.57851624e+02	-6.49498300e+01
0.3325	2.48898195e+03	-1.17801157e+02	2.72763070e+02
0.3375	2.50073202e+03	-4.89925824e+02	-1.98359376e+01
0.3425	2.39539872e+03	3.26513445e+02	3.77310923e+02
0.3475	2.38507766e+03	-3.77719215e+02	3.20189049e+02
0.3525	2.13228060e+03	1.71499514e+00	1.43894056e+02
0.3575	2.30382588e+03	-1.00928229e+02	5.96232885e+02
0.3625	2.18359668e+03	-6.94504754e+01	1.93753847e+02
0.3675	2.08679682e+03	-2.50884997e+02	1.94987641e+02
0.3725	2.04408376e+03	-2.14494822e+02	1.43180763e+02
0.3775	1.96331473e+03	-4.09803132e+02	-3.78801630e+01
0.3825	1.97315464e+03	-1.76179414e+02	1.28246443e+02
0.3875	1.88786846e+03	-3.32912042e+02	2.23404454e+02
0.3925	1.98381919e+03	-2.56020446e+02	3.70348589e+02
0.3975	1.83986753e+03	-5.42073495e+02	2.15515687e+02
