####### Power Spectrum of Patchy Simulation 1910 #############
# Patch: sgc
# z-type: z1
# Weights: fkp
# Fiducial Omega_m: 0.310
# Fiducial h: 0.676
# Forward-model pixellation : 0
# Rando n-bar: 0
# Boxsize: [1000.0, 1900.0, 1100.0]
# Grid: [146, 276, 161]
# k-binning: [0.000, 0.410, 0.005]
# Monte Carlo Simulations: 100
#
# Format: k | P0 | P2 | P4
############################################
0.0125	6.22829207e+04	-6.63622150e+04	9.01923736e+03
0.0175	8.29166379e+04	1.64667869e+03	1.62485805e+04
0.0225	5.03004722e+04	1.28575980e+04	3.95310715e+04
0.0275	8.59431068e+04	1.69967426e+04	-1.17136259e+04
0.0325	5.93870303e+04	2.59045753e+04	-1.62380524e+04
0.0375	4.20615165e+04	4.61273711e+03	-1.24505577e+04
0.0425	4.60605927e+04	1.50216000e+03	-2.55128227e+04
0.0475	3.71482319e+04	1.84739174e+04	5.50810059e+03
0.0525	4.13009604e+04	1.01669871e+04	1.25737192e+04
0.0575	3.19031278e+04	1.81022709e+04	2.01189015e+04
0.0625	3.89802225e+04	4.98099381e+03	2.57589473e+03
0.0675	3.08979788e+04	1.66591694e+04	-5.90398274e+03
0.0725	2.84629033e+04	9.15225499e+03	5.91319876e+03
0.0775	2.28619347e+04	-1.01147019e+02	-4.97009192e+03
0.0825	2.26291177e+04	8.40141445e+03	-3.84274346e+03
0.0875	2.33359775e+04	9.34767546e+03	4.93520642e+03
0.0925	1.74906424e+04	3.11302328e+03	-8.39918609e+01
0.0975	1.72330503e+04	1.56851569e+03	-2.18934957e+03
0.1025	1.61050289e+04	3.08963975e+03	-1.73829813e+03
0.1075	1.54999169e+04	5.02122804e+03	1.49098991e+02
0.1125	1.54610492e+04	5.71912288e+03	-1.00513305e+03
0.1175	1.15626602e+04	5.07914335e+03	1.47509340e+02
0.1225	1.49952338e+04	5.83422895e+03	7.76971480e+02
0.1275	1.23014837e+04	3.81280172e+03	3.42992480e+02
0.1325	1.21804668e+04	2.69702357e+03	-1.00849797e+03
0.1375	1.19507999e+04	5.24531255e+03	3.99551675e+02
0.1425	1.03708231e+04	2.53106050e+03	-7.34667299e+02
0.1475	9.86962743e+03	2.36350480e+03	-9.58413738e+02
0.1525	9.51815422e+03	2.87502878e+03	1.69514085e+03
0.1575	9.06567459e+03	1.29912945e+03	-1.79594313e+03
0.1625	8.39991848e+03	2.27437287e+03	1.21095340e+03
0.1675	7.09097790e+03	-3.47260690e+02	-6.23434309e+02
0.1725	8.76432034e+03	1.90596352e+03	-2.21627598e+02
0.1775	7.89473081e+03	2.67925365e+03	4.33838862e+02
0.1825	7.37084603e+03	1.85781895e+03	1.07599360e+02
0.1875	7.42767425e+03	2.22495505e+03	1.59767448e+03
0.1925	6.71108295e+03	1.25224099e+03	5.59504365e+02
0.1975	6.50398352e+03	1.19539028e+03	7.38922602e+02
0.2025	6.27997231e+03	1.30179844e+03	-8.58872804e+02
0.2075	6.17311937e+03	1.52547776e+03	6.28845341e+01
0.2125	5.92491677e+03	1.15594185e+03	1.09938977e+03
0.2175	5.83868205e+03	1.81268956e+03	-1.00289846e+01
0.2225	5.07987377e+03	3.10072138e+02	-3.09852046e+02
0.2275	5.40214657e+03	1.31479532e+03	6.21261838e+02
0.2325	4.98126385e+03	2.87929153e+01	-3.45485444e+02
0.2375	4.77310128e+03	1.10434910e+03	-4.99164116e+02
0.2425	5.00489971e+03	3.05871933e+02	-2.00904154e+02
0.2475	3.89247184e+03	7.74971366e+02	5.18080735e+02
0.2525	4.54231110e+03	5.54693214e+02	7.23748729e+02
0.2575	4.26325016e+03	3.59155124e+02	-1.06053867e+01
0.2625	4.02380287e+03	4.76558588e+02	3.42714027e+02
0.2675	4.00833277e+03	4.31426984e+02	6.71740482e+02
0.2725	3.93703585e+03	5.00165295e+02	4.12733219e+01
0.2775	3.61669176e+03	2.46531519e+02	1.74533974e+02
0.2825	3.52427496e+03	-2.40142226e+02	1.09988796e+02
0.2875	3.67453475e+03	1.05895584e+02	-8.40395933e+01
0.2925	3.56834461e+03	2.24126208e+02	-2.45707472e+00
0.2975	3.14286307e+03	1.79731436e+02	9.10753472e+01
0.3025	3.12483861e+03	4.19068227e+02	-1.90837443e+02
0.3075	3.34637844e+03	3.04127066e+02	-2.24001281e+02
0.3125	3.10942456e+03	-1.96168202e+02	1.52557357e+01
0.3175	2.74032994e+03	1.26732811e+02	4.47780266e+02
0.3225	2.77794792e+03	1.37660928e+02	-2.04992878e+02
0.3275	2.65733341e+03	-1.84077868e+02	3.68394633e+02
0.3325	2.61153918e+03	4.46884090e+01	2.36379432e+02
0.3375	2.72927621e+03	-8.28542500e+01	-1.49221790e+01
0.3425	2.63061869e+03	-1.74288952e+02	5.23956083e+02
0.3475	2.47317309e+03	-2.31679433e+02	5.71256946e+02
0.3525	2.30264956e+03	1.23744006e+02	4.40399589e+02
0.3575	2.38010331e+03	-3.25282554e+01	-4.85647517e+01
0.3625	2.34185893e+03	-2.14755803e+02	2.83257335e+02
0.3675	2.23926271e+03	-1.64286303e+02	3.74044359e+02
0.3725	2.11285665e+03	-1.54109551e+02	-1.69069241e+02
0.3775	2.22447669e+03	-5.99144146e+01	1.38237937e+02
0.3825	2.01931207e+03	-2.64972932e+02	-1.01203481e+02
0.3875	2.11691540e+03	2.87024856e+01	2.41789261e+02
0.3925	1.97251622e+03	-3.64873094e+02	-1.08320382e+02
0.3975	2.05600361e+03	-5.59583731e+02	3.28646115e+02
