####### Power Spectrum of Patchy Simulation 1922 #############
# Patch: ngc
# z-type: z1
# Weights: fkp
# Fiducial Omega_m: 0.310
# Fiducial h: 0.676
# Forward-model pixellation : 0
# Rando n-bar: 0
# Boxsize: [1350.0, 2450.0, 1400.0]
# Grid: [193, 353, 200]
# k-binning: [0.000, 0.410, 0.005]
# Monte Carlo Simulations: 100
#
# Format: k | P0 | P2 | P4
############################################
0.0125	1.08865754e+05	7.35336201e+04	-6.86091506e+02
0.0175	6.72505229e+04	4.22178966e+04	4.30529055e+03
0.0225	6.33274542e+04	2.28512323e+04	-1.01269568e+04
0.0275	6.33977199e+04	-3.68095564e+03	-1.29227635e+04
0.0325	5.59317921e+04	1.20195672e+04	8.28080030e+03
0.0375	6.18303042e+04	3.54858336e+04	5.32122129e+03
0.0425	4.69163102e+04	3.11921665e+04	-4.40920547e+02
0.0475	3.89541817e+04	2.02547302e+03	-5.54644813e+03
0.0525	3.76723372e+04	1.22092447e+04	-4.55945375e+03
0.0575	3.34462971e+04	1.28107311e+04	1.69247705e+03
0.0625	3.29533173e+04	1.44728834e+04	1.30425116e+04
0.0675	3.09207317e+04	1.70667043e+04	-6.96436045e+03
0.0725	3.03430732e+04	7.92642271e+03	-1.81476924e+03
0.0775	2.49139767e+04	1.22153147e+04	2.15641970e+03
0.0825	2.41627355e+04	4.11920168e+03	-1.56723582e+03
0.0875	2.22382735e+04	1.03576657e+04	7.98666884e+02
0.0925	2.01232872e+04	6.85280653e+03	-2.80193086e+03
0.0975	1.75943276e+04	7.05854551e+03	1.33732519e+03
0.1025	1.66053440e+04	3.45262409e+03	-1.53237308e+02
0.1075	1.55379946e+04	7.29732756e+03	-1.79697016e+03
0.1125	1.51973138e+04	5.35270642e+03	2.31098128e+02
0.1175	1.44815329e+04	5.66304730e+03	1.12325151e+03
0.1225	1.30828261e+04	4.44900540e+03	-4.79874874e+02
0.1275	1.26050670e+04	4.48799548e+03	1.47410801e+02
0.1325	1.22959097e+04	3.37215291e+03	-1.42501043e+03
0.1375	1.21032362e+04	3.04064656e+03	-4.54377561e+01
0.1425	1.07375592e+04	3.68645553e+03	2.31022493e+03
0.1475	1.05204170e+04	3.51067963e+03	1.86405015e+03
0.1525	9.23221868e+03	1.35978095e+03	2.67094717e+02
0.1575	9.40714575e+03	4.00840768e+03	9.10656515e+02
0.1625	8.78803892e+03	2.66066116e+03	-9.11222673e+01
0.1675	8.34158272e+03	2.29934895e+03	-4.34074858e+02
0.1725	8.00019254e+03	2.68714445e+03	5.60436126e+02
0.1775	7.76054616e+03	1.93202079e+03	7.01666039e+02
0.1825	7.49918030e+03	2.65774002e+03	7.50340199e+02
0.1875	7.05979965e+03	1.89668511e+03	6.84388453e+01
0.1925	6.77710636e+03	1.48019159e+03	-4.20063337e+02
0.1975	6.78654914e+03	1.80145431e+03	2.41534121e+02
0.2025	6.12126479e+03	1.42528722e+03	3.34483158e+02
0.2075	6.10479311e+03	7.86712547e+02	3.68954812e+02
0.2125	6.19067536e+03	1.58922049e+03	-6.07525832e+01
0.2175	5.57177854e+03	1.46107888e+03	3.34435137e+02
0.2225	5.42450843e+03	8.15728111e+02	1.73831964e+02
0.2275	5.17741952e+03	1.32069091e+03	5.09297398e+02
0.2325	4.99147800e+03	5.50578903e+02	5.89658743e+02
0.2375	4.66806500e+03	7.97125193e+02	1.34926121e+02
0.2425	4.64105105e+03	2.53927074e+02	-3.45177290e+02
0.2475	4.54336165e+03	9.55506956e+02	-1.92966348e+01
0.2525	4.44473479e+03	4.02991506e+02	8.77844447e+00
0.2575	4.19454105e+03	1.95371814e+02	4.07396513e+02
0.2625	4.13571933e+03	2.93014303e+02	-1.50187966e+01
0.2675	4.14034675e+03	8.94925333e+02	3.64952703e+02
0.2725	3.90310186e+03	9.95049438e+01	2.55538805e+02
0.2775	3.61444822e+03	3.85282236e+02	-2.92255255e+01
0.2825	3.67893015e+03	5.24734600e+02	3.74821126e+02
0.2875	3.50636326e+03	1.89019780e+02	4.27760687e+02
0.2925	3.43206119e+03	5.95670350e+02	3.95360190e+02
0.2975	3.32898800e+03	5.46862568e+02	2.54655748e+02
0.3025	3.23581844e+03	7.20332406e+01	3.19400097e+02
0.3075	3.07964365e+03	1.64983189e+02	2.69291792e+02
0.3125	2.90338552e+03	2.56593753e+02	2.16023303e+02
0.3175	2.94587009e+03	-7.50082883e+01	-1.70771899e+02
0.3225	2.83514516e+03	1.34238155e+02	3.92784638e+02
0.3275	2.79451134e+03	1.04653998e+01	4.30163362e+02
0.3325	2.59007351e+03	-2.11035485e+02	-6.72985601e+01
0.3375	2.65323207e+03	1.08125698e+02	1.46292466e+02
0.3425	2.54680324e+03	-1.21709819e+02	2.91315172e+02
0.3475	2.39661964e+03	-1.74037398e+02	3.36908047e+02
0.3525	2.43295378e+03	4.10188128e+01	4.19173604e+02
0.3575	2.38344820e+03	-1.26700308e+02	9.94977644e+01
0.3625	2.32487683e+03	-1.10322558e+02	-1.15404865e+02
0.3675	2.23414189e+03	-2.07100712e+02	8.49335977e+01
0.3725	2.21667214e+03	-3.74436763e+02	4.03280002e+02
0.3775	2.10160977e+03	-4.06819257e+02	2.59882457e+02
0.3825	2.05595439e+03	-1.58977301e+02	2.90772269e+02
0.3875	2.07305877e+03	-2.04442585e+02	2.43963654e+02
0.3925	2.03259403e+03	-1.92887193e+02	3.24195550e+02
0.3975	1.87857276e+03	-3.28702840e+02	2.63173329e+02
