####### Power Spectrum of Patchy Simulation 1243 #############
# Patch: sgc
# z-type: z3
# Weights: fkp
# Fiducial Omega_m: 0.310
# Fiducial h: 0.676
# Forward-model pixellation : 0
# Rando n-bar: 0
# Boxsize: [1000.0, 2600.0, 1500.0]
# Grid: [146, 384, 215]
# k-binning: [0.000, 0.410, 0.005]
# Monte Carlo Simulations: 100
#
# Format: k | P0 | P2 | P4
############################################
0.0125	1.13910556e+05	1.26571794e+03	2.38288823e+05
0.0175	8.97610666e+04	4.31172185e+04	-1.81560549e+05
0.0225	8.86333371e+04	8.18861766e+03	1.27461038e+05
0.0275	6.21424793e+04	2.82458743e+04	1.77774448e+04
0.0325	5.92060206e+04	3.66666867e+04	2.62011049e+03
0.0375	4.35908652e+04	2.47544132e+04	-3.34696365e+04
0.0425	4.28807091e+04	1.40331280e+04	-1.18798552e+04
0.0475	3.49836971e+04	3.37622735e+03	-5.47198865e+03
0.0525	3.97163470e+04	3.80195488e+04	-2.34453387e+03
0.0575	3.63559409e+04	-4.21647360e+03	-1.02752885e+04
0.0625	3.71055449e+04	1.57047680e+04	6.70907575e+03
0.0675	2.99186587e+04	1.13803815e+04	5.07972861e+02
0.0725	2.83337067e+04	1.40567479e+04	-7.61353563e+03
0.0775	2.46291502e+04	-2.05603080e+03	5.42332507e+03
0.0825	2.16577432e+04	3.93626755e+03	-6.23904712e+03
0.0875	2.18254326e+04	8.02904083e+03	3.78257399e+03
0.0925	2.06300626e+04	1.51283751e+04	9.20233173e+03
0.0975	1.84459822e+04	6.27017246e+03	-3.86685311e+03
0.1025	1.60594805e+04	3.98765668e+03	3.47654736e+03
0.1075	1.51483128e+04	9.09247063e+03	3.15599237e+03
0.1125	1.55055525e+04	7.00847502e+03	-1.66591729e+03
0.1175	1.29811622e+04	1.55942255e+03	-1.53371096e+02
0.1225	1.37384157e+04	7.88877761e+03	3.30948047e+03
0.1275	1.32625395e+04	3.20606805e+03	-1.12269125e+03
0.1325	1.25594214e+04	5.15672567e+03	3.96118398e+03
0.1375	1.16927234e+04	2.15784104e+03	-9.36978406e+02
0.1425	1.11065072e+04	2.26236509e+03	5.73139455e+02
0.1475	1.04068026e+04	5.15831880e+03	4.62747174e+02
0.1525	9.58210071e+03	3.70429419e+03	-7.25316982e+02
0.1575	9.89031772e+03	1.61288563e+03	3.62433018e+02
0.1625	8.58386877e+03	2.26017034e+03	4.35329725e+02
0.1675	8.21135129e+03	2.29133766e+03	6.71753233e+02
0.1725	7.76079600e+03	2.08333717e+03	-1.85972720e+03
0.1775	7.90915832e+03	3.00931835e+03	-3.59960056e+01
0.1825	7.71231970e+03	2.02169290e+03	2.27322455e+03
0.1875	7.27912438e+03	1.36139725e+03	-3.27672035e+02
0.1925	6.48537129e+03	2.60503236e+03	2.89302140e+02
0.1975	7.28796041e+03	6.85253570e+02	-4.61359094e+02
0.2025	5.92988757e+03	9.59990663e+02	1.32694108e+03
0.2075	6.55745138e+03	2.68621325e+03	1.51655615e+03
0.2125	5.72497865e+03	4.39211191e+02	2.52660385e+02
0.2175	5.75929846e+03	1.91412658e+03	1.60688839e+02
0.2225	5.42263365e+03	3.23107822e+02	-4.96318096e+01
0.2275	5.26774166e+03	1.36613740e+03	2.72878633e+02
0.2325	5.04172577e+03	1.34814796e+03	1.92403709e+01
0.2375	5.07173529e+03	1.16053731e+03	2.82071455e+02
0.2425	4.75052931e+03	9.70106585e+02	3.85274472e+01
0.2475	4.69107162e+03	8.80271328e+02	1.07377698e+02
0.2525	4.33593200e+03	4.99485272e+02	6.14465504e+01
0.2575	4.27473384e+03	5.69952385e+02	4.83470650e+02
0.2625	4.38060718e+03	3.37553595e+02	8.56675859e+02
0.2675	4.30206250e+03	-4.98616716e+01	-2.98618238e+02
0.2725	3.49123205e+03	5.72230480e+02	5.12341891e+02
0.2775	4.09275582e+03	3.18927174e+02	6.43360285e+01
0.2825	3.77371009e+03	6.46090485e+02	1.17636891e+02
0.2875	3.44445074e+03	1.54296421e+02	-3.71271584e+02
0.2925	3.87314493e+03	3.71084176e+02	1.09055286e+02
0.2975	3.23491708e+03	4.05525312e+01	3.51174893e+02
0.3025	3.38961685e+03	9.66193333e+02	7.94107570e+02
0.3075	3.16917720e+03	-4.63242248e+02	-3.51272983e+02
0.3125	3.00492043e+03	-2.02463683e+02	5.73751519e+02
0.3175	3.10489252e+03	8.68528508e+02	2.66569729e+01
0.3225	2.83639267e+03	-6.92732801e+02	2.31151819e+02
0.3275	2.95737123e+03	1.33825146e+02	-4.99946540e+02
0.3325	2.99024787e+03	-2.30795243e+02	6.64477239e+00
0.3375	2.82158636e+03	-7.09984216e+01	5.19935191e+01
0.3425	2.66482258e+03	-3.83610198e+02	4.72899345e+02
0.3475	2.44656527e+03	-2.04519040e+02	2.71844043e+02
0.3525	2.39781685e+03	2.50070589e+01	4.44623875e+02
0.3575	2.52072286e+03	-2.83885757e+02	1.71284458e+02
0.3625	2.33675707e+03	5.20642113e+01	7.88780387e+02
0.3675	2.48500230e+03	1.46125426e+02	8.23643744e+01
0.3725	2.28848547e+03	-4.45700484e+02	1.31172066e+01
0.3775	2.05434409e+03	-6.73496420e+02	-1.00361697e+02
0.3825	2.24983555e+03	-3.77320669e+02	7.14789301e+01
0.3875	2.14133421e+03	-4.30153727e+02	2.64581242e+02
0.3925	2.24932052e+03	2.21885887e+01	4.04731477e+02
0.3975	2.01744807e+03	-6.91508070e+01	-5.83382054e+00
