####### Power Spectrum of Patchy Simulation 906 #############
# Patch: sgc
# z-type: z3
# Weights: fkp
# Fiducial Omega_m: 0.310
# Fiducial h: 0.676
# Forward-model pixellation : 0
# Rando n-bar: 0
# Boxsize: [1000.0, 2600.0, 1500.0]
# Grid: [146, 384, 215]
# k-binning: [0.000, 0.410, 0.005]
# Monte Carlo Simulations: 100
#
# Format: k | P0 | P2 | P4
############################################
0.0125	4.40719277e+04	-5.59855930e+04	4.57821473e+04
0.0175	7.88841919e+04	7.02265072e+04	-1.40417480e+04
0.0225	6.92150408e+04	1.04138896e+04	-1.75805972e+04
0.0275	5.71756187e+04	-7.73257779e+03	-2.18743737e+04
0.0325	7.30257513e+04	5.75041032e+04	3.82910789e+04
0.0375	5.45294141e+04	3.38723128e+04	1.41728773e+04
0.0425	4.11627448e+04	1.59227097e+04	2.57129375e+04
0.0475	4.44344448e+04	3.17528325e+04	1.03497816e+04
0.0525	3.09377227e+04	1.88540199e+04	1.46386743e+04
0.0575	3.18677520e+04	1.26871236e+04	1.60740323e+03
0.0625	3.61438001e+04	2.52701071e+04	7.70983866e+03
0.0675	2.63933365e+04	4.56465258e+03	-7.02186523e+03
0.0725	2.70152846e+04	-5.50059472e+02	2.37054546e+03
0.0775	2.83596573e+04	1.33113915e+04	1.03325005e+04
0.0825	2.09703880e+04	2.71056005e+03	-9.65776922e+02
0.0875	2.44757070e+04	1.32782868e+04	-2.01846111e+03
0.0925	2.08663596e+04	1.16624803e+04	3.10807933e+03
0.0975	1.97869893e+04	3.45560698e+03	-4.89533970e+03
0.1025	1.71235050e+04	9.84006572e+03	5.30420757e+03
0.1075	1.50782216e+04	2.68414689e+03	-6.75003965e+03
0.1125	1.63042935e+04	6.71088548e+03	2.28535672e+03
0.1175	1.50148077e+04	7.53738013e+03	3.70526385e+03
0.1225	1.42578947e+04	4.95322228e+03	-2.72433853e+03
0.1275	1.28247018e+04	2.76748728e+03	-1.11876594e+03
0.1325	1.30435376e+04	1.34982141e+03	2.74996217e+03
0.1375	1.16979282e+04	5.46336940e+03	-2.07873272e+03
0.1425	1.27478825e+04	4.54242671e+03	-1.54046927e+03
0.1475	1.11524024e+04	1.69146535e+03	-2.14113791e+03
0.1525	1.00626449e+04	5.29707927e+03	6.69794626e+02
0.1575	9.47000266e+03	1.50369583e+03	3.21154558e+02
0.1625	8.82467540e+03	2.97756437e+03	1.50758213e+03
0.1675	9.41134010e+03	2.59695861e+03	-5.59476168e+02
0.1725	8.52413311e+03	3.45730225e+03	-1.32915767e+01
0.1775	7.61474355e+03	2.00856513e+03	8.57316052e+02
0.1825	7.90489593e+03	1.45348464e+03	1.41430176e+03
0.1875	7.06972805e+03	2.50318674e+03	-1.28888121e+02
0.1925	7.60333832e+03	3.56612659e+03	1.08342554e+03
0.1975	6.54244077e+03	-1.30104633e+02	-5.77433467e+02
0.2025	7.41181210e+03	3.02703235e+03	2.09994844e+03
0.2075	6.62597484e+03	1.74388002e+03	-3.50279645e+02
0.2125	5.88073751e+03	1.81733779e+03	6.17950317e+02
0.2175	6.48975967e+03	1.25102763e+03	4.01215988e+02
0.2225	5.73999475e+03	7.89211858e+02	3.34542719e+02
0.2275	5.03831858e+03	1.43486548e+03	8.36072611e+02
0.2325	5.34892352e+03	1.71844894e+02	4.23957743e+02
0.2375	5.88337610e+03	1.62945044e+03	1.52659124e+03
0.2425	4.58564732e+03	-4.03330859e+02	-1.16139950e+02
0.2475	5.36315735e+03	1.31462342e+03	5.75162982e+02
0.2525	4.50198116e+03	7.12098940e+02	3.28722448e+02
0.2575	4.86423183e+03	9.71553907e+02	-1.25647379e+02
0.2625	4.41817647e+03	8.54843330e+02	1.26391921e+03
0.2675	4.32226911e+03	5.95839524e+02	-6.29473620e+02
0.2725	3.96158310e+03	1.63259921e+02	9.53707340e+02
0.2775	3.64835960e+03	-1.00960618e+02	4.03339556e+02
0.2825	3.87795105e+03	7.24904973e+02	3.75561586e+02
0.2875	3.98314251e+03	6.99181203e+02	6.74252586e+02
0.2925	3.50768257e+03	-3.98358169e+02	-5.07846546e+02
0.2975	3.50452197e+03	3.92233775e+02	-1.30403774e+02
0.3025	3.64265372e+03	7.45034459e+02	7.00801377e+01
0.3075	3.31531797e+03	-1.83076554e+01	6.85001818e+02
0.3125	3.35966501e+03	1.35503321e+02	-5.48523692e+02
0.3175	3.23343709e+03	1.28053847e+02	7.10445132e+02
0.3225	3.31421421e+03	1.28421711e+02	2.01572793e+02
0.3275	3.25090493e+03	-1.22694339e+02	-1.04483173e+02
0.3325	3.19268831e+03	3.42253190e+02	8.70133129e+02
0.3375	2.94677989e+03	-5.07836431e+02	-2.86099150e+02
0.3425	2.73421901e+03	2.72816473e+01	4.38696555e+02
0.3475	2.74631995e+03	-3.87297870e+01	-4.61284775e+01
0.3525	2.94841304e+03	-5.30905383e+02	-3.54918392e+01
0.3575	2.81980097e+03	-5.77369879e+02	4.79064646e+02
0.3625	2.44905348e+03	-7.89405391e+01	5.18078443e+02
0.3675	2.47862940e+03	-1.69394519e+02	1.81706586e+02
0.3725	2.44369197e+03	1.57436120e+02	5.21097576e+02
0.3775	2.68103972e+03	-7.28708654e+01	-2.41062474e+02
0.3825	2.28261507e+03	-1.36899391e+02	4.86500401e+02
0.3875	2.48438737e+03	-3.04331223e+02	1.75942019e+01
0.3925	2.25726450e+03	-4.45936410e+02	-2.02693727e+02
0.3975	2.20726953e+03	-1.18513877e+01	4.24678038e+01
