####### Power Spectrum of Patchy Simulation 1366 #############
# Patch: sgc
# z-type: z1
# Weights: fkp
# Fiducial Omega_m: 0.310
# Fiducial h: 0.676
# Forward-model pixellation : 0
# Rando n-bar: 0
# Boxsize: [1000.0, 1900.0, 1100.0]
# Grid: [146, 276, 161]
# k-binning: [0.000, 0.410, 0.005]
# Monte Carlo Simulations: 100
#
# Format: k | P0 | P2 | P4
############################################
0.0125	8.23126949e+04	-4.74217655e+04	8.72513390e+04
0.0175	1.81597575e+04	-8.23473890e+03	2.94728244e+04
0.0225	6.36566149e+04	9.39513311e+03	-4.91876426e+04
0.0275	7.65257881e+04	3.85121164e+04	1.21224490e+03
0.0325	7.43471264e+04	1.79023790e+04	-3.79499863e+04
0.0375	5.54092205e+04	1.44819566e+04	2.39460106e+04
0.0425	4.83096789e+04	1.36432689e+04	-8.06881188e+03
0.0475	2.57040792e+04	6.27088302e+03	-1.29024732e+04
0.0525	3.69078703e+04	6.79025561e+03	1.37746040e+04
0.0575	3.94020466e+04	2.45857368e+04	-6.67228230e+02
0.0625	3.58646486e+04	6.26071433e+03	-4.41453650e+03
0.0675	2.98444366e+04	1.07791229e+04	3.47522969e+03
0.0725	3.05899667e+04	8.62460210e+03	-6.82999102e+03
0.0775	2.50417340e+04	1.07476147e+04	-1.68730485e+03
0.0825	2.63180426e+04	2.05129801e+04	3.72079009e+03
0.0875	1.92202318e+04	6.84515435e+03	-8.17110458e+02
0.0925	1.76618770e+04	4.58463598e+03	-2.30741255e+03
0.0975	1.60300715e+04	2.36068659e+03	1.91413668e+03
0.1025	1.65700659e+04	7.05770277e+03	2.03037416e+03
0.1075	1.65663616e+04	4.18336261e+02	-5.12349709e+02
0.1125	1.57426377e+04	8.28117306e+03	-1.11917861e+03
0.1175	1.51202263e+04	4.35308631e+03	-9.84098553e+02
0.1225	1.32900003e+04	5.66952248e+03	3.90504877e+03
0.1275	1.33863398e+04	5.04241521e+03	-1.94193939e+02
0.1325	1.31924124e+04	3.29574192e+03	-3.11363252e+03
0.1375	1.15235305e+04	2.86331758e+03	-1.59319806e+03
0.1425	1.06344533e+04	3.19413961e+03	2.24305754e+03
0.1475	1.06141572e+04	1.43629005e+03	-1.11672695e+03
0.1525	9.82076439e+03	5.22915641e+03	7.79484322e+02
0.1575	1.01266477e+04	2.43960838e+03	-1.76711345e+03
0.1625	9.02353028e+03	4.04706240e+03	1.64653299e+03
0.1675	8.96286045e+03	1.42504736e+03	-6.46168379e+02
0.1725	7.71312176e+03	-7.17049032e+02	1.46441645e+03
0.1775	7.69563837e+03	2.38013847e+03	2.74460519e+02
0.1825	7.30663251e+03	2.77712669e+03	8.89563428e+02
0.1875	7.14670550e+03	1.58596881e+03	-9.16600179e+01
0.1925	7.11955727e+03	2.23051176e+03	-1.04857287e+03
0.1975	6.73495692e+03	2.34648705e+03	4.64045648e+02
0.2025	5.96656536e+03	9.85146440e+02	5.72618851e+02
0.2075	6.24222530e+03	2.76691479e+02	-2.34008516e+02
0.2125	5.93353303e+03	1.60195696e+03	6.09416131e+02
0.2175	5.53727709e+03	8.74973176e+02	1.94281246e+02
0.2225	5.65013281e+03	7.24329946e+02	-1.46762453e+02
0.2275	5.08648298e+03	1.77309657e+03	3.01328655e+02
0.2325	5.08798105e+03	1.60454455e+03	9.23284049e+02
0.2375	4.86759645e+03	1.14505908e+03	1.05400565e+03
0.2425	5.23442301e+03	1.56354901e+03	9.03994415e+02
0.2475	4.48325146e+03	1.99695664e+02	7.48010109e+02
0.2525	4.52793768e+03	3.71331048e+02	-3.10164325e+02
0.2575	4.26593671e+03	3.70759426e+02	-1.34836626e+01
0.2625	4.18954966e+03	3.26021091e+02	-1.96375296e+02
0.2675	4.03484127e+03	4.20655361e+02	6.44418486e+02
0.2725	3.86470112e+03	2.74238393e+02	-5.55898843e+02
0.2775	3.80810215e+03	3.84811353e+02	9.46762713e+02
0.2825	3.62770529e+03	-4.77818985e+02	2.44470514e+02
0.2875	3.56857373e+03	6.69773288e+02	3.70819368e+02
0.2925	3.44696435e+03	4.47255537e+02	-3.03612660e+02
0.2975	3.27494182e+03	-1.53949798e+02	7.01976777e+02
0.3025	3.25741934e+03	5.05124415e+02	3.11511762e+02
0.3075	3.17719392e+03	-3.18387457e+02	6.35660721e+02
0.3125	3.09163519e+03	3.88267997e+02	1.27194153e+02
0.3175	3.01446174e+03	-1.62082934e+02	1.84522991e+02
0.3225	2.85809463e+03	-3.90274192e+01	6.85003078e+00
0.3275	3.06200137e+03	2.94224643e+02	6.35132235e+02
0.3325	2.77033584e+03	-2.26325669e+01	1.82863369e+02
0.3375	2.61813301e+03	-4.26567561e+02	5.10377741e+02
0.3425	2.62659859e+03	-3.92310983e+02	-3.60883507e+01
0.3475	2.46821699e+03	-2.34357733e+02	3.90394097e+02
0.3525	2.42651876e+03	-1.78328976e+02	1.20998296e+02
0.3575	2.47888480e+03	-2.07795950e+02	1.62203846e+01
0.3625	2.27817481e+03	-1.28192263e+02	1.03846135e+02
0.3675	2.30069431e+03	-3.71012433e+02	3.23253713e+02
0.3725	2.28832808e+03	-2.01252815e+02	1.47099815e+02
0.3775	2.15285253e+03	-8.20179101e+01	3.75811999e+01
0.3825	2.02522059e+03	-3.60706888e+02	1.91179953e+02
0.3875	2.24711083e+03	-5.25418739e+02	-8.03119954e+00
0.3925	1.98576447e+03	-2.57616850e+02	1.27382346e+02
0.3975	2.03606632e+03	-3.64453983e+02	5.63195405e+02
