####### Power Spectrum of Patchy Simulation 181 #############
# Patch: ngc
# z-type: z1
# Weights: fkp
# Fiducial Omega_m: 0.310
# Fiducial h: 0.676
# Forward-model pixellation : 0
# Rando n-bar: 0
# Boxsize: [1350.0, 2450.0, 1400.0]
# Grid: [193, 353, 200]
# k-binning: [0.000, 0.410, 0.005]
# Monte Carlo Simulations: 100
#
# Format: k | P0 | P2 | P4
############################################
0.0125	9.24486489e+04	1.11911088e+05	-3.94115481e+04
0.0175	6.29195748e+04	4.64001696e+04	6.12779393e+03
0.0225	4.95033921e+04	2.88460778e+04	3.59295590e+04
0.0275	8.37849020e+04	3.41640734e+04	-3.12443339e+03
0.0325	5.44009955e+04	1.99733586e+04	-3.13239132e+03
0.0375	5.56051971e+04	1.50228942e+04	-7.45185149e+03
0.0425	5.00340071e+04	1.92227946e+04	-8.23851705e+03
0.0475	3.95136393e+04	1.14075480e+04	5.05503681e+03
0.0525	3.55106591e+04	1.77422977e+04	1.49742350e+04
0.0575	3.54896837e+04	1.65234192e+04	6.38600723e+03
0.0625	3.51567005e+04	1.47835624e+04	4.50943675e+03
0.0675	2.72236743e+04	6.96238362e+03	-3.58240778e+03
0.0725	2.98516448e+04	1.76244594e+04	8.11561629e+03
0.0775	2.58546573e+04	9.43827409e+03	-7.48700365e+03
0.0825	2.47491547e+04	8.81428364e+03	1.73228185e+02
0.0875	2.08010454e+04	1.09341598e+04	1.08954700e+03
0.0925	2.09352883e+04	8.43277479e+03	-1.43059263e+03
0.0975	1.74331888e+04	6.71784569e+03	-2.61401875e+03
0.1025	1.74570652e+04	6.77554212e+03	2.73468339e+01
0.1075	1.47820391e+04	4.44535019e+03	1.12368315e+03
0.1125	1.50452266e+04	6.12141106e+03	2.81559881e+03
0.1175	1.49763670e+04	6.12294646e+03	-1.40455979e+03
0.1225	1.26330769e+04	4.62487727e+03	1.50072336e+03
0.1275	1.30989560e+04	3.52972316e+03	2.12646958e+03
0.1325	1.18364328e+04	3.26740556e+03	5.32457218e+02
0.1375	1.18502265e+04	3.84177459e+03	2.09539891e+02
0.1425	1.09837741e+04	3.25747707e+03	1.03031967e+03
0.1475	1.06260838e+04	2.90546042e+03	4.02623478e+02
0.1525	9.20654504e+03	2.87875081e+03	-1.18180939e+03
0.1575	8.59786429e+03	2.18955626e+03	1.15092793e+03
0.1625	8.94118480e+03	3.34722896e+03	3.20532603e+02
0.1675	8.40162164e+03	2.39024792e+03	3.65973278e+02
0.1725	8.14268918e+03	1.95188937e+03	7.94513671e+02
0.1775	7.92655977e+03	1.85836810e+03	2.88617601e+02
0.1825	7.23597662e+03	1.95294441e+03	-5.56627511e+02
0.1875	7.00930157e+03	1.37846893e+03	-7.01199115e+01
0.1925	6.69699494e+03	2.15179057e+03	1.73464473e+02
0.1975	6.64400248e+03	1.29764927e+03	-4.08032824e+02
0.2025	6.26030869e+03	1.54126956e+03	1.89428656e+01
0.2075	6.01436300e+03	1.59936753e+03	-1.22240746e+02
0.2125	5.81578564e+03	1.95419620e+03	4.86504661e+02
0.2175	5.77074671e+03	1.03659117e+03	6.54940248e+02
0.2225	5.33785504e+03	1.28141169e+03	-3.27020870e+02
0.2275	4.95356796e+03	6.06761923e+02	-2.54169081e+01
0.2325	5.03847009e+03	1.01504438e+03	-8.57129607e+01
0.2375	4.84404698e+03	1.02440402e+03	2.79553172e+02
0.2425	4.69610772e+03	5.50171598e+02	1.65988036e+02
0.2475	4.60315841e+03	8.64328094e+02	-1.44187979e+01
0.2525	4.34089742e+03	6.69764725e+02	1.91258451e+02
0.2575	4.09911807e+03	5.33625640e+02	5.37572065e+01
0.2625	4.04148085e+03	4.04774719e+02	4.82042529e+01
0.2675	3.79189262e+03	6.16457365e+02	5.06137639e+02
0.2725	3.83863358e+03	6.89878312e+02	-4.15505244e+01
0.2775	3.65601737e+03	3.26026908e+02	1.21339110e+02
0.2825	3.44599723e+03	1.53866792e+01	3.78304820e+02
0.2875	3.53284193e+03	3.66749270e+02	1.40705983e+02
0.2925	3.27172712e+03	2.36204087e+02	1.94054151e+02
0.2975	3.23129085e+03	3.53570701e+01	2.64323488e+01
0.3025	3.14661621e+03	3.83790979e+02	2.75524218e+01
0.3075	3.21831274e+03	-3.24926799e+01	-2.03524899e+02
0.3125	2.87402899e+03	7.19302757e+01	4.00256682e+02
0.3175	2.95498720e+03	-1.03668879e+02	1.16894380e+02
0.3225	2.84825340e+03	-1.10906846e+02	-1.45413779e+02
0.3275	2.70412527e+03	7.02404499e+01	4.01300840e+02
0.3325	2.64213737e+03	-1.64714364e+02	-2.52788570e+01
0.3375	2.62907845e+03	9.45334177e+01	2.99513182e+02
0.3425	2.40352666e+03	-9.00589393e+01	1.46813061e+02
0.3475	2.43979369e+03	9.45582138e+01	5.39636338e+02
0.3525	2.32221358e+03	-1.13921717e+02	1.10302529e+02
0.3575	2.25694384e+03	-2.13802513e+02	2.46195527e+02
0.3625	2.23561216e+03	6.20249881e+01	6.96443614e+01
0.3675	2.24542559e+03	-2.62581285e+02	1.59854881e+02
0.3725	2.09410630e+03	-3.19979325e+02	2.60151302e+02
0.3775	2.14169336e+03	-1.13332315e+02	2.34709379e+02
0.3825	2.03527983e+03	-1.77312607e+02	2.08659581e+02
0.3875	2.00929758e+03	-2.16323506e+02	3.07569388e+02
0.3925	1.85792208e+03	-1.39414001e+02	3.04833008e+02
0.3975	1.93584432e+03	-3.45105142e+02	1.14603076e+02
