####### Power Spectrum of Patchy Simulation 1914 #############
# Patch: ngc
# z-type: z1
# Weights: fkp
# Fiducial Omega_m: 0.310
# Fiducial h: 0.676
# Forward-model pixellation : 0
# Rando n-bar: 0
# Boxsize: [1350.0, 2450.0, 1400.0]
# Grid: [193, 353, 200]
# k-binning: [0.000, 0.410, 0.005]
# Monte Carlo Simulations: 100
#
# Format: k | P0 | P2 | P4
############################################
0.0125	4.44595812e+04	1.60251439e+04	-6.61487551e+04
0.0175	8.36012000e+04	2.32889194e+04	-4.31799528e+04
0.0225	8.10481736e+04	2.75190489e+04	5.99030150e+04
0.0275	5.20955106e+04	1.78682989e+04	6.14682421e+03
0.0325	5.86241800e+04	5.32676655e+04	2.01259305e+04
0.0375	4.83189317e+04	1.51568025e+04	6.72226216e+02
0.0425	4.49642467e+04	3.10171467e+04	-2.87430080e+03
0.0475	4.29523872e+04	1.31613836e+04	-6.97630065e+03
0.0525	4.04168216e+04	1.39997488e+04	-2.20745001e+02
0.0575	3.19853108e+04	1.43445279e+04	-2.28889692e+03
0.0625	3.17461251e+04	7.05671928e+03	-1.95102597e+03
0.0675	3.09491079e+04	9.08513161e+03	5.08960637e+03
0.0725	2.86335001e+04	1.00715066e+04	-3.74804603e+03
0.0775	2.63498544e+04	9.42075052e+03	1.41753852e+03
0.0825	2.44769780e+04	8.66621687e+03	2.48414312e+03
0.0875	2.18447823e+04	1.00013998e+04	1.88855400e+03
0.0925	1.87337578e+04	6.74333010e+03	5.63636256e+02
0.0975	1.78263252e+04	8.60112575e+03	-3.23326580e+03
0.1025	1.81616227e+04	8.41479150e+03	2.26289884e+03
0.1075	1.47162129e+04	3.37322144e+03	-9.90779597e+02
0.1125	1.47075293e+04	6.87051095e+03	1.31597497e+03
0.1175	1.42375655e+04	4.77730362e+03	1.26649317e+03
0.1225	1.38703166e+04	3.33995036e+03	1.69825825e+02
0.1275	1.27751855e+04	3.60612209e+03	-1.61186072e+02
0.1325	1.21786467e+04	2.42255843e+03	-1.72261251e+03
0.1375	1.16875955e+04	3.53990449e+03	7.08308542e+02
0.1425	1.02863963e+04	2.71009555e+03	1.59699994e+03
0.1475	1.03622863e+04	2.99202510e+03	1.51757771e+03
0.1525	9.90159172e+03	2.96429046e+03	1.55524568e+03
0.1575	9.24487956e+03	2.61121711e+03	-5.37230832e+02
0.1625	8.86060882e+03	3.11199027e+03	4.49804864e+02
0.1675	8.41222444e+03	2.34864933e+03	-7.95112501e+02
0.1725	7.66819124e+03	2.13326891e+03	-8.85351186e+02
0.1775	7.80613587e+03	1.50046054e+03	-4.69650258e+01
0.1825	7.08984393e+03	1.30024536e+03	4.69566197e+02
0.1875	7.46398219e+03	2.57584958e+03	1.83306282e+03
0.1925	6.58609327e+03	1.32773582e+03	-5.69870256e+02
0.1975	6.34376814e+03	2.57796007e+03	9.05609549e+02
0.2025	6.37110128e+03	1.15330991e+03	-3.76595142e+02
0.2075	6.02474046e+03	9.90585300e+02	-1.84706477e+02
0.2125	5.72949927e+03	1.29079333e+03	3.12582659e+02
0.2175	5.65501484e+03	9.33638034e+02	5.63333415e+02
0.2225	5.34076625e+03	7.37166670e+02	1.20493850e+02
0.2275	5.27652670e+03	1.35294604e+03	5.29718250e+02
0.2325	4.67104812e+03	8.27829642e+02	5.17365177e+02
0.2375	5.10302568e+03	9.58228703e+02	2.12779530e+02
0.2425	4.46578280e+03	6.92456961e+02	1.72155852e+02
0.2475	4.49386690e+03	9.06370366e+02	4.38736566e+02
0.2525	4.33866239e+03	2.65436573e+02	1.10155164e+02
0.2575	4.11717475e+03	6.64263594e+02	-1.21277015e+01
0.2625	4.20476791e+03	3.26272855e+02	2.48709889e+02
0.2675	3.97021603e+03	3.98415064e+02	2.76686058e+02
0.2725	3.83572826e+03	6.63226479e+02	4.67010570e+02
0.2775	3.76516762e+03	2.86059058e+02	4.06572873e+02
0.2825	3.55632734e+03	7.01965094e+02	3.53695405e+02
0.2875	3.46797207e+03	3.82616199e+02	1.22174404e+02
0.2925	3.30982578e+03	7.69441023e+01	3.78552932e+02
0.2975	3.31625392e+03	7.57928302e+01	-8.74925866e+00
0.3025	3.06993551e+03	2.17935639e+02	5.13912068e+01
0.3075	3.04912731e+03	5.60372861e+01	2.97648482e+02
0.3125	2.93762458e+03	2.21203873e+02	3.28655228e+02
0.3175	2.85634853e+03	-1.87920207e+02	9.75406501e+01
0.3225	2.81439559e+03	1.56431496e+02	6.09187240e+02
0.3275	2.79533375e+03	-2.86195714e+00	2.69693246e+02
0.3325	2.60124786e+03	-2.64012831e+00	-2.86522869e+00
0.3375	2.75012254e+03	6.19344783e+01	1.87080261e+02
0.3425	2.49257306e+03	-1.54329891e+02	2.95557010e+02
0.3475	2.49004557e+03	-2.23988615e+02	1.51720919e+02
0.3525	2.35791032e+03	-1.42558342e+02	2.12937718e+02
0.3575	2.36415756e+03	-1.72811964e+02	3.05798885e+02
0.3625	2.21947994e+03	-3.00939642e+02	1.52829256e+02
0.3675	2.18675615e+03	-1.44818218e+02	3.25172883e+02
0.3725	2.26306687e+03	-2.65316432e+02	1.69793601e+02
0.3775	2.10144494e+03	-1.46408509e+02	3.29823764e+02
0.3825	2.11343968e+03	-3.64589183e+01	4.35938526e+02
0.3875	2.06668807e+03	-2.90790497e+02	2.13077808e+02
0.3925	1.96418882e+03	-1.68481297e+02	3.16958297e+02
0.3975	1.93213541e+03	-3.72293863e+02	2.68352366e+02
