####### Power Spectrum of Patchy Simulation 617 #############
# Patch: sgc
# z-type: z1
# Weights: fkp
# Fiducial Omega_m: 0.310
# Fiducial h: 0.676
# Forward-model pixellation : 0
# Rando n-bar: 0
# Boxsize: [1000.0, 1900.0, 1100.0]
# Grid: [146, 276, 161]
# k-binning: [0.000, 0.410, 0.005]
# Monte Carlo Simulations: 100
#
# Format: k | P0 | P2 | P4
############################################
0.0125	1.31396068e+05	4.69895948e+04	-6.15369534e+04
0.0175	7.17991492e+04	7.06950959e+04	2.88922782e+04
0.0225	5.82948613e+04	5.22528457e+04	6.17665045e+04
0.0275	6.69060247e+04	-1.30288350e+04	3.57985123e+04
0.0325	5.21939204e+04	4.83817486e+04	7.68292368e+03
0.0375	5.79719797e+04	2.06361014e+04	-1.02997576e+03
0.0425	4.46354155e+04	1.68639460e+04	1.10398889e+04
0.0475	4.56418561e+04	2.02472590e+04	1.61060295e+04
0.0525	4.09045969e+04	7.78950727e+03	6.11965730e+02
0.0575	3.19434478e+04	2.94246340e+03	4.74969274e+02
0.0625	3.42137647e+04	9.91863659e+03	2.16954771e+03
0.0675	2.92878351e+04	1.38504866e+04	1.42054593e+03
0.0725	2.51532030e+04	5.85051848e+03	2.10208862e+03
0.0775	2.82115721e+04	1.04175978e+04	-2.87660373e+02
0.0825	2.32205051e+04	1.41594915e+04	5.53498818e+03
0.0875	2.27202394e+04	4.87668840e+03	-2.64774023e+03
0.0925	1.79609937e+04	5.53251637e+03	4.48846247e+03
0.0975	1.92108866e+04	4.67560493e+03	1.74763611e+03
0.1025	1.62179656e+04	5.22400983e+03	-2.13343084e+03
0.1075	1.51169571e+04	7.06786681e+03	2.18409865e+03
0.1125	1.41480824e+04	5.39336409e+03	-3.45969800e+03
0.1175	1.48585690e+04	6.03724364e+03	-3.36043256e+02
0.1225	1.35345381e+04	5.13528956e+03	9.40627564e+02
0.1275	1.40734063e+04	5.60902897e+03	2.35216480e+03
0.1325	1.26575405e+04	3.63646429e+03	-2.72834375e+02
0.1375	1.12110744e+04	3.22881496e+03	-2.87979021e+03
0.1425	1.07856608e+04	5.20397087e+03	6.27027919e+02
0.1475	9.51268247e+03	2.33591190e+03	1.45121027e+03
0.1525	1.02226242e+04	6.38193805e+02	-1.05862178e+03
0.1575	9.69889574e+03	3.43502887e+03	-2.60521255e+02
0.1625	8.90920541e+03	1.79083909e+03	6.60924356e+02
0.1675	8.10524445e+03	2.65010576e+03	6.10694279e+01
0.1725	7.84252935e+03	1.33517604e+03	4.92557951e+01
0.1775	7.35721247e+03	2.87355147e+03	1.06383074e+03
0.1825	7.58138685e+03	1.71447054e+03	-1.16441573e+02
0.1875	7.05161275e+03	2.07666110e+03	-7.09594685e+01
0.1925	7.01487839e+03	1.81509336e+03	-1.75134442e+01
0.1975	6.60512096e+03	1.52343969e+03	-2.04274807e+02
0.2025	6.43574727e+03	1.94620597e+03	-1.29153245e+03
0.2075	5.69366214e+03	8.79826877e+02	-5.14499927e+01
0.2125	6.10239264e+03	1.88215432e+03	-2.59541711e+02
0.2175	5.50373762e+03	7.42042569e+02	-4.30110848e+02
0.2225	5.25160815e+03	9.77713382e+02	1.31536720e+03
0.2275	5.17250315e+03	1.17324488e+03	-5.59116442e+02
0.2325	5.22334489e+03	1.18884683e+03	7.39598837e+02
0.2375	4.89046783e+03	1.20249155e+03	3.56968546e+02
0.2425	4.89301878e+03	1.37039316e+03	1.11680681e+03
0.2475	4.41109697e+03	1.17419625e+03	5.35481948e+02
0.2525	4.29671224e+03	7.81541181e+02	2.22775424e+02
0.2575	4.33750716e+03	-2.84356198e+02	5.30632442e+02
0.2625	4.02949589e+03	1.00473429e+03	-2.68547099e+02
0.2675	3.78970462e+03	4.94516689e+02	-6.50689900e+02
0.2725	3.89666544e+03	6.62102819e+02	4.18341823e+02
0.2775	3.78279493e+03	1.50788122e+02	3.78284256e+02
0.2825	3.44364797e+03	5.96469052e+02	-3.59966881e+02
0.2875	3.51710750e+03	6.50991526e+02	9.84492441e+02
0.2925	3.49222956e+03	1.48827820e+01	5.01186203e+02
0.2975	3.20497794e+03	2.22916771e+02	4.62692943e+02
0.3025	3.17686836e+03	-5.55152837e+01	-1.82780059e+02
0.3075	3.03806540e+03	-1.16267744e+02	4.85893356e+02
0.3125	2.96121944e+03	3.20054656e+02	2.11575108e+02
0.3175	3.01370825e+03	-1.67739784e+01	-7.74688006e+01
0.3225	2.82323267e+03	1.37156187e+02	1.40113262e+02
0.3275	2.58668948e+03	-1.52150569e+02	1.80503149e+02
0.3325	2.59397675e+03	-3.88748283e+01	-2.93034810e+02
0.3375	2.67793275e+03	-3.77515564e+02	3.74029950e+02
0.3425	2.52986621e+03	-1.87601087e+02	1.93466645e+02
0.3475	2.45733254e+03	-2.11264107e+02	-7.09821086e+01
0.3525	2.48299500e+03	-1.12574044e+02	7.32327510e+01
0.3575	2.28911814e+03	1.24719815e+02	-2.46341591e+02
0.3625	2.31908413e+03	-7.31875398e+01	5.35090549e+02
0.3675	2.14239664e+03	-6.20365034e+02	3.71972400e+02
0.3725	1.97605354e+03	-4.10719606e+02	-1.38801123e+01
0.3775	2.01107034e+03	-2.64976654e+02	3.43888443e+01
0.3825	2.08478278e+03	-1.25855007e+02	-1.93660110e+01
0.3875	2.08456303e+03	-2.82555405e+02	-9.15149560e+01
0.3925	2.12931199e+03	-3.83602219e+02	1.32981485e+02
0.3975	2.02235299e+03	-9.07012078e+01	2.98078344e+02
