####### Power Spectrum of Patchy Simulation 817 #############
# Patch: sgc
# z-type: z3
# Weights: fkp
# Fiducial Omega_m: 0.310
# Fiducial h: 0.676
# Forward-model pixellation : 0
# Rando n-bar: 0
# Boxsize: [1000.0, 2600.0, 1500.0]
# Grid: [146, 384, 215]
# k-binning: [0.000, 0.410, 0.005]
# Monte Carlo Simulations: 100
#
# Format: k | P0 | P2 | P4
############################################
0.0125	3.51934247e+03	-1.12702119e+04	4.15560768e+04
0.0175	9.40922445e+04	-4.44574600e+02	-1.49123863e+05
0.0225	6.65020941e+04	7.71724079e+03	5.25940056e+04
0.0275	6.94596360e+04	6.01539967e+03	4.04429680e+04
0.0325	6.28494338e+04	1.23640980e+04	-1.77620070e+04
0.0375	6.34796750e+04	2.15183545e+04	1.62730072e+04
0.0425	4.18711197e+04	6.67439119e+03	-7.29907513e+03
0.0475	4.01934258e+04	9.23848303e+03	1.13615770e+04
0.0525	3.89546956e+04	1.88744323e+04	-1.26563658e+03
0.0575	2.69989737e+04	4.69496108e+03	-1.03148621e+04
0.0625	3.85016109e+04	1.92366416e+04	-1.40662259e+04
0.0675	2.88105254e+04	1.09646515e+04	4.42411674e+03
0.0725	2.99539485e+04	7.15955696e+03	-3.74277480e+03
0.0775	2.34378028e+04	5.89914713e+03	1.40026468e+04
0.0825	2.35481693e+04	1.37019163e+04	3.65615478e+03
0.0875	2.11210859e+04	2.51531346e+03	3.44095141e+03
0.0925	2.15273344e+04	8.97625628e+03	-2.05070993e+02
0.0975	1.71883206e+04	1.36129363e+03	-7.75890626e+03
0.1025	1.94962752e+04	1.42178914e+04	5.30802319e+03
0.1075	1.64358086e+04	-1.84646937e+02	8.61354174e+02
0.1125	1.37889147e+04	3.66679823e+03	-1.65433969e+03
0.1175	1.38628552e+04	6.89221497e+03	4.87652151e+03
0.1225	1.35774671e+04	3.28843571e+03	-1.88172268e+03
0.1275	1.50946103e+04	3.34878514e+03	-2.46667769e+03
0.1325	1.27966071e+04	6.50951444e+03	7.86968667e+02
0.1375	1.26283359e+04	3.44599035e+03	8.77204710e+02
0.1425	1.20740585e+04	4.77231000e+03	9.39262141e+02
0.1475	1.07694897e+04	4.29952740e+03	-3.75812863e+02
0.1525	9.66916276e+03	1.70030355e+03	-3.79173341e+02
0.1575	8.82446633e+03	3.58919980e+03	-6.88903993e+02
0.1625	9.56808236e+03	2.71471396e+03	-3.13009288e+02
0.1675	8.93635316e+03	1.79142660e+03	-2.16868653e+03
0.1725	8.21518843e+03	3.29796054e+03	-3.58329520e+02
0.1775	7.68353071e+03	1.74617037e+03	3.27021397e+01
0.1825	7.72342979e+03	1.19280549e+03	-5.56643959e+02
0.1875	7.53033198e+03	3.03358414e+03	2.95074247e+03
0.1925	7.09459837e+03	1.32570648e+03	1.48786997e+03
0.1975	7.06905671e+03	2.50598446e+03	1.30312446e+03
0.2025	6.36186259e+03	1.47354062e+03	5.52464119e+01
0.2075	6.29953721e+03	1.39372052e+03	1.46494280e+03
0.2125	6.23196784e+03	6.06533347e+02	-7.30607894e+02
0.2175	5.74946274e+03	1.75933111e+03	-5.79528486e+02
0.2225	5.63194073e+03	5.84335245e+02	-5.54606559e+02
0.2275	5.44217712e+03	1.32740583e+03	1.57121782e+02
0.2325	5.58819503e+03	9.55142683e+02	7.00752700e+02
0.2375	4.91646706e+03	1.26147249e+03	2.95203165e+02
0.2425	4.94622400e+03	5.12964923e+02	-3.06327076e+02
0.2475	4.73276376e+03	8.84853435e+02	4.41536358e+02
0.2525	4.54315159e+03	8.63301879e+02	-4.47001276e+01
0.2575	4.91486141e+03	1.51186033e+03	2.15453727e+02
0.2625	3.84192541e+03	4.90526846e+02	-1.33497092e+01
0.2675	4.53752371e+03	7.35146543e+02	-3.66525937e+02
0.2725	3.92118380e+03	7.05108590e+02	6.48171644e+02
0.2775	4.24451834e+03	9.93684197e+02	6.98040322e+01
0.2825	3.82814096e+03	9.50836453e+02	1.48588819e+03
0.2875	3.70865206e+03	-2.36828211e+02	9.47278816e+01
0.2925	3.62392604e+03	5.04154401e+02	-4.03958505e+01
0.2975	3.35637045e+03	2.09462968e+02	7.20987241e+02
0.3025	3.32251377e+03	-2.74286949e+02	-2.34268470e+02
0.3075	3.61308469e+03	7.88154057e+02	3.99958724e+02
0.3125	3.12325492e+03	7.63712030e+02	7.74463423e+02
0.3175	3.24346351e+03	-2.49047370e+01	2.85020782e+02
0.3225	2.94562724e+03	-3.65195633e+02	-2.63043986e+02
0.3275	3.19729366e+03	3.39295869e+02	-4.71558661e+01
0.3325	2.70019936e+03	-3.67690365e+02	6.77971198e+01
0.3375	3.21738961e+03	1.80959279e+02	-1.88054062e+02
0.3425	2.83723580e+03	-2.06975899e+02	1.91067266e+02
0.3475	2.70973462e+03	5.28281671e+02	7.84659450e+01
0.3525	2.68232704e+03	-1.69484962e+01	1.38217045e+02
0.3575	2.57925560e+03	-4.55093089e+02	2.24397963e+02
0.3625	2.57634783e+03	1.76615882e+02	4.53818191e+02
0.3675	2.59067626e+03	-2.09598126e+02	2.47181676e+01
0.3725	2.39448745e+03	1.59945534e+02	5.25108344e+02
0.3775	2.40667221e+03	-5.78516786e+02	3.85920393e+02
0.3825	2.21585216e+03	-2.46014926e+02	-1.55834343e+02
0.3875	2.40667758e+03	-1.03397888e+02	4.32747880e+02
0.3925	2.23080575e+03	-3.63782505e+02	2.30590335e+01
0.3975	2.37585933e+03	2.02527111e+02	2.24568866e+02
