####### Power Spectrum of Patchy Simulation 1650 #############
# Patch: sgc
# z-type: z3
# Weights: fkp
# Fiducial Omega_m: 0.310
# Fiducial h: 0.676
# Forward-model pixellation : 0
# Rando n-bar: 0
# Boxsize: [1000.0, 2600.0, 1500.0]
# Grid: [146, 384, 215]
# k-binning: [0.000, 0.410, 0.005]
# Monte Carlo Simulations: 100
#
# Format: k | P0 | P2 | P4
############################################
0.0125	1.11371462e+05	5.91481707e+04	2.12130625e+05
0.0175	7.85653111e+04	1.67542702e+04	-1.04357813e+05
0.0225	5.48173456e+04	-3.61767062e+04	-8.61348200e+04
0.0275	5.31222853e+04	1.28323968e+04	-4.10502807e+04
0.0325	6.71901999e+04	1.25102496e+04	-4.24537542e+04
0.0375	3.41865964e+04	-8.60163329e+03	1.83322383e+04
0.0425	5.16577520e+04	2.90813892e+04	-9.82428738e+02
0.0475	4.08588899e+04	-8.87151815e+03	2.62309646e+02
0.0525	3.85584764e+04	1.21743624e+04	1.11537589e+04
0.0575	3.24664506e+04	8.59695727e+03	3.25443915e+02
0.0625	3.61135682e+04	1.02233005e+04	1.83762807e+03
0.0675	2.98362153e+04	1.00910679e+04	1.01919858e+03
0.0725	2.91286639e+04	1.84846729e+04	-9.10383480e+03
0.0775	2.82686512e+04	9.80389232e+03	4.81204108e+03
0.0825	2.35722884e+04	2.67589152e+03	-7.89286022e+03
0.0875	2.14384419e+04	9.58958377e+03	2.63789781e+03
0.0925	1.96239512e+04	8.86787032e+03	3.41778676e+03
0.0975	1.66293397e+04	4.45230605e+03	-4.58607376e+03
0.1025	1.47722544e+04	2.40026565e+03	2.58563058e+03
0.1075	1.75781054e+04	8.92118037e+03	5.53396951e+01
0.1125	1.45832377e+04	1.12533743e+03	-1.14172026e+03
0.1175	1.38257051e+04	3.26959356e+03	-9.34733373e+02
0.1225	1.46181209e+04	7.73386291e+03	3.90892330e+02
0.1275	1.33079364e+04	3.71859395e+03	1.85366970e+03
0.1325	1.20326838e+04	2.42724989e+03	-2.44108334e+03
0.1375	1.19878031e+04	4.92561815e+03	-1.71810611e+03
0.1425	1.09596286e+04	6.09230551e+03	1.37508800e+03
0.1475	9.98296888e+03	3.20361242e+03	-3.76520527e+02
0.1525	1.04388421e+04	4.37239287e+03	3.42869935e+02
0.1575	9.11582175e+03	-1.08898039e+03	6.09196490e+02
0.1625	9.89027574e+03	5.16630705e+03	2.45971271e+03
0.1675	8.75101486e+03	3.45801744e+03	1.41048731e+03
0.1725	8.03044912e+03	1.18052745e+03	-1.76503649e+03
0.1775	7.73070949e+03	2.54192153e+03	8.93014074e+02
0.1825	7.82150520e+03	1.34195078e+03	-1.08958867e+02
0.1875	7.13292984e+03	1.30163273e+03	6.20813022e+02
0.1925	7.45835131e+03	3.77357783e+03	9.39512529e+02
0.1975	6.49414032e+03	1.81909211e+02	-8.46028101e+02
0.2025	7.11272352e+03	1.92433666e+03	2.47852119e+01
0.2075	6.42313327e+03	2.70655513e+03	9.45654401e+02
0.2125	5.99596115e+03	5.40244863e+02	3.54310545e+01
0.2175	6.14165359e+03	9.84848644e+02	7.88858063e+02
0.2225	5.51977660e+03	7.12241133e+02	-1.46812283e+02
0.2275	5.36177398e+03	1.01605157e+03	-2.71377419e+01
0.2325	5.22769806e+03	1.24630989e+03	5.15807214e+02
0.2375	5.12595112e+03	3.00638145e+02	3.59893320e+02
0.2425	5.10957658e+03	1.26228866e+03	7.37034118e+02
0.2475	4.38888744e+03	-2.50694432e+02	2.18727231e+01
0.2525	4.93050354e+03	1.00775014e+03	-2.18283059e+02
0.2575	4.15148029e+03	4.31381092e+02	1.20012229e+03
0.2625	4.72315711e+03	2.18617059e+02	-2.15565218e+02
0.2675	3.89318816e+03	2.62235331e+02	8.16557212e+02
0.2725	4.30465491e+03	3.97904891e+02	5.99634561e+00
0.2775	3.80412774e+03	-2.75085898e+01	-5.31713428e+02
0.2825	3.94182489e+03	4.68743653e+02	8.27217340e+02
0.2875	3.73204590e+03	5.32945610e+02	3.50364866e+02
0.2925	3.48486196e+03	6.66563340e+01	7.00853956e+01
0.2975	3.51973229e+03	3.94853028e+01	2.90485232e+02
0.3025	3.33528048e+03	-5.23238961e+02	1.12668967e+02
0.3075	3.48540496e+03	2.36617078e+02	-3.01578972e+02
0.3125	3.42116214e+03	1.92776130e+02	5.11918077e+02
0.3175	3.32304051e+03	3.67382345e+02	3.34644042e+02
0.3225	2.99072265e+03	-2.49178137e+02	1.14869459e+02
0.3275	2.97945741e+03	-5.56178688e+02	5.39137741e+01
0.3325	3.04362609e+03	7.07838648e+02	7.39286509e+02
0.3375	2.93919611e+03	-2.50073734e+02	3.12729196e+01
0.3425	2.70899017e+03	-5.42021730e+02	8.39871336e+01
0.3475	2.62269162e+03	-4.81204204e+02	3.48399411e+02
0.3525	2.62882467e+03	6.66665721e+02	2.07894023e+02
0.3575	2.50020333e+03	-7.97471978e+02	6.14621373e+01
0.3625	2.57002318e+03	1.60919722e+01	1.36877925e+02
0.3675	2.45629519e+03	-3.82160093e+02	-1.66653915e+02
0.3725	2.44992861e+03	2.92239461e+02	6.05532458e+02
0.3775	2.24667760e+03	-4.00569922e+02	4.14507288e+02
0.3825	2.30565092e+03	-3.65610376e+02	3.37648262e+02
0.3875	2.01889936e+03	-4.31625888e+02	-3.22890148e+02
0.3925	2.30235505e+03	-3.67731304e+02	8.53792848e+01
0.3975	2.15442335e+03	-1.04899861e+02	5.80387021e+02
