####### Power Spectrum of Patchy Simulation 912 #############
# Patch: sgc
# z-type: z3
# Weights: fkp
# Fiducial Omega_m: 0.310
# Fiducial h: 0.676
# Forward-model pixellation : 0
# Rando n-bar: 0
# Boxsize: [1000.0, 2600.0, 1500.0]
# Grid: [146, 384, 215]
# k-binning: [0.000, 0.410, 0.005]
# Monte Carlo Simulations: 100
#
# Format: k | P0 | P2 | P4
############################################
0.0125	1.03682407e+05	3.97127145e+03	7.70463870e+03
0.0175	6.29672916e+04	-3.95259441e+04	-2.92745783e+04
0.0225	5.45061086e+04	-4.25066678e+04	-2.28529673e+03
0.0275	8.17857745e+04	2.60044864e+04	1.93172864e+04
0.0325	6.00424217e+04	5.30829232e+04	4.16965225e+04
0.0375	4.30709539e+04	1.08020168e+04	-1.92980789e+04
0.0425	5.01847462e+04	3.89412486e+04	2.90917047e+04
0.0475	3.70557884e+04	1.62392000e+04	-3.12578247e+04
0.0525	3.46418334e+04	1.78165583e+04	6.19126288e+03
0.0575	3.41181222e+04	2.64021549e+04	2.30054815e+03
0.0625	3.19029133e+04	9.43845389e+03	-1.49533228e+04
0.0675	3.10652760e+04	1.17828084e+04	2.97514803e+03
0.0725	2.96705212e+04	1.99218936e+04	1.21111282e+04
0.0775	2.60555890e+04	9.50266843e+03	8.53505367e+03
0.0825	2.47684626e+04	1.39796813e+04	-1.12260705e+03
0.0875	1.92239246e+04	5.21501375e+03	3.73066787e+02
0.0925	2.07536698e+04	1.05757269e+04	3.46962253e+03
0.0975	1.65781618e+04	6.16137196e+03	-1.47157643e+03
0.1025	1.79931765e+04	6.58606784e+03	1.47140353e+03
0.1075	1.63161638e+04	7.07154817e+03	1.22724249e+03
0.1125	1.41036976e+04	3.64296801e+03	-4.36514750e+03
0.1175	1.42831950e+04	4.73338224e+03	1.83198475e+03
0.1225	1.30124548e+04	3.91447748e+03	-2.96797486e+03
0.1275	1.17365088e+04	2.12943893e+03	3.96488412e+00
0.1325	1.26317474e+04	7.15587960e+03	2.33262512e+03
0.1375	1.20099114e+04	4.01067925e+03	-2.28962361e+02
0.1425	1.06931238e+04	5.70619805e+03	1.82416918e+03
0.1475	9.15111820e+03	3.17039920e+03	-2.31883606e+02
0.1525	9.81271691e+03	1.52321313e+03	4.95504582e+02
0.1575	8.77385205e+03	3.93752176e+03	1.57867270e+03
0.1625	8.33100000e+03	2.19203351e+03	-8.43696115e+02
0.1675	8.52625981e+03	2.71370164e+03	-1.97150830e+03
0.1725	7.54089562e+03	1.75293626e+03	-1.13845676e+03
0.1775	7.81286140e+03	2.71252551e+03	1.76562951e+01
0.1825	7.70650822e+03	2.97220725e+03	7.29686003e+02
0.1875	7.04116171e+03	2.68612383e+03	1.43142461e+03
0.1925	6.79465132e+03	5.64479707e+02	7.81965871e+02
0.1975	6.98297620e+03	3.15279259e+03	3.92500695e+02
0.2025	6.11940453e+03	1.19037740e+03	7.84643443e+02
0.2075	6.13356159e+03	1.70632677e+03	1.94874840e+03
0.2125	6.34639831e+03	1.89787902e+03	-8.84813856e+02
0.2175	5.69931301e+03	4.74507797e+02	3.89147660e+02
0.2225	5.02150859e+03	1.33013648e+03	7.15597821e+02
0.2275	5.27871757e+03	-3.87323639e+01	-1.15927191e+03
0.2325	4.97317724e+03	1.08959362e+03	3.70390334e+02
0.2375	5.03536370e+03	1.95408294e+03	8.66416071e+02
0.2425	4.90474880e+03	1.25721111e+03	-2.50137869e+02
0.2475	4.81611795e+03	2.06100743e+02	2.85856273e+02
0.2525	4.06819899e+03	8.88919011e+02	1.22622589e+03
0.2575	4.01480171e+03	4.44833440e+02	-3.19721154e+02
0.2625	4.53607032e+03	1.59496850e+03	1.66964585e+02
0.2675	4.20403704e+03	-4.98031395e+02	-2.54375319e+02
0.2725	3.83410051e+03	1.57418250e+03	5.67207331e+02
0.2775	3.88134831e+03	-6.08992716e+02	3.51009410e+02
0.2825	3.73469794e+03	1.47369526e+03	5.55586692e+02
0.2875	3.28274158e+03	-4.60636597e+01	-3.10622167e+02
0.2925	3.14043457e+03	3.42283028e+02	7.11145790e+02
0.2975	3.38523676e+03	-1.50935268e+02	-1.93828122e+02
0.3025	3.65364570e+03	5.93622774e+02	7.25195341e+02
0.3075	3.25738662e+03	-3.38729830e+02	3.87837043e+01
0.3125	2.87891818e+03	-4.40398576e+02	2.57560232e+02
0.3175	3.17967906e+03	2.80136170e+02	9.14591804e+02
0.3225	2.89586524e+03	-1.94151706e+01	9.30509988e+02
0.3275	2.97180851e+03	-4.87334874e+02	-2.17397874e+02
0.3325	2.79572233e+03	-1.44614212e+02	7.13940012e+02
0.3375	2.73534708e+03	-1.52453683e+02	-3.34744957e+02
0.3425	2.77065679e+03	-2.72956275e+02	-3.69328581e+02
0.3475	2.54562307e+03	-3.24973712e+02	3.67738247e+01
0.3525	2.42230943e+03	-8.93300605e+01	5.49400326e+02
0.3575	2.47845679e+03	2.21008063e+00	3.75747440e+02
0.3625	2.51523279e+03	-1.64809923e+01	-1.12487805e+02
0.3675	2.64982916e+03	-3.64171963e+02	-5.13532540e+02
0.3725	2.23843129e+03	-3.66993353e+02	3.31765784e+02
0.3775	2.21752949e+03	-8.75152742e+01	6.72582217e+02
0.3825	2.27082574e+03	-9.52526341e+01	-2.13980428e+02
0.3875	2.07300401e+03	-2.75315811e+02	4.44761757e+02
0.3925	2.21333159e+03	-2.69749487e+02	-2.13363042e+01
0.3975	1.89888653e+03	-3.13337021e+02	2.43326778e+02
