####### Power Spectrum of Patchy Simulation 1025 #############
# Patch: ngc
# z-type: z3
# Weights: fkp
# Fiducial Omega_m: 0.310
# Fiducial h: 0.676
# Forward-model pixellation : 0
# Rando n-bar: 0
# Boxsize: [1800.0, 3400.0, 1900.0]
# Grid: [261, 500, 276]
# k-binning: [0.000, 0.410, 0.005]
# Monte Carlo Simulations: 100
#
# Format: k | P0 | P2 | P4
############################################
0.0125	6.96687600e+04	1.17007976e+04	-6.65478473e+04
0.0175	8.55504208e+04	8.35957714e+04	2.06213126e+04
0.0225	5.92639534e+04	3.72605676e+02	-4.02150494e+03
0.0275	5.68051195e+04	2.89298222e+04	-2.19532853e+03
0.0325	5.19767083e+04	2.68798446e+04	1.40801253e+04
0.0375	5.06315946e+04	1.29607013e+04	-7.60329801e+03
0.0425	4.26372781e+04	1.64137645e+04	1.10536409e+04
0.0475	3.91710278e+04	1.94554489e+04	3.38095183e+03
0.0525	3.50746882e+04	1.07299672e+04	8.26908400e+03
0.0575	3.09474238e+04	6.61075418e+03	-4.30342376e+03
0.0625	3.36278671e+04	2.24752054e+04	3.92221602e+03
0.0675	2.93002354e+04	5.50971597e+03	5.70503582e+02
0.0725	2.67628179e+04	5.77328868e+03	-5.37150171e+03
0.0775	2.21976921e+04	6.43871497e+03	-3.32166781e+02
0.0825	2.32809184e+04	1.42547814e+04	2.91375692e+03
0.0875	1.86468411e+04	2.70520785e+03	-1.35632005e+03
0.0925	1.89160959e+04	6.29277406e+03	-3.75279605e+03
0.0975	1.76436624e+04	8.64479536e+03	2.39859596e+03
0.1025	1.43617200e+04	3.40171029e+03	-2.62659200e+03
0.1075	1.43661516e+04	4.73263813e+03	-1.20296606e+03
0.1125	1.35575376e+04	3.37043929e+03	1.21133056e+02
0.1175	1.28004466e+04	6.98250372e+03	-9.86117744e+02
0.1225	1.22963222e+04	1.65450305e+03	-8.16520379e+02
0.1275	1.25325088e+04	4.80763830e+03	1.08775800e+03
0.1325	1.14864481e+04	4.11289349e+03	1.74587689e+03
0.1375	1.09840583e+04	3.58936507e+03	4.50914777e+01
0.1425	1.03749609e+04	2.90749395e+03	1.58077313e+03
0.1475	9.55631478e+03	1.39495121e+03	1.42765758e+03
0.1525	9.29578772e+03	3.50745554e+03	3.15631145e+02
0.1575	7.83845717e+03	2.66848378e+03	8.58920180e+02
0.1625	8.20798467e+03	2.54197975e+03	3.56945054e+02
0.1675	7.45519695e+03	1.85045636e+03	1.06482913e+03
0.1725	7.41940709e+03	2.70534972e+03	2.64545856e+02
0.1775	7.11302010e+03	1.88660595e+03	-4.22482013e+02
0.1825	6.91584978e+03	1.41758346e+03	-3.07107389e+02
0.1875	6.76043021e+03	2.04986049e+03	4.37448634e+02
0.1925	6.19426449e+03	4.37963624e+02	-1.53183935e+01
0.1975	5.93186967e+03	1.86207243e+03	3.40454100e+01
0.2025	5.93383541e+03	1.00237702e+03	-4.99303674e+00
0.2075	5.62856201e+03	1.11482915e+03	2.12733531e+02
0.2125	5.28452470e+03	1.38592834e+03	2.21528499e+02
0.2175	5.06044287e+03	1.41530030e+03	8.80121712e+02
0.2225	5.08603271e+03	1.23326434e+03	4.25032230e+01
0.2275	4.52952406e+03	1.10286818e+03	2.16469131e+02
0.2325	4.74839241e+03	1.23015228e+03	3.26616067e+02
0.2375	4.53314977e+03	3.12088055e+02	-3.43691457e+02
0.2425	4.17260558e+03	9.70337760e+02	7.26844272e+02
0.2475	4.15688642e+03	1.26800456e+02	-5.19949534e+02
0.2525	3.99584860e+03	4.63310540e+02	6.57827194e+02
0.2575	3.97567545e+03	4.74236317e+02	-3.58118959e+02
0.2625	3.78769006e+03	7.51992725e+02	6.91394489e+02
0.2675	3.40881584e+03	1.62659393e+02	-3.60809967e+01
0.2725	3.66960007e+03	4.27076079e+02	3.72963437e+02
0.2775	3.21947689e+03	1.12529063e+01	-3.43365937e+02
0.2825	3.40069905e+03	4.63090335e+02	3.75829369e+02
0.2875	3.32131787e+03	2.77890859e+02	1.56154621e+02
0.2925	3.04273107e+03	1.35922705e+00	-2.24563208e+02
0.2975	3.07520330e+03	6.93841181e+02	3.27718000e+02
0.3025	2.72648883e+03	-8.29916376e+01	1.00740319e+02
0.3075	2.89994853e+03	3.54355415e+02	2.24644054e+02
0.3125	2.69354764e+03	2.58392456e+02	1.95009957e+02
0.3175	2.77545229e+03	-2.54483156e+02	-1.57661454e+02
0.3225	2.66982439e+03	2.66596527e+02	3.99797137e+02
0.3275	2.44855057e+03	-2.21341642e+01	2.76992726e+02
0.3325	2.41593654e+03	1.53367579e+02	2.27425387e+02
0.3375	2.35784245e+03	-2.01868904e+02	1.44181657e+02
0.3425	2.40092705e+03	4.09032737e+01	3.00730851e+02
0.3475	2.21478048e+03	-4.36059394e+02	-7.75163866e+01
0.3525	2.18471781e+03	2.49966566e+00	3.65528492e+02
0.3575	2.06200032e+03	-1.47458134e+02	1.40847126e+02
0.3625	2.20262651e+03	-2.68478551e+02	3.50051248e+02
0.3675	1.95288106e+03	-2.85112456e+02	2.31290419e+02
0.3725	1.90666769e+03	-4.53375856e+02	1.30410777e+02
0.3775	2.01451021e+03	2.14084286e+02	4.16164493e+02
0.3825	1.78556136e+03	-5.85094907e+02	1.40557481e+02
0.3875	1.76568013e+03	-1.93120599e+02	4.39178737e+02
0.3925	1.76165422e+03	-4.66198510e+02	7.51146094e+01
0.3975	1.86451804e+03	-3.61381409e+00	5.88404545e+02
