####### Power Spectrum of Patchy Simulation 357 #############
# Patch: sgc
# z-type: z1
# Weights: fkp
# Fiducial Omega_m: 0.310
# Fiducial h: 0.676
# Forward-model pixellation : 0
# Rando n-bar: 0
# Boxsize: [1000.0, 1900.0, 1100.0]
# Grid: [146, 276, 161]
# k-binning: [0.000, 0.410, 0.005]
# Monte Carlo Simulations: 100
#
# Format: k | P0 | P2 | P4
############################################
0.0125	9.18291422e+04	5.42011139e+03	1.76256319e+04
0.0175	5.85272989e+04	9.96600888e+04	2.61079073e+04
0.0225	6.44398651e+04	2.73945384e+03	-5.96756553e+04
0.0275	7.14998419e+04	4.95954006e+04	5.68504608e+04
0.0325	4.77225960e+04	1.65932969e+02	-1.63989803e+04
0.0375	4.47378824e+04	2.48965475e+04	1.28449959e+04
0.0425	5.41217101e+04	1.69826340e+04	7.76688771e+03
0.0475	4.06625400e+04	3.34973339e+04	-8.43562436e+03
0.0525	4.01255238e+04	4.53777066e+03	4.82785548e+03
0.0575	3.42261000e+04	1.62404828e+04	2.44750087e+03
0.0625	2.82208043e+04	1.91013473e+04	4.62061715e+03
0.0675	3.40526034e+04	1.99928982e+04	-2.71820618e+03
0.0725	2.75595517e+04	7.24346382e+03	-7.39932357e+02
0.0775	2.53016530e+04	1.05377524e+04	7.84104355e+03
0.0825	2.11316456e+04	7.55041866e+03	4.63898034e+03
0.0875	1.98817710e+04	8.42605965e+03	1.27886331e+03
0.0925	2.03222144e+04	1.12355322e+04	-3.14170479e+03
0.0975	1.72998141e+04	5.13269640e+03	3.19076206e+03
0.1025	1.68398982e+04	6.61655311e+03	-3.68225615e+02
0.1075	1.52733990e+04	6.15206545e+03	3.43036118e+03
0.1125	1.47966266e+04	5.38761883e+02	6.15719884e+02
0.1175	1.19992051e+04	1.50602151e+03	-1.42244843e+03
0.1225	1.43099138e+04	4.94913091e+03	-9.10708237e+02
0.1275	1.31270661e+04	2.88944574e+03	-3.45632787e+03
0.1325	1.40419380e+04	5.23055816e+03	-1.99216757e+02
0.1375	1.12354125e+04	3.16961328e+03	-6.43520969e+01
0.1425	1.12792740e+04	1.99207239e+03	1.82642487e+03
0.1475	9.88069779e+03	2.91109864e+03	1.93133216e+03
0.1525	1.00699332e+04	2.23465210e+03	1.01447306e+03
0.1575	9.58731725e+03	5.24655216e+03	6.18191339e+02
0.1625	7.94710902e+03	1.22483815e+03	6.97875694e+02
0.1675	7.93779146e+03	2.76881144e+03	-7.16308194e+02
0.1725	7.92256479e+03	2.94893969e+03	1.34009376e+03
0.1775	8.44672903e+03	1.29839419e+03	6.31736029e+02
0.1825	7.33455156e+03	1.94810922e+03	6.05076287e+02
0.1875	6.64525588e+03	1.63753405e+03	8.90669027e+02
0.1925	7.14056235e+03	2.20403289e+03	-3.47423849e+01
0.1975	6.71325618e+03	7.95238713e+02	-1.01906281e+02
0.2025	6.07723644e+03	3.14839388e+02	-1.26389636e+03
0.2075	5.67166773e+03	1.09200040e+03	4.23547070e+02
0.2125	6.06599705e+03	1.51091410e+03	-2.15417149e+02
0.2175	5.52556233e+03	1.39687800e+03	3.38873568e+01
0.2225	5.32462334e+03	9.76257223e+02	7.84766243e+00
0.2275	5.19963661e+03	1.36745721e+03	4.80943747e+02
0.2325	4.84462174e+03	7.34990095e+02	4.83689418e+02
0.2375	4.82656044e+03	1.58581391e+03	4.50977687e+02
0.2425	4.54805378e+03	5.11038656e+02	-4.28131918e+02
0.2475	4.59890674e+03	8.88673360e+02	4.56329317e+02
0.2525	4.05977752e+03	5.57883833e+02	-5.42194962e+02
0.2575	4.11076131e+03	-1.02058800e+02	-2.80927862e+02
0.2625	3.95697063e+03	4.53606587e+02	7.22575049e+02
0.2675	4.03989068e+03	4.33875333e+02	1.99781108e+02
0.2725	3.96478727e+03	7.24590066e+02	7.20390112e+02
0.2775	3.57152243e+03	2.46270817e+02	6.57011695e+02
0.2825	3.49329534e+03	8.53232919e+02	-1.03596994e+02
0.2875	3.34899030e+03	-3.31025111e+02	-7.61083974e+01
0.2925	3.35673365e+03	2.86394780e+02	9.67450191e+02
0.2975	3.08372441e+03	2.62525016e+02	-5.92399196e+01
0.3025	3.20377376e+03	-4.14699843e+02	2.51186087e+02
0.3075	3.09157040e+03	1.52183042e+02	7.66602546e+01
0.3125	2.91121442e+03	2.38770144e+02	1.22228025e+02
0.3175	3.03474716e+03	-5.08497841e+01	5.11641852e+02
0.3225	2.93097838e+03	1.06015657e+02	5.09539851e+02
0.3275	2.53539454e+03	-2.58815238e+02	2.27006555e+02
0.3325	2.68171010e+03	-2.30484831e+02	1.40142594e+02
0.3375	2.62854974e+03	8.13268896e+01	5.02249712e+02
0.3425	2.65662364e+03	-5.36924533e+02	8.04174842e+01
0.3475	2.31060115e+03	1.20597819e+02	1.22503217e+02
0.3525	2.46023179e+03	2.12155670e+02	6.22895428e+02
0.3575	2.29706807e+03	-4.66154351e+02	-3.53154610e+02
0.3625	2.14363204e+03	-3.61030976e+02	-3.29956703e+02
0.3675	2.18556764e+03	-8.30735992e+02	1.53555052e+02
0.3725	2.17458387e+03	9.05747026e+01	3.68592151e+01
0.3775	2.15336961e+03	-1.16745226e+02	4.89447076e+02
0.3825	2.00081397e+03	-4.41514354e+02	-2.10466434e+01
0.3875	1.88459426e+03	-3.29897805e+02	1.23175961e+02
0.3925	2.00899339e+03	-3.43594484e+02	4.09947884e+02
0.3975	2.01296082e+03	-2.15712047e+02	-1.92904387e+02
