####### Power Spectrum of Patchy Simulation 1725 #############
# Patch: sgc
# z-type: z3
# Weights: fkp
# Fiducial Omega_m: 0.310
# Fiducial h: 0.676
# Forward-model pixellation : 0
# Rando n-bar: 0
# Boxsize: [1000.0, 2600.0, 1500.0]
# Grid: [146, 384, 215]
# k-binning: [0.000, 0.410, 0.005]
# Monte Carlo Simulations: 100
#
# Format: k | P0 | P2 | P4
############################################
0.0125	9.94730812e+04	1.13043807e+05	7.37326637e+04
0.0175	1.32853951e+05	1.17705161e+04	-1.03388566e+05
0.0225	9.02929451e+04	5.94194163e+04	-1.27871347e+04
0.0275	6.14519048e+04	2.44406676e+04	-6.39382709e+04
0.0325	6.91145898e+04	-1.10524872e+04	8.10276942e+03
0.0375	5.84624025e+04	1.08393692e+04	-7.13128391e+03
0.0425	4.47970831e+04	1.71313819e+04	-9.09811718e+03
0.0475	4.98569582e+04	2.21288310e+04	7.94417597e+03
0.0525	3.09877439e+04	2.55712043e+03	-1.06988612e+04
0.0575	3.86352698e+04	2.43715937e+04	-7.62984863e+03
0.0625	2.65301749e+04	8.33789574e+03	-4.91010886e+03
0.0675	3.37017665e+04	5.30997139e+03	-4.66770673e+03
0.0725	2.68287940e+04	7.72284430e+03	-5.13577445e+03
0.0775	2.62010301e+04	1.03692357e+04	4.70477248e+03
0.0825	2.40011000e+04	1.39529091e+04	7.83190001e+02
0.0875	2.10908029e+04	3.91717297e+03	-1.75357410e+03
0.0925	1.86615446e+04	4.96662653e+03	2.30614048e+03
0.0975	1.62746579e+04	4.61422925e+03	-3.86186359e+03
0.1025	1.67123955e+04	4.95993309e+03	1.76465028e+03
0.1075	1.83439481e+04	8.41854083e+03	-5.59679958e+03
0.1125	1.46783552e+04	5.19787598e+03	-2.20109799e+03
0.1175	1.35836151e+04	2.06056798e+03	3.00819160e+01
0.1225	1.30114443e+04	3.59213000e+03	1.08501252e+03
0.1275	1.38655650e+04	5.47058240e+03	6.39467603e+03
0.1325	1.20639746e+04	2.85498838e+03	-3.56868834e+03
0.1375	1.21871016e+04	5.68454242e+03	1.57753183e+03
0.1425	1.05054877e+04	3.76715369e+03	2.58153446e+03
0.1475	1.07079861e+04	5.28840926e+03	1.60567042e+03
0.1525	8.77367692e+03	1.25038469e+03	8.80611533e+02
0.1575	8.72906378e+03	2.64832790e+03	3.45660396e+02
0.1625	9.60603381e+03	1.07537227e+03	-8.65641232e+02
0.1675	8.49271922e+03	1.90098707e+03	-6.77045859e+02
0.1725	8.15785500e+03	3.42083949e+03	-1.42108907e+03
0.1775	7.42528069e+03	2.88285725e+03	-8.97612989e+02
0.1825	8.01981451e+03	1.99362552e+03	2.34762714e+03
0.1875	7.61042039e+03	1.88286231e+03	-1.67315409e+03
0.1925	6.68934331e+03	1.56221983e+03	6.52528055e+02
0.1975	7.24315196e+03	1.99599048e+03	1.57665770e+03
0.2025	6.28847662e+03	1.11100718e+03	-9.45768193e+02
0.2075	6.25822902e+03	2.08460176e+03	5.33806692e+02
0.2125	5.70104844e+03	7.98831176e+02	-1.10824458e+03
0.2175	5.44047994e+03	5.99174978e+02	1.87689830e+03
0.2225	5.50021188e+03	8.91449389e+02	-6.35114648e+02
0.2275	5.48829544e+03	6.31607443e+02	-4.52324880e+02
0.2325	4.84103234e+03	2.17274467e+03	1.74803488e+02
0.2375	4.91278563e+03	7.14121516e+02	-3.47419752e+02
0.2425	4.84239036e+03	-8.72211082e+02	-4.08915651e+02
0.2475	5.10746893e+03	1.23386111e+03	9.80154551e+02
0.2525	4.47348497e+03	8.30307897e+02	2.25553355e+02
0.2575	4.33334318e+03	6.05512539e+02	7.32483354e+01
0.2625	4.41087526e+03	8.40852230e+02	5.48106904e+02
0.2675	4.01079657e+03	9.47916228e+02	5.93388015e+02
0.2725	4.13702088e+03	4.88084330e+02	-5.83970530e+02
0.2775	3.81120049e+03	1.32251754e+02	4.59750593e+02
0.2825	3.60933339e+03	2.59161498e+02	-5.49469728e+02
0.2875	3.56947171e+03	2.64714859e+02	5.72695676e+02
0.2925	3.42410684e+03	1.10834782e+02	-4.28915247e+02
0.2975	3.39891315e+03	5.15821186e+02	1.18663248e+03
0.3025	3.71907674e+03	3.62616232e+02	4.36110665e+02
0.3075	3.44290275e+03	4.70305868e+02	-1.91384629e+02
0.3125	3.13072422e+03	1.45765071e+02	3.67546371e+02
0.3175	2.92835433e+03	-1.49228670e+02	-1.43295487e+02
0.3225	3.40988714e+03	3.51492285e+02	1.24213210e+03
0.3275	2.90933721e+03	-2.35230779e+02	-4.51065356e+02
0.3325	2.67394071e+03	3.64429178e+02	6.27194872e+02
0.3375	3.02109995e+03	4.95161091e+01	2.65167970e+02
0.3425	2.63941489e+03	-2.21818098e+02	-2.91237790e+02
0.3475	2.62160631e+03	-4.87016891e+02	7.17590260e+02
0.3525	2.72105298e+03	1.65630919e+01	-4.56680018e+02
0.3575	2.38220279e+03	-2.66775788e+02	4.79052160e+02
0.3625	2.49721845e+03	-5.44680624e+02	3.75338569e+02
0.3675	2.42965256e+03	2.16173446e+02	3.25735371e+02
0.3725	2.12286891e+03	-9.56745015e+02	-5.24794677e+02
0.3775	2.46978150e+03	4.68345458e+01	8.87346386e+02
0.3825	2.21312032e+03	-3.34399527e+02	2.54151812e+02
0.3875	2.23151812e+03	-8.55179132e+01	3.54430067e+02
0.3925	2.16699682e+03	-2.63373839e+02	-2.02604875e+01
0.3975	1.96105287e+03	-3.38359583e+02	1.33123246e+02
