####### Power Spectrum of Patchy Simulation 1932 #############
# Patch: sgc
# z-type: z3
# Weights: fkp
# Fiducial Omega_m: 0.310
# Fiducial h: 0.676
# Forward-model pixellation : 0
# Rando n-bar: 0
# Boxsize: [1000.0, 2600.0, 1500.0]
# Grid: [146, 384, 215]
# k-binning: [0.000, 0.410, 0.005]
# Monte Carlo Simulations: 100
#
# Format: k | P0 | P2 | P4
############################################
0.0125	8.58327117e+04	7.69026690e+03	8.23480420e+03
0.0175	8.79122754e+04	-1.65855619e+04	-3.48757264e+04
0.0225	7.19306283e+04	4.25128147e+04	-2.33866208e+04
0.0275	5.44865294e+04	8.93555255e+03	-2.96293717e+03
0.0325	6.44610329e+04	7.26646905e+04	1.22645086e+04
0.0375	5.25977009e+04	-2.46379713e+02	1.86898987e+04
0.0425	4.70984593e+04	3.62168784e+03	2.71521446e+03
0.0475	4.63106100e+04	3.77661701e+03	-9.17357083e+03
0.0525	3.53596849e+04	1.41130628e+04	1.23341255e+04
0.0575	3.70656170e+04	3.05594433e+04	-2.93761205e+03
0.0625	3.33863666e+04	1.48529165e+04	1.03539485e+04
0.0675	3.00300987e+04	4.20876859e+03	-7.10659070e+03
0.0725	2.86135026e+04	1.16333526e+04	-3.99644163e+03
0.0775	3.27427354e+04	1.62144516e+04	-6.07158802e+02
0.0825	2.52436742e+04	1.27619797e+04	-6.38123266e+02
0.0875	2.24843639e+04	1.36280440e+03	-1.08752108e+04
0.0925	2.02854355e+04	6.77912228e+03	4.26932548e+03
0.0975	1.85149514e+04	3.05254540e+03	6.15622162e+02
0.1025	1.79019625e+04	5.49274894e+03	-1.09769421e+03
0.1075	1.55565467e+04	6.17371978e+03	-2.48485722e+03
0.1125	1.52547524e+04	3.95695394e+03	1.01994633e+03
0.1175	1.38318974e+04	3.37707770e+03	1.14632692e+03
0.1225	1.47199753e+04	7.41281802e+03	-1.64130280e+03
0.1275	1.28562154e+04	1.25258292e+03	-1.10313723e+03
0.1325	1.25470217e+04	5.76735451e+03	3.01425563e+02
0.1375	1.22613304e+04	4.73582702e+03	2.39207872e+03
0.1425	1.04876444e+04	2.47575523e+03	-1.59928229e+03
0.1475	1.11407286e+04	3.07542536e+03	-1.19182310e+02
0.1525	9.60920034e+03	1.62574987e+03	-1.52764999e+03
0.1575	9.94326071e+03	4.63224176e+03	1.28295923e+02
0.1625	9.33578685e+03	2.86998267e+02	-1.76214296e+03
0.1675	7.98455221e+03	3.40197009e+03	2.43667427e+03
0.1725	9.12234819e+03	2.65353195e+03	1.45683480e+03
0.1775	7.94478745e+03	2.95246333e+03	1.45219107e+03
0.1825	7.42002115e+03	3.22158192e+03	1.57409675e+03
0.1875	7.40536950e+03	1.00610713e+03	4.67673672e+02
0.1925	7.22062462e+03	1.19300286e+03	-1.35965245e+03
0.1975	6.93121191e+03	2.38741710e+03	-9.54108491e+01
0.2025	6.75362567e+03	6.43790877e+02	9.14718802e+02
0.2075	6.03101094e+03	2.10644330e+03	1.64987939e+03
0.2125	6.92989453e+03	9.41523071e+02	-7.72279429e+02
0.2175	5.67841323e+03	1.20945923e+03	-1.09023098e+01
0.2225	5.74450235e+03	1.08339938e+03	1.36488621e+03
0.2275	5.66768364e+03	9.98017874e+02	-1.93942096e+03
0.2325	5.01966299e+03	8.42725520e+02	6.36508661e+02
0.2375	5.48881735e+03	1.54378252e+03	3.86140670e+02
0.2425	4.72147712e+03	5.06452641e+02	-1.01679781e+03
0.2475	4.87974958e+03	1.06421529e+03	6.08700485e+02
0.2525	5.19736064e+03	3.41688985e+02	-3.46556945e+01
0.2575	4.44148114e+03	1.87444701e+02	2.44122350e+02
0.2625	4.52978978e+03	7.62721267e+02	-2.12376123e+02
0.2675	4.08300602e+03	-1.40497409e+02	-9.34375150e+02
0.2725	4.07770165e+03	8.77453610e+02	4.82334563e+02
0.2775	3.98429365e+03	2.25146644e+02	6.66402067e+02
0.2825	3.99069049e+03	4.92934609e+02	4.13015177e+02
0.2875	3.69763054e+03	6.55031480e+02	1.93824567e+02
0.2925	3.51053133e+03	-1.88561316e+02	-2.31539578e+02
0.2975	3.66721111e+03	7.11948276e+02	-2.81178170e+02
0.3025	3.73718321e+03	-2.60148096e+02	2.42003814e+02
0.3075	3.05979282e+03	5.45196788e+02	8.82652998e+02
0.3125	3.27593178e+03	4.47043152e+02	-2.37393027e+02
0.3175	3.22691195e+03	-3.61775074e+02	1.25677263e+02
0.3225	3.18215216e+03	3.05062642e+02	5.71697552e+02
0.3275	2.96197398e+03	7.90432668e+01	-6.06206098e+02
0.3325	3.10390280e+03	4.08366281e+02	7.47150790e+01
0.3375	2.97182356e+03	6.69814454e+01	-6.63251613e+01
0.3425	2.72199860e+03	-3.15492325e+02	3.70502827e+02
0.3475	2.71207265e+03	-5.29044297e+02	-2.82377043e+02
0.3525	2.64098969e+03	7.61913529e+01	3.12628028e+02
0.3575	2.55688109e+03	7.73797724e+01	4.66912899e+02
0.3625	2.47491221e+03	-4.43807367e+02	4.86053769e+02
0.3675	2.73188546e+03	1.03565487e+02	9.10539165e+01
0.3725	2.21909666e+03	-1.14375086e+02	-4.65401541e+02
0.3775	2.38981407e+03	-4.10064391e+02	2.40695699e+02
0.3825	2.39090513e+03	-1.28878495e+02	4.11508597e+02
0.3875	2.26915830e+03	-5.75421131e+01	1.54893729e+02
0.3925	2.22586605e+03	-3.41623145e+02	9.61695692e+01
0.3975	2.10556351e+03	-3.39885312e+02	1.27337920e+02
