####### Power Spectrum of Patchy Simulation 773 #############
# Patch: sgc
# z-type: z1
# Weights: fkp
# Fiducial Omega_m: 0.310
# Fiducial h: 0.676
# Forward-model pixellation : 0
# Rando n-bar: 0
# Boxsize: [1000.0, 1900.0, 1100.0]
# Grid: [146, 276, 161]
# k-binning: [0.000, 0.410, 0.005]
# Monte Carlo Simulations: 100
#
# Format: k | P0 | P2 | P4
############################################
0.0125	3.64566730e+04	3.23282093e+04	-3.06214352e+04
0.0175	9.78036614e+04	9.00048744e+03	-1.30858460e+05
0.0225	7.74171150e+04	5.45782163e+04	-3.07889905e+04
0.0275	5.24630821e+04	3.47799005e+04	3.88978121e+04
0.0325	4.74937600e+04	-5.28788611e+02	3.98860115e+04
0.0375	5.52819129e+04	4.04948965e+02	3.30861096e+03
0.0425	3.70878077e+04	9.89249776e+02	-2.42229840e+04
0.0475	3.96611884e+04	3.69149564e+04	-1.29427272e+03
0.0525	3.27628257e+04	9.89880418e+03	-7.64910757e+03
0.0575	3.57847757e+04	2.31036507e+04	3.35412435e+02
0.0625	2.92254148e+04	1.58630256e+04	9.65742182e+03
0.0675	3.51433476e+04	4.28074769e+03	4.80442924e+03
0.0725	2.56615653e+04	2.63231483e+04	5.12733214e+03
0.0775	2.22553870e+04	4.67026588e+03	7.82122043e+03
0.0825	2.49077983e+04	7.65718893e+03	3.82720851e+03
0.0875	2.06862959e+04	8.20367296e+03	1.34669422e+03
0.0925	2.08414367e+04	7.35700672e+03	4.45922794e+03
0.0975	1.91540805e+04	5.05241973e+03	-1.02590456e+02
0.1025	1.54951325e+04	1.02108609e+04	-1.10290209e+03
0.1075	1.51753978e+04	3.44553296e+02	-9.32663857e+02
0.1125	1.62036326e+04	5.20834268e+03	-1.44304190e+03
0.1175	1.35025945e+04	7.60016381e+03	-3.57077709e+03
0.1225	1.31156654e+04	5.06291969e+03	4.09211583e+03
0.1275	1.30833582e+04	6.81063116e+03	4.12399203e+03
0.1325	1.30857419e+04	2.80705121e+03	-6.65259724e+01
0.1375	1.19511795e+04	4.19962551e+03	2.86566498e+03
0.1425	9.83515951e+03	4.49985277e+03	2.40665232e+02
0.1475	1.17449306e+04	3.05162163e+03	2.22495796e+03
0.1525	8.83653490e+03	2.31709894e+03	-9.78080575e+02
0.1575	1.00826535e+04	1.81388399e+03	-6.14864811e+02
0.1625	8.41247853e+03	3.35152944e+03	3.43735688e+02
0.1675	8.79668506e+03	1.82034128e+03	1.07953129e+03
0.1725	7.22216828e+03	2.61505703e+03	-2.81725314e+02
0.1775	7.66039690e+03	1.64591376e+03	9.91654487e+01
0.1825	7.54984125e+03	6.82941553e+02	6.73400928e+02
0.1875	7.01555602e+03	1.72353830e+03	1.99532346e+02
0.1925	6.91803186e+03	2.00403323e+03	-6.80391399e+01
0.1975	5.90978958e+03	1.62911621e+03	-1.47479097e+02
0.2025	6.46860656e+03	2.12194968e+03	6.85487112e+02
0.2075	6.04229686e+03	1.48610437e+03	2.61998210e+02
0.2125	5.58429831e+03	1.57449795e+03	6.50884206e+02
0.2175	5.63534548e+03	9.52473127e+02	2.20724159e+02
0.2225	5.28697978e+03	1.04572641e+03	-1.41063767e+02
0.2275	5.31696643e+03	1.61774614e+03	1.47696331e+03
0.2325	5.03145776e+03	1.56398447e+03	-6.09036816e+01
0.2375	4.88144947e+03	1.26563065e+03	2.93414461e+02
0.2425	4.68705666e+03	6.00563187e+02	-4.44597910e+02
0.2475	4.19598828e+03	8.92995273e+02	6.23324429e+02
0.2525	4.66283141e+03	1.17855871e+03	4.71475308e+02
0.2575	3.85459909e+03	-3.25245295e+01	2.36886566e+02
0.2625	3.76133833e+03	5.76050230e+02	-1.27911644e+02
0.2675	3.99481640e+03	9.32043628e+02	7.41480921e+02
0.2725	3.91279266e+03	2.98740364e+02	5.13698917e+02
0.2775	3.59519400e+03	1.62316114e+02	1.21605362e+02
0.2825	3.55537944e+03	4.44878286e+02	6.48779070e+02
0.2875	3.54838888e+03	1.84120090e+02	2.98539828e+02
0.2925	3.46562052e+03	1.05136601e+02	7.93715933e+01
0.2975	3.19382449e+03	1.30961075e+02	7.52792429e+02
0.3025	3.12253199e+03	7.51314418e+01	-2.17735145e+02
0.3075	3.04907559e+03	2.51849043e+02	6.25055220e+02
0.3125	2.98596889e+03	-8.36606535e+01	1.27471779e+02
0.3175	2.91998887e+03	5.40504590e+01	2.55978523e+02
0.3225	2.76874368e+03	-3.75440617e+02	1.51438406e+02
0.3275	2.85980990e+03	1.01523893e+01	2.49842928e+02
0.3325	2.75760117e+03	8.81719964e+01	1.93388937e+02
0.3375	2.69565681e+03	-6.98799339e+02	3.57798541e+02
0.3425	2.30375457e+03	3.12701497e+01	2.10961660e+02
0.3475	2.33451913e+03	2.03542012e+01	2.16760318e+02
0.3525	2.45145982e+03	-4.17368933e+02	7.31524987e+02
0.3575	2.31970300e+03	-1.45980068e+02	-5.82960955e+01
0.3625	2.12830614e+03	-1.15302874e+02	4.00101357e+02
0.3675	2.25812839e+03	-2.20529468e+02	6.55156945e+02
0.3725	2.17076707e+03	-2.53425908e+02	3.74271694e+02
0.3775	2.09693638e+03	-3.09916301e+02	2.20648654e+02
0.3825	2.25349180e+03	-6.23622778e+02	3.01458163e+02
0.3875	2.07033475e+03	-4.60968370e+02	2.69460023e+02
0.3925	1.98866073e+03	-2.45915178e+02	1.91954468e+02
0.3975	1.89931413e+03	-2.43974827e+02	-8.26513343e+00
