####### Power Spectrum of Patchy Simulation 1082 #############
# Patch: ngc
# z-type: z1
# Weights: fkp
# Fiducial Omega_m: 0.310
# Fiducial h: 0.676
# Forward-model pixellation : 0
# Rando n-bar: 0
# Boxsize: [1350.0, 2450.0, 1400.0]
# Grid: [193, 353, 200]
# k-binning: [0.000, 0.410, 0.005]
# Monte Carlo Simulations: 100
#
# Format: k | P0 | P2 | P4
############################################
0.0125	8.57858277e+04	9.01164309e+03	-9.70798647e+04
0.0175	7.46781341e+04	-5.17122752e+03	-8.75390771e+03
0.0225	8.41184460e+04	3.44804556e+04	-5.66774534e+03
0.0275	7.58704108e+04	6.36536346e+03	-1.03417470e+04
0.0325	5.57447437e+04	2.04661555e+04	2.91675178e+02
0.0375	4.64781366e+04	6.60443216e+03	-7.28242621e+02
0.0425	3.90236684e+04	3.11703320e+04	2.95332702e+03
0.0475	4.40233942e+04	1.76620979e+04	-3.80626280e+03
0.0525	3.08859418e+04	9.17745217e+03	4.38129777e+03
0.0575	3.22510146e+04	8.41634589e+03	9.51482506e+01
0.0625	3.24398438e+04	1.37022493e+04	-5.01893426e+03
0.0675	3.09993809e+04	6.82720982e+03	-4.93002260e+03
0.0725	3.10737752e+04	1.34840192e+04	4.31490361e+03
0.0775	2.62429084e+04	1.36532148e+04	1.82803303e+03
0.0825	2.25884159e+04	7.90641403e+03	2.91465865e+03
0.0875	2.09622500e+04	3.53315026e+03	-2.02596022e+03
0.0925	2.02752205e+04	7.75147969e+03	6.05400959e+02
0.0975	1.75872932e+04	6.18654221e+03	3.31009747e+02
0.1025	1.58299840e+04	4.27101725e+03	2.93572963e+03
0.1075	1.59979572e+04	5.32121891e+03	5.07054044e+02
0.1125	1.44005009e+04	4.91132376e+03	7.37118320e+02
0.1175	1.46041470e+04	5.35136254e+03	-5.52008101e+02
0.1225	1.41603848e+04	4.36411124e+03	1.47415154e+02
0.1275	1.27024865e+04	3.52529076e+03	-1.64125892e+02
0.1325	1.18245987e+04	3.03692489e+03	-1.19868502e+03
0.1375	1.20185313e+04	3.72967041e+03	2.77229891e+02
0.1425	1.10714604e+04	3.36393000e+03	5.93856901e+02
0.1475	1.05250153e+04	1.86970787e+03	-8.96906788e+02
0.1525	9.59780233e+03	2.19018583e+03	9.25209726e+02
0.1575	9.05501248e+03	3.21640662e+03	1.02446373e+03
0.1625	8.78985083e+03	2.24093166e+03	2.92726639e+02
0.1675	8.15628710e+03	1.90229250e+03	3.67869733e+02
0.1725	8.13297224e+03	1.44627823e+03	2.60683412e+01
0.1775	7.79375328e+03	2.73669842e+03	-4.80767276e+01
0.1825	7.25488059e+03	1.71061456e+03	2.29922981e+01
0.1875	7.22904212e+03	1.73682113e+03	-2.02438142e+02
0.1925	6.97233007e+03	1.45922204e+03	2.70609914e+02
0.1975	6.65763883e+03	2.22275900e+03	3.70469263e+02
0.2025	6.33284422e+03	1.21984328e+03	-5.32911352e+02
0.2075	5.93384555e+03	9.72521168e+02	4.12060348e+01
0.2125	5.71694476e+03	1.41044501e+03	1.87322858e+02
0.2175	5.46322702e+03	7.33047762e+02	5.03241802e+02
0.2225	5.40892648e+03	1.27033451e+03	2.30374579e+02
0.2275	5.26139912e+03	1.11896324e+03	-1.20833800e+02
0.2325	4.85653328e+03	6.24647656e+02	-2.39745132e+02
0.2375	4.93802532e+03	7.51764336e+02	5.61505747e+02
0.2425	4.66116543e+03	9.53763281e+02	4.90977729e+02
0.2475	4.48952458e+03	1.15667750e+03	-3.56277616e+01
0.2525	4.39103153e+03	4.24533012e+02	-8.86920042e+02
0.2575	4.33419140e+03	8.14133732e+02	3.77685561e+02
0.2625	3.98185365e+03	3.86366297e+02	-1.38033495e+02
0.2675	3.93563535e+03	3.60358167e+01	5.87040539e+02
0.2725	3.78628120e+03	4.52958651e+02	2.94391351e+02
0.2775	3.78389014e+03	8.10424042e+02	3.51844855e+02
0.2825	3.58271400e+03	3.43861809e+02	-1.91065657e+02
0.2875	3.46259968e+03	7.49847271e+01	-2.58534074e+02
0.2925	3.40588374e+03	5.07110033e+02	3.65506742e+02
0.2975	3.39996191e+03	2.80194552e+02	-2.93950430e+01
0.3025	3.18135156e+03	2.58290555e+02	-1.34671185e+02
0.3075	3.16854095e+03	-6.55155709e+01	3.67020177e+02
0.3125	2.96814100e+03	3.08151860e+00	1.40622210e+02
0.3175	3.08510790e+03	1.23847230e+02	3.80477968e+02
0.3225	2.86424603e+03	5.02124769e+01	2.25442057e+02
0.3275	2.77131929e+03	-3.09093018e+01	1.15944037e+02
0.3325	2.63827457e+03	8.29250525e+01	3.00129829e+02
0.3375	2.60046741e+03	-2.28903100e+02	-8.79839764e+01
0.3425	2.50679693e+03	-1.68318862e+02	6.37231854e+01
0.3475	2.56103501e+03	-6.92486566e+01	1.33150497e+02
0.3525	2.37562110e+03	-1.01713312e+02	4.00520236e+02
0.3575	2.37067114e+03	-2.37608811e+02	2.78723239e+02
0.3625	2.29895741e+03	-1.41052152e+02	3.81564059e+02
0.3675	2.26487096e+03	-2.47836422e+02	2.18098938e+02
0.3725	2.21183125e+03	-3.43978967e+02	1.60603721e+02
0.3775	2.22595863e+03	-1.32982315e+02	3.86431316e+02
0.3825	2.00258583e+03	-2.97864316e+02	3.77703383e+02
0.3875	2.03446386e+03	-8.73827033e+01	8.47358699e+01
0.3925	2.03507990e+03	-2.20591475e+02	2.86857383e+02
0.3975	1.97279229e+03	-5.89629074e+01	1.38120782e+02
