####### Power Spectrum of Patchy Simulation 936 #############
# Patch: sgc
# z-type: z3
# Weights: fkp
# Fiducial Omega_m: 0.310
# Fiducial h: 0.676
# Forward-model pixellation : 0
# Rando n-bar: 0
# Boxsize: [1000.0, 2600.0, 1500.0]
# Grid: [146, 384, 215]
# k-binning: [0.000, 0.410, 0.005]
# Monte Carlo Simulations: 100
#
# Format: k | P0 | P2 | P4
############################################
0.0125	7.37027481e+04	-7.12886865e+03	-4.75921828e+04
0.0175	5.75608995e+04	4.97478034e+04	1.37250750e+03
0.0225	5.78393377e+04	-2.84265150e+04	-3.50244952e+04
0.0275	1.00047593e+05	4.84737083e+04	-3.08828234e+04
0.0325	6.33776553e+04	6.11437455e+04	2.58718051e+04
0.0375	4.02658185e+04	1.09266568e+04	-1.12619962e+04
0.0425	4.08047298e+04	1.37575684e+04	-1.64182408e+04
0.0475	4.01389044e+04	2.08195461e+03	1.09638143e+04
0.0525	3.54671762e+04	1.76207356e+04	1.32077287e+04
0.0575	3.45342102e+04	1.08531576e+04	-2.40553365e+03
0.0625	3.14175802e+04	5.15464482e+03	9.04087900e+03
0.0675	2.70981665e+04	1.07299704e+04	-1.08798426e+04
0.0725	2.81242401e+04	1.57487891e+04	-7.70676322e+03
0.0775	2.55770545e+04	8.01828944e+03	-4.89205361e+03
0.0825	2.34926769e+04	6.77943824e+03	-4.43219973e+03
0.0875	1.86605130e+04	4.99825592e+03	-9.29225419e+02
0.0925	2.18923203e+04	4.46805542e+03	3.46696039e+01
0.0975	1.82072516e+04	5.81636069e+03	3.73740814e+03
0.1025	1.70390299e+04	6.28324589e+03	1.22291032e+03
0.1075	1.48771447e+04	2.51904185e+03	-2.79432088e+03
0.1125	1.42167221e+04	5.55352797e+03	-2.30077979e+03
0.1175	1.54484468e+04	4.24383009e+03	1.51671008e+03
0.1225	1.39141499e+04	3.63456118e+03	-1.03899216e+02
0.1275	1.51466049e+04	2.51141560e+03	-1.46089800e+03
0.1325	1.14303335e+04	1.46760384e+03	1.58405617e+02
0.1375	1.16672814e+04	1.65872982e+03	-6.46794423e+02
0.1425	1.05786905e+04	4.37480388e+03	-1.94358205e+02
0.1475	9.76702206e+03	1.63937448e+03	-1.98793078e+03
0.1525	1.06113131e+04	4.58926790e+03	2.84401064e+03
0.1575	9.32277810e+03	1.73606640e+03	-2.04923044e+02
0.1625	8.32247425e+03	2.85380178e+03	-5.25171052e+02
0.1675	9.04515260e+03	3.66738689e+03	1.07101891e+01
0.1725	8.13171207e+03	1.26720645e+03	6.86763200e+02
0.1775	8.31167425e+03	4.10575570e+03	6.65022984e+02
0.1825	7.19626858e+03	9.38979650e+02	-9.69147945e+02
0.1875	7.34439458e+03	1.09082847e+03	6.58307107e+02
0.1925	7.01389174e+03	3.05915697e+03	1.44163603e+03
0.1975	7.06754504e+03	7.35261623e+02	-2.53755210e+03
0.2025	6.57478717e+03	1.11381662e+03	-4.55866415e+02
0.2075	6.18256168e+03	1.45412388e+03	-2.26415940e+02
0.2125	6.43783697e+03	1.78831156e+03	7.97158366e+02
0.2175	5.59877554e+03	7.94775169e+02	-2.62284239e+02
0.2225	5.39848933e+03	5.54592958e+02	1.20600788e+03
0.2275	5.29792257e+03	1.63988898e+03	-7.81083528e+02
0.2325	5.43543327e+03	1.08005855e+03	1.03453961e+03
0.2375	5.23572085e+03	2.14895900e+03	1.10118571e+03
0.2425	4.55734670e+03	3.28625427e+02	-6.91870538e+02
0.2475	4.73183710e+03	5.45340219e+02	-3.15258707e+02
0.2525	4.51330962e+03	1.48729448e+02	8.30560158e+02
0.2575	5.04623509e+03	9.29923098e+02	-5.97019412e+02
0.2625	4.14200058e+03	2.76282430e+02	2.36224756e+02
0.2675	4.08048507e+03	1.88980057e+02	5.34340056e+02
0.2725	4.10796431e+03	1.05252613e+03	5.19640519e+02
0.2775	3.88634801e+03	1.43710262e+01	8.35479089e+02
0.2825	3.93782051e+03	5.85665336e+02	9.57251404e+02
0.2875	3.70046467e+03	4.75747539e+02	-1.42419317e+02
0.2925	3.55795171e+03	7.87575424e+01	6.42193117e+02
0.2975	3.53107886e+03	-8.24929394e+01	-5.33020327e+02
0.3025	3.30582309e+03	2.11450480e+02	-3.61611007e+01
0.3075	3.52101240e+03	2.70563589e+02	5.56553798e+02
0.3125	3.18138274e+03	-1.28249766e+02	9.40856410e+02
0.3175	3.24027094e+03	-1.81093512e+00	-5.36034135e+02
0.3225	3.13072537e+03	-8.95650724e+00	6.01007524e+02
0.3275	3.16916561e+03	-4.28854703e+02	2.59626536e+02
0.3325	2.97711169e+03	5.14324262e+01	7.10198693e+02
0.3375	3.01695103e+03	2.67377365e+01	6.25936665e+01
0.3425	2.65421287e+03	1.64828585e+02	1.93232163e+02
0.3475	2.73082788e+03	-1.63903339e+02	4.19720538e+02
0.3525	2.70458486e+03	-5.65306070e+02	-2.62279425e+02
0.3575	2.54667785e+03	-3.64007908e+02	4.08910031e+02
0.3625	2.32888056e+03	-2.53086956e+02	3.10002972e+02
0.3675	2.71537533e+03	-1.28868964e+02	2.06767141e+02
0.3725	2.38527783e+03	3.08699710e+01	7.66108174e+02
0.3775	2.41813557e+03	-3.75628438e+02	-2.36184985e+02
0.3825	2.34317878e+03	-2.67986027e+02	4.17660330e+02
0.3875	2.28973097e+03	-5.79073694e+02	5.13797029e+01
0.3925	2.53245549e+03	-4.14166701e+02	5.05489507e+02
0.3975	2.27555778e+03	5.99502930e+01	1.86265492e+02
