####### Power Spectrum of Patchy Simulation 534 #############
# Patch: sgc
# z-type: z1
# Weights: fkp
# Fiducial Omega_m: 0.310
# Fiducial h: 0.676
# Forward-model pixellation : 0
# Rando n-bar: 0
# Boxsize: [1000.0, 1900.0, 1100.0]
# Grid: [146, 276, 161]
# k-binning: [0.000, 0.410, 0.005]
# Monte Carlo Simulations: 100
#
# Format: k | P0 | P2 | P4
############################################
0.0125	7.40808887e+04	4.13991654e+04	-1.30622936e+05
0.0175	7.00440661e+04	1.60248296e+04	-3.76413215e+04
0.0225	8.51139112e+04	1.64303766e+04	1.46811702e+03
0.0275	8.00060719e+04	4.40094041e+04	-3.43488513e+04
0.0325	4.72957597e+04	3.22674118e+04	4.54634218e+04
0.0375	4.83503148e+04	9.11143529e+03	2.96138521e+03
0.0425	4.64111574e+04	4.41571669e+03	1.17177150e+04
0.0475	3.75919510e+04	7.20620955e+03	-1.58658634e+04
0.0525	3.60677079e+04	1.38253442e+04	-1.49841129e+03
0.0575	3.52788114e+04	7.20799093e+03	1.92248028e+03
0.0625	3.28451403e+04	2.03059412e+04	-2.94898337e+03
0.0675	2.63166056e+04	4.32504490e+03	6.16766111e+03
0.0725	2.89934046e+04	1.02076601e+04	-4.76362575e+03
0.0775	3.04069043e+04	1.13664222e+04	7.04724338e+03
0.0825	2.34564660e+04	1.52598970e+04	4.33407922e+03
0.0875	1.98015784e+04	5.55773787e+03	1.03927378e+04
0.0925	1.81986946e+04	4.79257425e+03	2.12983607e+03
0.0975	1.88930881e+04	4.95505407e+03	-9.71557239e+02
0.1025	1.47413949e+04	3.92309249e+03	-9.88915594e+02
0.1075	1.65509982e+04	6.72056843e+03	1.76444729e+03
0.1125	1.38242415e+04	3.23439394e+03	1.23780570e+03
0.1175	1.37718089e+04	4.94608968e+03	2.65713299e+03
0.1225	1.40981705e+04	4.38503965e+03	2.87025970e+03
0.1275	1.30556411e+04	4.36521206e+03	2.66187362e+03
0.1325	1.19629038e+04	3.06424941e+03	-1.21587019e+03
0.1375	1.12862906e+04	5.88053939e+03	2.40879329e+03
0.1425	9.88352437e+03	2.17421068e+03	2.07416773e+02
0.1475	1.02974623e+04	3.62180676e+03	-1.99254330e+03
0.1525	9.72444119e+03	2.68383107e+03	2.07765585e+02
0.1575	9.17681003e+03	3.20849997e+03	4.48736644e+02
0.1625	9.00331235e+03	3.14139268e+03	9.04244242e+02
0.1675	8.87090035e+03	1.82548524e+03	5.91960970e+02
0.1725	7.48074456e+03	1.02934075e+03	4.45551521e+01
0.1775	7.21509575e+03	1.69936037e+03	3.66926037e+02
0.1825	7.96479570e+03	1.88088696e+03	8.62598934e+02
0.1875	6.17658927e+03	2.06926320e+03	4.81259800e+02
0.1925	7.06549636e+03	2.48599307e+03	2.77391201e+02
0.1975	6.93986932e+03	2.01904768e+03	-4.09545199e+02
0.2025	6.59454354e+03	1.27328030e+03	7.12898915e+02
0.2075	5.75095009e+03	1.59602075e+03	9.66411449e+01
0.2125	6.22929279e+03	3.88772001e+02	1.20182857e+03
0.2175	5.26904116e+03	7.21914766e+02	8.17890572e+01
0.2225	5.23931005e+03	9.05843108e+02	8.30300880e+02
0.2275	5.00495255e+03	1.56671556e+03	3.30494240e+02
0.2325	4.94374446e+03	2.47094006e+02	9.57727892e+02
0.2375	5.22318094e+03	4.46215871e+02	4.94514044e+02
0.2425	4.47792735e+03	1.20744851e+03	1.18691972e+00
0.2475	4.69047933e+03	1.36769149e+02	2.17850652e+02
0.2525	4.28423077e+03	1.68679742e+03	8.66021298e+01
0.2575	3.92783586e+03	7.25137037e+02	8.26722560e+02
0.2625	3.97312535e+03	3.41009390e+02	-1.00529258e+03
0.2675	3.99349188e+03	6.99475084e+02	3.51061598e+02
0.2725	3.76223326e+03	2.48390728e+02	-4.36829541e+02
0.2775	3.56642095e+03	1.02280143e+02	-2.71548508e+00
0.2825	3.32511583e+03	1.00035903e+02	3.85967232e+02
0.2875	3.64632232e+03	6.62266040e+02	2.50145301e+02
0.2925	3.51859834e+03	1.92513822e+02	-5.02345609e+00
0.2975	3.08073782e+03	3.81264638e+02	1.03378035e+03
0.3025	3.43092527e+03	-1.81145345e+02	8.22698558e+02
0.3075	3.28298336e+03	-4.01246994e+01	1.15372781e+02
0.3125	2.99672003e+03	-6.23714606e+01	2.25256952e+02
0.3175	2.78484345e+03	1.68648821e+02	-2.17177987e+02
0.3225	2.89451059e+03	1.21352986e+01	5.81482889e+02
0.3275	2.90533289e+03	3.86940975e+02	4.78730588e+02
0.3325	2.73495671e+03	-2.32952809e+02	4.29821874e+02
0.3375	2.72046427e+03	1.62461255e+01	-2.03586710e+02
0.3425	2.40609675e+03	1.69644410e+00	4.88322276e+02
0.3475	2.65982700e+03	3.11364567e+01	4.89520883e+01
0.3525	2.25962985e+03	-2.85694899e+02	5.00479739e+02
0.3575	2.44840618e+03	-8.22386271e+01	2.62270471e+02
0.3625	2.26553989e+03	-1.12966251e+02	2.37240640e+02
0.3675	2.36328383e+03	7.35736177e+00	5.83767438e+02
0.3725	2.11372034e+03	-4.33472646e+02	2.21855801e+02
0.3775	2.07213717e+03	2.64963158e+01	3.99030824e+02
0.3825	1.95356902e+03	-3.97297933e+02	3.48606753e+02
0.3875	2.05421398e+03	-2.24663131e+02	9.19826609e+01
0.3925	2.19701108e+03	-4.43051704e+02	1.54137502e+02
0.3975	1.92429022e+03	-4.92057203e+02	-5.36678345e+01
