####### Power Spectrum of Patchy Simulation 814 #############
# Patch: ngc
# z-type: z3
# Weights: fkp
# Fiducial Omega_m: 0.310
# Fiducial h: 0.676
# Forward-model pixellation : 0
# Rando n-bar: 0
# Boxsize: [1800.0, 3400.0, 1900.0]
# Grid: [261, 500, 276]
# k-binning: [0.000, 0.410, 0.005]
# Monte Carlo Simulations: 100
#
# Format: k | P0 | P2 | P4
############################################
0.0125	7.40450126e+04	4.91069512e+04	-8.57336886e+03
0.0175	5.80755511e+04	2.89820254e+04	-4.22343886e+04
0.0225	6.86539356e+04	2.29086614e+04	-2.60150446e+04
0.0275	5.90412779e+04	2.20083415e+04	7.32803317e+02
0.0325	5.59696458e+04	1.13640779e+04	4.89506708e+02
0.0375	5.36258264e+04	3.34994432e+04	1.76275134e+02
0.0425	3.57990084e+04	1.17223300e+04	2.89748130e+03
0.0475	4.12776681e+04	1.09667176e+04	-9.05873447e+03
0.0525	3.36903949e+04	8.70287405e+03	8.06166887e+02
0.0575	3.31187650e+04	2.14533187e+04	-3.52583119e+03
0.0625	3.11913448e+04	1.31760218e+04	2.06425109e+03
0.0675	3.05547295e+04	1.33677524e+04	-4.83208295e+03
0.0725	2.59769913e+04	5.89057192e+03	1.16092913e+03
0.0775	2.53018169e+04	1.11385307e+04	1.08860440e+02
0.0825	2.21670953e+04	7.91900286e+03	4.77929527e+02
0.0875	1.95887792e+04	5.30272526e+03	-5.41951398e+02
0.0925	1.80778315e+04	7.08362114e+03	-2.13554408e+03
0.0975	1.59688295e+04	7.62242016e+03	2.29701470e+03
0.1025	1.59327630e+04	5.78226553e+03	-1.00787437e+03
0.1075	1.39376224e+04	3.72249635e+03	3.53965944e+01
0.1125	1.50620099e+04	6.27466591e+03	1.38898856e+03
0.1175	1.24985689e+04	1.84679074e+03	-4.14552489e+03
0.1225	1.26589674e+04	4.61325321e+03	-1.75872761e+03
0.1275	1.19972358e+04	3.67620060e+03	8.64128754e+02
0.1325	1.21642599e+04	3.60501300e+03	-1.80059547e+03
0.1375	1.15484636e+04	4.53006750e+03	-9.72406509e+02
0.1425	9.75868869e+03	2.32318076e+03	-3.76743947e+02
0.1475	9.66572021e+03	3.75038124e+03	9.02163749e+02
0.1525	9.08630799e+03	2.92754505e+03	1.40355110e+03
0.1575	8.76606055e+03	3.10572144e+03	-5.89356846e+02
0.1625	8.40948147e+03	2.64183530e+03	-8.03291666e+02
0.1675	7.41861278e+03	1.95741421e+03	1.55234154e+03
0.1725	7.85085453e+03	2.82410897e+03	3.20220197e+02
0.1775	7.04719636e+03	2.18355346e+03	2.84729591e+02
0.1825	7.27726710e+03	1.74966580e+03	1.34897795e+03
0.1875	6.79222870e+03	7.56629509e+02	-1.08981156e+02
0.1925	6.44160564e+03	1.78930805e+03	9.90226272e+02
0.1975	6.09687371e+03	1.52360726e+03	-3.48448543e+01
0.2025	6.25311098e+03	1.29586482e+03	4.24053735e+02
0.2075	5.63386327e+03	2.06599814e+03	1.15777513e+03
0.2125	5.51880556e+03	1.13419465e+03	-1.98696468e+01
0.2175	5.27963389e+03	1.56944543e+03	5.21352607e+02
0.2225	4.97231229e+03	3.16692305e+02	-2.05728650e+02
0.2275	4.97520195e+03	1.59598178e+03	9.86213586e+02
0.2325	4.72772123e+03	6.56658800e+02	-3.33553071e+02
0.2375	4.47277615e+03	9.11812239e+02	6.01698485e+02
0.2425	4.45421355e+03	8.90251319e+02	4.74871308e+02
0.2475	4.20629121e+03	2.89820717e+02	1.68363966e+02
0.2525	4.11013740e+03	5.95089251e+02	7.04171364e+02
0.2575	3.95379905e+03	7.10907802e+02	4.45741807e+02
0.2625	3.71483530e+03	1.89030454e+02	4.32386983e+02
0.2675	3.88069961e+03	5.37238547e+02	2.88064114e+02
0.2725	3.59124107e+03	3.65515207e+02	4.31525815e+02
0.2775	3.71895300e+03	9.46258130e+02	4.83883144e+02
0.2825	3.31545885e+03	3.44719645e+02	2.68631351e+02
0.2875	3.34364983e+03	2.81279564e+02	-8.12323630e+01
0.2925	3.19635136e+03	2.21561292e+02	2.92094202e+01
0.2975	3.10107992e+03	2.27448163e+02	1.64557404e+02
0.3025	2.91143480e+03	2.17780361e+02	5.86111931e+02
0.3075	2.90362878e+03	-3.83898992e+02	1.08932407e+02
0.3125	2.85430825e+03	3.03107751e+02	2.60981664e+02
0.3175	2.63960624e+03	-1.20247870e+02	1.62136343e+01
0.3225	2.65660378e+03	-2.95340534e+01	2.14676520e+02
0.3275	2.60597045e+03	-1.85947552e+02	1.64129795e+02
0.3325	2.63630452e+03	3.53624623e+02	3.56343128e+01
0.3375	2.53057875e+03	9.08884038e+01	4.46117880e+02
0.3425	2.35685079e+03	-1.65344901e+02	-2.35812808e+02
0.3475	2.33135000e+03	1.34611877e+02	3.11482339e+02
0.3525	2.19114154e+03	-9.20068111e+01	1.97092707e+02
0.3575	2.21360303e+03	-2.57663176e+01	1.24779006e+02
0.3625	2.14568502e+03	-2.06157733e+00	3.27711688e+02
0.3675	2.06329651e+03	-2.82581804e+02	8.93492993e+01
0.3725	2.06135782e+03	-1.70112135e+02	5.18928977e+00
0.3775	2.06622281e+03	-7.01107216e+01	2.48995821e+02
0.3825	1.91924557e+03	-2.88151838e+02	1.96960881e+02
0.3875	1.93575143e+03	-1.39168926e+02	2.23498572e+02
0.3925	1.82644751e+03	-2.94098940e+02	2.01050417e+02
0.3975	1.90948076e+03	1.47177760e+02	3.58426108e+02
