####### Power Spectrum of Patchy Simulation 1712 #############
# Patch: sgc
# z-type: z3
# Weights: fkp
# Fiducial Omega_m: 0.310
# Fiducial h: 0.676
# Forward-model pixellation : 0
# Rando n-bar: 0
# Boxsize: [1000.0, 2600.0, 1500.0]
# Grid: [146, 384, 215]
# k-binning: [0.000, 0.410, 0.005]
# Monte Carlo Simulations: 100
#
# Format: k | P0 | P2 | P4
############################################
0.0125	6.63199854e+04	1.08711732e+05	4.07053769e+04
0.0175	1.17737024e+05	3.25187296e+04	1.52905204e+04
0.0225	5.31885561e+04	-5.03234837e+03	-4.05052085e+04
0.0275	6.12426966e+04	2.96727484e+04	1.51011208e+04
0.0325	6.25979794e+04	4.91129075e+04	-1.72269144e+04
0.0375	6.35168086e+04	1.14880878e+04	-4.22406430e+04
0.0425	2.53632219e+04	1.70366839e+04	4.44073311e+04
0.0475	4.43376874e+04	2.37359862e+04	1.35190668e+04
0.0525	3.63965004e+04	1.93647151e+04	3.64750435e+03
0.0575	3.05811506e+04	-2.93930138e+03	-5.49666735e+02
0.0625	2.97352607e+04	1.49729880e+04	1.49480865e+04
0.0675	2.55114510e+04	4.87513747e+03	-1.42685398e+03
0.0725	3.23893981e+04	2.26470452e+04	6.06476822e+03
0.0775	2.56646307e+04	1.57248453e+04	-5.14051186e+03
0.0825	2.40035175e+04	1.98345796e+03	8.48316496e+03
0.0875	2.35762670e+04	1.29520732e+04	3.04495253e+03
0.0925	1.77119604e+04	4.76098167e+03	-6.77229160e+03
0.0975	1.74376743e+04	3.15610308e+03	-4.40844743e+02
0.1025	1.64706184e+04	7.24900741e+03	3.53623552e+03
0.1075	1.61097167e+04	6.60268025e+03	1.25971028e+03
0.1125	1.55535071e+04	4.40057971e+03	-2.14399119e+03
0.1175	1.56851456e+04	4.25830742e+03	3.62092286e+02
0.1225	1.39425221e+04	2.57669107e+03	-7.32228504e+02
0.1275	1.29114043e+04	3.32898779e+03	-2.27123605e+03
0.1325	1.19559172e+04	2.96877458e+03	3.29574586e+02
0.1375	1.17465894e+04	8.67866141e+03	2.48887406e+03
0.1425	1.07758572e+04	1.22552169e+03	-1.95301403e+03
0.1475	1.02323005e+04	4.41535863e+03	-8.41809886e+02
0.1525	1.03886623e+04	2.47542220e+03	-5.75354092e+02
0.1575	8.92762692e+03	2.93017445e+03	2.91066717e+03
0.1625	9.00574212e+03	2.90561843e+03	-1.31641452e+02
0.1675	8.06618070e+03	2.11812490e+03	-2.96421982e+02
0.1725	8.37983187e+03	4.41049223e+03	1.79952196e+03
0.1775	7.49663478e+03	1.82162599e+02	-1.23558573e+03
0.1825	7.32098771e+03	2.49991383e+03	-2.31818694e+01
0.1875	7.50157297e+03	1.85937859e+03	6.15230817e+02
0.1925	6.99077752e+03	9.25975519e+02	5.16572157e+02
0.1975	6.75991199e+03	-1.37746443e+01	-1.15275353e+02
0.2025	6.43740709e+03	1.04014054e+03	1.29605258e+02
0.2075	6.78681345e+03	1.40450835e+03	6.28488803e+02
0.2125	6.12319014e+03	1.30112152e+03	-6.51380871e+02
0.2175	5.66764510e+03	7.90883534e+02	1.04645628e+03
0.2225	5.69400847e+03	5.96414157e+02	-4.53689771e+02
0.2275	5.48723897e+03	1.48480953e+03	4.56716664e+02
0.2325	4.92324102e+03	1.08439521e+03	5.99276067e+01
0.2375	4.95382460e+03	1.17837716e+03	-3.57530871e+02
0.2425	4.99543506e+03	4.51655316e+02	8.86230749e+02
0.2475	4.88257840e+03	1.85923025e+03	1.03754950e+03
0.2525	4.95138549e+03	6.66821699e+02	3.13847933e+02
0.2575	4.05799911e+03	6.17067719e+02	6.81851585e+02
0.2625	4.58670081e+03	1.30990732e+02	-2.08479281e+02
0.2675	4.29556074e+03	9.53610031e+02	1.20968543e+02
0.2725	4.10500298e+03	-1.77560830e+02	7.12430216e+00
0.2775	3.68720132e+03	4.39155586e+02	5.77516298e+02
0.2825	4.08395369e+03	2.39018780e+02	9.63649228e+02
0.2875	3.45294640e+03	-2.88925834e+02	-4.87022521e+02
0.2925	3.61744623e+03	3.87053398e+02	-3.75893579e+01
0.2975	3.60870977e+03	8.92201396e+01	9.39064075e+01
0.3025	3.18216337e+03	-2.08520934e+02	-3.52575830e+02
0.3075	3.36809779e+03	6.11065660e+02	3.84270239e+00
0.3125	3.18982393e+03	6.76764777e+01	1.15260839e+02
0.3175	2.97412015e+03	1.51185136e+02	3.59793177e+02
0.3225	2.94313000e+03	-7.58648756e+02	1.67379188e+02
0.3275	3.23745755e+03	2.03215741e+02	-5.03193978e+00
0.3325	2.81695686e+03	-5.85617882e+02	3.66806017e+02
0.3375	3.00901736e+03	-2.48658034e+02	2.44082253e+02
0.3425	2.45323813e+03	-2.83506840e+02	7.69425269e+02
0.3475	2.86501975e+03	3.26001247e+02	-1.83328025e+02
0.3525	2.60949638e+03	-2.30065789e+02	5.82970014e+02
0.3575	2.46201831e+03	-6.22078924e+02	1.11657385e+02
0.3625	2.37222499e+03	-2.64012004e+02	6.04800273e+02
0.3675	2.46054245e+03	-4.85785283e+02	-3.80142698e+02
0.3725	2.24144170e+03	-4.46039520e+02	5.17736670e+02
0.3775	2.24345457e+03	-2.44378660e+02	-6.32471839e+02
0.3825	2.31972389e+03	-2.97971111e+02	4.88020503e+02
0.3875	2.15140902e+03	-2.03050520e+00	4.50779641e+02
0.3925	2.14578758e+03	-4.07402660e+02	-2.85126243e+01
0.3975	2.09746280e+03	-2.70883690e+02	5.90450146e+02
