####### Power Spectrum of Patchy Simulation 1344 #############
# Patch: ngc
# z-type: z1
# Weights: fkp
# Fiducial Omega_m: 0.310
# Fiducial h: 0.676
# Forward-model pixellation : 0
# Rando n-bar: 0
# Boxsize: [1350.0, 2450.0, 1400.0]
# Grid: [193, 353, 200]
# k-binning: [0.000, 0.410, 0.005]
# Monte Carlo Simulations: 100
#
# Format: k | P0 | P2 | P4
############################################
0.0125	7.02799713e+04	3.34451666e+04	-2.01665622e+04
0.0175	7.83965204e+04	3.10524271e+04	-1.38375004e+04
0.0225	7.07675312e+04	-1.83298889e+04	-2.69202061e+03
0.0275	6.10833624e+04	2.51662316e+04	1.58433799e+04
0.0325	6.75892727e+04	3.51296293e+04	-9.87351970e+02
0.0375	4.93862131e+04	1.85519439e+04	-2.25064231e+03
0.0425	4.68993383e+04	3.71188671e+04	3.06839401e+04
0.0475	4.25968962e+04	8.29962635e+03	-1.11900858e+04
0.0525	3.58131708e+04	9.78874122e+03	-4.85813262e+03
0.0575	3.57135205e+04	1.42038750e+04	7.63623181e+03
0.0625	3.70056022e+04	1.39097871e+04	3.59091053e+03
0.0675	3.06190909e+04	9.35087378e+03	-4.39319786e+03
0.0725	2.54669064e+04	9.24942695e+03	-2.58570805e+03
0.0775	2.76271183e+04	7.91582566e+03	2.64122053e+03
0.0825	2.45089501e+04	1.19346429e+04	8.24798551e+02
0.0875	2.14758669e+04	5.24535473e+03	1.97868465e+03
0.0925	2.06444909e+04	9.48813543e+03	7.31167157e+03
0.0975	1.75214681e+04	4.75125260e+03	-2.01152077e+02
0.1025	1.78445357e+04	6.27120959e+03	9.61843264e+02
0.1075	1.58619645e+04	8.00704857e+03	2.49679619e+03
0.1125	1.48468751e+04	3.42628204e+03	-1.07231163e+03
0.1175	1.28910376e+04	3.15133956e+03	1.98503325e+03
0.1225	1.31982270e+04	6.53925395e+03	1.63397889e+03
0.1275	1.25413666e+04	3.30601138e+03	-1.04338331e+03
0.1325	1.18776284e+04	3.13469632e+03	1.09274667e+03
0.1375	1.25274600e+04	3.33184109e+03	1.11748812e+03
0.1425	1.15154554e+04	4.36560121e+03	1.70695168e+03
0.1475	1.07912156e+04	2.87265537e+03	1.39517395e+03
0.1525	9.96936720e+03	2.76141464e+03	-7.47036386e+02
0.1575	9.14334534e+03	1.73142618e+03	-8.12693865e+02
0.1625	8.70204656e+03	2.34864379e+03	1.68399771e+03
0.1675	9.08135767e+03	2.71525772e+03	-7.48293572e+01
0.1725	7.79557088e+03	2.73343690e+03	5.72964492e+02
0.1775	7.54447859e+03	1.43297474e+03	6.52262684e+02
0.1825	7.52110111e+03	1.86813676e+03	-2.06340636e+01
0.1875	7.20124745e+03	1.87254376e+03	4.15642759e+02
0.1925	6.89613560e+03	2.14895238e+03	9.20608603e+02
0.1975	6.57364937e+03	1.62004145e+03	-4.39228448e+01
0.2025	6.24423128e+03	1.39513361e+03	6.25978060e+02
0.2075	6.03828279e+03	1.36245889e+03	4.86254925e+02
0.2125	5.95690966e+03	1.64067997e+03	5.70486932e+02
0.2175	5.32191713e+03	5.65150270e+02	1.29461668e+02
0.2225	5.57244852e+03	9.32829435e+02	1.91103339e+02
0.2275	5.16785511e+03	1.30530082e+03	7.44260481e+02
0.2325	5.05387731e+03	1.01724281e+03	7.51417034e+02
0.2375	4.73528248e+03	7.19355590e+02	3.55309177e+02
0.2425	5.04148456e+03	1.36349920e+03	1.73328878e+02
0.2475	4.51208152e+03	7.25248767e+02	5.33380035e+00
0.2525	4.25655731e+03	4.60029698e+02	4.12395803e+02
0.2575	4.22279069e+03	9.81505533e+02	1.95804786e+01
0.2625	4.25446363e+03	5.25227152e+02	2.19839066e+01
0.2675	4.02420838e+03	6.20417762e+02	2.73975645e+02
0.2725	3.77665150e+03	4.93847862e+02	6.91584219e+02
0.2775	3.76593374e+03	8.11635413e+02	4.71572375e+02
0.2825	3.79356543e+03	3.65579249e+01	2.47982034e+02
0.2875	3.52501201e+03	1.86889068e+02	4.07078001e+02
0.2925	3.31050351e+03	3.16164627e+02	1.61241404e+02
0.2975	3.31362541e+03	5.51884405e+01	9.38111747e+01
0.3025	3.24770566e+03	3.52814108e+02	2.77315422e+01
0.3075	3.18700428e+03	2.48737804e+02	1.37319839e+02
0.3125	2.99625815e+03	-1.42369013e+02	-2.18095939e+01
0.3175	2.84140955e+03	-9.70117278e+01	2.23300886e+02
0.3225	2.88686633e+03	1.84920880e+02	3.18253591e+02
0.3275	2.72877062e+03	-1.58621117e+02	1.20453553e+02
0.3325	2.68863604e+03	1.63881374e+02	2.96355512e+02
0.3375	2.64070368e+03	-9.88477915e+01	3.56644464e+02
0.3425	2.53120509e+03	-4.11220268e+01	2.27852639e+02
0.3475	2.62063994e+03	-3.57357523e+02	3.20258865e+02
0.3525	2.34096068e+03	-6.39820960e+01	2.89324446e+02
0.3575	2.41101123e+03	-1.01558471e+02	3.70225010e+02
0.3625	2.37173000e+03	-2.07686015e+02	2.23664843e+02
0.3675	2.30367153e+03	-1.73377618e+02	7.99049358e+01
0.3725	2.24126766e+03	-1.99643232e+02	4.19839409e+02
0.3775	2.17127252e+03	-1.26677956e+02	5.58391205e+02
0.3825	2.15762501e+03	-2.35544587e+02	4.57338916e+02
0.3875	2.01356799e+03	-1.27690922e+02	2.31799916e+02
0.3925	2.06563991e+03	-2.88098760e+02	2.36294521e+02
0.3975	1.94390553e+03	-2.47293711e+02	5.17961214e+02
