####### Power Spectrum of Patchy Simulation 1187 #############
# Patch: sgc
# z-type: z1
# Weights: fkp
# Fiducial Omega_m: 0.310
# Fiducial h: 0.676
# Forward-model pixellation : 0
# Rando n-bar: 0
# Boxsize: [1000.0, 1900.0, 1100.0]
# Grid: [146, 276, 161]
# k-binning: [0.000, 0.410, 0.005]
# Monte Carlo Simulations: 100
#
# Format: k | P0 | P2 | P4
############################################
0.0125	1.07793035e+05	1.36575706e+04	4.80925304e+04
0.0175	4.31765555e+04	5.47942967e+04	-2.88480141e+04
0.0225	1.09522367e+05	-4.61235109e+04	5.99862326e+03
0.0275	4.73735446e+04	4.59044785e+04	4.94752603e+03
0.0325	6.05958289e+04	-5.28444349e+03	-3.74703797e+04
0.0375	6.73764795e+04	1.42317555e+04	-7.71533145e+03
0.0425	4.78676965e+04	1.86934260e+04	-4.64463415e+03
0.0475	3.47423245e+04	1.64801538e+04	1.02663889e+04
0.0525	3.81483806e+04	1.42422526e+04	3.72913445e+03
0.0575	3.51145201e+04	1.48031483e+04	-4.94183810e+02
0.0625	2.84185778e+04	-1.08139463e+04	8.32972616e+03
0.0675	3.68410116e+04	7.15824422e+03	-1.90411674e+03
0.0725	2.51920827e+04	7.29688872e+03	-7.38099277e+03
0.0775	2.82865601e+04	3.11167872e+03	-5.95469724e+00
0.0825	2.37654083e+04	8.86274603e+03	2.20834862e+03
0.0875	2.42374615e+04	8.99306085e+03	3.84109778e+03
0.0925	1.86340207e+04	1.15700713e+04	-9.43050193e+02
0.0975	1.82504718e+04	2.80184490e+03	-5.32628771e+03
0.1025	1.47438956e+04	2.23239761e+03	-2.79952511e+03
0.1075	1.68848983e+04	6.18456067e+03	1.65316180e+03
0.1125	1.38139216e+04	6.42922602e+03	2.39224197e+03
0.1175	1.44153802e+04	3.34337973e+03	-1.81673384e+03
0.1225	1.40568871e+04	3.56309104e+03	6.99042708e+02
0.1275	1.21435993e+04	3.89896100e+03	2.26154100e+02
0.1325	1.27518942e+04	5.82168740e+03	6.15875818e+02
0.1375	1.23136951e+04	2.16810708e+03	-2.84886894e+03
0.1425	1.04609417e+04	4.25276070e+03	1.53086624e+02
0.1475	1.02869498e+04	1.77275486e+03	2.97763960e+02
0.1525	9.62067207e+03	7.17449943e+02	-3.16837491e+02
0.1575	9.36974818e+03	3.44133002e+03	6.18600959e+02
0.1625	9.88550111e+03	2.25461342e+03	4.08221292e+02
0.1675	8.43543659e+03	1.80265888e+03	-9.46441736e+02
0.1725	7.89665051e+03	1.91437810e+03	9.33139321e+02
0.1775	8.30497985e+03	1.43052434e+03	6.66351684e-01
0.1825	7.43807242e+03	1.69667999e+03	8.41220768e+02
0.1875	7.07673079e+03	2.69993851e+03	8.22267644e+02
0.1925	7.04891280e+03	1.77344682e+03	1.05784499e+03
0.1975	6.12056315e+03	1.77596696e+03	-5.35428689e+02
0.2025	6.54599319e+03	1.36076212e+03	-5.12053221e+02
0.2075	5.75548500e+03	1.05288760e+03	-7.64183806e+02
0.2125	5.91968756e+03	9.25194837e+02	-4.06094193e+02
0.2175	5.51324924e+03	-1.92348438e+02	5.00910639e+02
0.2225	5.72671328e+03	1.09677500e+03	6.50886205e+02
0.2275	5.57590452e+03	7.54640336e+02	-3.03882273e+02
0.2325	4.96906166e+03	7.26351257e+02	-4.54630869e+02
0.2375	4.70298242e+03	5.69912349e+02	2.73611067e+02
0.2425	4.86640888e+03	6.86622517e+02	1.06794258e+02
0.2475	4.17830155e+03	1.18823917e+03	8.30333050e+02
0.2525	4.31551453e+03	1.09223175e+03	2.53758799e+02
0.2575	5.03424507e+03	-5.92647918e+01	5.02035713e+02
0.2625	3.94279561e+03	3.21905471e+02	-7.06843291e+02
0.2675	4.12784563e+03	9.03170915e+02	1.04134995e+02
0.2725	3.98960372e+03	4.97999585e+02	-3.94068775e+02
0.2775	3.72530069e+03	6.31966456e+02	-3.47961312e+01
0.2825	3.48570616e+03	-6.39690725e+01	-1.66136189e+02
0.2875	3.63703776e+03	5.89090484e+01	2.11497887e+02
0.2925	3.26497521e+03	3.59678037e+02	-8.50683506e+01
0.2975	3.38476698e+03	1.42668328e+02	6.06531671e+02
0.3025	3.20578132e+03	3.07671873e+02	-5.82837600e+02
0.3075	3.33693874e+03	7.03944924e+01	4.44578999e+02
0.3125	3.11053749e+03	3.33822044e+02	4.82722466e+02
0.3175	3.17022760e+03	2.53952646e+01	5.34215549e+02
0.3225	2.91460548e+03	-1.49317132e+02	5.51568476e+02
0.3275	2.72569160e+03	-2.53307885e+02	3.02773578e+02
0.3325	2.73243557e+03	-8.76637630e+01	3.28012289e+02
0.3375	2.64514102e+03	-1.61088395e+02	5.20823948e+02
0.3425	2.61860625e+03	-2.17179292e+02	-1.05753615e+02
0.3475	2.66031085e+03	6.99361151e+01	6.48300497e+02
0.3525	2.50817372e+03	1.32510182e+01	4.09374481e+02
0.3575	2.36902789e+03	-3.89028687e+02	1.07323645e+02
0.3625	2.25411398e+03	-2.63406929e+01	3.14525974e+02
0.3675	2.35178577e+03	-5.60038058e+02	5.14524387e+02
0.3725	2.25970008e+03	-2.70122541e+02	3.30710733e+02
0.3775	2.34125893e+03	-3.57181603e+01	3.29982192e+02
0.3825	2.21462989e+03	-3.19781080e+02	2.54610315e+02
0.3875	1.76424308e+03	-4.82714913e+02	3.72250212e+02
0.3925	2.12623531e+03	-2.80423548e+02	6.38914733e+01
0.3975	1.98145515e+03	-2.90919640e+02	1.08384891e+01
