####### Power Spectrum of Patchy Simulation 509 #############
# Patch: ngc
# z-type: z1
# Weights: fkp
# Fiducial Omega_m: 0.310
# Fiducial h: 0.676
# Forward-model pixellation : 0
# Rando n-bar: 0
# Boxsize: [1350.0, 2450.0, 1400.0]
# Grid: [193, 353, 200]
# k-binning: [0.000, 0.410, 0.005]
# Monte Carlo Simulations: 100
#
# Format: k | P0 | P2 | P4
############################################
0.0125	6.74022098e+04	5.65033687e+04	-1.70456031e+04
0.0175	8.80877064e+04	-5.44804703e+03	2.48857019e+04
0.0225	8.16625367e+04	4.39524136e+04	1.26367551e+04
0.0275	6.44187328e+04	2.45086943e+04	-2.51741615e+04
0.0325	5.32096600e+04	2.94712080e+03	1.54774623e+04
0.0375	4.76748085e+04	1.72100637e+04	-1.24983809e+04
0.0425	4.83000233e+04	2.07812214e+04	6.20313127e+03
0.0475	3.96479935e+04	1.84518043e+04	8.30622981e+02
0.0525	3.45246406e+04	1.24241096e+04	4.97911094e+02
0.0575	3.64389096e+04	1.90768386e+04	3.50605082e+03
0.0625	3.04409309e+04	1.18934411e+04	-1.14714146e+03
0.0675	2.85890214e+04	9.85984545e+03	3.69805809e+03
0.0725	2.99248761e+04	9.15569010e+03	1.19165615e+03
0.0775	2.51364579e+04	1.53595977e+04	2.77716679e+03
0.0825	2.30177672e+04	4.71708795e+03	2.07590348e+03
0.0875	2.07219112e+04	1.06405861e+04	4.77126055e+03
0.0925	1.94452093e+04	7.91025177e+03	3.91837230e+03
0.0975	1.84103383e+04	8.50802717e+03	1.37288182e+03
0.1025	1.55625660e+04	4.40366878e+03	-2.31344286e+03
0.1075	1.54448395e+04	4.33424727e+03	-1.48227382e+03
0.1125	1.52795937e+04	5.58135554e+03	-1.36142653e+03
0.1175	1.41167850e+04	6.65925984e+03	-4.00807786e+02
0.1225	1.36291623e+04	5.29624360e+03	1.32570277e+03
0.1275	1.24971044e+04	2.58446730e+03	-4.16139413e+02
0.1325	1.25457587e+04	4.19628355e+03	4.83345380e+02
0.1375	1.18687437e+04	3.67333434e+03	1.45195927e+03
0.1425	1.07358275e+04	2.00892651e+03	1.53653587e+03
0.1475	1.05865531e+04	3.71368212e+03	-1.97681384e+02
0.1525	9.80921794e+03	2.92063778e+03	4.32634274e+02
0.1575	9.48725741e+03	2.95079460e+03	1.00176618e+03
0.1625	8.63937393e+03	3.50633696e+03	7.69157774e+02
0.1675	8.33028203e+03	2.31210097e+03	-1.82368230e+02
0.1725	7.96845339e+03	3.15602569e+03	7.22714114e+02
0.1775	8.08117313e+03	1.94871216e+03	4.37298264e+02
0.1825	7.30343772e+03	1.50079831e+03	-9.43124448e+01
0.1875	7.13625203e+03	1.97468982e+03	-2.84511765e+01
0.1925	7.12948923e+03	2.39235969e+03	2.82731464e+02
0.1975	6.60353318e+03	1.58246108e+03	1.40319154e+02
0.2025	6.45847095e+03	1.52493817e+03	8.82340836e+02
0.2075	6.13618706e+03	1.40101336e+03	1.81308112e+02
0.2125	5.88554236e+03	1.62255712e+03	2.93086968e+02
0.2175	5.54140842e+03	1.38107751e+03	8.90646526e+01
0.2225	5.36195085e+03	1.40287935e+03	1.50642183e+02
0.2275	5.38354503e+03	1.09476851e+03	3.79448246e+02
0.2325	5.00469896e+03	9.70144632e+02	7.41198729e+02
0.2375	4.55730309e+03	7.52649182e+02	5.44428132e+01
0.2425	4.70555390e+03	6.76315356e+02	4.73269792e+02
0.2475	4.58920679e+03	7.98846125e+02	4.03337934e+02
0.2525	4.36207166e+03	5.27166919e+02	2.06157160e+02
0.2575	4.20828676e+03	8.30346319e+02	1.73189338e+02
0.2625	4.26125115e+03	7.54247373e+02	6.10328052e+01
0.2675	3.89079631e+03	5.53996102e+02	3.26717605e+02
0.2725	4.01819069e+03	4.84465157e+02	4.22490696e+01
0.2775	3.84968369e+03	5.81788210e+02	8.45605997e+01
0.2825	3.57931883e+03	3.99896220e+02	2.32883747e+02
0.2875	3.61294292e+03	4.12975209e+02	2.24733409e+02
0.2925	3.40428180e+03	5.53058924e+02	4.45700490e+02
0.2975	3.10934705e+03	1.87187093e+01	1.08673802e+02
0.3025	3.24649523e+03	3.85497649e+02	3.58967130e+02
0.3075	3.20567607e+03	2.20638616e+02	3.61698216e+02
0.3125	3.00175221e+03	4.54601905e+01	-1.47761477e+01
0.3175	2.89071625e+03	-1.02201511e+02	2.32197808e+02
0.3225	2.95746397e+03	-1.13858894e+02	5.08636919e+02
0.3275	2.80061262e+03	1.14835716e+02	-3.18323923e+01
0.3325	2.75511689e+03	2.63656964e+01	6.06697757e+02
0.3375	2.61219743e+03	-6.65250317e+01	2.63380166e+02
0.3425	2.52611139e+03	-9.33166931e+01	1.68422501e+02
0.3475	2.56780639e+03	-3.54196102e+01	1.28249117e+02
0.3525	2.42903643e+03	-2.32427849e+02	1.02239105e+02
0.3575	2.46262689e+03	-1.18380446e+02	3.70648139e+02
0.3625	2.34914624e+03	-2.62022278e+02	3.69326536e+02
0.3675	2.28425191e+03	-2.59644313e+02	4.33237776e+02
0.3725	2.17593455e+03	-2.75428851e+02	4.02711964e+02
0.3775	2.10835929e+03	-1.10777838e+02	4.07302598e+02
0.3825	2.06715512e+03	-3.23929296e+02	2.37797487e+02
0.3875	2.06166236e+03	-3.33031234e+02	1.77631722e+02
0.3925	2.02806925e+03	-3.34482614e+02	2.11578046e+02
0.3975	2.00854501e+03	-2.96606625e+02	1.21000753e+02
