####### Power Spectrum of Patchy Simulation 1391 #############
# Patch: ngc
# z-type: z3
# Weights: fkp
# Fiducial Omega_m: 0.310
# Fiducial h: 0.676
# Forward-model pixellation : 0
# Rando n-bar: 0
# Boxsize: [1800.0, 3400.0, 1900.0]
# Grid: [261, 500, 276]
# k-binning: [0.000, 0.410, 0.005]
# Monte Carlo Simulations: 100
#
# Format: k | P0 | P2 | P4
############################################
0.0125	5.23021993e+04	3.68727010e+04	-3.88506622e+04
0.0175	6.63309606e+04	3.01429925e+02	-7.04700617e+04
0.0225	6.56489754e+04	1.82566771e+04	3.62923235e+04
0.0275	6.82095903e+04	1.84561825e+04	1.22584305e+04
0.0325	4.75051655e+04	2.02148443e+04	1.07759641e+04
0.0375	5.36077323e+04	2.90636970e+04	3.83440786e+03
0.0425	3.60733061e+04	1.15544418e+03	-5.04340258e+03
0.0475	3.85305035e+04	1.47077268e+04	-3.80493020e+03
0.0525	3.12570757e+04	1.21275912e+04	1.68289426e+03
0.0575	3.40865972e+04	1.02343014e+04	-1.87704726e+03
0.0625	3.18020851e+04	1.53171760e+04	6.63272584e+03
0.0675	2.75122594e+04	7.76699917e+03	-2.04651380e+03
0.0725	2.79139618e+04	1.34984887e+04	7.25956901e+03
0.0775	2.59305090e+04	9.47520212e+03	-1.55693580e+03
0.0825	1.90871151e+04	6.31570903e+03	-4.01244290e+03
0.0875	2.02024198e+04	7.40671456e+03	2.56323815e+03
0.0925	1.79281302e+04	8.20087588e+03	6.48714228e+02
0.0975	1.61696939e+04	3.91280738e+03	-1.78586424e+03
0.1025	1.68316073e+04	7.68488479e+03	-1.85519445e+03
0.1075	1.48155342e+04	4.89310454e+03	6.49139886e+02
0.1125	1.39290291e+04	5.45711976e+03	1.71516834e+03
0.1175	1.35345026e+04	6.01309202e+03	-8.69814644e+02
0.1225	1.22569710e+04	3.44536101e+03	6.87935891e+02
0.1275	1.15092905e+04	2.85789763e+03	1.87121306e+03
0.1325	1.20799083e+04	5.24258075e+03	3.68059127e+02
0.1375	1.07255834e+04	2.34695803e+03	-1.24804669e+03
0.1425	1.05324275e+04	3.41039702e+03	-5.72074842e+02
0.1475	9.96086315e+03	2.57520202e+03	-1.35340322e+03
0.1525	8.75847262e+03	2.19980091e+03	3.29058129e+02
0.1575	8.80358545e+03	4.08877765e+03	-2.59549059e+02
0.1625	7.61088480e+03	8.50900220e+02	2.69017916e+01
0.1675	8.06878073e+03	3.24460067e+03	1.21304885e+02
0.1725	7.19951573e+03	1.15069913e+03	6.35394083e+02
0.1775	7.22437214e+03	2.53651158e+03	1.70612349e+02
0.1825	6.22381178e+03	6.93351666e+02	2.46146265e+02
0.1875	7.07575224e+03	2.24587179e+03	3.99597217e+02
0.1925	6.12959127e+03	1.35707418e+03	1.19626089e+02
0.1975	6.44887158e+03	2.24694057e+03	3.92277170e+02
0.2025	6.01880949e+03	1.00147245e+03	1.53759749e+02
0.2075	5.56398775e+03	1.63429453e+03	-1.18235144e+02
0.2125	5.35912680e+03	1.57647640e+03	3.06437699e+02
0.2175	5.13608026e+03	1.26867230e+03	5.41215821e+02
0.2225	5.01781279e+03	3.18647318e+02	-5.28869169e+02
0.2275	4.70773625e+03	1.09774161e+03	1.54634543e+02
0.2325	4.68749435e+03	2.56078518e+02	2.50699524e+02
0.2375	4.44991847e+03	1.16662508e+03	9.46562432e+02
0.2425	4.50163542e+03	6.15370258e+02	-1.72892382e+02
0.2475	4.05527845e+03	7.06699831e+02	2.06659680e+02
0.2525	4.21005989e+03	1.36389473e+03	4.85721469e+02
0.2575	3.96335925e+03	4.38044891e+02	3.65289495e+02
0.2625	3.65946079e+03	4.03763704e+02	4.34885449e+01
0.2675	3.61438200e+03	3.50650688e+02	-4.27305974e+02
0.2725	3.70860434e+03	8.46652670e+02	6.10029944e+02
0.2775	3.29095916e+03	1.08767746e+02	4.24799550e+02
0.2825	3.32722174e+03	7.52292220e+02	4.48209078e+02
0.2875	3.25577562e+03	8.04776015e+01	-1.23094359e+02
0.2925	3.08370168e+03	1.70777110e+02	-4.78982155e+01
0.2975	3.01624873e+03	4.71128566e+02	1.36104691e+02
0.3025	2.88047629e+03	2.88089440e+00	3.72563341e+02
0.3075	2.88312030e+03	1.23056661e+02	4.15955079e+02
0.3125	2.85804206e+03	8.51957022e+01	9.27502088e+01
0.3175	2.65265606e+03	-8.55583446e+01	-2.04130830e+02
0.3225	2.57227935e+03	1.05924900e+02	5.71998213e+02
0.3275	2.44462302e+03	-9.53312404e+01	5.42819105e+02
0.3325	2.56677581e+03	6.12744783e+01	3.86543981e+02
0.3375	2.49584488e+03	-2.74579701e+02	8.83939202e+01
0.3425	2.34384745e+03	-1.34995848e+01	9.33889945e+01
0.3475	2.22049137e+03	-2.73221468e+01	1.42967936e+02
0.3525	2.19839139e+03	-4.12375561e+02	4.36265564e+01
0.3575	2.30393125e+03	-3.15193639e+01	3.50273169e+02
0.3625	2.06189245e+03	-1.68317806e+02	4.27686821e+02
0.3675	2.07614539e+03	-1.73439865e+02	-1.29426856e+02
0.3725	1.97741253e+03	-2.81156799e+02	4.46909084e+02
0.3775	1.93793353e+03	-1.51191839e+02	3.28505782e+02
0.3825	1.88231963e+03	-4.97055397e+02	1.25039277e+02
0.3875	1.89300331e+03	-1.15745753e+02	3.69877059e+02
0.3925	1.82044519e+03	-2.77593443e+02	1.67278279e+02
0.3975	1.86501483e+03	8.26134137e+01	3.11213797e+02
