####### Power Spectrum of Patchy Simulation 1588 #############
# Patch: ngc
# z-type: z1
# Weights: fkp
# Fiducial Omega_m: 0.310
# Fiducial h: 0.676
# Forward-model pixellation : 0
# Rando n-bar: 0
# Boxsize: [1350.0, 2450.0, 1400.0]
# Grid: [193, 353, 200]
# k-binning: [0.000, 0.410, 0.005]
# Monte Carlo Simulations: 100
#
# Format: k | P0 | P2 | P4
############################################
0.0125	6.97063763e+04	-4.85123426e+03	3.46236074e+04
0.0175	7.06399557e+04	4.93561865e+03	1.45483327e+04
0.0225	6.77806377e+04	3.22118036e+04	-9.31756778e+03
0.0275	6.53544148e+04	3.34061343e+04	-3.36151700e+04
0.0325	6.77930579e+04	2.10864118e+04	-9.25377512e+03
0.0375	4.50706168e+04	1.44729032e+04	9.55759238e+03
0.0425	4.39404661e+04	1.82187395e+04	5.38966154e+03
0.0475	3.92530570e+04	9.31406590e+03	3.79754259e+03
0.0525	3.93228653e+04	1.65054177e+04	4.82299065e+03
0.0575	3.09694884e+04	6.16877602e+03	-1.06645037e+04
0.0625	3.34392973e+04	1.56524146e+04	1.39261844e+03
0.0675	3.29046880e+04	1.32533566e+04	4.96099176e+03
0.0725	3.01693833e+04	1.13752514e+04	-4.47632183e+03
0.0775	2.63099694e+04	1.12984592e+04	-2.62068215e+03
0.0825	2.44794353e+04	9.16120628e+03	-3.76053265e+02
0.0875	2.08240123e+04	9.22309281e+03	3.49699343e+03
0.0925	1.98143431e+04	8.98580264e+03	3.68491648e+03
0.0975	1.79477892e+04	7.55614278e+03	7.77974181e+02
0.1025	1.78263875e+04	3.37659759e+03	-1.76756220e+03
0.1075	1.59373609e+04	9.46435673e+03	1.12702430e+03
0.1125	1.55473623e+04	5.85426613e+03	1.32541012e+03
0.1175	1.39524208e+04	5.11380798e+03	-1.69263295e+02
0.1225	1.39396628e+04	4.43881284e+03	3.69385882e+02
0.1275	1.20299240e+04	2.48064591e+03	-1.73463074e+02
0.1325	1.27406210e+04	5.43377764e+03	8.75459991e+02
0.1375	1.19502726e+04	4.94762619e+03	-5.76289701e+02
0.1425	1.06382611e+04	2.71095408e+03	-1.23926433e+03
0.1475	1.05467800e+04	2.61027990e+03	5.39411530e+02
0.1525	9.86461209e+03	3.61683378e+03	1.02516466e+03
0.1575	8.69880322e+03	2.11109603e+03	2.68523262e+02
0.1625	8.83710998e+03	3.17450597e+03	1.19725268e+02
0.1675	8.26015556e+03	2.64186437e+03	-6.49698140e+02
0.1725	8.07422294e+03	2.52684029e+03	1.05937058e+03
0.1775	7.39858920e+03	2.16489397e+03	6.20233921e+02
0.1825	7.54871836e+03	1.87921241e+03	1.13841693e+01
0.1875	6.91818125e+03	1.73560631e+03	8.65806781e+02
0.1925	6.88434290e+03	1.98178695e+03	8.85693752e+02
0.1975	6.55710666e+03	1.28410046e+03	2.07027123e+02
0.2025	6.33650167e+03	1.14668978e+03	-1.14612319e+02
0.2075	6.16632857e+03	5.44204672e+02	8.42765031e+02
0.2125	5.58959251e+03	1.01421375e+03	1.02324499e+02
0.2175	5.49673365e+03	1.36100713e+03	-2.38540235e+02
0.2225	5.35858066e+03	1.15852667e+03	2.23265582e+02
0.2275	5.05948987e+03	9.36417798e+02	1.94731888e+02
0.2325	4.84272447e+03	1.09286974e+03	3.22514791e+02
0.2375	4.63191004e+03	6.49058749e+02	-3.15551871e+02
0.2425	4.71496348e+03	7.28755117e+02	6.02823659e+02
0.2475	4.44152017e+03	9.80102720e+02	1.94398307e+02
0.2525	4.36334843e+03	1.55046921e+01	2.41342375e+02
0.2575	4.15034155e+03	5.43756983e+02	-8.75325200e+01
0.2625	4.09808622e+03	4.31790857e+02	4.84663570e+02
0.2675	3.85097554e+03	5.45640536e+02	1.16125758e+02
0.2725	3.80944501e+03	3.77390612e+02	1.65976246e+02
0.2775	3.78025513e+03	5.11034043e+02	1.83937578e+02
0.2825	3.49226934e+03	4.63944500e+02	1.92133081e+02
0.2875	3.53917617e+03	1.75424996e+02	3.35693048e+02
0.2925	3.30146313e+03	2.51517662e+02	5.31752233e+02
0.2975	3.21077259e+03	6.80165289e+01	1.89863632e+02
0.3025	3.20536573e+03	3.03090793e+02	-3.30985255e+01
0.3075	3.06513382e+03	-3.69701237e+00	4.63834059e+01
0.3125	3.02396626e+03	-7.84731074e+01	-1.11926940e+02
0.3175	2.90821721e+03	6.63205489e+01	2.58123270e+02
0.3225	2.77015169e+03	-1.03647617e+02	2.66251671e+02
0.3275	2.77120065e+03	2.08033916e+02	2.92726042e+02
0.3325	2.62628509e+03	-4.78432300e+01	2.01665527e+02
0.3375	2.64322973e+03	1.40589629e+02	1.08188504e+02
0.3425	2.49406499e+03	-5.01727051e+01	4.34108461e+01
0.3475	2.57115521e+03	-1.50469849e+02	3.16804318e+02
0.3525	2.34461437e+03	-7.29215893e+00	2.97912646e+02
0.3575	2.34982220e+03	-1.41414909e+02	2.69552004e+02
0.3625	2.38418790e+03	-9.07866043e+01	2.36085382e+02
0.3675	2.14616481e+03	-2.66571238e+02	4.30664304e+02
0.3725	2.21389943e+03	-2.27312798e+02	2.24723924e+02
0.3775	1.98751077e+03	-8.92912760e+01	2.70380807e+02
0.3825	2.00785628e+03	-2.71915271e+02	4.35344026e+02
0.3875	2.04252838e+03	-4.06306361e+02	2.33621469e+02
0.3925	1.94846672e+03	-3.13625254e+02	-8.74293782e+00
0.3975	1.97261336e+03	-2.87690108e+02	3.25445089e+02
