####### Power Spectrum of Patchy Simulation 273 #############
# Patch: ngc
# z-type: z3
# Weights: fkp
# Fiducial Omega_m: 0.310
# Fiducial h: 0.676
# Forward-model pixellation : 0
# Rando n-bar: 0
# Boxsize: [1800.0, 3400.0, 1900.0]
# Grid: [261, 500, 276]
# k-binning: [0.000, 0.410, 0.005]
# Monte Carlo Simulations: 100
#
# Format: k | P0 | P2 | P4
############################################
0.0125	7.67107971e+04	2.14357964e+04	1.53415910e+04
0.0175	5.52808064e+04	-6.83558302e+04	-1.82660304e+04
0.0225	7.28397202e+04	6.94850570e+04	3.46273054e+03
0.0275	6.64710885e+04	2.36960034e+04	-9.51751844e+03
0.0325	5.09251820e+04	1.04476343e+04	-7.61300995e+03
0.0375	4.46612693e+04	3.61062887e+04	2.43771917e+03
0.0425	4.69836012e+04	1.12746855e+04	-2.43299666e+04
0.0475	3.35236094e+04	2.26616473e+04	3.71830621e+03
0.0525	3.38784375e+04	1.46395560e+04	1.04736125e+04
0.0575	3.00095445e+04	1.16184381e+04	-4.19464893e+03
0.0625	3.13826641e+04	2.08356705e+04	6.68156895e+03
0.0675	2.72024146e+04	7.64443776e+03	-3.84153972e+03
0.0725	2.72017406e+04	9.68392140e+03	3.86079007e+03
0.0775	2.37984611e+04	1.28488401e+04	-6.98797412e+02
0.0825	2.20760207e+04	4.60779933e+03	-1.35889453e+03
0.0875	2.01131572e+04	1.01005142e+04	3.32212493e+03
0.0925	1.82091707e+04	6.50957743e+03	-1.69476704e+03
0.0975	1.59192360e+04	4.12746956e+03	4.42817248e+02
0.1025	1.53212784e+04	4.11364106e+03	-1.22515555e+01
0.1075	1.43328370e+04	6.82392484e+03	3.30048985e+03
0.1125	1.51624912e+04	5.78066163e+03	-1.81449327e+03
0.1175	1.22379751e+04	2.92094525e+03	-1.17674504e+00
0.1225	1.23419759e+04	5.57512636e+03	1.56664917e+03
0.1275	1.20048346e+04	3.89531673e+03	-1.19782957e+02
0.1325	1.10144570e+04	2.82351955e+03	-3.97277537e+01
0.1375	1.09873368e+04	5.83096441e+03	2.40601986e+03
0.1425	1.00293074e+04	3.23110888e+03	-7.90637319e+02
0.1475	1.00375260e+04	3.32789834e+03	8.24228751e+02
0.1525	8.74635716e+03	3.50683291e+03	1.63330365e+03
0.1575	8.20074530e+03	2.18737103e+03	-3.19550421e+02
0.1625	7.76381610e+03	2.83539854e+03	1.19481406e+03
0.1675	7.72755625e+03	2.35963865e+03	-1.49294147e+02
0.1725	7.14904727e+03	2.61170225e+03	1.25055915e+03
0.1775	6.89017404e+03	1.78101373e+03	-3.52896907e+02
0.1825	6.53436307e+03	2.53324857e+03	6.07183077e+02
0.1875	6.27746286e+03	1.85315109e+03	7.10603668e+02
0.1925	6.18681199e+03	1.48214163e+03	-4.07750757e+02
0.1975	6.13864979e+03	1.67551178e+03	4.10027532e+02
0.2025	5.96154415e+03	1.97005713e+03	5.39402822e+01
0.2075	5.43941988e+03	6.13905616e+02	1.69975817e+02
0.2125	5.34678719e+03	2.18332267e+03	4.58532520e+02
0.2175	4.87590325e+03	8.61358635e+02	-8.05093104e+02
0.2225	4.76342656e+03	8.88275327e+02	3.06145252e+02
0.2275	4.64822712e+03	1.63454457e+03	6.38588090e+02
0.2325	4.35591545e+03	1.07826181e+03	-2.58254704e+01
0.2375	4.26888081e+03	1.18991033e+03	1.59050035e+02
0.2425	4.21838392e+03	1.23360175e+03	6.92858506e+02
0.2475	4.16293811e+03	6.66280057e+02	2.73805524e+02
0.2525	3.75942311e+03	4.96870009e+02	3.77200805e+02
0.2575	3.69517389e+03	7.52373124e+02	-6.08705846e+01
0.2625	3.64877900e+03	5.37458832e+02	3.62383864e+02
0.2675	3.65729915e+03	3.07413307e+02	2.32409633e+02
0.2725	3.32576314e+03	2.77342459e+02	8.41240024e+02
0.2775	3.56144600e+03	8.49325094e+02	-9.91337807e+01
0.2825	3.05138247e+03	1.66047663e+02	1.77366509e+02
0.2875	3.29038698e+03	3.20061483e+02	4.64425301e+02
0.2925	3.02101050e+03	1.04368828e+02	7.35438666e+02
0.2975	2.97494458e+03	3.67977257e+02	2.79795219e+02
0.3025	2.88023253e+03	1.32669274e+02	5.26703796e+02
0.3075	2.62403588e+03	-7.28243588e+01	1.14078344e+02
0.3125	2.64747784e+03	2.89266139e+02	3.54352940e+01
0.3175	2.62717199e+03	1.36574481e+02	4.21177685e+01
0.3225	2.50743868e+03	7.07077583e+01	1.38698509e+02
0.3275	2.33401385e+03	-5.55760126e+01	-9.90400734e+01
0.3325	2.36894019e+03	2.88282050e+02	3.47880413e+02
0.3375	2.26636450e+03	1.97257765e+01	2.67063901e+02
0.3425	2.28212309e+03	-1.69396536e+02	-1.31234487e+02
0.3475	2.09529615e+03	2.27776488e+02	2.76743383e+02
0.3525	2.05012306e+03	-2.20843572e+02	3.43379208e+01
0.3575	2.03820038e+03	1.07099015e+02	2.41987784e+02
0.3625	1.86880418e+03	-3.04704368e+02	2.45726087e+02
0.3675	1.97307792e+03	-1.93519800e+02	6.65690986e+01
0.3725	1.83521067e+03	-2.20751531e+02	1.03957300e+02
0.3775	1.93276300e+03	-9.69148988e+00	1.94779465e+02
0.3825	1.75941651e+03	-3.14348560e+02	-4.77529333e+01
0.3875	1.78618572e+03	9.61497004e+01	5.15330527e+02
0.3925	1.68173840e+03	-3.79831167e+02	1.98945957e+01
0.3975	1.72899120e+03	6.31457417e+01	4.24273596e+02
