####### Power Spectrum of Patchy Simulation 1600 #############
# Patch: ngc
# z-type: z1
# Weights: fkp
# Fiducial Omega_m: 0.310
# Fiducial h: 0.676
# Forward-model pixellation : 0
# Rando n-bar: 0
# Boxsize: [1350.0, 2450.0, 1400.0]
# Grid: [193, 353, 200]
# k-binning: [0.000, 0.410, 0.005]
# Monte Carlo Simulations: 100
#
# Format: k | P0 | P2 | P4
############################################
0.0125	1.23353573e+05	1.04828439e+05	-3.27203377e+04
0.0175	8.65315876e+04	6.66939766e+04	-4.40086783e+04
0.0225	7.37507137e+04	1.75523229e+04	-5.44961471e+04
0.0275	6.75421376e+04	1.89317600e+04	-4.44104061e+03
0.0325	6.00778257e+04	3.23768641e+04	-1.42602433e+04
0.0375	5.65839299e+04	-3.36894026e+03	-1.43871484e+04
0.0425	4.29572306e+04	2.82136774e+04	6.49443633e+03
0.0475	4.17491524e+04	2.41209901e+04	1.32159174e+03
0.0525	3.69706517e+04	2.37016086e+04	6.10332883e+03
0.0575	3.62682746e+04	2.82868527e+04	-3.29820879e+03
0.0625	3.36495152e+04	1.13863507e+04	-3.60638032e+03
0.0675	3.07818563e+04	1.12944055e+04	2.63108300e+03
0.0725	2.82928291e+04	9.00823745e+03	-5.06956306e+03
0.0775	2.82770449e+04	1.18267963e+04	3.79841588e+03
0.0825	2.49562904e+04	8.52793985e+03	-2.42435436e+03
0.0875	2.21762036e+04	8.36369503e+03	-3.83797777e+03
0.0925	1.93859975e+04	9.46850627e+03	1.06005215e+03
0.0975	1.78314801e+04	4.76360503e+03	-1.93204820e+03
0.1025	1.67948199e+04	7.21526181e+03	2.15446971e+03
0.1075	1.59878925e+04	6.49009720e+03	5.34937967e+02
0.1125	1.43194424e+04	5.19433691e+03	1.38837150e+03
0.1175	1.38506966e+04	5.54479165e+03	2.48436572e+03
0.1225	1.31482345e+04	3.45721136e+03	-1.31381051e+03
0.1275	1.30760224e+04	3.58909625e+03	-1.91986969e+02
0.1325	1.23626873e+04	4.31230231e+03	7.38037936e+02
0.1375	1.18209238e+04	2.31910332e+03	-1.36416299e+03
0.1425	1.04426662e+04	2.71095184e+03	-5.33602164e+02
0.1475	1.05219808e+04	4.54675051e+03	8.37532626e+02
0.1525	9.65975306e+03	4.02834009e+03	7.55599519e+02
0.1575	9.22149600e+03	3.34159102e+03	2.79724221e+02
0.1625	8.04501196e+03	1.77006027e+03	9.07179279e+02
0.1675	8.66945033e+03	2.12709588e+03	8.07290447e+02
0.1725	8.32994250e+03	2.18763351e+03	4.38420447e+01
0.1775	7.77378654e+03	1.92497409e+03	-3.54866318e+01
0.1825	7.61378053e+03	2.43235449e+03	7.56543517e+02
0.1875	7.19909669e+03	2.04758384e+03	7.18558479e+02
0.1925	6.44082983e+03	1.88559959e+03	-3.79702191e+01
0.1975	6.53727837e+03	1.52996175e+03	4.33626451e+02
0.2025	6.38970686e+03	1.31277631e+03	2.54728655e+02
0.2075	6.11242950e+03	1.50087084e+03	4.55652359e+02
0.2125	5.90306264e+03	1.13067632e+03	1.36854022e+02
0.2175	5.53853129e+03	1.32520466e+03	-1.61638986e+02
0.2225	5.46894878e+03	1.04860475e+03	3.42007822e+02
0.2275	5.12176741e+03	9.00341734e+02	4.42190729e+02
0.2325	5.01825369e+03	9.28387761e+02	3.87238236e+02
0.2375	4.47082101e+03	9.43305911e+02	2.39024684e+02
0.2425	4.71630598e+03	4.98750084e+02	1.55319517e+02
0.2475	4.56516029e+03	8.98572303e+02	5.65132554e+02
0.2525	4.44011288e+03	8.10295760e+01	1.77874081e+02
0.2575	4.29176223e+03	4.64069690e+02	2.56404368e+02
0.2625	3.94721417e+03	5.81397628e+02	3.16500200e+02
0.2675	4.16158004e+03	1.57369139e+02	9.71262626e+01
0.2725	3.66409760e+03	3.42773551e+02	1.51648913e+02
0.2775	3.82252817e+03	2.43800371e+02	1.70178322e+02
0.2825	3.56416791e+03	2.66668783e+02	2.02361993e+02
0.2875	3.46063868e+03	1.35904010e+02	2.37478878e+02
0.2925	3.40183367e+03	2.87442292e+02	1.34736055e+02
0.2975	3.23189653e+03	3.05574784e+02	4.39617508e+02
0.3025	3.14040246e+03	2.37799908e+01	9.73269767e+01
0.3075	3.15113745e+03	1.79464799e+02	5.81941723e+02
0.3125	2.93405199e+03	2.29634206e+02	-1.39504831e+01
0.3175	2.84594038e+03	1.06867546e+02	1.25250859e+02
0.3225	2.87485737e+03	3.47157179e+01	3.51523987e+02
0.3275	2.74678987e+03	1.05373344e+02	2.54162893e+02
0.3325	2.62458370e+03	-9.85534632e+01	6.21795919e+01
0.3375	2.52142607e+03	-1.21962537e+02	2.07970786e+02
0.3425	2.37429905e+03	-9.06029896e+01	3.05297827e+02
0.3475	2.58330299e+03	-4.01618640e+01	-6.46852689e+01
0.3525	2.32668490e+03	-1.60963308e+02	1.97836505e+02
0.3575	2.39805655e+03	-1.11195678e+02	3.41175792e+02
0.3625	2.34201921e+03	-3.13146328e+02	2.12664851e+02
0.3675	2.20744628e+03	-3.02689565e+02	1.60861294e+02
0.3725	2.09918797e+03	-2.64342374e+02	4.01889145e+02
0.3775	2.06183689e+03	-2.34778562e+02	2.52222648e+02
0.3825	2.06130482e+03	-1.53044863e+02	2.19904652e+02
0.3875	1.90523855e+03	-2.09924873e+02	3.22120654e+02
0.3925	1.94009489e+03	-1.86822749e+02	3.12257145e+02
0.3975	2.02036641e+03	-4.75173387e+02	2.31651662e+02
