####### Power Spectrum of Patchy Simulation 374 #############
# Patch: ngc
# z-type: z3
# Weights: fkp
# Fiducial Omega_m: 0.310
# Fiducial h: 0.676
# Forward-model pixellation : 0
# Rando n-bar: 0
# Boxsize: [1800.0, 3400.0, 1900.0]
# Grid: [261, 500, 276]
# k-binning: [0.000, 0.410, 0.005]
# Monte Carlo Simulations: 100
#
# Format: k | P0 | P2 | P4
############################################
0.0125	7.67607913e+04	9.19403139e+04	3.52295824e+04
0.0175	6.33954005e+04	6.94345986e+03	-4.74375485e+04
0.0225	7.94819200e+04	3.71288418e+04	-2.92171546e+04
0.0275	5.79214078e+04	3.07593970e+04	-7.92735744e+03
0.0325	5.80365389e+04	2.66019889e+04	1.07235740e+04
0.0375	4.57863740e+04	2.33262684e+04	1.54360777e+03
0.0425	4.31132589e+04	8.44016199e+03	6.62425049e+03
0.0475	3.57929734e+04	1.20226981e+04	-6.32841012e+03
0.0525	3.45005446e+04	6.82915223e+03	1.18737747e+03
0.0575	3.16274090e+04	1.68213973e+04	-3.46466739e+03
0.0625	3.25315800e+04	1.02026160e+04	3.53214564e+03
0.0675	2.75467097e+04	1.58785679e+04	-2.11601917e+02
0.0725	2.74292261e+04	1.05277087e+04	9.27299697e+02
0.0775	2.38652112e+04	1.07864672e+04	5.80495201e+03
0.0825	2.17390686e+04	6.08061677e+03	7.70509458e+01
0.0875	1.92806542e+04	5.59345041e+03	1.74843689e+03
0.0925	1.93134499e+04	5.07141959e+03	-1.65585191e+03
0.0975	1.58281916e+04	7.17330307e+03	2.50561410e+03
0.1025	1.48638448e+04	4.59851018e+03	7.82943867e+02
0.1075	1.44872275e+04	5.77031808e+03	1.40243000e+03
0.1125	1.32895926e+04	6.24887796e+03	1.04761048e+03
0.1175	1.30150678e+04	3.97340782e+03	2.65777260e+02
0.1225	1.19298734e+04	3.14757350e+03	5.00841441e+02
0.1275	1.26635080e+04	4.70697801e+03	1.12560489e+03
0.1325	1.07697585e+04	1.91061564e+03	1.77095513e+02
0.1375	1.08848791e+04	3.88827313e+03	-2.32916650e+02
0.1425	1.01254211e+04	2.87800497e+03	1.07424139e+02
0.1475	9.65094066e+03	4.20636400e+03	2.44597485e+03
0.1525	8.68605915e+03	5.60115705e+02	-2.02331746e+02
0.1575	9.07267151e+03	3.43755585e+03	9.51247909e+02
0.1625	7.53349161e+03	1.82875195e+03	1.25327764e+03
0.1675	7.94968037e+03	2.01298793e+03	-2.61175734e+02
0.1725	7.00079233e+03	2.27521947e+03	5.59777280e+02
0.1775	7.10205644e+03	1.77373106e+03	-8.92898238e+01
0.1825	7.06483710e+03	1.47423656e+03	-8.17300756e+02
0.1875	6.22468116e+03	1.76665096e+03	5.85996508e+02
0.1925	6.19044763e+03	1.41139865e+03	1.68460414e+02
0.1975	5.86221827e+03	1.70460774e+03	1.93054210e+02
0.2025	5.79152861e+03	1.82141677e+03	1.70671316e+03
0.2075	5.46173609e+03	1.45691851e+03	1.47880484e+02
0.2125	4.94988631e+03	7.18970296e+02	-8.91848841e+02
0.2175	5.45033318e+03	1.48624973e+03	3.85243293e+02
0.2225	4.77367624e+03	8.05449969e+02	3.05769843e+02
0.2275	4.77543797e+03	1.13552151e+03	6.15193747e+02
0.2325	4.64923787e+03	1.28457632e+03	8.29259638e+02
0.2375	4.04919239e+03	-2.21673652e+01	-6.34703892e+02
0.2425	4.41381921e+03	1.65415058e+03	5.28058387e+02
0.2475	4.17143463e+03	8.85139366e+02	3.88891976e+02
0.2525	3.68613000e+03	4.70924708e+02	-2.88856219e+02
0.2575	3.85999404e+03	7.90062444e+02	5.31318973e+02
0.2625	3.86287530e+03	4.44191604e+02	2.37645727e+02
0.2675	3.58854812e+03	1.47292703e+02	-4.28999004e+02
0.2725	3.41618689e+03	8.72669783e+02	5.60675609e+02
0.2775	3.47296259e+03	2.44061079e+02	-7.90459887e+00
0.2825	3.04380989e+03	-2.64740443e+00	2.15442785e+02
0.2875	3.28740884e+03	7.94266875e+02	9.15167496e+02
0.2925	3.01161566e+03	-3.59485176e+01	-5.05308110e+02
0.2975	2.92107504e+03	3.26673771e+02	7.40123544e+02
0.3025	2.97553791e+03	7.56675604e+00	3.90793901e+01
0.3075	2.96003842e+03	2.03204258e+02	2.14993290e+02
0.3125	2.53196806e+03	6.42329340e+01	4.08160369e+02
0.3175	2.64933186e+03	2.14100152e+02	-5.19664399e+01
0.3225	2.56313774e+03	1.30971318e+02	2.14765909e+02
0.3275	2.65393417e+03	2.40304610e+02	4.44135626e+02
0.3325	2.32017913e+03	-2.60516986e+02	-2.84680189e+01
0.3375	2.37266518e+03	-1.90795748e+02	7.77208700e+01
0.3425	2.40038815e+03	5.98638837e+01	1.67017630e+02
0.3475	2.33009097e+03	1.60276120e+02	2.96988971e+02
0.3525	2.17581433e+03	-3.83586849e+02	3.04342850e+01
0.3575	2.22117091e+03	1.37174366e+02	3.04263759e+02
0.3625	2.09696229e+03	-3.23495561e+02	-9.78946513e+01
0.3675	1.98160909e+03	-8.22526280e+01	7.28529685e+01
0.3725	1.99761374e+03	5.21770821e+01	4.65879994e+02
0.3775	1.97061350e+03	-2.69369809e+02	-4.83418251e+01
0.3825	1.88858196e+03	-2.07791534e+02	1.35887227e+02
0.3875	1.79380094e+03	-1.44023085e+02	1.93188434e+02
0.3925	1.73227877e+03	-3.63716160e+02	1.40901374e+02
0.3975	1.84139932e+03	1.43508844e+02	2.41614222e+02
