####### Power Spectrum of Patchy Simulation 917 #############
# Patch: sgc
# z-type: z3
# Weights: fkp
# Fiducial Omega_m: 0.310
# Fiducial h: 0.676
# Forward-model pixellation : 0
# Rando n-bar: 0
# Boxsize: [1000.0, 2600.0, 1500.0]
# Grid: [146, 384, 215]
# k-binning: [0.000, 0.410, 0.005]
# Monte Carlo Simulations: 100
#
# Format: k | P0 | P2 | P4
############################################
0.0125	2.21166170e+04	-1.38380805e+05	-1.24039168e+00
0.0175	9.88301755e+04	9.32536002e+04	6.42878137e+03
0.0225	6.00329063e+04	1.97711251e+04	7.69804059e+02
0.0275	9.11274115e+04	1.91293092e+04	-1.71559969e+04
0.0325	5.38668594e+04	-1.97478725e+03	-2.09024474e+04
0.0375	3.33400982e+04	2.06638512e+03	1.07134299e+04
0.0425	3.99893610e+04	2.05201864e+04	1.46235514e+04
0.0475	3.60581423e+04	2.06274910e+04	5.85889575e+03
0.0525	3.55777622e+04	1.88477836e+04	9.37760511e+03
0.0575	3.02824375e+04	4.25919095e+03	-4.73771842e+03
0.0625	3.67076150e+04	1.20820370e+04	1.13318118e+04
0.0675	2.80987104e+04	1.93547531e+04	8.92044401e+03
0.0725	2.25080737e+04	-1.52024263e+03	-1.63275981e+04
0.0775	2.67054679e+04	1.57454503e+04	1.25222095e+04
0.0825	2.24432539e+04	7.51238651e+03	-1.12815838e+04
0.0875	2.13650819e+04	5.02203860e+03	-5.35166233e+03
0.0925	1.90058301e+04	7.74542030e+03	1.38823952e+03
0.0975	1.61413134e+04	2.81760314e+03	-5.01477041e+03
0.1025	1.93367765e+04	8.86940949e+03	5.00527282e+03
0.1075	1.42371463e+04	1.21675187e+03	-4.33711111e+03
0.1125	1.72710684e+04	6.72342336e+03	3.14989389e+03
0.1175	1.28185728e+04	4.00524338e+03	4.81667822e+02
0.1225	1.51257819e+04	1.72159146e+03	-1.43444400e+02
0.1275	1.29424220e+04	4.47470162e+03	-3.51331941e+03
0.1325	1.24946309e+04	3.25863035e+03	3.04090334e+03
0.1375	1.16887899e+04	2.39474963e+03	3.54288888e+02
0.1425	1.18612543e+04	4.50557989e+03	-1.23199362e+03
0.1475	1.11907621e+04	4.42285595e+03	2.69260253e+03
0.1525	1.04504166e+04	3.71467716e+03	-1.68963893e+03
0.1575	9.14757712e+03	3.37635092e+03	1.61755317e+03
0.1625	8.71716568e+03	3.00509371e+03	-2.85520963e+02
0.1675	9.46087430e+03	4.67470139e+03	2.00575887e+03
0.1725	7.71562481e+03	1.97979055e+03	-8.84307099e+02
0.1775	8.59710711e+03	3.62188676e+03	1.50736809e+02
0.1825	7.11405949e+03	-3.66924559e+02	1.67792180e+03
0.1875	7.09063627e+03	1.24580440e+03	-8.99296065e+02
0.1925	7.71279883e+03	1.29237074e+03	2.60914953e+02
0.1975	6.62578535e+03	2.69982186e+03	2.65847821e+03
0.2025	6.30390034e+03	9.02520252e+01	-1.35449195e+03
0.2075	6.46489091e+03	2.37035157e+03	3.84826717e+01
0.2125	6.32469492e+03	1.15782924e+03	5.78546734e+02
0.2175	5.86649463e+03	9.75809163e+02	1.20277266e+03
0.2225	5.67456160e+03	5.65282221e+02	-9.02859614e+02
0.2275	5.38603711e+03	1.21464935e+03	-7.83466206e+02
0.2325	5.26630999e+03	7.12545164e+02	-6.77395466e+02
0.2375	5.49624999e+03	1.66639541e+03	-4.72619018e+02
0.2425	5.13506235e+03	6.03747315e+02	8.58733204e+02
0.2475	5.17233088e+03	8.04406962e+01	-3.04381067e+02
0.2525	4.55903787e+03	5.50865237e+02	1.30314302e+03
0.2575	4.71658753e+03	1.38454599e+03	4.03418147e+02
0.2625	4.60942847e+03	6.88346002e+01	-4.35450451e+02
0.2675	4.44039848e+03	1.49102089e+03	-1.75733085e+02
0.2725	3.74862268e+03	2.05621803e+02	1.27974739e+03
0.2775	4.21789280e+03	4.88618134e+02	4.42205022e+02
0.2825	3.98703741e+03	1.43336086e+02	-6.11432956e+01
0.2875	3.84029072e+03	7.77309421e+02	6.82905015e+02
0.2925	3.73047586e+03	-4.23744832e+02	2.49349047e+02
0.2975	3.72311698e+03	3.75684743e+02	-9.61886120e+01
0.3025	3.43270218e+03	2.10136160e+02	4.27211861e+02
0.3075	3.38503774e+03	1.64054132e+02	1.72019721e+02
0.3125	3.17519960e+03	2.05074984e+02	-4.05234750e+02
0.3175	3.19621087e+03	3.09454983e+02	1.25596223e+02
0.3225	3.19674793e+03	-3.66918002e+02	7.22460852e+02
0.3275	2.94979023e+03	-4.05493366e+02	-5.47740918e+01
0.3325	3.12248978e+03	4.52123280e+02	8.42775257e+02
0.3375	3.10749679e+03	-3.89057354e+02	-7.76887959e+00
0.3425	2.78255392e+03	-1.63983817e+02	-1.69141950e+01
0.3475	2.76083428e+03	3.60104183e+02	6.04623657e+02
0.3525	2.48484385e+03	-6.77398091e+02	-1.26762134e+02
0.3575	2.87283826e+03	-1.60029083e+02	9.84494496e+02
0.3625	2.46784424e+03	-3.19250202e+02	-7.85400403e+01
0.3675	2.50314265e+03	-7.20234771e+02	1.96561616e+02
0.3725	2.56537688e+03	1.23558211e+02	4.02009789e+02
0.3775	2.48780217e+03	-5.52486309e+02	5.14881142e+02
0.3825	2.57064573e+03	2.87874767e+01	-8.74714094e+01
0.3875	2.30560604e+03	-5.34409247e+02	-9.60371589e+00
0.3925	2.13520125e+03	-4.91409694e+02	1.53062827e+01
0.3975	2.33055025e+03	-1.59317073e+02	4.70521331e+02
