####### Power Spectrum of Patchy Simulation 343 #############
# Patch: ngc
# z-type: z1
# Weights: fkp
# Fiducial Omega_m: 0.310
# Fiducial h: 0.676
# Forward-model pixellation : 0
# Rando n-bar: 0
# Boxsize: [1350.0, 2450.0, 1400.0]
# Grid: [193, 353, 200]
# k-binning: [0.000, 0.410, 0.005]
# Monte Carlo Simulations: 100
#
# Format: k | P0 | P2 | P4
############################################
0.0125	9.21894598e+04	1.00309380e+05	3.35388308e+04
0.0175	7.66218973e+04	3.36538137e+04	-5.78172385e+02
0.0225	7.84378658e+04	1.22210390e+04	-7.11537487e+03
0.0275	5.33107175e+04	8.37872219e+03	-8.26331734e+03
0.0325	6.36283554e+04	2.62052425e+04	1.66213254e+04
0.0375	5.34748863e+04	2.57602474e+04	-8.95035102e+03
0.0425	4.36541987e+04	1.02218318e+04	1.55796758e+04
0.0475	4.09632690e+04	2.08137176e+04	1.03155270e+04
0.0525	3.23654799e+04	2.34516167e+04	8.27740275e+02
0.0575	3.78061165e+04	1.24959541e+04	-8.23393226e+03
0.0625	3.24418595e+04	1.38998800e+04	8.65698028e+03
0.0675	2.93711981e+04	8.01870069e+03	5.98579548e+03
0.0725	2.83699664e+04	8.26778036e+03	6.41118686e+03
0.0775	2.60005243e+04	1.28099930e+04	3.81874218e+03
0.0825	2.29316080e+04	8.72712414e+03	4.99735700e+03
0.0875	2.09855179e+04	9.48732495e+03	3.97314169e+03
0.0925	1.96559285e+04	8.25113548e+03	3.02082632e+03
0.0975	1.85890467e+04	7.24351543e+03	2.58385222e+02
0.1025	1.57590489e+04	5.16289559e+03	1.91340317e+03
0.1075	1.57155633e+04	5.80479500e+03	-1.31155386e+03
0.1125	1.52538628e+04	7.51209911e+03	3.29470758e+03
0.1175	1.36159778e+04	3.92649166e+03	7.37409220e+02
0.1225	1.35111735e+04	5.50784262e+03	1.84932307e+03
0.1275	1.26141349e+04	2.66024682e+03	1.35102824e+03
0.1325	1.17023085e+04	4.50950508e+03	1.53303105e+03
0.1375	1.10452458e+04	1.98324539e+03	4.81625765e+02
0.1425	1.08132590e+04	3.11091033e+03	1.06922064e+03
0.1475	1.00025120e+04	1.96609961e+03	-7.60629827e+02
0.1525	9.85051190e+03	3.26156413e+03	-3.46675173e+02
0.1575	8.97937787e+03	3.01917135e+03	-2.56743988e+02
0.1625	8.82349930e+03	2.49690533e+03	1.14696014e+03
0.1675	8.13591826e+03	2.54648771e+03	5.13522610e+02
0.1725	7.70663723e+03	1.57074599e+03	6.91957997e+02
0.1775	7.62541642e+03	2.23855744e+03	6.31661741e+02
0.1825	7.16348736e+03	1.85683554e+03	4.53530492e+02
0.1875	7.28727528e+03	1.53901104e+03	-4.85296901e+01
0.1925	6.56289248e+03	8.45606559e+02	-1.35007470e+02
0.1975	6.74070893e+03	1.83295497e+03	1.36546548e+03
0.2025	6.23515909e+03	1.15502915e+03	3.17193920e+02
0.2075	5.80067421e+03	1.10830503e+03	1.16603351e+02
0.2125	5.63456418e+03	9.13322326e+02	2.68312837e+02
0.2175	5.62839810e+03	1.10907482e+03	1.02247531e+02
0.2225	5.52870782e+03	1.26540926e+03	7.94048187e+02
0.2275	4.93467781e+03	7.25291702e+02	5.04541938e+02
0.2325	5.08418475e+03	9.64391742e+02	5.48475543e+02
0.2375	4.75607661e+03	7.92671934e+02	-3.23597573e+02
0.2425	4.62150622e+03	6.35686107e+02	-1.86135938e+01
0.2475	4.50000774e+03	8.15305024e+02	1.80874538e+02
0.2525	4.38716820e+03	7.89017089e+02	6.47412239e+01
0.2575	4.16426913e+03	6.46937783e+02	-1.39357571e+02
0.2625	3.96014893e+03	8.04844572e+02	-2.48854832e+00
0.2675	3.93692834e+03	5.56580471e+02	4.51574882e+02
0.2725	3.73571014e+03	2.56288820e+02	3.25092029e+02
0.2775	3.69532307e+03	3.16671963e+02	1.36833376e+02
0.2825	3.43891903e+03	2.18756950e+02	3.70788766e+02
0.2875	3.52510287e+03	5.26368930e+02	2.01423329e+02
0.2925	3.31849844e+03	2.12732096e+02	-1.73306638e+02
0.2975	3.24613453e+03	5.89080838e+02	3.66214858e+02
0.3025	3.12820213e+03	2.38580028e+02	3.23586170e+02
0.3075	2.84910676e+03	-8.42169035e+01	-3.01722460e+01
0.3125	3.05980810e+03	1.87738251e+02	2.03554590e+02
0.3175	2.80175384e+03	-1.02953572e+02	4.18294758e+02
0.3225	2.73072037e+03	1.22618291e+02	1.21651758e+02
0.3275	2.79850197e+03	-1.95034796e+02	2.48619526e+01
0.3325	2.57384925e+03	-1.02897116e+02	2.63687693e+02
0.3375	2.60096959e+03	1.03918835e+02	2.95618005e+02
0.3425	2.52800353e+03	-2.89334291e+02	2.72818078e+01
0.3475	2.38961083e+03	-8.42393809e+01	1.87627677e+02
0.3525	2.35372857e+03	-2.15602161e+02	8.01960512e+00
0.3575	2.44600676e+03	-2.67742247e+02	3.47260937e+01
0.3625	2.28873222e+03	-1.53833129e+02	1.92179486e+02
0.3675	2.13314833e+03	-4.72375159e+01	4.40554141e+02
0.3725	2.23022451e+03	-2.76875087e+02	2.90109101e+02
0.3775	2.06743520e+03	-3.23308408e+02	1.49102955e+02
0.3825	1.98387185e+03	-2.98323124e+02	2.53125901e+02
0.3875	2.01972668e+03	-2.76968765e+02	1.56463109e+02
0.3925	1.93068939e+03	-2.94983247e+02	3.96975617e+01
0.3975	1.93596241e+03	-2.35163476e+02	2.21896407e+02
