####### Power Spectrum of Patchy Simulation 1359 #############
# Patch: ngc
# z-type: z1
# Weights: fkp
# Fiducial Omega_m: 0.310
# Fiducial h: 0.676
# Forward-model pixellation : 0
# Rando n-bar: 0
# Boxsize: [1350.0, 2450.0, 1400.0]
# Grid: [193, 353, 200]
# k-binning: [0.000, 0.410, 0.005]
# Monte Carlo Simulations: 100
#
# Format: k | P0 | P2 | P4
############################################
0.0125	6.24564322e+04	1.16348151e+04	1.85050698e+03
0.0175	7.45592505e+04	4.47876415e+04	5.73303812e+04
0.0225	6.86619136e+04	4.03829039e+04	-2.90172934e+04
0.0275	6.74826406e+04	3.19762808e+04	1.17940877e+04
0.0325	4.26236219e+04	1.85694502e+04	3.68102573e+03
0.0375	4.91377286e+04	1.35736806e+04	-6.45860153e+03
0.0425	4.41754662e+04	1.86710473e+04	9.47041953e+03
0.0475	4.17200675e+04	1.35452154e+04	5.65585966e+03
0.0525	3.56391944e+04	1.62654017e+04	-3.53992744e+03
0.0575	3.44950329e+04	9.25459109e+03	-3.41465839e+01
0.0625	3.23437781e+04	1.40224067e+04	3.12537774e+03
0.0675	3.03281800e+04	1.51457414e+04	-2.04181167e+03
0.0725	2.88859706e+04	7.34383582e+03	3.80545360e+03
0.0775	2.51198820e+04	7.40815489e+03	1.56317059e+03
0.0825	2.44837740e+04	8.96130123e+03	2.57042559e+03
0.0875	2.27106338e+04	1.03383367e+04	1.53624428e+02
0.0925	2.12103382e+04	5.60528756e+03	1.46739715e+03
0.0975	1.78735245e+04	5.19604513e+03	6.18071108e+02
0.1025	1.64661556e+04	3.95408196e+03	6.48284720e+02
0.1075	1.56751224e+04	3.83532232e+03	5.89956322e+02
0.1125	1.45429574e+04	3.68570817e+03	5.72966383e+02
0.1175	1.35933977e+04	4.28641976e+03	1.61137130e+03
0.1225	1.42149837e+04	5.23298664e+03	1.07349185e+03
0.1275	1.22648526e+04	3.55770530e+03	6.09151043e+01
0.1325	1.24490500e+04	2.35001171e+03	-4.17074009e+02
0.1375	1.13754875e+04	3.38720720e+03	-4.57903248e+02
0.1425	1.06795719e+04	2.81716913e+03	1.05709302e+03
0.1475	1.05358685e+04	3.65070624e+03	1.09156449e+03
0.1525	1.00702612e+04	2.15333800e+03	7.91708504e+02
0.1575	9.10726870e+03	2.10417378e+03	1.93410463e+02
0.1625	8.62957594e+03	2.49673114e+03	5.75260284e+02
0.1675	8.38038553e+03	1.77277871e+03	-7.36124085e+02
0.1725	7.87326354e+03	2.00810213e+03	4.93932555e+02
0.1775	7.52925519e+03	2.05823404e+03	-1.28235251e+02
0.1825	7.19967900e+03	1.64501405e+03	6.69613779e+02
0.1875	7.40233038e+03	2.74436870e+03	8.81163893e+02
0.1925	7.00094541e+03	1.39530290e+03	-4.53403475e+02
0.1975	6.35393058e+03	1.64234743e+03	7.12752988e+02
0.2025	6.03010298e+03	1.21052391e+03	-2.32371938e+02
0.2075	6.01868793e+03	5.76919703e+02	6.52106583e+02
0.2125	5.78533034e+03	1.64162247e+03	6.28663490e+02
0.2175	5.42452332e+03	9.42876765e+02	-6.23467446e+02
0.2225	5.32657110e+03	1.15262899e+03	5.67945139e+02
0.2275	5.09590545e+03	8.70388257e+02	-1.15947740e+02
0.2325	5.01154128e+03	7.17517945e+02	1.22576377e+02
0.2375	4.86740398e+03	7.11507648e+02	-9.58240317e+01
0.2425	4.47970125e+03	9.26865520e+02	5.75899127e+02
0.2475	4.47155723e+03	6.63134657e+02	-9.67199701e+01
0.2525	4.32160415e+03	6.60036393e+02	2.53740672e+02
0.2575	4.24730527e+03	8.70425981e+02	2.75841398e+02
0.2625	4.18503782e+03	4.87294926e+02	1.79777078e+02
0.2675	4.00399368e+03	3.49554244e+02	2.35918095e+01
0.2725	3.98258677e+03	5.84260669e+02	2.72294382e+02
0.2775	3.75329791e+03	5.22542198e+02	3.89262451e+02
0.2825	3.48966679e+03	-7.67714034e+00	-8.61763616e+01
0.2875	3.46171083e+03	2.65114988e+02	1.91624953e+02
0.2925	3.32185481e+03	2.60388721e+02	4.50171641e+02
0.2975	3.34836275e+03	2.19228462e+02	3.14439353e+02
0.3025	3.19614547e+03	3.27988475e+02	2.72624277e+02
0.3075	3.09057578e+03	-5.53150736e+01	4.51512761e+02
0.3125	3.01024846e+03	-1.39625903e+02	6.06736753e+01
0.3175	2.91068482e+03	8.30252574e+01	2.36514329e+02
0.3225	2.94264262e+03	-7.05028748e+00	2.11394172e+02
0.3275	2.77811864e+03	3.56116709e+01	1.61085589e+02
0.3325	2.66238403e+03	7.07371071e+01	2.56480175e+02
0.3375	2.70909009e+03	-3.97078956e+02	-4.20265112e+01
0.3425	2.62707233e+03	-8.66166730e+01	6.67109250e+01
0.3475	2.48107853e+03	-3.55412083e+01	4.51628492e+02
0.3525	2.35638916e+03	-2.57109615e+02	1.72272500e+02
0.3575	2.49097945e+03	-2.16845350e+02	3.48551529e+02
0.3625	2.32473803e+03	-2.59736636e+02	2.65115494e+02
0.3675	2.20601555e+03	-2.52561431e+02	2.65855747e+01
0.3725	2.24432488e+03	-2.55382057e+02	2.95939557e+02
0.3775	2.18713868e+03	-2.08292087e+02	1.28768933e+02
0.3825	2.15771997e+03	-2.81040975e+02	3.72288642e+02
0.3875	2.09334975e+03	-2.17869246e+02	3.74587369e+02
0.3925	2.02195028e+03	-4.05553229e+02	1.68229607e+02
0.3975	2.03209362e+03	-2.92508252e+02	2.43296529e+02
