####### Power Spectrum of Patchy Simulation 393 #############
# Patch: ngc
# z-type: z3
# Weights: fkp
# Fiducial Omega_m: 0.310
# Fiducial h: 0.676
# Forward-model pixellation : 0
# Rando n-bar: 0
# Boxsize: [1800.0, 3400.0, 1900.0]
# Grid: [261, 500, 276]
# k-binning: [0.000, 0.410, 0.005]
# Monte Carlo Simulations: 100
#
# Format: k | P0 | P2 | P4
############################################
0.0125	6.92054310e+04	-7.25909085e+03	7.75939844e+04
0.0175	6.93873681e+04	2.99143382e+04	4.76908358e+04
0.0225	7.92611357e+04	4.44606066e+04	2.64991854e+04
0.0275	6.73304519e+04	4.77826885e+04	-6.02780425e+03
0.0325	6.07191905e+04	2.52694775e+04	1.32814259e+04
0.0375	4.40450156e+04	2.06633789e+04	-1.52097396e+04
0.0425	4.76638996e+04	8.61384653e+03	9.27435168e+03
0.0475	4.22281237e+04	1.70795706e+04	-7.56878936e+03
0.0525	3.31322812e+04	1.22409244e+04	1.13549310e+04
0.0575	3.20206734e+04	2.10227596e+04	-5.18723952e+02
0.0625	2.95162232e+04	1.17893987e+04	5.00246456e+03
0.0675	2.81548377e+04	1.38467498e+04	2.90317579e+02
0.0725	2.79284302e+04	1.35007618e+04	-6.32702807e+02
0.0775	2.46303802e+04	8.80123946e+03	2.26111937e+03
0.0825	2.09128824e+04	5.40055672e+03	2.28759343e+03
0.0875	2.10986401e+04	1.30240454e+04	7.12971880e+02
0.0925	1.93684382e+04	3.91274302e+03	-1.84461982e+03
0.0975	1.63314831e+04	6.66798072e+03	3.13541345e+03
0.1025	1.57594323e+04	5.39783955e+03	1.04113204e+03
0.1075	1.39828674e+04	6.26981988e+03	-7.23780719e+02
0.1125	1.41987213e+04	5.76266416e+03	-1.30179164e+02
0.1175	1.34164114e+04	4.55859879e+03	1.27860694e+03
0.1225	1.23812882e+04	5.86503063e+03	2.79864894e+02
0.1275	1.21832917e+04	4.13123486e+03	9.74424360e+02
0.1325	1.11277201e+04	3.56674838e+03	7.71265629e+02
0.1375	1.11591178e+04	3.42138083e+03	1.32929484e+03
0.1425	9.71680865e+03	2.86535833e+03	-1.07664408e+03
0.1475	9.83971355e+03	4.69786418e+03	6.05803793e+02
0.1525	8.98390524e+03	1.90147338e+03	4.82847822e+02
0.1575	8.72822734e+03	2.75268025e+03	-5.12968427e+00
0.1625	8.16742773e+03	2.85393008e+03	1.08662406e+03
0.1675	7.71146604e+03	3.39262781e+03	6.60010901e+02
0.1725	7.37260253e+03	1.80035041e+03	-1.83662752e+02
0.1775	6.53752144e+03	7.68995798e+02	-1.82120570e+02
0.1825	7.21365654e+03	2.92060107e+03	3.23816722e+02
0.1875	6.66895718e+03	1.24184509e+03	-2.88798827e+02
0.1925	6.28550015e+03	2.56480637e+03	6.00176566e+02
0.1975	6.03961216e+03	1.08123348e+03	3.20697368e+02
0.2025	5.76518706e+03	2.08748786e+03	5.72660918e+02
0.2075	5.37210461e+03	7.71956828e+02	-1.72125592e+02
0.2125	5.55412517e+03	1.67037710e+03	-6.07179277e+01
0.2175	4.82042214e+03	1.00817079e+03	9.57401235e+02
0.2225	5.14694584e+03	6.51929526e+02	3.87455452e+02
0.2275	4.87935012e+03	1.13255060e+03	4.72023156e+02
0.2325	4.59979183e+03	9.79499921e+02	9.83842049e+01
0.2375	4.71439599e+03	1.64006588e+03	5.23495518e+02
0.2425	4.20983551e+03	5.84711345e+02	4.94203121e+01
0.2475	4.20702618e+03	7.01031576e+02	6.00518454e+02
0.2525	3.90104027e+03	1.74992566e+02	5.30697887e+00
0.2575	3.78502873e+03	4.65939706e+02	5.73606109e+02
0.2625	3.81896968e+03	1.04121680e+03	1.05112557e+02
0.2675	3.56644973e+03	3.93807286e+02	-2.84489154e+02
0.2725	3.33934375e+03	-9.21088513e+01	3.45943907e+02
0.2775	3.53902771e+03	3.41244442e+02	3.76918974e+02
0.2825	3.29118209e+03	1.98226405e+02	5.19262791e+01
0.2875	3.03047335e+03	4.81662516e+02	4.27779867e+02
0.2925	2.95493778e+03	1.59713556e+02	2.30488424e+02
0.2975	3.07408312e+03	5.21832632e+02	2.19816565e+02
0.3025	2.98893704e+03	-1.22972420e+01	1.52665594e+02
0.3075	2.85218702e+03	1.78299485e+02	3.45595752e+01
0.3125	2.64484181e+03	1.44879392e+02	3.67770516e+02
0.3175	2.63189919e+03	1.83326002e+02	2.20678685e+02
0.3225	2.54723108e+03	3.08754996e+02	5.26989341e+02
0.3275	2.33092807e+03	-4.50144931e+02	-1.49656467e+02
0.3325	2.37273635e+03	-2.40811180e+02	-1.78653634e+02
0.3375	2.39087200e+03	3.11996121e+02	7.43310388e+02
0.3425	2.19569336e+03	-2.79081636e+02	2.45143982e+02
0.3475	2.23844542e+03	1.43958028e+02	4.91801410e+02
0.3525	2.12194684e+03	-1.69060445e+02	3.24068944e+02
0.3575	2.07818355e+03	-1.09160655e+02	-9.81914337e+01
0.3625	2.20413648e+03	-2.30219484e+02	2.02628661e+02
0.3675	1.96119574e+03	-1.31559612e+02	3.73539982e+01
0.3725	1.87417420e+03	1.36660077e+02	4.51851964e+02
0.3775	1.87356606e+03	-1.36385405e+02	2.54016781e+02
0.3825	1.78934142e+03	-1.83389469e+02	1.32752428e+02
0.3875	1.87253905e+03	-1.76829040e+02	3.88461883e+02
0.3925	1.69233578e+03	-3.20773090e+02	2.60409422e+02
0.3975	1.82339501e+03	1.11371691e+02	1.64095276e+02
