####### Power Spectrum of Patchy Simulation 1652 #############
# Patch: sgc
# z-type: z1
# Weights: fkp
# Fiducial Omega_m: 0.310
# Fiducial h: 0.676
# Forward-model pixellation : 0
# Rando n-bar: 0
# Boxsize: [1000.0, 1900.0, 1100.0]
# Grid: [146, 276, 161]
# k-binning: [0.000, 0.410, 0.005]
# Monte Carlo Simulations: 100
#
# Format: k | P0 | P2 | P4
############################################
0.0125	8.05887038e+04	-1.29029714e+04	1.90563975e+05
0.0175	7.70771962e+04	6.13623179e+04	2.65221055e+04
0.0225	9.35277030e+04	-3.00731442e+04	1.11166761e+05
0.0275	6.64693547e+04	3.93466607e+04	1.14653290e+04
0.0325	4.53859560e+04	-1.64315619e+04	2.50340576e+04
0.0375	6.65278660e+04	7.33353399e+03	-3.08930435e+04
0.0425	5.53873676e+04	4.24778273e+04	4.24141547e+04
0.0475	4.22928875e+04	2.44865892e+04	3.18068988e+04
0.0525	3.26369422e+04	1.88847271e+04	-8.48488319e+03
0.0575	2.94757158e+04	1.05219739e+04	-1.23619955e+04
0.0625	3.30074942e+04	8.82400086e+03	-1.79621098e+04
0.0675	3.49412858e+04	1.05461645e+04	1.23733080e+04
0.0725	2.70851964e+04	1.77788523e+04	1.47022188e+04
0.0775	2.42900378e+04	-1.47960821e+02	4.70063337e+02
0.0825	2.63514511e+04	1.41287091e+04	-2.54103473e+03
0.0875	2.11077981e+04	1.10820085e+04	-1.22915750e+03
0.0925	1.93159349e+04	4.51255411e+03	-3.14329747e+03
0.0975	1.92271147e+04	5.92616919e+03	-2.47571846e+03
0.1025	1.66868364e+04	1.04280152e+04	2.61966113e+03
0.1075	1.50391675e+04	6.10068679e+03	-1.84953578e+03
0.1125	1.48980765e+04	7.61414497e+03	2.44915821e+03
0.1175	1.50760947e+04	4.46987753e+03	-1.56588583e+03
0.1225	1.38979994e+04	4.55904112e+03	1.11053030e+03
0.1275	1.39300684e+04	5.51831371e+03	3.09220902e+02
0.1325	1.18735113e+04	1.99632525e+03	1.13481028e+03
0.1375	1.16515676e+04	3.05041477e+03	1.32296260e+03
0.1425	1.14679797e+04	3.58236570e+03	-1.55387676e+02
0.1475	1.07439259e+04	3.03972557e+03	1.66789093e+03
0.1525	9.49943409e+03	1.70843561e+03	1.70730508e+03
0.1575	9.92318875e+03	4.46899781e+02	-1.85414785e+02
0.1625	8.57144251e+03	2.31952013e+03	-2.59299499e+03
0.1675	7.80300182e+03	1.83640270e+03	-6.05661138e+02
0.1725	7.69070649e+03	2.35907724e+03	6.46420526e+01
0.1775	7.42828180e+03	2.38964233e+03	-1.09244141e+02
0.1825	7.34267608e+03	1.76894247e+03	1.04086864e+03
0.1875	7.14129443e+03	3.43941417e+03	1.95081325e+03
0.1925	6.80008857e+03	1.01452331e+03	1.05845215e+03
0.1975	6.46567882e+03	2.48512519e+03	-8.19801575e+02
0.2025	6.15478409e+03	7.77020687e+02	-1.31726150e+03
0.2075	6.02190094e+03	4.17904165e+02	2.36474267e+02
0.2125	5.76256035e+03	1.43388463e+03	4.02339726e+02
0.2175	5.50873571e+03	1.42261800e+03	-2.55013084e+01
0.2225	5.35021461e+03	1.27420243e+03	7.97268474e+02
0.2275	5.48099598e+03	4.55990091e+02	1.70481667e+02
0.2325	5.07100058e+03	7.95528573e+02	-2.06691664e+02
0.2375	4.93907977e+03	2.34159682e+02	-1.86643165e+01
0.2425	4.41381773e+03	1.48142432e+03	6.27511506e+02
0.2475	4.30900846e+03	2.79959546e+02	-5.45145006e+02
0.2525	4.31719709e+03	1.58581122e+03	7.53820614e+00
0.2575	4.30748635e+03	1.90321519e+02	-1.92218286e+02
0.2625	4.05262558e+03	7.29481868e+02	-1.32097344e+01
0.2675	3.90636078e+03	-2.60555421e+02	-3.72211978e+02
0.2725	3.86627906e+03	1.67330623e+02	2.56516921e+02
0.2775	3.63816195e+03	3.04802269e+02	1.82234281e+02
0.2825	3.61833144e+03	2.10995128e+01	-8.29479108e+02
0.2875	3.15743648e+03	2.32655739e+02	8.48974450e+02
0.2925	3.37566750e+03	4.22427789e+02	7.15890726e+02
0.2975	3.50186538e+03	2.46803131e+02	-6.37315223e+01
0.3025	3.10637875e+03	2.78127026e+02	1.53649813e+02
0.3075	3.09056574e+03	2.32834941e+02	1.37013723e+02
0.3125	2.92100140e+03	1.05943390e+02	8.47391180e+01
0.3175	2.91553938e+03	-3.31615533e+02	7.93970293e+01
0.3225	2.79141062e+03	-1.29131166e+01	2.48010694e+02
0.3275	2.83604236e+03	-2.99047942e+01	2.26658525e+01
0.3325	2.72474795e+03	-9.97649766e-01	1.11531959e+02
0.3375	2.40004122e+03	-5.92318545e+01	1.05130156e+02
0.3425	2.71533794e+03	4.64260107e+01	4.13821851e+02
0.3475	2.41855537e+03	-3.51975278e+01	2.00418557e+02
0.3525	2.25645227e+03	1.15053958e+02	4.35035304e+02
0.3575	2.24947600e+03	-7.65890676e+01	3.44064348e+02
0.3625	2.17351529e+03	-2.46558536e+02	3.26485596e+02
0.3675	2.31015369e+03	-1.43494302e+02	6.30373230e+01
0.3725	2.28769535e+03	-3.53307617e+02	2.42380006e+02
0.3775	2.18158673e+03	-2.91406932e+02	2.06137427e+02
0.3825	2.17948304e+03	-9.52252850e+01	1.20133586e+02
0.3875	2.06744654e+03	4.39571740e+01	1.72432995e+02
0.3925	1.97549100e+03	-3.24459620e+02	1.97975806e+02
0.3975	1.95530294e+03	-2.09141804e+02	4.19190075e+02
