####### Power Spectrum of Patchy Simulation 1958 #############
# Patch: sgc
# z-type: z3
# Weights: fkp
# Fiducial Omega_m: 0.310
# Fiducial h: 0.676
# Forward-model pixellation : 0
# Rando n-bar: 0
# Boxsize: [1000.0, 2600.0, 1500.0]
# Grid: [146, 384, 215]
# k-binning: [0.000, 0.410, 0.005]
# Monte Carlo Simulations: 100
#
# Format: k | P0 | P2 | P4
############################################
0.0125	6.03173890e+04	-5.20921963e+04	8.46408020e+04
0.0175	7.49210417e+04	2.44526119e+04	4.54755814e+03
0.0225	5.35561332e+04	-3.46406006e+04	-6.34039992e+03
0.0275	8.05685440e+04	6.47839379e+04	3.78906585e+04
0.0325	5.44402809e+04	4.01196852e+04	4.82067801e+02
0.0375	6.12331421e+04	2.92273236e+04	8.75064507e+03
0.0425	4.46515923e+04	3.14846178e+04	1.49596622e+04
0.0475	4.02683972e+04	8.50303959e+03	-1.21865978e+04
0.0525	3.81031613e+04	3.21328109e+04	1.11037296e+04
0.0575	3.07881426e+04	-2.69079328e+03	-1.57074489e+04
0.0625	3.04025852e+04	1.22343720e+04	1.18607122e+04
0.0675	3.12741060e+04	5.24376339e+03	-7.84300538e+02
0.0725	2.73168017e+04	1.28514001e+04	1.47281320e+03
0.0775	2.62082460e+04	1.17906989e+04	1.67339189e+03
0.0825	2.58975862e+04	8.05406592e+03	-5.80365955e+03
0.0875	1.83289592e+04	8.06025576e+03	6.29591868e+03
0.0925	1.87357376e+04	9.00586946e+03	-8.47428906e+02
0.0975	1.85816512e+04	1.11998619e+03	-3.24707274e+03
0.1025	1.64279143e+04	7.08581182e+03	1.25151306e+03
0.1075	1.65329510e+04	3.43085962e+03	1.88768997e+03
0.1125	1.36765361e+04	3.82132717e+03	2.78743468e+03
0.1175	1.43056250e+04	3.25816694e+03	9.29308378e+02
0.1225	1.27345421e+04	2.93161150e+03	1.66877865e+03
0.1275	1.42858825e+04	5.70262761e+03	3.94324488e+03
0.1325	1.19597920e+04	3.81835387e+03	1.70657776e+03
0.1375	1.27847207e+04	4.94450181e+03	-1.22982081e+03
0.1425	1.07879123e+04	2.05801438e+03	-1.21648217e+03
0.1475	1.03655260e+04	3.36956449e+03	8.25893319e+02
0.1525	9.89869679e+03	4.70527335e+03	-1.26946919e+03
0.1575	9.72286294e+03	2.70333275e+03	-1.40370122e+03
0.1625	8.96757925e+03	3.66587541e+03	8.15382249e+01
0.1675	8.22671821e+03	3.43575741e+03	-6.11557919e+02
0.1725	8.08939884e+03	1.61456999e+03	2.15528088e+03
0.1775	8.01946938e+03	6.13751934e+02	1.26071180e+03
0.1825	7.45727526e+03	5.84951219e+02	-7.78022564e+02
0.1875	7.17446374e+03	6.44189154e+02	1.99891605e+02
0.1925	7.29827235e+03	2.21423223e+03	2.12221890e+02
0.1975	6.47934947e+03	-1.78678748e+01	-6.24241559e+02
0.2025	6.70237969e+03	2.55187268e+03	-4.26558594e+02
0.2075	6.00326150e+03	3.75023167e+02	8.34414207e+02
0.2125	5.86876708e+03	5.71165045e+02	5.71461953e+02
0.2175	5.58827203e+03	1.83817781e+03	1.55425770e+02
0.2225	5.53635304e+03	6.38927231e+02	-1.82114288e+02
0.2275	5.10141562e+03	5.91591311e+02	-7.41695520e+02
0.2325	5.05660945e+03	3.54234994e+02	8.57618940e+02
0.2375	5.29011281e+03	9.86591031e+02	7.93749750e+02
0.2425	4.09487628e+03	3.39452950e+01	-3.77897244e+02
0.2475	5.05375147e+03	1.42937627e+03	7.17785203e+02
0.2525	4.63941086e+03	6.47899892e+02	4.20210159e+02
0.2575	3.82335893e+03	-3.38738714e+02	7.41950307e+02
0.2625	4.54724805e+03	9.57149975e+02	2.37750662e+02
0.2675	3.83091394e+03	3.49339164e+02	-2.10949513e+02
0.2725	4.06826323e+03	8.63270805e+02	-6.87264298e+02
0.2775	3.84494779e+03	-2.68047815e+02	-6.63238432e+02
0.2825	3.89957715e+03	3.18491583e+02	2.38836470e+01
0.2875	3.59589422e+03	6.93545313e+02	1.53279506e+03
0.2925	3.64602120e+03	2.75843201e+02	-1.91568587e+02
0.2975	3.31661075e+03	-3.69300618e+02	2.57341379e+02
0.3025	3.32956227e+03	-2.45539838e+02	5.86225104e+02
0.3075	3.32319159e+03	3.49641171e+02	1.50428048e+02
0.3125	3.31873309e+03	-5.94673738e+02	6.62969279e+02
0.3175	2.82159821e+03	1.53637160e+02	-7.32300062e+01
0.3225	2.96385389e+03	1.23980209e+02	6.69384994e+02
0.3275	3.26013359e+03	-7.26621267e+00	1.75491796e+02
0.3325	2.79342634e+03	1.56977185e+02	3.75854689e+02
0.3375	2.68462051e+03	-2.16917656e+02	1.10224461e+02
0.3425	2.73081479e+03	6.66929473e+01	2.30314356e+02
0.3475	2.53952632e+03	-4.61997035e+02	-3.93329386e+02
0.3525	2.63192446e+03	-8.27203857e+01	4.19639449e+02
0.3575	2.54646106e+03	3.56822837e+02	2.45597781e+02
0.3625	2.54647843e+03	-7.20538144e+01	3.49079076e+02
0.3675	2.35816992e+03	-5.96836390e+02	2.27395035e+02
0.3725	2.28166734e+03	1.82056279e+02	6.34065963e+02
0.3775	2.09574141e+03	-5.61804442e+02	-1.92878779e+02
0.3825	2.10717575e+03	-2.42275258e+02	3.01516588e+02
0.3875	2.06870805e+03	-7.64891647e+02	3.15321997e+02
0.3925	2.28040958e+03	-2.68892805e+02	-2.29144707e+02
0.3975	2.28054233e+03	1.53335016e+02	2.12685432e+02
