####### Power Spectrum of Patchy Simulation 1363 #############
# Patch: sgc
# z-type: z3
# Weights: fkp
# Fiducial Omega_m: 0.310
# Fiducial h: 0.676
# Forward-model pixellation : 0
# Rando n-bar: 0
# Boxsize: [1000.0, 2600.0, 1500.0]
# Grid: [146, 384, 215]
# k-binning: [0.000, 0.410, 0.005]
# Monte Carlo Simulations: 100
#
# Format: k | P0 | P2 | P4
############################################
0.0125	9.61779639e+04	1.24005210e+05	2.92822118e+03
0.0175	6.48636786e+04	4.37970001e+04	4.38932828e+03
0.0225	6.04920755e+04	1.48083851e+04	-6.34156486e+04
0.0275	6.69462137e+04	5.64113661e+04	1.75245330e+04
0.0325	5.49071012e+04	4.51762772e+04	-2.14138750e+03
0.0375	5.24729382e+04	6.37422707e+03	9.55455950e+03
0.0425	4.52109240e+04	4.02105053e+04	2.77671120e+04
0.0475	3.78041940e+04	1.46861142e+04	-1.78935375e+03
0.0525	3.77984815e+04	1.77640700e+04	-1.17877576e+04
0.0575	3.21234126e+04	1.11050430e+04	-5.30948223e+03
0.0625	3.83045974e+04	9.13995599e+03	1.89546249e+02
0.0675	2.73179642e+04	-1.09069900e+03	-3.18674362e+03
0.0725	2.68075024e+04	1.79998572e+04	5.15725681e+03
0.0775	2.49501129e+04	9.83878677e+03	-7.84510209e+03
0.0825	2.36187561e+04	2.15550295e+04	9.79950265e+03
0.0875	2.28925026e+04	5.95142612e+03	-1.19617927e+03
0.0925	1.92831421e+04	8.44220473e+03	3.27403851e+03
0.0975	2.01243822e+04	8.98815704e+03	-3.98546402e+03
0.1025	1.81556039e+04	1.55208377e+03	1.84607093e+03
0.1075	1.46675109e+04	3.95954715e+03	-1.16297622e+03
0.1125	1.60567970e+04	5.93050640e+03	5.82825846e+03
0.1175	1.31990286e+04	1.67727798e+03	2.63320903e+02
0.1225	1.30592763e+04	6.95868633e+03	3.58026108e+03
0.1275	1.24545595e+04	1.98212030e+03	5.22967470e+02
0.1325	1.30119097e+04	4.17032158e+03	2.11955736e+03
0.1375	1.18824800e+04	6.69154711e+03	4.59611881e+03
0.1425	1.19100314e+04	1.90054889e+03	-1.65391926e+03
0.1475	1.09776967e+04	3.62528192e+02	2.20436297e+03
0.1525	1.05412022e+04	6.23931668e+03	2.02951722e+03
0.1575	9.17364960e+03	1.68058959e+03	3.82233980e+01
0.1625	8.95423779e+03	4.22386590e+03	-7.74851397e+02
0.1675	8.32653358e+03	3.18314368e+03	6.56688927e+02
0.1725	8.89937887e+03	3.72736818e+03	2.34323953e+01
0.1775	7.52802218e+03	1.24090891e+03	-1.63992452e+03
0.1825	8.05567160e+03	3.12521849e+03	1.87217050e+03
0.1875	6.89992418e+03	1.71748427e+03	2.97679673e+02
0.1925	7.22994257e+03	1.95917683e+03	1.46269963e+03
0.1975	7.13679065e+03	2.58583193e+03	4.42623891e+02
0.2025	5.94313371e+03	3.28053314e+02	3.44734519e+02
0.2075	6.25633153e+03	1.22515090e+03	4.78275534e+02
0.2125	6.38234695e+03	2.88740026e+03	1.50503984e+03
0.2175	5.33651368e+03	-2.85016241e+02	-1.16619710e+03
0.2225	5.48512734e+03	3.98092995e+02	-7.44328705e+01
0.2275	5.71470197e+03	1.25075345e+03	-1.28577439e+00
0.2325	4.78266099e+03	4.33769627e+02	1.03312634e+03
0.2375	5.06863636e+03	9.48753742e+02	4.14818495e+02
0.2425	4.66710240e+03	5.25603609e+02	9.88404983e+02
0.2475	4.49742054e+03	6.51875069e+02	1.50003157e+02
0.2525	4.65584829e+03	1.30113970e+03	6.72000854e+02
0.2575	4.11747497e+03	2.65287609e+02	1.41180329e+02
0.2625	4.32565686e+03	4.55230405e+02	-4.96640284e+02
0.2675	4.07550107e+03	4.66674288e+02	-2.14719820e+00
0.2725	3.83826023e+03	8.58203068e+02	9.79929655e+02
0.2775	3.80253973e+03	-1.27347329e+02	-4.65527926e+02
0.2825	3.89033473e+03	1.09753134e+03	-3.41516437e+02
0.2875	3.51809461e+03	2.44893932e+02	4.81498803e+02
0.2925	3.52248297e+03	7.60037680e+01	1.22139012e+01
0.2975	3.56460387e+03	1.77933882e+02	-2.19216040e+02
0.3025	3.44563127e+03	3.82738708e+02	7.43463316e+02
0.3075	2.92780080e+03	-6.06720198e+01	-4.49442336e+02
0.3125	3.34005749e+03	8.61974625e+01	-9.28116051e+01
0.3175	3.15537389e+03	6.03405534e+02	1.09856998e+03
0.3225	3.07371687e+03	-5.56355944e+01	-4.55707051e+02
0.3275	2.96147981e+03	-1.05552335e+02	-4.16739303e+01
0.3325	2.91655094e+03	8.22833110e+01	4.27111116e+02
0.3375	2.81849947e+03	-3.92264310e+02	1.08605908e+02
0.3425	2.96066804e+03	3.27021865e+02	-3.03260678e+01
0.3475	2.43818557e+03	-6.53491641e+02	-2.62440717e+02
0.3525	2.71851252e+03	-7.44952151e+01	-1.38017516e+02
0.3575	2.44721040e+03	-3.80550459e+02	4.58541160e+02
0.3625	2.56477568e+03	2.29951732e+02	3.74583133e+02
0.3675	2.39417599e+03	1.01453301e+02	3.92456695e+02
0.3725	2.17043960e+03	-9.14811082e+01	-3.34071490e+02
0.3775	2.34838253e+03	-1.41933371e+02	-1.58363321e+02
0.3825	2.19650789e+03	-1.94919782e+01	5.66217457e+02
0.3875	2.16143024e+03	-4.92991343e+02	-1.34281669e+02
0.3925	2.26055272e+03	-8.46954048e+02	8.60975818e+01
0.3975	2.22201664e+03	-3.87761141e+01	1.45009151e+02
