####### Power Spectrum of Patchy Simulation 1245 #############
# Patch: sgc
# z-type: z1
# Weights: fkp
# Fiducial Omega_m: 0.310
# Fiducial h: 0.676
# Forward-model pixellation : 0
# Rando n-bar: 0
# Boxsize: [1000.0, 1900.0, 1100.0]
# Grid: [146, 276, 161]
# k-binning: [0.000, 0.410, 0.005]
# Monte Carlo Simulations: 100
#
# Format: k | P0 | P2 | P4
############################################
0.0125	1.36457456e+05	1.14803828e+05	2.36402053e+04
0.0175	4.80125092e+04	4.94557081e+04	8.86559542e+03
0.0225	9.01898134e+04	-2.23169662e+04	-1.91404568e+04
0.0275	5.42500639e+04	4.66877991e+04	-2.37176383e+04
0.0325	5.30083406e+04	-2.76154972e+02	1.07076937e+04
0.0375	5.96722770e+04	7.45740615e+03	-2.84564402e+04
0.0425	3.71238154e+04	8.89649430e+02	5.20251664e+03
0.0475	4.29583370e+04	-1.67103734e+03	-5.67017806e+03
0.0525	3.19959950e+04	1.42229715e+04	1.47277403e+04
0.0575	3.62370803e+04	7.81372908e+03	6.69684157e+03
0.0625	3.62352847e+04	1.87783771e+04	-2.31995229e+03
0.0675	3.33568747e+04	1.28305765e+04	-4.27412947e+03
0.0725	3.10492287e+04	8.37818030e+03	-5.07969887e+03
0.0775	2.40310743e+04	2.36046656e+03	-3.26782278e+03
0.0825	2.28010683e+04	1.60131094e+04	-2.60957170e+03
0.0875	2.13872160e+04	1.11917423e+04	5.64145861e+03
0.0925	1.96994236e+04	8.68864039e+03	3.79311973e+03
0.0975	1.73446335e+04	2.06254245e+03	-3.31843006e+03
0.1025	1.60645410e+04	1.18163099e+04	1.16617047e+03
0.1075	1.47892771e+04	3.95421156e+03	-4.15960964e+03
0.1125	1.64763262e+04	6.05047976e+03	-5.87673532e+02
0.1175	1.31963339e+04	5.51268067e+03	4.17961495e+02
0.1225	1.34470474e+04	2.53018091e+03	4.08730765e+02
0.1275	1.35488546e+04	7.73278826e+03	2.48937726e+03
0.1325	1.16361637e+04	4.83760070e+03	3.99143865e+03
0.1375	1.12518574e+04	3.99587060e+03	-4.39493886e+01
0.1425	1.16104368e+04	3.38519285e+03	4.03476079e+03
0.1475	1.06483185e+04	1.53877795e+03	-9.65680250e+02
0.1525	1.00498140e+04	4.19852048e+03	-4.80953413e+02
0.1575	9.42545907e+03	2.58266543e+03	3.68468248e+02
0.1625	9.03292692e+03	1.54326284e+03	-1.28206351e+03
0.1675	8.45654371e+03	3.26817548e+03	-6.02685187e+02
0.1725	7.86833077e+03	1.38044228e+03	6.26600763e+02
0.1775	7.71115690e+03	1.95851497e+03	9.92220567e+02
0.1825	7.64549181e+03	2.34489535e+03	8.72610340e+02
0.1875	7.17568344e+03	2.27793251e+03	5.23452060e+02
0.1925	7.05395100e+03	8.88356537e+02	-9.56414194e+02
0.1975	6.50955886e+03	2.08299817e+03	-5.82873583e+02
0.2025	6.83174534e+03	2.00061414e+03	1.84441725e+03
0.2075	5.90829476e+03	1.59533549e+03	1.01160572e+02
0.2125	5.97929929e+03	1.95168493e+03	-1.08455633e+03
0.2175	5.63053021e+03	9.32056370e+02	-6.05497226e+02
0.2225	5.37718574e+03	1.55730443e+03	1.19765529e+03
0.2275	4.91532352e+03	1.78394761e+03	5.28617513e+02
0.2325	5.14269973e+03	5.28770482e+02	5.76485090e+02
0.2375	5.05293291e+03	5.30291744e+02	7.01973272e+02
0.2425	5.14711485e+03	4.94204903e+02	7.99390492e+00
0.2475	4.49694511e+03	5.50898747e+02	2.55708076e+01
0.2525	4.38722567e+03	6.75812750e+02	7.51407121e+02
0.2575	4.04156639e+03	4.56143895e+02	3.29105452e+02
0.2625	3.77303306e+03	1.53185659e+02	4.37049035e+02
0.2675	4.18585861e+03	8.96110369e+02	8.94784864e+00
0.2725	3.71173678e+03	4.19223582e+02	7.51783612e+02
0.2775	3.68661348e+03	2.30085072e+02	6.28732261e+02
0.2825	3.72784536e+03	2.71092521e+02	7.33501222e+02
0.2875	3.39918006e+03	4.61828198e+02	-2.62764362e+02
0.2925	3.46659411e+03	8.35520840e+02	4.77062133e+02
0.2975	3.09595480e+03	3.00555804e+02	1.01804884e+03
0.3025	3.16114220e+03	3.51500121e+02	1.27523536e+02
0.3075	3.17022651e+03	-4.20308244e+01	1.30715973e+02
0.3125	3.02986137e+03	1.29334160e+02	5.30715935e+02
0.3175	2.92444812e+03	3.14221112e+01	8.48736934e+02
0.3225	2.92880934e+03	-8.27997431e+01	3.25143180e+01
0.3275	2.91129491e+03	2.42059067e+02	1.12837540e+02
0.3325	2.67886559e+03	2.09683033e+02	-6.18122798e+01
0.3375	2.73308072e+03	2.40884536e+01	2.72578600e+02
0.3425	2.47309088e+03	2.73005403e+00	-2.19066485e+01
0.3475	2.44516300e+03	5.04909161e+01	3.74863037e+02
0.3525	2.44460793e+03	-1.42464332e+02	2.77976346e+02
0.3575	2.32525429e+03	2.57596458e+01	5.02699129e+02
0.3625	2.40970612e+03	-8.68386218e+01	3.61964995e+02
0.3675	2.11990948e+03	-3.51923389e+02	9.03865138e+01
0.3725	2.42132507e+03	-1.90276439e+02	6.35220502e+01
0.3775	2.09106936e+03	-9.41306819e+01	5.71649689e+02
0.3825	2.06830180e+03	-4.74004265e+02	1.95319320e+02
0.3875	2.02886837e+03	1.35651425e+00	3.08134804e+02
0.3925	2.00569778e+03	-7.06417520e+01	-9.95162194e+00
0.3975	2.02289967e+03	-4.53343480e+02	4.19878270e+02
