####### Power Spectrum of Patchy Simulation 1097 #############
# Patch: ngc
# z-type: z1
# Weights: fkp
# Fiducial Omega_m: 0.310
# Fiducial h: 0.676
# Forward-model pixellation : 0
# Rando n-bar: 0
# Boxsize: [1350.0, 2450.0, 1400.0]
# Grid: [193, 353, 200]
# k-binning: [0.000, 0.410, 0.005]
# Monte Carlo Simulations: 100
#
# Format: k | P0 | P2 | P4
############################################
0.0125	6.97084863e+04	3.85750710e+04	4.04615273e+04
0.0175	6.39345786e+04	5.83552504e+04	1.41104500e+04
0.0225	8.45273640e+04	6.99784312e+04	-2.01203097e+04
0.0275	7.56841957e+04	1.06598458e+04	-1.40139260e+04
0.0325	5.88338867e+04	2.16911070e+04	8.33780301e+03
0.0375	5.32227757e+04	2.42063243e+04	-1.83127293e+04
0.0425	4.76979458e+04	2.69080074e+04	-6.43615629e+02
0.0475	3.98479609e+04	2.59461037e+04	2.20047819e+03
0.0525	3.55256854e+04	1.57635549e+04	-4.61255355e+03
0.0575	3.38742519e+04	5.97714457e+03	-9.47452719e+03
0.0625	3.20933099e+04	1.14145345e+04	-3.12771912e+03
0.0675	3.36580075e+04	1.16275201e+04	-9.46835350e+03
0.0725	2.89513909e+04	1.25992331e+04	6.46854233e+03
0.0775	2.67262666e+04	1.01633354e+04	2.42765203e+03
0.0825	2.38724521e+04	1.07935357e+04	4.21206889e+03
0.0875	1.97098806e+04	3.78897688e+03	-2.99655106e+03
0.0925	2.09887556e+04	6.55192220e+03	-1.46791582e+02
0.0975	1.84822688e+04	1.08971510e+04	1.36936564e+02
0.1025	1.67114381e+04	4.88639727e+03	-1.73113900e+03
0.1075	1.60674653e+04	2.89540289e+03	-3.17377657e+03
0.1125	1.36167704e+04	4.29738086e+03	5.28131476e+02
0.1175	1.36774521e+04	5.18036206e+03	8.97494690e+02
0.1225	1.33110460e+04	3.83593623e+03	2.15509819e+03
0.1275	1.30552002e+04	2.69329626e+03	-5.79193801e+02
0.1325	1.23933800e+04	4.48256772e+03	7.39936935e+01
0.1375	1.15649222e+04	2.79851704e+03	-2.22299134e+02
0.1425	1.10693884e+04	3.25875790e+03	7.37327187e+01
0.1475	1.06188448e+04	4.07151763e+03	1.28401195e+03
0.1525	9.76938663e+03	2.72304823e+03	1.14791833e+03
0.1575	9.24160642e+03	2.48041408e+03	-1.15148522e+03
0.1625	8.59071899e+03	1.44999635e+03	-7.96720482e+02
0.1675	8.20397433e+03	2.89171136e+03	5.86649801e+02
0.1725	7.84362838e+03	2.16361948e+03	-1.16495966e+03
0.1775	7.88155384e+03	2.18737087e+03	-1.03801043e+03
0.1825	7.49427270e+03	1.80969597e+03	1.43435220e+02
0.1875	7.47100486e+03	2.40989247e+03	1.08863882e+03
0.1925	6.85568909e+03	2.39313286e+03	-7.21184070e+01
0.1975	6.79462969e+03	1.06511516e+03	-5.54889915e+01
0.2025	6.40845336e+03	1.20645423e+03	-1.40309437e+02
0.2075	5.85561055e+03	8.87186216e+02	2.81394740e+02
0.2125	5.94782935e+03	1.03350918e+03	-1.69707704e+01
0.2175	5.53957121e+03	1.16568495e+03	9.31880545e+02
0.2225	5.24661898e+03	9.76322957e+02	-7.65944724e+02
0.2275	5.13992534e+03	7.67177000e+02	2.17617398e+02
0.2325	5.16790788e+03	7.23239898e+02	2.40825768e+02
0.2375	4.82371036e+03	9.87043306e+02	-1.79917590e+02
0.2425	4.62881691e+03	4.87594112e+02	2.06972165e+02
0.2475	4.56171249e+03	7.27865819e+02	2.43773744e+02
0.2525	4.47511519e+03	8.30413864e+02	7.39150257e+01
0.2575	4.11767686e+03	4.01238589e+02	-1.71055547e+02
0.2625	3.99926886e+03	1.51608339e+02	5.95760030e+02
0.2675	4.06815863e+03	7.70469287e+02	-1.13031154e+02
0.2725	3.91139630e+03	5.37357041e+02	1.47023594e+01
0.2775	3.80382548e+03	5.04622305e+02	1.47352001e+02
0.2825	3.53898907e+03	3.23118837e+02	1.32179709e+02
0.2875	3.35720091e+03	3.64138818e+02	3.15508892e+01
0.2925	3.39340778e+03	4.00507502e+02	1.25084630e+01
0.2975	3.30075827e+03	5.02348822e+01	6.84810584e+01
0.3025	3.16053920e+03	1.27450924e+02	2.62583880e+02
0.3075	3.06863237e+03	8.30468370e+01	1.71749018e+02
0.3125	2.98539388e+03	-5.09646009e+01	3.35531562e+01
0.3175	2.92804363e+03	2.63395591e+02	2.35038333e+02
0.3225	2.86919538e+03	3.72241735e+01	3.24180409e+02
0.3275	2.85597716e+03	-4.52226252e+01	1.58310921e+02
0.3325	2.59504421e+03	-2.92969010e+01	-3.96249633e+01
0.3375	2.68207302e+03	-4.64805231e+01	3.17901442e+02
0.3425	2.50077685e+03	-3.04538472e+02	4.12122646e+02
0.3475	2.36203768e+03	-1.41648014e+02	3.06056293e+02
0.3525	2.39877682e+03	-2.03569912e+02	4.28916421e+02
0.3575	2.30169108e+03	-7.32959007e+01	1.97387692e+02
0.3625	2.28664705e+03	-1.99778736e+02	3.36825849e+01
0.3675	2.19833805e+03	-2.82625720e+02	2.77716410e+02
0.3725	2.11550700e+03	-2.46679289e+02	-3.74674385e+00
0.3775	2.24041332e+03	-4.86589088e+02	4.46838279e+02
0.3825	2.09632773e+03	-2.85001928e+02	2.02419240e+02
0.3875	1.94662633e+03	-2.85674788e+02	1.55915103e+02
0.3925	1.99332976e+03	-3.83269404e+02	1.38226546e+01
0.3975	1.96525955e+03	-5.20800757e+02	1.62035374e+02
