####### Power Spectrum of Patchy Simulation 629 #############
# Patch: ngc
# z-type: z3
# Weights: fkp
# Fiducial Omega_m: 0.310
# Fiducial h: 0.676
# Forward-model pixellation : 0
# Rando n-bar: 0
# Boxsize: [1800.0, 3400.0, 1900.0]
# Grid: [261, 500, 276]
# k-binning: [0.000, 0.410, 0.005]
# Monte Carlo Simulations: 100
#
# Format: k | P0 | P2 | P4
############################################
0.0125	9.28648106e+04	4.85637078e+04	-9.68801662e+04
0.0175	4.56763992e+04	5.52920922e+03	1.21324341e+04
0.0225	7.94013438e+04	4.83156762e+04	-2.14376529e+04
0.0275	5.28002336e+04	2.19661585e+03	-7.11047712e+03
0.0325	4.85582962e+04	4.23415042e+04	2.34227866e+04
0.0375	4.77862247e+04	1.66717981e+04	4.92898528e+03
0.0425	4.28471188e+04	3.04376387e+04	1.23367110e+03
0.0475	4.02059535e+04	9.16602360e+03	-1.36670126e+04
0.0525	3.26164240e+04	5.61703889e+03	-3.26193202e+02
0.0575	3.43466037e+04	1.55156473e+04	-3.08164512e+03
0.0625	2.95326346e+04	9.93399630e+03	-4.90762399e+03
0.0675	2.75004761e+04	1.07526530e+04	-1.01209581e+04
0.0725	2.63316329e+04	5.61546304e+03	-4.72370235e+02
0.0775	2.42835285e+04	9.64557053e+03	4.04905365e+03
0.0825	2.17120637e+04	7.39809023e+03	4.35108858e+02
0.0875	2.08117918e+04	1.04664794e+04	4.28343960e+03
0.0925	1.83710097e+04	5.44215507e+03	-1.75750472e+03
0.0975	1.58918078e+04	4.59012338e+03	2.55018688e+03
0.1025	1.61198162e+04	8.73735343e+03	7.64015957e+02
0.1075	1.46976720e+04	7.05706418e+03	1.09042525e+03
0.1125	1.36004525e+04	2.91112645e+03	6.62311429e+02
0.1175	1.25644818e+04	4.91406092e+03	9.71520762e+02
0.1225	1.18604530e+04	4.00537877e+03	-1.12917468e+03
0.1275	1.24148561e+04	6.56014014e+03	2.55531091e+03
0.1325	1.22211223e+04	2.03962912e+03	-2.01666944e+03
0.1375	9.61995500e+03	1.37568414e+03	-8.35630991e+02
0.1425	1.01305290e+04	2.85029907e+03	-6.06395579e+01
0.1475	9.99968945e+03	4.95973195e+03	1.48929094e+03
0.1525	8.39189786e+03	7.23095290e+02	5.83839032e+02
0.1575	9.18717438e+03	4.08679997e+03	5.93957082e+02
0.1625	7.91995321e+03	2.08313547e+03	-9.59547738e+02
0.1675	7.60887273e+03	1.67040345e+03	-5.67044680e+02
0.1725	8.05291457e+03	3.04257388e+03	1.27928627e+03
0.1775	6.94101554e+03	1.44709429e+03	4.63156287e+02
0.1825	6.91820970e+03	1.53715663e+03	6.72043250e+01
0.1875	6.57432833e+03	1.75956760e+03	7.64211643e+02
0.1925	6.41868908e+03	1.81508647e+03	-9.71971145e+01
0.1975	5.98264206e+03	1.94118073e+03	3.30320446e+02
0.2025	5.57905303e+03	1.06912731e+03	5.49423500e+02
0.2075	5.71035414e+03	1.45499208e+03	2.39438101e+02
0.2125	5.13160361e+03	6.66571474e+02	1.94241344e+01
0.2175	5.46279729e+03	1.25393771e+03	1.74403527e+03
0.2225	4.79032668e+03	9.31347769e+02	3.54964039e+01
0.2275	4.84148747e+03	1.23193032e+03	4.91871819e+02
0.2325	4.43663532e+03	1.03291872e+03	5.08847883e+01
0.2375	4.49676752e+03	8.85570828e+02	-8.36398002e+01
0.2425	4.30352118e+03	1.00666181e+03	3.82318328e+02
0.2475	3.96467767e+03	2.43581233e+02	-2.30598660e+02
0.2525	4.00343660e+03	7.14450551e+02	6.20789705e+02
0.2575	3.88530567e+03	6.68292446e+02	4.35040859e+02
0.2625	3.91473509e+03	6.48291149e+02	1.56756009e+02
0.2675	3.59557881e+03	3.18474379e+02	4.33138135e+02
0.2725	3.62912152e+03	5.19626452e+02	1.05547616e+02
0.2775	3.51501176e+03	9.42744903e+01	-1.52491222e+02
0.2825	3.18396904e+03	3.63483577e+02	2.24422909e+02
0.2875	3.24657579e+03	7.94939090e+02	3.99046895e+02
0.2925	3.00337817e+03	-6.58956363e+01	-2.81313462e+02
0.2975	3.18284402e+03	3.45663520e+02	6.91671738e+02
0.3025	2.92735654e+03	2.57153557e+01	-1.00290893e+02
0.3075	2.88866070e+03	3.80269075e+02	5.84746183e+02
0.3125	2.68856775e+03	-3.82753233e+02	2.11039599e+01
0.3175	2.69799771e+03	2.21780174e+02	-1.74690871e+01
0.3225	2.69033856e+03	1.02025767e+02	4.70406359e+02
0.3275	2.48645344e+03	-1.61040440e+02	-3.19226842e+02
0.3325	2.42643390e+03	-1.20718002e+02	1.10657732e+02
0.3375	2.46502081e+03	-2.59143731e+02	-4.43015939e+01
0.3425	2.29924626e+03	3.44287127e+02	9.19176693e+01
0.3475	2.15968031e+03	-4.79699318e+02	1.28331401e+02
0.3525	2.27248595e+03	1.69710511e+02	4.21987811e+02
0.3575	2.25255381e+03	-9.66369966e+01	2.93802845e+01
0.3625	2.13961235e+03	1.55785249e+02	1.21655192e+02
0.3675	2.04861286e+03	-1.14216175e+02	4.05467991e+02
0.3725	2.01527649e+03	-2.39925988e+02	-1.58122615e+02
0.3775	1.90547925e+03	-2.99771249e+02	1.39347687e+02
0.3825	1.96714020e+03	-1.82414718e+02	2.78921874e+02
0.3875	1.79386524e+03	-3.58561019e+02	8.34355528e+01
0.3925	1.75880858e+03	-3.66583423e+02	5.75043980e+02
0.3975	1.93104671e+03	1.39689726e+02	2.58791333e+02
