####### Power Spectrum of Patchy Simulation 1746 #############
# Patch: ngc
# z-type: z1
# Weights: fkp
# Fiducial Omega_m: 0.310
# Fiducial h: 0.676
# Forward-model pixellation : 0
# Rando n-bar: 0
# Boxsize: [1350.0, 2450.0, 1400.0]
# Grid: [193, 353, 200]
# k-binning: [0.000, 0.410, 0.005]
# Monte Carlo Simulations: 100
#
# Format: k | P0 | P2 | P4
############################################
0.0125	6.96024109e+04	7.89625607e+04	2.82298085e+04
0.0175	7.37761601e+04	5.53038396e+04	1.05031447e+04
0.0225	7.62418799e+04	1.15646776e+04	1.05001763e+04
0.0275	6.89950583e+04	1.07375266e+04	-6.21985703e+03
0.0325	6.26275581e+04	3.00763982e+04	-2.65105808e+04
0.0375	4.52783445e+04	1.99700789e+04	1.40282849e+04
0.0425	4.20234243e+04	1.49680783e+04	6.36147215e+03
0.0475	3.85960828e+04	2.37030465e+04	-7.79405886e+02
0.0525	3.85992055e+04	2.50052855e+04	1.25033186e+03
0.0575	3.45296404e+04	6.91906083e+03	-8.97496731e+02
0.0625	3.62262901e+04	1.90257423e+04	-7.04152476e+02
0.0675	3.17338695e+04	1.27276304e+04	-1.50860237e+03
0.0725	2.65548352e+04	1.18805236e+04	4.42255790e+03
0.0775	2.51525329e+04	8.75621452e+03	5.06653501e+03
0.0825	2.38098422e+04	5.27688618e+03	-8.77557015e+02
0.0875	2.15476068e+04	9.19332160e+03	-1.25813172e+03
0.0925	1.97801599e+04	8.84043636e+03	1.35055877e+03
0.0975	1.74327941e+04	5.77590770e+03	1.08048213e+03
0.1025	1.68733857e+04	5.24093509e+03	-3.00211414e+03
0.1075	1.47613978e+04	5.68293503e+03	-7.85244414e+02
0.1125	1.49675164e+04	2.27211652e+03	-1.00835491e+03
0.1175	1.38380043e+04	6.39859751e+03	1.55891247e+03
0.1225	1.33266673e+04	4.44956584e+03	1.17548321e+03
0.1275	1.29181971e+04	3.96703078e+03	-1.46384026e+03
0.1325	1.20983037e+04	3.36609261e+03	-2.92906094e+02
0.1375	1.14726325e+04	3.14838537e+03	1.44156466e+03
0.1425	1.07479629e+04	3.08735237e+03	2.81387091e+02
0.1475	1.03896501e+04	3.12674739e+03	-2.31091985e+02
0.1525	9.21504958e+03	3.31509881e+03	1.02860186e+03
0.1575	8.99118400e+03	2.83789111e+03	-1.95405421e+02
0.1625	8.24030862e+03	2.60359817e+03	6.53364079e+02
0.1675	8.46449078e+03	2.74053560e+03	9.91578625e+02
0.1725	7.90812057e+03	2.36760270e+03	1.55779733e+03
0.1775	7.96033522e+03	2.68521396e+03	1.04615097e+02
0.1825	7.41503183e+03	2.09488122e+03	8.76250317e+02
0.1875	6.91102215e+03	1.97632554e+03	1.99103390e+02
0.1925	6.71389420e+03	2.36751150e+03	-1.66387159e+02
0.1975	6.49199038e+03	1.41469832e+03	2.55741930e+02
0.2025	6.43902867e+03	1.09371252e+03	-2.18667560e+02
0.2075	6.26803305e+03	9.81128084e+02	-2.44479314e+02
0.2125	6.03025057e+03	1.56026086e+03	1.00223580e+03
0.2175	5.57769332e+03	8.89486995e+02	4.85822269e+02
0.2225	5.32266856e+03	1.20393021e+03	3.58691953e+02
0.2275	5.25337597e+03	8.42522030e+02	4.17688479e+02
0.2325	4.79416249e+03	5.48236303e+02	-6.35743611e+01
0.2375	4.84005832e+03	5.20995620e+02	3.67063600e+01
0.2425	4.63302260e+03	1.00404802e+03	1.62092151e+02
0.2475	4.41508708e+03	8.52043370e+02	3.45908158e+02
0.2525	4.48597288e+03	6.25958819e+02	3.45789169e+02
0.2575	4.04001973e+03	3.44528182e+02	-8.62867397e+00
0.2625	4.11580208e+03	7.22711880e+02	6.23498952e+02
0.2675	3.98710496e+03	4.84764793e+02	-4.57481241e+01
0.2725	3.63055228e+03	2.23008872e+02	1.21925617e+01
0.2775	3.67480774e+03	2.63335965e+02	1.23269345e+02
0.2825	3.47687112e+03	4.93421563e+02	4.07398208e+02
0.2875	3.43584061e+03	2.88967566e+02	2.88094346e+02
0.2925	3.32684360e+03	3.31581328e+02	1.39390634e+02
0.2975	3.32208305e+03	3.88586530e+02	4.03599650e+02
0.3025	3.20731790e+03	9.96060040e+01	4.77644080e+02
0.3075	3.03382547e+03	1.98927481e+02	3.21831152e+02
0.3125	2.98921690e+03	2.28044540e+02	2.98129168e+02
0.3175	2.86922426e+03	-7.32571480e+01	2.95058302e+02
0.3225	2.71416935e+03	1.57501185e+02	9.51433220e+01
0.3275	2.72165294e+03	-8.70383013e+01	-2.12402214e+02
0.3325	2.62620853e+03	-3.54753195e+01	2.07939155e+02
0.3375	2.51424799e+03	8.19204583e+01	2.59442158e+02
0.3425	2.41614624e+03	-2.37324165e+02	1.86556928e+02
0.3475	2.45911879e+03	-3.45947201e+02	4.60912867e+02
0.3525	2.39848938e+03	-2.38914721e+02	1.87985552e+02
0.3575	2.27818825e+03	-6.38695869e+01	5.96494482e+01
0.3625	2.30312629e+03	-2.47440661e+02	1.88969364e+01
0.3675	2.20690974e+03	-3.01610767e+02	4.17968709e+02
0.3725	2.18180485e+03	-2.88397127e+02	2.48600262e+02
0.3775	2.10092331e+03	-2.03580752e+02	2.65391857e+02
0.3825	2.10224860e+03	3.43742526e+01	7.17760256e+01
0.3875	2.08787009e+03	-2.61566760e+02	2.66878484e+02
0.3925	2.03133035e+03	-1.23495932e+02	-2.33188253e+01
0.3975	1.88093017e+03	-2.68907831e+02	2.18946083e+02
