####### Power Spectrum of Patchy Simulation 1227 #############
# Patch: ngc
# z-type: z1
# Weights: fkp
# Fiducial Omega_m: 0.310
# Fiducial h: 0.676
# Forward-model pixellation : 0
# Rando n-bar: 0
# Boxsize: [1350.0, 2450.0, 1400.0]
# Grid: [193, 353, 200]
# k-binning: [0.000, 0.410, 0.005]
# Monte Carlo Simulations: 100
#
# Format: k | P0 | P2 | P4
############################################
0.0125	7.94879814e+04	7.44915942e+04	-3.21846790e+04
0.0175	1.03564037e+05	-1.00339285e+04	-4.24483419e+04
0.0225	7.84916640e+04	2.36673159e+04	-3.12183475e+04
0.0275	6.74498221e+04	4.18486149e+04	2.15341078e+03
0.0325	5.87938805e+04	6.93358351e+03	-3.32121887e+03
0.0375	5.65659683e+04	2.65004018e+04	4.10711291e+03
0.0425	4.53177885e+04	8.60391677e+03	-1.11217367e+04
0.0475	4.23790219e+04	1.50097801e+04	5.69856844e+03
0.0525	3.34025510e+04	1.39866242e+04	7.40752349e+02
0.0575	3.70205242e+04	1.70762368e+04	8.59133217e+02
0.0625	3.58096781e+04	1.69738464e+04	-5.83019998e+03
0.0675	3.18737249e+04	9.30223503e+03	-9.63066678e+03
0.0725	2.78199363e+04	1.23747179e+04	3.85946088e+03
0.0775	2.45760644e+04	7.18679091e+03	7.75141388e+02
0.0825	2.44141624e+04	7.90449729e+03	8.68592441e+02
0.0875	2.32720419e+04	5.78830572e+03	1.66693238e+03
0.0925	1.99699763e+04	8.62393800e+03	3.41474594e+03
0.0975	1.83361615e+04	5.84255991e+03	-1.16198468e+03
0.1025	1.69286395e+04	5.70194586e+03	2.61363017e+03
0.1075	1.63827465e+04	5.42771461e+03	2.54066235e+03
0.1125	1.54774501e+04	5.06865662e+03	-2.63331529e+03
0.1175	1.45819391e+04	4.20822026e+03	4.85547862e+02
0.1225	1.24128576e+04	3.69132332e+03	-1.66950225e+02
0.1275	1.34732302e+04	4.96979575e+03	-1.02929505e+03
0.1325	1.15041068e+04	3.65631014e+03	-3.55661046e+02
0.1375	1.17329406e+04	1.42776651e+03	-1.64417874e+03
0.1425	1.11048055e+04	3.42476274e+03	1.44402957e+03
0.1475	1.09028515e+04	2.58157206e+03	-4.43166321e+02
0.1525	9.17522018e+03	3.04312787e+03	1.04197593e+03
0.1575	9.07268665e+03	2.25495020e+03	-6.19790419e+01
0.1625	8.67910759e+03	2.54049738e+03	1.00598940e+03
0.1675	8.74581071e+03	1.98358878e+03	6.55542460e+02
0.1725	7.90638048e+03	2.36112282e+03	8.17117137e+02
0.1775	7.47522227e+03	2.03401876e+03	9.83303821e+02
0.1825	7.68868402e+03	2.54178754e+03	2.88919920e+02
0.1875	7.03433935e+03	1.66894199e+03	6.41699498e+01
0.1925	7.00362275e+03	2.22317480e+03	-3.22768296e+02
0.1975	6.68645157e+03	1.01960546e+03	-6.71847910e+01
0.2025	6.38378179e+03	1.80643130e+03	1.99310108e+02
0.2075	6.18448134e+03	8.11977123e+02	5.55951193e+02
0.2125	5.88307746e+03	1.34523306e+03	1.28539652e+02
0.2175	5.56800809e+03	1.05190587e+03	6.90111755e+02
0.2225	5.45530152e+03	1.14556725e+03	1.33755726e+02
0.2275	5.22433301e+03	1.07281189e+03	4.83406391e+02
0.2325	4.87219542e+03	6.71932762e+02	-1.75232537e+02
0.2375	4.80912530e+03	5.02063717e+02	1.45497794e+02
0.2425	4.71414050e+03	8.93314233e+02	3.25026070e+02
0.2475	4.49586785e+03	1.38927554e+03	4.59995236e+02
0.2525	4.39722046e+03	3.23801593e+02	7.49831463e+02
0.2575	4.28404872e+03	1.00718985e+03	3.86268538e+02
0.2625	3.93092869e+03	6.61693282e+02	1.40141802e+02
0.2675	3.99013139e+03	6.30419258e+02	-8.37503775e+01
0.2725	3.99975283e+03	5.07815623e+02	1.57206233e+02
0.2775	3.74933657e+03	3.18837000e+02	5.88609177e+02
0.2825	3.52791468e+03	6.37447372e+01	5.24640314e+01
0.2875	3.41187395e+03	4.61665939e+02	1.97138162e+02
0.2925	3.31607401e+03	2.97047877e+02	5.83173589e+02
0.2975	3.31127556e+03	4.27528972e+01	1.21216373e+02
0.3025	3.20504660e+03	4.16377422e+01	4.90267447e+02
0.3075	3.14996980e+03	1.63791001e+02	5.49244799e+02
0.3125	2.99217513e+03	8.78867979e+01	1.62671147e+01
0.3175	3.04056935e+03	-3.36180551e+01	7.75830829e+01
0.3225	2.77493631e+03	-1.08498862e+02	1.91852874e+02
0.3275	2.70863135e+03	1.23853045e+02	2.42411559e+02
0.3325	2.79552448e+03	-2.26561585e+02	2.66196529e+02
0.3375	2.64764957e+03	-3.88179003e+02	1.35452142e+02
0.3425	2.53434408e+03	2.45938280e+01	2.12605722e+02
0.3475	2.41152926e+03	-2.56622323e+02	2.60648272e+02
0.3525	2.49031063e+03	-9.23850515e+01	4.51805940e+02
0.3575	2.46216532e+03	-1.83448758e+02	3.21367316e+02
0.3625	2.27821290e+03	-3.89711184e+02	3.39802120e+02
0.3675	2.19142690e+03	-2.15997108e+02	1.66598852e+02
0.3725	2.23550508e+03	-1.66920908e+02	1.54833814e+02
0.3775	2.11986773e+03	-2.36964756e+02	2.81825175e+02
0.3825	2.07067067e+03	-3.34689473e+02	2.12207254e+02
0.3875	2.00410457e+03	-3.25679792e+02	1.68612912e+02
0.3925	2.01284952e+03	-3.53382569e+02	3.01926199e+02
0.3975	1.96731594e+03	-2.72070794e+02	1.06528422e+02
