####### Power Spectrum of Patchy Simulation 22 #############
# Patch: sgc
# z-type: z3
# Weights: fkp
# Fiducial Omega_m: 0.310
# Fiducial h: 0.676
# Forward-model pixellation : 0
# Rando n-bar: 0
# Boxsize: [1000.0, 2600.0, 1500.0]
# Grid: [146, 384, 215]
# k-binning: [0.000, 0.410, 0.005]
# Monte Carlo Simulations: 100
#
# Format: k | P0 | P2 | P4
############################################
0.0125	8.29232956e+04	1.13796717e+05	-3.07430986e+04
0.0175	8.52007088e+04	4.99009994e+04	-1.69958904e+05
0.0225	1.08681722e+05	7.28461082e+04	5.98129905e+04
0.0275	5.07429096e+04	-8.42817429e+03	-6.01523831e+04
0.0325	7.79843331e+04	5.01041077e+04	8.32660279e+04
0.0375	4.65027253e+04	-1.46392437e+04	1.07055863e+04
0.0425	5.26726073e+04	6.00441761e+04	2.46332331e+04
0.0475	3.72016773e+04	8.71635444e+03	-1.45864851e+04
0.0525	4.19875351e+04	1.88247527e+04	1.50159424e+04
0.0575	3.15201220e+04	1.79822675e+04	-8.85097034e+03
0.0625	4.17055964e+04	1.98161272e+04	-2.00518022e+04
0.0675	3.00245072e+04	1.13127301e+04	1.02683984e+03
0.0725	2.96371420e+04	1.71034568e+04	2.85816219e+03
0.0775	2.85622625e+04	9.90229955e+03	-7.53625638e+03
0.0825	2.40128108e+04	1.10768581e+04	3.27036180e+03
0.0875	2.11620775e+04	8.85749495e+03	-3.96083900e+03
0.0925	2.17090991e+04	1.08221183e+04	-1.27548625e+03
0.0975	1.85510139e+04	3.77831506e+03	2.84877101e+03
0.1025	1.50568623e+04	2.23539888e+03	-3.39020663e+03
0.1075	1.72049190e+04	8.26939564e+03	3.51141017e+03
0.1125	1.54830589e+04	2.52458934e+03	-4.07129283e+03
0.1175	1.46015099e+04	2.67236349e+03	1.46573044e+03
0.1225	1.41739065e+04	5.97974738e+03	3.23116963e+03
0.1275	1.37543658e+04	7.28523239e+03	8.89172240e+02
0.1325	1.30089406e+04	4.96478356e+03	-1.12664928e+03
0.1375	1.20125053e+04	1.12716631e+03	-1.00565028e+03
0.1425	1.19613800e+04	6.09716431e+03	4.43269026e+03
0.1475	1.05896229e+04	2.17930392e+03	-1.19652675e+03
0.1525	1.03569519e+04	4.96270707e+03	-1.23654258e+03
0.1575	1.00134237e+04	4.30984987e+03	3.73560860e+02
0.1625	8.72689943e+03	2.39907239e+03	1.84339780e+03
0.1675	8.34639342e+03	1.82871253e+03	-1.88665035e+03
0.1725	8.33508241e+03	2.22577915e+03	-6.05185115e+02
0.1775	8.41218482e+03	3.59428322e+03	1.48894511e+03
0.1825	7.56156194e+03	1.88738198e+02	-1.01469386e+03
0.1875	8.13280385e+03	1.60241374e+03	2.11852517e+02
0.1925	6.56463211e+03	2.58329458e+02	-3.16833107e+02
0.1975	7.36370266e+03	3.12687006e+03	8.96752005e+02
0.2025	7.19430847e+03	1.52150264e+03	-4.06643473e+02
0.2075	6.43111063e+03	4.57812060e+02	-4.34285263e+02
0.2125	6.75457807e+03	1.26823285e+03	5.95894624e+02
0.2175	5.88627761e+03	1.10607123e+03	-2.67140085e+02
0.2225	5.78743377e+03	2.16994780e+03	6.45255734e+02
0.2275	6.00210154e+03	8.57142806e+02	-1.14067496e+03
0.2325	4.97161677e+03	8.33708789e+02	8.65123882e+02
0.2375	4.93564323e+03	7.23540207e+02	-2.81733641e+02
0.2425	5.15770186e+03	1.48576004e+03	3.29432278e+02
0.2475	4.68062335e+03	4.77094246e+02	-5.46383480e+02
0.2525	4.91065526e+03	8.84537068e+02	6.36030962e+02
0.2575	4.42251671e+03	5.14203327e+02	-1.57277567e+02
0.2625	4.31944257e+03	6.17530271e+02	1.62068398e+02
0.2675	4.67308141e+03	2.83946670e+02	1.04219719e+03
0.2725	4.45818582e+03	3.39176453e+02	5.95381176e+02
0.2775	3.75231959e+03	2.19519523e+02	3.66044675e+02
0.2825	4.13165559e+03	4.45352690e+02	6.64493682e+02
0.2875	3.86545412e+03	5.78694445e+02	-2.47419726e+01
0.2925	3.82779362e+03	-7.06757413e+01	5.96754154e+02
0.2975	3.57329811e+03	1.40509191e+02	3.22653842e+01
0.3025	3.41971505e+03	2.83445191e+02	3.36640694e+02
0.3075	3.25633983e+03	-3.64759727e+02	4.90147804e+02
0.3125	3.48714317e+03	4.84082118e+01	2.20420943e+02
0.3175	3.33066833e+03	9.43511530e+01	5.66060760e+02
0.3225	3.02409397e+03	-1.16789465e+02	-2.01670014e+02
0.3275	3.20700506e+03	-3.26465817e+02	8.09631144e+02
0.3325	3.17394653e+03	4.27759694e+02	4.41726061e+02
0.3375	2.77481801e+03	2.85618057e+02	6.43503926e+02
0.3425	2.81949915e+03	-2.24506001e+02	-5.07701022e+02
0.3475	2.79877856e+03	-1.54704894e+02	1.40414241e+02
0.3525	2.78842923e+03	-6.08630516e+01	7.80879394e+02
0.3575	2.65738913e+03	-3.31309975e+02	7.80898871e+02
0.3625	2.69632209e+03	-7.21031671e+01	4.87224511e+01
0.3675	2.63062135e+03	-6.58587169e+02	6.92919970e+02
0.3725	2.60651104e+03	-3.67743419e+02	2.88572878e+02
0.3775	2.35157385e+03	-3.45573235e+02	3.47531153e+02
0.3825	2.58281863e+03	-6.49206147e+02	3.07183175e+02
0.3875	2.26219560e+03	-3.32615920e+02	3.61828228e+02
0.3925	2.24701055e+03	2.70863180e+02	2.00015963e+02
0.3975	2.37179816e+03	-1.90352722e+02	-5.21590182e+02
