####### Power Spectrum of Patchy Simulation 154 #############
# Patch: ngc
# z-type: z1
# Weights: fkp
# Fiducial Omega_m: 0.310
# Fiducial h: 0.676
# Forward-model pixellation : 0
# Rando n-bar: 0
# Boxsize: [1350.0, 2450.0, 1400.0]
# Grid: [193, 353, 200]
# k-binning: [0.000, 0.410, 0.005]
# Monte Carlo Simulations: 100
#
# Format: k | P0 | P2 | P4
############################################
0.0125	8.91067131e+04	7.77622491e+04	5.44983626e+04
0.0175	8.50303151e+04	2.83725830e+04	2.34187112e+04
0.0225	8.02658212e+04	7.07690163e+04	-1.46759595e+04
0.0275	6.81057366e+04	3.09161445e+04	2.84491461e+04
0.0325	6.08468523e+04	1.50175709e+04	-7.39222797e+03
0.0375	5.30247573e+04	-1.73292309e+03	-1.06813403e+04
0.0425	4.83382259e+04	2.03823529e+04	1.62448931e+04
0.0475	3.80539697e+04	1.81505905e+04	-4.10959702e+03
0.0525	3.77027551e+04	1.89625923e+04	5.18846104e+03
0.0575	3.48505225e+04	1.28837560e+04	-8.80491276e+03
0.0625	3.19062567e+04	1.71646802e+04	1.01977384e+03
0.0675	3.20975472e+04	1.27166791e+04	3.26629050e+03
0.0725	2.98825603e+04	9.54998752e+03	-4.04668407e+03
0.0775	2.51204444e+04	6.19824995e+03	-4.88887239e+03
0.0825	2.40512552e+04	6.00359287e+03	3.16993476e+03
0.0875	2.10854540e+04	3.15312471e+03	-1.70443280e+03
0.0925	1.79258190e+04	9.28360891e+03	3.16514367e+03
0.0975	1.79923681e+04	6.95108348e+03	9.46376808e+02
0.1025	1.56108894e+04	6.84395748e+03	1.27261100e+03
0.1075	1.60557205e+04	7.16969832e+03	2.29276152e+02
0.1125	1.54755577e+04	4.61864475e+03	5.26151483e+02
0.1175	1.39153555e+04	5.21741101e+03	5.07606471e+02
0.1225	1.36408460e+04	3.79938552e+03	3.54383608e+02
0.1275	1.25742320e+04	6.95188020e+03	1.03013662e+03
0.1325	1.24276542e+04	4.26380557e+03	-1.01975277e+03
0.1375	1.12721137e+04	3.83579436e+03	9.90065296e+02
0.1425	1.11809522e+04	4.19001866e+03	5.89421534e+02
0.1475	1.04091849e+04	1.86609912e+03	1.15409541e+03
0.1525	1.00795445e+04	2.96558460e+03	1.03866575e+03
0.1575	9.22964005e+03	1.97362225e+03	9.86205660e+01
0.1625	8.71278664e+03	1.85780350e+03	-5.67254083e+01
0.1675	8.17966034e+03	2.84437710e+03	5.70311638e+02
0.1725	7.75813223e+03	2.58044487e+03	1.12917469e+03
0.1775	7.64010422e+03	1.66948791e+03	8.39702894e+01
0.1825	7.28805548e+03	1.73876664e+03	-2.02676576e+01
0.1875	7.29574963e+03	2.42050005e+03	4.45899520e+02
0.1925	6.72597504e+03	2.01067408e+03	-2.42456074e+02
0.1975	6.33094804e+03	1.43499751e+03	2.02023890e+02
0.2025	6.16093117e+03	1.84648719e+03	-1.58262963e+02
0.2075	6.25772625e+03	2.04510755e+03	5.89268261e+02
0.2125	5.56870109e+03	8.35012460e+02	3.28570636e+02
0.2175	5.45876582e+03	1.17145276e+03	8.73810074e+01
0.2225	5.25241638e+03	1.06609241e+03	1.15135724e+02
0.2275	5.13778391e+03	1.03107955e+03	1.02201393e+02
0.2325	4.88336389e+03	7.79747978e+02	3.57505964e+02
0.2375	4.84392994e+03	6.92936118e+02	7.33337404e+01
0.2425	4.63547942e+03	1.15941279e+03	3.72839569e+02
0.2475	4.53164485e+03	5.83716340e+02	3.57726171e+02
0.2525	4.29076354e+03	4.95640309e+02	-5.51098126e+01
0.2575	4.17563525e+03	9.50369403e+02	3.21539646e+02
0.2625	4.10068473e+03	3.92267575e+02	6.48742400e+02
0.2675	3.98681963e+03	8.53338527e+02	2.44657512e+02
0.2725	3.74708226e+03	2.70895378e+02	4.11791802e+02
0.2775	3.48518390e+03	1.20261796e+02	-6.86896256e+01
0.2825	3.53965880e+03	3.81864468e+02	1.79558909e+02
0.2875	3.56492826e+03	6.65285292e+02	2.53915395e+02
0.2925	3.39861475e+03	1.98798511e+02	4.72177844e+02
0.2975	3.20710002e+03	3.48535414e+02	4.34701894e+02
0.3025	3.20464305e+03	2.10783034e+02	6.85541090e+01
0.3075	3.15077417e+03	1.87671881e+02	2.37377382e+02
0.3125	2.96515457e+03	1.50807994e+02	-2.39037817e+00
0.3175	2.96944340e+03	1.49501094e+02	3.07784205e+02
0.3225	2.83047897e+03	3.97614790e+01	2.64985640e+02
0.3275	2.76865422e+03	-3.35904078e+02	2.67675580e+02
0.3325	2.64444225e+03	6.38967451e+01	3.07106813e+02
0.3375	2.60554678e+03	-1.05921628e+02	2.43087610e+02
0.3425	2.49751149e+03	-1.39215293e+02	1.04848881e+02
0.3475	2.53251550e+03	-1.94022837e+02	7.86267405e+01
0.3525	2.53674561e+03	-1.42834196e+02	4.35811254e+02
0.3575	2.27217395e+03	-4.28054701e+01	2.13834487e+02
0.3625	2.39174778e+03	-2.90394159e+02	3.13423477e+02
0.3675	2.22131183e+03	-2.68165154e+02	5.19657792e+00
0.3725	2.27494469e+03	-1.32690379e+01	1.89256847e+02
0.3775	2.07206700e+03	-2.96031609e+02	2.05487273e+02
0.3825	2.12660681e+03	-2.47128876e+02	4.19599138e+02
0.3875	2.02442540e+03	-1.45038262e+02	4.41561120e+02
0.3925	1.99172278e+03	-2.16046883e+02	1.94471720e+02
0.3975	2.00100640e+03	-2.94909052e+02	2.71956233e+02
