####### Power Spectrum of Patchy Simulation 1575 #############
# Patch: ngc
# z-type: z1
# Weights: fkp
# Fiducial Omega_m: 0.310
# Fiducial h: 0.676
# Forward-model pixellation : 0
# Rando n-bar: 0
# Boxsize: [1350.0, 2450.0, 1400.0]
# Grid: [193, 353, 200]
# k-binning: [0.000, 0.410, 0.005]
# Monte Carlo Simulations: 100
#
# Format: k | P0 | P2 | P4
############################################
0.0125	9.03763645e+04	4.53092913e+04	2.87640560e+04
0.0175	9.66225254e+04	1.82332222e+04	-7.46036972e+04
0.0225	8.06813914e+04	-9.40417122e+03	-6.05020128e+04
0.0275	5.19587908e+04	3.44749352e+04	-2.05367330e+03
0.0325	6.31462742e+04	3.46983682e+04	2.41369249e+04
0.0375	4.71008469e+04	2.99812524e+04	6.64998622e+03
0.0425	4.54224804e+04	2.09566973e+04	-6.66027761e+03
0.0475	3.79775018e+04	1.17540879e+04	6.29764593e+03
0.0525	3.81409742e+04	1.57275036e+04	9.24931894e+03
0.0575	3.31249299e+04	1.30756962e+04	-2.28150807e+03
0.0625	3.01439682e+04	1.33866423e+03	-5.58075272e+03
0.0675	2.93714247e+04	1.09294260e+04	3.56690594e+03
0.0725	2.77418518e+04	1.12061452e+04	5.67101209e+03
0.0775	2.81196255e+04	1.31893292e+04	2.10427237e+03
0.0825	2.40998768e+04	8.76290361e+03	-1.19475576e+03
0.0875	2.16369835e+04	1.00755581e+04	5.87149419e+03
0.0925	1.84825617e+04	4.30121592e+03	1.16750513e+03
0.0975	1.78479104e+04	6.33588746e+03	-3.11261868e+03
0.1025	1.72781737e+04	7.65424990e+03	2.42594308e+03
0.1075	1.56883725e+04	3.39917047e+03	5.84316850e+02
0.1125	1.54374965e+04	5.41081490e+03	3.76097092e+03
0.1175	1.45298840e+04	2.73273936e+03	-5.14767662e+02
0.1225	1.38408330e+04	4.59988240e+03	-1.53860521e+03
0.1275	1.37113380e+04	4.61296225e+03	1.96632910e+01
0.1325	1.17153292e+04	3.69022677e+03	8.71184544e+02
0.1375	1.18105092e+04	3.80533145e+03	-7.34517711e+02
0.1425	1.09170487e+04	4.01191041e+03	5.62180144e+02
0.1475	1.04215541e+04	2.14420742e+03	-1.75376759e+03
0.1525	9.89426937e+03	2.49992786e+03	1.05946864e+03
0.1575	9.53578457e+03	2.65816280e+03	1.32017841e+03
0.1625	8.82885532e+03	2.83647031e+03	4.17763804e+02
0.1675	8.26299239e+03	2.86236759e+03	5.67472614e+02
0.1725	7.98244932e+03	2.17449832e+03	-1.06855827e+02
0.1775	7.52113674e+03	2.40104935e+03	1.09577593e+02
0.1825	7.37346638e+03	1.99520931e+03	-1.99829829e+02
0.1875	7.11229667e+03	1.80739247e+03	6.76549027e+02
0.1925	7.04244776e+03	1.94421464e+03	2.01484321e+02
0.1975	6.65137066e+03	1.78776470e+03	3.48327706e+02
0.2025	6.38296389e+03	1.62402094e+03	3.54288075e+02
0.2075	5.93665325e+03	8.73466088e+02	4.61282571e+02
0.2125	5.89198451e+03	1.19171387e+03	1.98876090e+02
0.2175	5.56153307e+03	8.84779634e+02	-3.99697955e+01
0.2225	5.70998276e+03	1.33970588e+03	2.19401386e+02
0.2275	4.98621311e+03	1.01772280e+03	2.39681603e+02
0.2325	5.24292684e+03	1.03183460e+03	1.87326763e+02
0.2375	4.95521908e+03	6.16951471e+02	6.88142908e+02
0.2425	4.69906454e+03	6.78102348e+02	9.61671590e+00
0.2475	4.43163795e+03	1.21200561e+03	2.79569349e+02
0.2525	4.34730027e+03	4.36729072e+02	-1.04853748e+02
0.2575	4.24009361e+03	7.10670571e+02	4.12878689e+02
0.2625	4.16513642e+03	7.71939550e+02	3.91023484e+02
0.2675	3.91382501e+03	2.06474520e+02	-2.26726118e+02
0.2725	3.57404004e+03	3.86157822e+02	1.76072055e+02
0.2775	3.76339478e+03	3.95683925e+02	-4.17643766e+01
0.2825	3.64837359e+03	3.74509043e+02	1.93163723e+02
0.2875	3.43484707e+03	4.75078050e+02	6.04526283e+02
0.2925	3.47663304e+03	3.34536755e+02	3.89954268e+02
0.2975	3.31451652e+03	1.63584801e+02	1.85724848e+02
0.3025	3.19043052e+03	-6.96456389e+01	-1.69106089e+02
0.3075	3.22046838e+03	8.77489472e+01	-8.62365254e+01
0.3125	3.10690232e+03	1.36489867e+02	6.16862211e+02
0.3175	2.89842199e+03	9.93836643e-01	1.20187747e+01
0.3225	2.77763034e+03	-7.32218051e+01	2.78143905e+02
0.3275	2.80263196e+03	-7.89211245e+01	2.65281796e+02
0.3325	2.75906725e+03	-1.16240918e+02	7.43923102e+00
0.3375	2.66779983e+03	9.59222692e+01	-4.90916719e+01
0.3425	2.52701726e+03	-1.92823097e+02	-1.53396864e+02
0.3475	2.45818640e+03	1.20748153e+01	1.57196461e+02
0.3525	2.39705008e+03	-4.61921355e+01	3.14122914e+02
0.3575	2.39726601e+03	-1.04537045e+02	2.56508026e+02
0.3625	2.29423396e+03	-2.41543442e+02	3.46701202e+02
0.3675	2.24972451e+03	-1.48293357e+02	3.04770343e+02
0.3725	2.20047386e+03	-3.42350195e+02	-6.20394984e+00
0.3775	2.15120236e+03	-2.73572777e+02	2.11521093e+02
0.3825	2.00679017e+03	-1.60367765e+02	3.44829572e+02
0.3875	2.07173106e+03	-2.43071188e+02	3.80749276e+02
0.3925	1.99170645e+03	-3.79709090e+02	1.15010553e+02
0.3975	1.99172917e+03	-3.91589988e+02	1.12785910e+02
