####### Power Spectrum of Patchy Simulation 1022 #############
# Patch: ngc
# z-type: z1
# Weights: fkp
# Fiducial Omega_m: 0.310
# Fiducial h: 0.676
# Forward-model pixellation : 0
# Rando n-bar: 0
# Boxsize: [1350.0, 2450.0, 1400.0]
# Grid: [193, 353, 200]
# k-binning: [0.000, 0.410, 0.005]
# Monte Carlo Simulations: 100
#
# Format: k | P0 | P2 | P4
############################################
0.0125	5.42793768e+04	8.83551158e+03	1.22227906e+04
0.0175	9.90219883e+04	3.30492119e+04	-7.34233531e+03
0.0225	8.07368685e+04	4.26595895e+04	-5.81808030e+03
0.0275	6.22320077e+04	4.76331989e+04	3.75313375e+03
0.0325	5.67182573e+04	9.90315052e+02	3.40541832e+03
0.0375	5.24372852e+04	2.76656729e+04	1.58792499e+04
0.0425	4.64031737e+04	1.79755929e+04	4.40524645e+03
0.0475	4.27257125e+04	1.02147275e+04	8.40396010e+02
0.0525	3.44106427e+04	3.47599289e+03	-5.04631580e+03
0.0575	3.23230090e+04	1.59632460e+04	-1.43131421e+03
0.0625	3.46998879e+04	1.41853787e+04	3.52864622e+03
0.0675	3.13235021e+04	1.26354223e+04	5.05253617e+02
0.0725	2.85832704e+04	6.42173539e+03	-7.35284948e+03
0.0775	2.53842791e+04	9.05062348e+03	3.97435320e+03
0.0825	2.55956521e+04	1.03413571e+04	-2.71307144e+03
0.0875	2.01189805e+04	5.94246610e+03	-5.09381755e+03
0.0925	1.98530483e+04	6.75577538e+03	1.48108210e+03
0.0975	1.76371641e+04	4.71330212e+03	7.01381595e+02
0.1025	1.80472898e+04	6.87090548e+03	2.28882670e+03
0.1075	1.49087243e+04	7.22071997e+03	2.62349724e+03
0.1125	1.55810647e+04	4.29408502e+03	-5.40600963e+02
0.1175	1.31996055e+04	3.73356976e+03	1.32724748e+03
0.1225	1.39931210e+04	5.43731304e+03	1.25151353e+03
0.1275	1.21766706e+04	3.41288154e+03	-1.11970393e+03
0.1325	1.21477304e+04	3.53081417e+03	-7.91944234e+01
0.1375	1.17809393e+04	4.99460629e+03	1.63738486e+03
0.1425	1.06672322e+04	3.26747807e+03	-6.62176154e+02
0.1475	1.06252190e+04	3.13021592e+03	5.54565748e+02
0.1525	9.55635603e+03	3.41123348e+03	3.47965662e+02
0.1575	8.87848549e+03	1.68875280e+03	1.28572371e+03
0.1625	8.93235509e+03	2.51417281e+03	-3.38942833e+02
0.1675	8.33419764e+03	2.25209542e+03	9.88150915e+02
0.1725	7.95971897e+03	2.13333197e+03	9.00147060e+02
0.1775	7.85771248e+03	1.67671463e+03	1.06327373e+02
0.1825	7.50510615e+03	2.88254444e+03	2.41302679e+02
0.1875	7.10796677e+03	1.78390828e+03	7.89272957e+02
0.1925	6.61949975e+03	5.35809651e+02	-3.06696532e+02
0.1975	6.79320426e+03	1.64594321e+03	9.66395574e+02
0.2025	6.26998174e+03	1.93991074e+03	-1.00815461e+03
0.2075	6.29653092e+03	1.19978224e+03	-3.16575979e+02
0.2125	6.04210063e+03	9.33787354e+02	6.45230971e+02
0.2175	5.33232370e+03	7.42517890e+02	6.94955232e+01
0.2225	5.38458268e+03	1.03352690e+03	2.40790025e+02
0.2275	5.19314218e+03	1.05291645e+03	6.69173862e+02
0.2325	4.94406897e+03	8.25111415e+02	-4.37419095e+01
0.2375	4.64359602e+03	4.36874946e+02	8.12133797e+01
0.2425	4.75534257e+03	5.78274251e+02	3.47700513e+02
0.2475	4.52691816e+03	1.10604052e+03	1.71179805e+02
0.2525	4.37564701e+03	6.32461762e+02	1.32823540e+02
0.2575	4.20955450e+03	6.82329410e+02	7.57873106e+02
0.2625	4.10308529e+03	9.85829921e+02	-4.48699985e+01
0.2675	3.99080368e+03	2.78455531e+02	-3.83824625e+00
0.2725	3.80361321e+03	1.17587809e+02	2.09976956e+02
0.2775	3.83150369e+03	1.23115777e+02	3.45471473e+02
0.2825	3.59627910e+03	5.32266262e+02	1.32428734e+02
0.2875	3.44930779e+03	2.07667792e+02	-1.11383411e+02
0.2925	3.38001632e+03	2.31078622e+02	3.30786986e+02
0.2975	3.34477005e+03	1.87309003e+02	1.69641111e+02
0.3025	3.27735590e+03	7.93204541e+01	1.53835781e+02
0.3075	3.01946228e+03	-1.90421669e+02	3.41321541e+02
0.3125	3.00686728e+03	-4.88475532e+01	-2.28249219e+02
0.3175	2.89196353e+03	-3.75458925e+01	1.33634190e+02
0.3225	2.92865174e+03	2.41586321e+02	2.10423379e+02
0.3275	2.76666052e+03	-1.76373911e+02	1.38124087e+02
0.3325	2.72847422e+03	-2.57860342e+02	5.91001154e+01
0.3375	2.74315982e+03	-1.76688550e+02	3.31427181e+02
0.3425	2.42402360e+03	-1.03976473e+02	1.66175861e+02
0.3475	2.53620075e+03	-2.19047169e+02	8.82820503e+01
0.3525	2.40064120e+03	-3.49933935e+02	3.19838160e+02
0.3575	2.46845891e+03	-1.61337364e+02	4.03394972e+02
0.3625	2.32917460e+03	-1.01190535e+02	4.64051404e+02
0.3675	2.21728554e+03	-2.40503032e+01	3.07431881e+02
0.3725	2.24429168e+03	-1.85524720e+02	3.29583287e+02
0.3775	2.11040330e+03	-3.29107066e+02	2.91995330e+02
0.3825	2.08660547e+03	-4.29134039e+02	9.96815242e+01
0.3875	2.07392787e+03	-4.25658476e+02	5.62562465e+01
0.3925	1.96805185e+03	-2.25715734e+02	1.41945204e+01
0.3975	1.97256436e+03	-3.91018142e+02	2.37035681e+02
