####### Power Spectrum of Patchy Simulation 1045 #############
# Patch: ngc
# z-type: z3
# Weights: fkp
# Fiducial Omega_m: 0.310
# Fiducial h: 0.676
# Forward-model pixellation : 0
# Rando n-bar: 0
# Boxsize: [1800.0, 3400.0, 1900.0]
# Grid: [261, 500, 276]
# k-binning: [0.000, 0.410, 0.005]
# Monte Carlo Simulations: 100
#
# Format: k | P0 | P2 | P4
############################################
0.0125	7.10464729e+04	-1.47859083e+04	-5.75536988e+04
0.0175	6.47673767e+04	4.53520483e+04	-1.64607049e+04
0.0225	6.18576702e+04	6.53484355e+03	2.22482748e+04
0.0275	7.10470644e+04	1.02900098e+04	-3.41602442e+04
0.0325	4.57088538e+04	2.27609084e+04	6.58193297e+03
0.0375	5.31387053e+04	3.43469980e+04	-4.83200420e+03
0.0425	4.49436441e+04	9.21023990e+03	-2.00681590e+02
0.0475	3.68503813e+04	1.58637530e+04	-8.46276649e+03
0.0525	3.40486415e+04	1.51745384e+04	-2.47963123e+03
0.0575	3.11371586e+04	6.11014782e+03	-2.40297067e+03
0.0625	3.20681945e+04	1.60030293e+04	3.72712118e+02
0.0675	2.68697569e+04	6.69991761e+03	-1.13104430e+03
0.0725	2.65304002e+04	1.10287633e+04	2.10972868e+03
0.0775	2.25933187e+04	6.04893344e+03	-4.02274707e+03
0.0825	2.39066266e+04	1.02653192e+04	1.19227950e+03
0.0875	2.01385447e+04	6.20245175e+03	-2.17530779e+03
0.0925	1.79129914e+04	6.58925083e+03	2.75010633e+02
0.0975	1.76418024e+04	6.32769828e+03	2.05934792e+03
0.1025	1.60962420e+04	8.66970975e+03	1.15316582e+03
0.1075	1.33595706e+04	3.85305243e+03	1.75370794e+01
0.1125	1.41430230e+04	6.24110491e+03	2.45431691e+03
0.1175	1.35230382e+04	3.46002691e+03	-1.06766308e+03
0.1225	1.26283315e+04	4.65271527e+03	1.19962619e+03
0.1275	1.24371378e+04	3.90627378e+03	-8.18221714e+02
0.1325	1.16751672e+04	2.88535342e+03	1.15095956e+03
0.1375	1.07757166e+04	5.02339437e+03	2.02860555e+03
0.1425	1.03573230e+04	2.89436099e+03	3.71914200e+02
0.1475	1.00618082e+04	4.16740841e+03	-2.09296275e+02
0.1525	8.80240122e+03	2.89850284e+03	9.88581726e+02
0.1575	8.66242389e+03	3.98305587e+03	4.35806542e+02
0.1625	8.31770801e+03	2.23492696e+03	-7.84977463e+02
0.1675	7.43638110e+03	1.55384041e+03	1.52085696e+02
0.1725	7.64358067e+03	2.77397074e+03	-2.66194301e+02
0.1775	7.19848069e+03	2.09506871e+03	7.37295889e+02
0.1825	6.73374013e+03	1.36823267e+03	-1.35288254e+02
0.1875	6.90601637e+03	2.23487609e+03	-1.01660912e+02
0.1925	5.89914779e+03	1.61140191e+03	6.29850218e+02
0.1975	6.51205262e+03	2.25521154e+03	2.70635208e+02
0.2025	5.50821929e+03	5.20855668e+02	-5.28139416e+01
0.2075	5.95129040e+03	2.06660612e+03	7.26253804e+02
0.2125	5.28536931e+03	1.38128349e+03	-2.61929472e+02
0.2175	5.37011580e+03	1.33836848e+03	7.03227566e+02
0.2225	4.75475813e+03	7.90522760e+02	1.12042590e+02
0.2275	4.73468904e+03	1.70579748e+03	7.32653664e+02
0.2325	4.65872236e+03	6.92819431e+02	8.95156616e+01
0.2375	4.61508133e+03	4.63863756e+02	3.68887600e+02
0.2425	4.06339211e+03	8.77223701e+02	1.37214246e+02
0.2475	4.33509133e+03	1.05737792e+03	6.21723460e+02
0.2525	3.94553832e+03	3.61553923e+02	5.26762235e+02
0.2575	3.96925279e+03	6.87841516e+02	2.02330116e+01
0.2625	3.79392830e+03	4.80905084e+02	1.40595702e+02
0.2675	3.55916400e+03	2.70434717e+02	-2.63599249e+02
0.2725	3.44024303e+03	7.35029958e+02	1.61625766e+01
0.2775	3.37049674e+03	2.35292889e+02	3.48595543e+02
0.2825	3.47626955e+03	4.39183305e+02	3.80279411e+02
0.2875	3.15266298e+03	2.27931990e+02	8.50018006e+01
0.2925	3.23033856e+03	1.01863110e+03	5.90273800e+02
0.2975	2.95270805e+03	5.31507966e+01	2.41522265e+01
0.3025	2.91397748e+03	-3.16131902e+02	1.68384044e+02
0.3075	2.79834000e+03	5.90779132e+02	5.50648263e+02
0.3125	2.72706045e+03	7.84788754e+01	3.27295322e+02
0.3175	2.74159325e+03	4.22354438e+01	1.69259585e+02
0.3225	2.65730163e+03	-1.13391722e+02	3.98968404e+02
0.3275	2.52618490e+03	-4.99120744e+01	-1.95708044e+02
0.3325	2.52670768e+03	-2.08564150e+02	2.43724828e+02
0.3375	2.32034145e+03	-1.22041122e+02	4.54976228e+02
0.3425	2.45101062e+03	1.60703554e+02	1.42203680e+02
0.3475	2.10668584e+03	-6.09819948e+02	-1.32820090e+01
0.3525	2.37031925e+03	2.06536236e+02	3.05594075e+02
0.3575	2.20890683e+03	-1.17263290e+02	5.19617723e+02
0.3625	2.07172933e+03	-2.25016736e+02	2.83136068e+02
0.3675	2.13121360e+03	2.94495565e+01	5.52548449e+01
0.3725	1.89858453e+03	-2.24213481e+02	3.02796409e+02
0.3775	1.91931274e+03	-2.14900602e+02	3.08171819e+02
0.3825	1.91030107e+03	-4.23373550e+02	1.97683754e+02
0.3875	1.90172397e+03	-5.33356018e+01	3.31127911e+02
0.3925	1.81866848e+03	-4.22634439e+02	-1.19781609e+02
0.3975	1.85565032e+03	2.85430927e+02	3.82530629e+02
