####### Power Spectrum of Patchy Simulation 1578 #############
# Patch: ngc
# z-type: z1
# Weights: fkp
# Fiducial Omega_m: 0.310
# Fiducial h: 0.676
# Forward-model pixellation : 0
# Rando n-bar: 0
# Boxsize: [1350.0, 2450.0, 1400.0]
# Grid: [193, 353, 200]
# k-binning: [0.000, 0.410, 0.005]
# Monte Carlo Simulations: 100
#
# Format: k | P0 | P2 | P4
############################################
0.0125	7.32446430e+04	5.95595515e+04	2.92811490e+04
0.0175	9.41578771e+04	1.16730342e+04	2.26852843e+04
0.0225	8.67533581e+04	-1.21690398e+04	-1.36777855e+04
0.0275	5.53102820e+04	1.51742384e+04	7.36031541e+03
0.0325	6.23033920e+04	3.00212182e+04	2.46647688e+04
0.0375	5.15657637e+04	3.07908041e+04	2.81995387e+04
0.0425	4.02180734e+04	2.03355893e+04	-4.71332723e+03
0.0475	4.02354445e+04	1.74915562e+04	4.40466796e+03
0.0525	4.02885501e+04	1.28950721e+04	-3.85889903e+03
0.0575	3.44570020e+04	1.44723242e+04	2.73563352e+02
0.0625	3.37409426e+04	1.17900558e+04	-1.96905266e+03
0.0675	3.12465712e+04	7.38570389e+03	-3.36648229e+03
0.0725	2.92514496e+04	8.63932211e+03	1.04846224e+03
0.0775	2.46861639e+04	6.06394480e+03	2.31270861e+03
0.0825	2.35131970e+04	1.03839329e+04	5.82120645e+01
0.0875	2.30595154e+04	1.04557160e+04	3.82952958e+03
0.0925	2.13004007e+04	8.62090425e+03	4.25071834e+03
0.0975	1.84000725e+04	4.32790470e+03	-2.27405083e+03
0.1025	1.75722861e+04	5.26370704e+03	3.16860396e+01
0.1075	1.48060122e+04	2.95692103e+03	1.98669139e+03
0.1125	1.44401099e+04	4.92113063e+03	-4.53896444e+02
0.1175	1.48855474e+04	6.52137264e+03	1.39085004e+03
0.1225	1.32341763e+04	3.10061049e+03	-3.49643487e+01
0.1275	1.33328379e+04	3.29946384e+03	-5.32038409e+02
0.1325	1.26925155e+04	3.94342299e+03	1.00875616e+03
0.1375	1.12594781e+04	2.66708700e+03	-9.32429649e+02
0.1425	1.15259843e+04	3.57852540e+03	4.92433053e+02
0.1475	1.03349616e+04	3.24753155e+03	7.76037938e+02
0.1525	9.91769070e+03	3.14329272e+03	1.40325839e+03
0.1575	9.15492244e+03	2.83330004e+03	9.72222722e+02
0.1625	9.02550827e+03	3.06769955e+03	1.48694586e+02
0.1675	8.53592116e+03	1.99904160e+03	-9.38767027e+02
0.1725	8.10227368e+03	1.80641768e+03	-4.24369556e+02
0.1775	7.51466074e+03	1.65852938e+03	1.19393113e+03
0.1825	7.63249720e+03	1.76113072e+03	9.44406393e+01
0.1875	7.34119531e+03	1.19491944e+03	-3.94354767e+02
0.1925	6.63620296e+03	1.62098479e+03	5.77370854e+02
0.1975	6.67810805e+03	1.40283080e+03	-6.88599067e+01
0.2025	6.42569288e+03	1.39112895e+03	2.99993993e+01
0.2075	6.40801054e+03	1.81371366e+03	1.07337662e+03
0.2125	5.86689691e+03	1.32831709e+03	2.07672138e+02
0.2175	5.66254011e+03	1.41583021e+03	3.04484493e+02
0.2225	5.46722018e+03	8.72938964e+02	5.69330419e+01
0.2275	5.16904025e+03	1.06146062e+03	-1.72015574e+01
0.2325	4.98377173e+03	5.69207655e+02	5.65947067e+02
0.2375	4.82571242e+03	9.64831418e+02	8.77506437e+01
0.2425	4.74736495e+03	9.31532080e+02	6.72400496e+02
0.2475	4.57160185e+03	6.73496824e+02	1.38431342e+02
0.2525	4.44701886e+03	5.86342414e+02	-5.45042948e+01
0.2575	4.26926311e+03	5.49551347e+02	-2.32032132e+01
0.2625	4.11972195e+03	4.70512223e+02	-1.89651363e+01
0.2675	3.97167220e+03	5.68051932e+02	1.07145029e+02
0.2725	3.91506164e+03	9.95023551e+01	2.18501642e+01
0.2775	3.76212883e+03	5.07537180e+02	5.43216475e+02
0.2825	3.49618064e+03	4.39907038e+02	2.23482397e+02
0.2875	3.54361279e+03	4.85755066e+02	-2.14007789e+01
0.2925	3.43451148e+03	2.04894247e+02	1.72454830e+02
0.2975	3.36259332e+03	1.26776831e+02	2.14959996e+01
0.3025	3.17959711e+03	2.46117519e+01	-1.21836193e+02
0.3075	3.26786457e+03	1.53612192e+02	2.90825769e+02
0.3125	2.95145114e+03	-1.73094025e+02	3.72995429e+01
0.3175	2.86024833e+03	1.28887003e+02	2.32729828e+02
0.3225	2.80206680e+03	9.72923962e+01	3.61109410e+02
0.3275	2.79673235e+03	-2.04260794e+02	1.19271695e+02
0.3325	2.83839740e+03	-1.38905026e+02	4.00261015e+02
0.3375	2.66281419e+03	-6.82714680e+01	1.51885635e+02
0.3425	2.53762038e+03	-3.93924303e+01	1.57060105e+02
0.3475	2.45447500e+03	-2.60042835e+02	9.85165963e+01
0.3525	2.39810851e+03	-1.13745107e+02	2.63858287e+02
0.3575	2.42309069e+03	-2.24551599e+02	1.90805333e+02
0.3625	2.32901144e+03	-3.00809728e+02	1.41182939e+02
0.3675	2.12231908e+03	-1.11905465e+02	3.20274867e+02
0.3725	2.23668128e+03	-2.67147424e+02	2.65018565e+02
0.3775	2.18312806e+03	-4.83137150e+02	3.80094001e+02
0.3825	2.16479698e+03	-3.10950440e+02	2.92600284e+02
0.3875	2.00389247e+03	-3.72767602e+02	3.99335377e+02
0.3925	1.98493327e+03	-3.58505801e+02	1.85350036e+02
0.3975	2.09806754e+03	-3.03701940e+02	1.73866578e+02
