####### Power Spectrum of Patchy Simulation 508 #############
# Patch: sgc
# z-type: z3
# Weights: fkp
# Fiducial Omega_m: 0.310
# Fiducial h: 0.676
# Forward-model pixellation : 0
# Rando n-bar: 0
# Boxsize: [1000.0, 2600.0, 1500.0]
# Grid: [146, 384, 215]
# k-binning: [0.000, 0.410, 0.005]
# Monte Carlo Simulations: 100
#
# Format: k | P0 | P2 | P4
############################################
0.0125	6.54349378e+04	-5.32479755e+04	1.25573599e+04
0.0175	9.22161975e+04	-7.42428290e+04	3.97075595e+04
0.0225	6.15038795e+04	6.12849288e+03	-3.42506968e+04
0.0275	5.99613746e+04	3.86029041e+04	-3.64372295e+04
0.0325	6.21315890e+04	6.21156419e+03	-5.22629573e+04
0.0375	4.23191843e+04	1.36176778e+04	-2.49716303e+04
0.0425	5.06256064e+04	4.54999442e+04	2.55321929e+04
0.0475	3.98693347e+04	9.85033789e+03	-6.80355754e+03
0.0525	3.65940989e+04	-6.18485235e+02	-1.34958030e+04
0.0575	3.62595535e+04	2.11895230e+04	8.52435184e+02
0.0625	3.43490260e+04	2.57883285e+04	5.06818498e+03
0.0675	2.74933258e+04	-1.84748847e+03	-9.29539526e+03
0.0725	3.04639443e+04	2.10031676e+04	1.19313103e+04
0.0775	2.74970924e+04	1.27906370e+04	7.57482516e+03
0.0825	2.31535812e+04	7.53733841e+03	-1.31732287e+03
0.0875	2.04538258e+04	1.36343825e+04	1.53272300e+04
0.0925	1.94817044e+04	6.77705212e+03	-5.37582441e+03
0.0975	1.67010506e+04	2.81975115e+02	-1.33032289e+03
0.1025	1.86548829e+04	5.11351186e+03	7.10724129e+03
0.1075	1.55989580e+04	7.52241826e+03	3.07472372e+02
0.1125	1.53926874e+04	6.22052035e+03	2.81628580e+02
0.1175	1.43092685e+04	3.92018666e+03	-5.41129690e+02
0.1225	1.28365383e+04	2.34331581e+03	-2.95286240e+03
0.1275	1.46176456e+04	5.23112309e+03	1.89577891e+03
0.1325	1.21939250e+04	4.32738579e+03	1.01151912e+03
0.1375	1.15076443e+04	2.07725445e+03	-1.79413858e+03
0.1425	1.19192647e+04	2.66308408e+03	8.53688435e+02
0.1475	1.06593474e+04	9.16423017e+02	-3.09881343e+01
0.1525	1.02233971e+04	4.54455767e+03	-6.20958226e+02
0.1575	8.67058662e+03	3.44307074e+03	1.76802369e+03
0.1625	8.50711322e+03	2.98611157e+03	-5.84881275e+02
0.1675	8.43563639e+03	8.90965536e+02	-1.87232424e+02
0.1725	8.15012510e+03	3.63751050e+03	-4.45715604e+02
0.1775	7.06035788e+03	1.22320058e+03	-1.41989656e+03
0.1825	7.90288916e+03	2.04195584e+03	1.20966488e+03
0.1875	7.65235120e+03	1.82539093e+03	-3.30775799e+02
0.1925	6.68797427e+03	4.70696094e+02	-1.37891016e+02
0.1975	7.09813784e+03	1.58747641e+03	-1.03793120e+03
0.2025	5.87025717e+03	6.23686789e+02	-1.33064009e+00
0.2075	6.18508316e+03	6.74363431e+02	6.24288821e+02
0.2125	6.11764331e+03	5.56490983e+02	1.85683754e+02
0.2175	5.42754197e+03	6.94636044e+02	-6.48535066e+02
0.2225	5.92362731e+03	1.09376126e+03	5.76001220e+02
0.2275	5.40095665e+03	3.87311796e+02	-3.31200783e+02
0.2325	4.89693705e+03	1.21940525e+03	8.33867228e+02
0.2375	5.49697003e+03	7.31162053e+02	-1.28953720e+02
0.2425	4.39398585e+03	8.87388282e+02	4.74875119e+02
0.2475	5.23514779e+03	1.05199694e+03	-1.70379534e+01
0.2525	4.23809306e+03	7.86484822e+02	1.17053064e+03
0.2575	4.95178395e+03	7.37291005e+02	4.56598405e+02
0.2625	4.50997821e+03	1.18825031e+03	2.07410118e+02
0.2675	4.01987822e+03	4.52269049e+02	8.11868012e+02
0.2725	3.63213047e+03	-8.24243746e+02	2.52337564e+02
0.2775	4.02840122e+03	4.98751079e+02	1.45424685e+02
0.2825	3.86898146e+03	3.83519873e+02	1.07362382e+03
0.2875	3.84314117e+03	-5.38272118e+02	-3.97960259e+02
0.2925	3.65787681e+03	6.28354762e+02	1.08112068e+02
0.2975	3.26957937e+03	-4.08374189e+02	-4.49134250e+02
0.3025	3.49695493e+03	2.16535450e+00	-5.77863966e+01
0.3075	3.15938055e+03	4.83404183e+01	1.24676183e+03
0.3125	3.42641976e+03	-4.15558030e+02	-4.48094289e+01
0.3175	3.11886724e+03	1.94563354e+02	4.72348613e+02
0.3225	2.98448603e+03	-9.46037164e+01	1.92364425e+02
0.3275	2.91788960e+03	8.24637690e+02	2.24286942e+01
0.3325	3.04000965e+03	1.08643004e+00	5.38415695e+01
0.3375	2.70601096e+03	-1.08032668e+01	1.86714933e+02
0.3425	2.96937941e+03	6.51204970e+02	6.37666157e+02
0.3475	2.44982810e+03	-4.40610339e+02	1.77559755e+02
0.3525	2.87243633e+03	-1.00048095e+02	3.21989447e+01
0.3575	2.43403376e+03	-5.53681378e+02	-3.14202673e+02
0.3625	2.67677314e+03	3.40359678e+02	5.28848336e+02
0.3675	2.32872059e+03	-1.70289436e+02	6.02240637e+02
0.3725	2.43310716e+03	-2.04850177e+02	1.74913249e+02
0.3775	2.45976729e+03	-3.78353805e+01	4.80342026e+02
0.3825	2.44342654e+03	1.71732490e+01	3.84391976e+02
0.3875	2.14164850e+03	-7.58938166e+02	-6.61874633e+01
0.3925	2.23142814e+03	1.54042640e+02	8.59808243e+02
0.3975	2.28666673e+03	-3.51475181e+02	1.48712174e+02
