####### Power Spectrum of Patchy Simulation 419 #############
# Patch: sgc
# z-type: z3
# Weights: fkp
# Fiducial Omega_m: 0.310
# Fiducial h: 0.676
# Forward-model pixellation : 0
# Rando n-bar: 0
# Boxsize: [1000.0, 2600.0, 1500.0]
# Grid: [146, 384, 215]
# k-binning: [0.000, 0.410, 0.005]
# Monte Carlo Simulations: 100
#
# Format: k | P0 | P2 | P4
############################################
0.0125	6.61246043e+04	6.25620597e+04	4.90268420e+04
0.0175	7.16019256e+04	-1.17558025e+04	-3.32461018e+03
0.0225	6.09617562e+04	-5.21267482e+03	-7.16275933e+04
0.0275	7.44590747e+04	3.32300366e+04	5.48962690e+04
0.0325	7.32700755e+04	7.43962272e+04	4.49046756e+04
0.0375	3.97505140e+04	2.62240656e+02	-9.08480175e+03
0.0425	3.94633041e+04	4.26164428e+04	2.04718798e+04
0.0475	4.06201052e+04	8.53592534e+03	-2.66885963e+04
0.0525	3.64699248e+04	2.49101418e+04	4.52823190e+03
0.0575	3.79783977e+04	1.47419531e+04	5.49957914e+03
0.0625	3.05218579e+04	6.95029919e+03	4.62812281e+03
0.0675	3.20167281e+04	1.87314869e+04	8.33438754e+02
0.0725	2.55518193e+04	5.68708001e+03	-2.93447759e+03
0.0775	2.67169891e+04	1.23072302e+04	-1.43470367e+03
0.0825	2.37465934e+04	7.09841258e+03	6.17589155e+02
0.0875	2.27773502e+04	1.17636004e+04	6.35243261e+03
0.0925	2.14350070e+04	4.55683544e+03	-4.81619372e+03
0.0975	1.73852551e+04	7.94987385e+03	2.64561022e+03
0.1025	1.68983320e+04	3.03950012e+03	3.35691971e+03
0.1075	1.55424238e+04	3.59912474e+03	-3.69903808e+03
0.1125	1.46368969e+04	2.73156154e+03	4.56879118e+02
0.1175	1.51052368e+04	4.63358031e+03	5.31148578e+03
0.1225	1.41762354e+04	6.39720071e+03	-1.73343180e+03
0.1275	1.24704420e+04	3.16537052e+03	-1.26725116e+03
0.1325	1.34467816e+04	5.18180416e+03	1.88176747e+03
0.1375	1.07579364e+04	6.81746985e+02	-4.32244240e+02
0.1425	1.20038514e+04	4.84384378e+03	1.80036906e+01
0.1475	1.12623471e+04	4.73251864e+03	-7.25629594e+02
0.1525	8.74840200e+03	1.55433034e+03	4.71773407e+02
0.1575	9.13142488e+03	2.53284753e+03	8.55245258e+02
0.1625	8.79791018e+03	2.83529404e+03	-9.81827882e+01
0.1675	8.20743593e+03	3.18694797e+03	1.27693415e+03
0.1725	8.59596057e+03	2.29436412e+03	-7.53509013e+02
0.1775	7.43163291e+03	6.01080980e+02	1.07514709e+03
0.1825	8.39441479e+03	2.92715605e+03	1.33812586e+03
0.1875	7.38221689e+03	1.77587573e+03	-6.77435945e+02
0.1925	7.06771485e+03	8.12011334e+02	1.16251880e+03
0.1975	6.86074685e+03	9.52894267e+02	-8.08993625e+02
0.2025	6.56514659e+03	2.48010331e+03	1.16761571e+03
0.2075	6.01118997e+03	1.49582141e+03	1.04673414e+03
0.2125	5.78786790e+03	1.12462808e+03	-4.02789214e+02
0.2175	5.54646401e+03	8.63061241e+02	-7.39744230e+02
0.2225	5.82161141e+03	1.89501038e+03	1.22695716e+03
0.2275	5.01343149e+03	2.68518171e+02	-9.03925260e+02
0.2325	4.98165950e+03	4.14634532e+02	-6.69820292e+02
0.2375	5.24999535e+03	1.35695912e+03	6.78999324e+02
0.2425	4.67918210e+03	1.30407848e+03	1.22064568e+03
0.2475	4.75443104e+03	8.11702341e+02	-7.26618046e+00
0.2525	4.73753783e+03	1.43478070e+03	2.66386995e+02
0.2575	4.22455023e+03	7.89516098e+02	1.78205387e+02
0.2625	4.44580306e+03	1.46395214e+03	5.13061889e+02
0.2675	4.08375779e+03	1.81353736e+02	-4.08786162e+02
0.2725	4.33954506e+03	3.38708526e+02	-2.39815689e+02
0.2775	3.61077935e+03	8.37169144e+02	4.36890480e+02
0.2825	3.77427498e+03	2.34257197e+02	-1.35539742e+02
0.2875	3.51857326e+03	-3.39311794e+02	-3.37111702e+02
0.2925	3.47512798e+03	7.72042702e+02	1.65988270e+02
0.2975	3.39953683e+03	4.45951640e+02	4.32390154e+02
0.3025	3.52564804e+03	-8.86583172e+01	3.78821093e+02
0.3075	3.04225336e+03	2.32638969e+01	2.17027761e+02
0.3125	3.15932023e+03	5.36951452e+02	1.27144602e+02
0.3175	3.03434874e+03	-2.24924140e+02	-3.08763347e+02
0.3225	3.08903114e+03	-1.66184602e+02	1.82517158e+02
0.3275	2.55938405e+03	-2.49798518e+02	3.56758221e+00
0.3325	3.08088144e+03	2.44064446e+02	1.28356692e+02
0.3375	2.69009057e+03	-2.01447910e+01	6.22911449e+02
0.3425	2.90908074e+03	-4.24485796e+02	3.07201717e+02
0.3475	2.40233572e+03	-1.04948002e+02	-2.93698739e+02
0.3525	2.49665442e+03	4.25967302e+01	-1.43799495e+02
0.3575	2.45032107e+03	-1.03554448e+02	6.38361147e+02
0.3625	2.45009459e+03	-5.95501567e+02	2.45093184e+02
0.3675	2.23882297e+03	2.46129029e+02	6.91007586e+02
0.3725	2.37229297e+03	-9.46168617e+02	2.68026015e+02
0.3775	2.28851232e+03	-7.09976366e+01	6.62701688e+02
0.3825	2.27274114e+03	4.15606859e+01	-6.23307271e+02
0.3875	2.15087653e+03	-6.24657059e+02	-1.18895209e+02
0.3925	2.34987268e+03	-5.95620515e+01	4.78569876e+02
0.3975	2.29668569e+03	-4.49035180e+02	-7.16204738e+01
