####### Power Spectrum of Patchy Simulation 332 #############
# Patch: ngc
# z-type: z3
# Weights: fkp
# Fiducial Omega_m: 0.310
# Fiducial h: 0.676
# Forward-model pixellation : 0
# Rando n-bar: 0
# Boxsize: [1800.0, 3400.0, 1900.0]
# Grid: [261, 500, 276]
# k-binning: [0.000, 0.410, 0.005]
# Monte Carlo Simulations: 100
#
# Format: k | P0 | P2 | P4
############################################
0.0125	4.34212989e+04	-6.85645491e+03	-2.91548758e+03
0.0175	7.07249451e+04	7.30810039e+04	4.50331238e+04
0.0225	6.65787281e+04	4.23969756e+04	-1.19625384e+04
0.0275	5.99936162e+04	1.18179819e+04	-2.62150845e+04
0.0325	5.58633227e+04	3.90417023e+04	2.60270260e+03
0.0375	4.91162188e+04	2.21355063e+04	1.94433705e+03
0.0425	3.76809702e+04	1.83284987e+04	-1.15824842e+04
0.0475	3.53586352e+04	7.42243437e+03	-6.25841158e+03
0.0525	3.86396495e+04	3.20474599e+04	8.86165599e+03
0.0575	3.26278794e+04	1.75500921e+03	-9.43216219e+03
0.0625	3.19666960e+04	2.46469084e+04	7.74187409e+03
0.0675	2.74970452e+04	7.01488470e+03	-4.44238672e+02
0.0725	2.78867424e+04	9.07006023e+03	-1.39681833e+03
0.0775	2.34932772e+04	1.38846367e+04	5.44609097e+03
0.0825	2.19943319e+04	6.59408605e+03	-3.73923095e+03
0.0875	1.98418331e+04	4.46867681e+03	7.63136061e+02
0.0925	1.78984187e+04	8.17874782e+03	9.82131267e+02
0.0975	1.80980693e+04	8.44963520e+03	1.71379962e+03
0.1025	1.46710107e+04	4.31921078e+03	3.25836419e+02
0.1075	1.49423590e+04	5.96882409e+03	9.90028139e+02
0.1125	1.49134536e+04	5.85188487e+03	7.72525367e+02
0.1175	1.20053071e+04	7.76496531e+02	-4.66384678e+02
0.1225	1.23779173e+04	5.10333494e+03	1.06160301e+03
0.1275	1.12667087e+04	3.52888475e+03	-1.62938001e+02
0.1325	1.20339891e+04	4.50985059e+03	4.84920274e+02
0.1375	1.10321273e+04	4.21800936e+03	1.80842344e+03
0.1425	1.00109024e+04	2.59962128e+03	-9.05428089e+02
0.1475	9.62247451e+03	2.51649507e+03	-1.21426815e+03
0.1525	8.90351148e+03	2.65587010e+03	2.42380325e+02
0.1575	8.94635366e+03	3.73223276e+03	3.34201958e+02
0.1625	7.60944545e+03	1.90022299e+03	-4.21464682e+02
0.1675	7.68727106e+03	1.06441629e+03	3.20630567e+02
0.1725	7.64606001e+03	2.51707216e+03	5.89635317e+02
0.1775	7.08874564e+03	1.28519570e+03	-1.01856897e+03
0.1825	7.01794894e+03	2.42134981e+03	5.85813128e+02
0.1875	6.45149679e+03	2.03986605e+03	1.29829348e+03
0.1925	6.23080861e+03	1.07255942e+03	-8.01615643e+02
0.1975	6.52407555e+03	2.51011420e+03	1.19726370e+03
0.2025	5.53038661e+03	6.78659935e+02	1.92776778e+02
0.2075	5.70891558e+03	1.50707608e+03	1.00232959e+02
0.2125	5.35546458e+03	1.05097357e+03	1.65355146e+01
0.2175	5.30206342e+03	9.75085049e+02	5.03686366e+02
0.2225	4.84465255e+03	9.65407176e+02	-2.37362634e+02
0.2275	4.73995120e+03	7.61132642e+02	-7.09291534e+02
0.2325	4.73686336e+03	1.20412892e+03	4.69621846e+02
0.2375	4.76755890e+03	9.88534063e+02	4.29799949e+02
0.2425	4.34724858e+03	6.76476135e+02	-4.57053797e+01
0.2475	3.92500939e+03	1.01809458e+02	-3.73702716e+02
0.2525	4.37858393e+03	1.27860371e+03	9.89275961e+02
0.2575	3.73523827e+03	-3.02787013e+01	-1.32816973e+02
0.2625	3.78363621e+03	4.75746427e+02	2.45209258e+02
0.2675	3.47444109e+03	1.14062915e+02	-1.97007075e+02
0.2725	3.80576476e+03	8.45072077e+02	4.39479203e+02
0.2775	3.38913868e+03	-5.68134523e+01	2.67135136e+02
0.2825	3.32955998e+03	6.05209354e+02	1.14673166e+02
0.2875	3.20591374e+03	5.09258346e+02	6.81361221e+02
0.2925	3.26125162e+03	-3.85914896e+02	-4.05116419e+02
0.2975	3.11027410e+03	5.14315426e+02	7.46604885e+02
0.3025	2.82336016e+03	-3.68110756e+02	-3.00458688e+02
0.3075	2.92029239e+03	3.74491242e+02	5.97806043e+02
0.3125	2.76984130e+03	-1.01743076e+02	-3.85521299e+01
0.3175	2.76740156e+03	5.41761923e+01	-1.57589368e+02
0.3225	2.68090707e+03	2.04368167e+02	8.46085683e+02
0.3275	2.40970254e+03	-2.82026213e+02	-5.03257313e+02
0.3325	2.54820064e+03	4.19117744e+02	4.35423979e+02
0.3375	2.38416610e+03	1.75141449e+02	4.59597654e+02
0.3425	2.34064234e+03	-7.57869165e+01	1.50715031e+01
0.3475	2.28497612e+03	-2.05506934e+02	6.82307473e+02
0.3525	2.21626499e+03	-2.01375149e+02	-1.08802987e+02
0.3575	2.22614409e+03	-1.71993495e+02	5.82683104e+02
0.3625	2.20709351e+03	-1.15662873e+00	5.44516705e+02
0.3675	2.03481613e+03	-4.80040946e+02	7.66166774e+01
0.3725	2.08192241e+03	-2.30754052e+01	6.74274364e+02
0.3775	1.95109489e+03	-5.78083856e+02	-3.08386716e+01
0.3825	1.91183469e+03	-7.13537096e+01	1.42625043e+02
0.3875	1.87189200e+03	-4.18139211e+02	5.97458068e+02
0.3925	1.80092462e+03	-4.79923341e+02	-2.35356366e+01
0.3975	1.92307157e+03	-7.16992474e+01	4.01603906e+02
