####### Power Spectrum of Patchy Simulation 1878 #############
# Patch: sgc
# z-type: z3
# Weights: fkp
# Fiducial Omega_m: 0.310
# Fiducial h: 0.676
# Forward-model pixellation : 0
# Rando n-bar: 0
# Boxsize: [1000.0, 2600.0, 1500.0]
# Grid: [146, 384, 215]
# k-binning: [0.000, 0.410, 0.005]
# Monte Carlo Simulations: 100
#
# Format: k | P0 | P2 | P4
############################################
0.0125	6.34427861e+03	-7.36679064e+04	6.96974680e+04
0.0175	8.56879428e+04	6.85436540e+04	-9.74537357e+04
0.0225	6.82524256e+04	4.19925100e+04	5.03873214e+03
0.0275	7.88376696e+04	-1.33506735e+04	3.76865016e+04
0.0325	5.85964547e+04	1.66926965e+04	-2.36371292e+04
0.0375	5.38675947e+04	9.22244403e+03	-2.43585114e+04
0.0425	3.74668346e+04	9.36122775e+03	-1.09044846e+04
0.0475	4.82889750e+04	4.40972051e+04	8.32523898e+03
0.0525	3.76670782e+04	7.31948831e+03	-4.95182231e+03
0.0575	4.02511899e+04	1.33863433e+04	-1.97769523e+02
0.0625	2.55179446e+04	-1.12209341e+02	-5.71581361e+03
0.0675	3.46619242e+04	2.28814896e+04	1.92547657e+02
0.0725	2.50726326e+04	7.07417113e+03	3.96908053e+03
0.0775	2.73672354e+04	5.51217859e+03	-3.44973841e+03
0.0825	2.58504875e+04	2.52661478e+03	-6.04324408e+03
0.0875	2.20237620e+04	6.92700460e+03	2.53508454e+03
0.0925	1.84989434e+04	6.54804447e+03	-4.24371927e+03
0.0975	1.96279223e+04	5.84444233e+03	-2.40601269e+03
0.1025	1.51903078e+04	8.46983486e+03	7.48504354e+03
0.1075	1.66129674e+04	3.24609335e+03	3.58889404e+03
0.1125	1.55958322e+04	1.06534302e+03	-1.86682303e+03
0.1175	1.36523750e+04	5.08253741e+03	2.77337422e+03
0.1225	1.41365686e+04	5.72676028e+03	-1.55242547e+03
0.1275	1.34631994e+04	3.46495711e+03	-1.66278374e+02
0.1325	1.28823571e+04	2.33574517e+03	1.26316399e+03
0.1375	1.18949036e+04	3.78180184e+03	-1.40312301e+03
0.1425	1.14914267e+04	3.24824847e+03	1.90992699e+03
0.1475	1.03305370e+04	2.55141998e+03	-1.52097068e+03
0.1525	1.05370552e+04	1.51758922e+03	-1.39145038e+03
0.1575	8.69793872e+03	1.52189499e+03	1.06167743e+03
0.1625	9.70211029e+03	2.78371129e+03	5.92449038e+02
0.1675	7.33222011e+03	1.86192381e+03	1.35281251e+03
0.1725	9.19175202e+03	3.04116074e+03	-8.36880728e+02
0.1775	8.32952661e+03	3.06243145e+03	-3.21453441e+02
0.1825	7.20018134e+03	1.20623941e+03	-2.40187743e+02
0.1875	7.26666489e+03	2.26977876e+03	1.99489865e+03
0.1925	7.14665099e+03	6.53341309e+02	4.79494468e+02
0.1975	6.73389059e+03	1.42439688e+03	1.95686161e+02
0.2025	6.42629121e+03	4.02209898e+02	-3.36019353e+02
0.2075	6.07552417e+03	9.89536234e+02	-7.91388257e+02
0.2125	6.58609644e+03	8.75371451e+02	5.83638463e+02
0.2175	5.76398125e+03	7.11535445e+02	-2.01099162e+02
0.2225	5.97851931e+03	7.27017345e+02	1.15640254e+03
0.2275	5.10652910e+03	1.42880066e+02	6.28450346e+02
0.2325	4.96534348e+03	1.20813819e+03	1.00862613e+03
0.2375	5.49262566e+03	3.38732441e+02	-1.66159257e+02
0.2425	4.97132153e+03	1.28161768e+03	5.19050254e+01
0.2475	4.90961977e+03	5.59320799e+02	3.78721879e+02
0.2525	4.81131342e+03	1.13779523e+03	1.24831838e+03
0.2575	4.29472202e+03	-9.10151786e+01	9.69153072e+02
0.2625	4.26574007e+03	2.22160579e+02	-9.54770789e+02
0.2675	4.12093382e+03	-6.12056261e+02	2.36620816e+02
0.2725	3.84705762e+03	2.46606928e+02	3.48350472e+02
0.2775	4.02584121e+03	7.58520437e+02	1.67017577e+03
0.2825	3.84515643e+03	-1.02933104e+02	-6.20312680e+01
0.2875	3.85031673e+03	-2.65563548e+01	5.55961429e+02
0.2925	3.76553185e+03	2.12200132e+02	-1.84368659e+02
0.2975	3.60051462e+03	1.38673101e+02	3.46665478e+02
0.3025	3.32525235e+03	3.65081284e+02	5.66493211e+02
0.3075	3.17649589e+03	-1.07145464e+02	3.24850886e+02
0.3125	3.20655663e+03	-3.47089694e+02	9.51591285e+01
0.3175	3.15317076e+03	-1.84461802e+01	7.02404484e+01
0.3225	3.21430577e+03	2.79963279e+02	5.66371964e+02
0.3275	3.20801151e+03	-6.46668975e+02	4.38086358e+02
0.3325	2.88639991e+03	-1.58357075e+02	6.84159141e+01
0.3375	3.01959429e+03	-7.49052229e+01	1.01408625e+02
0.3425	2.97649237e+03	-1.93784002e+02	2.32513693e+01
0.3475	2.56656078e+03	-3.83557705e+02	1.56712561e+02
0.3525	2.80332272e+03	-1.97117453e+02	-2.01035728e+01
0.3575	2.58111216e+03	-1.63898735e+02	3.58205162e+02
0.3625	2.61031542e+03	1.99587615e+02	6.69760773e+02
0.3675	2.39389143e+03	-4.93497989e+02	-9.65351108e+01
0.3725	2.50078633e+03	-4.82391922e+02	2.30866321e+02
0.3775	2.37442996e+03	-3.20973866e+02	-1.49920111e+02
0.3825	2.45285807e+03	-1.88308828e+02	6.93563222e+02
0.3875	2.34271957e+03	-2.29048842e+02	8.53336483e+02
0.3925	2.30416753e+03	-6.12977784e+02	-4.94400195e+02
0.3975	2.02611244e+03	-3.58890767e+02	3.24154251e+02
