####### Power Spectrum of Patchy Simulation 909 #############
# Patch: sgc
# z-type: z1
# Weights: fkp
# Fiducial Omega_m: 0.310
# Fiducial h: 0.676
# Forward-model pixellation : 0
# Rando n-bar: 0
# Boxsize: [1000.0, 1900.0, 1100.0]
# Grid: [146, 276, 161]
# k-binning: [0.000, 0.410, 0.005]
# Monte Carlo Simulations: 100
#
# Format: k | P0 | P2 | P4
############################################
0.0125	6.33725023e+04	1.01181782e+05	-9.49794601e+04
0.0175	8.04113281e+04	-5.48908516e+04	-3.58500688e+04
0.0225	5.89545787e+04	4.13403127e+04	4.99163813e+04
0.0275	6.01730949e+04	2.36174954e+03	-2.48978047e+04
0.0325	6.51894977e+04	6.57438177e+04	9.87512419e+04
0.0375	6.18643136e+04	3.77592616e+04	-3.67904855e+04
0.0425	3.11456932e+04	7.82187773e+03	9.44030887e+03
0.0475	3.99604006e+04	1.91638040e+04	5.08590680e+03
0.0525	4.04221614e+04	2.67583611e+04	5.94085134e+03
0.0575	3.70933706e+04	1.34174350e+04	-2.65029875e+02
0.0625	3.44892596e+04	1.58026763e+04	5.89787829e+03
0.0675	2.91549209e+04	9.03889691e+03	2.89011667e+03
0.0725	2.91095290e+04	5.64902158e+03	8.27608179e+02
0.0775	3.07258802e+04	1.35615685e+04	1.31277609e+04
0.0825	2.43292586e+04	8.86237669e+03	-1.45806686e+03
0.0875	1.98674741e+04	2.25232270e+03	-3.91572763e+02
0.0925	1.96762804e+04	5.05717971e+03	3.28770440e+03
0.0975	1.72503615e+04	8.29933401e+03	-1.26511019e+03
0.1025	1.74983050e+04	6.52772951e+02	2.44264368e+03
0.1075	1.46664539e+04	9.74960830e+03	4.10361448e+03
0.1125	1.43307961e+04	5.07655797e+03	-4.27060562e+03
0.1175	1.50998886e+04	5.72672921e+03	2.00274472e+03
0.1225	1.52078277e+04	2.61245725e+03	-2.27905583e+02
0.1275	1.07772538e+04	3.82696869e+03	-1.94421702e+03
0.1325	1.24569341e+04	3.84794649e+03	-1.33886149e+03
0.1375	1.15767354e+04	2.96200413e+03	-3.59015809e+02
0.1425	1.16189719e+04	2.47935294e+03	1.42581303e+03
0.1475	1.07456498e+04	8.15908298e+02	8.07997988e+02
0.1525	9.54743203e+03	2.83965165e+03	-2.44421205e+02
0.1575	9.23226299e+03	3.47717458e+03	2.54065456e+03
0.1625	8.54433179e+03	2.39253632e+03	-4.57268518e+01
0.1675	8.88039852e+03	3.44043443e+03	1.57383786e+03
0.1725	8.30377261e+03	2.98459771e+03	1.12124742e+03
0.1775	7.95293194e+03	2.67635157e+03	3.41223572e+02
0.1825	7.24593751e+03	1.23907502e+03	3.37946364e+02
0.1875	7.11681713e+03	3.37811502e+03	2.00337846e+03
0.1925	6.97982747e+03	3.52206890e+02	-6.69046266e+01
0.1975	6.56653650e+03	1.43495185e+03	4.15331801e+02
0.2025	6.23717011e+03	1.85170812e+03	5.01356058e+02
0.2075	5.61053923e+03	6.11325431e+02	-4.73031037e+02
0.2125	5.95465556e+03	6.71197198e+02	7.81535963e+02
0.2175	5.03212036e+03	1.01056287e+03	2.32332007e+01
0.2225	5.63945358e+03	6.61527182e+02	1.73647053e+02
0.2275	5.20878379e+03	2.35358459e+03	5.16833108e+02
0.2325	5.30394513e+03	5.16860747e+02	-7.92989772e+01
0.2375	4.67335000e+03	7.65406766e+02	-5.71384322e+02
0.2425	4.79398297e+03	1.15534934e+03	2.66283635e+02
0.2475	4.46275860e+03	9.70554439e+02	7.65397978e+02
0.2525	4.36384493e+03	2.47116790e+02	-6.35980060e+02
0.2575	4.26085662e+03	3.21441404e+02	5.49012273e+02
0.2625	3.77995184e+03	3.21424188e+02	5.95412756e+02
0.2675	3.81268224e+03	-6.69346576e+01	-7.83866843e+02
0.2725	3.93204864e+03	8.78769747e+02	2.32949621e+02
0.2775	3.40254479e+03	4.52881528e+02	-6.02903628e+01
0.2825	3.60624121e+03	1.65287077e+02	3.42336613e+01
0.2875	3.50578172e+03	2.42936714e+02	2.82439631e+02
0.2925	3.58611541e+03	-1.34410745e+02	4.17759208e+02
0.2975	2.99117106e+03	1.08100815e+02	3.44139624e+02
0.3025	3.21790755e+03	2.42695180e+02	-3.89843345e+02
0.3075	3.09185470e+03	1.10777695e+02	7.28715131e+02
0.3125	3.04339369e+03	3.13326508e+02	2.27379774e+02
0.3175	2.84321898e+03	-1.97337632e+02	4.54795589e+02
0.3225	2.87930110e+03	-1.95921121e+02	2.96657055e+02
0.3275	2.76349589e+03	-1.55125309e+02	-1.12245527e+02
0.3325	2.63289893e+03	-1.16562318e+02	2.28257459e+02
0.3375	2.65458463e+03	-1.74365591e+00	4.24966317e+01
0.3425	2.49775698e+03	-1.11313403e+02	-3.73878551e+01
0.3475	2.50508850e+03	-8.22031120e+01	7.01072587e+00
0.3525	2.35997250e+03	2.47809250e+02	5.91112044e+02
0.3575	2.40879416e+03	-5.39130656e+02	1.32730781e+02
0.3625	2.24805488e+03	1.87508747e+02	9.41808820e-01
0.3675	2.17510463e+03	-5.81171564e+02	6.11381659e+01
0.3725	2.12834951e+03	-1.18110339e+02	4.90268573e+02
0.3775	2.18195690e+03	-3.04767639e+02	6.78170683e+01
0.3825	2.03880653e+03	-2.82682550e+02	5.70760363e+02
0.3875	1.84623998e+03	-9.95315104e+01	2.20233987e+02
0.3925	1.85815711e+03	-4.79923622e+02	2.69595945e+01
0.3975	2.02194690e+03	-1.34286864e+02	1.25176414e+01
