####### Power Spectrum of Patchy Simulation 815 #############
# Patch: ngc
# z-type: z3
# Weights: fkp
# Fiducial Omega_m: 0.310
# Fiducial h: 0.676
# Forward-model pixellation : 0
# Rando n-bar: 0
# Boxsize: [1800.0, 3400.0, 1900.0]
# Grid: [261, 500, 276]
# k-binning: [0.000, 0.410, 0.005]
# Monte Carlo Simulations: 100
#
# Format: k | P0 | P2 | P4
############################################
0.0125	6.42526503e+04	7.67367771e+04	3.17845758e+04
0.0175	6.47818653e+04	-2.53183603e+02	-2.68764096e+04
0.0225	8.23389856e+04	8.04260963e+04	3.74696774e+04
0.0275	5.12538046e+04	2.14659765e+04	1.85885169e+04
0.0325	5.68849939e+04	2.10080699e+04	-1.13190242e+04
0.0375	5.24509021e+04	1.59968491e+04	-1.28376382e+04
0.0425	4.22034844e+04	1.71422983e+04	-2.76049554e+03
0.0475	3.81032516e+04	1.47494968e+04	-1.07933693e+03
0.0525	3.34532949e+04	1.16353484e+04	1.11575559e+04
0.0575	3.13881157e+04	1.37986502e+04	9.55997039e+03
0.0625	2.91863888e+04	1.22875620e+04	1.89115992e+03
0.0675	2.74953486e+04	1.20878593e+04	1.26879601e+03
0.0725	2.61699041e+04	5.75155631e+03	-3.83692803e+03
0.0775	2.30224443e+04	1.13565731e+04	5.15282428e+03
0.0825	2.43029340e+04	9.17282491e+03	1.13268031e+03
0.0875	2.02724544e+04	9.28097828e+03	3.99918469e+02
0.0925	1.72200459e+04	3.30828870e+03	-1.53362738e+03
0.0975	1.70913478e+04	8.94092219e+03	-1.32612848e+03
0.1025	1.43236304e+04	3.66719080e+03	7.63509823e+02
0.1075	1.50578757e+04	7.73615493e+03	2.52488397e+03
0.1125	1.45406304e+04	4.36578926e+03	-1.28361973e+03
0.1175	1.37967508e+04	5.24268299e+03	1.31712545e+02
0.1225	1.27931394e+04	4.33544819e+03	1.70765600e+03
0.1275	1.23970291e+04	5.94415266e+03	2.67847262e+02
0.1325	1.19149214e+04	4.08922644e+03	-1.29781320e+03
0.1375	1.02373888e+04	1.18722207e+03	-6.12823723e+02
0.1425	1.02749312e+04	4.92264686e+03	6.08164385e+02
0.1475	9.71829037e+03	4.06825895e+03	7.16889429e+02
0.1525	8.84461113e+03	2.00132588e+03	1.28217518e+02
0.1575	8.48672182e+03	2.72888240e+03	1.18556946e+03
0.1625	8.05713703e+03	2.46221283e+03	6.85021231e+01
0.1675	8.30235713e+03	4.09216872e+03	6.53239662e+02
0.1725	7.21979985e+03	2.22258449e+03	3.23533327e+02
0.1775	7.69987877e+03	2.75129115e+03	-1.78196883e+02
0.1825	7.00559847e+03	1.48121716e+03	1.91465566e+01
0.1875	6.63218554e+03	1.58354343e+03	1.42599923e+02
0.1925	6.29130392e+03	2.11440975e+03	-2.62695229e+01
0.1975	5.99518816e+03	1.29883236e+03	7.48501912e+02
0.2025	5.82164499e+03	1.54344188e+03	1.06288619e+03
0.2075	5.88167558e+03	4.84779219e+02	-6.32840716e+02
0.2125	5.12443315e+03	1.91074983e+03	1.02427806e+03
0.2175	5.37944441e+03	1.06731138e+03	-7.88116661e+01
0.2225	4.99343964e+03	7.53691248e+02	1.00385473e+02
0.2275	5.19359205e+03	1.69430789e+03	3.12205760e+02
0.2325	4.47640330e+03	5.37634550e+02	6.55642368e+02
0.2375	4.76244985e+03	9.76995109e+02	8.24471036e+00
0.2425	4.44487324e+03	1.09954626e+03	1.45107413e+03
0.2475	4.14925132e+03	-3.64397559e+01	-5.79372162e+02
0.2525	4.30136573e+03	1.36574654e+03	9.29586924e+02
0.2575	3.70811650e+03	1.04639072e+02	-2.94406289e+02
0.2625	3.80352475e+03	9.60290538e+02	4.06135377e+02
0.2675	3.94196224e+03	2.98310106e+02	-3.01308785e+02
0.2725	3.41674924e+03	2.78777558e+02	1.05488061e+02
0.2775	3.53202353e+03	7.95202592e+02	3.39754172e+02
0.2825	3.23676197e+03	2.83765341e+02	4.23038800e+02
0.2875	3.23605951e+03	3.37973504e+02	4.62558505e+01
0.2925	3.15480596e+03	6.98847950e+02	2.91320244e+02
0.2975	3.07614890e+03	5.83070273e+02	6.69115635e+02
0.3025	2.81165669e+03	-1.77424846e+02	-3.24663061e+02
0.3075	2.96119924e+03	5.27630619e+02	7.72176749e+02
0.3125	2.72202001e+03	-1.89490522e+02	-8.21569893e+01
0.3175	2.92664905e+03	2.65515998e+02	1.61315143e+02
0.3225	2.56925579e+03	-3.85085147e+02	1.34182196e+02
0.3275	2.66149666e+03	3.59094601e+02	5.42501017e+02
0.3325	2.56765152e+03	2.06534852e+02	2.19699070e+02
0.3375	2.43167658e+03	-2.71949174e+02	2.76799677e+02
0.3425	2.31630220e+03	1.52255875e+02	6.04348465e+02
0.3475	2.50986457e+03	2.94575565e+01	8.97619906e+00
0.3525	2.02472313e+03	-4.20597384e+02	4.73254224e+01
0.3575	2.31047458e+03	1.44865833e+02	2.48696460e+02
0.3625	2.05932330e+03	-3.61565632e+02	3.23632064e+02
0.3675	2.14794795e+03	-2.61842793e+02	3.39473211e+02
0.3725	1.88914325e+03	-1.99978033e+02	1.88265232e+02
0.3775	1.99735026e+03	-4.24390043e+01	5.13224279e+02
0.3825	1.86506119e+03	-2.00079000e+02	2.94591679e+02
0.3875	1.95268051e+03	-9.67783962e+01	3.07294847e+02
0.3925	1.77809361e+03	-4.68495932e+02	1.49625987e+02
0.3975	1.92445721e+03	1.00464883e+02	4.56366077e+02
