####### Power Spectrum of Patchy Simulation 1994 #############
# Patch: sgc
# z-type: z1
# Weights: fkp
# Fiducial Omega_m: 0.310
# Fiducial h: 0.676
# Forward-model pixellation : 0
# Rando n-bar: 0
# Boxsize: [1000.0, 1900.0, 1100.0]
# Grid: [146, 276, 161]
# k-binning: [0.000, 0.410, 0.005]
# Monte Carlo Simulations: 100
#
# Format: k | P0 | P2 | P4
############################################
0.0125	5.37086685e+04	-1.08473196e+03	3.62307460e+04
0.0175	5.63150186e+04	9.00956073e+03	-7.90917678e+04
0.0225	9.43411942e+04	7.62201202e+04	4.22938054e+03
0.0275	7.21295274e+04	-5.02943834e+03	-4.29471183e+04
0.0325	5.54040423e+04	4.30574267e+04	-2.74165714e+04
0.0375	5.00871520e+04	1.55583480e+04	6.02670767e+03
0.0425	4.15602990e+04	4.23599393e+04	7.33170950e+03
0.0475	4.30699441e+04	5.86657488e+03	-4.43990184e+03
0.0525	2.57160852e+04	1.57906908e+04	1.38952411e+04
0.0575	4.56805624e+04	1.32343361e+04	1.14889383e+03
0.0625	2.93922020e+04	1.73870516e+04	1.81457258e+03
0.0675	3.26436100e+04	5.72884056e+03	-9.25641019e+03
0.0725	2.23403214e+04	5.50217752e+03	7.13214966e+03
0.0775	2.40106815e+04	1.20666294e+04	-1.30876473e+03
0.0825	2.39762471e+04	2.53884693e+03	-6.69453849e+03
0.0875	2.18243409e+04	9.60267226e+03	1.98741250e+03
0.0925	2.04967462e+04	1.22290237e+04	8.98334339e+03
0.0975	1.76194333e+04	5.56119250e+03	-4.92506817e+02
0.1025	1.86166104e+04	9.89510133e+03	2.07615230e+03
0.1075	1.35573358e+04	6.29539316e+03	-1.06349567e+03
0.1125	1.43199109e+04	8.85626755e+03	3.78017274e+03
0.1175	1.32969813e+04	5.70837596e+03	4.37765350e+02
0.1225	1.26590887e+04	2.79015343e+03	4.95708525e+02
0.1275	1.43361100e+04	6.19063944e+03	1.72655925e+03
0.1325	1.18082585e+04	5.55032680e+03	-6.44736028e+02
0.1375	1.08669104e+04	3.25073036e+03	-2.32115205e+03
0.1425	1.11720362e+04	4.06919783e+03	1.18537513e+02
0.1475	9.70429491e+03	2.56981274e+03	6.88404711e+01
0.1525	9.55830621e+03	4.18585511e+03	1.14833965e+02
0.1575	8.69423568e+03	2.41284791e+03	2.93693283e+02
0.1625	8.90920132e+03	1.19261587e+03	-1.16563476e+03
0.1675	7.99934248e+03	4.40701873e+03	4.33071559e+03
0.1725	7.87568486e+03	3.21066078e+03	-4.23688123e+02
0.1775	7.02871318e+03	1.83166501e+03	4.71276236e+02
0.1825	7.13960111e+03	1.67484533e+03	-3.17702258e+02
0.1875	7.41252657e+03	2.02680035e+03	7.66392248e+02
0.1925	6.21572730e+03	1.90368041e+03	-8.82989281e+02
0.1975	6.73829401e+03	8.73065866e+02	8.31657949e+02
0.2025	6.24222034e+03	1.11623812e+03	-4.30778874e+01
0.2075	6.00185904e+03	5.70664524e+02	9.22395153e+02
0.2125	5.57827884e+03	1.53017872e+03	3.45299775e+02
0.2175	5.06258271e+03	1.82767690e+03	-2.55122491e+02
0.2225	5.24329753e+03	1.34786525e+03	8.89429510e+02
0.2275	5.23525867e+03	2.30713590e+03	1.11397454e+03
0.2325	5.18114410e+03	1.34915594e+03	6.38453734e+02
0.2375	4.79911821e+03	6.71851388e+02	6.72108583e+02
0.2425	4.50845415e+03	7.75781016e+02	1.34141661e+02
0.2475	4.21325769e+03	6.57541898e+02	3.66846694e+02
0.2525	4.29607908e+03	8.45667237e+02	8.66009309e+02
0.2575	4.13037376e+03	8.66756684e+02	6.38636007e+02
0.2625	3.91619019e+03	6.80017432e+02	2.16219898e+02
0.2675	3.89047770e+03	-5.64687196e+01	-2.42382665e+01
0.2725	3.65937336e+03	4.98365142e+02	3.91197596e+02
0.2775	3.58933531e+03	-2.72735735e+02	6.07534252e+02
0.2825	3.52243332e+03	2.00361019e+02	3.01590331e+02
0.2875	3.65172295e+03	7.07165797e+02	5.17522933e-01
0.2925	3.22110113e+03	1.61380415e+02	1.90505232e+01
0.2975	3.43849212e+03	4.19755783e+02	-3.95275861e+01
0.3025	3.13542053e+03	8.02926908e+01	1.57398832e+02
0.3075	2.89329326e+03	2.13786875e+02	5.03150922e+02
0.3125	2.80641239e+03	-1.63172351e+01	-1.70847126e+02
0.3175	2.71790617e+03	8.99999970e+01	4.87144233e+02
0.3225	2.77496438e+03	1.99537753e+02	4.42689729e+02
0.3275	2.55422338e+03	-2.06289588e+02	-3.61017604e+02
0.3325	2.66120889e+03	-1.24153242e+02	-8.95400577e+01
0.3375	2.58454903e+03	-3.80231562e+02	4.51076622e+02
0.3425	2.40397930e+03	5.23274447e+02	2.43580639e+02
0.3475	2.50809834e+03	-2.35278342e+02	5.60954822e+01
0.3525	2.31874223e+03	-2.47178224e+02	4.69779571e+02
0.3575	2.35067068e+03	-1.45962940e+02	-1.21667387e+02
0.3625	2.11452993e+03	-4.67347628e+02	1.72366696e+02
0.3675	2.16464444e+03	-3.48813005e+01	-1.02822050e+02
0.3725	2.02671306e+03	-1.26932251e+02	1.37308995e+02
0.3775	1.99823951e+03	-4.27582725e+02	4.12943570e+02
0.3825	2.11630722e+03	2.77037893e+01	2.32556378e+02
0.3875	1.95640028e+03	-2.79743114e+02	4.12469941e+02
0.3925	1.89905964e+03	-3.50835642e+02	5.05311023e+02
0.3975	1.86864636e+03	-2.50873596e+02	3.59709989e+02
