####### Power Spectrum of Patchy Simulation 345 #############
# Patch: sgc
# z-type: z1
# Weights: fkp
# Fiducial Omega_m: 0.310
# Fiducial h: 0.676
# Forward-model pixellation : 0
# Rando n-bar: 0
# Boxsize: [1000.0, 1900.0, 1100.0]
# Grid: [146, 276, 161]
# k-binning: [0.000, 0.410, 0.005]
# Monte Carlo Simulations: 100
#
# Format: k | P0 | P2 | P4
############################################
0.0125	3.75423314e+04	3.78678348e+04	-5.84747483e+04
0.0175	7.52015804e+04	-2.32516319e+04	-1.45115594e+04
0.0225	9.30959240e+04	-1.39405759e+04	-2.76558683e+04
0.0275	6.23813029e+04	3.32188899e+03	5.52105593e+03
0.0325	6.73080690e+04	4.94622604e+04	3.83457338e+04
0.0375	6.44368046e+04	-1.17135545e+04	3.65544864e+04
0.0425	4.70233648e+04	1.86651116e+04	6.64544897e+03
0.0475	4.14549523e+04	5.70195394e+03	-4.70743001e+03
0.0525	3.38971195e+04	5.91660499e+03	-5.88186296e+03
0.0575	3.65987895e+04	1.44724593e+04	-3.41294335e+03
0.0625	3.49138745e+04	1.91545070e+04	6.89583524e+03
0.0675	2.81767377e+04	1.31993077e+04	8.32750090e+03
0.0725	3.24053421e+04	1.82006040e+04	-2.51366888e+02
0.0775	2.71882858e+04	2.04283368e+04	4.71709263e+03
0.0825	2.33110169e+04	7.10753917e+03	-1.87841053e+03
0.0875	2.22213501e+04	7.95068605e+03	4.21611853e+02
0.0925	1.85809748e+04	7.44939602e+02	3.65696477e+03
0.0975	1.87704677e+04	6.64126598e+03	5.07384005e+03
0.1025	1.72182229e+04	7.33618283e+03	3.93103279e+02
0.1075	1.62579909e+04	5.37997456e+03	-6.21716136e+02
0.1125	1.53509954e+04	6.76805014e+03	-3.44602663e+02
0.1175	1.31632815e+04	8.46592329e+02	-3.47679279e+03
0.1225	1.39743348e+04	8.30372778e+03	-3.50454464e+03
0.1275	1.16900419e+04	4.73383383e+03	-6.01107313e+02
0.1325	1.42129504e+04	4.76650077e+03	1.27253966e+03
0.1375	1.25257395e+04	3.60608474e+03	-9.54294664e+01
0.1425	1.18248943e+04	4.42860139e+03	-1.27923505e+03
0.1475	1.08759926e+04	4.96088410e+03	1.09196593e+03
0.1525	9.56614833e+03	3.83155274e+03	9.80440309e+01
0.1575	9.51170764e+03	3.44093350e+03	-4.18814556e+02
0.1625	9.44330508e+03	2.17639332e+03	6.97802114e+02
0.1675	8.17865124e+03	3.17448909e+03	2.87368892e+02
0.1725	8.69595362e+03	3.55748709e+03	9.85230385e+01
0.1775	7.64584195e+03	1.77655335e+03	-7.26536429e+02
0.1825	6.82502307e+03	2.14093047e+03	-6.29646214e+02
0.1875	7.39606214e+03	1.76649985e+03	-1.79169814e+02
0.1925	7.20014867e+03	1.09114163e+03	-1.01321801e+03
0.1975	6.87462435e+03	1.99550065e+03	7.54454386e+02
0.2025	6.61440423e+03	2.23985969e+03	-5.31363271e+01
0.2075	6.11514618e+03	1.66832709e+03	-2.16443677e+02
0.2125	5.75520632e+03	1.12067125e+03	-8.20281175e+02
0.2175	5.72197484e+03	1.81555528e+03	-9.19459056e+02
0.2225	5.30129617e+03	5.27342683e+02	1.65572929e+02
0.2275	5.20355973e+03	1.53697679e+03	3.82384451e+02
0.2325	4.96953590e+03	1.56522618e+03	-3.75458858e+02
0.2375	4.93433637e+03	8.88095917e+02	6.40204725e+02
0.2425	4.91737256e+03	7.82846465e+02	5.22295707e+02
0.2475	4.45800251e+03	1.22311236e+03	6.48403077e+02
0.2525	4.61477973e+03	9.32841732e+02	1.77537376e+02
0.2575	4.12182110e+03	2.49043947e+02	7.07640877e+02
0.2625	4.17785125e+03	3.34564379e+02	7.71097028e+01
0.2675	4.15580591e+03	8.54629690e+02	-4.26230952e+02
0.2725	3.90530584e+03	3.06083527e+02	-4.07794301e+01
0.2775	3.66648737e+03	5.42365014e+02	2.75828124e+02
0.2825	3.65453080e+03	-9.06465862e+01	-6.42055250e+02
0.2875	3.59443816e+03	2.69840198e+02	1.36132328e+02
0.2925	3.20818278e+03	4.67653255e+02	2.10408440e+01
0.2975	3.27597323e+03	2.25992380e+02	6.37231473e+02
0.3025	3.27293672e+03	6.95189826e+02	2.81607885e+02
0.3075	3.11653484e+03	4.23977998e+02	5.88660360e+02
0.3125	3.09903939e+03	4.77961216e+01	1.51873824e+02
0.3175	2.67149120e+03	1.32358740e+02	3.58595242e+02
0.3225	3.03554297e+03	-2.04098984e+01	2.14429309e+02
0.3275	2.90676464e+03	7.14854889e+01	-7.06075335e+01
0.3325	2.56134440e+03	-3.60057310e+02	1.05337448e+02
0.3375	2.66441538e+03	1.28861298e+02	9.70132420e+00
0.3425	2.51197134e+03	-3.02261086e+02	2.83844053e+02
0.3475	2.42018983e+03	5.25193176e+01	1.54644740e+02
0.3525	2.61567329e+03	-4.63595205e+02	3.09118055e+02
0.3575	2.41364009e+03	-2.04970199e+02	5.15982482e+02
0.3625	2.21178670e+03	-1.74666732e+02	7.85426390e+01
0.3675	2.24355798e+03	1.80917406e+02	1.22068313e+02
0.3725	2.27250001e+03	-4.39624105e+02	4.99581418e+02
0.3775	1.98407562e+03	-2.06706039e+02	-1.27277019e+02
0.3825	2.23650790e+03	-1.54437049e+02	-8.94419018e+01
0.3875	2.06588371e+03	-1.74065549e+02	1.79411306e+02
0.3925	1.88607090e+03	-2.02311184e+02	-1.61097316e+02
0.3975	2.16647165e+03	-6.03081734e+02	2.37860408e+02
