####### Power Spectrum of Patchy Simulation 1552 #############
# Patch: ngc
# z-type: z3
# Weights: fkp
# Fiducial Omega_m: 0.310
# Fiducial h: 0.676
# Forward-model pixellation : 0
# Rando n-bar: 0
# Boxsize: [1800.0, 3400.0, 1900.0]
# Grid: [261, 500, 276]
# k-binning: [0.000, 0.410, 0.005]
# Monte Carlo Simulations: 100
#
# Format: k | P0 | P2 | P4
############################################
0.0125	6.44608290e+04	9.93599753e+03	5.48508056e+03
0.0175	6.51855465e+04	-3.96183425e+04	-2.21097540e+04
0.0225	8.64962656e+04	4.29527789e+04	5.97145095e+04
0.0275	6.32105864e+04	3.49119999e+04	-2.36831870e+04
0.0325	6.10651369e+04	5.38284283e+04	2.03659899e+04
0.0375	4.73810785e+04	2.24684373e+04	-1.65753115e+04
0.0425	4.78772537e+04	2.54943913e+04	-1.35686097e+04
0.0475	3.80252341e+04	2.24948253e+04	-2.42510932e+03
0.0525	3.17873638e+04	9.01080360e+03	-5.47207252e+03
0.0575	3.44731691e+04	1.57802592e+04	7.17367380e+03
0.0625	2.90498014e+04	1.06133770e+04	3.15346416e+03
0.0675	2.92195567e+04	1.10962907e+04	-6.64680326e+03
0.0725	2.81590255e+04	1.07678811e+04	-2.82926756e+03
0.0775	2.27218527e+04	1.01953779e+04	2.23328684e+03
0.0825	2.20599078e+04	4.51359958e+03	2.08126677e+03
0.0875	1.97527057e+04	9.26781696e+03	3.43516673e+03
0.0925	1.85492086e+04	6.15859249e+03	-2.31166131e+03
0.0975	1.66889198e+04	6.39395931e+03	2.24218631e+02
0.1025	1.57198427e+04	5.99753575e+03	7.59289681e+02
0.1075	1.41667146e+04	4.42352912e+03	1.31448711e+03
0.1125	1.35452844e+04	6.84252440e+03	3.16106389e+03
0.1175	1.29928621e+04	6.18645030e+03	2.37281732e+03
0.1225	1.24905456e+04	2.42438512e+03	2.27787630e+02
0.1275	1.25320825e+04	5.41693089e+03	2.44660577e+03
0.1325	1.17092823e+04	4.77795110e+03	-1.05608095e+03
0.1375	1.10186157e+04	2.36469398e+03	-1.48171985e+02
0.1425	1.01286613e+04	3.87400247e+03	1.49407605e+03
0.1475	1.02115697e+04	3.46048985e+03	-1.45157788e+02
0.1525	8.82514375e+03	1.19315904e+03	-1.48559698e+03
0.1575	8.85517906e+03	2.50571218e+03	8.64361183e+02
0.1625	7.83002632e+03	2.00520910e+03	2.65849444e+01
0.1675	7.91684726e+03	3.29875772e+03	1.68909972e+02
0.1725	7.53207850e+03	2.64824349e+03	-5.13449550e+02
0.1775	6.84661278e+03	1.48137686e+03	6.25524617e+02
0.1825	6.95805373e+03	3.02998157e+03	3.79333246e+02
0.1875	6.44270459e+03	1.66868325e+03	8.28005656e+02
0.1925	6.43612690e+03	1.35621256e+03	-1.15071888e+03
0.1975	5.96492927e+03	1.76321013e+03	8.54017555e+02
0.2025	5.97980154e+03	1.22503671e+03	2.88696173e+02
0.2075	5.65126025e+03	1.04848482e+03	-1.00085187e+01
0.2125	5.22357558e+03	1.37584405e+03	5.06593841e+02
0.2175	5.32297533e+03	9.32729906e+02	8.21637081e+02
0.2225	5.01701281e+03	1.37840398e+03	5.88597406e+02
0.2275	4.67380654e+03	7.50036193e+02	6.52936263e+02
0.2325	4.71158244e+03	1.52519242e+03	2.55517280e+02
0.2375	4.37319991e+03	1.00624592e+03	1.13503874e+02
0.2425	4.50688608e+03	1.07934117e+03	4.71297221e+02
0.2475	4.18548165e+03	9.19569633e+02	3.59880652e+01
0.2525	3.98514386e+03	6.59235560e+02	-3.74936697e+02
0.2575	3.97105880e+03	5.57998395e+02	3.00927176e+02
0.2625	3.69048002e+03	2.73243090e+02	1.96069170e+02
0.2675	3.80751182e+03	3.25860787e+02	3.35589121e+02
0.2725	3.49091877e+03	7.04312930e+02	2.64519443e+02
0.2775	3.40299351e+03	5.97481854e+02	-1.93782222e+02
0.2825	3.35700158e+03	7.05391459e+02	2.72613773e+02
0.2875	3.32307288e+03	3.56864806e+02	-5.68506263e+01
0.2925	2.99263060e+03	3.28326388e+02	4.73065829e+02
0.2975	3.14973819e+03	4.93866934e+02	7.24159174e+02
0.3025	2.88712015e+03	7.45241969e+01	-2.72960080e+02
0.3075	2.95626669e+03	4.86696962e+02	4.49776636e+02
0.3125	2.70359588e+03	-3.23508546e+02	3.44803978e+02
0.3175	2.64645324e+03	8.44696201e+01	-1.20087728e+02
0.3225	2.68718113e+03	2.59904070e+02	6.90533028e+02
0.3275	2.51693976e+03	-1.08744048e+02	2.17663717e+02
0.3325	2.53033352e+03	-1.84784679e+01	-7.95303362e+01
0.3375	2.40595126e+03	-6.39039276e+01	1.94602429e+02
0.3425	2.39672054e+03	-1.00432539e+02	-1.06748034e+02
0.3475	2.21486501e+03	-4.03388336e+02	2.84684019e+02
0.3525	2.33105337e+03	2.85565911e+02	3.38647639e+02
0.3575	2.08856824e+03	-3.09265730e+02	2.34480659e+02
0.3625	2.12925169e+03	1.96715722e+02	2.77789216e+02
0.3675	2.04594868e+03	-2.03217377e+02	1.20648152e+02
0.3725	1.97198365e+03	1.73720043e+01	3.44560072e+02
0.3775	1.84451587e+03	-2.78861461e+02	6.36190772e+01
0.3825	1.93280480e+03	-1.21928311e+02	2.86020998e+02
0.3875	1.77398968e+03	-1.57648583e+02	1.88138385e+02
0.3925	1.86395713e+03	-3.27983598e+02	2.05967554e+02
0.3975	1.81005103e+03	-6.99177121e+01	4.90343699e+02
