####### Power Spectrum of Patchy Simulation 1360 #############
# Patch: ngc
# z-type: z1
# Weights: fkp
# Fiducial Omega_m: 0.310
# Fiducial h: 0.676
# Forward-model pixellation : 0
# Rando n-bar: 0
# Boxsize: [1350.0, 2450.0, 1400.0]
# Grid: [193, 353, 200]
# k-binning: [0.000, 0.410, 0.005]
# Monte Carlo Simulations: 100
#
# Format: k | P0 | P2 | P4
############################################
0.0125	7.06957015e+04	-1.12295124e+04	-2.51698703e+04
0.0175	9.81644495e+04	5.77208705e+04	-9.60491433e+03
0.0225	6.77577078e+04	-3.24089115e+03	-3.32824016e+04
0.0275	6.92109577e+04	4.25675453e+04	1.35580512e+04
0.0325	5.86166115e+04	9.88718950e+03	-5.05608337e+03
0.0375	4.59635857e+04	1.08567870e+04	2.14367130e+02
0.0425	4.61177257e+04	2.82823134e+04	1.62694429e+04
0.0475	3.87868236e+04	1.77691261e+04	1.22015195e+03
0.0525	3.65470508e+04	1.32022730e+04	-5.58933344e+03
0.0575	3.42277390e+04	1.26071504e+04	6.14270879e+03
0.0625	3.25127208e+04	1.62721490e+04	-5.23189645e+03
0.0675	3.02311806e+04	1.29782076e+04	-7.80201623e+03
0.0725	3.01276099e+04	5.92537891e+03	1.27457297e+03
0.0775	2.59871639e+04	1.73913791e+04	3.58645028e+03
0.0825	2.43438643e+04	9.00627605e+03	-4.60275667e+03
0.0875	2.13448169e+04	8.29612817e+03	2.55360916e+03
0.0925	2.00735164e+04	1.04646020e+04	5.10234227e+02
0.0975	1.62513546e+04	4.84089088e+03	-5.71302894e+02
0.1025	1.67100091e+04	6.40876192e+03	-5.17178573e+02
0.1075	1.58318805e+04	7.01867982e+03	4.79111315e+02
0.1125	1.47226114e+04	3.31875870e+03	-1.97111244e+03
0.1175	1.46155074e+04	5.52167404e+03	-1.87200647e+02
0.1225	1.42025519e+04	6.39985166e+03	-1.11152493e+02
0.1275	1.27480509e+04	3.19658772e+03	-7.29642509e+02
0.1325	1.25169401e+04	4.37255528e+03	2.34802954e+03
0.1375	1.15754191e+04	3.20352368e+03	-3.54949353e+00
0.1425	1.17081578e+04	5.08577792e+03	1.63904690e+02
0.1475	9.87836210e+03	3.41188614e+03	-6.20676380e+02
0.1525	9.64717520e+03	3.39482872e+03	1.45703676e+03
0.1575	9.81820450e+03	3.28111260e+03	-5.82586232e+02
0.1625	8.44638201e+03	3.53475183e+03	-1.72852081e+02
0.1675	8.15675063e+03	2.17680052e+03	-4.10378383e+02
0.1725	8.17770348e+03	2.27720199e+03	4.91659924e+02
0.1775	7.55279377e+03	2.46470910e+03	-8.27860179e+01
0.1825	7.01912293e+03	1.98355425e+03	5.41684547e+01
0.1875	7.17621990e+03	2.13756054e+03	-2.09178715e+02
0.1925	6.58888497e+03	1.49946477e+03	-5.84858958e+01
0.1975	6.89422621e+03	2.02334063e+03	2.04097750e+02
0.2025	6.26784031e+03	1.02499344e+03	2.22530849e+02
0.2075	5.94216294e+03	1.20457521e+03	-2.02020085e+02
0.2125	5.81412623e+03	1.54525154e+03	6.12527823e+02
0.2175	5.47867317e+03	1.06246030e+03	4.59276975e+02
0.2225	5.42082847e+03	1.24058393e+03	2.20535696e+02
0.2275	5.10394756e+03	1.20278673e+03	6.79391469e+02
0.2325	4.87917886e+03	5.58034718e+02	3.40990755e+02
0.2375	4.90250995e+03	9.19438829e+02	3.80990256e+01
0.2425	4.82012166e+03	7.25277424e+02	-5.88010022e+01
0.2475	4.28797580e+03	7.60744101e+02	1.84090551e+02
0.2525	4.49927892e+03	7.59506527e+02	5.40692664e+02
0.2575	4.11840888e+03	8.45009038e+02	4.50350854e+02
0.2625	3.94183729e+03	6.28540490e+02	-1.20535375e+02
0.2675	3.91951257e+03	5.81368543e+02	2.01424719e+02
0.2725	3.76963796e+03	2.18963658e+02	1.35732665e+02
0.2775	3.63993267e+03	3.76643207e+02	-1.54993028e+02
0.2825	3.51645421e+03	5.23506779e+02	4.91692090e+02
0.2875	3.37802414e+03	4.11581977e+02	4.41952097e+02
0.2925	3.40619675e+03	2.60625486e+02	3.53125328e+02
0.2975	3.31532846e+03	1.03109897e+02	1.36647006e+02
0.3025	3.28762953e+03	1.53383331e+02	-8.22026547e+01
0.3075	3.13191901e+03	2.29664226e+00	2.81454775e+02
0.3125	2.86880923e+03	2.19516390e+02	4.09488262e+02
0.3175	2.87060961e+03	-1.39124942e+02	-1.61900153e+02
0.3225	2.77414018e+03	-2.18623210e+02	2.78683530e+02
0.3275	2.74926809e+03	2.42193277e+01	3.51030629e+02
0.3325	2.64030894e+03	3.09431564e+01	1.35014788e+02
0.3375	2.56678550e+03	-3.35147356e+01	-8.46437524e+01
0.3425	2.49412665e+03	-1.23471846e+02	1.03580606e+02
0.3475	2.37196088e+03	-3.40917878e+02	8.05163704e+01
0.3525	2.35775184e+03	8.69249260e+01	3.13737274e+02
0.3575	2.30098316e+03	-6.92291077e+01	3.83906493e+02
0.3625	2.27043793e+03	-2.87992238e+02	1.81070650e+02
0.3675	2.20007141e+03	-2.08312311e+02	3.62326346e+02
0.3725	2.19132165e+03	-2.65312452e+02	2.32461363e+02
0.3775	2.13339915e+03	-2.83467933e+02	3.39824656e+02
0.3825	1.99937647e+03	-2.26528622e+02	1.72440328e+02
0.3875	2.00281687e+03	-2.33981318e+02	2.99484174e+02
0.3925	1.92705033e+03	-2.24051517e+02	1.50696083e+02
0.3975	1.96264499e+03	-3.80903064e+02	-3.77378462e+01
