####### Power Spectrum of Patchy Simulation 288 #############
# Patch: ngc
# z-type: z1
# Weights: fkp
# Fiducial Omega_m: 0.310
# Fiducial h: 0.676
# Forward-model pixellation : 0
# Rando n-bar: 0
# Boxsize: [1350.0, 2450.0, 1400.0]
# Grid: [193, 353, 200]
# k-binning: [0.000, 0.410, 0.005]
# Monte Carlo Simulations: 100
#
# Format: k | P0 | P2 | P4
############################################
0.0125	5.35494045e+04	3.86473729e+04	9.37273247e+02
0.0175	8.02111894e+04	-1.91768481e+04	-3.47288237e+04
0.0225	9.35054825e+04	4.22734176e+04	-4.72236398e+03
0.0275	6.41735662e+04	1.52850016e+04	-5.12698435e+04
0.0325	5.37621234e+04	1.42988034e+04	-2.03822423e+04
0.0375	5.47767558e+04	1.95809039e+04	8.80285603e+03
0.0425	3.87810425e+04	1.64353100e+04	9.77617357e+03
0.0475	4.29916926e+04	1.29620394e+04	-7.63171629e+03
0.0525	3.59949189e+04	1.34679890e+04	2.56022719e+03
0.0575	3.37081550e+04	1.80207197e+04	-2.71863306e+03
0.0625	3.04301515e+04	1.62186685e+04	-3.54230984e+03
0.0675	3.43539036e+04	1.38879857e+04	-1.08750532e+03
0.0725	2.73570118e+04	5.19079032e+03	-2.28776666e+03
0.0775	2.64360172e+04	7.68504466e+03	-2.14642799e+03
0.0825	2.32198772e+04	4.96979333e+03	-2.72255923e+03
0.0875	2.16637335e+04	7.68030259e+03	9.35835088e+02
0.0925	1.95119162e+04	8.09756192e+03	7.40154826e+02
0.0975	1.78616499e+04	3.87097948e+03	-1.21094057e+03
0.1025	1.57661427e+04	6.83209480e+03	1.41134954e+03
0.1075	1.53784860e+04	8.90265012e+03	-1.17662267e+03
0.1125	1.54012539e+04	4.34799334e+03	-1.34774768e+03
0.1175	1.39920546e+04	4.13808369e+03	4.55932382e+02
0.1225	1.36107015e+04	3.79636849e+03	-1.73165350e+02
0.1275	1.28826417e+04	4.62234878e+03	-1.09999964e+02
0.1325	1.28977544e+04	3.24837528e+03	-1.16901705e+03
0.1375	1.10583204e+04	3.79594262e+03	1.40612615e+03
0.1425	1.16789419e+04	2.93653317e+03	7.79475863e+01
0.1475	9.99022623e+03	3.17849159e+03	-2.16306022e+01
0.1525	9.31540125e+03	2.60320944e+03	-3.80858124e+02
0.1575	9.22853229e+03	3.27050638e+03	2.30327662e+03
0.1625	8.81502489e+03	1.83674173e+03	-2.93309184e+01
0.1675	8.06743287e+03	2.60466869e+03	-6.81482821e+02
0.1725	8.15719831e+03	2.92662348e+03	3.14704081e+02
0.1775	7.97875781e+03	2.94346524e+03	1.19823906e+03
0.1825	7.35101466e+03	1.95565029e+03	2.77137268e+02
0.1875	7.06093710e+03	1.82044464e+03	4.04555030e+02
0.1925	7.11418613e+03	2.22924665e+03	-6.69415013e+01
0.1975	6.62426752e+03	1.98761937e+03	2.79839371e+02
0.2025	6.40682664e+03	1.24311020e+03	3.94346377e+02
0.2075	6.29037199e+03	1.47009175e+03	7.78915631e+02
0.2125	5.65585807e+03	1.05402493e+03	7.72542662e+02
0.2175	5.69228228e+03	1.11849380e+03	1.34321511e+03
0.2225	5.40361818e+03	1.50470777e+03	5.26318609e+02
0.2275	5.23690185e+03	1.23158735e+03	8.51373302e+02
0.2325	4.87789778e+03	8.75272268e+02	1.37338283e+02
0.2375	4.79740453e+03	8.05573894e+02	1.92774763e+02
0.2425	4.58358511e+03	8.17914457e+02	1.50736072e+02
0.2475	4.57421236e+03	7.53030245e+02	2.40238294e+02
0.2525	4.48731216e+03	3.36579608e+02	3.24433138e+02
0.2575	4.03948723e+03	4.56024388e+02	5.82588346e+01
0.2625	3.92545797e+03	6.61847083e+02	7.31706693e+01
0.2675	4.14514664e+03	5.01376560e+02	5.59414538e+02
0.2725	3.79254679e+03	7.06190704e+02	3.80464924e+02
0.2775	3.77913962e+03	4.93067968e+02	-2.77838483e+01
0.2825	3.63740028e+03	4.72344909e+02	1.08112677e+02
0.2875	3.50935262e+03	4.94023845e+02	3.48763808e+02
0.2925	3.47239181e+03	2.15316169e+02	1.79156214e+02
0.2975	3.23415952e+03	3.36635103e+02	3.41596226e+02
0.3025	3.14711997e+03	1.97684060e+02	4.79901409e+02
0.3075	3.01308706e+03	8.62723386e+01	2.36937300e+02
0.3125	2.96977420e+03	3.80841729e+02	4.12418377e+02
0.3175	2.79249715e+03	-2.19448692e+02	3.24371711e+02
0.3225	2.89816669e+03	1.45459663e+02	4.42369644e+02
0.3275	2.73176942e+03	-1.93317866e+02	3.46037796e+02
0.3325	2.62452604e+03	1.03435765e+02	2.19475450e+02
0.3375	2.63891385e+03	3.37985442e+00	4.12923442e+02
0.3425	2.49726016e+03	-1.66095068e+02	2.12065736e+01
0.3475	2.42460083e+03	-1.43638586e+02	1.07172930e+02
0.3525	2.37496441e+03	-3.72211692e+01	3.11904283e+02
0.3575	2.35904341e+03	-1.58866955e+01	2.47527871e+02
0.3625	2.28774968e+03	2.15261539e+01	-1.66365199e+01
0.3675	2.18806240e+03	-2.24019015e+02	4.17130315e+02
0.3725	2.21178321e+03	-1.70082561e+02	4.77201248e+01
0.3775	2.10714594e+03	-2.35428679e+02	1.76854334e+02
0.3825	2.28114223e+03	-2.01919289e+02	3.30486227e+02
0.3875	2.02401688e+03	-1.56336085e+02	3.57405886e+02
0.3925	2.03331983e+03	-2.93802818e+02	2.37184265e+02
0.3975	1.93257067e+03	-1.16558620e+02	2.50687529e+02
