####### Power Spectrum of Patchy Simulation 1223 #############
# Patch: ngc
# z-type: z3
# Weights: fkp
# Fiducial Omega_m: 0.310
# Fiducial h: 0.676
# Forward-model pixellation : 0
# Rando n-bar: 0
# Boxsize: [1800.0, 3400.0, 1900.0]
# Grid: [261, 500, 276]
# k-binning: [0.000, 0.410, 0.005]
# Monte Carlo Simulations: 100
#
# Format: k | P0 | P2 | P4
############################################
0.0125	5.49268240e+04	-2.62574651e+04	-8.50354299e+04
0.0175	7.47555659e+04	5.11556828e+04	1.03285655e+04
0.0225	8.08361865e+04	4.79286046e+04	3.39055756e+04
0.0275	4.90585611e+04	1.91887805e+04	-3.17468729e+04
0.0325	5.60270201e+04	3.04959575e+04	-1.89620085e+03
0.0375	4.40725965e+04	8.95663921e+03	-2.40618621e+04
0.0425	4.45051125e+04	1.76529602e+04	-2.15173261e+04
0.0475	3.83487952e+04	2.13754392e+04	6.44322048e+03
0.0525	3.22001879e+04	1.36823761e+04	-4.91247064e+03
0.0575	2.72713002e+04	5.09854873e+03	6.21237990e+02
0.0625	3.16416506e+04	9.56053564e+03	2.26996171e+03
0.0675	2.85048125e+04	1.38403640e+04	6.94109955e+03
0.0725	2.56553083e+04	8.16533732e+03	-1.17450945e+03
0.0775	2.46328449e+04	9.22489569e+03	-1.33320613e+03
0.0825	2.27261428e+04	1.19044485e+04	1.39357801e+03
0.0875	2.08921578e+04	9.17990050e+03	3.44845342e+03
0.0925	1.84031299e+04	8.02987779e+03	5.12238998e+02
0.0975	1.56358387e+04	4.37360451e+03	-6.75441823e+02
0.1025	1.58048699e+04	6.01905704e+03	2.22738618e+02
0.1075	1.40396430e+04	4.36549253e+03	1.42366861e+03
0.1125	1.40677866e+04	5.71877600e+03	1.26489090e+03
0.1175	1.26425023e+04	2.89152070e+03	-7.98261370e+02
0.1225	1.24259440e+04	4.03119390e+03	1.21999899e+03
0.1275	1.17158939e+04	2.50907185e+03	3.35418555e+02
0.1325	1.12749541e+04	3.95337965e+03	2.28836174e+02
0.1375	1.05243374e+04	3.45464133e+03	-7.53765178e+01
0.1425	1.06610479e+04	4.46719273e+03	-5.53902681e+02
0.1475	9.18656889e+03	2.54929141e+03	-4.26247666e+02
0.1525	9.17209590e+03	2.55542361e+03	-3.92075934e+02
0.1575	8.56378395e+03	2.88382601e+03	-2.25914048e+01
0.1625	8.02289283e+03	1.71520528e+03	9.55409673e+00
0.1675	7.89695504e+03	3.07214625e+03	8.78569002e+02
0.1725	7.31225048e+03	1.78149995e+03	-5.69166063e+02
0.1775	7.63284150e+03	2.63923980e+03	-5.51301873e+02
0.1825	6.57796552e+03	1.57235891e+03	1.10385949e+03
0.1875	6.72792331e+03	1.91881206e+03	4.13978305e+02
0.1925	6.31962959e+03	1.71509557e+03	-5.58781670e+02
0.1975	5.48954247e+03	6.85235906e+01	-2.00695205e+02
0.2025	5.98043598e+03	2.23631490e+03	5.53031905e+02
0.2075	5.57385621e+03	1.07666367e+03	4.34503267e+02
0.2125	5.24708431e+03	8.07111263e+02	6.88132452e+02
0.2175	5.09953574e+03	1.06361734e+03	4.98168270e+02
0.2225	4.78621265e+03	6.63556058e+02	2.78044292e+02
0.2275	4.76273953e+03	9.21031616e+02	2.11376942e+02
0.2325	4.52501999e+03	9.83793670e+02	-1.56638451e+02
0.2375	4.42011454e+03	1.25225572e+03	2.80126873e+02
0.2425	4.50356481e+03	1.89659621e+02	1.53134264e+02
0.2475	4.18717459e+03	1.05500298e+03	3.48472565e+02
0.2525	3.85933471e+03	5.31120173e+02	-3.56679677e+01
0.2575	3.96986946e+03	6.12238952e+02	4.70557989e+02
0.2625	3.85095449e+03	7.54759801e+02	-3.00060511e+01
0.2675	3.64698813e+03	5.47542923e+02	6.57534992e+02
0.2725	3.48762351e+03	3.70551148e+02	1.85238732e+02
0.2775	3.44624864e+03	7.51131065e+01	-1.60383160e+02
0.2825	3.40040770e+03	7.34493783e+02	7.02986594e+02
0.2875	3.20244349e+03	1.64163631e+02	-4.93407316e+01
0.2925	2.92955831e+03	-1.40477516e+02	6.37329014e+01
0.2975	3.04553136e+03	7.54449820e+01	8.58486158e+02
0.3025	2.89194248e+03	6.73786514e+01	-2.87341207e+01
0.3075	3.03115154e+03	4.93636924e+02	1.88872362e+02
0.3125	2.61642291e+03	-2.07939980e+02	1.47241657e+02
0.3175	2.92608877e+03	5.14324480e+02	2.63159269e+02
0.3225	2.57865781e+03	1.81219912e+02	3.24747787e+02
0.3275	2.41150036e+03	-4.30006537e+02	-1.56964972e+02
0.3325	2.52987903e+03	2.39441759e+02	1.65430555e+02
0.3375	2.42828337e+03	2.17101227e+01	3.61352690e+02
0.3425	2.20474549e+03	-4.27727873e+02	-1.45067722e+02
0.3475	2.39672889e+03	3.06944545e+02	5.83920317e+02
0.3525	2.14812811e+03	-3.63708735e+02	-8.69529263e+01
0.3575	2.16692368e+03	-1.74483806e+02	2.48895809e+02
0.3625	2.17865404e+03	4.25099099e+01	3.09870996e+02
0.3675	2.02981933e+03	-1.63275568e+02	6.75852994e+01
0.3725	1.89458041e+03	-3.58222186e+02	1.33627500e+02
0.3775	1.97091433e+03	6.78104683e+01	2.92534470e+02
0.3825	1.88922159e+03	-4.33045059e+02	1.76721672e+02
0.3875	1.81152817e+03	-1.41540977e+02	1.69075469e+01
0.3925	1.91785195e+03	-1.17282881e+02	3.29930964e+02
0.3975	1.73752301e+03	-1.68454384e+02	3.95838768e+02
