####### Power Spectrum of Patchy Simulation 642 #############
# Patch: sgc
# z-type: z3
# Weights: fkp
# Fiducial Omega_m: 0.310
# Fiducial h: 0.676
# Forward-model pixellation : 0
# Rando n-bar: 0
# Boxsize: [1000.0, 2600.0, 1500.0]
# Grid: [146, 384, 215]
# k-binning: [0.000, 0.410, 0.005]
# Monte Carlo Simulations: 100
#
# Format: k | P0 | P2 | P4
############################################
0.0125	4.03439956e+04	2.32026010e+04	-3.40306521e+04
0.0175	1.16186180e+05	7.45122570e+04	1.09075365e+05
0.0225	8.84918926e+04	8.46971261e+04	4.32301114e+04
0.0275	5.85419274e+04	-4.21521845e+03	-8.02691020e+04
0.0325	5.52657666e+04	4.61488903e+04	1.02363427e+04
0.0375	5.63509298e+04	9.92196358e+03	-3.48424504e+04
0.0425	4.68837149e+04	2.36245453e+04	1.62397429e+04
0.0475	3.94510067e+04	3.24391346e+04	-6.81619208e+03
0.0525	3.66029149e+04	1.71137256e+04	1.41215536e+03
0.0575	3.35399776e+04	1.54605197e+03	5.41013710e+03
0.0625	3.40649109e+04	2.32314085e+04	6.11213001e+03
0.0675	2.89867587e+04	1.06137774e+04	1.34797754e+03
0.0725	2.76978847e+04	9.60775287e+03	-1.09355414e+04
0.0775	2.78022405e+04	1.16442034e+04	-3.31682296e+02
0.0825	2.28722870e+04	8.64332416e+03	-9.28145738e+03
0.0875	2.30516917e+04	8.79713961e+03	1.23374539e+03
0.0925	2.25944438e+04	1.28574915e+04	-2.10555102e+03
0.0975	1.58604881e+04	3.22112916e+02	-4.69941133e+03
0.1025	1.65698534e+04	1.01968626e+04	5.15657958e+03
0.1075	1.70066776e+04	5.26756878e+03	-2.45359301e+02
0.1125	1.35738283e+04	4.11931785e+03	4.76794732e+03
0.1175	1.46014092e+04	8.01507532e+03	-1.57621487e+02
0.1225	1.40283002e+04	3.50584917e+03	4.14195279e+03
0.1275	1.28427833e+04	4.33011219e+03	2.56884785e+03
0.1325	1.16661089e+04	1.26357575e+03	4.43668240e+02
0.1375	1.22396867e+04	3.55759502e+03	-3.02693126e+03
0.1425	1.23454675e+04	4.59607123e+03	-5.20712778e+02
0.1475	1.05840564e+04	2.99475826e+03	2.93276352e+03
0.1525	1.01063189e+04	4.60809766e+03	1.86592443e+03
0.1575	9.60004829e+03	4.48787532e+03	2.10178518e+03
0.1625	9.03925606e+03	5.19957861e+01	-1.25149398e+03
0.1675	8.29067415e+03	2.60619125e+03	-5.29073449e+01
0.1725	8.36704538e+03	2.56678236e+03	-2.56685942e+02
0.1775	7.79429712e+03	2.06546383e+03	4.98346629e+02
0.1825	7.85346589e+03	1.52714937e+03	1.14242803e+03
0.1875	7.35545041e+03	9.65633419e+02	1.63453111e+02
0.1925	7.15669989e+03	1.94800374e+03	5.13653548e+02
0.1975	6.69931056e+03	1.09498438e+03	-1.29558068e+03
0.2025	6.85508468e+03	1.15255279e+03	4.78844017e+02
0.2075	6.19588803e+03	1.06540306e+03	1.93267714e+02
0.2125	6.29784926e+03	2.37021944e+03	1.09791605e+03
0.2175	5.95051146e+03	1.40722337e+03	-7.23525498e+02
0.2225	5.20628926e+03	1.03047466e+02	-1.66965434e+02
0.2275	5.47522288e+03	8.02129202e+02	-1.27959892e+03
0.2325	5.01575241e+03	1.93736721e+03	1.20718935e+03
0.2375	5.14830394e+03	1.02128621e+03	1.51739085e+03
0.2425	4.78343448e+03	2.92689115e+02	-3.25099892e+01
0.2475	5.02115212e+03	1.59204246e+03	8.91331700e+02
0.2525	4.42107496e+03	8.12700495e+02	-6.87478097e+02
0.2575	4.40947458e+03	3.65403635e+02	4.69529546e+02
0.2625	4.51330489e+03	5.25572827e+02	5.92205345e+02
0.2675	4.06529958e+03	-2.40738772e+02	2.91242122e+02
0.2725	4.20675828e+03	5.92827945e+02	6.14714410e+02
0.2775	3.97133354e+03	-8.78809448e+00	1.01963675e+03
0.2825	3.86402754e+03	4.66028992e+02	-5.08956335e+01
0.2875	3.63278984e+03	6.45315450e+02	1.96944661e+02
0.2925	3.60262708e+03	6.06649347e+02	3.33418298e+02
0.2975	3.10255809e+03	3.35022905e+02	5.88196052e+01
0.3025	3.49873226e+03	5.72295265e+02	7.80197537e+02
0.3075	3.29149325e+03	-2.85690993e+02	-1.81649027e+02
0.3125	3.24965300e+03	-7.26676291e+01	1.79625559e+02
0.3175	3.20867983e+03	-1.54828984e+02	4.23300719e+02
0.3225	3.10714593e+03	-2.84725416e+02	4.90864721e+02
0.3275	2.89426845e+03	-3.68831443e+01	2.81153711e+02
0.3325	3.01788364e+03	-3.71448618e+02	-2.50500559e+02
0.3375	2.53503469e+03	-7.39737894e+02	3.45117985e+02
0.3425	3.02209618e+03	5.29885490e+02	5.79248252e+01
0.3475	2.59769140e+03	-6.42521798e+02	4.40959133e+02
0.3525	2.75481416e+03	-1.35132910e+01	2.08664064e+02
0.3575	2.58600770e+03	1.19979067e+02	4.51586952e+02
0.3625	2.65435979e+03	-1.11510701e+02	-4.86696016e+02
0.3675	2.54786720e+03	-7.97967585e+02	-1.85985405e+02
0.3725	2.24273174e+03	4.89566176e+01	3.26657121e+02
0.3775	2.54056154e+03	-9.24021805e+01	3.80162819e+02
0.3825	2.26289911e+03	-3.40388692e+02	1.26228267e+02
0.3875	2.21748760e+03	-7.40262318e+02	-2.17394576e+02
0.3925	2.43142419e+03	4.14484517e+02	9.18181476e+01
0.3975	2.26217207e+03	-1.59896644e+02	4.51410721e+02
