####### Power Spectrum of Patchy Simulation 364 #############
# Patch: sgc
# z-type: z1
# Weights: fkp
# Fiducial Omega_m: 0.310
# Fiducial h: 0.676
# Forward-model pixellation : 0
# Rando n-bar: 0
# Boxsize: [1000.0, 1900.0, 1100.0]
# Grid: [146, 276, 161]
# k-binning: [0.000, 0.410, 0.005]
# Monte Carlo Simulations: 100
#
# Format: k | P0 | P2 | P4
############################################
0.0125	1.36052912e+05	1.43157889e+05	3.77343458e+04
0.0175	1.15509091e+05	-8.89055613e+04	-1.14932889e+05
0.0225	9.74302898e+04	8.16226713e+04	-6.03421705e+04
0.0275	5.70887767e+04	2.82956721e+04	-1.71986795e+04
0.0325	5.30646635e+04	2.18302796e+04	-1.94934205e+04
0.0375	7.50856403e+04	-1.10469213e+04	-1.54505836e+04
0.0425	4.22452878e+04	3.16503541e+04	-1.29252294e+04
0.0475	3.69046646e+04	7.12225066e+03	-8.49060233e+03
0.0525	4.86410623e+04	1.30378844e+04	-1.65259312e+04
0.0575	3.48526322e+04	1.68385541e+04	6.47062303e+03
0.0625	3.50821600e+04	4.39248354e+03	5.21656294e+03
0.0675	2.85121051e+04	9.04627560e+03	-1.25975894e+03
0.0725	3.25612252e+04	1.20642223e+04	-3.52813416e+02
0.0775	2.27247390e+04	6.45066478e+03	1.75171576e+03
0.0825	2.51244771e+04	6.57131544e+03	-1.69015861e+02
0.0875	2.17439680e+04	1.42529429e+03	-6.37911435e+03
0.0925	1.95073075e+04	1.39383981e+04	3.24961303e+03
0.0975	1.98844115e+04	4.80195464e+03	-1.42757224e+03
0.1025	1.44225624e+04	2.52159063e+03	-5.85198727e+02
0.1075	1.55018826e+04	4.00554846e+03	8.49814897e+02
0.1125	1.46565071e+04	4.98403634e+03	-1.68646789e+03
0.1175	1.58096969e+04	5.19172371e+03	-2.31340303e+03
0.1225	1.40669731e+04	7.83161222e+03	-1.11616914e+03
0.1275	1.38025306e+04	4.36076729e+03	1.14966586e+03
0.1325	1.22290996e+04	1.79647493e+03	-1.09905384e+03
0.1375	1.14226739e+04	5.39887383e+03	1.92859436e+02
0.1425	1.04413902e+04	5.31675751e+03	2.08171344e+03
0.1475	1.06927438e+04	4.48824718e+03	-2.63280872e+01
0.1525	1.01891208e+04	3.40422729e+03	-1.43874868e+03
0.1575	9.61478277e+03	2.19954338e+03	-5.86668268e+02
0.1625	8.57588146e+03	4.37343996e+03	1.62863717e+03
0.1675	8.66813877e+03	1.26001527e+03	-1.40614530e+03
0.1725	8.23816495e+03	1.33263607e+03	1.89928921e+03
0.1775	7.66567100e+03	2.90211324e+03	1.17046713e+03
0.1825	7.54903993e+03	2.62480626e+03	-5.78063400e+02
0.1875	7.57269040e+03	2.03343002e+03	-2.12845789e+02
0.1925	7.05285407e+03	1.64098352e+03	-3.63042753e+01
0.1975	6.55067502e+03	1.53389287e+03	8.33322862e+02
0.2025	7.00782936e+03	3.82387156e+02	1.54975315e+02
0.2075	6.20350130e+03	1.15970985e+03	4.25759691e+02
0.2125	6.23122320e+03	6.43768879e+02	9.35634686e+02
0.2175	5.26879954e+03	1.00999301e+03	-8.36104935e+01
0.2225	5.34471807e+03	9.96209283e+02	6.92068216e+02
0.2275	5.18721602e+03	2.12972165e+03	3.66790984e+02
0.2325	5.32068945e+03	1.40971755e+03	-1.22998365e+02
0.2375	4.68600183e+03	5.85227577e+02	4.49890124e+02
0.2425	4.89459241e+03	8.12136991e+02	3.56518722e+01
0.2475	4.35023826e+03	2.20371581e+02	-2.15679774e+01
0.2525	4.39410598e+03	8.07188200e+02	1.39207166e+02
0.2575	4.47162108e+03	6.74480650e+02	5.06897305e+02
0.2625	3.94791273e+03	6.24730665e+02	6.04665944e+01
0.2675	3.92331899e+03	2.16134781e+02	2.60041732e+02
0.2725	3.94843819e+03	1.55014151e+02	2.85620304e+02
0.2775	3.57850323e+03	8.10956474e+01	4.64019188e+01
0.2825	3.67682445e+03	1.30460539e+02	1.30947881e+02
0.2875	3.63533169e+03	6.76693907e+00	6.69896409e+01
0.2925	3.27925807e+03	6.59752099e+02	2.66386157e+02
0.2975	3.29503739e+03	2.72615382e+02	6.61845500e+02
0.3025	3.19541842e+03	4.00461512e+02	1.91909816e+02
0.3075	3.10031908e+03	-1.44226396e+02	5.85704396e+02
0.3125	3.08494909e+03	1.42252614e+02	-1.86051152e+02
0.3175	2.94674533e+03	1.29584534e+02	1.37305135e+00
0.3225	2.89690813e+03	-2.58127025e+02	3.31617220e+02
0.3275	2.74353765e+03	-5.02684174e+01	6.69215062e+01
0.3325	2.70485514e+03	-1.83237075e+02	3.93150380e+02
0.3375	2.64497791e+03	4.64865514e+01	4.34222770e+02
0.3425	2.49535301e+03	-1.08817743e+02	1.48345145e+02
0.3475	2.53329227e+03	-1.36613020e+02	4.98172734e+02
0.3525	2.42997513e+03	-2.16310194e+02	1.19724333e+02
0.3575	2.43439556e+03	-5.41320490e+02	2.64635223e+02
0.3625	2.18181507e+03	7.32072964e+01	1.69227345e+02
0.3675	2.37837352e+03	-1.84356710e+02	2.93460540e+01
0.3725	2.22313363e+03	-3.20495320e+02	1.59790077e+01
0.3775	2.20320306e+03	-3.87968970e+02	2.17568119e+02
0.3825	2.18738947e+03	-2.22267417e+02	4.78236771e+02
0.3875	2.24169407e+03	-4.01719432e+02	2.45807525e+01
0.3925	1.97779642e+03	-7.26218765e+02	1.84495628e+02
0.3975	1.89801474e+03	-2.99616884e+02	-1.98896062e+02
