####### Power Spectrum of Patchy Simulation 708 #############
# Patch: sgc
# z-type: z1
# Weights: fkp
# Fiducial Omega_m: 0.310
# Fiducial h: 0.676
# Forward-model pixellation : 0
# Rando n-bar: 0
# Boxsize: [1000.0, 1900.0, 1100.0]
# Grid: [146, 276, 161]
# k-binning: [0.000, 0.410, 0.005]
# Monte Carlo Simulations: 100
#
# Format: k | P0 | P2 | P4
############################################
0.0125	9.94482519e+04	1.58049092e+04	5.98246004e+04
0.0175	4.47033909e+04	4.47216182e+04	3.73486889e+04
0.0225	7.57403843e+04	5.75775664e+04	-5.81944326e+04
0.0275	7.58666123e+04	1.67717028e+04	5.16975440e+04
0.0325	5.67491057e+04	4.78969246e+04	-1.46014264e+04
0.0375	4.48941888e+04	3.66803971e+04	-1.48314052e+04
0.0425	6.38202046e+04	2.00571563e+03	-4.80945495e+04
0.0475	4.29524139e+04	1.01637994e+04	-2.73904442e+02
0.0525	3.53453338e+04	1.62217533e+04	9.80306576e+03
0.0575	3.77141003e+04	1.83125560e+03	5.49061583e+02
0.0625	2.74935930e+04	3.43789941e+03	-1.31309703e+04
0.0675	2.43580223e+04	4.26252961e+03	-4.56793702e+02
0.0725	2.65286883e+04	1.03033316e+04	-9.91594484e+01
0.0775	2.82866783e+04	8.44477962e+03	7.90212837e+02
0.0825	2.32349813e+04	4.99680415e+03	-9.04178743e+02
0.0875	2.09859536e+04	5.86931999e+03	2.95693937e+03
0.0925	2.06678606e+04	1.03361552e+04	-3.93836358e+03
0.0975	1.89043334e+04	6.40936940e+03	-4.60472721e+03
0.1025	1.63348180e+04	8.76306041e+03	-6.61157580e+02
0.1075	1.59012055e+04	4.44439863e+03	-1.74657956e+03
0.1125	1.47469633e+04	2.74714324e+03	2.95403160e+03
0.1175	1.46047992e+04	5.61946129e+03	1.10964299e+02
0.1225	1.38432681e+04	5.29187318e+03	7.74588503e+02
0.1275	1.17102817e+04	3.42260304e+03	7.50623350e+02
0.1325	1.16028061e+04	4.43101564e+03	-7.98828172e+01
0.1375	1.14377696e+04	5.33556215e+03	-2.07672437e+02
0.1425	1.10697798e+04	1.63218659e+03	-8.01544041e+02
0.1475	1.06046393e+04	1.68330104e+03	1.01469736e+03
0.1525	1.00641058e+04	3.20252928e+03	1.11269170e+03
0.1575	8.97234052e+03	1.69339155e+03	-3.05563904e+02
0.1625	8.89190245e+03	2.10152263e+03	-8.93890811e+02
0.1675	7.86926331e+03	3.25537395e+03	2.69885065e+03
0.1725	8.08404103e+03	2.73179371e+03	8.36285150e+02
0.1775	8.08936569e+03	3.22046211e+03	-1.34517137e+03
0.1825	7.21318521e+03	1.93659920e+03	1.61053672e+03
0.1875	7.25699236e+03	7.74159629e+02	-7.51162872e+02
0.1925	6.77710900e+03	1.94232218e+03	9.99955911e+02
0.1975	6.52173460e+03	1.91230669e+03	1.38054383e+03
0.2025	6.04521197e+03	2.33421308e+02	4.55055455e+02
0.2075	5.86486953e+03	2.09335857e+03	9.83983866e+02
0.2125	5.58984575e+03	8.58146827e+02	-3.65610780e+02
0.2175	5.53338601e+03	1.03522584e+03	6.48129207e+02
0.2225	5.68693082e+03	1.65938840e+03	-2.03645735e+02
0.2275	5.00120843e+03	6.21800428e+02	6.10429031e+02
0.2325	5.13235981e+03	4.55592798e+02	-8.91688019e+02
0.2375	4.90172718e+03	6.23673153e+02	2.27650206e+02
0.2425	4.77136487e+03	1.20967193e+03	5.91310268e+02
0.2475	4.38925353e+03	4.54868878e+02	3.28800215e+02
0.2525	4.37083282e+03	1.05963969e+03	2.05411421e+02
0.2575	4.12578124e+03	4.14182821e+02	1.10189210e+03
0.2625	4.18270231e+03	4.27737614e+02	-8.28282926e+02
0.2675	3.94912408e+03	3.09931436e+02	1.24548643e+03
0.2725	3.97743209e+03	4.93347753e+02	3.56285052e+02
0.2775	3.51695019e+03	7.63654864e+02	-5.90681431e+01
0.2825	3.74186861e+03	7.77836116e+01	5.39308643e+02
0.2875	3.40035779e+03	7.69199429e+02	6.84982436e+02
0.2925	3.52335265e+03	-1.18178099e+02	2.45715134e+02
0.2975	2.94892261e+03	3.14464943e+02	1.11769924e+02
0.3025	3.20086438e+03	2.88748544e+02	2.86847484e+02
0.3075	3.27559227e+03	3.79693295e+01	2.82832352e+02
0.3125	3.17832038e+03	-2.78064034e+02	2.89067774e+02
0.3175	2.78327756e+03	2.92258133e+02	2.67177253e+02
0.3225	2.88732749e+03	-7.87043050e+01	-2.07144106e+02
0.3275	2.91569114e+03	-3.31480331e+02	-4.60334224e+02
0.3325	2.67104913e+03	2.11129612e+01	5.87620552e+01
0.3375	2.77002052e+03	-1.43674218e+02	8.94238947e+01
0.3425	2.58776216e+03	-9.04019234e+01	5.96898276e+01
0.3475	2.62242874e+03	4.55629104e+02	3.36684797e+02
0.3525	2.47332622e+03	-2.50765678e+02	2.89665856e+02
0.3575	2.46007003e+03	-1.27537417e+02	2.52320905e+02
0.3625	2.24609656e+03	-8.23914991e+02	-1.73573482e+01
0.3675	2.30770180e+03	4.50311070e+01	-1.24815622e+01
0.3725	2.21434313e+03	3.89808159e+01	-1.89998224e+00
0.3775	2.22336710e+03	-5.15545896e+02	2.63448093e+02
0.3825	1.95657613e+03	-3.60038277e+02	1.80791851e+02
0.3875	1.98699954e+03	9.46494649e+01	2.33988542e+02
0.3925	2.07354117e+03	-3.23032569e+02	2.96549687e+02
0.3975	1.90302797e+03	-4.05851870e+02	1.54808785e+02
