####### Power Spectrum of Patchy Simulation 1280 #############
# Patch: ngc
# z-type: z1
# Weights: fkp
# Fiducial Omega_m: 0.310
# Fiducial h: 0.676
# Forward-model pixellation : 0
# Rando n-bar: 0
# Boxsize: [1350.0, 2450.0, 1400.0]
# Grid: [193, 353, 200]
# k-binning: [0.000, 0.410, 0.005]
# Monte Carlo Simulations: 100
#
# Format: k | P0 | P2 | P4
############################################
0.0125	7.97562517e+04	-1.21335871e+04	-2.07544484e+04
0.0175	7.46227640e+04	7.73752943e+04	4.56854715e+04
0.0225	8.05439126e+04	6.83096308e+03	-2.36681721e+04
0.0275	6.50111940e+04	4.51156408e+04	-2.94566716e+03
0.0325	5.87807498e+04	1.71791720e+04	-9.82754605e+03
0.0375	4.31123354e+04	2.89644127e+04	1.71212931e+03
0.0425	4.74056994e+04	2.19512555e+04	1.61229840e+03
0.0475	3.92421580e+04	1.77384448e+04	-4.78258900e+03
0.0525	4.17256803e+04	1.45803045e+04	2.73166791e+03
0.0575	3.36720831e+04	1.33352701e+04	-1.12584526e+03
0.0625	3.01286539e+04	1.15975907e+04	3.66319168e+03
0.0675	3.03178282e+04	1.34962988e+04	8.07065210e+03
0.0725	2.92390088e+04	1.10495138e+04	-6.08746700e+03
0.0775	2.62689583e+04	9.77001877e+03	4.23009417e+03
0.0825	2.39119271e+04	9.97381949e+03	9.38770945e+02
0.0875	2.22075311e+04	8.76946476e+03	-1.36534809e+03
0.0925	1.88644664e+04	6.69385136e+03	-1.37181653e+03
0.0975	1.84878604e+04	7.05411494e+03	-6.43668658e+02
0.1025	1.64166053e+04	6.23592199e+03	1.72177957e+03
0.1075	1.57996234e+04	6.98939378e+03	2.50162148e+03
0.1125	1.39358769e+04	5.13318476e+03	6.71525599e+02
0.1175	1.41044623e+04	2.52815445e+03	-3.73419791e+02
0.1225	1.30091821e+04	4.21714762e+03	8.30021128e+02
0.1275	1.33303274e+04	5.15251334e+03	1.87345013e+03
0.1325	1.25514933e+04	3.22669060e+03	1.17585399e+03
0.1375	1.20311663e+04	3.64576517e+03	-2.55954085e+02
0.1425	1.06483640e+04	3.87239511e+03	5.41958614e+02
0.1475	9.93388952e+03	2.61758129e+03	6.72310931e+01
0.1525	9.93199056e+03	3.65124931e+03	8.70141697e+02
0.1575	9.06506373e+03	3.08770965e+03	3.93236761e+02
0.1625	8.85062768e+03	2.93962098e+03	-3.24803726e+02
0.1675	8.13093817e+03	2.20240962e+03	1.80481419e+02
0.1725	7.88936311e+03	2.50827004e+03	3.18571980e+02
0.1775	7.66639066e+03	1.88692491e+03	2.61903339e+02
0.1825	7.24736260e+03	2.41438342e+03	1.18322189e+03
0.1875	7.02861691e+03	1.01364290e+03	2.14854850e+02
0.1925	6.59257398e+03	1.16424567e+03	3.17970774e+02
0.1975	6.54904235e+03	2.02501461e+03	8.48923705e+02
0.2025	6.43082011e+03	2.00733013e+03	5.98359224e+02
0.2075	6.04490133e+03	1.33161647e+03	4.03816975e+02
0.2125	5.77637502e+03	1.24428188e+03	-2.62309977e+02
0.2175	5.59105503e+03	1.48139660e+03	1.64157884e+02
0.2225	5.28932579e+03	1.30242137e+03	1.48217540e+02
0.2275	5.02288220e+03	7.06232311e+02	-8.19825014e+01
0.2325	5.06615807e+03	1.06058368e+03	4.12667456e+02
0.2375	4.53104902e+03	5.98517095e+02	4.63900588e+02
0.2425	4.83620443e+03	7.78821168e+02	8.03748126e+01
0.2475	4.33045042e+03	6.59301231e+02	9.28981035e+01
0.2525	4.43244635e+03	7.24600407e+02	1.14859157e+02
0.2575	4.27456938e+03	3.25402569e+02	-3.64505291e+01
0.2625	4.02287124e+03	6.95181323e+02	3.68076814e+02
0.2675	3.94297594e+03	7.06499666e+02	4.00405955e+02
0.2725	3.73940803e+03	4.48431462e+02	1.69258806e+02
0.2775	3.67230597e+03	3.63656958e+02	2.99212868e+02
0.2825	3.49344631e+03	2.01529315e+02	1.43765814e+02
0.2875	3.49991998e+03	1.90414218e+02	2.62285990e+02
0.2925	3.41159290e+03	4.05371322e+02	2.20765739e+02
0.2975	3.17889396e+03	3.22630577e+02	2.35264468e+02
0.3025	3.12642505e+03	1.38246097e+02	6.51153367e+01
0.3075	3.13682674e+03	1.99391177e+02	1.96406736e+02
0.3125	2.94583176e+03	-9.58078582e+01	3.14248624e+02
0.3175	2.89780222e+03	1.91260346e+02	2.52006006e+02
0.3225	2.98924799e+03	6.84688358e+01	8.83306566e+01
0.3275	2.72022105e+03	-1.47772502e+02	-1.79573468e+02
0.3325	2.61604677e+03	-9.76829521e+01	5.47076905e+01
0.3375	2.60786286e+03	-6.00735539e+01	4.30871473e+02
0.3425	2.47897191e+03	-3.80507909e+01	1.02815005e+02
0.3475	2.42833504e+03	-9.00527174e+00	3.27573743e+02
0.3525	2.43284156e+03	-1.23955625e+02	5.20568593e+02
0.3575	2.31054288e+03	-2.38646328e+02	1.12831911e+02
0.3625	2.32965384e+03	-1.01812206e+02	3.59263159e+02
0.3675	2.17697718e+03	-2.22087358e+02	1.67549150e+00
0.3725	2.25061051e+03	-2.28503164e+02	2.35559509e+02
0.3775	2.06443107e+03	-2.56943864e+02	2.31554446e+02
0.3825	1.99846943e+03	-1.14493758e+02	1.62253106e+02
0.3875	2.02707638e+03	-2.99770030e+02	3.77062620e+02
0.3925	2.00350833e+03	-3.81558292e+02	1.24717034e+02
0.3975	1.91678842e+03	-3.43267123e+02	2.10075963e+02
