####### Power Spectrum of Patchy Simulation 519 #############
# Patch: sgc
# z-type: z1
# Weights: fkp
# Fiducial Omega_m: 0.310
# Fiducial h: 0.676
# Forward-model pixellation : 0
# Rando n-bar: 0
# Boxsize: [1000.0, 1900.0, 1100.0]
# Grid: [146, 276, 161]
# k-binning: [0.000, 0.410, 0.005]
# Monte Carlo Simulations: 100
#
# Format: k | P0 | P2 | P4
############################################
0.0125	1.18005958e+05	-1.05147377e+04	5.23762760e+04
0.0175	3.25293276e+04	7.04725155e+04	-2.26155378e+04
0.0225	9.81735961e+04	2.76716859e+04	-1.33774851e+04
0.0275	4.51544734e+04	1.17602322e+04	4.63810977e+04
0.0325	5.46346284e+04	2.35224792e+04	-4.79471797e+03
0.0375	5.73935197e+04	-1.11268569e+04	-5.69661256e+03
0.0425	4.20788983e+04	9.05159191e+03	1.36829264e+04
0.0475	4.42057208e+04	2.99674246e+04	1.09125588e+04
0.0525	3.61113718e+04	7.57837169e+03	-3.92669849e+03
0.0575	3.87493323e+04	7.89883399e+03	-7.22112011e+03
0.0625	2.64083138e+04	7.72567832e+03	1.44063734e+04
0.0675	2.85996481e+04	1.23290770e+04	-7.85330880e+03
0.0725	3.10973733e+04	7.62384569e+03	-1.11218869e+03
0.0775	2.22636816e+04	6.38832232e+03	5.30107461e+03
0.0825	2.40318345e+04	1.54171939e+04	8.85506967e+03
0.0875	2.03784412e+04	4.95714027e+03	-5.19398704e+03
0.0925	1.97368647e+04	7.63554932e+03	-5.72314886e+03
0.0975	1.65998159e+04	9.04426347e+03	1.98031326e+03
0.1025	1.53586394e+04	3.39823571e+03	-2.36831164e+03
0.1075	1.57067753e+04	3.74616907e+03	-6.82457174e+02
0.1125	1.67230331e+04	4.13854614e+03	1.27629315e+03
0.1175	1.33233039e+04	9.67957587e+03	4.65248137e+03
0.1225	1.39926262e+04	5.23418306e+03	-1.18774108e+03
0.1275	1.28607388e+04	4.54576201e+03	4.79997912e+02
0.1325	1.27268404e+04	3.04081712e+03	1.62911345e+03
0.1375	1.17275079e+04	4.03267568e+03	-1.17555855e+03
0.1425	1.05349704e+04	5.25766256e+03	2.64567298e+03
0.1475	1.06298063e+04	1.42330211e+03	-2.72780371e+02
0.1525	8.78001321e+03	3.76239429e+03	-3.80441999e+02
0.1575	8.76587239e+03	1.76820290e+03	-2.08374028e+02
0.1625	9.47578627e+03	3.51309874e+03	1.27001792e+03
0.1675	7.89376230e+03	3.58063415e+03	1.11195966e+03
0.1725	7.55385110e+03	1.18121565e+03	7.80034001e+02
0.1775	7.93958803e+03	6.45881550e+02	-1.00010035e+03
0.1825	7.22270069e+03	1.28519671e+03	-4.00065884e+02
0.1875	7.19059141e+03	3.30639184e+03	-9.08454942e+02
0.1925	6.40327076e+03	1.81598712e+03	-4.13205153e+02
0.1975	6.83917828e+03	1.34716989e+03	7.57202127e+01
0.2025	6.61388502e+03	1.16506966e+03	-8.42115225e+02
0.2075	6.12367302e+03	1.21641038e+03	3.78025135e+02
0.2125	5.86358689e+03	8.22994114e+02	2.71755849e+02
0.2175	5.37640914e+03	1.61493249e+03	5.84726034e+02
0.2225	5.32399675e+03	-1.12132786e+02	7.91552699e+02
0.2275	5.23192523e+03	1.09135818e+03	9.11154719e+02
0.2325	4.91902729e+03	1.37044414e+03	1.03657311e+03
0.2375	5.02270582e+03	4.45486471e+02	7.66738796e+02
0.2425	4.71704392e+03	1.50772101e+03	7.71533082e+02
0.2475	4.31375127e+03	5.00990522e+02	5.14070838e+02
0.2525	4.46921491e+03	5.86542161e+02	4.46532427e+02
0.2575	3.89539963e+03	4.92775468e+02	7.25400529e+01
0.2625	4.23596030e+03	6.92322001e+02	2.90946069e+02
0.2675	3.82211336e+03	2.55092240e+02	-7.48664555e+01
0.2725	3.86878805e+03	7.13096356e+02	1.24172923e+02
0.2775	3.73035761e+03	5.20211267e+02	-3.52026168e+02
0.2825	3.67592981e+03	7.56519406e+02	-2.85542923e+02
0.2875	3.22867048e+03	3.06100462e+02	7.03945611e+02
0.2925	3.38959933e+03	4.80914456e+02	7.67976196e+02
0.2975	3.45140490e+03	-2.37109832e+02	4.44567956e+02
0.3025	3.21676324e+03	3.96574323e+00	-3.18081963e+00
0.3075	3.02771769e+03	-3.38606952e+01	-2.70049270e+02
0.3125	3.19511318e+03	3.28005865e+02	4.58865200e+02
0.3175	2.88201363e+03	-1.01756107e+01	4.17685251e+02
0.3225	2.77856103e+03	3.82697750e+01	1.91770618e+02
0.3275	2.76850516e+03	-1.27459575e+02	2.73687765e+02
0.3325	2.78630835e+03	-3.55172417e+02	3.28427106e+02
0.3375	2.60874824e+03	-4.37882280e+02	-2.73300450e+02
0.3425	2.57241483e+03	3.73002714e+01	2.29827520e+02
0.3475	2.59470101e+03	8.30734460e+01	1.70028294e+01
0.3525	2.29822810e+03	-7.00805002e+00	6.39174568e+02
0.3575	2.33472149e+03	-1.15067715e+02	5.02881917e+01
0.3625	2.27477026e+03	-2.02920140e+02	-6.82097465e+01
0.3675	2.20586057e+03	-1.50805307e+02	2.62157934e+02
0.3725	2.24349928e+03	-4.07785769e+02	1.88680203e+02
0.3775	2.22676988e+03	-4.28933074e+02	1.42876955e+02
0.3825	2.07674788e+03	-4.00410138e+02	1.68045717e+02
0.3875	2.00612293e+03	-4.38969701e+02	5.88107476e+01
0.3925	2.16619895e+03	-1.73845256e+02	3.98348609e+02
0.3975	1.91421636e+03	-5.21868589e+02	2.10783320e+02
