####### Power Spectrum of Patchy Simulation 1051 #############
# Patch: sgc
# z-type: z3
# Weights: fkp
# Fiducial Omega_m: 0.310
# Fiducial h: 0.676
# Forward-model pixellation : 0
# Rando n-bar: 0
# Boxsize: [1000.0, 2600.0, 1500.0]
# Grid: [146, 384, 215]
# k-binning: [0.000, 0.410, 0.005]
# Monte Carlo Simulations: 100
#
# Format: k | P0 | P2 | P4
############################################
0.0125	9.52755572e+04	7.18741456e+04	6.66924762e+03
0.0175	7.15333061e+04	-5.49808678e+04	6.51263080e+04
0.0225	6.96059688e+04	1.29867739e+04	-7.30760768e+03
0.0275	6.43199342e+04	1.15527580e+04	1.20967445e+03
0.0325	6.09544767e+04	2.90004284e+04	-1.31085826e+04
0.0375	4.84546097e+04	-2.38342378e+04	-5.79987102e+03
0.0425	4.97133458e+04	3.29675604e+04	2.25414848e+04
0.0475	4.05236918e+04	1.85197918e+04	-1.14477002e+03
0.0525	3.56914211e+04	1.14486794e+04	-7.03353882e+02
0.0575	3.59371689e+04	8.73552158e+03	-9.96011489e+03
0.0625	3.15429251e+04	1.42317890e+04	-5.40301293e+02
0.0675	2.84277216e+04	1.26900855e+04	5.11565669e+03
0.0725	2.51321300e+04	3.85652511e+03	-6.94327510e+03
0.0775	3.03675179e+04	9.92741889e+03	7.02845960e+03
0.0825	2.37002518e+04	7.37909275e+03	-1.64073933e+02
0.0875	2.16032237e+04	2.06865763e+03	-3.09566782e+03
0.0925	1.94465944e+04	8.50390555e+03	-3.82670276e+03
0.0975	1.86663294e+04	3.51497310e+03	-5.77117945e+03
0.1025	1.75338168e+04	6.78773210e+03	1.75662829e+03
0.1075	1.64349190e+04	3.92066581e+03	-1.62881486e+03
0.1125	1.48472706e+04	8.78873505e+03	-1.16025591e+03
0.1175	1.45145588e+04	1.18434518e+03	-1.26156947e+03
0.1225	1.22340219e+04	5.51634167e+03	3.24740760e+03
0.1275	1.26816775e+04	4.47629298e+03	6.74750589e+01
0.1325	1.31746422e+04	1.50461276e+03	3.68355365e+02
0.1375	1.12532186e+04	5.40893648e+03	3.94676185e+03
0.1425	1.19885175e+04	4.77868289e+03	-2.68403821e+03
0.1475	1.03713559e+04	4.21845016e+03	1.23272037e+03
0.1525	1.01957873e+04	1.56184243e+03	-3.50271346e+02
0.1575	9.86784174e+03	3.56869117e+03	1.00815101e+03
0.1625	8.95071100e+03	1.82992775e+03	3.22883571e+03
0.1675	8.32227100e+03	1.97952450e+03	-1.48703115e+03
0.1725	8.32685364e+03	2.42189706e+03	1.30257758e+03
0.1775	8.22968376e+03	3.43049879e+02	-1.41592739e+02
0.1825	7.46381686e+03	2.33847343e+03	5.29883979e+02
0.1875	7.56111651e+03	6.25852505e+02	-3.92047849e+02
0.1925	6.90433747e+03	1.86991618e+03	1.44775733e+03
0.1975	6.82890811e+03	2.49439024e+03	8.66699317e+02
0.2025	7.39052318e+03	2.19249843e+03	1.70026167e+01
0.2075	6.23730585e+03	1.76146243e+03	8.36913076e+02
0.2125	6.35228006e+03	1.62277948e+03	-1.49201862e+02
0.2175	5.79369684e+03	4.96241217e+02	1.15343200e+03
0.2225	5.47637415e+03	2.39852212e+03	3.96549047e+02
0.2275	5.69096220e+03	9.05537480e+02	2.91191933e+02
0.2325	5.02268959e+03	1.19707929e+03	1.46153117e+02
0.2375	4.66326270e+03	8.72860013e+02	-1.31432879e+02
0.2425	4.97265365e+03	8.63161415e+02	5.89256740e+02
0.2475	4.93332599e+03	1.57452470e+03	2.93245488e+02
0.2525	4.56615080e+03	1.27706372e+03	5.21756717e+02
0.2575	4.42410886e+03	-1.60037763e+02	5.92014549e+02
0.2625	4.76369557e+03	1.12237990e+03	1.82835632e+02
0.2675	3.93618830e+03	3.44428171e+02	1.02410948e+03
0.2725	4.23156973e+03	4.14300320e+02	4.60938656e+02
0.2775	4.38957146e+03	6.75772235e+02	6.39603034e+02
0.2825	3.89634003e+03	2.79242906e+02	-1.63070814e+02
0.2875	3.56992657e+03	9.29053693e+02	3.34620507e+02
0.2925	3.61282669e+03	-3.32097236e+02	-1.97330325e+02
0.2975	3.44301568e+03	-1.57721825e+02	3.28368183e+02
0.3025	3.68549125e+03	-1.34324098e+02	6.16693136e+02
0.3075	3.25419932e+03	1.75993397e+02	-3.97848198e+01
0.3125	3.06697219e+03	4.53355882e+02	1.10889376e+03
0.3175	3.12764262e+03	-1.84936764e+02	2.13547520e+02
0.3225	3.22032552e+03	1.43139823e+02	-3.93234235e+01
0.3275	2.87131651e+03	-5.33127401e+02	1.98462265e+02
0.3325	3.02916554e+03	5.64281631e+02	3.99286777e+02
0.3375	2.67900137e+03	-8.78323863e+02	-5.20273606e+02
0.3425	2.64538948e+03	1.68736514e+02	1.22491018e+03
0.3475	2.80481829e+03	-3.85403212e+02	7.10812727e+01
0.3525	2.64908324e+03	-5.65828470e+02	-2.16192715e+02
0.3575	2.38187021e+03	-6.47032716e+01	6.29327848e+02
0.3625	2.87159896e+03	7.26020671e+00	8.63800465e+02
0.3675	2.09653836e+03	-5.44678498e+02	1.92905406e+01
0.3725	2.61985753e+03	-1.53059650e+02	-1.68503476e+02
0.3775	2.24041257e+03	6.71605037e+01	4.04706830e+02
0.3825	2.41538458e+03	-2.04922921e+02	2.45769197e+02
0.3875	2.15117488e+03	-1.93531452e+02	-5.64178173e+01
0.3925	2.24334005e+03	-7.21937048e+02	4.73317908e+01
0.3975	2.52966060e+03	1.65792994e+02	6.00594742e+01
