####### Power Spectrum of Patchy Simulation 365 #############
# Patch: sgc
# z-type: z3
# Weights: fkp
# Fiducial Omega_m: 0.310
# Fiducial h: 0.676
# Forward-model pixellation : 0
# Rando n-bar: 0
# Boxsize: [1000.0, 2600.0, 1500.0]
# Grid: [146, 384, 215]
# k-binning: [0.000, 0.410, 0.005]
# Monte Carlo Simulations: 100
#
# Format: k | P0 | P2 | P4
############################################
0.0125	9.03537595e+04	8.69644178e+04	9.68891777e+04
0.0175	5.27437792e+04	-1.90033452e+04	7.82765809e+04
0.0225	8.35125098e+04	2.72360023e+04	-2.44193388e+04
0.0275	4.26971254e+04	4.23070083e+03	-1.85614988e+04
0.0325	5.00960521e+04	1.65100819e+04	-1.80056862e+04
0.0375	5.60321563e+04	2.77223158e+04	6.14460389e+03
0.0425	4.13365132e+04	4.09480795e+02	-6.70854462e+03
0.0475	4.67989393e+04	2.41381417e+04	5.98088174e+02
0.0525	3.78200057e+04	1.15256738e+04	-1.21841245e+04
0.0575	3.55086907e+04	1.48504975e+04	1.24159820e+04
0.0625	2.91160721e+04	1.32285519e+04	8.88625012e+02
0.0675	3.38638756e+04	1.87769142e+04	8.21848844e+03
0.0725	2.52344720e+04	1.31849121e+04	1.63680449e+04
0.0775	2.94370553e+04	8.16699885e+03	-3.93412192e+03
0.0825	2.50535409e+04	1.15059199e+04	3.39731142e+03
0.0875	2.24666058e+04	6.16193187e+03	-2.68505104e+03
0.0925	2.07851436e+04	8.87546568e+03	-1.92904777e+03
0.0975	1.77521104e+04	4.60416458e+03	-4.78544325e+03
0.1025	1.88297305e+04	2.28621463e+03	4.43130428e+03
0.1075	1.51560950e+04	3.04893173e+03	2.06978740e+01
0.1125	1.42422093e+04	4.25201171e+03	9.29958940e+02
0.1175	1.55139039e+04	3.29526922e+03	1.85675824e+02
0.1225	1.20309027e+04	3.22959494e+03	-7.01088152e+01
0.1275	1.49451906e+04	4.87918470e+03	-4.27084925e+02
0.1325	1.19030304e+04	1.87496982e+03	-2.40096138e+03
0.1375	1.11824668e+04	4.17035492e+03	2.15582265e+02
0.1425	1.22226274e+04	6.56813633e+03	2.36970207e+03
0.1475	1.03763384e+04	1.70145221e+03	-3.50150859e+03
0.1525	9.95046292e+03	3.05871184e+03	1.02000667e+02
0.1575	8.88365908e+03	1.72423451e+03	4.80460165e+02
0.1625	8.90354735e+03	2.86771846e+03	-6.41843551e+02
0.1675	8.60829870e+03	2.67698129e+03	4.67389280e+02
0.1725	7.92958837e+03	4.01154946e+03	1.58093631e+03
0.1775	8.30349140e+03	1.06431814e+03	-1.56347682e+03
0.1825	7.81283545e+03	3.38636442e+03	2.02759087e+03
0.1875	8.12557589e+03	2.91783839e+03	1.43639246e+03
0.1925	6.61833382e+03	7.41584195e+01	8.54180228e+02
0.1975	7.44237000e+03	3.29974667e+03	-3.14962539e+02
0.2025	6.56801759e+03	6.72775074e+02	-5.89892501e+02
0.2075	6.36849542e+03	1.84419765e+03	1.84905924e+03
0.2125	5.36201375e+03	1.07289528e+03	-1.11249529e+02
0.2175	5.81753123e+03	6.83287038e+02	-1.92524656e+02
0.2225	6.04099236e+03	2.73634566e+03	1.68589168e+02
0.2275	5.24009232e+03	5.79285770e+02	-1.91632030e+03
0.2325	4.96868084e+03	1.06093291e+03	1.15557672e+02
0.2375	5.06073293e+03	-1.67618755e+02	6.26821039e+02
0.2425	4.51138414e+03	8.74313016e+02	8.49030596e+01
0.2475	4.94943766e+03	1.27038043e+03	-4.42889135e+02
0.2525	4.65385361e+03	4.42242357e+02	7.02116658e+01
0.2575	4.57396132e+03	1.09159669e+03	-1.40693703e+03
0.2625	4.26050867e+03	8.41205865e+02	6.45092742e+02
0.2675	4.15583905e+03	8.21904897e+02	5.89989581e+02
0.2725	4.28705156e+03	4.67767786e+02	7.96149328e+01
0.2775	3.52498961e+03	3.36508657e+02	8.50731046e+00
0.2825	4.24496407e+03	2.67076251e+02	1.19982070e+03
0.2875	3.43804956e+03	2.37399122e+02	7.18840439e+02
0.2925	3.41721890e+03	4.83519751e+02	2.57804056e+02
0.2975	3.57929571e+03	2.20541624e+02	2.01877079e+02
0.3025	3.48564700e+03	6.38269353e+02	3.83846416e+02
0.3075	3.28289306e+03	-4.03056575e+02	-1.14684468e+02
0.3125	3.12667816e+03	2.13115163e+02	-1.79910471e+02
0.3175	2.97136453e+03	-3.42835644e+02	-3.97849654e+02
0.3225	3.21151143e+03	1.96668887e+02	2.99693146e+02
0.3275	2.97354414e+03	-7.69362949e+01	8.35332538e+02
0.3325	2.76862114e+03	1.17396819e+02	-4.48271637e+02
0.3375	2.76545984e+03	-1.65072421e+02	-4.93353360e+01
0.3425	2.55031006e+03	-4.09321071e+02	7.94488457e+02
0.3475	2.80077479e+03	3.56517470e+02	-2.74605462e+02
0.3525	2.63180870e+03	-6.75711246e+02	2.51756637e+02
0.3575	2.45346625e+03	9.62839709e+01	-9.45802813e+00
0.3625	2.49915042e+03	-6.05577364e+01	-9.17729294e+01
0.3675	2.55712946e+03	-1.30688445e+01	6.25064981e+01
0.3725	2.20345051e+03	-3.21110697e+02	4.93847041e+01
0.3775	2.10865051e+03	-2.87440629e+02	-1.56993032e+02
0.3825	2.42964078e+03	-7.75269693e+00	9.79302504e+01
0.3875	2.16088187e+03	-5.54356625e+01	4.94949044e+00
0.3925	2.22489613e+03	-1.88673393e+02	6.15463755e+02
0.3975	2.26641232e+03	-8.81912994e+02	-3.26804067e+02
