####### Power Spectrum of Patchy Simulation 1913 #############
# Patch: ngc
# z-type: z1
# Weights: fkp
# Fiducial Omega_m: 0.310
# Fiducial h: 0.676
# Forward-model pixellation : 0
# Rando n-bar: 0
# Boxsize: [1350.0, 2450.0, 1400.0]
# Grid: [193, 353, 200]
# k-binning: [0.000, 0.410, 0.005]
# Monte Carlo Simulations: 100
#
# Format: k | P0 | P2 | P4
############################################
0.0125	7.13138233e+04	5.42870993e+04	-3.06733582e+04
0.0175	8.04022594e+04	8.65119761e+03	3.83054370e+04
0.0225	6.25732323e+04	3.50648691e+04	4.35134020e+04
0.0275	6.22809142e+04	-3.94762676e+04	-1.41377691e+04
0.0325	6.64350238e+04	3.14520407e+04	7.84847035e+03
0.0375	5.12376397e+04	3.49700041e+04	1.66894179e+04
0.0425	4.40201114e+04	2.68532213e+04	1.26750847e+04
0.0475	3.88000258e+04	1.34813498e+04	-1.35629748e+03
0.0525	3.51183587e+04	1.13317704e+04	-2.24041174e+03
0.0575	3.48602129e+04	1.60250123e+04	2.72950555e+03
0.0625	3.77834031e+04	1.60405622e+04	-4.06011572e+03
0.0675	2.99105995e+04	1.18235280e+04	8.64644827e+02
0.0725	2.84755457e+04	1.06658742e+04	-7.93173656e+03
0.0775	2.52131598e+04	1.17807712e+04	-1.48932605e+03
0.0825	2.34688051e+04	9.25543344e+03	4.03001836e+03
0.0875	2.34162285e+04	1.07360140e+04	8.15559848e+02
0.0925	1.97819518e+04	8.79759066e+03	3.17842055e+03
0.0975	1.65773852e+04	3.52595451e+03	2.33704680e+03
0.1025	1.67812658e+04	7.12606010e+03	3.97336345e+03
0.1075	1.65966170e+04	6.71519387e+03	2.77233824e+03
0.1125	1.37148221e+04	3.56029241e+03	-9.54380374e+02
0.1175	1.35770515e+04	4.27316453e+03	1.08170542e+03
0.1225	1.32893946e+04	3.62496323e+03	4.10357285e+02
0.1275	1.35349635e+04	5.61708128e+03	3.91900548e+02
0.1325	1.21443703e+04	4.30895697e+03	8.24223193e+02
0.1375	1.18572713e+04	1.80992718e+03	9.38084886e+02
0.1425	1.09529305e+04	2.85105410e+03	1.55819077e+03
0.1475	1.09724182e+04	2.97066320e+03	-2.69125041e+02
0.1525	9.56464517e+03	2.68013466e+03	-7.76639549e+01
0.1575	8.75621059e+03	2.85306092e+03	2.99150706e+02
0.1625	8.62424696e+03	1.69955680e+03	-2.18114289e+02
0.1675	8.42745285e+03	2.64922563e+03	1.38048683e+03
0.1725	7.98776479e+03	1.82374360e+03	4.25313563e+02
0.1775	7.70976014e+03	2.41257330e+03	1.58711474e+02
0.1825	7.50167353e+03	1.88909342e+03	2.37268062e+02
0.1875	7.23605076e+03	1.70666252e+03	3.73586106e+02
0.1925	6.91532465e+03	1.65875970e+03	9.28470197e+02
0.1975	6.45497050e+03	1.88173922e+03	4.96358497e+02
0.2025	6.21568232e+03	1.55833226e+03	1.35444122e+02
0.2075	5.94718682e+03	9.92312996e+02	2.60022204e+02
0.2125	5.70548756e+03	1.53129313e+03	1.07550002e+03
0.2175	5.74168943e+03	9.88752852e+02	3.07074120e+02
0.2225	5.25966272e+03	1.08371755e+03	3.94866350e+02
0.2275	5.18611593e+03	7.80083089e+02	2.53437013e+02
0.2325	5.02086669e+03	6.36579815e+02	3.64862735e+02
0.2375	4.76967830e+03	6.83940973e+02	1.17269556e+02
0.2425	4.81983350e+03	9.28572305e+02	6.98913462e+02
0.2475	4.45154585e+03	6.19462304e+02	8.89239689e+02
0.2525	4.39018423e+03	6.88095361e+02	3.14247972e+02
0.2575	4.23346424e+03	4.59320648e+02	7.98936031e+02
0.2625	4.21187004e+03	7.77568372e+02	1.74121432e+02
0.2675	4.00736892e+03	5.95053582e+02	1.48216325e+02
0.2725	3.93109719e+03	3.44130930e+02	4.72788428e+02
0.2775	3.63424386e+03	4.67016855e+02	6.22286744e+02
0.2825	3.64102194e+03	4.46647259e+02	5.28749409e+02
0.2875	3.45703289e+03	-1.47747469e+01	1.67283249e+02
0.2925	3.44526406e+03	2.51365788e+02	2.18619298e+02
0.2975	3.22865722e+03	-1.70515882e+01	1.73892008e+02
0.3025	3.31816830e+03	3.52381637e+02	1.77300074e+02
0.3075	3.07912557e+03	1.47159275e+02	-1.57921145e+02
0.3125	3.07439478e+03	2.06716213e+02	3.78500616e+02
0.3175	2.94951375e+03	-1.78949331e+02	4.36661511e+02
0.3225	2.84971575e+03	3.34796068e+01	4.63259628e+02
0.3275	2.79213893e+03	9.31713044e+01	5.20387623e+01
0.3325	2.72321753e+03	-2.01651223e+02	3.08178805e+02
0.3375	2.65542117e+03	5.58138760e+01	-5.10102079e+01
0.3425	2.37069891e+03	-8.72406655e+01	2.28337362e+02
0.3475	2.50953408e+03	-3.77420669e+01	2.64919791e+02
0.3525	2.28804207e+03	-5.74704476e+01	1.85861327e+02
0.3575	2.39820325e+03	-9.41784600e+01	1.76670580e+02
0.3625	2.34174632e+03	-1.83023431e+02	1.85074102e+02
0.3675	2.26555892e+03	-1.99288390e+02	1.24596569e+02
0.3725	2.14020378e+03	-6.59823980e+01	4.26740956e+02
0.3775	2.11175452e+03	-6.42967866e+01	3.73037119e+02
0.3825	2.11104598e+03	-3.30208582e+02	1.50551415e+02
0.3875	2.06086678e+03	-3.29242189e+02	7.80306509e+01
0.3925	1.93378903e+03	-3.24892218e+02	3.03467456e+02
0.3975	1.99547206e+03	-2.79240841e+02	2.46928327e+02
