####### Power Spectrum of Patchy Simulation 663 #############
# Patch: sgc
# z-type: z3
# Weights: fkp
# Fiducial Omega_m: 0.310
# Fiducial h: 0.676
# Forward-model pixellation : 0
# Rando n-bar: 0
# Boxsize: [1000.0, 2600.0, 1500.0]
# Grid: [146, 384, 215]
# k-binning: [0.000, 0.410, 0.005]
# Monte Carlo Simulations: 100
#
# Format: k | P0 | P2 | P4
############################################
0.0125	5.13189767e+04	7.87915413e+04	-7.01372883e+04
0.0175	1.27838928e+05	-1.03564796e+05	-1.90823774e+04
0.0225	9.49325860e+04	1.01226895e+05	3.52008156e+04
0.0275	6.25746007e+04	1.33515011e+04	-3.39733915e+04
0.0325	6.64275539e+04	3.00760074e+04	1.84568353e+04
0.0375	4.73652922e+04	-7.27402303e+03	2.56460675e+04
0.0425	4.32244578e+04	3.34506916e+04	4.99540187e+03
0.0475	4.63839542e+04	1.87365570e+04	-2.71870298e+03
0.0525	2.76692417e+04	1.27096909e+04	6.29311502e+03
0.0575	3.49995134e+04	9.18006368e+03	-4.68022281e+03
0.0625	3.38820567e+04	1.65804916e+04	8.98794042e+03
0.0675	2.91771057e+04	7.40662621e+03	4.05886111e+03
0.0725	2.78932518e+04	1.31678640e+04	1.85633861e+02
0.0775	2.88031288e+04	9.95766232e+03	1.60082027e+03
0.0825	2.40448504e+04	8.59250229e+03	4.28925940e+03
0.0875	2.11203500e+04	9.28069102e+03	-8.70803200e+02
0.0925	1.95344467e+04	1.06891160e+04	3.99866079e+03
0.0975	1.77578460e+04	3.31769839e+03	-5.05699465e+03
0.1025	1.68849421e+04	5.54887369e+03	-1.01216482e+03
0.1075	1.72239404e+04	6.21724610e+03	-1.45545494e+03
0.1125	1.48559194e+04	8.46896418e+02	-1.24170625e+03
0.1175	1.53937489e+04	6.03300827e+03	1.06779480e+03
0.1225	1.25215681e+04	2.97536788e+03	-1.70302347e+03
0.1275	1.28999546e+04	1.12481057e+03	1.79658501e+03
0.1325	1.28477283e+04	4.33944450e+03	-1.36471300e+02
0.1375	1.09310254e+04	2.12543342e+03	9.17063535e+02
0.1425	1.13860675e+04	2.96230219e+03	-1.97643405e+03
0.1475	1.05552995e+04	4.58151802e+03	2.14087300e+03
0.1525	1.03273264e+04	3.99580617e+03	1.69651733e+03
0.1575	8.88417247e+03	1.35979534e+03	-1.26143337e+03
0.1625	9.00400308e+03	4.66781870e+03	2.41825886e+03
0.1675	7.66858276e+03	2.63197740e+03	6.86068058e+02
0.1725	8.66602187e+03	4.08766884e+03	2.28734683e+03
0.1775	7.62358421e+03	6.09365310e+02	-2.73238993e+03
0.1825	7.83962347e+03	1.70790711e+03	2.53008482e+03
0.1875	7.35593249e+03	1.44133745e+03	5.81443494e+00
0.1925	7.65682157e+03	3.60270111e+03	1.26538572e+03
0.1975	6.62451400e+03	1.30377149e+03	-1.12512627e+02
0.2025	6.97883392e+03	2.28953636e+03	-5.86569150e+00
0.2075	6.36237523e+03	1.35074882e+03	2.18954296e+02
0.2125	6.30542900e+03	6.31105115e+02	-2.84537407e+02
0.2175	5.77710476e+03	1.84150993e+03	6.92637445e+02
0.2225	5.45959407e+03	6.06512387e+02	-1.41497011e+02
0.2275	5.58607285e+03	1.20791590e+03	-7.85167695e+01
0.2325	5.66139112e+03	1.45437961e+03	1.03641513e+03
0.2375	4.86978071e+03	7.80896380e+02	2.22837853e+02
0.2425	4.64081129e+03	-1.51096772e+02	-6.60491149e+02
0.2475	5.14309586e+03	1.95844757e+03	6.50464883e+02
0.2525	4.50938024e+03	-1.93066117e+02	2.28253651e+02
0.2575	4.20881063e+03	3.89289672e+02	6.33559166e+02
0.2625	4.35463310e+03	6.95545593e+02	4.37434548e+02
0.2675	3.89106156e+03	1.12531784e+03	1.29076624e+03
0.2725	4.14431904e+03	2.21166445e+02	-1.76108967e+02
0.2775	4.04426209e+03	7.27817640e+02	3.88429778e+02
0.2825	3.52159995e+03	-1.29731896e+02	-2.58342073e+02
0.2875	4.13272948e+03	7.67182537e+02	9.07893027e+02
0.2925	3.70475219e+03	-2.21069265e+02	-4.49798732e+02
0.2975	3.53403885e+03	7.89022028e+02	9.20710450e+02
0.3025	3.52631351e+03	-7.01818682e+01	-8.20479820e+01
0.3075	3.20197522e+03	2.38368671e+02	1.32162910e+02
0.3125	3.21685817e+03	-2.77490351e+02	1.90375732e+02
0.3175	3.02654960e+03	1.79845617e+02	-2.59668156e+01
0.3225	3.11123226e+03	-1.88726204e+02	3.83539957e+02
0.3275	3.01565808e+03	-6.52468185e+01	1.13599680e+02
0.3325	2.87947295e+03	3.46178098e+02	3.43214436e+02
0.3375	2.73611664e+03	-2.17447044e+02	8.12304198e+01
0.3425	2.72215942e+03	3.33806755e+02	3.55098965e+02
0.3475	2.63528399e+03	-1.07759080e+02	-2.45128606e+02
0.3525	2.50817591e+03	-1.80281516e+02	4.83974186e+02
0.3575	2.56215379e+03	-3.73123963e+02	2.89444775e+02
0.3625	2.37280248e+03	-1.48807578e+02	3.57310354e+02
0.3675	2.52720055e+03	-3.90199901e+02	5.46666859e+02
0.3725	2.32444383e+03	-1.32139229e+02	1.22286022e+02
0.3775	2.29115548e+03	4.81439188e+01	-1.56533447e+02
0.3825	2.32650748e+03	-1.45142448e+02	5.87861747e+01
0.3875	2.12647457e+03	-8.42258013e+02	2.86037087e+02
0.3925	2.37222173e+03	-2.27710558e+02	2.14951122e+02
0.3975	2.23020995e+03	-9.29140051e+01	4.50708348e+01
