####### Power Spectrum of Patchy Simulation 1885 #############
# Patch: ngc
# z-type: z1
# Weights: fkp
# Fiducial Omega_m: 0.310
# Fiducial h: 0.676
# Forward-model pixellation : 0
# Rando n-bar: 0
# Boxsize: [1350.0, 2450.0, 1400.0]
# Grid: [193, 353, 200]
# k-binning: [0.000, 0.410, 0.005]
# Monte Carlo Simulations: 100
#
# Format: k | P0 | P2 | P4
############################################
0.0125	8.15209670e+04	7.26198462e+04	-3.44476105e+04
0.0175	6.93224051e+04	-9.75561247e+03	-2.14599628e+04
0.0225	9.10346220e+04	-1.16352165e+04	-7.52330136e+03
0.0275	6.44034065e+04	3.39254663e+04	-1.60410252e+03
0.0325	6.17213925e+04	1.16424077e+04	-7.51353005e+03
0.0375	5.66114415e+04	1.73946095e+04	-2.02904142e+04
0.0425	5.11943864e+04	3.80660969e+04	2.10073710e+03
0.0475	4.38525199e+04	2.31257401e+04	1.44410950e+04
0.0525	3.53251030e+04	1.62326559e+04	1.40776288e+04
0.0575	3.32104465e+04	1.83060688e+04	7.69885225e+03
0.0625	3.15104898e+04	7.36857910e+03	-6.38045553e+03
0.0675	3.20251032e+04	1.07092804e+04	-7.13290460e+02
0.0725	2.99305611e+04	1.64296177e+04	1.47408303e+03
0.0775	2.65395802e+04	4.86505574e+03	-5.24365902e+03
0.0825	2.46268933e+04	1.11973333e+04	2.07399651e+03
0.0875	2.14781844e+04	6.77070189e+03	-9.27688074e+02
0.0925	1.96263217e+04	6.46092626e+03	8.60053653e+02
0.0975	1.78283983e+04	6.07922346e+03	4.04305897e+02
0.1025	1.66472039e+04	8.51348960e+03	3.09107652e+03
0.1075	1.61052190e+04	6.09949914e+03	2.30371296e+03
0.1125	1.41278318e+04	4.40160873e+03	2.41175769e+03
0.1175	1.51355452e+04	4.99813378e+03	1.71509368e+03
0.1225	1.35237216e+04	4.33773962e+03	-1.44144898e+03
0.1275	1.29724595e+04	4.38602575e+03	1.14383697e+03
0.1325	1.19289122e+04	3.89189175e+03	2.15166269e+03
0.1375	1.21565509e+04	3.87664799e+03	-5.57252812e+02
0.1425	1.09545437e+04	3.76769445e+03	1.28059046e+03
0.1475	1.02871466e+04	4.20143809e+03	1.00303230e+03
0.1525	9.64290138e+03	3.17327610e+03	-1.42377553e+03
0.1575	9.36808535e+03	3.94463983e+03	1.12180156e+03
0.1625	8.74443636e+03	2.62547946e+03	6.09904107e+02
0.1675	8.18146397e+03	1.82031954e+03	-8.33247992e+02
0.1725	7.53171041e+03	2.53966690e+03	6.99556604e+02
0.1775	7.88505142e+03	2.02915830e+03	-1.22165224e+02
0.1825	7.63026834e+03	2.11841368e+03	1.66680957e+02
0.1875	7.11921904e+03	1.99671417e+03	2.35507833e+02
0.1925	6.99723478e+03	2.10465491e+03	2.95205842e+02
0.1975	6.49354135e+03	1.54781678e+03	-6.62216418e+02
0.2025	6.21425925e+03	1.57314296e+03	1.30717164e+03
0.2075	5.81878797e+03	1.56546145e+03	9.38206475e+02
0.2125	5.80012763e+03	9.80067313e+02	4.77762725e+02
0.2175	5.50583676e+03	1.32259727e+03	-4.66426604e+02
0.2225	5.44966219e+03	8.09150103e+02	1.35911055e+02
0.2275	4.92420550e+03	1.11049913e+03	-2.40824501e+01
0.2325	5.28763096e+03	9.74582790e+02	2.98348167e+02
0.2375	4.84741703e+03	5.88328760e+02	5.38049634e+02
0.2425	4.74508623e+03	9.10637593e+02	5.07949400e+02
0.2475	4.69238308e+03	1.06124834e+03	-3.92646545e+02
0.2525	4.13815985e+03	5.23157137e+02	-2.49347012e+02
0.2575	4.12391409e+03	5.71646348e+02	5.14261890e+02
0.2625	4.00248173e+03	6.85488094e+02	4.26816014e+02
0.2675	3.95277073e+03	6.70455966e+02	3.02410006e+02
0.2725	3.79301964e+03	2.89201707e+02	2.95011646e+02
0.2775	3.69676690e+03	2.97123081e+02	1.70917202e+02
0.2825	3.59104045e+03	2.17001962e+02	-4.55064591e+01
0.2875	3.48197190e+03	2.01782072e+02	2.69818804e+02
0.2925	3.45153662e+03	1.93723094e+02	1.16013774e+02
0.2975	3.22848279e+03	2.70789009e+02	2.47236658e+02
0.3025	3.22596663e+03	-2.37197600e+02	3.52416417e+02
0.3075	3.13256604e+03	-8.41743174e+01	3.66126753e+02
0.3125	2.99164420e+03	1.15490991e+02	3.09186854e+02
0.3175	2.85591069e+03	1.37788189e+02	1.87405808e+02
0.3225	2.84472235e+03	5.18084701e+01	6.61209915e+02
0.3275	2.89414066e+03	9.01964756e+01	1.52024459e+02
0.3325	2.73748797e+03	-4.67960726e+01	1.22879848e+02
0.3375	2.56932743e+03	-8.08480117e+01	-1.50221664e+02
0.3425	2.53574627e+03	-3.42228077e+02	1.74015852e+02
0.3475	2.44558670e+03	-1.28449901e+02	2.49519297e+02
0.3525	2.41874284e+03	-2.66907539e+02	2.36401621e+02
0.3575	2.36201441e+03	8.16397902e+01	5.19703971e+02
0.3625	2.27589278e+03	-2.29801777e+02	3.87890432e+02
0.3675	2.14569099e+03	-1.69579101e+02	2.20427177e+02
0.3725	2.17700678e+03	-3.22595387e+02	2.51222657e+02
0.3775	2.12616140e+03	-3.13215464e+02	9.83129272e+00
0.3825	2.08921554e+03	-8.68507861e+01	1.50162205e+02
0.3875	1.99910334e+03	-2.20630234e+02	7.43324285e+01
0.3925	2.00218083e+03	-2.26267665e+02	2.93753978e+02
0.3975	1.89111656e+03	-2.14472450e+02	4.75006017e+02
