####### Power Spectrum of Patchy Simulation 1795 #############
# Patch: ngc
# z-type: z1
# Weights: fkp
# Fiducial Omega_m: 0.310
# Fiducial h: 0.676
# Forward-model pixellation : 0
# Rando n-bar: 0
# Boxsize: [1350.0, 2450.0, 1400.0]
# Grid: [193, 353, 200]
# k-binning: [0.000, 0.410, 0.005]
# Monte Carlo Simulations: 100
#
# Format: k | P0 | P2 | P4
############################################
0.0125	9.56377657e+04	6.34853579e+04	2.42904880e+04
0.0175	6.77802757e+04	7.57120936e+04	-2.29534462e+04
0.0225	5.77017439e+04	-2.15041639e+04	-3.60590054e+04
0.0275	7.90293745e+04	1.92056542e+04	-3.11369011e+04
0.0325	5.72523903e+04	3.03961408e+04	-2.56552759e+04
0.0375	5.15663509e+04	2.16833893e+04	-1.34034617e+04
0.0425	4.98482940e+04	1.62496493e+04	-9.59127044e+03
0.0475	4.10199780e+04	2.20569217e+04	4.31250339e+03
0.0525	3.81096969e+04	2.21075386e+04	-8.98508441e+02
0.0575	3.29571659e+04	1.26338836e+04	-2.75255211e+03
0.0625	3.32430797e+04	5.12061399e+03	1.46293035e+03
0.0675	3.07393746e+04	1.17216107e+04	-3.02257629e+03
0.0725	2.85040846e+04	7.47971503e+03	1.82904725e+03
0.0775	2.51692931e+04	1.26773350e+04	3.05531732e+03
0.0825	2.35615492e+04	6.40786750e+03	-4.92586147e+03
0.0875	2.31716079e+04	1.39927325e+04	-1.76755141e+03
0.0925	2.05386080e+04	4.75484380e+03	-1.01322912e+01
0.0975	1.70791405e+04	4.84154831e+03	2.78910538e+02
0.1025	1.82800632e+04	7.43381028e+03	2.62129457e+03
0.1075	1.51961220e+04	6.45099073e+03	-6.41917499e+01
0.1125	1.57484953e+04	4.80001647e+03	-1.95567254e+02
0.1175	1.40824244e+04	4.14259952e+03	-1.38721358e+02
0.1225	1.38366108e+04	5.04740468e+03	8.72135365e+02
0.1275	1.31683007e+04	5.62863816e+03	-2.14172243e+02
0.1325	1.29121167e+04	4.20772800e+03	-2.37483939e+02
0.1375	1.18861506e+04	4.96105859e+03	3.57710902e+02
0.1425	1.04314070e+04	2.19401801e+03	1.40560724e+03
0.1475	1.01297216e+04	3.24309252e+03	1.74954715e+03
0.1525	9.69762718e+03	1.46080886e+03	-4.90639247e+02
0.1575	8.82717877e+03	1.93026741e+03	1.23323660e+02
0.1625	8.76116604e+03	2.41304573e+03	1.50346586e+02
0.1675	8.53678940e+03	2.94612683e+03	1.00252336e+03
0.1725	8.14080213e+03	1.74163397e+03	5.02293622e+02
0.1775	7.48936211e+03	1.49105352e+03	-1.16112590e+02
0.1825	7.03558123e+03	2.37361038e+03	-3.14205342e+01
0.1875	7.04943616e+03	1.59376908e+03	-7.47641977e+02
0.1925	6.69689961e+03	1.48839242e+03	4.48030454e+02
0.1975	6.85450154e+03	1.44427942e+03	-7.42435283e+01
0.2025	6.14834904e+03	1.38405216e+03	5.59527446e+02
0.2075	6.20613615e+03	1.69313187e+03	5.54801855e+02
0.2125	5.75831777e+03	1.32666747e+03	-2.43841147e+02
0.2175	5.55013083e+03	7.29888927e+02	1.06594086e+02
0.2225	5.40301060e+03	9.78476755e+02	3.47211548e+02
0.2275	5.18026784e+03	1.06755740e+03	7.07925155e+02
0.2325	4.83458604e+03	4.35265670e+02	2.96903941e+02
0.2375	4.88856913e+03	1.08259385e+03	-1.31695698e+02
0.2425	4.74398894e+03	8.94292510e+02	-4.04973651e+02
0.2475	4.51023568e+03	5.63388963e+02	-8.10401989e+01
0.2525	4.44261857e+03	9.91909327e+02	2.12307140e+02
0.2575	4.31734003e+03	6.69007309e+02	1.63849995e+01
0.2625	4.10995242e+03	5.81917947e+02	1.80436620e+02
0.2675	3.99929882e+03	3.35408361e+02	5.99218926e+01
0.2725	3.95899816e+03	5.73473337e+02	3.89062941e+02
0.2775	3.65273101e+03	6.09478715e+02	4.82744929e+01
0.2825	3.60368302e+03	3.64302888e+01	6.78481151e+01
0.2875	3.39732122e+03	3.71398148e+02	1.73857301e+02
0.2925	3.42639210e+03	2.34545658e+02	5.12694980e+02
0.2975	3.29523389e+03	1.24057984e+02	6.96312343e+02
0.3025	3.14854964e+03	7.37884896e+01	3.64699189e+02
0.3075	3.06701771e+03	1.19324299e+02	1.58622350e+02
0.3125	2.93070737e+03	-1.15966157e+02	2.95425872e+02
0.3175	2.92007764e+03	1.29695975e+01	2.42376372e+02
0.3225	2.76170323e+03	-5.72329014e+01	1.57511514e+01
0.3275	2.68194666e+03	-3.13441126e+01	1.40440390e+02
0.3325	2.60044417e+03	1.21083045e+02	2.83225860e+02
0.3375	2.50756998e+03	-1.00547987e+02	1.94768299e+02
0.3425	2.53378043e+03	-1.68770639e+02	3.22988088e+01
0.3475	2.42059427e+03	6.39528356e+01	1.90916113e+02
0.3525	2.41219883e+03	-1.66084870e+02	3.63479941e+02
0.3575	2.33472607e+03	-1.15678408e+02	1.52678810e+02
0.3625	2.27165215e+03	-3.49911126e+02	-1.75811993e+00
0.3675	2.19114574e+03	-3.88807665e+02	2.60787782e+02
0.3725	2.14543605e+03	-2.46727973e+02	4.15227084e+02
0.3775	2.08175945e+03	-4.95039547e+02	7.41300834e+01
0.3825	2.14491343e+03	-1.58022088e+02	2.70274068e+02
0.3875	1.99032169e+03	-3.51695226e+02	2.51081115e+02
0.3925	1.95886186e+03	-3.10522184e+02	9.73317214e+01
0.3975	2.06358903e+03	-3.09354372e+02	2.67188988e+02
