####### Power Spectrum of Patchy Simulation 1431 #############
# Patch: sgc
# z-type: z1
# Weights: fkp
# Fiducial Omega_m: 0.310
# Fiducial h: 0.676
# Forward-model pixellation : 0
# Rando n-bar: 0
# Boxsize: [1000.0, 1900.0, 1100.0]
# Grid: [146, 276, 161]
# k-binning: [0.000, 0.410, 0.005]
# Monte Carlo Simulations: 100
#
# Format: k | P0 | P2 | P4
############################################
0.0125	5.18382748e+04	3.73698326e+04	8.48646902e+04
0.0175	4.62048883e+04	-2.44872814e+04	7.67132274e+03
0.0225	6.20886505e+04	7.28226188e+03	2.59049116e+04
0.0275	4.48239168e+04	3.44031491e+04	-2.13288828e+04
0.0325	6.57720913e+04	3.53266090e+04	-5.17026818e+03
0.0375	5.38925516e+04	4.69956951e+03	-1.36804066e+04
0.0425	3.60916565e+04	1.54828382e+04	-5.26324075e+02
0.0475	4.05782183e+04	1.71842668e+04	-4.30799404e+03
0.0525	3.65272149e+04	1.73774346e+04	7.15780220e+03
0.0575	3.18705300e+04	4.05663244e+03	-9.19974639e+03
0.0625	3.31323449e+04	1.89107699e+04	-7.86179726e+03
0.0675	3.14153362e+04	2.18790319e+04	-1.19337481e+03
0.0725	2.85871927e+04	1.78021821e+04	-5.34235505e+03
0.0775	2.59839002e+04	4.68474934e+03	-3.36546281e+02
0.0825	2.24925056e+04	8.75664356e+03	1.12099965e-01
0.0875	2.13795150e+04	1.02620218e+04	2.02812326e+03
0.0925	1.85409600e+04	3.55521371e+03	-2.55171106e+03
0.0975	1.91081617e+04	7.83586247e+03	-4.49536521e+03
0.1025	1.60212888e+04	-1.56951683e+03	-4.04956569e+03
0.1075	1.58191314e+04	8.05627666e+03	1.09610516e+03
0.1125	1.47169305e+04	5.07420156e+03	4.88984700e+03
0.1175	1.30315592e+04	4.36488177e+03	-1.82411107e+03
0.1225	1.34604374e+04	6.08415446e+03	1.55939303e+03
0.1275	1.39111681e+04	3.86536801e+03	-1.91458107e+03
0.1325	1.23593217e+04	4.30644557e+03	4.92112377e+03
0.1375	1.03630284e+04	2.95405484e+03	1.32235691e+03
0.1425	1.15907943e+04	4.39701417e+03	1.71779495e+02
0.1475	1.13578579e+04	2.64966494e+03	9.51926782e+02
0.1525	9.94599552e+03	4.12489431e+03	3.41206188e+03
0.1575	9.21137555e+03	2.14768120e+03	-1.67772873e+03
0.1625	8.78608204e+03	4.03708592e+03	4.12083418e+02
0.1675	7.98362692e+03	6.22140224e+02	9.48795093e+02
0.1725	8.31285127e+03	3.65140388e+03	3.13469227e+01
0.1775	7.42825009e+03	1.56428271e+03	1.59882251e+03
0.1825	6.90001299e+03	2.20166360e+03	-5.65170121e+02
0.1875	7.05087061e+03	1.52028612e+03	3.07158791e+02
0.1925	6.93508317e+03	1.31226005e+03	7.13032848e+02
0.1975	6.61019675e+03	1.49596851e+03	5.66372364e+02
0.2025	6.25148103e+03	1.62655078e+03	8.99547727e+02
0.2075	6.05486354e+03	1.39688860e+03	5.13244091e+02
0.2125	5.92302075e+03	1.32871407e+02	9.30183129e+02
0.2175	5.51302231e+03	1.05775700e+03	3.38387278e+02
0.2225	5.51049277e+03	2.37926313e+03	1.12827410e+03
0.2275	4.72960563e+03	5.42823950e+02	-2.15869525e+02
0.2325	5.22337111e+03	1.02648697e+03	1.33683467e+03
0.2375	5.14006090e+03	4.57627963e+02	-2.80833339e+02
0.2425	4.51999550e+03	1.06699500e+03	3.82568878e+02
0.2475	4.24440684e+03	6.17046244e+02	3.66909599e+02
0.2525	4.20746979e+03	5.33546128e+02	5.82716646e+02
0.2575	4.13236198e+03	2.89983029e+02	3.87767644e+02
0.2625	4.11075621e+03	7.77802667e+02	2.75630365e+02
0.2675	3.94803494e+03	1.90978849e+02	2.61961761e+02
0.2725	3.76688232e+03	7.46898963e+01	5.25464092e+02
0.2775	3.75007216e+03	8.23313609e+02	4.75315320e+02
0.2825	3.46359365e+03	-4.23099884e+01	-5.03657582e+01
0.2875	3.47337392e+03	4.41688640e+02	1.87347267e+02
0.2925	3.10973873e+03	2.09419662e+02	5.97976575e+02
0.2975	3.28053900e+03	6.20261401e+01	2.17233741e+02
0.3025	3.14716692e+03	4.12961507e+02	5.14548196e+02
0.3075	3.12768281e+03	-3.12443571e+02	-1.24623092e+02
0.3125	3.06593464e+03	-2.68433427e+01	2.06704299e+02
0.3175	2.92778218e+03	-2.78556826e+02	-1.65233212e+00
0.3225	2.81011061e+03	1.75955948e+02	2.42155081e+02
0.3275	2.65161663e+03	-1.10226781e+02	-1.18793323e+01
0.3325	2.75823567e+03	-1.15603128e+02	3.15613055e+02
0.3375	2.70114877e+03	-4.38798754e+01	3.72333857e+02
0.3425	2.77634233e+03	-2.81363421e+02	-1.57994632e+02
0.3475	2.49727937e+03	5.20174092e+01	1.51260240e+02
0.3525	2.32004230e+03	-5.10390349e+02	2.97907278e+02
0.3575	2.37582170e+03	-2.14640295e+02	2.59882356e+02
0.3625	2.33244456e+03	-2.13630655e+02	-2.29644995e+02
0.3675	2.33313408e+03	-4.92383044e+02	7.42013912e+02
0.3725	2.02355462e+03	5.15335376e+01	4.53708814e+02
0.3775	2.15658665e+03	-4.75272572e+02	3.31155419e+02
0.3825	2.17830204e+03	-1.80552403e+02	2.69330933e+02
0.3875	2.06926698e+03	-2.82950852e+02	1.61969809e+01
0.3925	2.19742802e+03	-4.28911956e+02	3.53040831e+02
0.3975	2.04140125e+03	-3.73682889e+02	1.77299524e+02
