####### Power Spectrum of Patchy Simulation 351 #############
# Patch: sgc
# z-type: z3
# Weights: fkp
# Fiducial Omega_m: 0.310
# Fiducial h: 0.676
# Forward-model pixellation : 0
# Rando n-bar: 0
# Boxsize: [1000.0, 2600.0, 1500.0]
# Grid: [146, 384, 215]
# k-binning: [0.000, 0.410, 0.005]
# Monte Carlo Simulations: 100
#
# Format: k | P0 | P2 | P4
############################################
0.0125	7.65912055e+04	1.52030365e+04	-9.96940173e+04
0.0175	8.32418413e+04	4.78292666e+04	-7.44526592e+04
0.0225	6.48844687e+04	-2.58188749e+03	2.87366599e+02
0.0275	5.90211574e+04	2.10389121e+04	2.11135666e+04
0.0325	4.90580706e+04	2.60941463e+04	-2.03165664e+04
0.0375	5.63499763e+04	2.22707762e+04	3.69141246e+04
0.0425	5.39696079e+04	7.33861903e+04	2.18299765e+04
0.0475	3.69752312e+04	9.79851808e+03	-1.99388645e+02
0.0525	3.81038946e+04	1.02482704e+04	1.44010650e+04
0.0575	3.65694747e+04	1.17835604e+04	7.22728193e+03
0.0625	3.03293139e+04	8.89845998e+03	2.40769507e+03
0.0675	3.13024012e+04	7.31926932e+03	-4.13914585e+03
0.0725	2.79136468e+04	1.87375107e+04	3.36460151e+03
0.0775	2.67862938e+04	9.87629703e+03	4.77702129e+03
0.0825	2.36880967e+04	1.11058773e+04	5.25678228e+03
0.0875	2.06241675e+04	9.32431265e+03	-2.87532521e+03
0.0925	2.16698757e+04	1.06033592e+04	2.11599976e+03
0.0975	1.92638102e+04	3.52337571e+03	2.07107143e+03
0.1025	1.71347880e+04	4.61516259e+03	-5.48233186e+01
0.1075	1.60827988e+04	5.32068709e+03	2.35877140e+03
0.1125	1.50554713e+04	8.12732412e+03	4.48799004e+02
0.1175	1.43185356e+04	7.09241718e+03	3.01416016e+03
0.1225	1.34457604e+04	2.67202570e+03	3.26346265e+03
0.1275	1.30916782e+04	5.70815346e+03	8.38076502e+02
0.1325	1.18333719e+04	3.83987519e+03	1.55911477e+03
0.1375	1.24934269e+04	4.73941082e+03	1.19209000e+03
0.1425	1.07078513e+04	3.79725567e+03	3.50494567e+03
0.1475	1.09498452e+04	2.97890579e+03	9.38934680e+02
0.1525	1.01727971e+04	1.95143998e+03	1.73653347e+03
0.1575	8.75866785e+03	2.62871084e+03	2.61783792e+03
0.1625	9.66252705e+03	3.88826425e+03	9.80630315e+02
0.1675	7.84460528e+03	1.53403217e+03	-5.47240806e+02
0.1725	8.29866761e+03	2.62826729e+03	1.15706537e+03
0.1775	8.12146467e+03	1.87226333e+03	-1.82159080e+03
0.1825	7.84649218e+03	2.17340458e+03	1.01845377e+03
0.1875	6.85114641e+03	2.59347409e+03	4.05522813e+02
0.1925	7.65222711e+03	1.84691150e+03	1.59797495e+03
0.1975	6.70572025e+03	1.25362871e+03	7.42068884e+02
0.2025	6.91917595e+03	1.86383780e+03	-6.69448290e+02
0.2075	5.90199541e+03	1.66238478e+03	1.70699685e+03
0.2125	6.76056980e+03	2.12059363e+03	1.64479090e+03
0.2175	5.70021147e+03	1.14488606e+03	-7.01506050e+02
0.2225	5.72386798e+03	1.43110916e+03	1.40246142e+03
0.2275	5.69794514e+03	7.05362075e+02	1.57383404e+02
0.2325	5.16718662e+03	1.04638207e+03	1.45483559e+03
0.2375	5.15753197e+03	1.41106260e+03	1.66029266e+03
0.2425	4.72588284e+03	8.77451515e+02	5.27543999e+02
0.2475	4.93563253e+03	1.39093975e+02	-7.96553703e+02
0.2525	4.41390454e+03	1.62254296e+03	-6.50835001e+00
0.2575	4.81626012e+03	-1.07221944e+02	3.32178641e+02
0.2625	4.27657551e+03	6.38866390e+02	-1.85332465e+01
0.2675	3.72497201e+03	5.09682843e+01	9.99247822e+02
0.2725	4.19573265e+03	6.04538785e+02	-5.33161160e+02
0.2775	4.10849404e+03	4.87230066e+02	2.25524951e+02
0.2825	3.89256665e+03	7.53500796e+02	2.47247572e+02
0.2875	3.46050051e+03	2.14545135e+02	6.21977817e+02
0.2925	3.71233576e+03	-1.45344865e+02	3.15576774e+02
0.2975	3.39784587e+03	5.25287207e+02	-2.09611152e+02
0.3025	3.58214687e+03	-3.44225453e+02	4.88574250e+02
0.3075	3.23555914e+03	8.49377591e+00	1.77891039e+02
0.3125	3.36929256e+03	7.03016704e+00	-1.32187139e+02
0.3175	3.23880784e+03	-4.88468562e+01	-7.77483276e+01
0.3225	3.38419119e+03	1.76020492e+02	-8.86412673e+01
0.3275	3.04457224e+03	2.69982637e+02	2.80605952e+02
0.3325	2.74524607e+03	3.60011054e+02	7.44804000e+02
0.3375	2.87783101e+03	3.63164412e+01	-1.48182149e+02
0.3425	2.67697400e+03	2.77216672e+02	5.81235326e+02
0.3475	2.68482112e+03	-5.32197359e+02	1.00603090e+01
0.3525	2.79616763e+03	-3.64371151e+02	4.13325198e+02
0.3575	2.81873964e+03	3.27648816e+02	6.03918864e+02
0.3625	2.45062038e+03	-2.42771577e+02	-2.67832144e+02
0.3675	2.75051818e+03	3.20638972e+02	6.48008357e+02
0.3725	2.51757962e+03	-5.23789724e+02	3.82419175e+02
0.3775	2.38890767e+03	-5.70086810e+02	-7.52302442e-01
0.3825	2.32904322e+03	1.13942346e+02	6.11614321e+02
0.3875	2.50679439e+03	-9.16442514e+01	5.83567019e+02
0.3925	2.23142898e+03	-1.60679416e+02	-5.80112107e+02
0.3975	2.25794368e+03	-5.65235978e+02	3.18835200e+02
