####### Power Spectrum of Patchy Simulation 1628 #############
# Patch: ngc
# z-type: z3
# Weights: fkp
# Fiducial Omega_m: 0.310
# Fiducial h: 0.676
# Forward-model pixellation : 0
# Rando n-bar: 0
# Boxsize: [1800.0, 3400.0, 1900.0]
# Grid: [261, 500, 276]
# k-binning: [0.000, 0.410, 0.005]
# Monte Carlo Simulations: 100
#
# Format: k | P0 | P2 | P4
############################################
0.0125	6.74347386e+04	-7.55126334e+04	-5.02773253e+04
0.0175	6.28773570e+04	8.44754839e+04	4.52542543e+04
0.0225	8.64916102e+04	5.71128765e+04	-1.59344646e+04
0.0275	6.25584701e+04	2.53299836e+04	-5.71779846e+03
0.0325	4.94335172e+04	2.96932123e+04	-4.65326190e+03
0.0375	5.00670057e+04	2.11973239e+04	-1.25827513e+04
0.0425	4.01848964e+04	2.52224334e+04	3.37244130e+03
0.0475	4.11627311e+04	2.71495291e+04	1.01569000e+04
0.0525	3.57386730e+04	1.26325104e+04	5.36559200e+03
0.0575	3.36139474e+04	1.69259484e+04	3.52474974e+03
0.0625	3.04246161e+04	8.28370372e+03	-4.84480210e+03
0.0675	2.81105637e+04	1.61421581e+04	1.10791300e+04
0.0725	2.46122609e+04	2.39094628e+03	-5.10981118e+03
0.0775	2.28046133e+04	7.02769552e+03	2.06270566e+03
0.0825	2.14992821e+04	9.99151353e+03	3.61685454e+02
0.0875	2.00670605e+04	7.99715020e+03	-3.67338445e+03
0.0925	1.85778970e+04	6.37341650e+03	5.59121463e+02
0.0975	1.75159082e+04	7.92419619e+03	1.63340743e+03
0.1025	1.51271497e+04	3.54305786e+03	-2.15317474e+03
0.1075	1.51007056e+04	6.19941333e+03	1.21697714e+03
0.1125	1.40340553e+04	3.97471692e+03	-6.52759685e+02
0.1175	1.31407591e+04	5.57702571e+03	3.18463510e+02
0.1225	1.25214689e+04	5.84790880e+03	9.84989805e+02
0.1275	1.20690911e+04	3.48029464e+03	-2.89773229e+01
0.1325	1.15134346e+04	5.00999328e+03	3.74055270e+01
0.1375	1.12382660e+04	3.43154623e+03	1.67196904e+03
0.1425	9.96143970e+03	3.47145559e+03	5.16191013e+02
0.1475	9.86847093e+03	3.48607292e+03	7.42204570e+02
0.1525	8.78254342e+03	1.57348080e+03	-1.21486315e+03
0.1575	8.61325875e+03	3.49570958e+03	1.38005692e+03
0.1625	8.52460700e+03	2.03449562e+03	-9.74232010e+02
0.1675	7.56380337e+03	2.63123922e+03	-2.78362322e+01
0.1725	8.13164882e+03	3.39651039e+03	1.03834794e+03
0.1775	6.56404523e+03	3.29561539e+01	-2.02523924e+02
0.1825	6.96020068e+03	3.16525339e+03	1.39502364e+03
0.1875	6.63993017e+03	1.66253242e+03	-2.71330606e+02
0.1925	6.20382515e+03	1.32746060e+03	9.68807087e+02
0.1975	5.86463793e+03	1.28633609e+03	1.08886371e+03
0.2025	5.92398717e+03	1.76060525e+03	-2.69449395e+02
0.2075	5.57391552e+03	1.19521136e+03	6.53391078e+02
0.2125	5.63958352e+03	1.28288725e+03	2.62360245e+02
0.2175	5.06945745e+03	9.86288266e+02	8.30853892e+02
0.2225	4.89147856e+03	4.20287282e+02	-4.31637628e+02
0.2275	5.11788698e+03	1.94984270e+03	7.40359229e+02
0.2325	4.37578701e+03	7.68010365e+02	2.79062263e+02
0.2375	4.41789592e+03	1.04366197e+03	3.37694272e+02
0.2425	4.16518498e+03	9.09445330e+02	-2.44223997e+02
0.2475	4.06204006e+03	6.17365448e+02	-1.51592781e+02
0.2525	3.99594713e+03	5.25120402e+02	-6.17710838e+01
0.2575	4.00077968e+03	1.03803493e+03	5.05159600e+02
0.2625	3.76600068e+03	3.08800953e+02	6.32272065e+02
0.2675	3.76942593e+03	9.33980878e+02	-4.84122040e+01
0.2725	3.41361620e+03	2.47275799e+02	4.14560710e+00
0.2775	3.41083163e+03	1.83575708e+02	4.60758619e+02
0.2825	3.17814348e+03	4.93096177e+02	1.19451098e+01
0.2875	3.22176198e+03	1.46639716e+02	6.41277118e+01
0.2925	3.19137044e+03	1.91007126e+02	4.18693001e+02
0.2975	3.07368108e+03	3.05299872e+02	4.74568746e+01
0.3025	2.66596212e+03	3.52826170e+02	1.72392633e+02
0.3075	2.92836220e+03	2.13732493e+02	6.90029841e+02
0.3125	2.71187935e+03	1.50379412e+02	1.75139466e+02
0.3175	2.73798736e+03	-1.75508244e+02	1.90815379e+02
0.3225	2.44757260e+03	-1.58915410e+02	-2.47248520e+00
0.3275	2.58982224e+03	1.92437978e+02	2.53571103e+02
0.3325	2.47034239e+03	-1.02169988e+01	4.04992640e+02
0.3375	2.33377539e+03	6.03789333e+01	3.08618248e+02
0.3425	2.38234913e+03	1.00199528e+02	4.86309812e+01
0.3475	2.15605600e+03	-3.65837625e+02	1.50269825e+02
0.3525	2.30327666e+03	1.12668942e+02	4.38088779e+02
0.3575	2.11446733e+03	1.02824077e+02	1.40945011e+01
0.3625	2.14744609e+03	-1.75444396e+02	3.65375978e+02
0.3675	1.98761502e+03	-1.00494840e+02	3.80882403e+02
0.3725	1.91942189e+03	-2.47921312e+02	1.40375665e+02
0.3775	1.93661209e+03	-2.46510814e+02	-1.24702884e+02
0.3825	1.68933663e+03	-2.78146383e+02	3.60303282e+02
0.3875	1.92523402e+03	-7.00116824e-01	4.36025022e+02
0.3925	1.77768236e+03	-3.56910781e+02	1.07377166e+02
0.3975	1.86344519e+03	4.18556460e+01	1.31657585e+02
