####### Power Spectrum of Patchy Simulation 62 #############
# Patch: sgc
# z-type: z3
# Weights: fkp
# Fiducial Omega_m: 0.310
# Fiducial h: 0.676
# Forward-model pixellation : 0
# Rando n-bar: 0
# Boxsize: [1000.0, 2600.0, 1500.0]
# Grid: [146, 384, 215]
# k-binning: [0.000, 0.410, 0.005]
# Monte Carlo Simulations: 100
#
# Format: k | P0 | P2 | P4
############################################
0.0125	7.97770794e+04	-9.84447729e+04	7.29608832e+04
0.0175	6.91874653e+04	-1.98174271e+03	2.89740120e+04
0.0225	7.23579060e+04	4.76705738e+04	-4.19345061e+04
0.0275	7.02593610e+04	3.28710886e+04	-8.06074149e+03
0.0325	5.88628335e+04	1.45713981e+04	3.07039932e+03
0.0375	4.44549259e+04	1.01000983e+04	2.20046847e+04
0.0425	5.38678967e+04	1.56532605e+04	-1.67864894e+04
0.0475	4.13107704e+04	1.50157528e+04	1.97892546e+04
0.0525	3.72115543e+04	2.17113066e+04	1.11526683e+04
0.0575	3.46711048e+04	1.64697703e+04	-1.33025181e+04
0.0625	3.27450476e+04	2.22077532e+03	4.69131315e+03
0.0675	3.40815859e+04	2.02956819e+04	8.06124182e+03
0.0725	2.76450743e+04	1.61369444e+04	-2.24573710e+03
0.0775	2.69319239e+04	3.60707834e+03	-1.28670149e+03
0.0825	2.39463531e+04	1.01721050e+04	7.66463343e+03
0.0875	2.27012529e+04	1.07608229e+04	-3.49867066e+02
0.0925	1.95229212e+04	1.32675143e+04	6.23643113e+03
0.0975	1.89529445e+04	-1.35508620e+03	-2.75131109e+03
0.1025	1.81090428e+04	7.88449492e+03	2.30307974e+03
0.1075	1.64657469e+04	5.28353904e+03	7.66910122e+03
0.1125	1.47934067e+04	4.49378418e+03	-1.28120887e+03
0.1175	1.41356380e+04	5.80764870e+03	8.58847189e+01
0.1225	1.45073515e+04	4.03444326e+03	-2.47005690e+03
0.1275	1.30334634e+04	3.01608534e+03	3.24928943e+03
0.1325	1.16258468e+04	3.27314427e+03	-7.57624602e+02
0.1375	1.20518383e+04	4.46615539e+03	-1.51378100e+03
0.1425	1.10068062e+04	5.21801192e+03	2.35820914e+03
0.1475	1.04354161e+04	3.87163971e+03	-2.41182101e+02
0.1525	1.08357797e+04	3.30274499e+03	-1.69187021e+03
0.1575	9.39147604e+03	2.80313724e+03	1.95917398e+03
0.1625	9.16842266e+03	4.16505557e+03	2.16396374e+03
0.1675	8.55248541e+03	2.34445766e+03	-1.42408279e+02
0.1725	8.42905032e+03	2.58736984e+03	-1.31263467e+02
0.1775	8.34328112e+03	1.29187009e+03	1.24856604e+02
0.1825	7.61031057e+03	1.61278986e+03	2.15359232e+02
0.1875	7.69716809e+03	1.68329076e+03	-2.27040774e+03
0.1925	6.79442019e+03	2.15270129e+03	9.53277037e+01
0.1975	7.39289935e+03	1.43894668e+03	1.85362015e+02
0.2025	6.54397906e+03	1.96746287e+03	5.00347270e+02
0.2075	6.16317007e+03	1.32944720e+03	-1.31577390e+03
0.2125	6.38170814e+03	1.64031258e+03	1.01726424e+03
0.2175	5.76806226e+03	1.20538875e+03	-4.35124708e+02
0.2225	5.44810507e+03	2.18894225e+01	-7.92249105e+02
0.2275	5.77360169e+03	2.08936946e+03	6.10873600e+02
0.2325	5.00390101e+03	2.15423649e+02	3.12642317e+02
0.2375	5.39411840e+03	1.98366519e+03	1.60741991e+01
0.2425	4.59333836e+03	-3.72179238e+02	-1.01541098e+03
0.2475	5.30207076e+03	2.22250334e+03	9.06974029e+02
0.2525	4.91409849e+03	6.20212909e+02	6.50789876e+02
0.2575	4.39098215e+03	5.60899112e+02	-7.91032603e+01
0.2625	4.24312126e+03	4.82491981e+02	3.37092988e+02
0.2675	3.96602802e+03	4.11817371e+02	4.56377840e+01
0.2725	4.22315496e+03	9.51991285e+01	-1.91705481e+02
0.2775	4.09347963e+03	8.37183760e+02	6.30289432e+02
0.2825	3.89830958e+03	7.91017594e+02	4.28105264e+02
0.2875	3.78275726e+03	5.94730375e+02	4.05506495e+02
0.2925	3.67501414e+03	-2.40844863e+02	-5.52466849e+02
0.2975	3.30627076e+03	1.33923133e+02	5.36163390e+02
0.3025	3.34010273e+03	9.31343830e+02	7.53183315e+02
0.3075	3.39137888e+03	2.46712844e+01	-2.18543291e+02
0.3125	3.24587324e+03	1.47562962e+02	1.04289413e+02
0.3175	2.93115260e+03	-3.25353466e+01	-1.77698994e+02
0.3225	3.23380857e+03	-2.49085874e+02	4.81383379e+02
0.3275	2.95215335e+03	2.08456660e+02	-4.41523160e+02
0.3325	2.83839921e+03	2.00921700e+02	4.59128662e+02
0.3375	2.88410506e+03	-3.60742611e+02	1.99952614e+02
0.3425	2.73750299e+03	-2.27055729e+02	-8.38339187e+01
0.3475	2.64033420e+03	-2.71093597e+02	9.67500337e+01
0.3525	2.76165499e+03	-2.13117308e+02	-2.66947507e+01
0.3575	2.47533056e+03	-3.21739270e+02	-2.58720030e+02
0.3625	2.64153340e+03	-1.67339040e+02	-9.26374600e+01
0.3675	2.46619523e+03	-3.90673912e+02	5.71654795e+02
0.3725	2.56283539e+03	2.94499812e+02	1.40005533e+02
0.3775	2.40634946e+03	-5.99927727e+02	-4.89928247e+02
0.3825	2.42548564e+03	-2.63861388e+02	5.17096107e+02
0.3875	2.37269207e+03	-7.03367653e+02	5.00000241e+01
0.3925	2.32260048e+03	-2.07496260e+02	5.94301696e+02
0.3975	2.24901005e+03	-3.83243036e+02	-2.10760806e+02
