####### Power Spectrum of Patchy Simulation 1728 #############
# Patch: sgc
# z-type: z1
# Weights: fkp
# Fiducial Omega_m: 0.310
# Fiducial h: 0.676
# Forward-model pixellation : 0
# Rando n-bar: 0
# Boxsize: [1000.0, 1900.0, 1100.0]
# Grid: [146, 276, 161]
# k-binning: [0.000, 0.410, 0.005]
# Monte Carlo Simulations: 100
#
# Format: k | P0 | P2 | P4
############################################
0.0125	8.97802354e+04	9.42449139e+04	1.01107296e+05
0.0175	4.79447711e+04	-2.07754648e+04	7.34080295e+03
0.0225	8.54540608e+04	-1.55607775e+04	-5.94740666e+04
0.0275	7.65707202e+04	4.43851331e+04	-4.75400966e+04
0.0325	8.17766471e+04	1.33810436e+02	-1.96412851e+04
0.0375	3.61455247e+04	-1.11993134e+04	-3.30931999e+04
0.0425	4.49128708e+04	2.34576206e+04	-6.68565775e+03
0.0475	3.63926175e+04	1.94600491e+04	4.34255107e+03
0.0525	3.68012643e+04	1.37222000e+04	-1.49273092e+04
0.0575	3.27373551e+04	2.90093430e+04	3.80706890e+03
0.0625	2.90795732e+04	1.01849606e+03	9.50729846e+03
0.0675	3.11852681e+04	1.64740688e+04	-6.82732947e+03
0.0725	2.85400917e+04	1.40708105e+04	-9.00151002e+03
0.0775	2.92904636e+04	5.79272889e+03	-8.48616727e+03
0.0825	2.22243248e+04	1.19171225e+04	-5.82688772e+03
0.0875	2.24392538e+04	1.51253438e+04	-2.56139696e+03
0.0925	2.26653949e+04	4.20874801e+03	-3.53904050e+03
0.0975	1.80368439e+04	9.91076050e+03	-5.46614729e+03
0.1025	1.51347746e+04	8.06681639e+03	1.98930451e+03
0.1075	1.49068319e+04	7.29395418e+03	9.19139954e+02
0.1125	1.45891458e+04	1.45488247e+03	-1.21666943e+03
0.1175	1.42555335e+04	8.07472063e+03	-1.30166628e+03
0.1225	1.60849183e+04	8.12591407e+03	2.75438512e+03
0.1275	1.25439781e+04	1.66344490e+03	-1.49234130e+02
0.1325	1.14354403e+04	5.65244057e+03	2.90335522e+03
0.1375	1.22369116e+04	5.12654905e+03	-3.14713037e+03
0.1425	1.13847836e+04	3.52604172e+03	-4.08258867e+02
0.1475	1.01040574e+04	1.23695675e+03	1.44899661e+02
0.1525	9.78659709e+03	3.27726309e+03	-4.28974645e+02
0.1575	9.40748866e+03	2.96607875e+03	1.02039958e+03
0.1625	8.88787328e+03	3.04319487e+03	2.09791515e+03
0.1675	8.98815835e+03	2.30757284e+03	1.67773947e+03
0.1725	7.56125554e+03	2.81576393e+03	1.02728152e+03
0.1775	7.53877226e+03	2.30071981e+03	2.68297085e+03
0.1825	7.85358449e+03	2.48326074e+03	9.33758526e+00
0.1875	6.59740729e+03	2.75651782e+03	4.80007642e+02
0.1925	7.11085520e+03	2.74548532e+03	9.01493775e+02
0.1975	6.89261013e+03	1.67370195e+03	7.66065035e+02
0.2025	6.52873290e+03	2.42675168e+03	3.37705746e+02
0.2075	6.02706531e+03	1.37207225e+03	-1.63248932e+02
0.2125	5.69385172e+03	1.84243740e+03	2.36487205e+03
0.2175	5.26327396e+03	5.31305867e+02	-3.15183835e+01
0.2225	5.24674317e+03	9.59088631e+01	4.74020839e+02
0.2275	5.10323355e+03	1.34619840e+03	-3.19845883e+02
0.2325	5.43145584e+03	1.12480032e+03	-1.15187602e+03
0.2375	4.96456377e+03	2.08200079e+03	4.21316727e+02
0.2425	4.79842950e+03	7.46695102e+02	1.08616228e+03
0.2475	4.45144582e+03	9.68653647e+02	4.57615801e+02
0.2525	4.48653770e+03	1.43036069e+02	6.39649246e+02
0.2575	4.18710461e+03	6.62200522e+02	4.67091010e+02
0.2625	4.37816794e+03	7.45920475e+02	4.21465236e+02
0.2675	3.94765467e+03	1.12552282e+02	2.62886258e+02
0.2725	3.78369151e+03	2.76644859e+02	1.34687712e+02
0.2775	3.75902938e+03	2.61143115e+02	6.07089023e+02
0.2825	3.82965806e+03	1.74998764e+02	1.12309668e+03
0.2875	3.74057279e+03	2.25356501e+02	2.27568198e+02
0.2925	3.25240413e+03	-8.42350867e+01	6.07887176e+02
0.2975	3.35401675e+03	4.53341586e+02	8.79603527e+02
0.3025	3.02311651e+03	5.13318804e+02	3.89279631e+02
0.3075	3.13627942e+03	3.82669010e+02	2.15995964e+02
0.3125	2.97008868e+03	-1.27403368e+02	3.85035796e+01
0.3175	2.70114530e+03	-1.95735802e+02	4.58544793e+02
0.3225	2.85380909e+03	-1.13294039e+02	-2.14627701e+02
0.3275	2.83293784e+03	6.21192052e+01	3.77613231e+01
0.3325	2.70558726e+03	-1.99886826e+02	3.50356088e+02
0.3375	2.58923731e+03	-7.70027564e+01	1.54352013e+02
0.3425	2.42794255e+03	-1.04938636e+02	3.02207280e+02
0.3475	2.57119115e+03	-3.09156050e+02	8.46104700e+01
0.3525	2.39406847e+03	2.19593369e+01	6.96415212e+02
0.3575	2.22461298e+03	-1.59649009e+02	4.57735206e+02
0.3625	2.29191109e+03	5.50564528e+01	4.36840360e+02
0.3675	2.19882944e+03	-3.98025755e+02	-2.21294099e+02
0.3725	2.18294783e+03	-3.67563887e+02	3.10781175e+02
0.3775	2.19460860e+03	-2.69683728e+02	1.17412973e+02
0.3825	2.00141238e+03	-2.95486893e+02	6.75286717e+02
0.3875	2.11522145e+03	-2.60135499e+02	2.77014732e+02
0.3925	1.92854999e+03	-3.23866981e+02	-3.35782296e+01
0.3975	1.85226485e+03	-5.69242309e+02	2.01724354e+02
