####### Power Spectrum of Patchy Simulation 712 #############
# Patch: ngc
# z-type: z3
# Weights: fkp
# Fiducial Omega_m: 0.310
# Fiducial h: 0.676
# Forward-model pixellation : 0
# Rando n-bar: 0
# Boxsize: [1800.0, 3400.0, 1900.0]
# Grid: [261, 500, 276]
# k-binning: [0.000, 0.410, 0.005]
# Monte Carlo Simulations: 100
#
# Format: k | P0 | P2 | P4
############################################
0.0125	5.98603783e+04	1.69020540e+04	-7.94022016e+04
0.0175	7.93647070e+04	1.79220499e+04	-3.95408121e+03
0.0225	6.56138328e+04	3.23041642e+04	-1.48580399e+04
0.0275	5.71896816e+04	2.19535525e+04	1.18900279e+04
0.0325	5.03363544e+04	3.67011641e+04	2.15209279e+04
0.0375	5.29012992e+04	1.01080676e+04	-9.16485986e+03
0.0425	3.87315194e+04	1.11202182e+04	-4.49064996e+03
0.0475	3.71390903e+04	2.08620484e+04	-3.49661940e+03
0.0525	3.18343076e+04	2.14104803e+04	8.40036174e+03
0.0575	3.36799894e+04	2.03040779e+04	3.95315922e+03
0.0625	3.09540003e+04	1.32700863e+04	5.75333266e+03
0.0675	2.93980366e+04	1.48075031e+04	2.88340573e+03
0.0725	2.71795053e+04	1.26686848e+04	3.95094087e+02
0.0775	2.45503430e+04	7.77584623e+03	3.11635975e+03
0.0825	2.08283873e+04	6.43131711e+03	-4.27776014e+03
0.0875	1.98764509e+04	6.85736289e+03	-3.42846527e+03
0.0925	1.98706748e+04	6.95375418e+03	1.94531396e+03
0.0975	1.69593600e+04	7.69707983e+03	9.26217945e+02
0.1025	1.58856236e+04	6.96869967e+03	7.22793041e+02
0.1075	1.43334267e+04	4.94348042e+03	1.04032031e+03
0.1125	1.38199724e+04	6.31288917e+03	3.21655295e+02
0.1175	1.36059150e+04	4.80315346e+03	-1.03879244e+03
0.1225	1.27997693e+04	3.96168512e+03	-2.45525313e+02
0.1275	1.24688706e+04	4.35932858e+03	3.01809092e+03
0.1325	1.14269093e+04	5.15754995e+03	5.14479880e+01
0.1375	1.01672530e+04	3.10848180e+03	6.51446287e+02
0.1425	1.05165870e+04	2.78698516e+03	7.04882466e+02
0.1475	9.52952240e+03	3.29679777e+03	2.04772968e+02
0.1525	9.18602469e+03	3.16117394e+03	-5.13153847e+01
0.1575	8.84384853e+03	3.72917702e+03	1.19563441e+03
0.1625	8.09611839e+03	2.66957612e+03	3.25611684e+02
0.1675	7.73731181e+03	2.75023382e+03	4.27660157e+01
0.1725	7.46853600e+03	2.61175817e+03	-8.61177445e+00
0.1775	6.91764903e+03	1.69566807e+03	-2.59359396e+02
0.1825	6.93693624e+03	2.03787021e+03	8.68373948e+02
0.1875	6.66299675e+03	1.21522500e+03	4.29514893e+02
0.1925	6.26185164e+03	1.83533700e+03	1.11415649e+03
0.1975	6.15001444e+03	1.28627783e+03	-3.07140692e+02
0.2025	5.85492864e+03	1.44713611e+03	5.74437443e+02
0.2075	5.51255196e+03	1.50532988e+03	4.25326630e+02
0.2125	5.55305348e+03	1.29471896e+03	1.25653346e+03
0.2175	4.97729087e+03	1.07153994e+03	-2.11348785e+02
0.2225	5.05054239e+03	1.50423645e+03	9.23154183e+02
0.2275	4.65136263e+03	7.98496498e+02	5.70637035e+02
0.2325	4.63858879e+03	1.27945068e+03	1.59245736e+02
0.2375	4.48559097e+03	9.90570463e+02	2.04686749e+02
0.2425	4.26318473e+03	8.24413891e+02	6.33781252e+02
0.2475	4.14720070e+03	1.13504226e+03	5.77404063e+02
0.2525	4.24438087e+03	2.84834103e+02	-4.65369187e+02
0.2575	3.69948193e+03	4.48954472e+02	4.67567526e+02
0.2625	3.88665080e+03	8.29874326e+02	4.04989945e+02
0.2675	3.46697769e+03	5.06035209e+02	-5.05033776e+01
0.2725	3.72267702e+03	7.09637387e+02	3.72441639e+02
0.2775	3.54875473e+03	5.88570352e+02	5.19753937e+02
0.2825	3.24596440e+03	1.28405004e+02	3.96200756e+02
0.2875	3.19874210e+03	6.96526670e+02	4.69249298e+02
0.2925	3.21395773e+03	4.45293471e+01	-5.42523769e+02
0.2975	3.16748155e+03	4.98475832e+02	7.58603330e+02
0.3025	2.93670403e+03	-5.61622570e+01	-5.46315408e+01
0.3075	2.87602927e+03	4.56631612e+02	4.19289070e+02
0.3125	2.79236818e+03	2.15848267e+02	2.21204245e+02
0.3175	2.70059572e+03	-1.19789108e+02	-4.49609333e+01
0.3225	2.62560340e+03	-3.44617959e+01	2.19816049e+02
0.3275	2.49050258e+03	1.15560038e+02	6.69193383e+02
0.3325	2.41653365e+03	-8.83872402e+01	2.06597506e+02
0.3375	2.32644810e+03	-5.83468624e+01	3.00311375e+02
0.3425	2.51751990e+03	3.32188548e+02	4.20486541e+02
0.3475	2.33336807e+03	-3.38243169e+02	1.88919754e+02
0.3525	2.16554383e+03	-4.43708025e+00	3.33163886e+02
0.3575	2.19695993e+03	2.26393028e+02	3.56427122e+02
0.3625	1.98629281e+03	-3.49982199e+02	3.21990004e+02
0.3675	2.04219051e+03	-2.47272972e+02	4.35137044e+02
0.3725	1.89634414e+03	-1.14125384e+02	3.77217133e+02
0.3775	2.12910348e+03	-9.36227333e+01	-7.73490425e+01
0.3825	1.85040845e+03	-3.24898369e+02	1.59201051e+02
0.3875	1.86304495e+03	-3.59921664e+02	2.81882108e+02
0.3925	1.74035215e+03	-1.21763541e+02	3.41841099e+02
0.3975	1.81169669e+03	-2.46051718e+02	9.96948299e+01
