####### Power Spectrum of Patchy Simulation 1853 #############
# Patch: ngc
# z-type: z1
# Weights: fkp
# Fiducial Omega_m: 0.310
# Fiducial h: 0.676
# Forward-model pixellation : 0
# Rando n-bar: 0
# Boxsize: [1350.0, 2450.0, 1400.0]
# Grid: [193, 353, 200]
# k-binning: [0.000, 0.410, 0.005]
# Monte Carlo Simulations: 100
#
# Format: k | P0 | P2 | P4
############################################
0.0125	6.67911409e+04	1.45850298e+04	-8.78636848e+04
0.0175	7.21552152e+04	8.69424977e+04	-3.10144830e+03
0.0225	7.01221021e+04	5.90306909e+03	-1.86246768e+04
0.0275	6.85010092e+04	4.85073929e+04	2.17189815e+04
0.0325	5.66888045e+04	2.18230208e+04	-1.35033583e+04
0.0375	5.42829378e+04	2.20579240e+04	6.74721982e+03
0.0425	3.95951973e+04	1.45585800e+04	-3.12974936e+03
0.0475	3.59965397e+04	2.24948568e+04	-6.25819574e+03
0.0525	3.49193228e+04	8.92937633e+03	-4.47284804e+03
0.0575	3.44419750e+04	1.38432750e+04	1.43721365e+03
0.0625	3.17996739e+04	1.19638897e+04	5.95087487e+02
0.0675	3.04614390e+04	1.28044064e+04	-3.50659062e+03
0.0725	2.92819460e+04	1.10061627e+04	1.42934986e+03
0.0775	2.57108303e+04	9.02877843e+03	-7.11674419e+02
0.0825	2.44721823e+04	1.27864329e+04	-4.87303253e+02
0.0875	2.24489281e+04	6.67655681e+03	1.81333956e+02
0.0925	2.11271133e+04	1.00062889e+04	4.91361776e+02
0.0975	1.61110662e+04	6.15634959e+03	-1.83419358e+03
0.1025	1.67654569e+04	4.90189231e+03	2.51864335e+03
0.1075	1.59887324e+04	6.33078442e+03	3.36209602e+02
0.1125	1.47043262e+04	7.04352805e+03	1.52186374e+03
0.1175	1.46223467e+04	3.66715164e+03	3.53967458e+02
0.1225	1.40749202e+04	5.51288971e+03	1.06848211e+03
0.1275	1.29587195e+04	4.82751701e+03	1.76942912e+03
0.1325	1.23460998e+04	3.24707224e+03	1.37974797e+03
0.1375	1.17636145e+04	3.33838319e+03	1.37130139e+03
0.1425	1.09305666e+04	3.80925561e+03	-6.57324599e+02
0.1475	1.02948183e+04	3.65588434e+03	4.81640661e+01
0.1525	1.01375575e+04	3.18823336e+03	2.83264192e+02
0.1575	8.97698993e+03	2.92095082e+03	-6.10002981e+02
0.1625	9.13954558e+03	3.04411173e+03	4.81142390e+02
0.1675	8.18571596e+03	2.24265169e+03	-3.82119209e+01
0.1725	7.98273512e+03	2.20221349e+03	4.15614469e+01
0.1775	7.53965703e+03	2.62064289e+03	4.83441433e+02
0.1825	7.12252507e+03	2.22594065e+03	7.41219394e+02
0.1875	7.01916618e+03	1.86394563e+03	7.16442144e+02
0.1925	6.93051009e+03	1.65195984e+03	-4.89811372e+01
0.1975	6.32494468e+03	1.72965857e+03	-7.84118570e+02
0.2025	6.48715525e+03	1.72531260e+03	-1.37947655e+02
0.2075	5.96397814e+03	1.64313417e+03	5.92053377e+02
0.2125	5.96350419e+03	1.47249783e+03	1.27022704e+03
0.2175	5.54638076e+03	1.34807859e+03	2.01494349e+02
0.2225	5.37000678e+03	1.14699111e+03	-2.44690525e+02
0.2275	5.23445512e+03	1.46410316e+03	-2.79967343e+00
0.2325	4.87436164e+03	3.67067733e+02	1.29667763e+02
0.2375	4.73469957e+03	9.56740590e+02	3.96487330e+02
0.2425	4.74824896e+03	7.56040001e+02	4.20820209e+02
0.2475	4.46870098e+03	8.78854674e+02	5.77647157e+02
0.2525	4.31192547e+03	5.52050608e+02	3.95617477e+02
0.2575	4.24771959e+03	8.64134804e+02	3.00384248e+01
0.2625	4.05178966e+03	7.70740541e+02	2.10178883e+02
0.2675	3.89861532e+03	9.25967968e+02	6.12420493e+02
0.2725	3.88205630e+03	5.44432016e+02	5.63066266e+02
0.2775	3.80008648e+03	3.19276616e+02	4.54726321e+02
0.2825	3.67410785e+03	2.51130361e+02	5.21994753e+02
0.2875	3.37864171e+03	-4.88343164e+01	1.02833370e+02
0.2925	3.28869201e+03	-9.49533544e+01	1.29894170e+02
0.2975	3.24633458e+03	1.42571345e+02	2.27711230e+02
0.3025	3.28048371e+03	1.19741765e+02	2.45526587e+02
0.3075	3.04578677e+03	9.91147651e+01	1.05383548e+02
0.3125	3.00775616e+03	-1.18363135e+00	2.96646993e+02
0.3175	2.92099334e+03	2.10768355e+02	2.84952621e+02
0.3225	2.90485427e+03	8.69894780e+00	3.45376364e+01
0.3275	2.80878612e+03	-2.88874431e+02	6.17654857e+01
0.3325	2.55539752e+03	2.27108197e+01	2.31152351e+02
0.3375	2.64828094e+03	1.54366847e+02	5.00373147e+02
0.3425	2.52383416e+03	-5.91335069e+01	9.02442184e+01
0.3475	2.45604589e+03	3.16129287e+01	1.79009602e+02
0.3525	2.42915398e+03	-1.99332825e+02	2.31873035e+02
0.3575	2.30594171e+03	-1.21005489e+02	3.72756779e+02
0.3625	2.35446498e+03	6.19353208e+01	1.93649734e+02
0.3675	2.23598217e+03	-1.93115162e+02	1.82772185e+02
0.3725	2.19854950e+03	-1.14133389e+02	2.69215875e+02
0.3775	2.15608652e+03	-1.19455766e+02	6.34129645e+01
0.3825	1.93981434e+03	-3.17693232e+02	1.56306562e+02
0.3875	2.11477735e+03	-3.45193840e+02	2.72710873e+02
0.3925	2.03348904e+03	-3.13245409e+02	1.02413787e+02
0.3975	1.99796945e+03	-2.46020367e+02	-5.05235290e+01
