####### Power Spectrum of Patchy Simulation 1474 #############
# Patch: ngc
# z-type: z1
# Weights: fkp
# Fiducial Omega_m: 0.310
# Fiducial h: 0.676
# Forward-model pixellation : 0
# Rando n-bar: 0
# Boxsize: [1350.0, 2450.0, 1400.0]
# Grid: [193, 353, 200]
# k-binning: [0.000, 0.410, 0.005]
# Monte Carlo Simulations: 100
#
# Format: k | P0 | P2 | P4
############################################
0.0125	1.18117584e+05	5.69762646e+04	-3.40720718e+04
0.0175	5.87109154e+04	1.03430250e+04	1.63284061e+03
0.0225	8.51562670e+04	4.97879218e+04	2.43191588e+04
0.0275	6.31164392e+04	2.26737140e+04	-9.45055329e+03
0.0325	6.34512796e+04	4.12142907e+04	-9.54768481e+03
0.0375	5.57784078e+04	3.40986880e+04	1.36915267e+04
0.0425	4.39855345e+04	1.99026508e+04	8.41681131e+03
0.0475	3.55102373e+04	9.80412956e+03	-1.16453734e+04
0.0525	3.90611391e+04	1.74303645e+04	2.77853200e+03
0.0575	3.34205809e+04	1.26317791e+04	4.52740996e+03
0.0625	3.11647227e+04	1.01896638e+04	-3.29654982e+02
0.0675	3.14562523e+04	1.14577909e+04	6.31916938e+03
0.0725	2.61761748e+04	9.27722612e+03	4.48906750e+03
0.0775	2.36343670e+04	9.24006140e+03	3.72759843e+03
0.0825	2.50346425e+04	6.81661721e+03	5.01769369e+03
0.0875	2.08677396e+04	4.76660557e+03	4.87951213e+02
0.0925	1.91886086e+04	8.17674248e+03	-2.46640928e+03
0.0975	1.79778200e+04	3.82012720e+03	-3.05730558e+03
0.1025	1.68543093e+04	4.83259064e+03	-2.36896778e+03
0.1075	1.58951738e+04	5.90986741e+03	1.92532438e+03
0.1125	1.50128440e+04	5.51058154e+03	-2.88143790e+02
0.1175	1.27904189e+04	1.62715450e+03	-9.86504033e+02
0.1225	1.40658844e+04	4.18316100e+03	-1.26804564e+02
0.1275	1.26313003e+04	1.89833317e+03	-8.84027409e+02
0.1325	1.25945952e+04	4.00558973e+03	1.14138133e+03
0.1375	1.17812560e+04	4.29583391e+03	9.92728852e+02
0.1425	1.05817460e+04	3.47061943e+03	1.46888144e+02
0.1475	1.04426615e+04	3.46715907e+03	2.69058724e+02
0.1525	9.55959892e+03	3.24858631e+03	8.02311365e+02
0.1575	9.67103052e+03	2.73790895e+03	3.35288661e+02
0.1625	8.37166857e+03	2.45440081e+03	-6.62191134e+02
0.1675	8.30397142e+03	1.71688431e+03	7.15928667e+02
0.1725	7.85490790e+03	1.47337906e+03	3.87887911e+02
0.1775	7.55551361e+03	1.74162274e+03	2.36920953e+02
0.1825	7.18514563e+03	1.98994879e+03	-4.96957850e+02
0.1875	7.02651620e+03	1.44873665e+03	5.99354933e+02
0.1925	6.93881818e+03	1.71431420e+03	8.64530839e+02
0.1975	6.59386399e+03	1.39625251e+03	6.49300888e+02
0.2025	6.02450085e+03	8.80156926e+02	-2.07919242e+02
0.2075	5.91712188e+03	9.43868785e+02	3.71243159e+02
0.2125	5.66296991e+03	1.08369170e+03	2.37899453e+02
0.2175	5.33755110e+03	1.44252513e+03	1.28365142e+02
0.2225	5.28646226e+03	1.40009026e+03	-1.90557150e+02
0.2275	5.13744033e+03	1.15687699e+03	5.64440012e+02
0.2325	5.10284705e+03	1.36733014e+03	8.03405795e+02
0.2375	4.46202100e+03	1.67160216e+02	2.53617253e+01
0.2425	4.76677091e+03	8.80261906e+02	3.48549468e+02
0.2475	4.34076258e+03	4.56839486e+02	1.77194560e+02
0.2525	4.29716596e+03	7.95177961e+02	3.40262731e+01
0.2575	4.32151339e+03	5.33830955e+02	-1.92396114e+02
0.2625	4.13950425e+03	5.10407822e+02	-9.55884901e+00
0.2675	3.80576752e+03	5.84975384e+02	-5.44715535e+02
0.2725	3.80118099e+03	2.15692113e+01	2.00864504e+02
0.2775	3.73265695e+03	4.55352189e+01	3.75191514e+02
0.2825	3.43710658e+03	3.30215414e+02	9.34497944e+01
0.2875	3.54897694e+03	1.65387392e+02	3.08410666e+02
0.2925	3.31058156e+03	2.75468055e+02	9.61469885e+01
0.2975	3.39369322e+03	1.54700478e+02	2.47471900e+02
0.3025	3.03017586e+03	-2.59547502e+01	2.58255903e+02
0.3075	3.08440362e+03	3.00359164e+01	2.05140687e+02
0.3125	2.95391305e+03	1.73218448e+02	7.90246616e+01
0.3175	2.98131091e+03	-1.36715114e+02	2.17771480e+02
0.3225	2.72061253e+03	-6.85362664e+01	1.62586549e+02
0.3275	2.77177868e+03	-1.74558652e+02	-5.29810307e+01
0.3325	2.61895557e+03	-1.24954624e+02	6.28055810e+01
0.3375	2.74202409e+03	-6.12502828e-01	7.18513117e+02
0.3425	2.49466032e+03	-2.61138748e+02	1.91549005e+02
0.3475	2.44303661e+03	-7.89491522e+01	-5.16201186e+01
0.3525	2.34197446e+03	-3.47562655e+02	2.24023161e+02
0.3575	2.32050811e+03	-3.97226256e+02	-9.13172323e+01
0.3625	2.29080388e+03	-2.83217744e+02	2.55209089e+02
0.3675	2.14482853e+03	-3.28078395e+02	1.04597349e+02
0.3725	2.13820241e+03	-6.99030544e+01	3.78268278e+02
0.3775	2.03968031e+03	-2.32093150e+02	1.05626644e+02
0.3825	2.03814197e+03	-2.00209604e+02	1.84716706e+02
0.3875	2.08054168e+03	-3.00142836e+02	1.48597693e+02
0.3925	1.97890467e+03	-2.47569159e+02	3.48369355e+02
0.3975	1.98611941e+03	-2.38778384e+02	2.84146591e+02
