####### Power Spectrum of Patchy Simulation 880 #############
# Patch: sgc
# z-type: z1
# Weights: fkp
# Fiducial Omega_m: 0.310
# Fiducial h: 0.676
# Forward-model pixellation : 0
# Rando n-bar: 0
# Boxsize: [1000.0, 1900.0, 1100.0]
# Grid: [146, 276, 161]
# k-binning: [0.000, 0.410, 0.005]
# Monte Carlo Simulations: 100
#
# Format: k | P0 | P2 | P4
############################################
0.0125	6.31169900e+04	4.40023500e+04	-3.68796760e+04
0.0175	7.89433232e+04	-4.48514673e+04	-2.48410363e+04
0.0225	5.48524831e+04	2.14606892e+04	-2.75800569e+04
0.0275	5.46141772e+04	2.07220687e+04	6.43933909e+03
0.0325	8.00341365e+04	5.69624673e+03	-1.00067855e+04
0.0375	4.65364998e+04	1.00958497e+04	4.37842521e+03
0.0425	4.24587631e+04	1.55104674e+04	-5.80564982e+03
0.0475	4.32789240e+04	1.90454444e+04	-1.14095638e+04
0.0525	3.56972671e+04	9.02319950e+03	4.81424349e+03
0.0575	3.00265942e+04	-2.77835012e+03	-9.44352201e+03
0.0625	2.98180178e+04	1.14739834e+03	-2.82136308e+03
0.0675	2.61833172e+04	1.26651183e+04	-2.10927011e+02
0.0725	2.73816723e+04	1.70847091e+03	6.99563476e+03
0.0775	2.67659517e+04	1.52118993e+04	1.11075023e+04
0.0825	2.22264343e+04	2.77554016e+03	3.00492814e+02
0.0875	2.29867564e+04	1.34475833e+04	7.32912066e+03
0.0925	1.76714571e+04	1.68443308e+03	1.33063772e+03
0.0975	1.90676520e+04	8.79788012e+03	1.64663852e+03
0.1025	1.78917149e+04	4.08605954e+03	-1.98394750e+03
0.1075	1.34039999e+04	3.05519001e+03	-9.71328116e+02
0.1125	1.46451331e+04	6.08451254e+03	1.25258725e+03
0.1175	1.47413489e+04	2.51837287e+03	3.00322385e+02
0.1225	1.41319011e+04	4.15541033e+03	1.57153122e+02
0.1275	1.30782670e+04	3.24096361e+03	4.42479396e+03
0.1325	1.21314214e+04	2.78184139e+03	8.98919490e+02
0.1375	1.13067510e+04	2.69659883e+03	-2.31715883e+03
0.1425	1.15207679e+04	2.95373004e+03	2.35133249e+03
0.1475	1.07412465e+04	7.21000666e+02	-4.69599813e+02
0.1525	8.80794707e+03	2.77270554e+03	6.53796177e+02
0.1575	8.87106696e+03	4.62467382e+02	-6.99657180e+02
0.1625	9.58766655e+03	2.28848588e+03	1.36626005e+03
0.1675	8.05814421e+03	2.13025331e+03	-1.50277237e+03
0.1725	8.28734665e+03	1.60414852e+03	6.30793375e+02
0.1775	7.47971881e+03	1.42667037e+03	-8.58878803e+02
0.1825	7.40305028e+03	1.89122032e+03	7.38332243e+01
0.1875	6.88970479e+03	1.71005834e+03	1.36859010e+03
0.1925	7.02514856e+03	9.75253950e+02	-4.61478506e+01
0.1975	6.46233148e+03	5.10403124e+02	-1.65894795e+03
0.2025	6.03918704e+03	1.16873731e+03	-1.97926680e+02
0.2075	6.01993715e+03	1.49278285e+03	1.20413874e+03
0.2125	5.58673158e+03	1.61770525e+03	-7.79461618e+02
0.2175	5.53043161e+03	1.08702977e+03	2.18662719e+02
0.2225	5.55765131e+03	6.32448346e+02	5.80292346e+02
0.2275	5.27664657e+03	7.17595304e+02	-6.14037909e+02
0.2325	5.32947413e+03	4.84756302e+02	-5.87567444e+02
0.2375	4.52948199e+03	1.08237227e+03	4.09739762e+02
0.2425	4.92475858e+03	7.58504617e+02	2.45853052e+02
0.2475	4.59292673e+03	7.10581105e+02	-4.36426614e+02
0.2525	4.25984221e+03	1.51697418e+02	-2.43710708e+02
0.2575	3.83018093e+03	1.58387022e+02	4.32097601e+02
0.2625	3.98992785e+03	2.08294861e+01	-1.24288690e+02
0.2675	4.08110545e+03	2.09252149e+02	2.33039107e+02
0.2725	3.78978759e+03	3.73799448e+02	3.86385938e+02
0.2775	3.59421647e+03	-4.48870549e+01	-4.22837447e+01
0.2825	3.76213375e+03	3.22784617e+02	-1.89143009e+02
0.2875	3.42166900e+03	2.73206764e+02	3.30650250e+02
0.2925	3.29578711e+03	2.29236877e+02	-1.62949924e+02
0.2975	3.20032121e+03	7.37295982e+02	6.17361333e+02
0.3025	3.51740490e+03	-1.83119990e+02	-4.21607958e+02
0.3075	3.08807645e+03	3.59260638e+02	5.89421285e+02
0.3125	2.99413120e+03	3.66083195e+01	2.59614839e+02
0.3175	2.82590945e+03	1.61353698e+02	-2.48117868e+02
0.3225	2.71500745e+03	-5.60812044e+02	1.67655041e+02
0.3275	2.87301729e+03	9.86042674e+01	3.02483746e+02
0.3325	2.59718774e+03	-2.34747104e+02	3.05953195e+02
0.3375	2.71335201e+03	-9.76323235e+01	2.16000880e+02
0.3425	2.29429261e+03	-9.99388240e+01	2.62488202e+02
0.3475	2.48049042e+03	-3.07715754e+02	5.32128258e+02
0.3525	2.48742629e+03	-2.87552689e+02	2.22609411e+02
0.3575	2.41857847e+03	-4.57082624e+02	7.38273894e+01
0.3625	2.34165112e+03	7.14426582e+01	-8.31266229e+01
0.3675	2.32460992e+03	-2.10779603e+02	1.17273191e+02
0.3725	2.23803140e+03	-1.76823647e+01	2.01763564e+02
0.3775	2.28905093e+03	-5.47378405e+02	-3.55630485e+00
0.3825	2.38711332e+03	-3.69725959e+02	4.37428921e+02
0.3875	1.87043808e+03	-3.90791956e+02	1.28087869e+02
0.3925	1.88502349e+03	-7.36196165e+01	2.02764848e+02
0.3975	2.27741474e+03	-5.05397828e+02	2.76912006e+02
