####### Power Spectrum of Patchy Simulation 1328 #############
# Patch: ngc
# z-type: z1
# Weights: fkp
# Fiducial Omega_m: 0.310
# Fiducial h: 0.676
# Forward-model pixellation : 0
# Rando n-bar: 0
# Boxsize: [1350.0, 2450.0, 1400.0]
# Grid: [193, 353, 200]
# k-binning: [0.000, 0.410, 0.005]
# Monte Carlo Simulations: 100
#
# Format: k | P0 | P2 | P4
############################################
0.0125	9.07427894e+04	3.66546098e+04	6.83939936e+03
0.0175	7.83448406e+04	4.27980187e+04	9.20285092e+03
0.0225	7.28182892e+04	5.00412014e+04	4.10204765e+04
0.0275	7.66330804e+04	3.14579448e+04	-1.62747430e+04
0.0325	5.34748826e+04	4.69261163e+03	-3.14013755e+04
0.0375	5.34418550e+04	3.10856229e+04	1.44243598e+04
0.0425	4.53079500e+04	1.33409815e+04	1.42902957e+04
0.0475	4.01371443e+04	1.49685316e+04	-3.00989549e+03
0.0525	3.77894950e+04	7.03566990e+03	-7.14631350e+03
0.0575	3.18336445e+04	1.02836333e+04	4.14051856e+03
0.0625	3.26000048e+04	1.33039519e+04	-8.67796672e+02
0.0675	3.17575072e+04	1.40179007e+04	-5.79455141e+03
0.0725	3.10284963e+04	1.71510463e+04	-7.75259311e+02
0.0775	2.56141506e+04	7.22619580e+03	1.56765505e+03
0.0825	2.35414821e+04	1.40616248e+04	8.15221797e+03
0.0875	2.21168005e+04	9.93268639e+03	2.64304890e+03
0.0925	2.06949249e+04	1.13958296e+04	1.53679159e+03
0.0975	1.79434999e+04	5.68209370e+03	5.45224859e+02
0.1025	1.69172518e+04	6.83083699e+03	1.55501432e+03
0.1075	1.58462810e+04	6.27249397e+03	4.35379797e+02
0.1125	1.44994582e+04	4.44423383e+03	-1.90091998e+03
0.1175	1.41395765e+04	6.52942240e+03	-3.44692660e+02
0.1225	1.31648053e+04	4.04744331e+03	1.32542751e+02
0.1275	1.25916406e+04	3.50851549e+03	-1.24052146e+03
0.1325	1.30980533e+04	4.77473735e+03	6.46649555e+01
0.1375	1.16022962e+04	3.65448754e+03	1.17197907e+03
0.1425	1.10608026e+04	3.86989791e+03	2.83447370e+02
0.1475	1.05387827e+04	3.32183471e+03	1.21859445e+03
0.1525	9.99591373e+03	3.34355296e+03	1.59000452e+03
0.1575	9.03315971e+03	4.02709862e+03	4.62277854e+02
0.1625	8.77150389e+03	2.78732809e+03	-6.25670442e+02
0.1675	8.67004394e+03	2.90072636e+03	8.21509513e+02
0.1725	7.79640996e+03	2.33047972e+03	1.01435944e+03
0.1775	7.73136852e+03	2.15823771e+03	1.97939035e+02
0.1825	7.36035573e+03	3.02286817e+03	-1.01314577e+02
0.1875	7.33533173e+03	1.60260879e+03	1.28302369e+02
0.1925	6.89464554e+03	1.99147491e+03	8.88651104e+02
0.1975	6.60358522e+03	1.37507412e+03	1.03371474e+01
0.2025	6.32933745e+03	1.63863903e+03	-1.93228349e+02
0.2075	6.31785049e+03	1.80712925e+03	4.77201173e+02
0.2125	5.98517692e+03	1.35081022e+03	6.70273530e+02
0.2175	5.41534382e+03	1.40405006e+03	3.99687133e+02
0.2225	5.29687646e+03	1.02357253e+03	4.81470924e+02
0.2275	5.04364325e+03	1.19746405e+03	-1.70992382e+01
0.2325	5.04207657e+03	1.20448811e+03	7.86754219e+02
0.2375	4.99090491e+03	1.09102918e+03	8.71503473e+01
0.2425	4.50650315e+03	1.24486215e+03	3.24938847e+02
0.2475	4.50813209e+03	8.63360533e+02	3.49853588e+01
0.2525	4.43624036e+03	7.94796267e+02	-1.00770786e+02
0.2575	4.16008257e+03	2.86995004e+02	2.71916664e+02
0.2625	4.19285702e+03	9.92402860e+02	4.52234196e+02
0.2675	3.73150182e+03	5.51612315e+02	2.24949731e+02
0.2725	3.86253390e+03	1.29602649e+02	1.59098731e+01
0.2775	3.68598775e+03	7.57955216e+02	2.88131410e+00
0.2825	3.72544979e+03	4.51029078e+02	1.64529247e+02
0.2875	3.41959120e+03	2.21343872e+02	4.96404217e+02
0.2925	3.35543055e+03	3.69623612e+02	2.09229908e+02
0.2975	3.40518834e+03	4.09440549e+02	3.43964617e+02
0.3025	3.08211145e+03	-2.31082318e+02	8.08366985e+01
0.3075	3.13817718e+03	-2.40742375e+01	3.07357831e+02
0.3125	2.83795063e+03	3.24465326e+02	5.01190420e+02
0.3175	2.90226742e+03	4.69541871e+01	1.53404217e+02
0.3225	2.76577810e+03	1.54717844e+02	2.39309387e+02
0.3275	2.76983838e+03	7.40049250e+01	8.37414598e+01
0.3325	2.70319614e+03	3.96173985e+01	1.40826624e+02
0.3375	2.57577052e+03	4.32923804e+01	2.25872768e+02
0.3425	2.50699508e+03	4.01855572e+01	1.54391464e+02
0.3475	2.49981198e+03	-2.88155511e+02	2.05988648e+02
0.3525	2.41359477e+03	-1.06067097e+02	2.40856320e+02
0.3575	2.27181471e+03	-3.01926203e+02	4.91375072e+02
0.3625	2.21981639e+03	-1.29775608e+02	1.69934002e+02
0.3675	2.19564284e+03	-6.52708564e+01	3.66582539e+02
0.3725	2.19569605e+03	-2.32619749e+02	1.49181010e+02
0.3775	2.06519773e+03	-2.98340132e+02	2.59008875e+02
0.3825	2.08760563e+03	-1.94708969e+02	2.57033921e+02
0.3875	1.97686898e+03	-3.38518291e+02	1.37653680e+02
0.3925	1.99687188e+03	-3.18236184e+02	2.97517396e+02
0.3975	1.93248249e+03	-3.29660321e+02	1.29130846e+02
