####### Power Spectrum of Patchy Simulation 1574 #############
# Patch: ngc
# z-type: z1
# Weights: fkp
# Fiducial Omega_m: 0.310
# Fiducial h: 0.676
# Forward-model pixellation : 0
# Rando n-bar: 0
# Boxsize: [1350.0, 2450.0, 1400.0]
# Grid: [193, 353, 200]
# k-binning: [0.000, 0.410, 0.005]
# Monte Carlo Simulations: 100
#
# Format: k | P0 | P2 | P4
############################################
0.0125	8.48082067e+04	1.27202684e+05	-7.07664216e+04
0.0175	5.87257971e+04	1.93228994e+04	-1.65607512e+04
0.0225	7.30205612e+04	-3.15725454e+03	-2.18943819e+04
0.0275	8.06252355e+04	2.08105680e+04	-3.47516097e+03
0.0325	4.85777614e+04	2.42776868e+04	-8.50503076e+03
0.0375	5.57079683e+04	2.44151546e+04	-1.49507974e+04
0.0425	4.74828115e+04	1.27789007e+04	-1.12084747e+04
0.0475	3.51778133e+04	1.54044540e+04	-3.77404645e+03
0.0525	3.55592510e+04	1.96556467e+03	-5.15794180e+03
0.0575	3.72612238e+04	2.37445189e+04	1.04763524e+04
0.0625	3.15143115e+04	6.70099310e+03	3.00546338e+02
0.0675	3.18745158e+04	1.61333795e+04	-1.00375180e+03
0.0725	2.96659672e+04	9.51753603e+03	-2.99694817e+03
0.0775	2.66215423e+04	1.29036744e+04	8.03758347e+03
0.0825	2.33162210e+04	6.06451725e+03	-3.84331024e+03
0.0875	2.11935378e+04	4.53701250e+03	6.76651654e+02
0.0925	1.94134420e+04	5.31132144e+03	5.83352938e+02
0.0975	1.80603263e+04	4.12877716e+03	2.92166831e+03
0.1025	1.66679953e+04	6.44120187e+03	1.53534947e+03
0.1075	1.57873971e+04	6.69672523e+03	1.20255226e+03
0.1125	1.46387870e+04	5.73386268e+03	9.92514080e+01
0.1175	1.41664350e+04	5.34381504e+03	2.03284452e+03
0.1225	1.37405338e+04	4.15546122e+03	-1.66658656e+02
0.1275	1.20110830e+04	4.37313163e+03	2.20985598e+03
0.1325	1.22772449e+04	3.71015750e+03	3.28139221e+02
0.1375	1.14153286e+04	3.65131039e+03	-7.27643286e+02
0.1425	1.09633451e+04	3.60520380e+03	8.36927174e+02
0.1475	1.03864419e+04	3.22807499e+03	1.60199629e+03
0.1525	1.01147608e+04	2.84200940e+03	-8.41161789e+02
0.1575	8.98763685e+03	2.52056492e+03	4.40376915e+02
0.1625	8.74522784e+03	2.04403180e+03	-1.33228653e+02
0.1675	7.84211748e+03	2.68461054e+03	1.10294662e+02
0.1725	8.35268356e+03	2.25284542e+03	-3.12647485e+02
0.1775	7.70171505e+03	2.49349042e+03	1.16529172e+02
0.1825	7.56426532e+03	2.29518244e+03	7.26612254e+02
0.1875	7.12880281e+03	1.30593643e+03	2.43936688e+02
0.1925	6.95425017e+03	1.80093573e+03	4.61353872e+02
0.1975	6.48250903e+03	1.44189536e+03	8.13757877e+02
0.2025	6.41910382e+03	1.51071481e+03	1.06057113e+03
0.2075	5.84252983e+03	1.26087698e+03	9.74210056e+01
0.2125	5.65419140e+03	1.11198449e+03	-4.51768535e+01
0.2175	5.75486487e+03	1.36414892e+03	2.88019535e+02
0.2225	5.14392166e+03	1.05593656e+03	6.87311718e+02
0.2275	5.36543482e+03	7.40868480e+02	-4.64447857e+02
0.2325	4.94865458e+03	7.34353777e+02	-3.45530674e+02
0.2375	4.97563894e+03	1.10977944e+03	3.20453941e+02
0.2425	4.72420545e+03	4.96315031e+02	1.98479879e+02
0.2475	4.41184888e+03	7.87930396e+02	5.78584990e+02
0.2525	4.33455032e+03	5.58783949e+02	-1.09357207e+02
0.2575	4.29604126e+03	5.59948662e+02	6.32314911e+01
0.2625	4.00032489e+03	6.16882050e+02	3.51214110e+01
0.2675	3.91558693e+03	6.64512560e+02	4.83261447e+02
0.2725	3.84929856e+03	1.91790271e+02	1.94407606e+02
0.2775	3.73903931e+03	5.10755860e+02	3.13565371e+02
0.2825	3.62045666e+03	4.88367409e+02	4.81319832e+02
0.2875	3.44665203e+03	3.33674775e+02	1.34432344e+02
0.2925	3.36265912e+03	3.95994576e+02	2.94149882e+02
0.2975	3.25476883e+03	4.35252869e+02	3.55206017e+02
0.3025	3.16085218e+03	1.40541291e+02	4.78222084e+02
0.3075	3.03086719e+03	1.92063935e+02	2.90984509e+02
0.3125	3.03593086e+03	-2.20930718e+02	5.03753180e+02
0.3175	2.97197496e+03	-1.08078141e+02	3.21594261e+02
0.3225	2.70241621e+03	2.45155166e+02	2.49678973e+02
0.3275	2.76933655e+03	-1.73962057e+01	3.28896002e+01
0.3325	2.70888245e+03	4.98467999e+01	2.31853475e+02
0.3375	2.68251395e+03	-9.48969369e+00	1.04179505e+02
0.3425	2.51079802e+03	-2.49821323e+02	2.56097995e+02
0.3475	2.45151801e+03	-2.52405138e+02	2.07702009e+02
0.3525	2.30898564e+03	-1.21916755e+02	2.91182129e+02
0.3575	2.38288413e+03	-7.79664556e+01	2.32887580e+02
0.3625	2.28855649e+03	-4.67180293e+01	2.34427618e+02
0.3675	2.18646801e+03	-3.83033625e+02	3.86212765e+02
0.3725	2.19541681e+03	-3.14124244e+02	2.80412409e+02
0.3775	2.07328424e+03	-2.16681046e+02	3.13135243e+02
0.3825	2.13716365e+03	-3.66571910e+02	2.69303853e+02
0.3875	2.11715262e+03	-1.96707817e+02	5.91585457e+00
0.3925	1.93565761e+03	-1.45602931e+02	3.06338443e+02
0.3975	1.91844389e+03	-3.32508008e+02	2.93453569e+02
