####### Bispectrum of patchy_n3_ Simulation 1772 #############
# Weights: FKP
# Fiducial Omega_m: 0.310
# Fiducial h: 0.676
# Boxsize: [1800.0, 3400.0, 1900.0]
# Grid: [170, 325, 180]
# k-binning: [0.000, 0.110, 0.010]
# l-max: 4
# Monte Carlo Simulations: 100
#
# Format: k1 | k2 | k3 | B(k1,k2,k3) | B2(k1,k2,k3) | B4(k1,k2,k3)
############################################
0.0150	0.0150	0.0150	2.51021817e+09	-2.63109264e+10	2.34117995e+10
0.0150	0.0150	0.0250	-5.22506559e+09	-6.62054101e+09	5.04857212e+09
0.0150	0.0250	0.0250	2.41262786e+10	5.00299205e+10	7.25640198e+08
0.0150	0.0250	0.0350	-5.39903424e+09	-2.33689513e+10	5.85219707e+09
0.0150	0.0350	0.0350	1.44268849e+09	2.22145818e+09	9.63387804e+09
0.0150	0.0350	0.0450	5.40958793e+09	8.87924189e+09	2.11118271e+10
0.0150	0.0450	0.0450	4.09468939e+09	-3.99421870e+09	-4.28285953e+09
0.0150	0.0450	0.0550	3.32530813e+09	9.35587642e+08	3.29111459e+09
0.0150	0.0550	0.0550	-1.29513316e+08	-5.51285571e+09	-5.00065873e+09
0.0150	0.0550	0.0650	4.33012535e+09	-1.70098302e+09	-3.73619772e+09
0.0150	0.0650	0.0650	-2.00187222e+09	-6.05433543e+08	3.25114443e+09
0.0150	0.0650	0.0750	2.04639889e+09	4.89918370e+09	4.66581424e+09
0.0150	0.0750	0.0750	4.10302189e+09	1.78160517e+09	-2.39966083e+09
0.0250	0.0250	0.0250	5.39919238e+09	-7.95032045e+09	4.35600710e+09
0.0250	0.0250	0.0350	1.41435263e+10	3.60670681e+10	3.58565602e+09
0.0250	0.0250	0.0450	6.82236850e+09	-1.43802260e+10	-1.91178609e+10
0.0250	0.0350	0.0350	1.68381698e+09	-2.39852458e+09	7.00102139e+09
0.0250	0.0350	0.0450	2.44426561e+09	2.08052662e+09	-1.78692744e+09
0.0250	0.0350	0.0550	7.16811825e+09	4.40964512e+09	1.06317656e+09
0.0250	0.0450	0.0450	7.12543567e+09	6.70501756e+09	-2.27504544e+09
0.0250	0.0450	0.0550	5.50742804e+09	4.00436159e+09	-4.02986090e+09
0.0250	0.0450	0.0650	5.85213551e+09	7.43173118e+09	5.10123207e+09
0.0250	0.0550	0.0550	3.44256264e+09	-2.35114635e+09	4.88133809e+09
0.0250	0.0550	0.0650	2.68411372e+09	-2.00690358e+09	-7.60462726e+09
0.0250	0.0550	0.0750	5.93236061e+09	2.27943471e+09	2.19675836e+09
0.0250	0.0650	0.0650	3.82077627e+09	2.35319937e+09	1.09921884e+09
0.0250	0.0650	0.0750	4.43591270e+09	6.50716581e+09	1.58540587e+09
0.0250	0.0750	0.0750	2.53313561e+09	6.55881844e+07	-5.01989457e+09
0.0350	0.0350	0.0350	4.56705953e+09	-3.71489262e+09	-4.78563650e+09
0.0350	0.0350	0.0450	3.32275140e+09	-5.89492940e+09	-6.22260864e+09
0.0350	0.0350	0.0550	4.92157746e+09	5.69006037e+09	5.51378768e+09
0.0350	0.0350	0.0650	6.66857664e+09	2.19705232e+09	9.18316925e+09
0.0350	0.0450	0.0450	-3.29442332e+08	5.89412530e+08	-1.75507215e+09
0.0350	0.0450	0.0550	3.29095530e+09	2.75260452e+08	-2.63660558e+08
0.0350	0.0450	0.0650	3.72706368e+09	3.26173200e+09	5.27733858e+09
0.0350	0.0450	0.0750	2.64713347e+09	2.83735617e+09	-5.65144259e+08
0.0350	0.0550	0.0550	4.20482735e+09	2.82151285e+08	1.66713970e+09
0.0350	0.0550	0.0650	2.82504349e+09	7.00332118e+08	-1.79125112e+09
0.0350	0.0550	0.0750	1.00796259e+09	1.01334598e+09	3.22352138e+09
0.0350	0.0650	0.0650	1.31696019e+09	1.13655741e+09	-6.76661229e+07
0.0350	0.0650	0.0750	2.91861328e+09	-1.02036716e+07	1.27716936e+09
0.0350	0.0750	0.0750	2.35768324e+09	-1.47764862e+09	1.14741247e+09
0.0450	0.0450	0.0450	2.29512766e+09	1.61970659e+09	1.10489566e+09
0.0450	0.0450	0.0550	3.69793155e+09	-4.83726057e+09	-4.49512333e+09
0.0450	0.0450	0.0650	2.28514285e+09	5.91951133e+09	-1.12717105e+09
0.0450	0.0450	0.0750	4.08736414e+09	2.43004933e+09	-2.31517404e+09
0.0450	0.0550	0.0550	2.38482126e+09	-6.28387115e+08	-1.65834838e+09
0.0450	0.0550	0.0650	1.99279169e+09	-2.23478162e+09	1.72426607e+09
0.0450	0.0550	0.0750	2.22847810e+09	4.18825030e+07	-1.47405336e+09
0.0450	0.0650	0.0650	8.82682431e+08	1.60266978e+09	1.65652126e+09
0.0450	0.0650	0.0750	2.00631411e+09	1.70515216e+09	-2.94716299e+09
0.0450	0.0750	0.0750	2.10607398e+09	-9.88254800e+08	-3.01632256e+08
0.0550	0.0550	0.0550	1.54726788e+09	6.34606402e+08	-4.88138140e+08
0.0550	0.0550	0.0650	1.34844344e+09	1.30500847e+09	-3.16172828e+09
0.0550	0.0550	0.0750	1.69666979e+09	6.83942760e+08	-2.75483771e+08
0.0550	0.0650	0.0650	1.11902962e+09	1.69100792e+08	-5.96515793e+08
0.0550	0.0650	0.0750	2.20209860e+09	-8.87809615e+08	-1.56478228e+09
0.0550	0.0750	0.0750	1.00970968e+09	-7.38642757e+08	-9.11475044e+08
0.0650	0.0650	0.0650	2.94782996e+09	1.37902042e+09	-3.96951481e+08
0.0650	0.0650	0.0750	1.47362288e+09	1.71383457e+09	1.84712189e+09
0.0650	0.0750	0.0750	1.78988109e+09	6.39550020e+08	-3.84123653e+08
0.0750	0.0750	0.0750	1.82969225e+09	6.17493098e+08	-2.84957167e+08
