####### Bispectrum of Patchy Simulation 268 #############
# Patch: sgc
# z-type: z1
# Weights: fkp
# Fiducial Omega_m: 0.310
# Fiducial h: 0.676
# Boxsize: [1000.0, 1900.0, 1100.0]
# Grid: [95, 180, 105]
# k-binning: [0.000, 0.160, 0.010]
# Monte Carlo Simulations: 100
#
# Format: k1 | k2 | k3 | B(k1,k2,k3)
############################################
0.0150	0.0150	0.0150	2.10165951e+10
0.0150	0.0150	0.0250	2.86464504e+10
0.0150	0.0150	0.0350	1.42189972e+10
0.0150	0.0250	0.0250	2.89192442e+10
0.0150	0.0250	0.0350	-4.93721480e+09
0.0150	0.0250	0.0450	9.06223963e+09
0.0150	0.0350	0.0350	-5.20007134e+09
0.0150	0.0350	0.0450	1.11791599e+10
0.0150	0.0350	0.0550	-7.31434986e+09
0.0150	0.0450	0.0450	6.11606119e+08
0.0150	0.0450	0.0550	7.41205692e+09
0.0150	0.0450	0.0650	1.40261734e+10
0.0150	0.0550	0.0550	-3.36361330e+09
0.0150	0.0550	0.0650	6.37857245e+09
0.0150	0.0550	0.0750	4.20597489e+09
0.0150	0.0650	0.0650	6.46546375e+09
0.0150	0.0650	0.0750	3.66888159e+09
0.0150	0.0650	0.0850	8.35472407e+09
0.0150	0.0750	0.0750	7.16274359e+09
0.0150	0.0750	0.0850	1.88886230e+09
0.0150	0.0750	0.0950	6.66861026e+09
0.0150	0.0850	0.0850	1.91417285e+09
0.0150	0.0850	0.0950	3.44933601e+09
0.0150	0.0850	0.1050	2.59675446e+09
0.0150	0.0950	0.0950	8.15055625e+08
0.0150	0.0950	0.1050	3.31310211e+09
0.0150	0.0950	0.1150	2.80708474e+09
0.0150	0.1050	0.1050	2.18608171e+09
0.0150	0.1050	0.1150	2.29000019e+09
0.0150	0.1050	0.1250	1.53409050e+09
0.0150	0.1150	0.1150	7.71191115e+08
0.0150	0.1150	0.1250	2.66146881e+09
0.0150	0.1150	0.1350	1.71910951e+09
0.0150	0.1250	0.1250	7.27705891e+08
0.0150	0.1250	0.1350	1.26496637e+09
0.0150	0.1250	0.1450	1.78280870e+09
0.0150	0.1350	0.1350	1.12654987e+09
0.0150	0.1350	0.1450	1.41273432e+09
0.0150	0.1450	0.1450	9.17511080e+08
0.0250	0.0250	0.0250	-3.44732349e+10
0.0250	0.0250	0.0350	2.46018179e+10
0.0250	0.0250	0.0450	-4.80648789e+08
0.0250	0.0250	0.0550	-1.62731974e+10
0.0250	0.0350	0.0350	-7.38050680e+09
0.0250	0.0350	0.0450	2.00420528e+09
0.0250	0.0350	0.0550	1.10811344e+10
0.0250	0.0350	0.0650	-2.71086830e+08
0.0250	0.0450	0.0450	5.12284152e+09
0.0250	0.0450	0.0550	5.90756528e+09
0.0250	0.0450	0.0650	4.43762739e+09
0.0250	0.0450	0.0750	1.34347295e+10
0.0250	0.0550	0.0550	5.82740692e+09
0.0250	0.0550	0.0650	2.68049290e+09
0.0250	0.0550	0.0750	5.77521228e+09
0.0250	0.0550	0.0850	3.26289847e+09
0.0250	0.0650	0.0650	-5.12322907e+07
0.0250	0.0650	0.0750	2.61205432e+09
0.0250	0.0650	0.0850	2.35951098e+09
0.0250	0.0650	0.0950	6.19506883e+09
0.0250	0.0750	0.0750	6.64668815e+09
0.0250	0.0750	0.0850	1.56829400e+09
0.0250	0.0750	0.0950	3.89732619e+09
0.0250	0.0750	0.1050	3.89250603e+09
0.0250	0.0850	0.0850	2.89213214e+09
0.0250	0.0850	0.0950	2.08431987e+09
0.0250	0.0850	0.1050	2.50694614e+09
0.0250	0.0850	0.1150	1.05728712e+09
0.0250	0.0950	0.0950	2.89847742e+09
0.0250	0.0950	0.1050	1.48392708e+09
0.0250	0.0950	0.1150	3.10123969e+09
0.0250	0.0950	0.1250	7.70199642e+08
0.0250	0.1050	0.1050	1.46656826e+09
0.0250	0.1050	0.1150	1.49353624e+09
0.0250	0.1050	0.1250	2.49578226e+09
0.0250	0.1050	0.1350	1.18499062e+09
0.0250	0.1150	0.1150	1.45571446e+09
0.0250	0.1150	0.1250	1.61954571e+09
0.0250	0.1150	0.1350	2.54296943e+09
0.0250	0.1150	0.1450	1.48760183e+09
0.0250	0.1250	0.1250	9.85582511e+08
0.0250	0.1250	0.1350	1.29473970e+09
0.0250	0.1250	0.1450	2.18651250e+09
0.0250	0.1350	0.1350	1.34891401e+09
0.0250	0.1350	0.1450	1.86286209e+09
0.0250	0.1450	0.1450	6.18593556e+08
0.0350	0.0350	0.0350	2.08038312e+10
0.0350	0.0350	0.0450	1.08468528e+10
0.0350	0.0350	0.0550	3.97250544e+09
0.0350	0.0350	0.0650	6.17709731e+09
0.0350	0.0350	0.0750	1.05583887e+10
0.0350	0.0450	0.0450	-1.91064788e+09
0.0350	0.0450	0.0550	4.61817215e+09
0.0350	0.0450	0.0650	2.69948229e+09
0.0350	0.0450	0.0750	7.78296016e+09
0.0350	0.0450	0.0850	-5.66550158e+09
0.0350	0.0550	0.0550	3.24341384e+09
0.0350	0.0550	0.0650	1.82074168e+09
0.0350	0.0550	0.0750	5.61278707e+09
0.0350	0.0550	0.0850	5.87813140e+09
0.0350	0.0550	0.0950	1.09733478e+10
0.0350	0.0650	0.0650	5.22251286e+09
0.0350	0.0650	0.0750	1.69257519e+09
0.0350	0.0650	0.0850	2.79850957e+09
0.0350	0.0650	0.0950	4.98234092e+09
0.0350	0.0650	0.1050	5.77044985e+09
0.0350	0.0750	0.0750	1.54952483e+09
0.0350	0.0750	0.0850	2.62270828e+09
0.0350	0.0750	0.0950	1.28259593e+09
0.0350	0.0750	0.1050	2.11438063e+09
0.0350	0.0750	0.1150	6.89056388e+09
0.0350	0.0850	0.0850	1.60542601e+09
0.0350	0.0850	0.0950	6.07433068e+08
0.0350	0.0850	0.1050	1.75740105e+09
0.0350	0.0850	0.1150	3.74052458e+09
0.0350	0.0850	0.1250	4.71667280e+09
0.0350	0.0950	0.0950	2.10231204e+09
0.0350	0.0950	0.1050	1.45259686e+09
0.0350	0.0950	0.1150	1.67955005e+09
0.0350	0.0950	0.1250	2.54999061e+09
0.0350	0.0950	0.1350	1.94019340e+09
0.0350	0.1050	0.1050	1.05617383e+09
0.0350	0.1050	0.1150	1.88387418e+09
0.0350	0.1050	0.1250	2.05115752e+09
0.0350	0.1050	0.1350	1.68816597e+09
0.0350	0.1050	0.1450	4.68727626e+09
0.0350	0.1150	0.1150	1.77254794e+08
0.0350	0.1150	0.1250	7.27807867e+08
0.0350	0.1150	0.1350	1.91832160e+09
0.0350	0.1150	0.1450	2.03635067e+09
0.0350	0.1250	0.1250	1.25523574e+09
0.0350	0.1250	0.1350	3.75967705e+08
0.0350	0.1250	0.1450	1.18033717e+09
0.0350	0.1350	0.1350	2.05627188e+09
0.0350	0.1350	0.1450	5.93808151e+08
0.0350	0.1450	0.1450	1.04716336e+09
0.0450	0.0450	0.0450	-4.46076870e+08
0.0450	0.0450	0.0550	5.37206502e+09
0.0450	0.0450	0.0650	1.91244223e+09
0.0450	0.0450	0.0750	2.14052085e+09
0.0450	0.0450	0.0850	6.33822993e+09
0.0450	0.0450	0.0950	3.69433174e+09
0.0450	0.0550	0.0550	7.96687028e+08
0.0450	0.0550	0.0650	2.35308081e+09
0.0450	0.0550	0.0750	2.57458238e+09
0.0450	0.0550	0.0850	1.74837160e+09
0.0450	0.0550	0.0950	2.12759454e+09
0.0450	0.0550	0.1050	3.22129588e+09
0.0450	0.0650	0.0650	6.20410062e+07
0.0450	0.0650	0.0750	3.00293698e+09
0.0450	0.0650	0.0850	2.71875608e+09
0.0450	0.0650	0.0950	2.69462524e+09
0.0450	0.0650	0.1050	2.22587022e+09
0.0450	0.0650	0.1150	2.95767004e+09
0.0450	0.0750	0.0750	1.20204931e+09
0.0450	0.0750	0.0850	2.51444883e+09
0.0450	0.0750	0.0950	1.70082791e+09
0.0450	0.0750	0.1050	2.22095600e+09
0.0450	0.0750	0.1150	2.12005233e+09
0.0450	0.0750	0.1250	3.40840036e+09
0.0450	0.0850	0.0850	2.76910904e+09
0.0450	0.0850	0.0950	1.58178250e+09
0.0450	0.0850	0.1050	1.21960569e+09
0.0450	0.0850	0.1150	1.86430752e+09
0.0450	0.0850	0.1250	2.08884291e+09
0.0450	0.0850	0.1350	1.76667481e+09
0.0450	0.0950	0.0950	8.12059186e+08
0.0450	0.0950	0.1050	1.36510911e+09
0.0450	0.0950	0.1150	2.30394334e+09
0.0450	0.0950	0.1250	1.82653231e+09
0.0450	0.0950	0.1350	2.49526438e+09
0.0450	0.0950	0.1450	1.23857179e+09
0.0450	0.1050	0.1050	9.31195429e+08
0.0450	0.1050	0.1150	1.32579187e+09
0.0450	0.1050	0.1250	1.10454046e+09
0.0450	0.1050	0.1350	9.64958423e+08
0.0450	0.1050	0.1450	1.79248601e+09
0.0450	0.1150	0.1150	1.71600771e+09
0.0450	0.1150	0.1250	1.57408340e+09
0.0450	0.1150	0.1350	1.44507333e+09
0.0450	0.1150	0.1450	1.06676228e+09
0.0450	0.1250	0.1250	3.48714349e+08
0.0450	0.1250	0.1350	1.26691282e+09
0.0450	0.1250	0.1450	1.31349230e+09
0.0450	0.1350	0.1350	6.04775930e+08
0.0450	0.1350	0.1450	1.14797449e+09
0.0450	0.1450	0.1450	6.22491975e+08
0.0550	0.0550	0.0550	7.97991656e+08
0.0550	0.0550	0.0650	3.33297446e+08
0.0550	0.0550	0.0750	6.64046110e+08
0.0550	0.0550	0.0850	3.45240458e+09
0.0550	0.0550	0.0950	6.58252652e+08
0.0550	0.0550	0.1050	3.96076299e+09
0.0550	0.0550	0.1150	4.01087808e+09
0.0550	0.0650	0.0650	3.66386483e+09
0.0550	0.0650	0.0750	1.84366425e+09
0.0550	0.0650	0.0850	6.29924181e+08
0.0550	0.0650	0.0950	2.37406029e+09
0.0550	0.0650	0.1050	5.29184490e+08
0.0550	0.0650	0.1150	3.54908046e+09
0.0550	0.0650	0.1250	1.70799431e+09
0.0550	0.0750	0.0750	7.57299630e+08
0.0550	0.0750	0.0850	2.62595978e+09
0.0550	0.0750	0.0950	9.01595743e+08
0.0550	0.0750	0.1050	2.34525522e+09
0.0550	0.0750	0.1150	1.95348616e+09
0.0550	0.0750	0.1250	1.81386175e+09
0.0550	0.0750	0.1350	1.67860319e+09
0.0550	0.0850	0.0850	1.88925699e+09
0.0550	0.0850	0.0950	1.37538879e+09
0.0550	0.0850	0.1050	9.68076794e+08
0.0550	0.0850	0.1150	1.72835548e+09
0.0550	0.0850	0.1250	1.27618975e+09
0.0550	0.0850	0.1350	1.74921988e+09
0.0550	0.0850	0.1450	7.87524333e+08
0.0550	0.0950	0.0950	1.25462093e+09
0.0550	0.0950	0.1050	8.32340518e+08
0.0550	0.0950	0.1150	1.06610415e+09
0.0550	0.0950	0.1250	1.15098295e+09
0.0550	0.0950	0.1350	1.30770896e+09
0.0550	0.0950	0.1450	1.51492871e+09
0.0550	0.1050	0.1050	2.94618671e+08
0.0550	0.1050	0.1150	9.23497113e+08
0.0550	0.1050	0.1250	8.50625288e+08
0.0550	0.1050	0.1350	1.15703873e+09
0.0550	0.1050	0.1450	1.02931064e+09
0.0550	0.1150	0.1150	1.16902536e+09
0.0550	0.1150	0.1250	1.19944945e+09
0.0550	0.1150	0.1350	5.27395853e+08
0.0550	0.1150	0.1450	1.15944163e+09
0.0550	0.1250	0.1250	5.05885407e+08
0.0550	0.1250	0.1350	8.62217188e+08
0.0550	0.1250	0.1450	5.19758059e+08
0.0550	0.1350	0.1350	1.09233424e+09
0.0550	0.1350	0.1450	5.60124020e+08
0.0550	0.1450	0.1450	8.96249122e+08
0.0650	0.0650	0.0650	7.37244231e+08
0.0650	0.0650	0.0750	1.26184937e+09
0.0650	0.0650	0.0850	1.73397446e+09
0.0650	0.0650	0.0950	1.71760241e+09
0.0650	0.0650	0.1050	2.03648839e+09
0.0650	0.0650	0.1150	1.94607304e+09
0.0650	0.0650	0.1250	1.99822612e+09
0.0650	0.0650	0.1350	2.76724850e+09
0.0650	0.0750	0.0750	9.42745233e+08
0.0650	0.0750	0.0850	8.55982395e+08
0.0650	0.0750	0.0950	1.41811085e+09
0.0650	0.0750	0.1050	1.03358508e+09
0.0650	0.0750	0.1150	1.50943810e+09
0.0650	0.0750	0.1250	2.33296468e+09
0.0650	0.0750	0.1350	1.40843180e+09
0.0650	0.0750	0.1450	2.76608744e+09
0.0650	0.0850	0.0850	4.14236776e+08
0.0650	0.0850	0.0950	1.21931439e+09
0.0650	0.0850	0.1050	8.46471498e+08
0.0650	0.0850	0.1150	1.27894634e+09
0.0650	0.0850	0.1250	8.47892692e+08
0.0650	0.0850	0.1350	1.81932650e+09
0.0650	0.0850	0.1450	1.45150342e+09
0.0650	0.0950	0.0950	1.53419561e+09
0.0650	0.0950	0.1050	1.05879483e+09
0.0650	0.0950	0.1150	1.25067219e+09
0.0650	0.0950	0.1250	8.64244501e+08
0.0650	0.0950	0.1350	1.25556313e+09
0.0650	0.0950	0.1450	9.79719251e+08
0.0650	0.1050	0.1050	1.36309445e+09
0.0650	0.1050	0.1150	6.50941524e+08
0.0650	0.1050	0.1250	4.84438722e+08
0.0650	0.1050	0.1350	1.27053940e+09
0.0650	0.1050	0.1450	1.06617862e+09
0.0650	0.1150	0.1150	1.02231320e+09
0.0650	0.1150	0.1250	1.00380567e+09
0.0650	0.1150	0.1350	9.91999849e+08
0.0650	0.1150	0.1450	7.98891541e+08
0.0650	0.1250	0.1250	8.46362160e+08
0.0650	0.1250	0.1350	7.82226310e+08
0.0650	0.1250	0.1450	8.62446835e+08
0.0650	0.1350	0.1350	7.66991969e+08
0.0650	0.1350	0.1450	1.04446415e+09
0.0650	0.1450	0.1450	7.54136001e+08
0.0750	0.0750	0.0750	4.14325452e+09
0.0750	0.0750	0.0850	1.28559388e+09
0.0750	0.0750	0.0950	1.92060259e+09
0.0750	0.0750	0.1050	6.74000758e+08
0.0750	0.0750	0.1150	2.00678414e+09
0.0750	0.0750	0.1250	1.16977578e+09
0.0750	0.0750	0.1350	1.02503863e+09
0.0750	0.0750	0.1450	2.26977622e+09
0.0750	0.0850	0.0850	6.43376666e+08
0.0750	0.0850	0.0950	8.83475809e+08
0.0750	0.0850	0.1050	9.36523712e+08
0.0750	0.0850	0.1150	1.12623999e+09
0.0750	0.0850	0.1250	1.77615172e+09
0.0750	0.0850	0.1350	9.97998465e+08
0.0750	0.0850	0.1450	1.34458397e+09
0.0750	0.0950	0.0950	1.32157309e+09
0.0750	0.0950	0.1050	7.28132226e+08
0.0750	0.0950	0.1150	1.30114864e+09
0.0750	0.0950	0.1250	8.97283993e+08
0.0750	0.0950	0.1350	1.05692918e+09
0.0750	0.0950	0.1450	1.28424477e+09
0.0750	0.1050	0.1050	7.10056285e+08
0.0750	0.1050	0.1150	3.18826945e+08
0.0750	0.1050	0.1250	1.02568141e+09
0.0750	0.1050	0.1350	7.42590549e+08
0.0750	0.1050	0.1450	7.25123688e+08
0.0750	0.1150	0.1150	8.00053003e+08
0.0750	0.1150	0.1250	6.76902839e+08
0.0750	0.1150	0.1350	5.76242562e+08
0.0750	0.1150	0.1450	6.79000503e+08
0.0750	0.1250	0.1250	8.38290123e+08
0.0750	0.1250	0.1350	1.05859637e+09
0.0750	0.1250	0.1450	6.45266543e+08
0.0750	0.1350	0.1350	-4.41926557e+07
0.0750	0.1350	0.1450	5.85306057e+08
0.0750	0.1450	0.1450	5.47582666e+08
0.0850	0.0850	0.0850	1.84697030e+09
0.0850	0.0850	0.0950	7.24806230e+07
0.0850	0.0850	0.1050	9.92082914e+08
0.0850	0.0850	0.1150	8.07870796e+08
0.0850	0.0850	0.1250	4.17109682e+08
0.0850	0.0850	0.1350	7.12394353e+08
0.0850	0.0850	0.1450	1.10293515e+09
0.0850	0.0950	0.0950	1.30407953e+09
0.0850	0.0950	0.1050	3.34932147e+08
0.0850	0.0950	0.1150	1.13115136e+09
0.0850	0.0950	0.1250	5.98262702e+08
0.0850	0.0950	0.1350	1.17707013e+09
0.0850	0.0950	0.1450	8.65248235e+08
0.0850	0.1050	0.1050	1.09482367e+09
0.0850	0.1050	0.1150	7.54544306e+08
0.0850	0.1050	0.1250	9.32161574e+08
0.0850	0.1050	0.1350	6.36854117e+08
0.0850	0.1050	0.1450	6.64892165e+08
0.0850	0.1150	0.1150	6.46514610e+08
0.0850	0.1150	0.1250	6.37019162e+08
0.0850	0.1150	0.1350	7.61804605e+08
0.0850	0.1150	0.1450	6.27441903e+08
0.0850	0.1250	0.1250	4.95217780e+08
0.0850	0.1250	0.1350	6.72619317e+08
0.0850	0.1250	0.1450	6.10256662e+08
0.0850	0.1350	0.1350	4.95625418e+08
0.0850	0.1350	0.1450	3.81876918e+08
0.0850	0.1450	0.1450	5.85315188e+08
0.0950	0.0950	0.0950	1.58475552e+08
0.0950	0.0950	0.1050	9.21330791e+08
0.0950	0.0950	0.1150	6.89238957e+08
0.0950	0.0950	0.1250	7.26147361e+08
0.0950	0.0950	0.1350	8.64443859e+08
0.0950	0.0950	0.1450	6.75952621e+08
0.0950	0.1050	0.1050	9.12998959e+08
0.0950	0.1050	0.1150	4.24014942e+08
0.0950	0.1050	0.1250	4.60137187e+08
0.0950	0.1050	0.1350	8.32633019e+08
0.0950	0.1050	0.1450	4.43606126e+08
0.0950	0.1150	0.1150	5.24581059e+08
0.0950	0.1150	0.1250	7.47193398e+08
0.0950	0.1150	0.1350	5.80537431e+08
0.0950	0.1150	0.1450	5.37390426e+08
0.0950	0.1250	0.1250	3.97139659e+08
0.0950	0.1250	0.1350	6.70313150e+08
0.0950	0.1250	0.1450	5.37512088e+08
0.0950	0.1350	0.1350	4.82085429e+08
0.0950	0.1350	0.1450	4.99826643e+08
0.0950	0.1450	0.1450	4.90955066e+08
0.1050	0.1050	0.1050	-1.11568485e+08
0.1050	0.1050	0.1150	4.07770263e+08
0.1050	0.1050	0.1250	5.08799189e+08
0.1050	0.1050	0.1350	5.79991824e+08
0.1050	0.1050	0.1450	2.33821216e+08
0.1050	0.1150	0.1150	6.90415777e+08
0.1050	0.1150	0.1250	5.13529664e+08
0.1050	0.1150	0.1350	4.19650643e+08
0.1050	0.1150	0.1450	4.65398040e+08
0.1050	0.1250	0.1250	4.14338160e+08
0.1050	0.1250	0.1350	5.48808945e+08
0.1050	0.1250	0.1450	2.17785512e+08
0.1050	0.1350	0.1350	3.47651086e+08
0.1050	0.1350	0.1450	4.85329689e+08
0.1050	0.1450	0.1450	4.06523552e+08
0.1150	0.1150	0.1150	7.30364078e+08
0.1150	0.1150	0.1250	4.19230661e+08
0.1150	0.1150	0.1350	3.97382099e+08
0.1150	0.1150	0.1450	4.02306740e+08
0.1150	0.1250	0.1250	1.43435691e+08
0.1150	0.1250	0.1350	4.71518690e+08
0.1150	0.1250	0.1450	4.69273634e+08
0.1150	0.1350	0.1350	4.42299855e+08
0.1150	0.1350	0.1450	5.50117791e+08
0.1150	0.1450	0.1450	1.44103672e+08
0.1250	0.1250	0.1250	6.12923871e+07
0.1250	0.1250	0.1350	5.02929967e+08
0.1250	0.1250	0.1450	2.86266219e+08
0.1250	0.1350	0.1350	1.80106742e+08
0.1250	0.1350	0.1450	3.58865367e+08
0.1250	0.1450	0.1450	3.56664242e+08
0.1350	0.1350	0.1350	3.29014713e+07
0.1350	0.1350	0.1450	2.64243117e+08
0.1350	0.1450	0.1450	3.38603714e+08
0.1450	0.1450	0.1450	2.06168602e+08
