####### Bispectrum of Patchy Simulation 290 #############
# Patch: sgc
# z-type: z3
# Weights: fkp
# Fiducial Omega_m: 0.310
# Fiducial h: 0.676
# Boxsize: [1000.0, 2600.0, 1500.0]
# Grid: [95, 250, 140]
# k-binning: [0.000, 0.160, 0.010]
# Monte Carlo Simulations: 100
#
# Format: k1 | k2 | k3 | B(k1,k2,k3)
############################################
0.0150	0.0150	0.0150	4.70114912e+09
0.0150	0.0150	0.0250	-6.65027846e+09
0.0150	0.0150	0.0350	4.72797073e+10
0.0150	0.0250	0.0250	-2.02463103e+09
0.0150	0.0250	0.0350	4.82089935e+09
0.0150	0.0250	0.0450	1.71427188e+10
0.0150	0.0350	0.0350	3.19783318e+08
0.0150	0.0350	0.0450	4.94473064e+09
0.0150	0.0350	0.0550	2.59242070e+10
0.0150	0.0450	0.0450	8.15380108e+09
0.0150	0.0450	0.0550	5.20364550e+09
0.0150	0.0450	0.0650	4.88016348e+09
0.0150	0.0550	0.0550	-3.01380043e+09
0.0150	0.0550	0.0650	1.04987517e+10
0.0150	0.0550	0.0750	1.54811069e+09
0.0150	0.0650	0.0650	8.93509860e+08
0.0150	0.0650	0.0750	2.92808753e+09
0.0150	0.0650	0.0850	8.08239262e+09
0.0150	0.0750	0.0750	1.55410700e+09
0.0150	0.0750	0.0850	5.18186643e+09
0.0150	0.0750	0.0950	6.40290585e+09
0.0150	0.0850	0.0850	-2.13335475e+07
0.0150	0.0850	0.0950	4.10866221e+09
0.0150	0.0850	0.1050	4.37586286e+09
0.0150	0.0950	0.0950	6.05599386e+08
0.0150	0.0950	0.1050	2.96345845e+09
0.0150	0.0950	0.1150	5.94613335e+09
0.0150	0.1050	0.1050	1.06210886e+09
0.0150	0.1050	0.1150	2.02677657e+09
0.0150	0.1050	0.1250	3.61954968e+09
0.0150	0.1150	0.1150	2.40139583e+09
0.0150	0.1150	0.1250	2.07462668e+09
0.0150	0.1150	0.1350	3.44355373e+09
0.0150	0.1250	0.1250	1.77793590e+09
0.0150	0.1250	0.1350	1.11634003e+09
0.0150	0.1250	0.1450	1.61553911e+09
0.0150	0.1350	0.1350	1.16714303e+09
0.0150	0.1350	0.1450	1.48013679e+09
0.0150	0.1450	0.1450	1.34709191e+09
0.0250	0.0250	0.0250	-1.46079751e+08
0.0250	0.0250	0.0350	-1.49990650e+09
0.0250	0.0250	0.0450	1.62728218e+10
0.0250	0.0250	0.0550	-2.77441376e+10
0.0250	0.0350	0.0350	1.98586192e+10
0.0250	0.0350	0.0450	5.79433964e+09
0.0250	0.0350	0.0550	1.21815954e+10
0.0250	0.0350	0.0650	2.59660888e+09
0.0250	0.0450	0.0450	-2.79837834e+09
0.0250	0.0450	0.0550	5.02356732e+09
0.0250	0.0450	0.0650	1.08508614e+10
0.0250	0.0450	0.0750	6.19449318e+09
0.0250	0.0550	0.0550	9.50361638e+09
0.0250	0.0550	0.0650	5.58786998e+09
0.0250	0.0550	0.0750	5.82434773e+09
0.0250	0.0550	0.0850	3.33197402e+09
0.0250	0.0650	0.0650	3.28192923e+09
0.0250	0.0650	0.0750	6.79649785e+09
0.0250	0.0650	0.0850	3.86886162e+09
0.0250	0.0650	0.0950	8.86468714e+09
0.0250	0.0750	0.0750	1.71860498e+09
0.0250	0.0750	0.0850	5.02276933e+09
0.0250	0.0750	0.0950	4.98926353e+09
0.0250	0.0750	0.1050	5.38049620e+09
0.0250	0.0850	0.0850	3.28880872e+09
0.0250	0.0850	0.0950	3.88906556e+09
0.0250	0.0850	0.1050	4.60601662e+09
0.0250	0.0850	0.1150	1.92168049e+09
0.0250	0.0950	0.0950	3.01591277e+09
0.0250	0.0950	0.1050	1.31208582e+09
0.0250	0.0950	0.1150	3.73961476e+09
0.0250	0.0950	0.1250	4.90749645e+09
0.0250	0.1050	0.1050	2.71746877e+09
0.0250	0.1050	0.1150	2.72914150e+09
0.0250	0.1050	0.1250	3.07586326e+09
0.0250	0.1050	0.1350	1.10577516e+09
0.0250	0.1150	0.1150	1.18810425e+09
0.0250	0.1150	0.1250	2.69726041e+09
0.0250	0.1150	0.1350	3.43282707e+09
0.0250	0.1150	0.1450	2.96592059e+09
0.0250	0.1250	0.1250	1.46034406e+09
0.0250	0.1250	0.1350	1.77377382e+09
0.0250	0.1250	0.1450	2.80414626e+09
0.0250	0.1350	0.1350	2.75115036e+09
0.0250	0.1350	0.1450	1.43002926e+09
0.0250	0.1450	0.1450	1.58101881e+09
0.0350	0.0350	0.0350	1.09700612e+10
0.0350	0.0350	0.0450	2.38297590e+08
0.0350	0.0350	0.0550	5.15815394e+09
0.0350	0.0350	0.0650	9.28624970e+09
0.0350	0.0350	0.0750	1.15108295e+10
0.0350	0.0450	0.0450	6.76409390e+09
0.0350	0.0450	0.0550	4.43226501e+08
0.0350	0.0450	0.0650	5.98229827e+09
0.0350	0.0450	0.0750	2.88933596e+09
0.0350	0.0450	0.0850	4.89262218e+09
0.0350	0.0550	0.0550	2.53915846e+09
0.0350	0.0550	0.0650	5.59015220e+09
0.0350	0.0550	0.0750	1.45092272e+09
0.0350	0.0550	0.0850	3.22467894e+09
0.0350	0.0550	0.0950	6.14732280e+09
0.0350	0.0650	0.0650	3.54475925e+09
0.0350	0.0650	0.0750	1.72840812e+09
0.0350	0.0650	0.0850	2.98318823e+09
0.0350	0.0650	0.0950	4.36469484e+09
0.0350	0.0650	0.1050	4.36113748e+09
0.0350	0.0750	0.0750	3.09362185e+09
0.0350	0.0750	0.0850	2.27486633e+09
0.0350	0.0750	0.0950	3.42549351e+09
0.0350	0.0750	0.1050	3.11013622e+09
0.0350	0.0750	0.1150	3.07137975e+09
0.0350	0.0850	0.0850	4.77519807e+08
0.0350	0.0850	0.0950	2.40745488e+09
0.0350	0.0850	0.1050	2.28018064e+09
0.0350	0.0850	0.1150	2.50796001e+09
0.0350	0.0850	0.1250	3.71244268e+09
0.0350	0.0950	0.0950	1.83552298e+09
0.0350	0.0950	0.1050	1.98538825e+09
0.0350	0.0950	0.1150	2.04319396e+09
0.0350	0.0950	0.1250	2.04099656e+09
0.0350	0.0950	0.1350	1.68012828e+09
0.0350	0.1050	0.1050	1.81231420e+09
0.0350	0.1050	0.1150	1.39602132e+09
0.0350	0.1050	0.1250	1.92532193e+09
0.0350	0.1050	0.1350	2.35864839e+09
0.0350	0.1050	0.1450	3.34869152e+09
0.0350	0.1150	0.1150	2.62804641e+09
0.0350	0.1150	0.1250	1.54418917e+09
0.0350	0.1150	0.1350	2.29968491e+09
0.0350	0.1150	0.1450	1.68263876e+09
0.0350	0.1250	0.1250	2.06043104e+09
0.0350	0.1250	0.1350	1.39770571e+09
0.0350	0.1250	0.1450	1.52344714e+09
0.0350	0.1350	0.1350	1.60584418e+09
0.0350	0.1350	0.1450	1.63595422e+09
0.0350	0.1450	0.1450	1.14601917e+09
0.0450	0.0450	0.0450	2.26529996e+09
0.0450	0.0450	0.0550	1.41693705e+09
0.0450	0.0450	0.0650	1.39880076e+09
0.0450	0.0450	0.0750	2.36308253e+09
0.0450	0.0450	0.0850	1.28281326e+09
0.0450	0.0450	0.0950	5.46523290e+09
0.0450	0.0550	0.0550	5.64016526e+09
0.0450	0.0550	0.0650	9.25658172e+08
0.0450	0.0550	0.0750	3.09132422e+09
0.0450	0.0550	0.0850	2.65823703e+09
0.0450	0.0550	0.0950	2.65046670e+09
0.0450	0.0550	0.1050	3.64699911e+09
0.0450	0.0650	0.0650	6.93538381e+09
0.0450	0.0650	0.0750	1.74744610e+09
0.0450	0.0650	0.0850	1.28477218e+09
0.0450	0.0650	0.0950	2.75863574e+09
0.0450	0.0650	0.1050	1.85380723e+09
0.0450	0.0650	0.1150	5.06192024e+09
0.0450	0.0750	0.0750	7.27643324e+08
0.0450	0.0750	0.0850	3.64213806e+09
0.0450	0.0750	0.0950	1.27245252e+09
0.0450	0.0750	0.1050	2.17869518e+09
0.0450	0.0750	0.1150	2.24944225e+09
0.0450	0.0750	0.1250	3.23562032e+09
0.0450	0.0850	0.0850	1.62786179e+09
0.0450	0.0850	0.0950	9.23074942e+08
0.0450	0.0850	0.1050	1.52990419e+09
0.0450	0.0850	0.1150	2.39763672e+09
0.0450	0.0850	0.1250	2.00932708e+09
0.0450	0.0850	0.1350	3.56874375e+09
0.0450	0.0950	0.0950	6.26349718e+08
0.0450	0.0950	0.1050	1.22456519e+09
0.0450	0.0950	0.1150	1.41833081e+09
0.0450	0.0950	0.1250	1.47065418e+09
0.0450	0.0950	0.1350	1.94491815e+09
0.0450	0.0950	0.1450	2.52834239e+09
0.0450	0.1050	0.1050	1.45070784e+09
0.0450	0.1050	0.1150	7.06213786e+08
0.0450	0.1050	0.1250	1.20367540e+09
0.0450	0.1050	0.1350	1.07511510e+09
0.0450	0.1050	0.1450	1.67590294e+09
0.0450	0.1150	0.1150	1.22792657e+09
0.0450	0.1150	0.1250	7.83552871e+08
0.0450	0.1150	0.1350	1.25875840e+09
0.0450	0.1150	0.1450	8.58327950e+08
0.0450	0.1250	0.1250	8.96585000e+08
0.0450	0.1250	0.1350	1.25118828e+09
0.0450	0.1250	0.1450	1.56354322e+09
0.0450	0.1350	0.1350	8.90908455e+08
0.0450	0.1350	0.1450	6.65166354e+08
0.0450	0.1450	0.1450	7.11165301e+08
0.0550	0.0550	0.0550	3.23452905e+09
0.0550	0.0550	0.0650	2.38534522e+09
0.0550	0.0550	0.0750	4.39812166e+09
0.0550	0.0550	0.0850	2.80057502e+09
0.0550	0.0550	0.0950	5.76457312e+09
0.0550	0.0550	0.1050	3.35946256e+09
0.0550	0.0550	0.1150	3.36232544e+09
0.0550	0.0650	0.0650	1.84435472e+09
0.0550	0.0650	0.0750	3.06442821e+09
0.0550	0.0650	0.0850	2.49063335e+09
0.0550	0.0650	0.0950	1.15227647e+09
0.0550	0.0650	0.1050	2.58374929e+09
0.0550	0.0650	0.1150	2.68413932e+09
0.0550	0.0650	0.1250	2.75382137e+09
0.0550	0.0750	0.0750	4.24791513e+08
0.0550	0.0750	0.0850	2.42175555e+09
0.0550	0.0750	0.0950	2.46372663e+09
0.0550	0.0750	0.1050	2.22286528e+09
0.0550	0.0750	0.1150	2.95337354e+09
0.0550	0.0750	0.1250	2.86494565e+09
0.0550	0.0750	0.1350	2.29942049e+09
0.0550	0.0850	0.0850	-1.29694462e+07
0.0550	0.0850	0.0950	2.44719190e+09
0.0550	0.0850	0.1050	1.62030319e+09
0.0550	0.0850	0.1150	1.98782323e+09
0.0550	0.0850	0.1250	1.50296872e+09
0.0550	0.0850	0.1350	1.88068298e+09
0.0550	0.0850	0.1450	2.13263460e+09
0.0550	0.0950	0.0950	1.06590758e+09
0.0550	0.0950	0.1050	1.12138958e+09
0.0550	0.0950	0.1150	1.84322577e+09
0.0550	0.0950	0.1250	1.40227066e+09
0.0550	0.0950	0.1350	2.10880158e+09
0.0550	0.0950	0.1450	1.77808047e+09
0.0550	0.1050	0.1050	1.15489710e+09
0.0550	0.1050	0.1150	1.12570585e+09
0.0550	0.1050	0.1250	9.91179869e+08
0.0550	0.1050	0.1350	1.19764013e+09
0.0550	0.1050	0.1450	1.52968576e+09
0.0550	0.1150	0.1150	1.46375842e+09
0.0550	0.1150	0.1250	1.52369584e+09
0.0550	0.1150	0.1350	8.46666173e+08
0.0550	0.1150	0.1450	1.26566861e+09
0.0550	0.1250	0.1250	6.79832402e+08
0.0550	0.1250	0.1350	7.67401337e+08
0.0550	0.1250	0.1450	1.39805996e+09
0.0550	0.1350	0.1350	1.93413670e+09
0.0550	0.1350	0.1450	9.98219599e+08
0.0550	0.1450	0.1450	1.02564915e+09
0.0650	0.0650	0.0650	-4.97161827e+08
0.0650	0.0650	0.0750	3.45478349e+09
0.0650	0.0650	0.0850	2.22559631e+09
0.0650	0.0650	0.0950	1.25650546e+09
0.0650	0.0650	0.1050	1.27719547e+09
0.0650	0.0650	0.1150	2.74940565e+09
0.0650	0.0650	0.1250	1.74091668e+09
0.0650	0.0650	0.1350	5.49885318e+08
0.0650	0.0750	0.0750	1.98908150e+09
0.0650	0.0750	0.0850	1.25984538e+09
0.0650	0.0750	0.0950	1.61325601e+09
0.0650	0.0750	0.1050	1.54721511e+09
0.0650	0.0750	0.1150	2.40556453e+09
0.0650	0.0750	0.1250	1.63421173e+09
0.0650	0.0750	0.1350	2.49483910e+09
0.0650	0.0750	0.1450	1.65894414e+09
0.0650	0.0850	0.0850	2.12846921e+09
0.0650	0.0850	0.0950	1.46415453e+09
0.0650	0.0850	0.1050	1.12945210e+09
0.0650	0.0850	0.1150	1.58658867e+09
0.0650	0.0850	0.1250	1.29703088e+09
0.0650	0.0850	0.1350	1.46169946e+09
0.0650	0.0850	0.1450	2.01055547e+09
0.0650	0.0950	0.0950	6.30847376e+08
0.0650	0.0950	0.1050	1.60934688e+09
0.0650	0.0950	0.1150	6.82387963e+08
0.0650	0.0950	0.1250	1.60231117e+09
0.0650	0.0950	0.1350	1.46526919e+09
0.0650	0.0950	0.1450	9.84944445e+08
0.0650	0.1050	0.1050	6.50787698e+08
0.0650	0.1050	0.1150	8.38103597e+08
0.0650	0.1050	0.1250	1.37770617e+09
0.0650	0.1050	0.1350	1.44272439e+09
0.0650	0.1050	0.1450	1.07917701e+09
0.0650	0.1150	0.1150	1.33863631e+09
0.0650	0.1150	0.1250	1.02234996e+09
0.0650	0.1150	0.1350	1.00372616e+09
0.0650	0.1150	0.1450	1.06242955e+09
0.0650	0.1250	0.1250	3.96257213e+08
0.0650	0.1250	0.1350	1.11040296e+09
0.0650	0.1250	0.1450	1.12230821e+09
0.0650	0.1350	0.1350	1.25862630e+09
0.0650	0.1350	0.1450	7.28754656e+08
0.0650	0.1450	0.1450	8.30160568e+08
0.0750	0.0750	0.0750	3.23943011e+09
0.0750	0.0750	0.0850	1.49040921e+09
0.0750	0.0750	0.0950	5.90424677e+08
0.0750	0.0750	0.1050	9.34983314e+08
0.0750	0.0750	0.1150	1.20408712e+09
0.0750	0.0750	0.1250	1.75980990e+09
0.0750	0.0750	0.1350	1.83445755e+09
0.0750	0.0750	0.1450	1.97476177e+09
0.0750	0.0850	0.0850	1.16491429e+09
0.0750	0.0850	0.0950	1.98152341e+09
0.0750	0.0850	0.1050	1.23335897e+09
0.0750	0.0850	0.1150	1.53697538e+09
0.0750	0.0850	0.1250	1.07542435e+09
0.0750	0.0850	0.1350	1.75159649e+09
0.0750	0.0850	0.1450	1.52111525e+09
0.0750	0.0950	0.0950	2.06415584e+09
0.0750	0.0950	0.1050	1.21208415e+08
0.0750	0.0950	0.1150	8.78629696e+08
0.0750	0.0950	0.1250	1.61419489e+09
0.0750	0.0950	0.1350	1.04895333e+09
0.0750	0.0950	0.1450	1.43699480e+09
0.0750	0.1050	0.1050	1.65526553e+09
0.0750	0.1050	0.1150	9.92604230e+08
0.0750	0.1050	0.1250	9.71404115e+08
0.0750	0.1050	0.1350	1.27887549e+09
0.0750	0.1050	0.1450	1.07193514e+09
0.0750	0.1150	0.1150	1.03114372e+09
0.0750	0.1150	0.1250	8.17786380e+08
0.0750	0.1150	0.1350	6.27076840e+08
0.0750	0.1150	0.1450	9.15738239e+08
0.0750	0.1250	0.1250	6.57092420e+08
0.0750	0.1250	0.1350	1.08473002e+09
0.0750	0.1250	0.1450	8.46307886e+08
0.0750	0.1350	0.1350	5.51552288e+08
0.0750	0.1350	0.1450	9.68501765e+08
0.0750	0.1450	0.1450	1.17249893e+09
0.0850	0.0850	0.0850	1.30196909e+09
0.0850	0.0850	0.0950	1.15276275e+09
0.0850	0.0850	0.1050	1.39349160e+09
0.0850	0.0850	0.1150	8.13265518e+08
0.0850	0.0850	0.1250	1.09070920e+09
0.0850	0.0850	0.1350	1.21751899e+09
0.0850	0.0850	0.1450	1.19828091e+09
0.0850	0.0950	0.0950	6.13870417e+08
0.0850	0.0950	0.1050	8.46279848e+08
0.0850	0.0950	0.1150	9.70773032e+08
0.0850	0.0950	0.1250	6.39567335e+08
0.0850	0.0950	0.1350	1.28900712e+09
0.0850	0.0950	0.1450	6.01672344e+08
0.0850	0.1050	0.1050	8.86646367e+08
0.0850	0.1050	0.1150	6.36949950e+08
0.0850	0.1050	0.1250	4.39205999e+08
0.0850	0.1050	0.1350	9.14657348e+08
0.0850	0.1050	0.1450	6.72959186e+08
0.0850	0.1150	0.1150	7.87273453e+08
0.0850	0.1150	0.1250	5.15815073e+08
0.0850	0.1150	0.1350	8.71008433e+08
0.0850	0.1150	0.1450	6.76601386e+08
0.0850	0.1250	0.1250	1.16793545e+09
0.0850	0.1250	0.1350	6.94235097e+08
0.0850	0.1250	0.1450	5.96602309e+08
0.0850	0.1350	0.1350	4.05364311e+08
0.0850	0.1350	0.1450	8.79696253e+08
0.0850	0.1450	0.1450	6.88551630e+08
0.0950	0.0950	0.0950	1.27403914e+09
0.0950	0.0950	0.1050	1.46541829e+09
0.0950	0.0950	0.1150	3.88138227e+08
0.0950	0.0950	0.1250	1.14721997e+09
0.0950	0.0950	0.1350	8.36986115e+08
0.0950	0.0950	0.1450	4.83146537e+08
0.0950	0.1050	0.1050	4.85338190e+08
0.0950	0.1050	0.1150	7.30120980e+08
0.0950	0.1050	0.1250	9.70802162e+08
0.0950	0.1050	0.1350	5.44367067e+08
0.0950	0.1050	0.1450	5.96070937e+08
0.0950	0.1150	0.1150	8.96509772e+08
0.0950	0.1150	0.1250	5.19600744e+08
0.0950	0.1150	0.1350	7.31119909e+08
0.0950	0.1150	0.1450	5.91584537e+08
0.0950	0.1250	0.1250	6.38922109e+08
0.0950	0.1250	0.1350	7.70291345e+08
0.0950	0.1250	0.1450	3.85342106e+08
0.0950	0.1350	0.1350	5.03594422e+08
0.0950	0.1350	0.1450	7.37093107e+08
0.0950	0.1450	0.1450	4.43117628e+08
0.1050	0.1050	0.1050	1.11496009e+09
0.1050	0.1050	0.1150	6.37536883e+08
0.1050	0.1050	0.1250	3.01146156e+08
0.1050	0.1050	0.1350	4.56484909e+08
0.1050	0.1050	0.1450	7.32222781e+08
0.1050	0.1150	0.1150	4.52094465e+08
0.1050	0.1150	0.1250	7.18536319e+08
0.1050	0.1150	0.1350	8.10112077e+08
0.1050	0.1150	0.1450	6.08317439e+08
0.1050	0.1250	0.1250	1.02544206e+09
0.1050	0.1250	0.1350	5.91795983e+08
0.1050	0.1250	0.1450	6.23164040e+08
0.1050	0.1350	0.1350	6.66179974e+08
0.1050	0.1350	0.1450	5.37115812e+08
0.1050	0.1450	0.1450	4.09411965e+08
0.1150	0.1150	0.1150	1.00148192e+09
0.1150	0.1150	0.1250	5.44552298e+08
0.1150	0.1150	0.1350	3.81710648e+08
0.1150	0.1150	0.1450	6.97161650e+08
0.1150	0.1250	0.1250	3.08335687e+08
0.1150	0.1250	0.1350	5.08478564e+08
0.1150	0.1250	0.1450	4.03016211e+08
0.1150	0.1350	0.1350	5.30411535e+08
0.1150	0.1350	0.1450	5.20853104e+08
0.1150	0.1450	0.1450	3.86319976e+08
0.1250	0.1250	0.1250	6.86163060e+08
0.1250	0.1250	0.1350	4.73089430e+08
0.1250	0.1250	0.1450	9.22831781e+08
0.1250	0.1350	0.1350	6.58766255e+08
0.1250	0.1350	0.1450	5.25679565e+08
0.1250	0.1450	0.1450	5.56726036e+08
0.1350	0.1350	0.1350	3.11069197e+08
0.1350	0.1350	0.1450	6.07888801e+08
0.1350	0.1450	0.1450	3.06730877e+08
0.1450	0.1450	0.1450	5.82325453e+08
