####### Bispectrum of Patchy Simulation 1453 #############
# Patch: ngc
# z-type: z1
# Weights: fkp
# Fiducial Omega_m: 0.310
# Fiducial h: 0.676
# Boxsize: [1350.0, 2450.0, 1400.0]
# Grid: [126, 230, 130]
# k-binning: [0.000, 0.160, 0.010]
# Monte Carlo Simulations: 100
#
# Format: k1 | k2 | k3 | B(k1,k2,k3)
############################################
0.0150	0.0150	0.0150	4.99584408e+10
0.0150	0.0150	0.0250	6.78183175e+09
0.0150	0.0150	0.0350	-5.94268601e+10
0.0150	0.0250	0.0250	-6.08502209e+09
0.0150	0.0250	0.0350	4.64258495e+09
0.0150	0.0250	0.0450	7.71835146e+09
0.0150	0.0350	0.0350	-8.98907970e+08
0.0150	0.0350	0.0450	6.19645793e+09
0.0150	0.0350	0.0550	5.36789194e+09
0.0150	0.0450	0.0450	7.70177448e+09
0.0150	0.0450	0.0550	3.11920442e+09
0.0150	0.0450	0.0650	6.17138610e+09
0.0150	0.0550	0.0550	2.77192596e+09
0.0150	0.0550	0.0650	3.63351628e+09
0.0150	0.0550	0.0750	1.13309514e+10
0.0150	0.0650	0.0650	5.76488242e+09
0.0150	0.0650	0.0750	4.83066121e+09
0.0150	0.0650	0.0850	4.40489399e+09
0.0150	0.0750	0.0750	1.62720729e+09
0.0150	0.0750	0.0850	2.19559553e+09
0.0150	0.0750	0.0950	5.28689796e+09
0.0150	0.0850	0.0850	2.44014184e+09
0.0150	0.0850	0.0950	2.48132251e+09
0.0150	0.0850	0.1050	6.29615553e+09
0.0150	0.0950	0.0950	2.16969065e+09
0.0150	0.0950	0.1050	2.68941637e+09
0.0150	0.0950	0.1150	4.17302126e+09
0.0150	0.1050	0.1050	1.31077043e+09
0.0150	0.1050	0.1150	2.49797656e+09
0.0150	0.1050	0.1250	6.96514729e+08
0.0150	0.1150	0.1150	8.60510772e+08
0.0150	0.1150	0.1250	2.11469202e+09
0.0150	0.1150	0.1350	3.42907548e+09
0.0150	0.1250	0.1250	1.63892191e+09
0.0150	0.1250	0.1350	1.54708382e+09
0.0150	0.1250	0.1450	3.04271127e+09
0.0150	0.1350	0.1350	1.85997172e+09
0.0150	0.1350	0.1450	2.10097195e+09
0.0150	0.1450	0.1450	1.72856735e+09
0.0250	0.0250	0.0250	1.50746307e+10
0.0250	0.0250	0.0350	1.05795641e+10
0.0250	0.0250	0.0450	6.43701492e+09
0.0250	0.0250	0.0550	2.63978989e+10
0.0250	0.0350	0.0350	-6.44847253e+08
0.0250	0.0350	0.0450	5.52607813e+09
0.0250	0.0350	0.0550	7.54607381e+09
0.0250	0.0350	0.0650	9.24179108e+09
0.0250	0.0450	0.0450	8.48813089e+09
0.0250	0.0450	0.0550	2.50004777e+09
0.0250	0.0450	0.0650	8.56361365e+09
0.0250	0.0450	0.0750	5.75779220e+09
0.0250	0.0550	0.0550	2.61258650e+09
0.0250	0.0550	0.0650	3.58573294e+09
0.0250	0.0550	0.0750	4.07795043e+09
0.0250	0.0550	0.0850	7.21752298e+09
0.0250	0.0650	0.0650	1.42702100e+09
0.0250	0.0650	0.0750	3.45956580e+09
0.0250	0.0650	0.0850	4.99274183e+09
0.0250	0.0650	0.0950	3.96970534e+09
0.0250	0.0750	0.0750	4.13276620e+09
0.0250	0.0750	0.0850	2.89520765e+09
0.0250	0.0750	0.0950	5.00883395e+09
0.0250	0.0750	0.1050	3.77563638e+09
0.0250	0.0850	0.0850	3.20133165e+09
0.0250	0.0850	0.0950	2.34402915e+09
0.0250	0.0850	0.1050	3.54355540e+09
0.0250	0.0850	0.1150	4.06604221e+09
0.0250	0.0950	0.0950	1.94681833e+09
0.0250	0.0950	0.1050	2.47879235e+09
0.0250	0.0950	0.1150	2.50014586e+09
0.0250	0.0950	0.1250	3.57233858e+09
0.0250	0.1050	0.1050	2.08350013e+09
0.0250	0.1050	0.1150	1.76668362e+09
0.0250	0.1050	0.1250	2.60709305e+09
0.0250	0.1050	0.1350	2.16792545e+09
0.0250	0.1150	0.1150	1.97457831e+09
0.0250	0.1150	0.1250	1.81607594e+09
0.0250	0.1150	0.1350	1.96472015e+09
0.0250	0.1150	0.1450	2.64057681e+09
0.0250	0.1250	0.1250	2.55078426e+09
0.0250	0.1250	0.1350	1.42023990e+09
0.0250	0.1250	0.1450	2.23086412e+09
0.0250	0.1350	0.1350	1.19161206e+09
0.0250	0.1350	0.1450	1.48219854e+09
0.0250	0.1450	0.1450	1.01993696e+09
0.0350	0.0350	0.0350	3.42465535e+09
0.0350	0.0350	0.0450	4.66587822e+09
0.0350	0.0350	0.0550	2.14154843e+09
0.0350	0.0350	0.0650	7.37249384e+09
0.0350	0.0350	0.0750	9.98619542e+09
0.0350	0.0450	0.0450	2.65702089e+09
0.0350	0.0450	0.0550	4.50173113e+09
0.0350	0.0450	0.0650	3.97121670e+09
0.0350	0.0450	0.0750	5.43691902e+09
0.0350	0.0450	0.0850	3.49538072e+09
0.0350	0.0550	0.0550	2.38967289e+09
0.0350	0.0550	0.0650	3.03526253e+09
0.0350	0.0550	0.0750	3.76004062e+09
0.0350	0.0550	0.0850	3.19966768e+09
0.0350	0.0550	0.0950	2.20787470e+09
0.0350	0.0650	0.0650	3.10338346e+09
0.0350	0.0650	0.0750	1.69641954e+09
0.0350	0.0650	0.0850	3.33602473e+09
0.0350	0.0650	0.0950	2.52549923e+09
0.0350	0.0650	0.1050	3.75367402e+09
0.0350	0.0750	0.0750	2.48590041e+09
0.0350	0.0750	0.0850	2.26938845e+09
0.0350	0.0750	0.0950	3.00020436e+09
0.0350	0.0750	0.1050	3.03851208e+09
0.0350	0.0750	0.1150	3.68118613e+09
0.0350	0.0850	0.0850	2.13744847e+09
0.0350	0.0850	0.0950	1.73774193e+09
0.0350	0.0850	0.1050	1.88786736e+09
0.0350	0.0850	0.1150	2.41319127e+09
0.0350	0.0850	0.1250	2.53415004e+09
0.0350	0.0950	0.0950	1.15116557e+09
0.0350	0.0950	0.1050	1.44712111e+09
0.0350	0.0950	0.1150	2.18789711e+09
0.0350	0.0950	0.1250	1.98656953e+09
0.0350	0.0950	0.1350	1.09275772e+09
0.0350	0.1050	0.1050	1.53367365e+09
0.0350	0.1050	0.1150	1.71490664e+09
0.0350	0.1050	0.1250	1.55075138e+09
0.0350	0.1050	0.1350	2.01855505e+09
0.0350	0.1050	0.1450	2.12364946e+09
0.0350	0.1150	0.1150	1.01797498e+09
0.0350	0.1150	0.1250	1.46092693e+09
0.0350	0.1150	0.1350	1.61762026e+09
0.0350	0.1150	0.1450	1.61220624e+09
0.0350	0.1250	0.1250	9.19170042e+08
0.0350	0.1250	0.1350	1.26002596e+09
0.0350	0.1250	0.1450	1.72269518e+09
0.0350	0.1350	0.1350	8.98299362e+08
0.0350	0.1350	0.1450	1.13460353e+09
0.0350	0.1450	0.1450	1.25133708e+09
0.0450	0.0450	0.0450	4.61965538e+09
0.0450	0.0450	0.0550	3.19929578e+09
0.0450	0.0450	0.0650	2.83141048e+09
0.0450	0.0450	0.0750	4.19411747e+09
0.0450	0.0450	0.0850	4.27803207e+09
0.0450	0.0450	0.0950	3.52312550e+08
0.0450	0.0550	0.0550	1.18485339e+09
0.0450	0.0550	0.0650	4.23746229e+09
0.0450	0.0550	0.0750	2.46804447e+09
0.0450	0.0550	0.0850	3.62504885e+09
0.0450	0.0550	0.0950	3.39092577e+09
0.0450	0.0550	0.1050	3.78709597e+09
0.0450	0.0650	0.0650	3.45820199e+09
0.0450	0.0650	0.0750	1.76665159e+09
0.0450	0.0650	0.0850	2.58052250e+09
0.0450	0.0650	0.0950	2.69510468e+09
0.0450	0.0650	0.1050	2.47186769e+09
0.0450	0.0650	0.1150	4.72564178e+09
0.0450	0.0750	0.0750	1.58873227e+09
0.0450	0.0750	0.0850	2.04451150e+09
0.0450	0.0750	0.0950	2.14294725e+09
0.0450	0.0750	0.1050	1.54280127e+09
0.0450	0.0750	0.1150	3.12339677e+09
0.0450	0.0750	0.1250	2.41971164e+09
0.0450	0.0850	0.0850	2.66694631e+09
0.0450	0.0850	0.0950	1.06868553e+09
0.0450	0.0850	0.1050	1.28701564e+09
0.0450	0.0850	0.1150	1.81267273e+09
0.0450	0.0850	0.1250	2.23433293e+09
0.0450	0.0850	0.1350	2.96254288e+09
0.0450	0.0950	0.0950	1.09981127e+09
0.0450	0.0950	0.1050	1.23678259e+09
0.0450	0.0950	0.1150	1.56015777e+09
0.0450	0.0950	0.1250	1.74778100e+09
0.0450	0.0950	0.1350	2.09859926e+09
0.0450	0.0950	0.1450	2.65988120e+09
0.0450	0.1050	0.1050	1.56795141e+09
0.0450	0.1050	0.1150	1.10924210e+09
0.0450	0.1050	0.1250	1.26888487e+09
0.0450	0.1050	0.1350	1.45942352e+09
0.0450	0.1050	0.1450	1.65343224e+09
0.0450	0.1150	0.1150	1.24537604e+09
0.0450	0.1150	0.1250	1.05007507e+09
0.0450	0.1150	0.1350	1.08814661e+09
0.0450	0.1150	0.1450	1.48023804e+09
0.0450	0.1250	0.1250	8.99597872e+08
0.0450	0.1250	0.1350	1.05329967e+09
0.0450	0.1250	0.1450	1.06490992e+09
0.0450	0.1350	0.1350	6.93840806e+08
0.0450	0.1350	0.1450	9.96908465e+08
0.0450	0.1450	0.1450	1.02758159e+09
0.0550	0.0550	0.0550	2.02886126e+09
0.0550	0.0550	0.0650	1.56516251e+09
0.0550	0.0550	0.0750	1.98836808e+09
0.0550	0.0550	0.0850	1.20674077e+09
0.0550	0.0550	0.0950	1.97933681e+09
0.0550	0.0550	0.1050	2.83233344e+09
0.0550	0.0550	0.1150	3.48094476e+09
0.0550	0.0650	0.0650	2.21812831e+09
0.0550	0.0650	0.0750	1.74834998e+09
0.0550	0.0650	0.0850	1.07664458e+09
0.0550	0.0650	0.0950	1.49098876e+09
0.0550	0.0650	0.1050	1.94576263e+09
0.0550	0.0650	0.1150	2.23587920e+09
0.0550	0.0650	0.1250	2.35278997e+09
0.0550	0.0750	0.0750	5.87018274e+08
0.0550	0.0750	0.0850	1.85311679e+09
0.0550	0.0750	0.0950	1.72839350e+09
0.0550	0.0750	0.1050	1.46738309e+09
0.0550	0.0750	0.1150	1.88820476e+09
0.0550	0.0750	0.1250	2.72994929e+09
0.0550	0.0750	0.1350	1.29321517e+09
0.0550	0.0850	0.0850	5.74834683e+08
0.0550	0.0850	0.0950	1.44628759e+09
0.0550	0.0850	0.1050	1.25587615e+09
0.0550	0.0850	0.1150	1.25259617e+09
0.0550	0.0850	0.1250	1.68650256e+09
0.0550	0.0850	0.1350	2.23302631e+09
0.0550	0.0850	0.1450	2.43474234e+09
0.0550	0.0950	0.0950	1.15675197e+09
0.0550	0.0950	0.1050	1.04126104e+09
0.0550	0.0950	0.1150	1.38678889e+09
0.0550	0.0950	0.1250	1.20705152e+09
0.0550	0.0950	0.1350	1.44691286e+09
0.0550	0.0950	0.1450	1.22068300e+09
0.0550	0.1050	0.1050	9.94786644e+08
0.0550	0.1050	0.1150	1.12033205e+09
0.0550	0.1050	0.1250	9.31459862e+08
0.0550	0.1050	0.1350	1.09190018e+09
0.0550	0.1050	0.1450	1.13805409e+09
0.0550	0.1150	0.1150	1.50189698e+09
0.0550	0.1150	0.1250	9.65252222e+08
0.0550	0.1150	0.1350	9.73178961e+08
0.0550	0.1150	0.1450	9.73621033e+08
0.0550	0.1250	0.1250	4.47868401e+08
0.0550	0.1250	0.1350	1.07644674e+09
0.0550	0.1250	0.1450	8.01520448e+08
0.0550	0.1350	0.1350	8.65453429e+08
0.0550	0.1350	0.1450	8.09452156e+08
0.0550	0.1450	0.1450	9.80334252e+08
0.0650	0.0650	0.0650	2.78727219e+09
0.0650	0.0650	0.0750	1.25947299e+09
0.0650	0.0650	0.0850	1.64767409e+09
0.0650	0.0650	0.0950	1.27192958e+09
0.0650	0.0650	0.1050	1.28617726e+09
0.0650	0.0650	0.1150	1.84501268e+09
0.0650	0.0650	0.1250	1.93027503e+09
0.0650	0.0650	0.1350	2.85072808e+09
0.0650	0.0750	0.0750	1.02918052e+09
0.0650	0.0750	0.0850	1.40042712e+09
0.0650	0.0750	0.0950	1.30910510e+09
0.0650	0.0750	0.1050	1.67538793e+09
0.0650	0.0750	0.1150	1.40380754e+09
0.0650	0.0750	0.1250	1.68895732e+09
0.0650	0.0750	0.1350	1.99294852e+09
0.0650	0.0750	0.1450	1.97624247e+09
0.0650	0.0850	0.0850	6.62533126e+08
0.0650	0.0850	0.0950	1.18559331e+09
0.0650	0.0850	0.1050	1.02952394e+09
0.0650	0.0850	0.1150	1.37250831e+09
0.0650	0.0850	0.1250	1.63621760e+09
0.0650	0.0850	0.1350	1.49484059e+09
0.0650	0.0850	0.1450	1.56119790e+09
0.0650	0.0950	0.0950	8.08043605e+08
0.0650	0.0950	0.1050	1.06787722e+09
0.0650	0.0950	0.1150	7.61814688e+08
0.0650	0.0950	0.1250	9.08664282e+08
0.0650	0.0950	0.1350	1.08944828e+09
0.0650	0.0950	0.1450	1.41968905e+09
0.0650	0.1050	0.1050	7.11617837e+08
0.0650	0.1050	0.1150	8.33795462e+08
0.0650	0.1050	0.1250	8.09657073e+08
0.0650	0.1050	0.1350	7.57805096e+08
0.0650	0.1050	0.1450	1.05803025e+09
0.0650	0.1150	0.1150	6.71094749e+08
0.0650	0.1150	0.1250	9.54754623e+08
0.0650	0.1150	0.1350	7.90826273e+08
0.0650	0.1150	0.1450	9.16721160e+08
0.0650	0.1250	0.1250	7.52626185e+08
0.0650	0.1250	0.1350	6.03988355e+08
0.0650	0.1250	0.1450	7.58848446e+08
0.0650	0.1350	0.1350	6.00290353e+08
0.0650	0.1350	0.1450	6.96645947e+08
0.0650	0.1450	0.1450	7.88511486e+08
0.0750	0.0750	0.0750	1.56852783e+09
0.0750	0.0750	0.0850	1.33955669e+09
0.0750	0.0750	0.0950	1.29496335e+09
0.0750	0.0750	0.1050	1.53682286e+09
0.0750	0.0750	0.1150	1.35290601e+09
0.0750	0.0750	0.1250	1.62464554e+09
0.0750	0.0750	0.1350	1.56717673e+09
0.0750	0.0750	0.1450	2.06994566e+09
0.0750	0.0850	0.0850	1.06864597e+09
0.0750	0.0850	0.0950	1.28320735e+09
0.0750	0.0850	0.1050	1.15370980e+09
0.0750	0.0850	0.1150	1.17530773e+09
0.0750	0.0850	0.1250	1.20641958e+09
0.0750	0.0850	0.1350	1.04046183e+09
0.0750	0.0850	0.1450	1.30525853e+09
0.0750	0.0950	0.0950	1.12459262e+08
0.0750	0.0950	0.1050	6.04421590e+08
0.0750	0.0950	0.1150	7.94532277e+08
0.0750	0.0950	0.1250	8.40387345e+08
0.0750	0.0950	0.1350	1.04242179e+09
0.0750	0.0950	0.1450	8.90058784e+08
0.0750	0.1050	0.1050	6.58637857e+08
0.0750	0.1050	0.1150	8.34774989e+08
0.0750	0.1050	0.1250	9.40751094e+08
0.0750	0.1050	0.1350	9.23183033e+08
0.0750	0.1050	0.1450	7.21468631e+08
0.0750	0.1150	0.1150	1.06001585e+09
0.0750	0.1150	0.1250	6.21368590e+08
0.0750	0.1150	0.1350	7.05788929e+08
0.0750	0.1150	0.1450	9.38749334e+08
0.0750	0.1250	0.1250	6.93516475e+08
0.0750	0.1250	0.1350	6.97844501e+08
0.0750	0.1250	0.1450	5.88963773e+08
0.0750	0.1350	0.1350	5.18467706e+08
0.0750	0.1350	0.1450	7.45081650e+08
0.0750	0.1450	0.1450	6.90617866e+08
0.0850	0.0850	0.0850	1.57497576e+09
0.0850	0.0850	0.0950	1.10438155e+09
0.0850	0.0850	0.1050	1.38667586e+09
0.0850	0.0850	0.1150	1.00067024e+09
0.0850	0.0850	0.1250	1.04940745e+09
0.0850	0.0850	0.1350	1.20035113e+09
0.0850	0.0850	0.1450	9.59922515e+08
0.0850	0.0950	0.0950	9.80448525e+08
0.0850	0.0950	0.1050	7.72720465e+08
0.0850	0.0950	0.1150	9.90937624e+08
0.0850	0.0950	0.1250	8.94729519e+08
0.0850	0.0950	0.1350	1.00927698e+09
0.0850	0.0950	0.1450	9.05777176e+08
0.0850	0.1050	0.1050	7.51797187e+08
0.0850	0.1050	0.1150	6.81730367e+08
0.0850	0.1050	0.1250	7.07690593e+08
0.0850	0.1050	0.1350	7.02401955e+08
0.0850	0.1050	0.1450	8.17110286e+08
0.0850	0.1150	0.1150	7.26549974e+08
0.0850	0.1150	0.1250	5.71753965e+08
0.0850	0.1150	0.1350	6.50326371e+08
0.0850	0.1150	0.1450	7.48126536e+08
0.0850	0.1250	0.1250	6.02119074e+08
0.0850	0.1250	0.1350	5.31200099e+08
0.0850	0.1250	0.1450	5.54763986e+08
0.0850	0.1350	0.1350	5.94458771e+08
0.0850	0.1350	0.1450	6.38690725e+08
0.0850	0.1450	0.1450	4.43934672e+08
0.0950	0.0950	0.0950	4.74069472e+08
0.0950	0.0950	0.1050	6.21940364e+08
0.0950	0.0950	0.1150	3.70205977e+08
0.0950	0.0950	0.1250	5.79394627e+08
0.0950	0.0950	0.1350	3.37349868e+08
0.0950	0.0950	0.1450	6.12284647e+08
0.0950	0.1050	0.1050	3.47191144e+08
0.0950	0.1050	0.1150	5.73846606e+08
0.0950	0.1050	0.1250	7.06101832e+08
0.0950	0.1050	0.1350	7.57365734e+08
0.0950	0.1050	0.1450	4.83376481e+08
0.0950	0.1150	0.1150	5.34272220e+08
0.0950	0.1150	0.1250	3.37370887e+08
0.0950	0.1150	0.1350	5.79698701e+08
0.0950	0.1150	0.1450	6.20751826e+08
0.0950	0.1250	0.1250	4.11226441e+08
0.0950	0.1250	0.1350	5.53164648e+08
0.0950	0.1250	0.1450	3.91019626e+08
0.0950	0.1350	0.1350	4.72101455e+08
0.0950	0.1350	0.1450	4.54378377e+08
0.0950	0.1450	0.1450	6.18912931e+08
0.1050	0.1050	0.1050	8.22262774e+08
0.1050	0.1050	0.1150	5.66846933e+08
0.1050	0.1050	0.1250	2.90291879e+08
0.1050	0.1050	0.1350	3.76289003e+08
0.1050	0.1050	0.1450	6.05999592e+08
0.1050	0.1150	0.1150	3.64302994e+08
0.1050	0.1150	0.1250	5.93197733e+08
0.1050	0.1150	0.1350	5.26092394e+08
0.1050	0.1150	0.1450	4.69525776e+08
0.1050	0.1250	0.1250	3.92631331e+08
0.1050	0.1250	0.1350	4.28363734e+08
0.1050	0.1250	0.1450	3.50129066e+08
0.1050	0.1350	0.1350	4.49165054e+08
0.1050	0.1350	0.1450	4.44572434e+08
0.1050	0.1450	0.1450	3.97718329e+08
0.1150	0.1150	0.1150	5.08476520e+08
0.1150	0.1150	0.1250	5.21932631e+08
0.1150	0.1150	0.1350	4.16636749e+08
0.1150	0.1150	0.1450	4.75200826e+08
0.1150	0.1250	0.1250	4.57266581e+08
0.1150	0.1250	0.1350	4.21967538e+08
0.1150	0.1250	0.1450	4.57034324e+08
0.1150	0.1350	0.1350	4.69985182e+08
0.1150	0.1350	0.1450	3.90304780e+08
0.1150	0.1450	0.1450	3.82314234e+08
0.1250	0.1250	0.1250	3.71488425e+08
0.1250	0.1250	0.1350	5.07165401e+08
0.1250	0.1250	0.1450	3.75903764e+08
0.1250	0.1350	0.1350	4.18445263e+08
0.1250	0.1350	0.1450	3.28464347e+08
0.1250	0.1450	0.1450	3.74378392e+08
0.1350	0.1350	0.1350	5.18052921e+08
0.1350	0.1350	0.1450	3.77128137e+08
0.1350	0.1450	0.1450	2.96911567e+08
0.1450	0.1450	0.1450	3.02583193e+08
