####### Bispectrum of patchy_s3_ Simulation 1499 #############
# Weights: FKP
# Fiducial Omega_m: 0.310
# Fiducial h: 0.676
# Boxsize: [1000.0, 2600.0, 1500.0]
# Grid: [95, 250, 140]
# k-binning: [0.000, 0.110, 0.010]
# l-max: 4
# Monte Carlo Simulations: 100
#
# Format: k1 | k2 | k3 | B(k1,k2,k3) | B2(k1,k2,k3) | B4(k1,k2,k3)
############################################
0.0150	0.0150	0.0150	3.73428731e+10	8.28091747e+10	9.75366601e+10
0.0150	0.0150	0.0250	-8.05282899e+08	-1.62584317e+11	-2.21043171e+11
0.0150	0.0250	0.0250	1.28811387e+10	8.94029769e+10	4.30805856e+10
0.0150	0.0250	0.0350	-1.79449316e+09	-5.57525521e+10	2.04495612e+10
0.0150	0.0350	0.0350	1.55308323e+10	1.52005386e+10	-6.90903647e+08
0.0150	0.0350	0.0450	1.12435712e+10	1.44821631e+10	-6.03358409e+09
0.0150	0.0450	0.0450	-2.43630548e+09	1.11012911e+10	-1.46804534e+10
0.0150	0.0450	0.0550	7.52810490e+09	4.45803225e+09	1.33864401e+09
0.0150	0.0550	0.0550	3.30504698e+09	1.47146560e+09	2.69199901e+09
0.0150	0.0550	0.0650	8.13229399e+09	-1.46696412e+10	-1.10354133e+10
0.0150	0.0650	0.0650	1.43705890e+09	2.54834668e+10	-7.74807589e+09
0.0150	0.0650	0.0750	2.17323659e+09	-1.01272209e+10	-1.10082767e+10
0.0150	0.0750	0.0750	3.12412662e+09	1.33371937e+10	7.69539128e+08
0.0250	0.0250	0.0250	-1.66287070e+10	1.15015798e+10	4.89322643e+10
0.0250	0.0250	0.0350	1.03287405e+10	3.10129786e+10	-1.09123136e+10
0.0250	0.0250	0.0450	2.90619353e+10	4.68640121e+10	4.27363317e+10
0.0250	0.0350	0.0350	1.09959060e+10	1.52557497e+09	-5.27180950e+09
0.0250	0.0350	0.0450	3.37138460e+08	-1.26232689e+10	-2.22757795e+10
0.0250	0.0350	0.0550	1.42762343e+10	1.88878033e+10	1.98758598e+10
0.0250	0.0450	0.0450	8.28591944e+09	-5.78118160e+09	-9.24821214e+09
0.0250	0.0450	0.0550	4.18821990e+09	-1.05154579e+10	8.43312390e+09
0.0250	0.0450	0.0650	2.94949286e+09	-9.83943967e+08	-4.98467595e+09
0.0250	0.0550	0.0550	7.83922521e+09	1.39198803e+10	-1.02401010e+10
0.0250	0.0550	0.0650	8.75181713e+08	1.40941984e+10	7.72281683e+09
0.0250	0.0550	0.0750	6.98281352e+09	7.09070605e+09	1.39355516e+10
0.0250	0.0650	0.0650	8.88194566e+09	2.57512678e+09	6.30225673e+08
0.0250	0.0650	0.0750	5.83387822e+09	-2.08530505e+09	5.88893875e+09
0.0250	0.0750	0.0750	3.95023961e+09	-1.44790505e+09	5.39905923e+09
0.0350	0.0350	0.0350	1.58882775e+10	7.03530234e+07	-9.32753888e+09
0.0350	0.0350	0.0450	-8.14471684e+07	5.89069581e+08	1.53168616e+09
0.0350	0.0350	0.0550	-2.79490064e+09	-1.41789860e+10	3.43727365e+09
0.0350	0.0350	0.0650	8.61297215e+09	2.08507251e+10	7.36366807e+09
0.0350	0.0450	0.0450	5.10529912e+09	4.40935615e+09	-2.01916702e+09
0.0350	0.0450	0.0550	3.32984873e+09	-1.07602954e+09	-4.02576771e+09
0.0350	0.0450	0.0650	3.07019935e+09	-4.09294458e+09	6.51109692e+09
0.0350	0.0450	0.0750	2.82806343e+09	3.39960305e+09	7.66940840e+09
0.0350	0.0550	0.0550	2.55737586e+09	1.91346113e+09	6.15035454e+09
0.0350	0.0550	0.0650	5.42335924e+09	6.35296515e+08	-1.19013075e+10
0.0350	0.0550	0.0750	1.89328356e+09	-1.65740139e+09	-5.53301557e+09
0.0350	0.0650	0.0650	2.46082015e+09	-1.36832954e+08	3.40429703e+09
0.0350	0.0650	0.0750	1.22822803e+09	3.78044677e+07	-6.66544091e+08
0.0350	0.0750	0.0750	4.09250117e+09	3.83033738e+09	1.57442250e+09
0.0450	0.0450	0.0450	1.84937591e+09	-2.17837816e+09	-5.06937214e+09
0.0450	0.0450	0.0550	-8.26751235e+08	-1.66438962e+09	-8.30829524e+09
0.0450	0.0450	0.0650	3.81656085e+09	2.73648769e+09	-1.86142456e+09
0.0450	0.0450	0.0750	2.66186011e+09	6.45976506e+08	-1.18943887e+09
0.0450	0.0550	0.0550	3.93799004e+09	1.31810599e+09	-1.72954485e+08
0.0450	0.0550	0.0650	1.24158168e+09	-1.67612892e+09	9.31483025e+08
0.0450	0.0550	0.0750	3.65372704e+09	1.55702533e+09	-4.56063916e+07
0.0450	0.0650	0.0650	-1.99097360e+08	3.73005084e+09	3.94505777e+07
0.0450	0.0650	0.0750	2.75912031e+09	4.85020751e+08	1.76925878e+09
0.0450	0.0750	0.0750	3.16061665e+08	-3.44634672e+09	2.03884965e+09
0.0550	0.0550	0.0550	1.39622697e+09	-2.34403846e+09	-3.50256710e+08
0.0550	0.0550	0.0650	2.56591194e+09	6.73983434e+09	-3.48998862e+08
0.0550	0.0550	0.0750	2.78989236e+09	3.76254329e+09	-4.04884457e+09
0.0550	0.0650	0.0650	2.70057700e+09	-2.76093251e+09	1.18562825e+09
0.0550	0.0650	0.0750	2.05710876e+09	8.07585213e+08	-1.37281595e+07
0.0550	0.0750	0.0750	2.65883054e+09	1.73645653e+09	5.37357612e+07
0.0650	0.0650	0.0650	-2.28926676e+05	6.50813679e+08	4.30926505e+07
0.0650	0.0650	0.0750	3.10741267e+09	-1.94754512e+09	-1.80012757e+08
0.0650	0.0750	0.0750	5.09484709e+08	1.30327651e+09	-4.12178707e+08
0.0750	0.0750	0.0750	6.74437700e+08	2.51199050e+08	5.41459779e+08
