####### Bispectrum of Patchy Simulation 1951 #############
# Patch: ngc
# z-type: z1
# Weights: fkp
# Fiducial Omega_m: 0.310
# Fiducial h: 0.676
# Boxsize: [1350.0, 2450.0, 1400.0]
# Grid: [126, 230, 130]
# k-binning: [0.000, 0.160, 0.010]
# Monte Carlo Simulations: 100
#
# Format: k1 | k2 | k3 | B(k1,k2,k3)
############################################
0.0150	0.0150	0.0150	5.22045830e+10
0.0150	0.0150	0.0250	2.33031083e+10
0.0150	0.0150	0.0350	3.02563284e+10
0.0150	0.0250	0.0250	1.79348798e+09
0.0150	0.0250	0.0350	2.32247020e+10
0.0150	0.0250	0.0450	7.38000156e+09
0.0150	0.0350	0.0350	1.93325352e+09
0.0150	0.0350	0.0450	1.53211890e+10
0.0150	0.0350	0.0550	1.46012209e+10
0.0150	0.0450	0.0450	3.08454122e+09
0.0150	0.0450	0.0550	5.93211589e+09
0.0150	0.0450	0.0650	2.30240395e+09
0.0150	0.0550	0.0550	4.05618698e+09
0.0150	0.0550	0.0650	5.01173646e+09
0.0150	0.0550	0.0750	1.04829090e+10
0.0150	0.0650	0.0650	2.81685498e+09
0.0150	0.0650	0.0750	5.40179750e+09
0.0150	0.0650	0.0850	8.39834505e+09
0.0150	0.0750	0.0750	5.87367740e+09
0.0150	0.0750	0.0850	5.51308717e+09
0.0150	0.0750	0.0950	6.14322020e+09
0.0150	0.0850	0.0850	3.33895218e+09
0.0150	0.0850	0.0950	5.45645605e+09
0.0150	0.0850	0.1050	8.21448520e+09
0.0150	0.0950	0.0950	1.57212361e+09
0.0150	0.0950	0.1050	4.29634857e+09
0.0150	0.0950	0.1150	4.10351565e+09
0.0150	0.1050	0.1050	3.99925081e+09
0.0150	0.1050	0.1150	2.42310141e+09
0.0150	0.1050	0.1250	4.72462698e+09
0.0150	0.1150	0.1150	1.40411534e+09
0.0150	0.1150	0.1250	2.93563833e+09
0.0150	0.1150	0.1350	4.05179287e+09
0.0150	0.1250	0.1250	2.92552430e+09
0.0150	0.1250	0.1350	2.13443529e+09
0.0150	0.1250	0.1450	4.65202686e+09
0.0150	0.1350	0.1350	1.30596510e+09
0.0150	0.1350	0.1450	2.33667880e+09
0.0150	0.1450	0.1450	1.82540008e+09
0.0250	0.0250	0.0250	1.89385800e+10
0.0250	0.0250	0.0350	7.76695763e+09
0.0250	0.0250	0.0450	5.63067814e+09
0.0250	0.0250	0.0550	1.06756994e+10
0.0250	0.0350	0.0350	9.52323116e+09
0.0250	0.0350	0.0450	4.50078613e+09
0.0250	0.0350	0.0550	8.01620900e+09
0.0250	0.0350	0.0650	5.85044436e+09
0.0250	0.0450	0.0450	4.38007497e+09
0.0250	0.0450	0.0550	2.99387663e+09
0.0250	0.0450	0.0650	6.84699550e+09
0.0250	0.0450	0.0750	1.11014966e+10
0.0250	0.0550	0.0550	1.20261695e+09
0.0250	0.0550	0.0650	5.19644415e+09
0.0250	0.0550	0.0750	3.86944920e+09
0.0250	0.0550	0.0850	9.32444706e+09
0.0250	0.0650	0.0650	2.99557598e+09
0.0250	0.0650	0.0750	3.06631034e+09
0.0250	0.0650	0.0850	2.86998259e+09
0.0250	0.0650	0.0950	1.95630713e+09
0.0250	0.0750	0.0750	2.69665065e+09
0.0250	0.0750	0.0850	3.01335368e+09
0.0250	0.0750	0.0950	4.86338049e+09
0.0250	0.0750	0.1050	6.31914183e+09
0.0250	0.0850	0.0850	4.23132367e+09
0.0250	0.0850	0.0950	2.56381636e+09
0.0250	0.0850	0.1050	2.62367244e+09
0.0250	0.0850	0.1150	4.03001892e+09
0.0250	0.0950	0.0950	2.69226180e+09
0.0250	0.0950	0.1050	2.34502996e+09
0.0250	0.0950	0.1150	2.45448448e+09
0.0250	0.0950	0.1250	2.99631162e+09
0.0250	0.1050	0.1050	1.60775789e+09
0.0250	0.1050	0.1150	1.59101939e+09
0.0250	0.1050	0.1250	2.52572355e+09
0.0250	0.1050	0.1350	3.48138574e+09
0.0250	0.1150	0.1150	2.18210074e+09
0.0250	0.1150	0.1250	1.32187273e+09
0.0250	0.1150	0.1350	2.31964925e+09
0.0250	0.1150	0.1450	2.77327266e+09
0.0250	0.1250	0.1250	1.30314165e+09
0.0250	0.1250	0.1350	1.34055062e+09
0.0250	0.1250	0.1450	1.56730688e+09
0.0250	0.1350	0.1350	9.63955285e+08
0.0250	0.1350	0.1450	1.40446922e+09
0.0250	0.1450	0.1450	1.45437202e+09
0.0350	0.0350	0.0350	7.51781222e+09
0.0350	0.0350	0.0450	3.60311225e+09
0.0350	0.0350	0.0550	9.62130150e+08
0.0350	0.0350	0.0650	6.33331224e+09
0.0350	0.0350	0.0750	8.65160713e+09
0.0350	0.0450	0.0450	7.24974740e+09
0.0350	0.0450	0.0550	5.10344149e+09
0.0350	0.0450	0.0650	5.51006751e+09
0.0350	0.0450	0.0750	6.00467815e+09
0.0350	0.0450	0.0850	5.93995843e+09
0.0350	0.0550	0.0550	2.40271374e+09
0.0350	0.0550	0.0650	3.16269383e+09
0.0350	0.0550	0.0750	3.47145811e+09
0.0350	0.0550	0.0850	4.79921221e+09
0.0350	0.0550	0.0950	3.07106006e+09
0.0350	0.0650	0.0650	4.61820959e+09
0.0350	0.0650	0.0750	3.08486509e+09
0.0350	0.0650	0.0850	3.78754091e+09
0.0350	0.0650	0.0950	3.73340907e+09
0.0350	0.0650	0.1050	3.80921459e+09
0.0350	0.0750	0.0750	1.95361135e+09
0.0350	0.0750	0.0850	2.73674828e+09
0.0350	0.0750	0.0950	3.14998988e+09
0.0350	0.0750	0.1050	4.10752170e+09
0.0350	0.0750	0.1150	4.21465750e+09
0.0350	0.0850	0.0850	1.55466497e+09
0.0350	0.0850	0.0950	2.92138384e+09
0.0350	0.0850	0.1050	2.61208048e+09
0.0350	0.0850	0.1150	3.42379363e+09
0.0350	0.0850	0.1250	3.68920824e+09
0.0350	0.0950	0.0950	1.51316548e+09
0.0350	0.0950	0.1050	1.78619601e+09
0.0350	0.0950	0.1150	2.84038260e+09
0.0350	0.0950	0.1250	2.74985390e+09
0.0350	0.0950	0.1350	2.87919498e+09
0.0350	0.1050	0.1050	2.60624869e+09
0.0350	0.1050	0.1150	1.03990518e+09
0.0350	0.1050	0.1250	1.43175700e+09
0.0350	0.1050	0.1350	1.98570338e+09
0.0350	0.1050	0.1450	1.75554007e+09
0.0350	0.1150	0.1150	2.02528133e+09
0.0350	0.1150	0.1250	1.15406111e+09
0.0350	0.1150	0.1350	1.79663013e+09
0.0350	0.1150	0.1450	2.38646062e+09
0.0350	0.1250	0.1250	1.69408309e+09
0.0350	0.1250	0.1350	1.17153333e+09
0.0350	0.1250	0.1450	1.53620926e+09
0.0350	0.1350	0.1350	6.29816997e+08
0.0350	0.1350	0.1450	1.36550190e+09
0.0350	0.1450	0.1450	1.08200582e+09
0.0450	0.0450	0.0450	-4.07114163e+08
0.0450	0.0450	0.0550	4.13024182e+09
0.0450	0.0450	0.0650	2.78588564e+09
0.0450	0.0450	0.0750	1.44039767e+09
0.0450	0.0450	0.0850	4.08215211e+09
0.0450	0.0450	0.0950	2.25525958e+09
0.0450	0.0550	0.0550	2.55642435e+09
0.0450	0.0550	0.0650	2.50658658e+09
0.0450	0.0550	0.0750	2.15076212e+09
0.0450	0.0550	0.0850	1.83713590e+09
0.0450	0.0550	0.0950	2.70456309e+09
0.0450	0.0550	0.1050	1.80861640e+09
0.0450	0.0650	0.0650	2.30009531e+09
0.0450	0.0650	0.0750	1.98390057e+09
0.0450	0.0650	0.0850	1.81074812e+09
0.0450	0.0650	0.0950	2.49947827e+09
0.0450	0.0650	0.1050	3.10342347e+09
0.0450	0.0650	0.1150	3.98878767e+09
0.0450	0.0750	0.0750	1.04920039e+09
0.0450	0.0750	0.0850	1.44518996e+09
0.0450	0.0750	0.0950	1.91209008e+09
0.0450	0.0750	0.1050	1.78248199e+09
0.0450	0.0750	0.1150	2.47885405e+09
0.0450	0.0750	0.1250	1.98610071e+09
0.0450	0.0850	0.0850	1.82201957e+09
0.0450	0.0850	0.0950	6.82945449e+08
0.0450	0.0850	0.1050	1.34936631e+09
0.0450	0.0850	0.1150	1.85697930e+09
0.0450	0.0850	0.1250	1.87923909e+09
0.0450	0.0850	0.1350	1.93157960e+09
0.0450	0.0950	0.0950	4.30297615e+08
0.0450	0.0950	0.1050	1.16382061e+09
0.0450	0.0950	0.1150	1.08546879e+09
0.0450	0.0950	0.1250	1.06193971e+09
0.0450	0.0950	0.1350	1.75559444e+09
0.0450	0.0950	0.1450	1.75421173e+09
0.0450	0.1050	0.1050	1.05236017e+09
0.0450	0.1050	0.1150	1.32141736e+09
0.0450	0.1050	0.1250	1.18128773e+09
0.0450	0.1050	0.1350	1.24980228e+09
0.0450	0.1050	0.1450	1.48387000e+09
0.0450	0.1150	0.1150	9.15102302e+08
0.0450	0.1150	0.1250	8.30619383e+08
0.0450	0.1150	0.1350	8.64802482e+08
0.0450	0.1150	0.1450	1.32013428e+09
0.0450	0.1250	0.1250	1.07128245e+09
0.0450	0.1250	0.1350	8.70908080e+08
0.0450	0.1250	0.1450	9.14322662e+08
0.0450	0.1350	0.1350	7.73836459e+08
0.0450	0.1350	0.1450	7.51431956e+08
0.0450	0.1450	0.1450	7.49032437e+08
0.0550	0.0550	0.0550	1.93593307e+09
0.0550	0.0550	0.0650	1.23936516e+09
0.0550	0.0550	0.0750	3.22402617e+09
0.0550	0.0550	0.0850	1.99996546e+09
0.0550	0.0550	0.0950	4.07132874e+09
0.0550	0.0550	0.1050	2.26533772e+09
0.0550	0.0550	0.1150	3.35109115e+09
0.0550	0.0650	0.0650	1.54238500e+09
0.0550	0.0650	0.0750	2.36439790e+09
0.0550	0.0650	0.0850	1.77098928e+09
0.0550	0.0650	0.0950	1.55372560e+09
0.0550	0.0650	0.1050	2.36481475e+09
0.0550	0.0650	0.1150	2.70173587e+09
0.0550	0.0650	0.1250	1.91032017e+09
0.0550	0.0750	0.0750	1.76281856e+09
0.0550	0.0750	0.0850	1.21905943e+09
0.0550	0.0750	0.0950	1.71586042e+09
0.0550	0.0750	0.1050	1.96766906e+09
0.0550	0.0750	0.1150	2.83651005e+09
0.0550	0.0750	0.1250	2.37082390e+09
0.0550	0.0750	0.1350	2.26823774e+09
0.0550	0.0850	0.0850	1.88376376e+09
0.0550	0.0850	0.0950	1.27395631e+09
0.0550	0.0850	0.1050	1.49087175e+09
0.0550	0.0850	0.1150	1.14466895e+09
0.0550	0.0850	0.1250	1.87926906e+09
0.0550	0.0850	0.1350	1.94014919e+09
0.0550	0.0850	0.1450	1.90062783e+09
0.0550	0.0950	0.0950	1.03473788e+09
0.0550	0.0950	0.1050	8.09399931e+08
0.0550	0.0950	0.1150	1.13707337e+09
0.0550	0.0950	0.1250	1.16670431e+09
0.0550	0.0950	0.1350	8.58400269e+08
0.0550	0.0950	0.1450	2.02844360e+09
0.0550	0.1050	0.1050	1.28090749e+09
0.0550	0.1050	0.1150	1.05383513e+09
0.0550	0.1050	0.1250	1.02890355e+09
0.0550	0.1050	0.1350	1.13079796e+09
0.0550	0.1050	0.1450	1.24840224e+09
0.0550	0.1150	0.1150	1.35453627e+09
0.0550	0.1150	0.1250	7.16536797e+08
0.0550	0.1150	0.1350	1.03365720e+09
0.0550	0.1150	0.1450	1.38690060e+09
0.0550	0.1250	0.1250	5.90190077e+08
0.0550	0.1250	0.1350	9.94043823e+08
0.0550	0.1250	0.1450	1.05809598e+09
0.0550	0.1350	0.1350	7.12955774e+08
0.0550	0.1350	0.1450	9.03312346e+08
0.0550	0.1450	0.1450	1.09664723e+09
0.0650	0.0650	0.0650	3.20989867e+09
0.0650	0.0650	0.0750	7.13814950e+08
0.0650	0.0650	0.0850	1.90599592e+09
0.0650	0.0650	0.0950	1.87453358e+09
0.0650	0.0650	0.1050	1.38408145e+09
0.0650	0.0650	0.1150	1.54855914e+09
0.0650	0.0650	0.1250	1.30550555e+09
0.0650	0.0650	0.1350	1.22654834e+09
0.0650	0.0750	0.0750	1.29364352e+09
0.0650	0.0750	0.0850	1.38344329e+09
0.0650	0.0750	0.0950	1.35055026e+09
0.0650	0.0750	0.1050	1.60656962e+09
0.0650	0.0750	0.1150	1.37560045e+09
0.0650	0.0750	0.1250	1.66134747e+09
0.0650	0.0750	0.1350	1.84493385e+09
0.0650	0.0750	0.1450	1.66910634e+09
0.0650	0.0850	0.0850	8.16774040e+08
0.0650	0.0850	0.0950	9.53025075e+08
0.0650	0.0850	0.1050	9.67577266e+08
0.0650	0.0850	0.1150	9.79767006e+08
0.0650	0.0850	0.1250	1.39939344e+09
0.0650	0.0850	0.1350	1.25489471e+09
0.0650	0.0850	0.1450	1.58537594e+09
0.0650	0.0950	0.0950	1.43855365e+09
0.0650	0.0950	0.1050	5.99479622e+08
0.0650	0.0950	0.1150	1.06975145e+09
0.0650	0.0950	0.1250	6.78652248e+08
0.0650	0.0950	0.1350	1.01744002e+09
0.0650	0.0950	0.1450	1.10052064e+09
0.0650	0.1050	0.1050	6.88775759e+08
0.0650	0.1050	0.1150	7.88443313e+08
0.0650	0.1050	0.1250	8.22411548e+08
0.0650	0.1050	0.1350	8.45610674e+08
0.0650	0.1050	0.1450	1.01073821e+09
0.0650	0.1150	0.1150	9.83611075e+08
0.0650	0.1150	0.1250	7.52943743e+08
0.0650	0.1150	0.1350	7.46754415e+08
0.0650	0.1150	0.1450	9.10925526e+08
0.0650	0.1250	0.1250	7.39173593e+08
0.0650	0.1250	0.1350	5.13911517e+08
0.0650	0.1250	0.1450	7.69815813e+08
0.0650	0.1350	0.1350	8.03343526e+08
0.0650	0.1350	0.1450	6.40281002e+08
0.0650	0.1450	0.1450	9.18989274e+08
0.0750	0.0750	0.0750	1.56406040e+09
0.0750	0.0750	0.0850	1.33406295e+09
0.0750	0.0750	0.0950	1.27495009e+09
0.0750	0.0750	0.1050	1.78204886e+09
0.0750	0.0750	0.1150	8.62101906e+08
0.0750	0.0750	0.1250	1.60942157e+09
0.0750	0.0750	0.1350	1.58481433e+09
0.0750	0.0750	0.1450	2.24960803e+09
0.0750	0.0850	0.0850	1.00121743e+09
0.0750	0.0850	0.0950	9.83710346e+08
0.0750	0.0850	0.1050	8.30989541e+08
0.0750	0.0850	0.1150	1.32053084e+09
0.0750	0.0850	0.1250	1.14057579e+09
0.0750	0.0850	0.1350	1.26534164e+09
0.0750	0.0850	0.1450	1.38724904e+09
0.0750	0.0950	0.0950	9.46152642e+08
0.0750	0.0950	0.1050	8.32708337e+08
0.0750	0.0950	0.1150	1.05758316e+09
0.0750	0.0950	0.1250	1.12513349e+09
0.0750	0.0950	0.1350	1.11636774e+09
0.0750	0.0950	0.1450	9.48245972e+08
0.0750	0.1050	0.1050	9.21645744e+08
0.0750	0.1050	0.1150	7.02829745e+08
0.0750	0.1050	0.1250	8.13992520e+08
0.0750	0.1050	0.1350	8.43424614e+08
0.0750	0.1050	0.1450	8.27294293e+08
0.0750	0.1150	0.1150	5.32951779e+08
0.0750	0.1150	0.1250	8.32902446e+08
0.0750	0.1150	0.1350	6.87950367e+08
0.0750	0.1150	0.1450	7.80526413e+08
0.0750	0.1250	0.1250	8.64539661e+08
0.0750	0.1250	0.1350	6.94437171e+08
0.0750	0.1250	0.1450	6.68840886e+08
0.0750	0.1350	0.1350	3.98147453e+08
0.0750	0.1350	0.1450	5.97253931e+08
0.0750	0.1450	0.1450	6.57660407e+08
0.0850	0.0850	0.0850	1.38108178e+09
0.0850	0.0850	0.0950	8.46356516e+08
0.0850	0.0850	0.1050	6.19262660e+08
0.0850	0.0850	0.1150	9.18338073e+08
0.0850	0.0850	0.1250	6.41777561e+08
0.0850	0.0850	0.1350	1.17402901e+09
0.0850	0.0850	0.1450	8.34780028e+08
0.0850	0.0950	0.0950	5.70241324e+08
0.0850	0.0950	0.1050	8.46224967e+08
0.0850	0.0950	0.1150	7.10940227e+08
0.0850	0.0950	0.1250	8.24326028e+08
0.0850	0.0950	0.1350	7.85025412e+08
0.0850	0.0950	0.1450	8.01555331e+08
0.0850	0.1050	0.1050	4.38647296e+08
0.0850	0.1050	0.1150	6.84789680e+08
0.0850	0.1050	0.1250	7.63485953e+08
0.0850	0.1050	0.1350	6.02248529e+08
0.0850	0.1050	0.1450	8.44482724e+08
0.0850	0.1150	0.1150	6.40168203e+08
0.0850	0.1150	0.1250	7.67376026e+08
0.0850	0.1150	0.1350	5.46516937e+08
0.0850	0.1150	0.1450	5.23275446e+08
0.0850	0.1250	0.1250	7.22162809e+08
0.0850	0.1250	0.1350	5.87890983e+08
0.0850	0.1250	0.1450	5.47900727e+08
0.0850	0.1350	0.1350	5.66124881e+08
0.0850	0.1350	0.1450	5.06715488e+08
0.0850	0.1450	0.1450	4.75114476e+08
0.0950	0.0950	0.0950	4.47691408e+08
0.0950	0.0950	0.1050	5.58497127e+08
0.0950	0.0950	0.1150	6.23515941e+08
0.0950	0.0950	0.1250	7.23579857e+08
0.0950	0.0950	0.1350	4.12035984e+08
0.0950	0.0950	0.1450	7.08201245e+08
0.0950	0.1050	0.1050	7.85630574e+08
0.0950	0.1050	0.1150	5.58057014e+08
0.0950	0.1050	0.1250	6.19078679e+08
0.0950	0.1050	0.1350	7.31154982e+08
0.0950	0.1050	0.1450	5.28040021e+08
0.0950	0.1150	0.1150	4.87132142e+08
0.0950	0.1150	0.1250	4.25727040e+08
0.0950	0.1150	0.1350	7.50928399e+08
0.0950	0.1150	0.1450	6.56149179e+08
0.0950	0.1250	0.1250	6.33037193e+08
0.0950	0.1250	0.1350	4.49984434e+08
0.0950	0.1250	0.1450	4.71535815e+08
0.0950	0.1350	0.1350	3.28562817e+08
0.0950	0.1350	0.1450	4.63334810e+08
0.0950	0.1450	0.1450	5.03302583e+08
0.1050	0.1050	0.1050	6.10437080e+08
0.1050	0.1050	0.1150	5.60968255e+08
0.1050	0.1050	0.1250	4.89871536e+08
0.1050	0.1050	0.1350	4.65627175e+08
0.1050	0.1050	0.1450	4.97413294e+08
0.1050	0.1150	0.1150	3.47600132e+08
0.1050	0.1150	0.1250	5.18785397e+08
0.1050	0.1150	0.1350	5.65143587e+08
0.1050	0.1150	0.1450	4.56280897e+08
0.1050	0.1250	0.1250	4.67151429e+08
0.1050	0.1250	0.1350	3.40331412e+08
0.1050	0.1250	0.1450	3.77632640e+08
0.1050	0.1350	0.1350	4.88247046e+08
0.1050	0.1350	0.1450	4.39243709e+08
0.1050	0.1450	0.1450	3.09613726e+08
0.1150	0.1150	0.1150	4.34662964e+08
0.1150	0.1150	0.1250	3.98946412e+08
0.1150	0.1150	0.1350	4.59974617e+08
0.1150	0.1150	0.1450	3.78654051e+08
0.1150	0.1250	0.1250	6.27616812e+08
0.1150	0.1250	0.1350	4.12395132e+08
0.1150	0.1250	0.1450	4.06604409e+08
0.1150	0.1350	0.1350	3.50223486e+08
0.1150	0.1350	0.1450	4.57281425e+08
0.1150	0.1450	0.1450	3.92511405e+08
0.1250	0.1250	0.1250	2.38757786e+08
0.1250	0.1250	0.1350	3.76409882e+08
0.1250	0.1250	0.1450	3.18916713e+08
0.1250	0.1350	0.1350	4.34214983e+08
0.1250	0.1350	0.1450	3.81966773e+08
0.1250	0.1450	0.1450	3.30116524e+08
0.1350	0.1350	0.1350	3.58792460e+08
0.1350	0.1350	0.1450	3.58555065e+08
0.1350	0.1450	0.1450	3.54144967e+08
0.1450	0.1450	0.1450	3.37339842e+08
