####### Bispectrum of patchy_s1_ Simulation 381 #############
# Weights: FKP
# Fiducial Omega_m: 0.310
# Fiducial h: 0.676
# Boxsize: [1000.0, 1900.0, 1100.0]
# Grid: [95, 250, 140]
# k-binning: [0.000, 0.110, 0.010]
# l-max: 4
# Monte Carlo Simulations: 100
#
# Format: k1 | k2 | k3 | B(k1,k2,k3) | B2(k1,k2,k3) | B4(k1,k2,k3)
############################################
0.0150	0.0150	0.0150	4.15091252e+10	-3.18777394e+10	1.63922782e+11
0.0150	0.0150	0.0250	-2.36234541e+10	1.04280610e+11	1.40304931e+11
0.0150	0.0250	0.0250	3.34083463e+10	-5.37288358e+10	1.77190720e+09
0.0150	0.0250	0.0350	4.19789322e+09	6.05353269e+10	4.94324906e+08
0.0150	0.0350	0.0350	1.26117264e+10	3.49022678e+09	-7.86499963e+10
0.0150	0.0350	0.0450	1.69545373e+10	-9.87286627e+09	3.82332830e+09
0.0150	0.0450	0.0450	1.72169658e+07	-8.60846258e+08	-3.91608002e+10
0.0150	0.0450	0.0550	1.26290198e+10	-1.81600675e+10	1.38930999e+10
0.0150	0.0550	0.0550	-3.01099816e+09	1.65032690e+10	-5.36879530e+09
0.0150	0.0550	0.0650	6.47127516e+09	1.56181961e+10	-4.24183096e+09
0.0150	0.0650	0.0650	2.73607636e+09	-4.46932371e+09	-9.07748974e+09
0.0150	0.0650	0.0750	7.42799535e+09	-7.36533332e+09	-1.20223167e+10
0.0150	0.0750	0.0750	5.31227758e+09	1.23831425e+10	1.05079539e+10
0.0250	0.0250	0.0250	-3.56701608e+10	-1.06709330e+10	-1.98153111e+10
0.0250	0.0250	0.0350	1.67195408e+10	-1.85329811e+10	3.00913886e+10
0.0250	0.0250	0.0450	-2.88118923e+08	-6.30980432e+08	-2.18053266e+10
0.0250	0.0350	0.0350	5.25876813e+09	1.22500437e+10	-5.91903102e+09
0.0250	0.0350	0.0450	1.10604112e+10	3.74766503e+09	-3.42143636e+10
0.0250	0.0350	0.0550	1.02267197e+10	2.03191630e+08	2.07032529e+10
0.0250	0.0450	0.0450	3.15949390e+09	-1.00549804e+10	-2.01318360e+09
0.0250	0.0450	0.0550	-1.85496456e+09	-3.27037293e+09	4.14134882e+09
0.0250	0.0450	0.0650	7.80720528e+09	8.97391250e+09	8.66079246e+09
0.0250	0.0550	0.0550	8.29258294e+09	-6.67971980e+08	-1.52827762e+10
0.0250	0.0550	0.0650	7.67556105e+09	2.41456498e+09	1.75101699e+10
0.0250	0.0550	0.0750	5.82518037e+09	6.51451412e+09	-5.36365237e+08
0.0250	0.0650	0.0650	3.61107295e+09	7.64318734e+08	-2.24375243e+08
0.0250	0.0650	0.0750	1.57000572e+09	5.29588355e+09	5.81078063e+09
0.0250	0.0750	0.0750	5.79393485e+09	7.78322118e+09	-5.61369966e+09
0.0350	0.0350	0.0350	1.84154727e+10	5.30552820e+09	4.59817770e+09
0.0350	0.0350	0.0450	6.52716766e+08	1.02067213e+10	9.65531157e+09
0.0350	0.0350	0.0550	6.39733997e+09	3.71352676e+09	4.73181014e+09
0.0350	0.0350	0.0650	1.44312689e+09	9.29904626e+09	5.86803425e+09
0.0350	0.0450	0.0450	6.86740721e+08	5.33331267e+09	2.38846052e+10
0.0350	0.0450	0.0550	1.34762905e+09	-9.62113501e+09	-6.40441127e+09
0.0350	0.0450	0.0650	5.21660392e+09	-1.38453491e+09	1.93948494e+09
0.0350	0.0450	0.0750	5.48570911e+09	4.54115806e+09	-1.22032693e+09
0.0350	0.0550	0.0550	3.63084275e+09	-3.28678711e+09	-5.71407408e+09
0.0350	0.0550	0.0650	3.35830369e+09	1.77689750e+08	-3.11390356e+09
0.0350	0.0550	0.0750	4.72494075e+09	-1.90977620e+09	2.29582654e+09
0.0350	0.0650	0.0650	1.55352542e+09	1.54767472e+09	-4.71868176e+09
0.0350	0.0650	0.0750	4.21442243e+09	-1.47831340e+09	-7.15816223e+09
0.0350	0.0750	0.0750	6.48437642e+09	1.35892637e+09	5.45064769e+09
0.0450	0.0450	0.0450	3.55832410e+09	-3.61943702e+08	3.30804762e+09
0.0450	0.0450	0.0550	3.44952437e+09	8.90039039e+09	2.68076178e+09
0.0450	0.0450	0.0650	2.19520901e+08	9.71516448e+08	6.16647378e+09
0.0450	0.0450	0.0750	2.12769327e+09	-3.81777295e+09	1.00516921e+10
0.0450	0.0550	0.0550	4.47182004e+08	2.99301385e+09	-2.87114010e+09
0.0450	0.0550	0.0650	2.95477137e+09	3.37424164e+09	-7.70601078e+08
0.0450	0.0550	0.0750	2.05595013e+09	-1.96724393e+09	-5.78817868e+09
0.0450	0.0650	0.0650	5.28289810e+09	1.67769685e+09	-1.68985416e+09
0.0450	0.0650	0.0750	2.15828881e+09	7.54409539e+08	2.58565055e+09
0.0450	0.0750	0.0750	1.37598257e+09	2.82196010e+08	8.75140728e+08
0.0550	0.0550	0.0550	5.94194513e+08	-2.72724742e+09	6.47148273e+08
0.0550	0.0550	0.0650	1.47877075e+09	3.00755554e+09	2.07114621e+09
0.0550	0.0550	0.0750	5.92042917e+08	1.59187621e+09	7.66798733e+08
0.0550	0.0650	0.0650	7.14076455e+08	-2.45571108e+09	-5.80289270e+09
0.0550	0.0650	0.0750	1.87178837e+09	1.62608346e+09	-9.79387874e+08
0.0550	0.0750	0.0750	2.86748998e+08	2.58011771e+09	4.32360399e+08
0.0650	0.0650	0.0650	4.84696878e+09	-1.61979367e+09	6.81793752e+08
0.0650	0.0650	0.0750	1.12904608e+09	2.05530117e+08	1.16439488e+09
0.0650	0.0750	0.0750	-1.87189318e+08	2.74210618e+09	-4.75251623e+08
0.0750	0.0750	0.0750	9.47973440e+08	-1.68473890e+09	-1.37546192e+09
