####### Bispectrum of Patchy Simulation 1920 #############
# Patch: sgc
# z-type: z3
# Weights: fkp
# Fiducial Omega_m: 0.310
# Fiducial h: 0.676
# Boxsize: [1000.0, 2600.0, 1500.0]
# Grid: [95, 250, 140]
# k-binning: [0.000, 0.160, 0.010]
# Monte Carlo Simulations: 100
#
# Format: k1 | k2 | k3 | B(k1,k2,k3)
############################################
0.0150	0.0150	0.0150	9.65829708e+10
0.0150	0.0150	0.0250	-2.85341703e+10
0.0150	0.0150	0.0350	9.72994258e+10
0.0150	0.0250	0.0250	1.31966969e+10
0.0150	0.0250	0.0350	-4.02073682e+08
0.0150	0.0250	0.0450	5.76341142e+10
0.0150	0.0350	0.0350	1.62620516e+10
0.0150	0.0350	0.0450	1.54443619e+10
0.0150	0.0350	0.0550	-1.48959305e+10
0.0150	0.0450	0.0450	7.31818352e+08
0.0150	0.0450	0.0550	1.12205427e+10
0.0150	0.0450	0.0650	5.28746524e+09
0.0150	0.0550	0.0550	1.10420758e+10
0.0150	0.0550	0.0650	5.97516817e+09
0.0150	0.0550	0.0750	8.85937709e+09
0.0150	0.0650	0.0650	3.50014679e+09
0.0150	0.0650	0.0750	3.96100153e+09
0.0150	0.0650	0.0850	1.27315936e+09
0.0150	0.0750	0.0750	7.89988079e+09
0.0150	0.0750	0.0850	6.44504018e+08
0.0150	0.0750	0.0950	7.66868871e+09
0.0150	0.0850	0.0850	6.10513471e+09
0.0150	0.0850	0.0950	3.19116116e+09
0.0150	0.0850	0.1050	-2.47618012e+08
0.0150	0.0950	0.0950	4.29520606e+09
0.0150	0.0950	0.1050	1.39331876e+09
0.0150	0.0950	0.1150	1.32972982e+09
0.0150	0.1050	0.1050	3.32784812e+09
0.0150	0.1050	0.1150	1.03908354e+08
0.0150	0.1050	0.1250	5.24502281e+09
0.0150	0.1150	0.1150	2.93397133e+09
0.0150	0.1150	0.1250	1.69044379e+09
0.0150	0.1150	0.1350	-1.81957894e+08
0.0150	0.1250	0.1250	-5.03089246e+08
0.0150	0.1250	0.1350	1.84284270e+09
0.0150	0.1250	0.1450	2.99915907e+09
0.0150	0.1350	0.1350	6.30619253e+08
0.0150	0.1350	0.1450	1.90730632e+09
0.0150	0.1450	0.1450	2.15226314e+09
0.0250	0.0250	0.0250	1.82127662e+10
0.0250	0.0250	0.0350	1.31969800e+10
0.0250	0.0250	0.0450	6.06020507e+09
0.0250	0.0250	0.0550	1.39081371e+10
0.0250	0.0350	0.0350	3.16445536e+09
0.0250	0.0350	0.0450	9.34094699e+09
0.0250	0.0350	0.0550	8.26760850e+09
0.0250	0.0350	0.0650	1.73026682e+10
0.0250	0.0450	0.0450	-4.37338037e+09
0.0250	0.0450	0.0550	5.39579136e+09
0.0250	0.0450	0.0650	1.00851273e+10
0.0250	0.0450	0.0750	8.80523777e+09
0.0250	0.0550	0.0550	3.48815484e+09
0.0250	0.0550	0.0650	1.02845123e+09
0.0250	0.0550	0.0750	3.35839750e+09
0.0250	0.0550	0.0850	5.77476967e+09
0.0250	0.0650	0.0650	7.23078097e+08
0.0250	0.0650	0.0750	2.73076242e+09
0.0250	0.0650	0.0850	9.64162762e+09
0.0250	0.0650	0.0950	7.36512168e+09
0.0250	0.0750	0.0750	5.23206325e+09
0.0250	0.0750	0.0850	5.26695639e+09
0.0250	0.0750	0.0950	4.72599290e+09
0.0250	0.0750	0.1050	5.28841492e+09
0.0250	0.0850	0.0850	3.71768757e+09
0.0250	0.0850	0.0950	1.63960362e+09
0.0250	0.0850	0.1050	5.85462927e+09
0.0250	0.0850	0.1150	4.81343430e+09
0.0250	0.0950	0.0950	2.43861467e+09
0.0250	0.0950	0.1050	2.79053981e+09
0.0250	0.0950	0.1150	3.32072955e+09
0.0250	0.0950	0.1250	3.11119676e+09
0.0250	0.1050	0.1050	2.12335762e+09
0.0250	0.1050	0.1150	3.40239095e+09
0.0250	0.1050	0.1250	2.00217271e+09
0.0250	0.1050	0.1350	4.20488091e+09
0.0250	0.1150	0.1150	2.12796056e+09
0.0250	0.1150	0.1250	2.63538159e+09
0.0250	0.1150	0.1350	2.71195686e+09
0.0250	0.1150	0.1450	2.08130066e+09
0.0250	0.1250	0.1250	2.45724470e+09
0.0250	0.1250	0.1350	2.02074600e+09
0.0250	0.1250	0.1450	3.10774314e+09
0.0250	0.1350	0.1350	1.85893725e+09
0.0250	0.1350	0.1450	1.41909267e+09
0.0250	0.1450	0.1450	1.81092656e+09
0.0350	0.0350	0.0350	-9.60532668e+09
0.0350	0.0350	0.0450	1.13578635e+10
0.0350	0.0350	0.0550	4.60791792e+09
0.0350	0.0350	0.0650	9.10568829e+09
0.0350	0.0350	0.0750	1.30855120e+10
0.0350	0.0450	0.0450	7.50044905e+08
0.0350	0.0450	0.0550	1.80679266e+09
0.0350	0.0450	0.0650	4.29885959e+09
0.0350	0.0450	0.0750	8.64546856e+09
0.0350	0.0450	0.0850	8.80570580e+09
0.0350	0.0550	0.0550	6.70157247e+09
0.0350	0.0550	0.0650	2.94205170e+09
0.0350	0.0550	0.0750	2.91336781e+09
0.0350	0.0550	0.0850	3.25356082e+09
0.0350	0.0550	0.0950	3.72530233e+09
0.0350	0.0650	0.0650	-3.55515012e+08
0.0350	0.0650	0.0750	4.67122864e+09
0.0350	0.0650	0.0850	3.31834865e+09
0.0350	0.0650	0.0950	2.58439519e+09
0.0350	0.0650	0.1050	4.93459862e+09
0.0350	0.0750	0.0750	1.07315091e+08
0.0350	0.0750	0.0850	2.84257799e+09
0.0350	0.0750	0.0950	3.84276298e+09
0.0350	0.0750	0.1050	5.64448169e+09
0.0350	0.0750	0.1150	3.73632849e+09
0.0350	0.0850	0.0850	2.73582213e+09
0.0350	0.0850	0.0950	2.45940777e+09
0.0350	0.0850	0.1050	2.89416334e+09
0.0350	0.0850	0.1150	2.78614008e+09
0.0350	0.0850	0.1250	2.46664234e+09
0.0350	0.0950	0.0950	2.76140337e+09
0.0350	0.0950	0.1050	2.10723924e+09
0.0350	0.0950	0.1150	1.94000653e+09
0.0350	0.0950	0.1250	3.15272298e+09
0.0350	0.0950	0.1350	3.96882643e+09
0.0350	0.1050	0.1050	1.82831926e+09
0.0350	0.1050	0.1150	5.41346337e+08
0.0350	0.1050	0.1250	2.06730182e+09
0.0350	0.1050	0.1350	1.40490034e+09
0.0350	0.1050	0.1450	1.90371625e+09
0.0350	0.1150	0.1150	1.78047840e+09
0.0350	0.1150	0.1250	1.14504199e+09
0.0350	0.1150	0.1350	2.37399457e+09
0.0350	0.1150	0.1450	1.87435519e+09
0.0350	0.1250	0.1250	7.75892653e+08
0.0350	0.1250	0.1350	1.40343341e+09
0.0350	0.1250	0.1450	1.76222224e+09
0.0350	0.1350	0.1350	1.54065096e+09
0.0350	0.1350	0.1450	1.28595762e+09
0.0350	0.1450	0.1450	1.85988890e+09
0.0450	0.0450	0.0450	4.11445834e+09
0.0450	0.0450	0.0550	7.54946344e+09
0.0450	0.0450	0.0650	2.44070854e+09
0.0450	0.0450	0.0750	2.44112522e+09
0.0450	0.0450	0.0850	5.82388575e+09
0.0450	0.0450	0.0950	4.46958332e+09
0.0450	0.0550	0.0550	-1.66656338e+09
0.0450	0.0550	0.0650	3.22126243e+09
0.0450	0.0550	0.0750	3.03016250e+09
0.0450	0.0550	0.0850	2.75330451e+09
0.0450	0.0550	0.0950	2.86951764e+09
0.0450	0.0550	0.1050	3.16726999e+09
0.0450	0.0650	0.0650	2.34505922e+09
0.0450	0.0650	0.0750	3.06545387e+09
0.0450	0.0650	0.0850	3.33801243e+09
0.0450	0.0650	0.0950	3.94474802e+09
0.0450	0.0650	0.1050	3.91076505e+09
0.0450	0.0650	0.1150	5.69669235e+09
0.0450	0.0750	0.0750	3.13582837e+09
0.0450	0.0750	0.0850	2.76223729e+09
0.0450	0.0750	0.0950	2.38449573e+09
0.0450	0.0750	0.1050	7.14437791e+08
0.0450	0.0750	0.1150	1.89250422e+09
0.0450	0.0750	0.1250	2.87663892e+09
0.0450	0.0850	0.0850	2.27942952e+09
0.0450	0.0850	0.0950	1.74413919e+09
0.0450	0.0850	0.1050	2.09228540e+09
0.0450	0.0850	0.1150	1.52501914e+09
0.0450	0.0850	0.1250	2.16802781e+09
0.0450	0.0850	0.1350	2.09533206e+09
0.0450	0.0950	0.0950	1.60949072e+09
0.0450	0.0950	0.1050	1.31770501e+09
0.0450	0.0950	0.1150	3.01432254e+09
0.0450	0.0950	0.1250	1.39249949e+09
0.0450	0.0950	0.1350	2.05634149e+09
0.0450	0.0950	0.1450	2.67325438e+09
0.0450	0.1050	0.1050	1.55481041e+09
0.0450	0.1050	0.1150	1.84053219e+09
0.0450	0.1050	0.1250	1.72250623e+09
0.0450	0.1050	0.1350	1.50490492e+09
0.0450	0.1050	0.1450	1.85718407e+09
0.0450	0.1150	0.1150	5.07583112e+08
0.0450	0.1150	0.1250	1.68027805e+09
0.0450	0.1150	0.1350	1.07488621e+09
0.0450	0.1150	0.1450	1.46619671e+09
0.0450	0.1250	0.1250	1.14116912e+09
0.0450	0.1250	0.1350	1.59599179e+09
0.0450	0.1250	0.1450	1.03891588e+09
0.0450	0.1350	0.1350	3.36615224e+08
0.0450	0.1350	0.1450	1.15383928e+09
0.0450	0.1450	0.1450	6.92987463e+08
0.0550	0.0550	0.0550	5.11844036e+09
0.0550	0.0550	0.0650	9.39042757e+08
0.0550	0.0550	0.0750	3.76746723e+09
0.0550	0.0550	0.0850	2.03752896e+09
0.0550	0.0550	0.0950	1.79455736e+09
0.0550	0.0550	0.1050	3.71469426e+09
0.0550	0.0550	0.1150	4.59566605e+09
0.0550	0.0650	0.0650	1.78175386e+09
0.0550	0.0650	0.0750	1.50900541e+09
0.0550	0.0650	0.0850	2.77803521e+09
0.0550	0.0650	0.0950	8.68933201e+08
0.0550	0.0650	0.1050	2.41383715e+09
0.0550	0.0650	0.1150	2.69989456e+09
0.0550	0.0650	0.1250	4.95372389e+09
0.0550	0.0750	0.0750	8.45042834e+08
0.0550	0.0750	0.0850	9.81848378e+08
0.0550	0.0750	0.0950	1.86421597e+09
0.0550	0.0750	0.1050	1.75207131e+09
0.0550	0.0750	0.1150	2.00373627e+09
0.0550	0.0750	0.1250	2.21132919e+09
0.0550	0.0750	0.1350	4.04860815e+09
0.0550	0.0850	0.0850	1.73030782e+09
0.0550	0.0850	0.0950	8.05393250e+08
0.0550	0.0850	0.1050	1.42174860e+09
0.0550	0.0850	0.1150	1.90111312e+09
0.0550	0.0850	0.1250	2.07041503e+09
0.0550	0.0850	0.1350	2.34695652e+09
0.0550	0.0850	0.1450	3.06679069e+09
0.0550	0.0950	0.0950	2.18000445e+09
0.0550	0.0950	0.1050	9.93012315e+08
0.0550	0.0950	0.1150	1.03668746e+09
0.0550	0.0950	0.1250	1.08103306e+09
0.0550	0.0950	0.1350	1.75679455e+09
0.0550	0.0950	0.1450	9.87506934e+08
0.0550	0.1050	0.1050	2.10601317e+09
0.0550	0.1050	0.1150	1.02265862e+09
0.0550	0.1050	0.1250	9.74332657e+08
0.0550	0.1050	0.1350	9.43668569e+08
0.0550	0.1050	0.1450	1.45412126e+09
0.0550	0.1150	0.1150	1.09834134e+09
0.0550	0.1150	0.1250	1.15883273e+09
0.0550	0.1150	0.1350	1.55004692e+09
0.0550	0.1150	0.1450	9.27642581e+08
0.0550	0.1250	0.1250	8.42715386e+08
0.0550	0.1250	0.1350	6.87709547e+08
0.0550	0.1250	0.1450	8.83071831e+08
0.0550	0.1350	0.1350	1.24998461e+09
0.0550	0.1350	0.1450	1.02302709e+09
0.0550	0.1450	0.1450	9.30666768e+08
0.0650	0.0650	0.0650	1.36796028e+09
0.0650	0.0650	0.0750	4.58094065e+09
0.0650	0.0650	0.0850	1.97975516e+09
0.0650	0.0650	0.0950	2.14318124e+09
0.0650	0.0650	0.1050	3.09932239e+09
0.0650	0.0650	0.1150	1.76254017e+09
0.0650	0.0650	0.1250	2.07206312e+09
0.0650	0.0650	0.1350	2.33966035e+09
0.0650	0.0750	0.0750	9.94584100e+08
0.0650	0.0750	0.0850	1.61660384e+09
0.0650	0.0750	0.0950	1.90861115e+09
0.0650	0.0750	0.1050	1.61524164e+09
0.0650	0.0750	0.1150	1.38413306e+09
0.0650	0.0750	0.1250	1.27491660e+09
0.0650	0.0750	0.1350	2.09166351e+09
0.0650	0.0750	0.1450	1.08153631e+09
0.0650	0.0850	0.0850	2.86352423e+09
0.0650	0.0850	0.0950	1.65577168e+09
0.0650	0.0850	0.1050	1.52996130e+09
0.0650	0.0850	0.1150	1.72088165e+09
0.0650	0.0850	0.1250	1.14498608e+09
0.0650	0.0850	0.1350	1.93089004e+09
0.0650	0.0850	0.1450	1.94738393e+09
0.0650	0.0950	0.0950	7.89044348e+08
0.0650	0.0950	0.1050	1.46571899e+09
0.0650	0.0950	0.1150	9.54012732e+08
0.0650	0.0950	0.1250	1.29362022e+09
0.0650	0.0950	0.1350	8.00706854e+08
0.0650	0.0950	0.1450	1.42333934e+09
0.0650	0.1050	0.1050	6.28130891e+08
0.0650	0.1050	0.1150	1.56370197e+09
0.0650	0.1050	0.1250	1.30889730e+09
0.0650	0.1050	0.1350	1.22892690e+09
0.0650	0.1050	0.1450	1.60684946e+09
0.0650	0.1150	0.1150	1.26581577e+09
0.0650	0.1150	0.1250	1.33246836e+09
0.0650	0.1150	0.1350	9.98890945e+08
0.0650	0.1150	0.1450	7.76572195e+08
0.0650	0.1250	0.1250	7.52149936e+08
0.0650	0.1250	0.1350	6.01935543e+08
0.0650	0.1250	0.1450	8.98741692e+08
0.0650	0.1350	0.1350	1.25230547e+09
0.0650	0.1350	0.1450	7.54290307e+08
0.0650	0.1450	0.1450	1.31135129e+09
0.0750	0.0750	0.0750	1.95977298e+09
0.0750	0.0750	0.0850	1.19025603e+09
0.0750	0.0750	0.0950	7.78705042e+08
0.0750	0.0750	0.1050	1.51592945e+09
0.0750	0.0750	0.1150	1.09620922e+09
0.0750	0.0750	0.1250	2.40954497e+09
0.0750	0.0750	0.1350	2.13038413e+09
0.0750	0.0750	0.1450	1.75932877e+09
0.0750	0.0850	0.0850	2.37028637e+08
0.0750	0.0850	0.0950	1.31257368e+09
0.0750	0.0850	0.1050	1.40798355e+09
0.0750	0.0850	0.1150	1.29803123e+09
0.0750	0.0850	0.1250	1.21388892e+09
0.0750	0.0850	0.1350	7.66151211e+08
0.0750	0.0850	0.1450	1.39848786e+09
0.0750	0.0950	0.0950	1.51793949e+09
0.0750	0.0950	0.1050	9.09574076e+08
0.0750	0.0950	0.1150	1.38887499e+09
0.0750	0.0950	0.1250	1.09173642e+09
0.0750	0.0950	0.1350	1.54644454e+09
0.0750	0.0950	0.1450	6.57716627e+08
0.0750	0.1050	0.1050	1.12030572e+09
0.0750	0.1050	0.1150	1.05001315e+09
0.0750	0.1050	0.1250	5.51536221e+08
0.0750	0.1050	0.1350	8.13651996e+08
0.0750	0.1050	0.1450	1.02760180e+09
0.0750	0.1150	0.1150	8.40912424e+08
0.0750	0.1150	0.1250	7.49043022e+08
0.0750	0.1150	0.1350	8.47877830e+08
0.0750	0.1150	0.1450	7.35827705e+08
0.0750	0.1250	0.1250	8.43084230e+08
0.0750	0.1250	0.1350	8.65752622e+08
0.0750	0.1250	0.1450	9.77925019e+08
0.0750	0.1350	0.1350	7.75785168e+08
0.0750	0.1350	0.1450	8.05375780e+08
0.0750	0.1450	0.1450	8.46901520e+08
0.0850	0.0850	0.0850	8.97599976e+08
0.0850	0.0850	0.0950	1.35041113e+09
0.0850	0.0850	0.1050	1.25189629e+09
0.0850	0.0850	0.1150	1.82996646e+09
0.0850	0.0850	0.1250	1.18691542e+09
0.0850	0.0850	0.1350	1.07832634e+09
0.0850	0.0850	0.1450	9.82306321e+08
0.0850	0.0950	0.0950	1.16944909e+09
0.0850	0.0950	0.1050	1.10201172e+09
0.0850	0.0950	0.1150	5.79577577e+08
0.0850	0.0950	0.1250	7.41910850e+08
0.0850	0.0950	0.1350	6.65283134e+08
0.0850	0.0950	0.1450	1.11446061e+09
0.0850	0.1050	0.1050	1.51691242e+07
0.0850	0.1050	0.1150	1.53624824e+09
0.0850	0.1050	0.1250	9.96471164e+08
0.0850	0.1050	0.1350	8.16015219e+08
0.0850	0.1050	0.1450	7.17327507e+08
0.0850	0.1150	0.1150	3.56687714e+08
0.0850	0.1150	0.1250	8.47232247e+08
0.0850	0.1150	0.1350	9.89528930e+08
0.0850	0.1150	0.1450	7.09506939e+08
0.0850	0.1250	0.1250	7.90791015e+08
0.0850	0.1250	0.1350	6.75081338e+08
0.0850	0.1250	0.1450	8.10245249e+08
0.0850	0.1350	0.1350	5.28507062e+08
0.0850	0.1350	0.1450	6.74465570e+08
0.0850	0.1450	0.1450	5.68745181e+08
0.0950	0.0950	0.0950	1.28450489e+09
0.0950	0.0950	0.1050	1.26342237e+09
0.0950	0.0950	0.1150	7.08527557e+08
0.0950	0.0950	0.1250	1.22601443e+09
0.0950	0.0950	0.1350	4.50254617e+08
0.0950	0.0950	0.1450	6.05070493e+08
0.0950	0.1050	0.1050	2.91971599e+08
0.0950	0.1050	0.1150	8.74375011e+08
0.0950	0.1050	0.1250	8.85062642e+08
0.0950	0.1050	0.1350	6.59530695e+08
0.0950	0.1050	0.1450	8.97528063e+08
0.0950	0.1150	0.1150	9.56526891e+08
0.0950	0.1150	0.1250	8.43667367e+08
0.0950	0.1150	0.1350	4.70542739e+08
0.0950	0.1150	0.1450	7.46275746e+08
0.0950	0.1250	0.1250	6.09916028e+08
0.0950	0.1250	0.1350	6.26693259e+08
0.0950	0.1250	0.1450	5.41036465e+08
0.0950	0.1350	0.1350	6.94936687e+08
0.0950	0.1350	0.1450	4.30685533e+08
0.0950	0.1450	0.1450	9.65159971e+08
0.1050	0.1050	0.1050	9.18957339e+08
0.1050	0.1050	0.1150	9.75530866e+08
0.1050	0.1050	0.1250	8.34013196e+08
0.1050	0.1050	0.1350	6.54890878e+08
0.1050	0.1050	0.1450	6.74925230e+08
0.1050	0.1150	0.1150	2.05297179e+08
0.1050	0.1150	0.1250	6.22161416e+08
0.1050	0.1150	0.1350	6.58030221e+08
0.1050	0.1150	0.1450	6.23580364e+08
0.1050	0.1250	0.1250	8.48357132e+08
0.1050	0.1250	0.1350	5.52664891e+08
0.1050	0.1250	0.1450	6.76232904e+08
0.1050	0.1350	0.1350	7.96275021e+08
0.1050	0.1350	0.1450	4.90998068e+08
0.1050	0.1450	0.1450	5.02107037e+08
0.1150	0.1150	0.1150	2.23485368e+08
0.1150	0.1150	0.1250	5.73818319e+08
0.1150	0.1150	0.1350	5.35629887e+08
0.1150	0.1150	0.1450	6.62087709e+08
0.1150	0.1250	0.1250	7.40369531e+08
0.1150	0.1250	0.1350	5.71562244e+08
0.1150	0.1250	0.1450	2.87550800e+08
0.1150	0.1350	0.1350	4.65092045e+08
0.1150	0.1350	0.1450	5.86406692e+08
0.1150	0.1450	0.1450	5.15535120e+08
0.1250	0.1250	0.1250	1.83409535e+08
0.1250	0.1250	0.1350	2.96698601e+08
0.1250	0.1250	0.1450	7.20768561e+08
0.1250	0.1350	0.1350	4.95319592e+08
0.1250	0.1350	0.1450	5.77135105e+08
0.1250	0.1450	0.1450	3.34973049e+08
0.1350	0.1350	0.1350	6.34873203e+08
0.1350	0.1350	0.1450	4.03703124e+08
0.1350	0.1450	0.1450	5.74272738e+08
0.1450	0.1450	0.1450	3.57464458e+08
