####### Bispectrum of Patchy Simulation 387 #############
# Patch: sgc
# z-type: z1
# Weights: fkp
# Fiducial Omega_m: 0.310
# Fiducial h: 0.676
# Boxsize: [1000.0, 1900.0, 1100.0]
# Grid: [95, 180, 105]
# k-binning: [0.000, 0.160, 0.010]
# Monte Carlo Simulations: 100
#
# Format: k1 | k2 | k3 | B(k1,k2,k3)
############################################
0.0150	0.0150	0.0150	-1.16676494e+09
0.0150	0.0150	0.0250	-6.77850534e+10
0.0150	0.0150	0.0350	-2.13170734e+10
0.0150	0.0250	0.0250	4.86710813e+09
0.0150	0.0250	0.0350	1.30525138e+10
0.0150	0.0250	0.0450	1.16785038e+10
0.0150	0.0350	0.0350	-9.98761248e+09
0.0150	0.0350	0.0450	1.60770677e+10
0.0150	0.0350	0.0550	6.58944912e+09
0.0150	0.0450	0.0450	1.07515106e+10
0.0150	0.0450	0.0550	-1.99882523e+09
0.0150	0.0450	0.0650	5.98901091e+09
0.0150	0.0550	0.0550	5.45329688e+09
0.0150	0.0550	0.0650	1.03822239e+10
0.0150	0.0550	0.0750	5.57484362e+09
0.0150	0.0650	0.0650	1.71822115e+09
0.0150	0.0650	0.0750	5.88108084e+09
0.0150	0.0650	0.0850	2.40067386e+09
0.0150	0.0750	0.0750	3.95265919e+09
0.0150	0.0750	0.0850	5.00875932e+09
0.0150	0.0750	0.0950	1.85272265e+09
0.0150	0.0850	0.0850	2.04712845e+08
0.0150	0.0850	0.0950	5.62439792e+09
0.0150	0.0850	0.1050	5.96999619e+09
0.0150	0.0950	0.0950	3.16752270e+09
0.0150	0.0950	0.1050	5.17189492e+09
0.0150	0.0950	0.1150	-9.47337057e+08
0.0150	0.1050	0.1050	5.00737300e+09
0.0150	0.1050	0.1150	3.04878649e+09
0.0150	0.1050	0.1250	1.09550324e+09
0.0150	0.1150	0.1150	2.25685646e+09
0.0150	0.1150	0.1250	2.85688569e+09
0.0150	0.1150	0.1350	2.01897023e+09
0.0150	0.1250	0.1250	9.82234826e+08
0.0150	0.1250	0.1350	2.60405444e+09
0.0150	0.1250	0.1450	3.15494615e+09
0.0150	0.1350	0.1350	7.25858672e+08
0.0150	0.1350	0.1450	2.57709235e+09
0.0150	0.1450	0.1450	3.76033296e+08
0.0250	0.0250	0.0250	-1.95997626e+10
0.0250	0.0250	0.0350	3.29166100e+10
0.0250	0.0250	0.0450	-1.03925900e+10
0.0250	0.0250	0.0550	-1.11306258e+10
0.0250	0.0350	0.0350	4.28805273e+09
0.0250	0.0350	0.0450	1.13220965e+10
0.0250	0.0350	0.0550	1.39186938e+10
0.0250	0.0350	0.0650	6.91065771e+09
0.0250	0.0450	0.0450	7.92819138e+07
0.0250	0.0450	0.0550	3.13983533e+09
0.0250	0.0450	0.0650	7.90335448e+09
0.0250	0.0450	0.0750	7.73571236e+09
0.0250	0.0550	0.0550	3.32092589e+09
0.0250	0.0550	0.0650	8.52841609e+08
0.0250	0.0550	0.0750	2.55911381e+09
0.0250	0.0550	0.0850	5.11137076e+09
0.0250	0.0650	0.0650	1.18067122e+09
0.0250	0.0650	0.0750	2.63325305e+09
0.0250	0.0650	0.0850	3.30227947e+09
0.0250	0.0650	0.0950	9.11532578e+09
0.0250	0.0750	0.0750	4.64085311e+09
0.0250	0.0750	0.0850	1.49246700e+09
0.0250	0.0750	0.0950	4.50801104e+09
0.0250	0.0750	0.1050	8.67710757e+09
0.0250	0.0850	0.0850	2.53732245e+09
0.0250	0.0850	0.0950	1.42351325e+08
0.0250	0.0850	0.1050	3.99039121e+09
0.0250	0.0850	0.1150	7.75920326e+09
0.0250	0.0950	0.0950	1.29655166e+09
0.0250	0.0950	0.1050	7.01417734e+08
0.0250	0.0950	0.1150	2.80169198e+09
0.0250	0.0950	0.1250	1.92708312e+09
0.0250	0.1050	0.1050	1.90312725e+08
0.0250	0.1050	0.1150	1.69785285e+09
0.0250	0.1050	0.1250	2.84595130e+09
0.0250	0.1050	0.1350	4.35304128e+09
0.0250	0.1150	0.1150	1.91616926e+09
0.0250	0.1150	0.1250	1.13410298e+09
0.0250	0.1150	0.1350	2.09570176e+09
0.0250	0.1150	0.1450	3.72115448e+09
0.0250	0.1250	0.1250	2.07297960e+09
0.0250	0.1250	0.1350	9.33442258e+08
0.0250	0.1250	0.1450	2.09025445e+09
0.0250	0.1350	0.1350	1.83508467e+09
0.0250	0.1350	0.1450	1.45705925e+09
0.0250	0.1450	0.1450	3.88931332e+08
0.0350	0.0350	0.0350	1.73249058e+10
0.0350	0.0350	0.0450	3.57134349e+09
0.0350	0.0350	0.0550	1.27050853e+09
0.0350	0.0350	0.0650	6.19188902e+09
0.0350	0.0350	0.0750	7.70818208e+09
0.0350	0.0450	0.0450	-2.61610900e+09
0.0350	0.0450	0.0550	4.57936842e+09
0.0350	0.0450	0.0650	5.76064725e+09
0.0350	0.0450	0.0750	7.74395206e+09
0.0350	0.0450	0.0850	1.34748161e+09
0.0350	0.0550	0.0550	4.00473187e+09
0.0350	0.0550	0.0650	2.74164444e+09
0.0350	0.0550	0.0750	2.34644319e+09
0.0350	0.0550	0.0850	4.79402157e+09
0.0350	0.0550	0.0950	3.01548960e+09
0.0350	0.0650	0.0650	4.80098864e+09
0.0350	0.0650	0.0750	3.55388024e+09
0.0350	0.0650	0.0850	2.57091306e+09
0.0350	0.0650	0.0950	3.36735244e+09
0.0350	0.0650	0.1050	5.19788579e+09
0.0350	0.0750	0.0750	2.09434301e+09
0.0350	0.0750	0.0850	9.51510986e+08
0.0350	0.0750	0.0950	3.32571313e+09
0.0350	0.0750	0.1050	4.63852490e+09
0.0350	0.0750	0.1150	2.56936966e+09
0.0350	0.0850	0.0850	2.62853317e+09
0.0350	0.0850	0.0950	2.99553499e+09
0.0350	0.0850	0.1050	1.96336196e+09
0.0350	0.0850	0.1150	2.46764341e+09
0.0350	0.0850	0.1250	3.51993308e+09
0.0350	0.0950	0.0950	1.53377920e+09
0.0350	0.0950	0.1050	2.55402735e+09
0.0350	0.0950	0.1150	2.05471319e+09
0.0350	0.0950	0.1250	3.08205504e+09
0.0350	0.0950	0.1350	3.73194326e+09
0.0350	0.1050	0.1050	1.68144180e+09
0.0350	0.1050	0.1150	6.73054773e+08
0.0350	0.1050	0.1250	1.15174396e+09
0.0350	0.1050	0.1350	1.85903031e+09
0.0350	0.1050	0.1450	4.57907795e+09
0.0350	0.1150	0.1150	2.20418236e+09
0.0350	0.1150	0.1250	1.48504633e+09
0.0350	0.1150	0.1350	1.31493336e+09
0.0350	0.1150	0.1450	1.96858657e+09
0.0350	0.1250	0.1250	4.68796422e+08
0.0350	0.1250	0.1350	7.86143278e+08
0.0350	0.1250	0.1450	2.25822920e+09
0.0350	0.1350	0.1350	1.50040615e+09
0.0350	0.1350	0.1450	3.89269755e+08
0.0350	0.1450	0.1450	7.96755493e+08
0.0450	0.0450	0.0450	5.12114468e+09
0.0450	0.0450	0.0550	1.20282557e+10
0.0450	0.0450	0.0650	2.12144090e+09
0.0450	0.0450	0.0750	3.64893692e+09
0.0450	0.0450	0.0850	3.76922031e+09
0.0450	0.0450	0.0950	2.29002231e+09
0.0450	0.0550	0.0550	-1.37932410e+09
0.0450	0.0550	0.0650	1.66289018e+09
0.0450	0.0550	0.0750	1.96726812e+09
0.0450	0.0550	0.0850	3.88467334e+09
0.0450	0.0550	0.0950	3.97940497e+09
0.0450	0.0550	0.1050	7.80086430e+09
0.0450	0.0650	0.0650	1.36116375e+09
0.0450	0.0650	0.0750	1.49013643e+09
0.0450	0.0650	0.0850	2.98351819e+09
0.0450	0.0650	0.0950	3.05565665e+09
0.0450	0.0650	0.1050	2.99694898e+09
0.0450	0.0650	0.1150	2.26049174e+09
0.0450	0.0750	0.0750	3.06216401e+09
0.0450	0.0750	0.0850	6.47824406e+08
0.0450	0.0750	0.0950	1.97456850e+09
0.0450	0.0750	0.1050	2.98086898e+09
0.0450	0.0750	0.1150	3.18130893e+09
0.0450	0.0750	0.1250	3.02664573e+09
0.0450	0.0850	0.0850	3.11058061e+09
0.0450	0.0850	0.0950	5.94591567e+08
0.0450	0.0850	0.1050	1.79328881e+09
0.0450	0.0850	0.1150	2.63103556e+09
0.0450	0.0850	0.1250	2.50907693e+09
0.0450	0.0850	0.1350	1.74346717e+09
0.0450	0.0950	0.0950	2.74189550e+09
0.0450	0.0950	0.1050	9.92193989e+08
0.0450	0.0950	0.1150	2.08923327e+09
0.0450	0.0950	0.1250	1.28353727e+09
0.0450	0.0950	0.1350	1.90942597e+09
0.0450	0.0950	0.1450	4.72520829e+09
0.0450	0.1050	0.1050	7.37643645e+08
0.0450	0.1050	0.1150	1.41233418e+09
0.0450	0.1050	0.1250	1.43705326e+09
0.0450	0.1050	0.1350	1.75821208e+09
0.0450	0.1050	0.1450	1.28131247e+09
0.0450	0.1150	0.1150	1.36293930e+09
0.0450	0.1150	0.1250	3.84373035e+08
0.0450	0.1150	0.1350	1.01868813e+09
0.0450	0.1150	0.1450	1.70223577e+09
0.0450	0.1250	0.1250	1.10409858e+09
0.0450	0.1250	0.1350	1.78209585e+09
0.0450	0.1250	0.1450	5.34280318e+08
0.0450	0.1350	0.1350	1.09051120e+09
0.0450	0.1350	0.1450	1.01446795e+09
0.0450	0.1450	0.1450	1.11284225e+09
0.0550	0.0550	0.0550	5.40660758e+09
0.0550	0.0550	0.0650	4.28397111e+08
0.0550	0.0550	0.0750	-4.79680062e+08
0.0550	0.0550	0.0850	4.74159930e+09
0.0550	0.0550	0.0950	3.89768773e+08
0.0550	0.0550	0.1050	1.95635588e+09
0.0550	0.0550	0.1150	6.41536371e+09
0.0550	0.0650	0.0650	1.60647175e+08
0.0550	0.0650	0.0750	3.06262491e+09
0.0550	0.0650	0.0850	1.54255354e+09
0.0550	0.0650	0.0950	2.32594947e+09
0.0550	0.0650	0.1050	2.06849248e+09
0.0550	0.0650	0.1150	3.35425468e+09
0.0550	0.0650	0.1250	2.83276810e+09
0.0550	0.0750	0.0750	2.27911395e+09
0.0550	0.0750	0.0850	1.70933921e+09
0.0550	0.0750	0.0950	1.87641307e+09
0.0550	0.0750	0.1050	2.38008216e+09
0.0550	0.0750	0.1150	1.96619702e+09
0.0550	0.0750	0.1250	3.22241290e+09
0.0550	0.0750	0.1350	2.28795631e+09
0.0550	0.0850	0.0850	6.89892281e+08
0.0550	0.0850	0.0950	7.09969166e+08
0.0550	0.0850	0.1050	1.61987823e+09
0.0550	0.0850	0.1150	1.74112384e+09
0.0550	0.0850	0.1250	9.25017560e+08
0.0550	0.0850	0.1350	2.42216819e+09
0.0550	0.0850	0.1450	2.75827532e+09
0.0550	0.0950	0.0950	1.09734351e+09
0.0550	0.0950	0.1050	1.29126975e+09
0.0550	0.0950	0.1150	1.26351908e+08
0.0550	0.0950	0.1250	1.00500893e+09
0.0550	0.0950	0.1350	1.61651486e+09
0.0550	0.0950	0.1450	2.01696838e+09
0.0550	0.1050	0.1050	9.39179678e+08
0.0550	0.1050	0.1150	6.06514527e+08
0.0550	0.1050	0.1250	1.38270191e+09
0.0550	0.1050	0.1350	7.57140717e+08
0.0550	0.1050	0.1450	7.50424132e+08
0.0550	0.1150	0.1150	6.72410543e+08
0.0550	0.1150	0.1250	3.34374342e+08
0.0550	0.1150	0.1350	9.01224563e+08
0.0550	0.1150	0.1450	1.00439344e+09
0.0550	0.1250	0.1250	6.73691166e+08
0.0550	0.1250	0.1350	9.96929649e+08
0.0550	0.1250	0.1450	6.24894923e+08
0.0550	0.1350	0.1350	1.05695310e+09
0.0550	0.1350	0.1450	6.75791362e+08
0.0550	0.1450	0.1450	5.30085685e+08
0.0650	0.0650	0.0650	2.99957149e+09
0.0650	0.0650	0.0750	8.52306255e+08
0.0650	0.0650	0.0850	1.49555083e+09
0.0650	0.0650	0.0950	1.52260947e+09
0.0650	0.0650	0.1050	1.88818877e+09
0.0650	0.0650	0.1150	9.14055502e+08
0.0650	0.0650	0.1250	1.50660706e+09
0.0650	0.0650	0.1350	9.43773042e+08
0.0650	0.0750	0.0750	3.01799822e+09
0.0650	0.0750	0.0850	1.07200064e+09
0.0650	0.0750	0.0950	1.76966469e+09
0.0650	0.0750	0.1050	1.33100003e+09
0.0650	0.0750	0.1150	4.56472529e+08
0.0650	0.0750	0.1250	1.48475469e+09
0.0650	0.0750	0.1350	2.13977863e+09
0.0650	0.0750	0.1450	1.36592569e+09
0.0650	0.0850	0.0850	1.21936097e+09
0.0650	0.0850	0.0950	7.24112971e+08
0.0650	0.0850	0.1050	7.71207830e+08
0.0650	0.0850	0.1150	9.95206687e+08
0.0650	0.0850	0.1250	1.97692575e+09
0.0650	0.0850	0.1350	1.18253742e+09
0.0650	0.0850	0.1450	1.28703160e+09
0.0650	0.0950	0.0950	9.90834383e+08
0.0650	0.0950	0.1050	7.46788077e+08
0.0650	0.0950	0.1150	1.35566287e+09
0.0650	0.0950	0.1250	1.22426020e+09
0.0650	0.0950	0.1350	1.28290530e+09
0.0650	0.0950	0.1450	9.87591069e+08
0.0650	0.1050	0.1050	1.43931887e+09
0.0650	0.1050	0.1150	1.02907939e+09
0.0650	0.1050	0.1250	4.66041467e+08
0.0650	0.1050	0.1350	1.20174112e+09
0.0650	0.1050	0.1450	8.16185159e+08
0.0650	0.1150	0.1150	1.06970660e+09
0.0650	0.1150	0.1250	8.83223154e+08
0.0650	0.1150	0.1350	5.20972082e+08
0.0650	0.1150	0.1450	8.59227605e+08
0.0650	0.1250	0.1250	3.66731730e+08
0.0650	0.1250	0.1350	1.25597819e+09
0.0650	0.1250	0.1450	4.17162942e+08
0.0650	0.1350	0.1350	3.73632836e+08
0.0650	0.1350	0.1450	8.25515113e+08
0.0650	0.1450	0.1450	5.68308744e+08
0.0750	0.0750	0.0750	1.46656692e+09
0.0750	0.0750	0.0850	3.09665591e+08
0.0750	0.0750	0.0950	1.30932535e+09
0.0750	0.0750	0.1050	1.44884264e+09
0.0750	0.0750	0.1150	1.05295890e+09
0.0750	0.0750	0.1250	1.40141505e+09
0.0750	0.0750	0.1350	1.08465147e+09
0.0750	0.0750	0.1450	1.62852931e+09
0.0750	0.0850	0.0850	1.48379738e+09
0.0750	0.0850	0.0950	1.76351237e+09
0.0750	0.0850	0.1050	8.95833878e+08
0.0750	0.0850	0.1150	1.43074878e+09
0.0750	0.0850	0.1250	1.02542314e+09
0.0750	0.0850	0.1350	1.43023322e+09
0.0750	0.0850	0.1450	1.46947653e+09
0.0750	0.0950	0.0950	4.17420617e+08
0.0750	0.0950	0.1050	1.13968656e+09
0.0750	0.0950	0.1150	6.70951621e+08
0.0750	0.0950	0.1250	7.73203429e+08
0.0750	0.0950	0.1350	4.35577068e+08
0.0750	0.0950	0.1450	1.52789959e+09
0.0750	0.1050	0.1050	1.05401369e+09
0.0750	0.1050	0.1150	2.97068353e+08
0.0750	0.1050	0.1250	5.28507077e+08
0.0750	0.1050	0.1350	5.70526737e+08
0.0750	0.1050	0.1450	6.28558561e+08
0.0750	0.1150	0.1150	7.13482077e+08
0.0750	0.1150	0.1250	8.81635744e+08
0.0750	0.1150	0.1350	7.22219679e+08
0.0750	0.1150	0.1450	9.96510504e+08
0.0750	0.1250	0.1250	6.05421647e+08
0.0750	0.1250	0.1350	6.04326824e+08
0.0750	0.1250	0.1450	8.97830970e+08
0.0750	0.1350	0.1350	7.25525557e+08
0.0750	0.1350	0.1450	2.96362434e+08
0.0750	0.1450	0.1450	7.87764592e+08
0.0850	0.0850	0.0850	7.68904095e+08
0.0850	0.0850	0.0950	1.20161981e+09
0.0850	0.0850	0.1050	6.21800656e+08
0.0850	0.0850	0.1150	5.88032202e+08
0.0850	0.0850	0.1250	5.88142039e+08
0.0850	0.0850	0.1350	1.03166167e+09
0.0850	0.0850	0.1450	9.00133580e+08
0.0850	0.0950	0.0950	1.11610600e+09
0.0850	0.0950	0.1050	9.58605888e+08
0.0850	0.0950	0.1150	1.08040236e+09
0.0850	0.0950	0.1250	5.31146736e+08
0.0850	0.0950	0.1350	1.09860128e+09
0.0850	0.0950	0.1450	8.15694429e+08
0.0850	0.1050	0.1050	-1.30449101e+08
0.0850	0.1050	0.1150	9.43695213e+08
0.0850	0.1050	0.1250	6.17121431e+08
0.0850	0.1050	0.1350	7.63492938e+08
0.0850	0.1050	0.1450	5.58049578e+08
0.0850	0.1150	0.1150	5.95554628e+08
0.0850	0.1150	0.1250	5.84891615e+08
0.0850	0.1150	0.1350	5.94678918e+08
0.0850	0.1150	0.1450	7.91383373e+08
0.0850	0.1250	0.1250	2.96573441e+08
0.0850	0.1250	0.1350	3.68537662e+08
0.0850	0.1250	0.1450	6.15921576e+08
0.0850	0.1350	0.1350	7.32243939e+08
0.0850	0.1350	0.1450	3.10526970e+08
0.0850	0.1450	0.1450	5.73505941e+08
0.0950	0.0950	0.0950	2.03333584e+09
0.0950	0.0950	0.1050	6.89888196e+08
0.0950	0.0950	0.1150	9.15988569e+08
0.0950	0.0950	0.1250	6.65291974e+08
0.0950	0.0950	0.1350	8.28381189e+08
0.0950	0.0950	0.1450	1.02541253e+09
0.0950	0.1050	0.1050	1.17991324e+09
0.0950	0.1050	0.1150	7.74769042e+08
0.0950	0.1050	0.1250	7.89739064e+08
0.0950	0.1050	0.1350	7.00064663e+08
0.0950	0.1050	0.1450	7.22163205e+08
0.0950	0.1150	0.1150	9.12693746e+08
0.0950	0.1150	0.1250	8.71670672e+08
0.0950	0.1150	0.1350	3.93628974e+08
0.0950	0.1150	0.1450	4.21301407e+08
0.0950	0.1250	0.1250	3.58854323e+08
0.0950	0.1250	0.1350	5.18555742e+08
0.0950	0.1250	0.1450	6.37195548e+08
0.0950	0.1350	0.1350	5.89919223e+08
0.0950	0.1350	0.1450	4.51156648e+08
0.0950	0.1450	0.1450	5.77962764e+08
0.1050	0.1050	0.1050	6.75064240e+08
0.1050	0.1050	0.1150	5.02897362e+08
0.1050	0.1050	0.1250	4.75682588e+08
0.1050	0.1050	0.1350	2.57732501e+08
0.1050	0.1050	0.1450	4.05559357e+08
0.1050	0.1150	0.1150	4.89029431e+08
0.1050	0.1150	0.1250	6.64637311e+08
0.1050	0.1150	0.1350	3.31904477e+08
0.1050	0.1150	0.1450	5.10022668e+08
0.1050	0.1250	0.1250	5.80854392e+08
0.1050	0.1250	0.1350	5.36032388e+08
0.1050	0.1250	0.1450	6.67028886e+08
0.1050	0.1350	0.1350	4.27420606e+08
0.1050	0.1350	0.1450	4.17259756e+08
0.1050	0.1450	0.1450	3.59521544e+08
0.1150	0.1150	0.1150	4.10655279e+08
0.1150	0.1150	0.1250	2.73342379e+08
0.1150	0.1150	0.1350	8.93855904e+08
0.1150	0.1150	0.1450	4.60098112e+08
0.1150	0.1250	0.1250	6.31399418e+08
0.1150	0.1250	0.1350	3.97269442e+08
0.1150	0.1250	0.1450	3.78078781e+08
0.1150	0.1350	0.1350	3.86431523e+08
0.1150	0.1350	0.1450	3.00429249e+08
0.1150	0.1450	0.1450	5.04207380e+08
0.1250	0.1250	0.1250	7.57551435e+08
0.1250	0.1250	0.1350	3.72401763e+08
0.1250	0.1250	0.1450	2.47104915e+08
0.1250	0.1350	0.1350	4.71659946e+08
0.1250	0.1350	0.1450	3.15349473e+08
0.1250	0.1450	0.1450	4.40656880e+08
0.1350	0.1350	0.1350	4.99317283e+07
0.1350	0.1350	0.1450	2.87795164e+08
0.1350	0.1450	0.1450	4.27900197e+08
0.1450	0.1450	0.1450	4.15937190e+08
