####### Bispectrum of Patchy Simulation 460 #############
# Patch: ngc
# z-type: z1
# Weights: fkp
# Fiducial Omega_m: 0.310
# Fiducial h: 0.676
# Boxsize: [1350.0, 2450.0, 1400.0]
# Grid: [126, 230, 130]
# k-binning: [0.000, 0.160, 0.010]
# Monte Carlo Simulations: 100
#
# Format: k1 | k2 | k3 | B(k1,k2,k3)
############################################
0.0150	0.0150	0.0150	7.45116009e+10
0.0150	0.0150	0.0250	1.31391661e+10
0.0150	0.0150	0.0350	5.31647171e+10
0.0150	0.0250	0.0250	3.09097876e+10
0.0150	0.0250	0.0350	1.19312260e+10
0.0150	0.0250	0.0450	7.30589884e+09
0.0150	0.0350	0.0350	7.03408057e+09
0.0150	0.0350	0.0450	1.36690821e+10
0.0150	0.0350	0.0550	1.34433278e+09
0.0150	0.0450	0.0450	7.60447775e+09
0.0150	0.0450	0.0550	8.38498098e+09
0.0150	0.0450	0.0650	8.35889354e+09
0.0150	0.0550	0.0550	-1.67947616e+07
0.0150	0.0550	0.0650	3.54567545e+09
0.0150	0.0550	0.0750	5.58262969e+09
0.0150	0.0650	0.0650	7.06398037e+09
0.0150	0.0650	0.0750	5.27165621e+09
0.0150	0.0650	0.0850	1.08112838e+10
0.0150	0.0750	0.0750	1.93520243e+09
0.0150	0.0750	0.0850	4.86681469e+09
0.0150	0.0750	0.0950	5.70451276e+09
0.0150	0.0850	0.0850	2.18541649e+09
0.0150	0.0850	0.0950	5.01223436e+09
0.0150	0.0850	0.1050	5.66765308e+09
0.0150	0.0950	0.0950	1.41707947e+09
0.0150	0.0950	0.1050	3.48261603e+09
0.0150	0.0950	0.1150	4.24962562e+09
0.0150	0.1050	0.1050	1.56505834e+09
0.0150	0.1050	0.1150	3.35634549e+09
0.0150	0.1050	0.1250	1.63591649e+09
0.0150	0.1150	0.1150	2.19587272e+09
0.0150	0.1150	0.1250	2.47319307e+09
0.0150	0.1150	0.1350	2.03681212e+09
0.0150	0.1250	0.1250	1.98455606e+09
0.0150	0.1250	0.1350	2.69085612e+09
0.0150	0.1250	0.1450	2.26910946e+09
0.0150	0.1350	0.1350	1.16876625e+09
0.0150	0.1350	0.1450	1.99974188e+09
0.0150	0.1450	0.1450	1.17941583e+09
0.0250	0.0250	0.0250	-2.55724241e+09
0.0250	0.0250	0.0350	-7.83224922e+09
0.0250	0.0250	0.0450	1.54658300e+10
0.0250	0.0250	0.0550	1.95142202e+10
0.0250	0.0350	0.0350	1.59766959e+10
0.0250	0.0350	0.0450	2.10483450e+09
0.0250	0.0350	0.0550	6.64407898e+09
0.0250	0.0350	0.0650	1.46094860e+10
0.0250	0.0450	0.0450	7.33071887e+09
0.0250	0.0450	0.0550	5.38085475e+09
0.0250	0.0450	0.0650	7.98579039e+09
0.0250	0.0450	0.0750	1.69103965e+09
0.0250	0.0550	0.0550	3.87529862e+09
0.0250	0.0550	0.0650	4.85308098e+09
0.0250	0.0550	0.0750	4.04443097e+09
0.0250	0.0550	0.0850	2.76678864e+09
0.0250	0.0650	0.0650	4.11835567e+09
0.0250	0.0650	0.0750	4.32059472e+09
0.0250	0.0650	0.0850	5.78244139e+09
0.0250	0.0650	0.0950	8.49728631e+09
0.0250	0.0750	0.0750	1.49583101e+09
0.0250	0.0750	0.0850	3.50595548e+09
0.0250	0.0750	0.0950	4.81953249e+09
0.0250	0.0750	0.1050	3.59312853e+09
0.0250	0.0850	0.0850	3.42356230e+09
0.0250	0.0850	0.0950	2.29261218e+09
0.0250	0.0850	0.1050	4.06327435e+09
0.0250	0.0850	0.1150	5.76546995e+09
0.0250	0.0950	0.0950	1.54239286e+09
0.0250	0.0950	0.1050	3.13862585e+09
0.0250	0.0950	0.1150	2.01048698e+09
0.0250	0.0950	0.1250	3.10783604e+09
0.0250	0.1050	0.1050	1.26577287e+09
0.0250	0.1050	0.1150	2.18952521e+09
0.0250	0.1050	0.1250	2.50376420e+09
0.0250	0.1050	0.1350	2.87878713e+09
0.0250	0.1150	0.1150	1.93958068e+09
0.0250	0.1150	0.1250	1.84208949e+09
0.0250	0.1150	0.1350	2.43657958e+09
0.0250	0.1150	0.1450	3.19646720e+09
0.0250	0.1250	0.1250	2.00958731e+09
0.0250	0.1250	0.1350	1.80648159e+09
0.0250	0.1250	0.1450	2.38546638e+09
0.0250	0.1350	0.1350	1.76475837e+09
0.0250	0.1350	0.1450	1.96025238e+09
0.0250	0.1450	0.1450	7.54905773e+08
0.0350	0.0350	0.0350	1.21962693e+10
0.0350	0.0350	0.0450	6.74953259e+09
0.0350	0.0350	0.0550	4.52966476e+09
0.0350	0.0350	0.0650	7.58986300e+09
0.0350	0.0350	0.0750	5.51704004e+09
0.0350	0.0450	0.0450	3.74442704e+09
0.0350	0.0450	0.0550	3.31861377e+09
0.0350	0.0450	0.0650	3.12688472e+09
0.0350	0.0450	0.0750	6.49831614e+09
0.0350	0.0450	0.0850	3.71062531e+09
0.0350	0.0550	0.0550	2.46767298e+09
0.0350	0.0550	0.0650	3.60033492e+09
0.0350	0.0550	0.0750	2.45096890e+09
0.0350	0.0550	0.0850	3.94855682e+09
0.0350	0.0550	0.0950	3.00236021e+09
0.0350	0.0650	0.0650	2.98676624e+09
0.0350	0.0650	0.0750	1.79178530e+09
0.0350	0.0650	0.0850	2.93843943e+09
0.0350	0.0650	0.0950	3.59366879e+09
0.0350	0.0650	0.1050	3.56894989e+09
0.0350	0.0750	0.0750	3.12985555e+09
0.0350	0.0750	0.0850	2.22679589e+09
0.0350	0.0750	0.0950	1.53171017e+09
0.0350	0.0750	0.1050	2.75545335e+09
0.0350	0.0750	0.1150	2.30580277e+09
0.0350	0.0850	0.0850	1.22264778e+09
0.0350	0.0850	0.0950	1.34935850e+09
0.0350	0.0850	0.1050	2.28132159e+09
0.0350	0.0850	0.1150	2.26121259e+09
0.0350	0.0850	0.1250	3.25967432e+09
0.0350	0.0950	0.0950	1.79805429e+09
0.0350	0.0950	0.1050	1.91776894e+09
0.0350	0.0950	0.1150	2.33836555e+09
0.0350	0.0950	0.1250	2.60406803e+09
0.0350	0.0950	0.1350	1.27377830e+09
0.0350	0.1050	0.1050	2.03061232e+09
0.0350	0.1050	0.1150	6.94493766e+08
0.0350	0.1050	0.1250	1.86627874e+09
0.0350	0.1050	0.1350	1.72156833e+09
0.0350	0.1050	0.1450	2.13019256e+09
0.0350	0.1150	0.1150	1.18039865e+09
0.0350	0.1150	0.1250	1.18919190e+09
0.0350	0.1150	0.1350	1.64443798e+09
0.0350	0.1150	0.1450	1.62260490e+09
0.0350	0.1250	0.1250	1.33388796e+09
0.0350	0.1250	0.1350	1.26742624e+09
0.0350	0.1250	0.1450	1.13418366e+09
0.0350	0.1350	0.1350	1.17886157e+09
0.0350	0.1350	0.1450	1.14438739e+09
0.0350	0.1450	0.1450	1.56640086e+09
0.0450	0.0450	0.0450	7.35458663e+09
0.0450	0.0450	0.0550	2.10072844e+09
0.0450	0.0450	0.0650	1.83390524e+09
0.0450	0.0450	0.0750	3.91741825e+09
0.0450	0.0450	0.0850	5.34509780e+09
0.0450	0.0450	0.0950	2.90621648e+09
0.0450	0.0550	0.0550	4.78194643e+09
0.0450	0.0550	0.0650	3.91058942e+09
0.0450	0.0550	0.0750	1.82701056e+09
0.0450	0.0550	0.0850	1.82576552e+09
0.0450	0.0550	0.0950	3.95307141e+09
0.0450	0.0550	0.1050	3.26775370e+09
0.0450	0.0650	0.0650	1.80078977e+09
0.0450	0.0650	0.0750	2.20601674e+09
0.0450	0.0650	0.0850	2.99105134e+09
0.0450	0.0650	0.0950	2.05951245e+09
0.0450	0.0650	0.1050	2.19570662e+09
0.0450	0.0650	0.1150	1.29875066e+09
0.0450	0.0750	0.0750	2.40581030e+09
0.0450	0.0750	0.0850	1.50645564e+09
0.0450	0.0750	0.0950	2.54052373e+09
0.0450	0.0750	0.1050	2.45231575e+09
0.0450	0.0750	0.1150	2.73622731e+09
0.0450	0.0750	0.1250	2.86291251e+09
0.0450	0.0850	0.0850	1.80227539e+09
0.0450	0.0850	0.0950	9.87913947e+08
0.0450	0.0850	0.1050	1.69418675e+09
0.0450	0.0850	0.1150	1.66903478e+09
0.0450	0.0850	0.1250	2.19143807e+09
0.0450	0.0850	0.1350	2.02771747e+09
0.0450	0.0950	0.0950	1.58303174e+09
0.0450	0.0950	0.1050	1.18959156e+09
0.0450	0.0950	0.1150	1.10827854e+09
0.0450	0.0950	0.1250	1.31974420e+09
0.0450	0.0950	0.1350	2.14163380e+09
0.0450	0.0950	0.1450	2.05792644e+09
0.0450	0.1050	0.1050	1.01849877e+09
0.0450	0.1050	0.1150	1.53439118e+09
0.0450	0.1050	0.1250	9.97664819e+08
0.0450	0.1050	0.1350	1.55130736e+09
0.0450	0.1050	0.1450	1.93822630e+09
0.0450	0.1150	0.1150	8.08463198e+08
0.0450	0.1150	0.1250	1.17851399e+09
0.0450	0.1150	0.1350	1.16645613e+09
0.0450	0.1150	0.1450	1.44244552e+09
0.0450	0.1250	0.1250	1.39306193e+09
0.0450	0.1250	0.1350	9.27752420e+08
0.0450	0.1250	0.1450	1.19668011e+09
0.0450	0.1350	0.1350	9.99555117e+08
0.0450	0.1350	0.1450	8.18618441e+08
0.0450	0.1450	0.1450	8.10347873e+08
0.0550	0.0550	0.0550	9.95386432e+08
0.0550	0.0550	0.0650	2.13571282e+09
0.0550	0.0550	0.0750	1.14426629e+09
0.0550	0.0550	0.0850	1.80888869e+09
0.0550	0.0550	0.0950	1.89760317e+09
0.0550	0.0550	0.1050	2.87847615e+09
0.0550	0.0550	0.1150	4.80690004e+09
0.0550	0.0650	0.0650	3.60394848e+09
0.0550	0.0650	0.0750	6.45377450e+08
0.0550	0.0650	0.0850	2.05223325e+09
0.0550	0.0650	0.0950	1.53495731e+09
0.0550	0.0650	0.1050	1.57258422e+09
0.0550	0.0650	0.1150	2.10246225e+09
0.0550	0.0650	0.1250	4.03258541e+09
0.0550	0.0750	0.0750	1.68941113e+09
0.0550	0.0750	0.0850	1.62906017e+09
0.0550	0.0750	0.0950	1.43044408e+09
0.0550	0.0750	0.1050	2.30401100e+09
0.0550	0.0750	0.1150	1.29132421e+09
0.0550	0.0750	0.1250	2.38737609e+09
0.0550	0.0750	0.1350	2.80634550e+09
0.0550	0.0850	0.0850	1.11425675e+09
0.0550	0.0850	0.0950	1.32990985e+09
0.0550	0.0850	0.1050	9.91068160e+08
0.0550	0.0850	0.1150	1.56473424e+09
0.0550	0.0850	0.1250	1.56790760e+09
0.0550	0.0850	0.1350	2.04971483e+09
0.0550	0.0850	0.1450	1.10737549e+09
0.0550	0.0950	0.0950	9.17271080e+08
0.0550	0.0950	0.1050	1.14217754e+09
0.0550	0.0950	0.1150	1.07144976e+09
0.0550	0.0950	0.1250	1.23632737e+09
0.0550	0.0950	0.1350	1.09217739e+09
0.0550	0.0950	0.1450	1.32003523e+09
0.0550	0.1050	0.1050	5.88647815e+08
0.0550	0.1050	0.1150	8.93765781e+08
0.0550	0.1050	0.1250	9.78077353e+08
0.0550	0.1050	0.1350	1.36772374e+09
0.0550	0.1050	0.1450	1.23707335e+09
0.0550	0.1150	0.1150	8.66979458e+08
0.0550	0.1150	0.1250	5.58525984e+08
0.0550	0.1150	0.1350	6.28911316e+08
0.0550	0.1150	0.1450	9.46225824e+08
0.0550	0.1250	0.1250	4.85168690e+08
0.0550	0.1250	0.1350	7.70845040e+08
0.0550	0.1250	0.1450	7.84012398e+08
0.0550	0.1350	0.1350	8.72878361e+08
0.0550	0.1350	0.1450	5.69902038e+08
0.0550	0.1450	0.1450	8.61757683e+08
0.0650	0.0650	0.0650	1.47868200e+09
0.0650	0.0650	0.0750	1.92105498e+09
0.0650	0.0650	0.0850	1.38094128e+09
0.0650	0.0650	0.0950	2.73667145e+09
0.0650	0.0650	0.1050	1.68809937e+09
0.0650	0.0650	0.1150	1.80225104e+09
0.0650	0.0650	0.1250	2.25817069e+09
0.0650	0.0650	0.1350	2.16678970e+09
0.0650	0.0750	0.0750	1.00112990e+09
0.0650	0.0750	0.0850	1.75289556e+09
0.0650	0.0750	0.0950	1.08180264e+09
0.0650	0.0750	0.1050	1.28712061e+09
0.0650	0.0750	0.1150	1.51002533e+09
0.0650	0.0750	0.1250	1.74794339e+09
0.0650	0.0750	0.1350	1.66315288e+09
0.0650	0.0750	0.1450	1.96457974e+09
0.0650	0.0850	0.0850	1.61078890e+09
0.0650	0.0850	0.0950	8.24182971e+08
0.0650	0.0850	0.1050	1.36858656e+09
0.0650	0.0850	0.1150	1.19874996e+09
0.0650	0.0850	0.1250	1.13992345e+09
0.0650	0.0850	0.1350	1.26246153e+09
0.0650	0.0850	0.1450	1.95482230e+09
0.0650	0.0950	0.0950	9.17090997e+08
0.0650	0.0950	0.1050	9.85985892e+08
0.0650	0.0950	0.1150	9.79841989e+08
0.0650	0.0950	0.1250	1.09913428e+09
0.0650	0.0950	0.1350	9.98852635e+08
0.0650	0.0950	0.1450	1.22906141e+09
0.0650	0.1050	0.1050	1.20741787e+09
0.0650	0.1050	0.1150	1.06080472e+09
0.0650	0.1050	0.1250	8.10023815e+08
0.0650	0.1050	0.1350	9.02102366e+08
0.0650	0.1050	0.1450	9.48434557e+08
0.0650	0.1150	0.1150	7.31840598e+08
0.0650	0.1150	0.1250	7.52110082e+08
0.0650	0.1150	0.1350	7.66869361e+08
0.0650	0.1150	0.1450	7.68140101e+08
0.0650	0.1250	0.1250	8.74538986e+08
0.0650	0.1250	0.1350	9.07443171e+08
0.0650	0.1250	0.1450	8.28107460e+08
0.0650	0.1350	0.1350	5.49529280e+08
0.0650	0.1350	0.1450	6.20771530e+08
0.0650	0.1450	0.1450	7.26932776e+08
0.0750	0.0750	0.0750	1.62522509e+09
0.0750	0.0750	0.0850	1.49404017e+09
0.0750	0.0750	0.0950	9.77502813e+08
0.0750	0.0750	0.1050	1.34654341e+09
0.0750	0.0750	0.1150	1.06192757e+09
0.0750	0.0750	0.1250	1.06607359e+09
0.0750	0.0750	0.1350	1.18675614e+09
0.0750	0.0750	0.1450	1.54782367e+09
0.0750	0.0850	0.0850	8.63392228e+08
0.0750	0.0850	0.0950	1.49603907e+09
0.0750	0.0850	0.1050	1.13469949e+09
0.0750	0.0850	0.1150	1.19013344e+09
0.0750	0.0850	0.1250	1.16930749e+09
0.0750	0.0850	0.1350	1.20014027e+09
0.0750	0.0850	0.1450	1.50984622e+09
0.0750	0.0950	0.0950	7.53475547e+08
0.0750	0.0950	0.1050	8.38210083e+08
0.0750	0.0950	0.1150	9.81490910e+08
0.0750	0.0950	0.1250	8.00986921e+08
0.0750	0.0950	0.1350	9.06481133e+08
0.0750	0.0950	0.1450	9.59981970e+08
0.0750	0.1050	0.1050	9.46899936e+08
0.0750	0.1050	0.1150	7.14888008e+08
0.0750	0.1050	0.1250	9.70641126e+08
0.0750	0.1050	0.1350	8.25821718e+08
0.0750	0.1050	0.1450	7.77945786e+08
0.0750	0.1150	0.1150	5.85889125e+08
0.0750	0.1150	0.1250	7.14422734e+08
0.0750	0.1150	0.1350	5.05503628e+08
0.0750	0.1150	0.1450	7.88477860e+08
0.0750	0.1250	0.1250	9.57128705e+08
0.0750	0.1250	0.1350	6.83842717e+08
0.0750	0.1250	0.1450	4.61564628e+08
0.0750	0.1350	0.1350	4.46610087e+08
0.0750	0.1350	0.1450	6.27006981e+08
0.0750	0.1450	0.1450	5.73435409e+08
0.0850	0.0850	0.0850	1.50114845e+09
0.0850	0.0850	0.0950	1.18391854e+09
0.0850	0.0850	0.1050	8.92140363e+08
0.0850	0.0850	0.1150	4.94886749e+08
0.0850	0.0850	0.1250	1.46658465e+09
0.0850	0.0850	0.1350	9.32352552e+08
0.0850	0.0850	0.1450	6.60683465e+08
0.0850	0.0950	0.0950	8.28691425e+08
0.0850	0.0950	0.1050	6.36766267e+08
0.0850	0.0950	0.1150	8.18719157e+08
0.0850	0.0950	0.1250	5.44939219e+08
0.0850	0.0950	0.1350	9.10629082e+08
0.0850	0.0950	0.1450	7.12395687e+08
0.0850	0.1050	0.1050	7.35972640e+08
0.0850	0.1050	0.1150	6.78194862e+08
0.0850	0.1050	0.1250	7.41696467e+08
0.0850	0.1050	0.1350	3.82767583e+08
0.0850	0.1050	0.1450	6.07724041e+08
0.0850	0.1150	0.1150	5.73275628e+08
0.0850	0.1150	0.1250	8.04906512e+08
0.0850	0.1150	0.1350	5.72601705e+08
0.0850	0.1150	0.1450	6.44358310e+08
0.0850	0.1250	0.1250	4.78645503e+08
0.0850	0.1250	0.1350	4.45056683e+08
0.0850	0.1250	0.1450	8.02160508e+08
0.0850	0.1350	0.1350	4.87608202e+08
0.0850	0.1350	0.1450	6.90285831e+08
0.0850	0.1450	0.1450	4.63902621e+08
0.0950	0.0950	0.0950	8.43217976e+08
0.0950	0.0950	0.1050	5.89555976e+08
0.0950	0.0950	0.1150	6.39843702e+08
0.0950	0.0950	0.1250	4.77684550e+08
0.0950	0.0950	0.1350	6.41759713e+08
0.0950	0.0950	0.1450	5.82965087e+08
0.0950	0.1050	0.1050	8.46435975e+08
0.0950	0.1050	0.1150	4.49443628e+08
0.0950	0.1050	0.1250	6.43932714e+08
0.0950	0.1050	0.1350	5.57590900e+08
0.0950	0.1050	0.1450	4.45381168e+08
0.0950	0.1150	0.1150	6.31036359e+08
0.0950	0.1150	0.1250	7.49288975e+08
0.0950	0.1150	0.1350	6.03641257e+08
0.0950	0.1150	0.1450	4.57485363e+08
0.0950	0.1250	0.1250	2.84631544e+08
0.0950	0.1250	0.1350	4.64665137e+08
0.0950	0.1250	0.1450	4.92069697e+08
0.0950	0.1350	0.1350	5.92782155e+08
0.0950	0.1350	0.1450	4.25956051e+08
0.0950	0.1450	0.1450	4.49641650e+08
0.1050	0.1050	0.1050	8.73228253e+07
0.1050	0.1050	0.1150	4.89188633e+08
0.1050	0.1050	0.1250	6.08118084e+08
0.1050	0.1050	0.1350	6.80198027e+08
0.1050	0.1050	0.1450	4.64515579e+08
0.1050	0.1150	0.1150	5.18102812e+08
0.1050	0.1150	0.1250	4.33223864e+08
0.1050	0.1150	0.1350	4.42922927e+08
0.1050	0.1150	0.1450	4.51019236e+08
0.1050	0.1250	0.1250	4.51457651e+08
0.1050	0.1250	0.1350	5.16671106e+08
0.1050	0.1250	0.1450	3.79293656e+08
0.1050	0.1350	0.1350	4.14085362e+08
0.1050	0.1350	0.1450	4.97877771e+08
0.1050	0.1450	0.1450	3.06582167e+08
0.1150	0.1150	0.1150	6.40438768e+08
0.1150	0.1150	0.1250	5.17061152e+08
0.1150	0.1150	0.1350	2.24763832e+08
0.1150	0.1150	0.1450	3.93553301e+08
0.1150	0.1250	0.1250	4.36243618e+08
0.1150	0.1250	0.1350	4.25756357e+08
0.1150	0.1250	0.1450	3.92133430e+08
0.1150	0.1350	0.1350	4.66180010e+08
0.1150	0.1350	0.1450	3.77167928e+08
0.1150	0.1450	0.1450	4.20582471e+08
0.1250	0.1250	0.1250	3.17070106e+08
0.1250	0.1250	0.1350	3.83875512e+08
0.1250	0.1250	0.1450	4.49088924e+08
0.1250	0.1350	0.1350	3.40897940e+08
0.1250	0.1350	0.1450	3.58417697e+08
0.1250	0.1450	0.1450	4.01148684e+08
0.1350	0.1350	0.1350	4.09087680e+08
0.1350	0.1350	0.1450	3.00553549e+08
0.1350	0.1450	0.1450	2.92166361e+08
0.1450	0.1450	0.1450	3.57306316e+08
