####### Bispectrum of Patchy Simulation 467 #############
# Patch: ngc
# z-type: z1
# Weights: fkp
# Fiducial Omega_m: 0.310
# Fiducial h: 0.676
# Boxsize: [1350.0, 2450.0, 1400.0]
# Grid: [126, 230, 130]
# k-binning: [0.000, 0.160, 0.010]
# Monte Carlo Simulations: 100
#
# Format: k1 | k2 | k3 | B(k1,k2,k3)
############################################
0.0150	0.0150	0.0150	2.35158848e+10
0.0150	0.0150	0.0250	-2.96684856e+09
0.0150	0.0150	0.0350	5.13277258e+10
0.0150	0.0250	0.0250	1.71481980e+10
0.0150	0.0250	0.0350	-2.06071071e+09
0.0150	0.0250	0.0450	3.51874404e+10
0.0150	0.0350	0.0350	1.02683966e+10
0.0150	0.0350	0.0450	-4.35032968e+09
0.0150	0.0350	0.0550	1.61203983e+10
0.0150	0.0450	0.0450	1.05222366e+10
0.0150	0.0450	0.0550	7.34339689e+09
0.0150	0.0450	0.0650	1.18650205e+10
0.0150	0.0550	0.0550	3.41922466e+09
0.0150	0.0550	0.0650	3.85278032e+09
0.0150	0.0550	0.0750	1.12538724e+10
0.0150	0.0650	0.0650	7.40986870e+09
0.0150	0.0650	0.0750	9.85460691e+07
0.0150	0.0650	0.0850	1.38892950e+10
0.0150	0.0750	0.0750	3.48000300e+09
0.0150	0.0750	0.0850	2.56334197e+09
0.0150	0.0750	0.0950	1.22472153e+10
0.0150	0.0850	0.0850	3.37215527e+09
0.0150	0.0850	0.0950	3.11245284e+09
0.0150	0.0850	0.1050	3.14801321e+09
0.0150	0.0950	0.0950	2.87675224e+09
0.0150	0.0950	0.1050	2.44360626e+09
0.0150	0.0950	0.1150	2.54263287e+09
0.0150	0.1050	0.1050	1.82188501e+09
0.0150	0.1050	0.1150	2.24630983e+09
0.0150	0.1050	0.1250	4.78031752e+09
0.0150	0.1150	0.1150	2.61870264e+09
0.0150	0.1150	0.1250	2.92004080e+09
0.0150	0.1150	0.1350	3.45413292e+09
0.0150	0.1250	0.1250	1.19159706e+09
0.0150	0.1250	0.1350	2.20045173e+09
0.0150	0.1250	0.1450	2.04819198e+09
0.0150	0.1350	0.1350	1.55622865e+09
0.0150	0.1350	0.1450	1.50599021e+09
0.0150	0.1450	0.1450	1.49728849e+09
0.0250	0.0250	0.0250	1.36659383e+10
0.0250	0.0250	0.0350	8.89287512e+09
0.0250	0.0250	0.0450	1.68798298e+10
0.0250	0.0250	0.0550	1.47916294e+10
0.0250	0.0350	0.0350	3.01294396e+08
0.0250	0.0350	0.0450	1.29037473e+10
0.0250	0.0350	0.0550	2.69077987e+09
0.0250	0.0350	0.0650	1.05842835e+10
0.0250	0.0450	0.0450	7.52488153e+09
0.0250	0.0450	0.0550	5.41378595e+09
0.0250	0.0450	0.0650	8.57878446e+09
0.0250	0.0450	0.0750	7.47977836e+09
0.0250	0.0550	0.0550	2.27312279e+09
0.0250	0.0550	0.0650	6.29082877e+09
0.0250	0.0550	0.0750	5.14928296e+09
0.0250	0.0550	0.0850	9.29183048e+09
0.0250	0.0650	0.0650	3.69209670e+09
0.0250	0.0650	0.0750	3.85109350e+09
0.0250	0.0650	0.0850	5.01987985e+09
0.0250	0.0650	0.0950	4.56797085e+09
0.0250	0.0750	0.0750	3.05884801e+09
0.0250	0.0750	0.0850	4.77355603e+09
0.0250	0.0750	0.0950	3.10612602e+09
0.0250	0.0750	0.1050	6.96555877e+09
0.0250	0.0850	0.0850	1.90349432e+09
0.0250	0.0850	0.0950	2.35233921e+09
0.0250	0.0850	0.1050	3.82373107e+09
0.0250	0.0850	0.1150	3.16133792e+09
0.0250	0.0950	0.0950	3.45504085e+09
0.0250	0.0950	0.1050	2.68144677e+09
0.0250	0.0950	0.1150	3.19373303e+09
0.0250	0.0950	0.1250	3.16693510e+09
0.0250	0.1050	0.1050	1.92990155e+09
0.0250	0.1050	0.1150	1.99382127e+09
0.0250	0.1050	0.1250	2.32147154e+09
0.0250	0.1050	0.1350	1.79288181e+09
0.0250	0.1150	0.1150	1.54931192e+09
0.0250	0.1150	0.1250	2.28997460e+09
0.0250	0.1150	0.1350	2.29495885e+09
0.0250	0.1150	0.1450	2.74319861e+09
0.0250	0.1250	0.1250	1.32328876e+09
0.0250	0.1250	0.1350	1.89127599e+09
0.0250	0.1250	0.1450	1.38029084e+09
0.0250	0.1350	0.1350	2.29445587e+09
0.0250	0.1350	0.1450	1.10228398e+09
0.0250	0.1450	0.1450	1.71432167e+09
0.0350	0.0350	0.0350	1.31231162e+09
0.0350	0.0350	0.0450	2.16864931e+09
0.0350	0.0350	0.0550	3.88986553e+09
0.0350	0.0350	0.0650	5.97060774e+09
0.0350	0.0350	0.0750	3.81486316e+09
0.0350	0.0450	0.0450	5.18023902e+09
0.0350	0.0450	0.0550	3.01759496e+09
0.0350	0.0450	0.0650	5.04002031e+09
0.0350	0.0450	0.0750	2.94050782e+09
0.0350	0.0450	0.0850	6.06936501e+09
0.0350	0.0550	0.0550	3.44392027e+09
0.0350	0.0550	0.0650	2.77379023e+09
0.0350	0.0550	0.0750	2.38479522e+09
0.0350	0.0550	0.0850	4.85627267e+09
0.0350	0.0550	0.0950	4.99288024e+09
0.0350	0.0650	0.0650	4.85193894e+09
0.0350	0.0650	0.0750	2.40654316e+09
0.0350	0.0650	0.0850	2.35358506e+09
0.0350	0.0650	0.0950	3.58090483e+09
0.0350	0.0650	0.1050	2.66031596e+09
0.0350	0.0750	0.0750	1.36885198e+09
0.0350	0.0750	0.0850	1.44726830e+09
0.0350	0.0750	0.0950	2.35556476e+09
0.0350	0.0750	0.1050	2.93770067e+09
0.0350	0.0750	0.1150	4.12204345e+09
0.0350	0.0850	0.0850	2.75181175e+09
0.0350	0.0850	0.0950	1.71161775e+09
0.0350	0.0850	0.1050	2.64597123e+09
0.0350	0.0850	0.1150	2.40875093e+09
0.0350	0.0850	0.1250	3.40440914e+09
0.0350	0.0950	0.0950	2.11199183e+09
0.0350	0.0950	0.1050	1.37306531e+09
0.0350	0.0950	0.1150	1.95122214e+09
0.0350	0.0950	0.1250	2.25087013e+09
0.0350	0.0950	0.1350	2.77479832e+09
0.0350	0.1050	0.1050	1.59047102e+09
0.0350	0.1050	0.1150	1.36148678e+09
0.0350	0.1050	0.1250	1.94513596e+09
0.0350	0.1050	0.1350	2.12572833e+09
0.0350	0.1050	0.1450	1.71452916e+09
0.0350	0.1150	0.1150	1.72631579e+09
0.0350	0.1150	0.1250	9.64876677e+08
0.0350	0.1150	0.1350	1.03687976e+09
0.0350	0.1150	0.1450	1.75711944e+09
0.0350	0.1250	0.1250	1.11997728e+09
0.0350	0.1250	0.1350	1.22676656e+09
0.0350	0.1250	0.1450	1.47168158e+09
0.0350	0.1350	0.1350	7.90532476e+08
0.0350	0.1350	0.1450	1.33094464e+09
0.0350	0.1450	0.1450	7.83976402e+08
0.0450	0.0450	0.0450	2.78827622e+09
0.0450	0.0450	0.0550	4.15964808e+09
0.0450	0.0450	0.0650	2.90863538e+09
0.0450	0.0450	0.0750	4.08163199e+09
0.0450	0.0450	0.0850	2.87607420e+09
0.0450	0.0450	0.0950	2.84983704e+09
0.0450	0.0550	0.0550	2.11103437e+09
0.0450	0.0550	0.0650	1.43889059e+09
0.0450	0.0550	0.0750	2.20784687e+09
0.0450	0.0550	0.0850	1.99656806e+09
0.0450	0.0550	0.0950	3.55161984e+09
0.0450	0.0550	0.1050	3.12427474e+09
0.0450	0.0650	0.0650	1.45969051e+09
0.0450	0.0650	0.0750	1.82272411e+09
0.0450	0.0650	0.0850	1.55220895e+09
0.0450	0.0650	0.0950	3.12690040e+09
0.0450	0.0650	0.1050	2.70778209e+09
0.0450	0.0650	0.1150	3.26526778e+09
0.0450	0.0750	0.0750	7.19139269e+08
0.0450	0.0750	0.0850	1.73919797e+09
0.0450	0.0750	0.0950	1.85834771e+09
0.0450	0.0750	0.1050	2.60807807e+09
0.0450	0.0750	0.1150	2.24035824e+09
0.0450	0.0750	0.1250	2.88724282e+09
0.0450	0.0850	0.0850	1.90752047e+09
0.0450	0.0850	0.0950	1.51354252e+09
0.0450	0.0850	0.1050	2.22429238e+09
0.0450	0.0850	0.1150	1.65059312e+09
0.0450	0.0850	0.1250	2.21404442e+09
0.0450	0.0850	0.1350	2.22259885e+09
0.0450	0.0950	0.0950	1.15421622e+09
0.0450	0.0950	0.1050	1.38478254e+09
0.0450	0.0950	0.1150	1.49548670e+09
0.0450	0.0950	0.1250	1.75896541e+09
0.0450	0.0950	0.1350	2.05263991e+09
0.0450	0.0950	0.1450	5.93183330e+08
0.0450	0.1050	0.1050	1.18597431e+09
0.0450	0.1050	0.1150	1.12321856e+09
0.0450	0.1050	0.1250	1.25192644e+09
0.0450	0.1050	0.1350	1.32693477e+09
0.0450	0.1050	0.1450	1.95624965e+09
0.0450	0.1150	0.1150	1.06989637e+09
0.0450	0.1150	0.1250	1.15925854e+09
0.0450	0.1150	0.1350	1.22111595e+09
0.0450	0.1150	0.1450	9.54719899e+08
0.0450	0.1250	0.1250	1.13133328e+09
0.0450	0.1250	0.1350	1.02011591e+09
0.0450	0.1250	0.1450	1.31016725e+09
0.0450	0.1350	0.1350	1.01170309e+09
0.0450	0.1350	0.1450	8.02347453e+08
0.0450	0.1450	0.1450	6.40318410e+08
0.0550	0.0550	0.0550	1.10597155e+09
0.0550	0.0550	0.0650	2.64062842e+09
0.0550	0.0550	0.0750	8.15209050e+08
0.0550	0.0550	0.0850	2.45026883e+09
0.0550	0.0550	0.0950	2.61705080e+09
0.0550	0.0550	0.1050	2.36870618e+09
0.0550	0.0550	0.1150	3.16805043e+09
0.0550	0.0650	0.0650	1.30258731e+09
0.0550	0.0650	0.0750	1.51252970e+09
0.0550	0.0650	0.0850	1.09772497e+09
0.0550	0.0650	0.0950	2.30214192e+09
0.0550	0.0650	0.1050	2.00654246e+09
0.0550	0.0650	0.1150	2.69053027e+09
0.0550	0.0650	0.1250	2.22330675e+09
0.0550	0.0750	0.0750	1.59937246e+09
0.0550	0.0750	0.0850	8.55264984e+08
0.0550	0.0750	0.0950	1.71312157e+09
0.0550	0.0750	0.1050	1.56905164e+09
0.0550	0.0750	0.1150	1.78208673e+09
0.0550	0.0750	0.1250	2.31092413e+09
0.0550	0.0750	0.1350	2.45239029e+09
0.0550	0.0850	0.0850	1.96017765e+09
0.0550	0.0850	0.0950	9.24781679e+08
0.0550	0.0850	0.1050	1.31541859e+09
0.0550	0.0850	0.1150	1.38577500e+09
0.0550	0.0850	0.1250	1.69995779e+09
0.0550	0.0850	0.1350	1.73295453e+09
0.0550	0.0850	0.1450	2.16196052e+09
0.0550	0.0950	0.0950	1.74353868e+09
0.0550	0.0950	0.1050	1.14557152e+09
0.0550	0.0950	0.1150	1.21850681e+09
0.0550	0.0950	0.1250	1.53535045e+09
0.0550	0.0950	0.1350	1.26923239e+09
0.0550	0.0950	0.1450	1.54192924e+09
0.0550	0.1050	0.1050	5.34535847e+08
0.0550	0.1050	0.1150	9.87813155e+08
0.0550	0.1050	0.1250	1.00485584e+09
0.0550	0.1050	0.1350	1.15664384e+09
0.0550	0.1050	0.1450	9.63533065e+08
0.0550	0.1150	0.1150	4.76147086e+08
0.0550	0.1150	0.1250	1.02039297e+09
0.0550	0.1150	0.1350	7.58656235e+08
0.0550	0.1150	0.1450	8.96841214e+08
0.0550	0.1250	0.1250	8.23788496e+08
0.0550	0.1250	0.1350	8.88294683e+08
0.0550	0.1250	0.1450	9.04590209e+08
0.0550	0.1350	0.1350	8.14471451e+08
0.0550	0.1350	0.1450	7.82168188e+08
0.0550	0.1450	0.1450	6.85965243e+08
0.0650	0.0650	0.0650	4.61198248e+08
0.0650	0.0650	0.0750	2.05399157e+09
0.0650	0.0650	0.0850	1.77957873e+09
0.0650	0.0650	0.0950	1.85540658e+09
0.0650	0.0650	0.1050	1.71367883e+09
0.0650	0.0650	0.1150	1.57353322e+09
0.0650	0.0650	0.1250	2.73992635e+09
0.0650	0.0650	0.1350	2.28130540e+09
0.0650	0.0750	0.0750	1.12114512e+09
0.0650	0.0750	0.0850	1.16333811e+09
0.0650	0.0750	0.0950	1.35416983e+09
0.0650	0.0750	0.1050	1.39405936e+09
0.0650	0.0750	0.1150	1.28327002e+09
0.0650	0.0750	0.1250	1.33889404e+09
0.0650	0.0750	0.1350	1.88296693e+09
0.0650	0.0750	0.1450	1.30717356e+09
0.0650	0.0850	0.0850	1.00927290e+09
0.0650	0.0850	0.0950	9.24187265e+08
0.0650	0.0850	0.1050	8.21548599e+08
0.0650	0.0850	0.1150	9.25686692e+08
0.0650	0.0850	0.1250	1.25678518e+09
0.0650	0.0850	0.1350	1.15671436e+09
0.0650	0.0850	0.1450	1.35980451e+09
0.0650	0.0950	0.0950	1.21919307e+09
0.0650	0.0950	0.1050	8.60855819e+08
0.0650	0.0950	0.1150	9.17774356e+08
0.0650	0.0950	0.1250	9.84213118e+08
0.0650	0.0950	0.1350	1.33280702e+09
0.0650	0.0950	0.1450	1.27620161e+09
0.0650	0.1050	0.1050	1.02493978e+09
0.0650	0.1050	0.1150	7.08224351e+08
0.0650	0.1050	0.1250	8.47744059e+08
0.0650	0.1050	0.1350	9.35453703e+08
0.0650	0.1050	0.1450	1.00308910e+09
0.0650	0.1150	0.1150	7.54984085e+08
0.0650	0.1150	0.1250	4.97260106e+08
0.0650	0.1150	0.1350	8.36089740e+08
0.0650	0.1150	0.1450	7.97520328e+08
0.0650	0.1250	0.1250	9.97270364e+08
0.0650	0.1250	0.1350	8.31806344e+08
0.0650	0.1250	0.1450	6.47429345e+08
0.0650	0.1350	0.1350	6.26156370e+08
0.0650	0.1350	0.1450	6.78496799e+08
0.0650	0.1450	0.1450	6.64641002e+08
0.0750	0.0750	0.0750	8.81663325e+08
0.0750	0.0750	0.0850	7.42131082e+08
0.0750	0.0750	0.0950	9.72153103e+08
0.0750	0.0750	0.1050	9.52631705e+08
0.0750	0.0750	0.1150	1.11326081e+09
0.0750	0.0750	0.1250	1.52248396e+09
0.0750	0.0750	0.1350	1.47778927e+09
0.0750	0.0750	0.1450	1.64851283e+09
0.0750	0.0850	0.0850	1.15161677e+09
0.0750	0.0850	0.0950	7.16767719e+08
0.0750	0.0850	0.1050	8.21201287e+08
0.0750	0.0850	0.1150	5.54762180e+08
0.0750	0.0850	0.1250	9.87591435e+08
0.0750	0.0850	0.1350	1.02158406e+09
0.0750	0.0850	0.1450	1.25364075e+09
0.0750	0.0950	0.0950	5.55148327e+08
0.0750	0.0950	0.1050	8.78153708e+08
0.0750	0.0950	0.1150	1.02962225e+09
0.0750	0.0950	0.1250	9.92134434e+08
0.0750	0.0950	0.1350	9.61930957e+08
0.0750	0.0950	0.1450	7.68044297e+08
0.0750	0.1050	0.1050	6.89080619e+08
0.0750	0.1050	0.1150	6.60034344e+08
0.0750	0.1050	0.1250	8.37448423e+08
0.0750	0.1050	0.1350	1.00583817e+09
0.0750	0.1050	0.1450	6.80083000e+08
0.0750	0.1150	0.1150	6.96825770e+08
0.0750	0.1150	0.1250	6.40506305e+08
0.0750	0.1150	0.1350	4.88848264e+08
0.0750	0.1150	0.1450	5.57548299e+08
0.0750	0.1250	0.1250	5.89081385e+08
0.0750	0.1250	0.1350	5.60428913e+08
0.0750	0.1250	0.1450	6.81259774e+08
0.0750	0.1350	0.1350	7.87761380e+08
0.0750	0.1350	0.1450	5.06817524e+08
0.0750	0.1450	0.1450	3.14646329e+08
0.0850	0.0850	0.0850	9.75510507e+08
0.0850	0.0850	0.0950	7.15252853e+08
0.0850	0.0850	0.1050	3.96981003e+08
0.0850	0.0850	0.1150	1.05852750e+09
0.0850	0.0850	0.1250	9.05438579e+08
0.0850	0.0850	0.1350	7.07116879e+08
0.0850	0.0850	0.1450	1.16146378e+09
0.0850	0.0950	0.0950	7.34719634e+08
0.0850	0.0950	0.1050	5.33039001e+08
0.0850	0.0950	0.1150	8.35578651e+08
0.0850	0.0950	0.1250	6.73417000e+08
0.0850	0.0950	0.1350	8.06257121e+08
0.0850	0.0950	0.1450	8.19519001e+08
0.0850	0.1050	0.1050	7.56109756e+08
0.0850	0.1050	0.1150	5.43760728e+08
0.0850	0.1050	0.1250	7.30013019e+08
0.0850	0.1050	0.1350	7.50393341e+08
0.0850	0.1050	0.1450	5.64922874e+08
0.0850	0.1150	0.1150	7.29613457e+08
0.0850	0.1150	0.1250	7.36232688e+08
0.0850	0.1150	0.1350	5.52060720e+08
0.0850	0.1150	0.1450	5.84624963e+08
0.0850	0.1250	0.1250	6.35045087e+08
0.0850	0.1250	0.1350	4.59093243e+08
0.0850	0.1250	0.1450	6.24018677e+08
0.0850	0.1350	0.1350	7.47889918e+08
0.0850	0.1350	0.1450	5.54744011e+08
0.0850	0.1450	0.1450	4.95504990e+08
0.0950	0.0950	0.0950	8.62366165e+08
0.0950	0.0950	0.1050	6.34656830e+08
0.0950	0.0950	0.1150	3.80756541e+08
0.0950	0.0950	0.1250	6.50206080e+08
0.0950	0.0950	0.1350	6.31515594e+08
0.0950	0.0950	0.1450	7.38606310e+08
0.0950	0.1050	0.1050	6.00688374e+08
0.0950	0.1050	0.1150	6.49105276e+08
0.0950	0.1050	0.1250	5.72784145e+08
0.0950	0.1050	0.1350	6.22726688e+08
0.0950	0.1050	0.1450	5.31622799e+08
0.0950	0.1150	0.1150	4.53003198e+08
0.0950	0.1150	0.1250	5.53050095e+08
0.0950	0.1150	0.1350	4.77723275e+08
0.0950	0.1150	0.1450	4.07093689e+08
0.0950	0.1250	0.1250	6.56733812e+08
0.0950	0.1250	0.1350	4.44694688e+08
0.0950	0.1250	0.1450	4.36423739e+08
0.0950	0.1350	0.1350	4.36965680e+08
0.0950	0.1350	0.1450	4.46835738e+08
0.0950	0.1450	0.1450	3.74204968e+08
0.1050	0.1050	0.1050	6.92438236e+08
0.1050	0.1050	0.1150	3.53533530e+08
0.1050	0.1050	0.1250	4.62918742e+08
0.1050	0.1050	0.1350	6.66138111e+08
0.1050	0.1050	0.1450	2.76563187e+08
0.1050	0.1150	0.1150	4.57136785e+08
0.1050	0.1150	0.1250	4.90870267e+08
0.1050	0.1150	0.1350	4.46739632e+08
0.1050	0.1150	0.1450	4.83698958e+08
0.1050	0.1250	0.1250	4.65344154e+08
0.1050	0.1250	0.1350	5.08145663e+08
0.1050	0.1250	0.1450	4.33211344e+08
0.1050	0.1350	0.1350	3.51449635e+08
0.1050	0.1350	0.1450	4.44484875e+08
0.1050	0.1450	0.1450	3.54103976e+08
0.1150	0.1150	0.1150	5.57417135e+08
0.1150	0.1150	0.1250	4.62552005e+08
0.1150	0.1150	0.1350	4.45011645e+08
0.1150	0.1150	0.1450	4.55864227e+08
0.1150	0.1250	0.1250	5.26593675e+08
0.1150	0.1250	0.1350	5.59223993e+08
0.1150	0.1250	0.1450	4.08272956e+08
0.1150	0.1350	0.1350	3.38687192e+08
0.1150	0.1350	0.1450	3.26953338e+08
0.1150	0.1450	0.1450	3.17674345e+08
0.1250	0.1250	0.1250	4.79353433e+08
0.1250	0.1250	0.1350	3.64203184e+08
0.1250	0.1250	0.1450	3.73691486e+08
0.1250	0.1350	0.1350	3.96238972e+08
0.1250	0.1350	0.1450	3.62841960e+08
0.1250	0.1450	0.1450	4.18154969e+08
0.1350	0.1350	0.1350	2.93125063e+08
0.1350	0.1350	0.1450	3.50554717e+08
0.1350	0.1450	0.1450	2.54961032e+08
0.1450	0.1450	0.1450	2.28199662e+08
