####### Bispectrum of Patchy Simulation 483 #############
# Patch: ngc
# z-type: z3
# Weights: fkp
# Fiducial Omega_m: 0.310
# Fiducial h: 0.676
# Boxsize: [1800.0, 3400.0, 1900.0]
# Grid: [170, 325, 180]
# k-binning: [0.000, 0.160, 0.010]
# Monte Carlo Simulations: 100
#
# Format: k1 | k2 | k3 | B(k1,k2,k3)
############################################
0.0150	0.0150	0.0150	5.77833846e+10
0.0150	0.0150	0.0250	7.49709018e+09
0.0150	0.0150	0.0350	3.91275284e+10
0.0150	0.0250	0.0250	1.20593007e+10
0.0150	0.0250	0.0350	6.39082396e+09
0.0150	0.0250	0.0450	9.45516442e+09
0.0150	0.0350	0.0350	1.56672846e+10
0.0150	0.0350	0.0450	1.17030295e+10
0.0150	0.0350	0.0550	6.19368661e+09
0.0150	0.0450	0.0450	6.02507309e+08
0.0150	0.0450	0.0550	8.22914248e+09
0.0150	0.0450	0.0650	8.29103521e+09
0.0150	0.0550	0.0550	3.65054762e+09
0.0150	0.0550	0.0650	6.52366042e+09
0.0150	0.0550	0.0750	-4.82830158e+08
0.0150	0.0650	0.0650	1.06487315e+09
0.0150	0.0650	0.0750	3.85804085e+09
0.0150	0.0650	0.0850	8.16539282e+09
0.0150	0.0750	0.0750	3.92712290e+09
0.0150	0.0750	0.0850	3.31239255e+09
0.0150	0.0750	0.0950	7.61572484e+09
0.0150	0.0850	0.0850	2.95768365e+09
0.0150	0.0850	0.0950	3.07413982e+09
0.0150	0.0850	0.1050	5.35255039e+09
0.0150	0.0950	0.0950	2.36927325e+09
0.0150	0.0950	0.1050	3.27963521e+09
0.0150	0.0950	0.1150	3.69290147e+09
0.0150	0.1050	0.1050	2.21761646e+09
0.0150	0.1050	0.1150	2.37026285e+09
0.0150	0.1050	0.1250	2.91713517e+09
0.0150	0.1150	0.1150	2.19987663e+09
0.0150	0.1150	0.1250	1.75997816e+09
0.0150	0.1150	0.1350	3.65142322e+09
0.0150	0.1250	0.1250	1.95894933e+09
0.0150	0.1250	0.1350	2.59475905e+09
0.0150	0.1250	0.1450	2.16613340e+09
0.0150	0.1350	0.1350	2.13210575e+09
0.0150	0.1350	0.1450	2.45343146e+09
0.0150	0.1450	0.1450	1.23559117e+09
0.0250	0.0250	0.0250	2.06813326e+10
0.0250	0.0250	0.0350	6.59358543e+09
0.0250	0.0250	0.0450	6.81780562e+09
0.0250	0.0250	0.0550	7.67194477e+09
0.0250	0.0350	0.0350	1.33546773e+09
0.0250	0.0350	0.0450	5.08394508e+09
0.0250	0.0350	0.0550	9.46634464e+09
0.0250	0.0350	0.0650	1.11930202e+10
0.0250	0.0450	0.0450	4.95896705e+09
0.0250	0.0450	0.0550	2.17816714e+09
0.0250	0.0450	0.0650	4.71839523e+09
0.0250	0.0450	0.0750	5.34580863e+09
0.0250	0.0550	0.0550	8.28628509e+09
0.0250	0.0550	0.0650	2.25699292e+09
0.0250	0.0550	0.0750	5.03238732e+09
0.0250	0.0550	0.0850	5.18073114e+09
0.0250	0.0650	0.0650	1.66811655e+09
0.0250	0.0650	0.0750	2.64383667e+09
0.0250	0.0650	0.0850	5.67101516e+09
0.0250	0.0650	0.0950	5.13037830e+09
0.0250	0.0750	0.0750	2.86881644e+09
0.0250	0.0750	0.0850	2.49925030e+09
0.0250	0.0750	0.0950	3.98139839e+09
0.0250	0.0750	0.1050	4.07900747e+09
0.0250	0.0850	0.0850	1.72988544e+09
0.0250	0.0850	0.0950	1.71406047e+09
0.0250	0.0850	0.1050	2.68224029e+09
0.0250	0.0850	0.1150	4.76234740e+09
0.0250	0.0950	0.0950	8.78305757e+08
0.0250	0.0950	0.1050	1.98068985e+09
0.0250	0.0950	0.1150	3.07674018e+09
0.0250	0.0950	0.1250	1.48996529e+09
0.0250	0.1050	0.1050	1.18839506e+09
0.0250	0.1050	0.1150	1.58431983e+09
0.0250	0.1050	0.1250	2.34577331e+09
0.0250	0.1050	0.1350	2.31940592e+09
0.0250	0.1150	0.1150	1.49567853e+09
0.0250	0.1150	0.1250	1.72002870e+09
0.0250	0.1150	0.1350	2.15143615e+09
0.0250	0.1150	0.1450	2.41389462e+09
0.0250	0.1250	0.1250	2.33173625e+09
0.0250	0.1250	0.1350	1.45122703e+09
0.0250	0.1250	0.1450	1.69942579e+09
0.0250	0.1350	0.1350	1.36182883e+09
0.0250	0.1350	0.1450	1.17760528e+09
0.0250	0.1450	0.1450	1.23441202e+09
0.0350	0.0350	0.0350	-4.44594419e+09
0.0350	0.0350	0.0450	6.29456732e+09
0.0350	0.0350	0.0550	2.63517332e+09
0.0350	0.0350	0.0650	6.78060142e+09
0.0350	0.0350	0.0750	8.40756567e+09
0.0350	0.0450	0.0450	2.42504683e+09
0.0350	0.0450	0.0550	4.52681186e+09
0.0350	0.0450	0.0650	2.66720758e+09
0.0350	0.0450	0.0750	4.84902269e+09
0.0350	0.0450	0.0850	5.53040819e+09
0.0350	0.0550	0.0550	6.88069090e+08
0.0350	0.0550	0.0650	4.26914062e+09
0.0350	0.0550	0.0750	4.05084283e+09
0.0350	0.0550	0.0850	2.83902532e+09
0.0350	0.0550	0.0950	5.08965842e+09
0.0350	0.0650	0.0650	9.63656044e+08
0.0350	0.0650	0.0750	2.45033750e+09
0.0350	0.0650	0.0850	3.52749009e+09
0.0350	0.0650	0.0950	4.51658680e+09
0.0350	0.0650	0.1050	4.24210586e+09
0.0350	0.0750	0.0750	2.55006126e+09
0.0350	0.0750	0.0850	2.34443817e+09
0.0350	0.0750	0.0950	2.27045455e+09
0.0350	0.0750	0.1050	3.35096381e+09
0.0350	0.0750	0.1150	2.01192544e+09
0.0350	0.0850	0.0850	1.79440949e+09
0.0350	0.0850	0.0950	2.10660653e+09
0.0350	0.0850	0.1050	2.16145668e+09
0.0350	0.0850	0.1150	2.52129561e+09
0.0350	0.0850	0.1250	2.70100908e+09
0.0350	0.0950	0.0950	2.15765918e+09
0.0350	0.0950	0.1050	1.36128384e+09
0.0350	0.0950	0.1150	2.34763414e+09
0.0350	0.0950	0.1250	2.26342030e+09
0.0350	0.0950	0.1350	3.30245611e+09
0.0350	0.1050	0.1050	1.60458206e+09
0.0350	0.1050	0.1150	1.32591132e+09
0.0350	0.1050	0.1250	1.89788519e+09
0.0350	0.1050	0.1350	2.04973440e+09
0.0350	0.1050	0.1450	1.87730547e+09
0.0350	0.1150	0.1150	1.86419182e+09
0.0350	0.1150	0.1250	1.41620036e+09
0.0350	0.1150	0.1350	1.23242586e+09
0.0350	0.1150	0.1450	2.07089557e+09
0.0350	0.1250	0.1250	8.95668115e+08
0.0350	0.1250	0.1350	1.47494352e+09
0.0350	0.1250	0.1450	1.34894652e+09
0.0350	0.1350	0.1350	1.17193482e+09
0.0350	0.1350	0.1450	1.37860037e+09
0.0350	0.1450	0.1450	1.11963681e+09
0.0450	0.0450	0.0450	3.33729200e+09
0.0450	0.0450	0.0550	1.81396233e+09
0.0450	0.0450	0.0650	3.95967142e+09
0.0450	0.0450	0.0750	3.02091071e+09
0.0450	0.0450	0.0850	2.80800989e+09
0.0450	0.0450	0.0950	3.23249915e+09
0.0450	0.0550	0.0550	2.19673209e+09
0.0450	0.0550	0.0650	2.09275890e+09
0.0450	0.0550	0.0750	1.73843573e+09
0.0450	0.0550	0.0850	2.60226017e+09
0.0450	0.0550	0.0950	2.91967469e+09
0.0450	0.0550	0.1050	3.84278167e+09
0.0450	0.0650	0.0650	3.34188022e+09
0.0450	0.0650	0.0750	1.17640233e+09
0.0450	0.0650	0.0850	1.82236528e+09
0.0450	0.0650	0.0950	2.83899799e+09
0.0450	0.0650	0.1050	2.05226567e+09
0.0450	0.0650	0.1150	3.95337250e+09
0.0450	0.0750	0.0750	2.34384610e+09
0.0450	0.0750	0.0850	1.45622218e+09
0.0450	0.0750	0.0950	1.85254781e+09
0.0450	0.0750	0.1050	1.35268678e+09
0.0450	0.0750	0.1150	2.62120249e+09
0.0450	0.0750	0.1250	2.88872542e+09
0.0450	0.0850	0.0850	1.24953911e+09
0.0450	0.0850	0.0950	1.19346039e+09
0.0450	0.0850	0.1050	1.32377298e+09
0.0450	0.0850	0.1150	1.16280351e+09
0.0450	0.0850	0.1250	1.82235316e+09
0.0450	0.0850	0.1350	1.08334470e+09
0.0450	0.0950	0.0950	1.25883558e+09
0.0450	0.0950	0.1050	1.02424687e+09
0.0450	0.0950	0.1150	1.33286677e+09
0.0450	0.0950	0.1250	1.23932850e+09
0.0450	0.0950	0.1350	1.81353404e+09
0.0450	0.0950	0.1450	1.19325565e+09
0.0450	0.1050	0.1050	1.57878619e+09
0.0450	0.1050	0.1150	1.20223385e+09
0.0450	0.1050	0.1250	1.37169231e+09
0.0450	0.1050	0.1350	1.43529529e+09
0.0450	0.1050	0.1450	1.50634547e+09
0.0450	0.1150	0.1150	8.51628178e+08
0.0450	0.1150	0.1250	1.01593034e+09
0.0450	0.1150	0.1350	1.17110374e+09
0.0450	0.1150	0.1450	1.20377185e+09
0.0450	0.1250	0.1250	1.14373247e+09
0.0450	0.1250	0.1350	1.13281444e+09
0.0450	0.1250	0.1450	9.81873602e+08
0.0450	0.1350	0.1350	9.76277281e+08
0.0450	0.1350	0.1450	8.48294210e+08
0.0450	0.1450	0.1450	7.57985725e+08
0.0550	0.0550	0.0550	1.15136834e+09
0.0550	0.0550	0.0650	1.79824416e+09
0.0550	0.0550	0.0750	1.48977012e+09
0.0550	0.0550	0.0850	1.92806025e+09
0.0550	0.0550	0.0950	2.14497933e+09
0.0550	0.0550	0.1050	1.29600214e+09
0.0550	0.0550	0.1150	3.99784971e+09
0.0550	0.0650	0.0650	1.64884120e+09
0.0550	0.0650	0.0750	2.13610888e+09
0.0550	0.0650	0.0850	1.10172965e+09
0.0550	0.0650	0.0950	1.53762865e+09
0.0550	0.0650	0.1050	1.92216872e+09
0.0550	0.0650	0.1150	2.45378101e+09
0.0550	0.0650	0.1250	3.19131984e+09
0.0550	0.0750	0.0750	1.26602269e+09
0.0550	0.0750	0.0850	2.04612294e+09
0.0550	0.0750	0.0950	1.92498307e+09
0.0550	0.0750	0.1050	1.86942081e+09
0.0550	0.0750	0.1150	1.84650418e+09
0.0550	0.0750	0.1250	2.13561282e+09
0.0550	0.0750	0.1350	2.12549447e+09
0.0550	0.0850	0.0850	1.09508662e+09
0.0550	0.0850	0.0950	1.15518752e+09
0.0550	0.0850	0.1050	1.38079784e+09
0.0550	0.0850	0.1150	1.13934295e+09
0.0550	0.0850	0.1250	1.52772238e+09
0.0550	0.0850	0.1350	1.80468789e+09
0.0550	0.0850	0.1450	1.73298052e+09
0.0550	0.0950	0.0950	9.81918770e+08
0.0550	0.0950	0.1050	9.59094624e+08
0.0550	0.0950	0.1150	1.19770743e+09
0.0550	0.0950	0.1250	1.25078656e+09
0.0550	0.0950	0.1350	1.52963363e+09
0.0550	0.0950	0.1450	1.64824805e+09
0.0550	0.1050	0.1050	3.81293559e+08
0.0550	0.1050	0.1150	1.08300259e+09
0.0550	0.1050	0.1250	1.11192138e+09
0.0550	0.1050	0.1350	1.29292780e+09
0.0550	0.1050	0.1450	9.55654106e+08
0.0550	0.1150	0.1150	1.11322938e+09
0.0550	0.1150	0.1250	9.88472925e+08
0.0550	0.1150	0.1350	9.41391999e+08
0.0550	0.1150	0.1450	9.40490157e+08
0.0550	0.1250	0.1250	5.87281054e+08
0.0550	0.1250	0.1350	8.56333222e+08
0.0550	0.1250	0.1450	8.80253600e+08
0.0550	0.1350	0.1350	9.50597962e+08
0.0550	0.1350	0.1450	7.76562131e+08
0.0550	0.1450	0.1450	5.79143763e+08
0.0650	0.0650	0.0650	1.48187106e+09
0.0650	0.0650	0.0750	1.91106890e+09
0.0650	0.0650	0.0850	1.83471607e+09
0.0650	0.0650	0.0950	1.70062482e+09
0.0650	0.0650	0.1050	1.81817279e+09
0.0650	0.0650	0.1150	1.92974566e+09
0.0650	0.0650	0.1250	1.66421891e+09
0.0650	0.0650	0.1350	3.50717496e+09
0.0650	0.0750	0.0750	1.71388493e+09
0.0650	0.0750	0.0850	1.34707982e+09
0.0650	0.0750	0.0950	1.30612222e+09
0.0650	0.0750	0.1050	1.24856296e+09
0.0650	0.0750	0.1150	1.35097771e+09
0.0650	0.0750	0.1250	1.57331195e+09
0.0650	0.0750	0.1350	1.71827592e+09
0.0650	0.0750	0.1450	1.86456004e+09
0.0650	0.0850	0.0850	8.17904919e+08
0.0650	0.0850	0.0950	1.06159040e+09
0.0650	0.0850	0.1050	1.32855100e+09
0.0650	0.0850	0.1150	1.43865247e+09
0.0650	0.0850	0.1250	9.32802919e+08
0.0650	0.0850	0.1350	1.45994592e+09
0.0650	0.0850	0.1450	1.40759778e+09
0.0650	0.0950	0.0950	1.01162338e+09
0.0650	0.0950	0.1050	8.44497559e+08
0.0650	0.0950	0.1150	1.07059858e+09
0.0650	0.0950	0.1250	1.15786961e+09
0.0650	0.0950	0.1350	1.02606175e+09
0.0650	0.0950	0.1450	1.12729310e+09
0.0650	0.1050	0.1050	9.59591641e+08
0.0650	0.1050	0.1150	9.42197624e+08
0.0650	0.1050	0.1250	8.65540044e+08
0.0650	0.1050	0.1350	8.41176249e+08
0.0650	0.1050	0.1450	8.93234712e+08
0.0650	0.1150	0.1150	5.65524041e+08
0.0650	0.1150	0.1250	9.86323992e+08
0.0650	0.1150	0.1350	9.70813476e+08
0.0650	0.1150	0.1450	9.65017826e+08
0.0650	0.1250	0.1250	9.26303511e+08
0.0650	0.1250	0.1350	7.58711447e+08
0.0650	0.1250	0.1450	8.09772424e+08
0.0650	0.1350	0.1350	8.42705312e+08
0.0650	0.1350	0.1450	6.21325439e+08
0.0650	0.1450	0.1450	4.09368123e+08
0.0750	0.0750	0.0750	3.32259555e+08
0.0750	0.0750	0.0850	7.56332451e+08
0.0750	0.0750	0.0950	8.35077704e+08
0.0750	0.0750	0.1050	1.29043343e+09
0.0750	0.0750	0.1150	1.03591053e+09
0.0750	0.0750	0.1250	1.30905336e+09
0.0750	0.0750	0.1350	1.34155048e+09
0.0750	0.0750	0.1450	1.79453756e+09
0.0750	0.0850	0.0850	1.17684789e+09
0.0750	0.0850	0.0950	8.09849409e+08
0.0750	0.0850	0.1050	9.34510775e+08
0.0750	0.0850	0.1150	7.08539685e+08
0.0750	0.0850	0.1250	9.11558427e+08
0.0750	0.0850	0.1350	9.94512741e+08
0.0750	0.0850	0.1450	1.21329145e+09
0.0750	0.0950	0.0950	1.38301618e+09
0.0750	0.0950	0.1050	9.53890871e+08
0.0750	0.0950	0.1150	9.20628360e+08
0.0750	0.0950	0.1250	9.58288330e+08
0.0750	0.0950	0.1350	8.17919540e+08
0.0750	0.0950	0.1450	1.02856201e+09
0.0750	0.1050	0.1050	5.59914539e+08
0.0750	0.1050	0.1150	8.43504051e+08
0.0750	0.1050	0.1250	1.00168715e+09
0.0750	0.1050	0.1350	8.50047968e+08
0.0750	0.1050	0.1450	8.38000481e+08
0.0750	0.1150	0.1150	9.67348685e+08
0.0750	0.1150	0.1250	5.88800490e+08
0.0750	0.1150	0.1350	8.44811468e+08
0.0750	0.1150	0.1450	6.69635076e+08
0.0750	0.1250	0.1250	6.70348069e+08
0.0750	0.1250	0.1350	7.91976283e+08
0.0750	0.1250	0.1450	6.96509222e+08
0.0750	0.1350	0.1350	7.47576758e+08
0.0750	0.1350	0.1450	5.58700744e+08
0.0750	0.1450	0.1450	6.78073084e+08
0.0850	0.0850	0.0850	1.35389790e+09
0.0850	0.0850	0.0950	9.18868643e+08
0.0850	0.0850	0.1050	1.01516919e+09
0.0850	0.0850	0.1150	8.67659022e+08
0.0850	0.0850	0.1250	9.62430489e+08
0.0850	0.0850	0.1350	1.13980134e+09
0.0850	0.0850	0.1450	8.50763078e+08
0.0850	0.0950	0.0950	1.05776733e+09
0.0850	0.0950	0.1050	6.63353962e+08
0.0850	0.0950	0.1150	5.27063129e+08
0.0850	0.0950	0.1250	6.53992136e+08
0.0850	0.0950	0.1350	8.55172024e+08
0.0850	0.0950	0.1450	7.77434754e+08
0.0850	0.1050	0.1050	6.55977007e+08
0.0850	0.1050	0.1150	7.01603519e+08
0.0850	0.1050	0.1250	6.76600384e+08
0.0850	0.1050	0.1350	6.66443409e+08
0.0850	0.1050	0.1450	8.04730732e+08
0.0850	0.1150	0.1150	5.66588427e+08
0.0850	0.1150	0.1250	6.59081880e+08
0.0850	0.1150	0.1350	5.84177756e+08
0.0850	0.1150	0.1450	5.77989151e+08
0.0850	0.1250	0.1250	4.98561920e+08
0.0850	0.1250	0.1350	5.69655102e+08
0.0850	0.1250	0.1450	5.14903363e+08
0.0850	0.1350	0.1350	5.48824261e+08
0.0850	0.1350	0.1450	6.58482608e+08
0.0850	0.1450	0.1450	4.57559423e+08
0.0950	0.0950	0.0950	7.11175202e+08
0.0950	0.0950	0.1050	1.18177578e+09
0.0950	0.0950	0.1150	5.97576601e+08
0.0950	0.0950	0.1250	7.27088001e+08
0.0950	0.0950	0.1350	9.39163839e+08
0.0950	0.0950	0.1450	7.72912696e+08
0.0950	0.1050	0.1050	4.92025757e+08
0.0950	0.1050	0.1150	5.80723448e+08
0.0950	0.1050	0.1250	6.13978226e+08
0.0950	0.1050	0.1350	5.50338648e+08
0.0950	0.1050	0.1450	4.93817320e+08
0.0950	0.1150	0.1150	7.30250175e+08
0.0950	0.1150	0.1250	5.97311166e+08
0.0950	0.1150	0.1350	6.70624800e+08
0.0950	0.1150	0.1450	5.38735785e+08
0.0950	0.1250	0.1250	6.42676600e+08
0.0950	0.1250	0.1350	6.87650460e+08
0.0950	0.1250	0.1450	4.93570911e+08
0.0950	0.1350	0.1350	5.98274001e+08
0.0950	0.1350	0.1450	4.12841699e+08
0.0950	0.1450	0.1450	4.70433271e+08
0.1050	0.1050	0.1050	4.16192438e+08
0.1050	0.1050	0.1150	5.55288171e+08
0.1050	0.1050	0.1250	4.31093485e+08
0.1050	0.1050	0.1350	5.04429580e+08
0.1050	0.1050	0.1450	6.27020955e+08
0.1050	0.1150	0.1150	4.04916892e+08
0.1050	0.1150	0.1250	4.92361738e+08
0.1050	0.1150	0.1350	4.81586232e+08
0.1050	0.1150	0.1450	5.18584317e+08
0.1050	0.1250	0.1250	6.17939722e+08
0.1050	0.1250	0.1350	4.26890491e+08
0.1050	0.1250	0.1450	5.53145284e+08
0.1050	0.1350	0.1350	4.82837919e+08
0.1050	0.1350	0.1450	4.71332054e+08
0.1050	0.1450	0.1450	3.83966687e+08
0.1150	0.1150	0.1150	6.64452631e+08
0.1150	0.1150	0.1250	3.62040855e+08
0.1150	0.1150	0.1350	5.39597226e+08
0.1150	0.1150	0.1450	4.19666243e+08
0.1150	0.1250	0.1250	5.13069338e+08
0.1150	0.1250	0.1350	4.48876217e+08
0.1150	0.1250	0.1450	4.64986803e+08
0.1150	0.1350	0.1350	5.67259134e+08
0.1150	0.1350	0.1450	3.95329557e+08
0.1150	0.1450	0.1450	4.26347435e+08
0.1250	0.1250	0.1250	7.00072516e+08
0.1250	0.1250	0.1350	4.24765284e+08
0.1250	0.1250	0.1450	3.93935159e+08
0.1250	0.1350	0.1350	4.44952331e+08
0.1250	0.1350	0.1450	4.14392741e+08
0.1250	0.1450	0.1450	3.63779185e+08
0.1350	0.1350	0.1350	4.21906258e+08
0.1350	0.1350	0.1450	5.33370104e+08
0.1350	0.1450	0.1450	3.27606012e+08
0.1450	0.1450	0.1450	1.83027046e+08
