####### Bispectrum of patchy_n1_ Simulation 234 #############
# Weights: FKP
# Fiducial Omega_m: 0.310
# Fiducial h: 0.676
# Boxsize: [1350.0, 2450.0, 1400.0]
# Grid: [126, 230, 130]
# k-binning: [0.000, 0.110, 0.010]
# l-max: 4
# Monte Carlo Simulations: 100
#
# Format: k1 | k2 | k3 | B(k1,k2,k3) | B2(k1,k2,k3) | B4(k1,k2,k3)
############################################
0.0150	0.0150	0.0150	2.11564881e+10	-5.82333410e+08	-2.69706610e+10
0.0150	0.0150	0.0250	1.47844415e+10	4.35498973e+10	-2.71121115e+10
0.0150	0.0250	0.0250	1.09290011e+09	5.34152085e+09	3.24876860e+10
0.0150	0.0250	0.0350	1.37830400e+10	1.66020139e+10	3.02493164e+09
0.0150	0.0350	0.0350	1.03363733e+10	4.16095144e+09	1.48468595e+10
0.0150	0.0350	0.0450	1.23499010e+10	1.65962594e+10	8.24313391e+09
0.0150	0.0450	0.0450	7.49241921e+09	-5.07356645e+09	-1.56714590e+10
0.0150	0.0450	0.0550	9.15823544e+09	5.62205524e+09	1.02152492e+10
0.0150	0.0550	0.0550	5.75056212e+08	4.34247324e+09	-8.29734354e+09
0.0150	0.0550	0.0650	6.52563454e+09	6.20558959e+09	-6.45996050e+08
0.0150	0.0650	0.0650	4.02574315e+09	-3.14092604e+09	1.92759819e+09
0.0150	0.0650	0.0750	3.50663136e+09	3.38002717e+08	4.97147684e+08
0.0150	0.0750	0.0750	3.70363896e+09	-1.09872309e+09	-3.93721823e+09
0.0250	0.0250	0.0250	-3.41181500e+09	2.72586184e+10	-1.88126397e+10
0.0250	0.0250	0.0350	1.96274708e+10	3.05003007e+10	-4.97165574e+09
0.0250	0.0250	0.0450	1.39354742e+10	-2.89712591e+09	-4.01413910e+10
0.0250	0.0350	0.0350	5.70889379e+09	-5.22851678e+09	2.53793195e+09
0.0250	0.0350	0.0450	5.50653844e+09	7.63412988e+09	-7.34133282e+08
0.0250	0.0350	0.0550	5.52942523e+09	1.47953307e+09	-1.82010709e+10
0.0250	0.0450	0.0450	1.22905759e+10	1.34053795e+10	2.36972247e+09
0.0250	0.0450	0.0550	8.54033976e+09	2.32681031e+09	-7.97781810e+08
0.0250	0.0450	0.0650	7.04790734e+09	5.64611545e+09	-4.01897191e+09
0.0250	0.0550	0.0550	-6.24365255e+08	-4.77829367e+09	1.45780601e+10
0.0250	0.0550	0.0650	5.56122958e+09	3.50218637e+09	3.49304516e+09
0.0250	0.0550	0.0750	5.46205583e+09	9.16448264e+09	3.86210740e+09
0.0250	0.0650	0.0650	3.13489707e+09	-3.95622422e+08	-7.52539842e+09
0.0250	0.0650	0.0750	4.86092923e+09	2.00949380e+09	2.51328501e+09
0.0250	0.0750	0.0750	1.61869059e+09	2.96830387e+08	5.33812569e+09
0.0350	0.0350	0.0350	-1.29719235e+09	-4.18192997e+08	-7.12580680e+09
0.0350	0.0350	0.0450	6.88486505e+09	8.10328952e+09	-1.03741578e+09
0.0350	0.0350	0.0550	5.66663560e+09	1.31414986e+10	1.19186018e+08
0.0350	0.0350	0.0650	7.09828772e+09	3.80834631e+09	-4.69479835e+08
0.0350	0.0450	0.0450	5.95411649e+09	3.08332457e+09	2.22425675e+09
0.0350	0.0450	0.0550	2.61860048e+09	3.54269688e+09	-2.95014810e+09
0.0350	0.0450	0.0650	5.13896758e+09	3.81750239e+08	-2.18262967e+09
0.0350	0.0450	0.0750	5.51058814e+09	4.59456279e+09	-3.57977151e+09
0.0350	0.0550	0.0550	4.16810688e+09	4.54308593e+08	6.81134767e+09
0.0350	0.0550	0.0650	1.33162816e+09	-2.56543359e+09	-3.06971116e+09
0.0350	0.0550	0.0750	3.62272352e+09	1.50393969e+09	2.82396118e+09
0.0350	0.0650	0.0650	4.58186529e+09	-5.56684474e+08	-1.59385384e+09
0.0350	0.0650	0.0750	2.82551059e+09	2.96810027e+09	-2.47250536e+09
0.0350	0.0750	0.0750	1.22709546e+09	3.35891130e+08	-7.57677430e+08
0.0450	0.0450	0.0450	-9.63595208e+08	-1.54790549e+09	3.85028787e+09
0.0450	0.0450	0.0550	2.32180379e+09	3.83755670e+09	1.05748996e+09
0.0450	0.0450	0.0650	3.89857876e+09	4.25867167e+09	6.55188662e+09
0.0450	0.0450	0.0750	3.34597341e+09	4.60215364e+09	2.45238135e+09
0.0450	0.0550	0.0550	3.39855553e+09	2.33419517e+08	-1.68064331e+09
0.0450	0.0550	0.0650	2.58492489e+09	1.94000960e+09	1.66320325e+09
0.0450	0.0550	0.0750	2.89888266e+09	2.65272782e+09	-2.25102468e+09
0.0450	0.0650	0.0650	1.87792838e+09	8.91525487e+08	2.32791670e+09
0.0450	0.0650	0.0750	2.39091869e+09	2.80038051e+08	-1.57936828e+09
0.0450	0.0750	0.0750	9.34541182e+08	-3.33961740e+08	-8.70419940e+08
0.0550	0.0550	0.0550	3.80999527e+09	-6.09000558e+07	-1.59931736e+09
0.0550	0.0550	0.0650	2.92372661e+09	1.96211663e+09	2.46782968e+09
0.0550	0.0550	0.0750	6.64852489e+08	-3.17620732e+09	2.58121874e+09
0.0550	0.0650	0.0650	2.30996539e+09	1.07289359e+09	-5.72320188e+08
0.0550	0.0650	0.0750	1.83071783e+09	5.22807419e+08	2.98672913e+08
0.0550	0.0750	0.0750	2.17817080e+09	1.35843790e+09	-1.42363898e+09
0.0650	0.0650	0.0650	8.93104414e+08	-4.66419441e+08	2.53520729e+08
0.0650	0.0650	0.0750	2.49337198e+09	8.37534507e+08	-2.20219351e+08
0.0650	0.0750	0.0750	9.34547764e+08	-3.78553631e+08	3.92576233e+08
0.0750	0.0750	0.0750	4.55665039e+08	-6.82016110e+08	-4.00789589e+08
