####### Bispectrum of Patchy Simulation 1917 #############
# Patch: sgc
# z-type: z1
# Weights: fkp
# Fiducial Omega_m: 0.310
# Fiducial h: 0.676
# Boxsize: [1000.0, 1900.0, 1100.0]
# Grid: [95, 180, 105]
# k-binning: [0.000, 0.160, 0.010]
# Monte Carlo Simulations: 100
#
# Format: k1 | k2 | k3 | B(k1,k2,k3)
############################################
0.0150	0.0150	0.0150	-1.24793690e+10
0.0150	0.0150	0.0250	6.97935603e+09
0.0150	0.0150	0.0350	2.31278835e+10
0.0150	0.0250	0.0250	4.37267889e+10
0.0150	0.0250	0.0350	1.72296590e+10
0.0150	0.0250	0.0450	9.76334395e+09
0.0150	0.0350	0.0350	1.10754208e+10
0.0150	0.0350	0.0450	2.08837168e+10
0.0150	0.0350	0.0550	2.24136573e+10
0.0150	0.0450	0.0450	2.70458729e+09
0.0150	0.0450	0.0550	2.71792364e+09
0.0150	0.0450	0.0650	1.52663068e+10
0.0150	0.0550	0.0550	1.20142955e+10
0.0150	0.0550	0.0650	8.66235081e+09
0.0150	0.0550	0.0750	1.62768548e+09
0.0150	0.0650	0.0650	7.31342828e+09
0.0150	0.0650	0.0750	4.85935618e+09
0.0150	0.0650	0.0850	2.64336293e+09
0.0150	0.0750	0.0750	2.51392545e+09
0.0150	0.0750	0.0850	5.62334515e+09
0.0150	0.0750	0.0950	2.93038276e+09
0.0150	0.0850	0.0850	5.65085016e+09
0.0150	0.0850	0.0950	3.51116737e+09
0.0150	0.0850	0.1050	6.99731951e+09
0.0150	0.0950	0.0950	2.35318997e+09
0.0150	0.0950	0.1050	8.11232555e+08
0.0150	0.0950	0.1150	2.66383370e+08
0.0150	0.1050	0.1050	5.27684552e+09
0.0150	0.1050	0.1150	3.19831903e+09
0.0150	0.1050	0.1250	8.82469556e+08
0.0150	0.1150	0.1150	4.27720666e+09
0.0150	0.1150	0.1250	2.60373380e+09
0.0150	0.1150	0.1350	5.63978725e+09
0.0150	0.1250	0.1250	1.25748887e+09
0.0150	0.1250	0.1350	1.75302364e+09
0.0150	0.1250	0.1450	3.24751704e+09
0.0150	0.1350	0.1350	1.43237095e+09
0.0150	0.1350	0.1450	2.80085571e+09
0.0150	0.1450	0.1450	1.41971249e+09
0.0250	0.0250	0.0250	-8.64544922e+09
0.0250	0.0250	0.0350	4.09994742e+09
0.0250	0.0250	0.0450	1.41389853e+10
0.0250	0.0250	0.0550	-1.86147234e+07
0.0250	0.0350	0.0350	1.53753165e+10
0.0250	0.0350	0.0450	6.26512289e+09
0.0250	0.0350	0.0550	3.94515322e+09
0.0250	0.0350	0.0650	6.67176832e+09
0.0250	0.0450	0.0450	-2.81331063e+09
0.0250	0.0450	0.0550	4.10074113e+09
0.0250	0.0450	0.0650	5.62782704e+09
0.0250	0.0450	0.0750	5.01073791e+09
0.0250	0.0550	0.0550	2.26771089e+09
0.0250	0.0550	0.0650	1.15431380e+09
0.0250	0.0550	0.0750	9.40045816e+07
0.0250	0.0550	0.0850	-1.84190982e+09
0.0250	0.0650	0.0650	-5.83894617e+09
0.0250	0.0650	0.0750	3.59810672e+09
0.0250	0.0650	0.0850	3.88650138e+09
0.0250	0.0650	0.0950	4.65205537e+09
0.0250	0.0750	0.0750	7.47474589e+08
0.0250	0.0750	0.0850	4.48945995e+09
0.0250	0.0750	0.0950	5.98356023e+09
0.0250	0.0750	0.1050	9.44088116e+09
0.0250	0.0850	0.0850	2.55863410e+09
0.0250	0.0850	0.0950	1.72135789e+09
0.0250	0.0850	0.1050	4.25919965e+09
0.0250	0.0850	0.1150	3.15425666e+09
0.0250	0.0950	0.0950	2.09345263e+09
0.0250	0.0950	0.1050	1.46101924e+09
0.0250	0.0950	0.1150	3.74820965e+09
0.0250	0.0950	0.1250	4.08401163e+09
0.0250	0.1050	0.1050	2.12068197e+09
0.0250	0.1050	0.1150	1.80261146e+09
0.0250	0.1050	0.1250	2.05172039e+09
0.0250	0.1050	0.1350	1.09675609e+09
0.0250	0.1150	0.1150	1.27319480e+09
0.0250	0.1150	0.1250	2.20064674e+09
0.0250	0.1150	0.1350	2.58351357e+09
0.0250	0.1150	0.1450	2.02198074e+09
0.0250	0.1250	0.1250	9.20352449e+08
0.0250	0.1250	0.1350	1.38907791e+09
0.0250	0.1250	0.1450	2.21355738e+09
0.0250	0.1350	0.1350	7.16308082e+08
0.0250	0.1350	0.1450	7.74722240e+08
0.0250	0.1450	0.1450	1.41321405e+09
0.0350	0.0350	0.0350	2.08559357e+08
0.0350	0.0350	0.0450	-3.42305013e+09
0.0350	0.0350	0.0550	9.62850807e+09
0.0350	0.0350	0.0650	7.98635341e+09
0.0350	0.0350	0.0750	1.53683865e+10
0.0350	0.0450	0.0450	4.08107302e+09
0.0350	0.0450	0.0550	3.98236322e+09
0.0350	0.0450	0.0650	5.22955651e+09
0.0350	0.0450	0.0750	4.70040380e+09
0.0350	0.0450	0.0850	4.91120347e+09
0.0350	0.0550	0.0550	1.38001384e+09
0.0350	0.0550	0.0650	6.02810613e+09
0.0350	0.0550	0.0750	2.34184499e+09
0.0350	0.0550	0.0850	7.16321985e+09
0.0350	0.0550	0.0950	-1.44320825e+09
0.0350	0.0650	0.0650	1.66922546e+09
0.0350	0.0650	0.0750	4.14727321e+09
0.0350	0.0650	0.0850	1.16838950e+09
0.0350	0.0650	0.0950	4.59637681e+09
0.0350	0.0650	0.1050	6.07928133e+09
0.0350	0.0750	0.0750	2.13640600e+09
0.0350	0.0750	0.0850	3.65016321e+09
0.0350	0.0750	0.0950	3.60443772e+09
0.0350	0.0750	0.1050	3.28728503e+09
0.0350	0.0750	0.1150	7.63844794e+09
0.0350	0.0850	0.0850	4.30403928e+09
0.0350	0.0850	0.0950	2.54392266e+09
0.0350	0.0850	0.1050	2.57334738e+09
0.0350	0.0850	0.1150	3.40059757e+09
0.0350	0.0850	0.1250	6.28477141e+09
0.0350	0.0950	0.0950	2.24246819e+09
0.0350	0.0950	0.1050	1.89332390e+09
0.0350	0.0950	0.1150	2.12510167e+09
0.0350	0.0950	0.1250	2.58202668e+09
0.0350	0.0950	0.1350	2.82066128e+09
0.0350	0.1050	0.1050	1.59654342e+09
0.0350	0.1050	0.1150	1.37969448e+09
0.0350	0.1050	0.1250	2.15104283e+09
0.0350	0.1050	0.1350	2.91441188e+09
0.0350	0.1050	0.1450	3.03217436e+09
0.0350	0.1150	0.1150	2.34673870e+08
0.0350	0.1150	0.1250	2.32630984e+09
0.0350	0.1150	0.1350	1.90526205e+09
0.0350	0.1150	0.1450	2.13600182e+09
0.0350	0.1250	0.1250	9.85062236e+08
0.0350	0.1250	0.1350	1.69863696e+09
0.0350	0.1250	0.1450	1.84468765e+09
0.0350	0.1350	0.1350	1.21028171e+09
0.0350	0.1350	0.1450	1.62547317e+09
0.0350	0.1450	0.1450	1.37220198e+09
0.0450	0.0450	0.0450	-1.38813614e+09
0.0450	0.0450	0.0550	-4.02078754e+08
0.0450	0.0450	0.0650	1.43236655e+09
0.0450	0.0450	0.0750	2.65026359e+09
0.0450	0.0450	0.0850	3.17089322e+09
0.0450	0.0450	0.0950	1.32777065e+09
0.0450	0.0550	0.0550	2.23702880e+09
0.0450	0.0550	0.0650	1.50061734e+09
0.0450	0.0550	0.0750	1.50312321e+09
0.0450	0.0550	0.0850	2.07511710e+09
0.0450	0.0550	0.0950	2.09101459e+09
0.0450	0.0550	0.1050	-1.16305155e+09
0.0450	0.0650	0.0650	7.77832669e+08
0.0450	0.0650	0.0750	2.54584199e+09
0.0450	0.0650	0.0850	1.98241228e+09
0.0450	0.0650	0.0950	1.28417731e+09
0.0450	0.0650	0.1050	2.61418821e+09
0.0450	0.0650	0.1150	2.67096814e+09
0.0450	0.0750	0.0750	1.20603743e+09
0.0450	0.0750	0.0850	3.93413099e+08
0.0450	0.0750	0.0950	1.39752878e+09
0.0450	0.0750	0.1050	1.59040795e+09
0.0450	0.0750	0.1150	1.88127283e+09
0.0450	0.0750	0.1250	2.87684352e+09
0.0450	0.0850	0.0850	2.48227205e+09
0.0450	0.0850	0.0950	1.41692117e+09
0.0450	0.0850	0.1050	1.39655200e+09
0.0450	0.0850	0.1150	1.20859326e+09
0.0450	0.0850	0.1250	2.24362541e+09
0.0450	0.0850	0.1350	2.06043485e+09
0.0450	0.0950	0.0950	1.23708583e+08
0.0450	0.0950	0.1050	1.67127174e+09
0.0450	0.0950	0.1150	1.09235821e+09
0.0450	0.0950	0.1250	8.97606451e+08
0.0450	0.0950	0.1350	2.47096698e+09
0.0450	0.0950	0.1450	1.87800164e+08
0.0450	0.1050	0.1050	1.50568084e+09
0.0450	0.1050	0.1150	1.20096959e+09
0.0450	0.1050	0.1250	1.37207953e+09
0.0450	0.1050	0.1350	1.49228926e+09
0.0450	0.1050	0.1450	1.42017928e+09
0.0450	0.1150	0.1150	1.60838180e+09
0.0450	0.1150	0.1250	3.52196104e+08
0.0450	0.1150	0.1350	1.16315444e+09
0.0450	0.1150	0.1450	6.39226897e+08
0.0450	0.1250	0.1250	8.93275807e+08
0.0450	0.1250	0.1350	1.48214034e+09
0.0450	0.1250	0.1450	1.00086170e+09
0.0450	0.1350	0.1350	3.52059648e+08
0.0450	0.1350	0.1450	7.29191116e+08
0.0450	0.1450	0.1450	8.11925413e+08
0.0550	0.0550	0.0550	6.76596514e+09
0.0550	0.0550	0.0650	7.77773291e+08
0.0550	0.0550	0.0750	1.12237871e+09
0.0550	0.0550	0.0850	3.03909511e+09
0.0550	0.0550	0.0950	1.53948979e+09
0.0550	0.0550	0.1050	3.46669506e+09
0.0550	0.0550	0.1150	4.05887423e+09
0.0550	0.0650	0.0650	1.73303522e+09
0.0550	0.0650	0.0750	1.76246441e+09
0.0550	0.0650	0.0850	2.28921752e+08
0.0550	0.0650	0.0950	1.99887196e+09
0.0550	0.0650	0.1050	5.21530064e+08
0.0550	0.0650	0.1150	3.00765731e+09
0.0550	0.0650	0.1250	3.55370357e+09
0.0550	0.0750	0.0750	1.54561472e+09
0.0550	0.0750	0.0850	1.67024864e+09
0.0550	0.0750	0.0950	5.15427813e+08
0.0550	0.0750	0.1050	1.36189757e+09
0.0550	0.0750	0.1150	1.62699475e+09
0.0550	0.0750	0.1250	1.64487831e+09
0.0550	0.0750	0.1350	2.66847281e+09
0.0550	0.0850	0.0850	1.20904847e+09
0.0550	0.0850	0.0950	1.01457583e+09
0.0550	0.0850	0.1050	9.16124572e+08
0.0550	0.0850	0.1150	1.19715289e+09
0.0550	0.0850	0.1250	1.70075263e+09
0.0550	0.0850	0.1350	1.71263202e+09
0.0550	0.0850	0.1450	1.14018869e+09
0.0550	0.0950	0.0950	9.16806986e+08
0.0550	0.0950	0.1050	1.29275826e+09
0.0550	0.0950	0.1150	1.30801024e+09
0.0550	0.0950	0.1250	1.40531873e+09
0.0550	0.0950	0.1350	6.53059803e+08
0.0550	0.0950	0.1450	1.36154200e+09
0.0550	0.1050	0.1050	9.70876129e+08
0.0550	0.1050	0.1150	9.66769291e+08
0.0550	0.1050	0.1250	8.42455629e+08
0.0550	0.1050	0.1350	5.29368316e+08
0.0550	0.1050	0.1450	1.54253542e+09
0.0550	0.1150	0.1150	1.29456762e+09
0.0550	0.1150	0.1250	7.44700033e+08
0.0550	0.1150	0.1350	6.99353940e+08
0.0550	0.1150	0.1450	9.10539267e+08
0.0550	0.1250	0.1250	8.14889302e+08
0.0550	0.1250	0.1350	5.72490524e+08
0.0550	0.1250	0.1450	9.33932161e+08
0.0550	0.1350	0.1350	7.67532242e+08
0.0550	0.1350	0.1450	1.01824910e+09
0.0550	0.1450	0.1450	4.27500965e+08
0.0650	0.0650	0.0650	3.00092022e+09
0.0650	0.0650	0.0750	2.26684948e+09
0.0650	0.0650	0.0850	1.00472283e+09
0.0650	0.0650	0.0950	8.44900536e+08
0.0650	0.0650	0.1050	1.99945929e+09
0.0650	0.0650	0.1150	2.60397397e+09
0.0650	0.0650	0.1250	9.80378576e+08
0.0650	0.0650	0.1350	3.08841722e+09
0.0650	0.0750	0.0750	3.43478259e+09
0.0650	0.0750	0.0850	9.05219481e+08
0.0650	0.0750	0.0950	1.22977500e+09
0.0650	0.0750	0.1050	1.85283872e+09
0.0650	0.0750	0.1150	1.92653355e+09
0.0650	0.0750	0.1250	1.79581390e+09
0.0650	0.0750	0.1350	2.45054474e+09
0.0650	0.0750	0.1450	2.18654166e+09
0.0650	0.0850	0.0850	1.46363273e+09
0.0650	0.0850	0.0950	4.03887791e+08
0.0650	0.0850	0.1050	5.16580242e+08
0.0650	0.0850	0.1150	1.46909522e+09
0.0650	0.0850	0.1250	9.86964470e+08
0.0650	0.0850	0.1350	1.39863406e+09
0.0650	0.0850	0.1450	1.97836422e+09
0.0650	0.0950	0.0950	9.58486975e+08
0.0650	0.0950	0.1050	1.84735660e+09
0.0650	0.0950	0.1150	5.58136890e+08
0.0650	0.0950	0.1250	8.20934917e+08
0.0650	0.0950	0.1350	1.25889683e+09
0.0650	0.0950	0.1450	1.13578989e+09
0.0650	0.1050	0.1050	1.88012479e+08
0.0650	0.1050	0.1150	1.03542214e+09
0.0650	0.1050	0.1250	1.19210940e+09
0.0650	0.1050	0.1350	8.37452904e+08
0.0650	0.1050	0.1450	1.20758980e+09
0.0650	0.1150	0.1150	1.07670671e+09
0.0650	0.1150	0.1250	6.32934834e+08
0.0650	0.1150	0.1350	9.36762109e+08
0.0650	0.1150	0.1450	4.20158088e+08
0.0650	0.1250	0.1250	4.27895488e+08
0.0650	0.1250	0.1350	7.59023579e+08
0.0650	0.1250	0.1450	7.35525644e+08
0.0650	0.1350	0.1350	6.33864563e+08
0.0650	0.1350	0.1450	6.34845305e+08
0.0650	0.1450	0.1450	6.96105075e+08
0.0750	0.0750	0.0750	3.46152483e+08
0.0750	0.0750	0.0850	1.57320901e+09
0.0750	0.0750	0.0950	2.16483620e+09
0.0750	0.0750	0.1050	1.08252012e+09
0.0750	0.0750	0.1150	1.32222105e+09
0.0750	0.0750	0.1250	1.86018519e+09
0.0750	0.0750	0.1350	1.74736949e+09
0.0750	0.0750	0.1450	2.01133770e+09
0.0750	0.0850	0.0850	2.93221561e+08
0.0750	0.0850	0.0950	6.38029983e+08
0.0750	0.0850	0.1050	8.67889580e+08
0.0750	0.0850	0.1150	1.67465324e+09
0.0750	0.0850	0.1250	1.10384724e+09
0.0750	0.0850	0.1350	1.33422345e+09
0.0750	0.0850	0.1450	1.25166186e+09
0.0750	0.0950	0.0950	1.20383740e+09
0.0750	0.0950	0.1050	6.11557800e+08
0.0750	0.0950	0.1150	6.10244343e+08
0.0750	0.0950	0.1250	1.12435358e+09
0.0750	0.0950	0.1350	1.33454522e+09
0.0750	0.0950	0.1450	1.04136291e+09
0.0750	0.1050	0.1050	1.21485998e+09
0.0750	0.1050	0.1150	8.25579458e+08
0.0750	0.1050	0.1250	3.89026997e+08
0.0750	0.1050	0.1350	8.29290481e+08
0.0750	0.1050	0.1450	4.26370629e+08
0.0750	0.1150	0.1150	1.17221730e+09
0.0750	0.1150	0.1250	1.07572351e+09
0.0750	0.1150	0.1350	7.63786180e+08
0.0750	0.1150	0.1450	8.56801336e+08
0.0750	0.1250	0.1250	3.89068774e+08
0.0750	0.1250	0.1350	6.73150074e+08
0.0750	0.1250	0.1450	7.15046339e+08
0.0750	0.1350	0.1350	6.73420371e+08
0.0750	0.1350	0.1450	6.50793006e+08
0.0750	0.1450	0.1450	5.16485895e+08
0.0850	0.0850	0.0850	2.13602630e+09
0.0850	0.0850	0.0950	4.26074622e+08
0.0850	0.0850	0.1050	3.68678486e+08
0.0850	0.0850	0.1150	7.78493509e+08
0.0850	0.0850	0.1250	2.44796944e+08
0.0850	0.0850	0.1350	8.58350333e+08
0.0850	0.0850	0.1450	7.68373707e+08
0.0850	0.0950	0.0950	3.36232568e+08
0.0850	0.0950	0.1050	6.74890091e+08
0.0850	0.0950	0.1150	1.00566998e+09
0.0850	0.0950	0.1250	6.16923747e+08
0.0850	0.0950	0.1350	8.70213228e+08
0.0850	0.0950	0.1450	6.29834556e+08
0.0850	0.1050	0.1050	9.34730305e+08
0.0850	0.1050	0.1150	9.29239803e+08
0.0850	0.1050	0.1250	9.56085673e+08
0.0850	0.1050	0.1350	5.51894088e+08
0.0850	0.1050	0.1450	7.49581708e+08
0.0850	0.1150	0.1150	1.12348867e+09
0.0850	0.1150	0.1250	6.31778042e+08
0.0850	0.1150	0.1350	8.07317293e+08
0.0850	0.1150	0.1450	6.76089121e+08
0.0850	0.1250	0.1250	1.11491631e+09
0.0850	0.1250	0.1350	6.20347329e+08
0.0850	0.1250	0.1450	7.16528753e+08
0.0850	0.1350	0.1350	3.45473417e+08
0.0850	0.1350	0.1450	5.71716484e+08
0.0850	0.1450	0.1450	4.43061494e+08
0.0950	0.0950	0.0950	7.60269459e+08
0.0950	0.0950	0.1050	5.31408794e+08
0.0950	0.0950	0.1150	9.05673898e+08
0.0950	0.0950	0.1250	5.26019919e+08
0.0950	0.0950	0.1350	9.00155514e+08
0.0950	0.0950	0.1450	6.05286430e+08
0.0950	0.1050	0.1050	9.42004079e+08
0.0950	0.1050	0.1150	3.78822138e+08
0.0950	0.1050	0.1250	5.92394244e+08
0.0950	0.1050	0.1350	4.32584918e+08
0.0950	0.1050	0.1450	4.05210346e+08
0.0950	0.1150	0.1150	7.55397130e+08
0.0950	0.1150	0.1250	6.37845303e+08
0.0950	0.1150	0.1350	3.43080475e+08
0.0950	0.1150	0.1450	6.09841113e+08
0.0950	0.1250	0.1250	4.86394977e+08
0.0950	0.1250	0.1350	3.96509126e+08
0.0950	0.1250	0.1450	4.20353981e+08
0.0950	0.1350	0.1350	7.81598848e+08
0.0950	0.1350	0.1450	4.90905492e+08
0.0950	0.1450	0.1450	3.34984254e+08
0.1050	0.1050	0.1050	2.40261678e+08
0.1050	0.1050	0.1150	3.81444026e+08
0.1050	0.1050	0.1250	4.75589042e+08
0.1050	0.1050	0.1350	8.68131447e+08
0.1050	0.1050	0.1450	4.07070350e+08
0.1050	0.1150	0.1150	7.25316094e+08
0.1050	0.1150	0.1250	3.49781932e+08
0.1050	0.1150	0.1350	3.35947759e+08
0.1050	0.1150	0.1450	4.15433830e+08
0.1050	0.1250	0.1250	2.38449020e+08
0.1050	0.1250	0.1350	5.75299636e+08
0.1050	0.1250	0.1450	6.46993371e+08
0.1050	0.1350	0.1350	3.36141520e+08
0.1050	0.1350	0.1450	2.85988598e+08
0.1050	0.1450	0.1450	7.92096449e+08
0.1150	0.1150	0.1150	6.69443295e+08
0.1150	0.1150	0.1250	7.33282741e+08
0.1150	0.1150	0.1350	5.66371239e+08
0.1150	0.1150	0.1450	4.26209534e+08
0.1150	0.1250	0.1250	6.54935732e+08
0.1150	0.1250	0.1350	4.41244077e+08
0.1150	0.1250	0.1450	3.34191868e+08
0.1150	0.1350	0.1350	5.02228948e+08
0.1150	0.1350	0.1450	3.84905530e+08
0.1150	0.1450	0.1450	4.13325778e+08
0.1250	0.1250	0.1250	3.99462537e+08
0.1250	0.1250	0.1350	3.28015177e+08
0.1250	0.1250	0.1450	4.48147648e+08
0.1250	0.1350	0.1350	2.57417410e+08
0.1250	0.1350	0.1450	1.73499001e+08
0.1250	0.1450	0.1450	4.80080803e+08
0.1350	0.1350	0.1350	5.28252311e+08
0.1350	0.1350	0.1450	5.01073737e+08
0.1350	0.1450	0.1450	2.24822677e+08
0.1450	0.1450	0.1450	2.57120034e+08
