####### Bispectrum of Patchy Simulation 418 #############
# Patch: ngc
# z-type: z3
# Weights: fkp
# Fiducial Omega_m: 0.310
# Fiducial h: 0.676
# Boxsize: [1800.0, 3400.0, 1900.0]
# Grid: [170, 325, 180]
# k-binning: [0.000, 0.160, 0.010]
# Monte Carlo Simulations: 100
#
# Format: k1 | k2 | k3 | B(k1,k2,k3)
############################################
0.0150	0.0150	0.0150	1.67087755e+10
0.0150	0.0150	0.0250	1.29102783e+10
0.0150	0.0150	0.0350	6.32991116e+10
0.0150	0.0250	0.0250	1.33579489e+10
0.0150	0.0250	0.0350	1.37669692e+10
0.0150	0.0250	0.0450	1.56770766e+09
0.0150	0.0350	0.0350	1.00709617e+10
0.0150	0.0350	0.0450	5.70777126e+09
0.0150	0.0350	0.0550	1.23361856e+10
0.0150	0.0450	0.0450	-2.75805213e+08
0.0150	0.0450	0.0550	4.22527484e+09
0.0150	0.0450	0.0650	5.25644189e+09
0.0150	0.0550	0.0550	6.80139032e+09
0.0150	0.0550	0.0650	4.11305884e+09
0.0150	0.0550	0.0750	3.06058946e+09
0.0150	0.0650	0.0650	2.68661391e+09
0.0150	0.0650	0.0750	5.06186504e+09
0.0150	0.0650	0.0850	8.45243947e+09
0.0150	0.0750	0.0750	2.65612243e+09
0.0150	0.0750	0.0850	3.80364758e+09
0.0150	0.0750	0.0950	4.25108292e+09
0.0150	0.0850	0.0850	2.07553657e+09
0.0150	0.0850	0.0950	3.04255764e+09
0.0150	0.0850	0.1050	4.03488921e+09
0.0150	0.0950	0.0950	9.92046601e+08
0.0150	0.0950	0.1050	3.34550221e+09
0.0150	0.0950	0.1150	3.62462769e+09
0.0150	0.1050	0.1050	3.22773872e+09
0.0150	0.1050	0.1150	1.90020556e+09
0.0150	0.1050	0.1250	1.72999224e+09
0.0150	0.1150	0.1150	1.93146085e+09
0.0150	0.1150	0.1250	1.33098444e+09
0.0150	0.1150	0.1350	3.44303962e+09
0.0150	0.1250	0.1250	1.80350627e+09
0.0150	0.1250	0.1350	1.72587424e+09
0.0150	0.1250	0.1450	3.06446705e+09
0.0150	0.1350	0.1350	1.09589434e+09
0.0150	0.1350	0.1450	1.54300534e+09
0.0150	0.1450	0.1450	1.65199549e+09
0.0250	0.0250	0.0250	1.35194683e+10
0.0250	0.0250	0.0350	-2.60323584e+09
0.0250	0.0250	0.0450	1.22514703e+10
0.0250	0.0250	0.0550	6.71026485e+09
0.0250	0.0350	0.0350	1.69603688e+10
0.0250	0.0350	0.0450	4.76296805e+09
0.0250	0.0350	0.0550	6.94286364e+09
0.0250	0.0350	0.0650	1.18934135e+10
0.0250	0.0450	0.0450	4.50460240e+09
0.0250	0.0450	0.0550	5.40231229e+09
0.0250	0.0450	0.0650	6.98403979e+09
0.0250	0.0450	0.0750	2.76006140e+09
0.0250	0.0550	0.0550	2.44413630e+09
0.0250	0.0550	0.0650	3.91442321e+09
0.0250	0.0550	0.0750	4.84500711e+09
0.0250	0.0550	0.0850	5.63180098e+09
0.0250	0.0650	0.0650	4.67282595e+09
0.0250	0.0650	0.0750	4.17346506e+09
0.0250	0.0650	0.0850	5.23616997e+09
0.0250	0.0650	0.0950	6.57276851e+09
0.0250	0.0750	0.0750	4.04994727e+09
0.0250	0.0750	0.0850	2.75556474e+09
0.0250	0.0750	0.0950	4.82994315e+09
0.0250	0.0750	0.1050	6.50211150e+09
0.0250	0.0850	0.0850	2.88024849e+09
0.0250	0.0850	0.0950	2.84737800e+09
0.0250	0.0850	0.1050	4.01821967e+09
0.0250	0.0850	0.1150	3.23321834e+09
0.0250	0.0950	0.0950	2.55715644e+09
0.0250	0.0950	0.1050	2.71654398e+09
0.0250	0.0950	0.1150	3.02173273e+09
0.0250	0.0950	0.1250	3.41725805e+09
0.0250	0.1050	0.1050	1.50525625e+09
0.0250	0.1050	0.1150	2.09757640e+09
0.0250	0.1050	0.1250	2.77876948e+09
0.0250	0.1050	0.1350	2.93466184e+09
0.0250	0.1150	0.1150	2.36060523e+09
0.0250	0.1150	0.1250	1.96802833e+09
0.0250	0.1150	0.1350	2.49265890e+09
0.0250	0.1150	0.1450	3.29175550e+09
0.0250	0.1250	0.1250	1.91438131e+09
0.0250	0.1250	0.1350	1.96551703e+09
0.0250	0.1250	0.1450	2.25606065e+09
0.0250	0.1350	0.1350	1.60823475e+09
0.0250	0.1350	0.1450	1.47777523e+09
0.0250	0.1450	0.1450	1.58891220e+09
0.0350	0.0350	0.0350	1.91763811e+09
0.0350	0.0350	0.0450	3.44496422e+09
0.0350	0.0350	0.0550	4.15576894e+09
0.0350	0.0350	0.0650	7.01734030e+09
0.0350	0.0350	0.0750	3.32363331e+09
0.0350	0.0450	0.0450	2.09783348e+09
0.0350	0.0450	0.0550	2.76249006e+09
0.0350	0.0450	0.0650	3.52139256e+09
0.0350	0.0450	0.0750	3.49142340e+09
0.0350	0.0450	0.0850	6.68601460e+09
0.0350	0.0550	0.0550	4.41628128e+09
0.0350	0.0550	0.0650	2.81241449e+09
0.0350	0.0550	0.0750	4.15450702e+09
0.0350	0.0550	0.0850	3.34753756e+09
0.0350	0.0550	0.0950	6.89468572e+09
0.0350	0.0650	0.0650	2.80129455e+09
0.0350	0.0650	0.0750	1.97850386e+09
0.0350	0.0650	0.0850	1.28995304e+09
0.0350	0.0650	0.0950	2.79987164e+09
0.0350	0.0650	0.1050	6.13415172e+09
0.0350	0.0750	0.0750	8.79801929e+08
0.0350	0.0750	0.0850	2.98737459e+09
0.0350	0.0750	0.0950	2.36262926e+09
0.0350	0.0750	0.1050	2.46904892e+09
0.0350	0.0750	0.1150	3.48398014e+09
0.0350	0.0850	0.0850	1.66447150e+09
0.0350	0.0850	0.0950	1.96940565e+09
0.0350	0.0850	0.1050	2.16351298e+09
0.0350	0.0850	0.1150	2.60252747e+09
0.0350	0.0850	0.1250	2.42835331e+09
0.0350	0.0950	0.0950	1.55445033e+09
0.0350	0.0950	0.1050	1.72367920e+09
0.0350	0.0950	0.1150	1.59969616e+09
0.0350	0.0950	0.1250	2.12947339e+09
0.0350	0.0950	0.1350	2.83674773e+09
0.0350	0.1050	0.1050	1.70259553e+09
0.0350	0.1050	0.1150	9.53892749e+08
0.0350	0.1050	0.1250	1.77337045e+09
0.0350	0.1050	0.1350	2.11595235e+09
0.0350	0.1050	0.1450	2.20374623e+09
0.0350	0.1150	0.1150	1.36267876e+09
0.0350	0.1150	0.1250	1.08412432e+09
0.0350	0.1150	0.1350	1.23735890e+09
0.0350	0.1150	0.1450	1.22099483e+09
0.0350	0.1250	0.1250	1.09309399e+09
0.0350	0.1250	0.1350	1.14210495e+09
0.0350	0.1250	0.1450	1.04347530e+09
0.0350	0.1350	0.1350	1.52917715e+09
0.0350	0.1350	0.1450	1.34920255e+09
0.0350	0.1450	0.1450	9.40375260e+08
0.0450	0.0450	0.0450	4.10443258e+09
0.0450	0.0450	0.0550	1.54710996e+09
0.0450	0.0450	0.0650	2.30969687e+09
0.0450	0.0450	0.0750	2.39513211e+09
0.0450	0.0450	0.0850	3.55964265e+09
0.0450	0.0450	0.0950	3.71886843e+09
0.0450	0.0550	0.0550	8.60616372e+08
0.0450	0.0550	0.0650	3.09123202e+09
0.0450	0.0550	0.0750	2.15489659e+09
0.0450	0.0550	0.0850	2.17401111e+09
0.0450	0.0550	0.0950	2.15248275e+09
0.0450	0.0550	0.1050	3.12646540e+09
0.0450	0.0650	0.0650	1.46517237e+09
0.0450	0.0650	0.0750	2.72244297e+09
0.0450	0.0650	0.0850	2.05543901e+09
0.0450	0.0650	0.0950	2.66158990e+09
0.0450	0.0650	0.1050	2.00549312e+09
0.0450	0.0650	0.1150	2.60255041e+09
0.0450	0.0750	0.0750	1.18442077e+09
0.0450	0.0750	0.0850	2.01410799e+09
0.0450	0.0750	0.0950	1.75826524e+09
0.0450	0.0750	0.1050	2.09184348e+09
0.0450	0.0750	0.1150	2.42170079e+09
0.0450	0.0750	0.1250	1.82152253e+09
0.0450	0.0850	0.0850	1.71668531e+09
0.0450	0.0850	0.0950	1.90076249e+09
0.0450	0.0850	0.1050	1.43567944e+09
0.0450	0.0850	0.1150	1.46074100e+09
0.0450	0.0850	0.1250	1.77699996e+09
0.0450	0.0850	0.1350	2.69485184e+09
0.0450	0.0950	0.0950	1.18401368e+09
0.0450	0.0950	0.1050	1.38062142e+09
0.0450	0.0950	0.1150	1.40609759e+09
0.0450	0.0950	0.1250	1.74162339e+09
0.0450	0.0950	0.1350	1.62942919e+09
0.0450	0.0950	0.1450	1.64358747e+09
0.0450	0.1050	0.1050	1.08514155e+09
0.0450	0.1050	0.1150	7.64738888e+08
0.0450	0.1050	0.1250	1.18628747e+09
0.0450	0.1050	0.1350	1.46114872e+09
0.0450	0.1050	0.1450	1.49038103e+09
0.0450	0.1150	0.1150	7.94355490e+08
0.0450	0.1150	0.1250	8.76367939e+08
0.0450	0.1150	0.1350	9.21649850e+08
0.0450	0.1150	0.1450	9.20868394e+08
0.0450	0.1250	0.1250	1.27969606e+09
0.0450	0.1250	0.1350	9.97038055e+08
0.0450	0.1250	0.1450	1.22569210e+09
0.0450	0.1350	0.1350	7.40294871e+08
0.0450	0.1350	0.1450	5.91001316e+08
0.0450	0.1450	0.1450	7.18617498e+08
0.0550	0.0550	0.0550	1.77120092e+09
0.0550	0.0550	0.0650	1.91029672e+09
0.0550	0.0550	0.0750	2.56606237e+09
0.0550	0.0550	0.0850	1.77088950e+09
0.0550	0.0550	0.0950	2.16288786e+09
0.0550	0.0550	0.1050	2.95886294e+09
0.0550	0.0550	0.1150	3.63595653e+09
0.0550	0.0650	0.0650	1.73174240e+09
0.0550	0.0650	0.0750	1.77762243e+09
0.0550	0.0650	0.0850	1.91634913e+09
0.0550	0.0650	0.0950	1.77124767e+09
0.0550	0.0650	0.1050	1.90327970e+09
0.0550	0.0650	0.1150	2.49790119e+09
0.0550	0.0650	0.1250	2.25328237e+09
0.0550	0.0750	0.0750	1.37664822e+09
0.0550	0.0750	0.0850	1.62589548e+09
0.0550	0.0750	0.0950	1.74238212e+09
0.0550	0.0750	0.1050	1.61115837e+09
0.0550	0.0750	0.1150	1.67882677e+09
0.0550	0.0750	0.1250	1.98855975e+09
0.0550	0.0750	0.1350	2.44837562e+09
0.0550	0.0850	0.0850	1.84376601e+09
0.0550	0.0850	0.0950	1.48632648e+09
0.0550	0.0850	0.1050	1.84610816e+09
0.0550	0.0850	0.1150	1.37065448e+09
0.0550	0.0850	0.1250	1.67118863e+09
0.0550	0.0850	0.1350	1.65820351e+09
0.0550	0.0850	0.1450	1.74411696e+09
0.0550	0.0950	0.0950	1.23136950e+09
0.0550	0.0950	0.1050	1.21375220e+09
0.0550	0.0950	0.1150	8.84620186e+08
0.0550	0.0950	0.1250	1.33812849e+09
0.0550	0.0950	0.1350	1.26661479e+09
0.0550	0.0950	0.1450	1.50692918e+09
0.0550	0.1050	0.1050	8.37990129e+08
0.0550	0.1050	0.1150	1.06430510e+09
0.0550	0.1050	0.1250	1.03111048e+09
0.0550	0.1050	0.1350	1.04641651e+09
0.0550	0.1050	0.1450	1.05286281e+09
0.0550	0.1150	0.1150	8.76892213e+08
0.0550	0.1150	0.1250	1.00928810e+09
0.0550	0.1150	0.1350	6.64801833e+08
0.0550	0.1150	0.1450	1.08666568e+09
0.0550	0.1250	0.1250	8.31739134e+08
0.0550	0.1250	0.1350	7.97564591e+08
0.0550	0.1250	0.1450	8.66209845e+08
0.0550	0.1350	0.1350	9.99021273e+08
0.0550	0.1350	0.1450	7.20684881e+08
0.0550	0.1450	0.1450	7.66327171e+08
0.0650	0.0650	0.0650	2.07735384e+09
0.0650	0.0650	0.0750	1.15344936e+09
0.0650	0.0650	0.0850	1.88098697e+09
0.0650	0.0650	0.0950	1.69727082e+09
0.0650	0.0650	0.1050	1.93422610e+09
0.0650	0.0650	0.1150	1.99343043e+09
0.0650	0.0650	0.1250	2.37926790e+09
0.0650	0.0650	0.1350	2.02785344e+09
0.0650	0.0750	0.0750	1.28278182e+09
0.0650	0.0750	0.0850	1.55776751e+09
0.0650	0.0750	0.0950	1.14590321e+09
0.0650	0.0750	0.1050	1.22443557e+09
0.0650	0.0750	0.1150	1.31401752e+09
0.0650	0.0750	0.1250	1.91936393e+09
0.0650	0.0750	0.1350	2.05527081e+09
0.0650	0.0750	0.1450	3.17129846e+09
0.0650	0.0850	0.0850	6.85377395e+08
0.0650	0.0850	0.0950	1.07319991e+09
0.0650	0.0850	0.1050	1.28979888e+09
0.0650	0.0850	0.1150	9.69304484e+08
0.0650	0.0850	0.1250	1.40086679e+09
0.0650	0.0850	0.1350	1.35105269e+09
0.0650	0.0850	0.1450	1.75635150e+09
0.0650	0.0950	0.0950	8.55601455e+08
0.0650	0.0950	0.1050	1.40781228e+09
0.0650	0.0950	0.1150	7.71612026e+08
0.0650	0.0950	0.1250	8.77696153e+08
0.0650	0.0950	0.1350	1.31919019e+09
0.0650	0.0950	0.1450	1.05486951e+09
0.0650	0.1050	0.1050	7.33994172e+08
0.0650	0.1050	0.1150	1.10769266e+09
0.0650	0.1050	0.1250	1.03125868e+09
0.0650	0.1050	0.1350	8.81073121e+08
0.0650	0.1050	0.1450	8.67186833e+08
0.0650	0.1150	0.1150	7.97915228e+08
0.0650	0.1150	0.1250	7.88136443e+08
0.0650	0.1150	0.1350	6.82337122e+08
0.0650	0.1150	0.1450	8.40094401e+08
0.0650	0.1250	0.1250	7.87194317e+08
0.0650	0.1250	0.1350	8.20270735e+08
0.0650	0.1250	0.1450	8.11459287e+08
0.0650	0.1350	0.1350	7.66157329e+08
0.0650	0.1350	0.1450	6.29607410e+08
0.0650	0.1450	0.1450	7.47718857e+08
0.0750	0.0750	0.0750	8.03888045e+08
0.0750	0.0750	0.0850	1.30957811e+09
0.0750	0.0750	0.0950	1.20102894e+09
0.0750	0.0750	0.1050	1.16698984e+09
0.0750	0.0750	0.1150	1.08528996e+09
0.0750	0.0750	0.1250	1.01541418e+09
0.0750	0.0750	0.1350	1.45149518e+09
0.0750	0.0750	0.1450	1.43386019e+09
0.0750	0.0850	0.0850	1.23343250e+09
0.0750	0.0850	0.0950	1.16648983e+09
0.0750	0.0850	0.1050	1.05909118e+09
0.0750	0.0850	0.1150	1.01849958e+09
0.0750	0.0850	0.1250	1.42692674e+09
0.0750	0.0850	0.1350	1.15446469e+09
0.0750	0.0850	0.1450	1.21101823e+09
0.0750	0.0950	0.0950	1.42704086e+09
0.0750	0.0950	0.1050	6.96153764e+08
0.0750	0.0950	0.1150	7.44465402e+08
0.0750	0.0950	0.1250	1.00795488e+09
0.0750	0.0950	0.1350	8.82893907e+08
0.0750	0.0950	0.1450	1.05631135e+09
0.0750	0.1050	0.1050	7.40203253e+08
0.0750	0.1050	0.1150	9.60768345e+08
0.0750	0.1050	0.1250	6.91335131e+08
0.0750	0.1050	0.1350	8.92082516e+08
0.0750	0.1050	0.1450	8.68853634e+08
0.0750	0.1150	0.1150	9.07538662e+08
0.0750	0.1150	0.1250	8.35769714e+08
0.0750	0.1150	0.1350	9.86574054e+08
0.0750	0.1150	0.1450	5.86209910e+08
0.0750	0.1250	0.1250	6.86975555e+08
0.0750	0.1250	0.1350	7.92993665e+08
0.0750	0.1250	0.1450	5.75440404e+08
0.0750	0.1350	0.1350	6.67393472e+08
0.0750	0.1350	0.1450	7.05634227e+08
0.0750	0.1450	0.1450	5.24312058e+08
0.0850	0.0850	0.0850	1.55173748e+09
0.0850	0.0850	0.0950	9.57929859e+08
0.0850	0.0850	0.1050	1.03898908e+09
0.0850	0.0850	0.1150	7.54059061e+08
0.0850	0.0850	0.1250	1.05755140e+09
0.0850	0.0850	0.1350	1.05935382e+09
0.0850	0.0850	0.1450	1.16115231e+09
0.0850	0.0950	0.0950	8.45968648e+08
0.0850	0.0950	0.1050	8.19960552e+08
0.0850	0.0950	0.1150	9.09569537e+08
0.0850	0.0950	0.1250	8.59217370e+08
0.0850	0.0950	0.1350	8.14580712e+08
0.0850	0.0950	0.1450	8.72851618e+08
0.0850	0.1050	0.1050	8.82807592e+08
0.0850	0.1050	0.1150	6.83361627e+08
0.0850	0.1050	0.1250	8.45044815e+08
0.0850	0.1050	0.1350	6.20871599e+08
0.0850	0.1050	0.1450	8.12950950e+08
0.0850	0.1150	0.1150	7.21415546e+08
0.0850	0.1150	0.1250	5.05014510e+08
0.0850	0.1150	0.1350	7.47791170e+08
0.0850	0.1150	0.1450	7.98554140e+08
0.0850	0.1250	0.1250	6.24872528e+08
0.0850	0.1250	0.1350	6.28386026e+08
0.0850	0.1250	0.1450	6.67679101e+08
0.0850	0.1350	0.1350	5.24243435e+08
0.0850	0.1350	0.1450	6.83970965e+08
0.0850	0.1450	0.1450	6.56635547e+08
0.0950	0.0950	0.0950	5.33399992e+08
0.0950	0.0950	0.1050	1.24008073e+09
0.0950	0.0950	0.1150	4.63708596e+08
0.0950	0.0950	0.1250	4.86814310e+08
0.0950	0.0950	0.1350	7.84525366e+08
0.0950	0.0950	0.1450	8.64963624e+08
0.0950	0.1050	0.1050	5.01027898e+08
0.0950	0.1050	0.1150	5.31317218e+08
0.0950	0.1050	0.1250	7.45284707e+08
0.0950	0.1050	0.1350	6.00534635e+08
0.0950	0.1050	0.1450	6.59404186e+08
0.0950	0.1150	0.1150	8.40977527e+08
0.0950	0.1150	0.1250	4.49879924e+08
0.0950	0.1150	0.1350	5.31965440e+08
0.0950	0.1150	0.1450	5.27888512e+08
0.0950	0.1250	0.1250	6.79998486e+08
0.0950	0.1250	0.1350	5.75384561e+08
0.0950	0.1250	0.1450	5.79081956e+08
0.0950	0.1350	0.1350	5.31258441e+08
0.0950	0.1350	0.1450	4.81039441e+08
0.0950	0.1450	0.1450	4.12942015e+08
0.1050	0.1050	0.1050	7.05678361e+08
0.1050	0.1050	0.1150	7.07479710e+08
0.1050	0.1050	0.1250	6.49923936e+08
0.1050	0.1050	0.1350	5.77162886e+08
0.1050	0.1050	0.1450	5.10466697e+08
0.1050	0.1150	0.1150	5.02552951e+08
0.1050	0.1150	0.1250	3.42751155e+08
0.1050	0.1150	0.1350	6.22313734e+08
0.1050	0.1150	0.1450	5.66716024e+08
0.1050	0.1250	0.1250	4.38349738e+08
0.1050	0.1250	0.1350	5.31897010e+08
0.1050	0.1250	0.1450	5.12728327e+08
0.1050	0.1350	0.1350	5.41519453e+08
0.1050	0.1350	0.1450	5.42331028e+08
0.1050	0.1450	0.1450	4.02942151e+08
0.1150	0.1150	0.1150	3.32225089e+08
0.1150	0.1150	0.1250	7.66760921e+08
0.1150	0.1150	0.1350	3.45698174e+08
0.1150	0.1150	0.1450	3.61162406e+08
0.1150	0.1250	0.1250	4.40909676e+08
0.1150	0.1250	0.1350	5.39184276e+08
0.1150	0.1250	0.1450	4.17372417e+08
0.1150	0.1350	0.1350	5.10306593e+08
0.1150	0.1350	0.1450	4.41887791e+08
0.1150	0.1450	0.1450	2.74568742e+08
0.1250	0.1250	0.1250	4.54251429e+08
0.1250	0.1250	0.1350	3.42333144e+08
0.1250	0.1250	0.1450	4.58153097e+08
0.1250	0.1350	0.1350	4.39187645e+08
0.1250	0.1350	0.1450	3.80535776e+08
0.1250	0.1450	0.1450	3.77637723e+08
0.1350	0.1350	0.1350	3.42525429e+08
0.1350	0.1350	0.1450	5.01157337e+08
0.1350	0.1450	0.1450	4.73320901e+08
0.1450	0.1450	0.1450	3.68954047e+08
