####### Bispectrum of Patchy Simulation 291 #############
# Patch: sgc
# z-type: z1
# Weights: fkp
# Fiducial Omega_m: 0.310
# Fiducial h: 0.676
# Boxsize: [1000.0, 1900.0, 1100.0]
# Grid: [95, 180, 105]
# k-binning: [0.000, 0.160, 0.010]
# Monte Carlo Simulations: 100
#
# Format: k1 | k2 | k3 | B(k1,k2,k3)
############################################
0.0150	0.0150	0.0150	2.49359508e+10
0.0150	0.0150	0.0250	4.29975118e+10
0.0150	0.0150	0.0350	-7.27258968e+10
0.0150	0.0250	0.0250	1.46974995e+10
0.0150	0.0250	0.0350	3.59636483e+09
0.0150	0.0250	0.0450	6.71172098e+08
0.0150	0.0350	0.0350	2.10372482e+10
0.0150	0.0350	0.0450	9.88004891e+09
0.0150	0.0350	0.0550	1.61470773e+10
0.0150	0.0450	0.0450	5.09400609e+09
0.0150	0.0450	0.0550	1.23131291e+10
0.0150	0.0450	0.0650	1.30149381e+10
0.0150	0.0550	0.0550	-1.78167135e+09
0.0150	0.0550	0.0650	9.42685025e+09
0.0150	0.0550	0.0750	4.93518131e+09
0.0150	0.0650	0.0650	5.72199634e+09
0.0150	0.0650	0.0750	2.18566745e+09
0.0150	0.0650	0.0850	5.31414332e+09
0.0150	0.0750	0.0750	3.59870400e+09
0.0150	0.0750	0.0850	6.42909566e+09
0.0150	0.0750	0.0950	1.71945643e+08
0.0150	0.0850	0.0850	4.99807618e+09
0.0150	0.0850	0.0950	4.21006292e+09
0.0150	0.0850	0.1050	9.39609532e+09
0.0150	0.0950	0.0950	1.32391549e+09
0.0150	0.0950	0.1050	2.87584958e+09
0.0150	0.0950	0.1150	1.84496352e+09
0.0150	0.1050	0.1050	3.05461543e+09
0.0150	0.1050	0.1150	2.93503829e+09
0.0150	0.1050	0.1250	2.31676990e+09
0.0150	0.1150	0.1150	2.40200594e+09
0.0150	0.1150	0.1250	3.74728343e+09
0.0150	0.1150	0.1350	1.49395662e+09
0.0150	0.1250	0.1250	2.28924548e+09
0.0150	0.1250	0.1350	1.25482049e+09
0.0150	0.1250	0.1450	3.17500601e+09
0.0150	0.1350	0.1350	9.84185872e+08
0.0150	0.1350	0.1450	1.89461385e+09
0.0150	0.1450	0.1450	1.46785837e+09
0.0250	0.0250	0.0250	1.39486031e+10
0.0250	0.0250	0.0350	-1.65928763e+09
0.0250	0.0250	0.0450	1.15074646e+10
0.0250	0.0250	0.0550	3.55720309e+10
0.0250	0.0350	0.0350	2.57430197e+10
0.0250	0.0350	0.0450	1.39376008e+10
0.0250	0.0350	0.0550	1.37435028e+10
0.0250	0.0350	0.0650	-6.60327946e+08
0.0250	0.0450	0.0450	-1.55083426e+09
0.0250	0.0450	0.0550	-1.76724631e+09
0.0250	0.0450	0.0650	5.34094085e+09
0.0250	0.0450	0.0750	5.01048562e+07
0.0250	0.0550	0.0550	5.15038592e+09
0.0250	0.0550	0.0650	3.79867170e+09
0.0250	0.0550	0.0750	7.04688566e+09
0.0250	0.0550	0.0850	1.65700482e+09
0.0250	0.0650	0.0650	3.82617870e+09
0.0250	0.0650	0.0750	4.84257085e+09
0.0250	0.0650	0.0850	4.77351384e+09
0.0250	0.0650	0.0950	8.52760039e+09
0.0250	0.0750	0.0750	4.53338451e+09
0.0250	0.0750	0.0850	3.88556990e+09
0.0250	0.0750	0.0950	2.83877235e+09
0.0250	0.0750	0.1050	4.04063692e+09
0.0250	0.0850	0.0850	1.20116916e+09
0.0250	0.0850	0.0950	1.34871930e+09
0.0250	0.0850	0.1050	4.39000304e+09
0.0250	0.0850	0.1150	5.14588824e+09
0.0250	0.0950	0.0950	9.09874922e+08
0.0250	0.0950	0.1050	2.64382573e+09
0.0250	0.0950	0.1150	3.10188164e+09
0.0250	0.0950	0.1250	3.13373584e+07
0.0250	0.1050	0.1050	6.95857977e+08
0.0250	0.1050	0.1150	2.47005681e+09
0.0250	0.1050	0.1250	3.91200768e+09
0.0250	0.1050	0.1350	3.96764833e+09
0.0250	0.1150	0.1150	1.74117168e+09
0.0250	0.1150	0.1250	1.38039573e+09
0.0250	0.1150	0.1350	2.33580422e+09
0.0250	0.1150	0.1450	1.11242794e+09
0.0250	0.1250	0.1250	1.83458802e+09
0.0250	0.1250	0.1350	2.00725513e+09
0.0250	0.1250	0.1450	2.83134080e+09
0.0250	0.1350	0.1350	2.84064059e+09
0.0250	0.1350	0.1450	1.58852136e+09
0.0250	0.1450	0.1450	1.78984450e+09
0.0350	0.0350	0.0350	-5.47500085e+09
0.0350	0.0350	0.0450	1.63600597e+09
0.0350	0.0350	0.0550	6.63330011e+09
0.0350	0.0350	0.0650	2.77086969e+09
0.0350	0.0350	0.0750	3.09559576e+10
0.0350	0.0450	0.0450	-4.60771552e+08
0.0350	0.0450	0.0550	1.93161305e+09
0.0350	0.0450	0.0650	3.43292847e+09
0.0350	0.0450	0.0750	4.02742923e+09
0.0350	0.0450	0.0850	4.13285001e+09
0.0350	0.0550	0.0550	1.05656439e+09
0.0350	0.0550	0.0650	5.94909479e+09
0.0350	0.0550	0.0750	2.24774050e+09
0.0350	0.0550	0.0850	4.41956616e+09
0.0350	0.0550	0.0950	6.82214468e+09
0.0350	0.0650	0.0650	4.66403109e+09
0.0350	0.0650	0.0750	-7.45380081e+07
0.0350	0.0650	0.0850	2.46695070e+09
0.0350	0.0650	0.0950	4.63227495e+09
0.0350	0.0650	0.1050	1.95620894e+09
0.0350	0.0750	0.0750	3.16986632e+09
0.0350	0.0750	0.0850	1.73586997e+09
0.0350	0.0750	0.0950	4.70946757e+09
0.0350	0.0750	0.1050	3.36126597e+09
0.0350	0.0750	0.1150	4.82062866e+09
0.0350	0.0850	0.0850	2.64316342e+09
0.0350	0.0850	0.0950	1.94547347e+09
0.0350	0.0850	0.1050	1.93184771e+09
0.0350	0.0850	0.1150	2.29372315e+09
0.0350	0.0850	0.1250	5.51105881e+09
0.0350	0.0950	0.0950	2.25507922e+09
0.0350	0.0950	0.1050	1.53326388e+09
0.0350	0.0950	0.1150	2.49603002e+09
0.0350	0.0950	0.1250	3.00162222e+09
0.0350	0.0950	0.1350	6.79213110e+08
0.0350	0.1050	0.1050	2.90996013e+09
0.0350	0.1050	0.1150	1.53807069e+09
0.0350	0.1050	0.1250	1.76138011e+09
0.0350	0.1050	0.1350	2.31493364e+09
0.0350	0.1050	0.1450	3.12393203e+09
0.0350	0.1150	0.1150	1.00201246e+09
0.0350	0.1150	0.1250	9.49978495e+08
0.0350	0.1150	0.1350	2.23018561e+09
0.0350	0.1150	0.1450	1.73717619e+09
0.0350	0.1250	0.1250	2.89071839e+08
0.0350	0.1250	0.1350	1.25443631e+09
0.0350	0.1250	0.1450	1.40125809e+09
0.0350	0.1350	0.1350	1.23004660e+09
0.0350	0.1350	0.1450	1.34961084e+09
0.0350	0.1450	0.1450	1.59255362e+09
0.0450	0.0450	0.0450	2.15216682e+09
0.0450	0.0450	0.0550	9.89603878e+09
0.0450	0.0450	0.0650	6.58223598e+09
0.0450	0.0450	0.0750	3.76745614e+09
0.0450	0.0450	0.0850	2.67888873e+09
0.0450	0.0450	0.0950	1.82784667e+09
0.0450	0.0550	0.0550	4.40205916e+09
0.0450	0.0550	0.0650	2.69220949e+09
0.0450	0.0550	0.0750	1.46086132e+07
0.0450	0.0550	0.0850	3.86087661e+09
0.0450	0.0550	0.0950	2.15393760e+09
0.0450	0.0550	0.1050	2.07960046e+09
0.0450	0.0650	0.0650	2.94212907e+09
0.0450	0.0650	0.0750	2.08791497e+09
0.0450	0.0650	0.0850	1.22314866e+09
0.0450	0.0650	0.0950	2.66942005e+09
0.0450	0.0650	0.1050	3.33999089e+09
0.0450	0.0650	0.1150	1.06077272e+09
0.0450	0.0750	0.0750	1.40484540e+09
0.0450	0.0750	0.0850	1.55840693e+09
0.0450	0.0750	0.0950	2.72885458e+09
0.0450	0.0750	0.1050	2.18422672e+09
0.0450	0.0750	0.1150	1.72769431e+09
0.0450	0.0750	0.1250	3.08200840e+09
0.0450	0.0850	0.0850	2.13668284e+09
0.0450	0.0850	0.0950	6.31936651e+08
0.0450	0.0850	0.1050	2.27577333e+09
0.0450	0.0850	0.1150	1.80637531e+09
0.0450	0.0850	0.1250	2.27890488e+09
0.0450	0.0850	0.1350	4.01743076e+09
0.0450	0.0950	0.0950	1.46918571e+09
0.0450	0.0950	0.1050	1.04472817e+09
0.0450	0.0950	0.1150	8.64038542e+08
0.0450	0.0950	0.1250	1.16268691e+09
0.0450	0.0950	0.1350	2.05512393e+09
0.0450	0.0950	0.1450	2.21574614e+09
0.0450	0.1050	0.1050	1.16408264e+09
0.0450	0.1050	0.1150	1.07058305e+09
0.0450	0.1050	0.1250	1.09130293e+09
0.0450	0.1050	0.1350	1.41710520e+09
0.0450	0.1050	0.1450	1.59237618e+09
0.0450	0.1150	0.1150	1.58209351e+09
0.0450	0.1150	0.1250	1.69268834e+09
0.0450	0.1150	0.1350	1.53968021e+09
0.0450	0.1150	0.1450	1.31327069e+09
0.0450	0.1250	0.1250	1.49367278e+09
0.0450	0.1250	0.1350	1.14320468e+09
0.0450	0.1250	0.1450	1.01459283e+09
0.0450	0.1350	0.1350	4.01470605e+08
0.0450	0.1350	0.1450	1.16162007e+09
0.0450	0.1450	0.1450	8.38154378e+08
0.0550	0.0550	0.0550	3.18948647e+09
0.0550	0.0550	0.0650	9.29493581e+08
0.0550	0.0550	0.0750	4.34657705e+09
0.0550	0.0550	0.0850	7.01213982e+08
0.0550	0.0550	0.0950	2.52300840e+09
0.0550	0.0550	0.1050	4.59455974e+09
0.0550	0.0550	0.1150	2.93778827e+09
0.0550	0.0650	0.0650	4.13386393e+09
0.0550	0.0650	0.0750	1.74640495e+09
0.0550	0.0650	0.0850	6.74218733e+08
0.0550	0.0650	0.0950	2.18957904e+09
0.0550	0.0650	0.1050	1.23987849e+09
0.0550	0.0650	0.1150	2.03917296e+09
0.0550	0.0650	0.1250	3.57242796e+09
0.0550	0.0750	0.0750	3.23318549e+09
0.0550	0.0750	0.0850	1.39591667e+09
0.0550	0.0750	0.0950	7.59788778e+08
0.0550	0.0750	0.1050	2.18233459e+09
0.0550	0.0750	0.1150	2.31284206e+09
0.0550	0.0750	0.1250	2.48653250e+09
0.0550	0.0750	0.1350	2.80640933e+09
0.0550	0.0850	0.0850	1.89009794e+09
0.0550	0.0850	0.0950	9.88126887e+08
0.0550	0.0850	0.1050	1.76555758e+09
0.0550	0.0850	0.1150	1.25890883e+09
0.0550	0.0850	0.1250	1.74832221e+09
0.0550	0.0850	0.1350	1.74277897e+09
0.0550	0.0850	0.1450	2.23073347e+09
0.0550	0.0950	0.0950	8.51299237e+08
0.0550	0.0950	0.1050	1.66486456e+09
0.0550	0.0950	0.1150	1.24838958e+09
0.0550	0.0950	0.1250	1.17362232e+09
0.0550	0.0950	0.1350	1.92110904e+09
0.0550	0.0950	0.1450	1.99826970e+09
0.0550	0.1050	0.1050	7.24513027e+08
0.0550	0.1050	0.1150	1.32149126e+09
0.0550	0.1050	0.1250	9.61933391e+08
0.0550	0.1050	0.1350	1.52235543e+09
0.0550	0.1050	0.1450	1.28644284e+09
0.0550	0.1150	0.1150	1.92869103e+08
0.0550	0.1150	0.1250	1.03655078e+09
0.0550	0.1150	0.1350	6.48668231e+08
0.0550	0.1150	0.1450	1.13830537e+09
0.0550	0.1250	0.1250	9.35453842e+08
0.0550	0.1250	0.1350	3.15566445e+08
0.0550	0.1250	0.1450	1.15463704e+09
0.0550	0.1350	0.1350	1.25851030e+09
0.0550	0.1350	0.1450	7.87208082e+08
0.0550	0.1450	0.1450	8.85887131e+08
0.0650	0.0650	0.0650	-2.75272772e+09
0.0650	0.0650	0.0750	1.12324877e+09
0.0650	0.0650	0.0850	1.52771780e+09
0.0650	0.0650	0.0950	1.34728477e+09
0.0650	0.0650	0.1050	1.41573922e+09
0.0650	0.0650	0.1150	3.16608392e+09
0.0650	0.0650	0.1250	1.35029341e+09
0.0650	0.0650	0.1350	1.10083300e+09
0.0650	0.0750	0.0750	1.26534201e+09
0.0650	0.0750	0.0850	8.86939390e+08
0.0650	0.0750	0.0950	1.39210022e+09
0.0650	0.0750	0.1050	1.53402337e+09
0.0650	0.0750	0.1150	1.09012392e+09
0.0650	0.0750	0.1250	2.09059594e+09
0.0650	0.0750	0.1350	2.55951394e+09
0.0650	0.0750	0.1450	3.38560415e+09
0.0650	0.0850	0.0850	3.39956866e+08
0.0650	0.0850	0.0950	1.42260004e+09
0.0650	0.0850	0.1050	1.10325919e+09
0.0650	0.0850	0.1150	1.15744856e+09
0.0650	0.0850	0.1250	1.09140169e+09
0.0650	0.0850	0.1350	1.50933757e+09
0.0650	0.0850	0.1450	1.56219163e+09
0.0650	0.0950	0.0950	2.61880787e+08
0.0650	0.0950	0.1050	9.15111752e+08
0.0650	0.0950	0.1150	1.26192709e+09
0.0650	0.0950	0.1250	1.20755266e+09
0.0650	0.0950	0.1350	1.55448381e+09
0.0650	0.0950	0.1450	1.18884886e+09
0.0650	0.1050	0.1050	6.02201263e+08
0.0650	0.1050	0.1150	9.03711145e+08
0.0650	0.1050	0.1250	6.99492590e+08
0.0650	0.1050	0.1350	6.44620164e+08
0.0650	0.1050	0.1450	8.22421212e+08
0.0650	0.1150	0.1150	7.01493900e+08
0.0650	0.1150	0.1250	3.56465626e+08
0.0650	0.1150	0.1350	8.05518171e+08
0.0650	0.1150	0.1450	9.57934841e+08
0.0650	0.1250	0.1250	1.15508853e+09
0.0650	0.1250	0.1350	1.02665005e+09
0.0650	0.1250	0.1450	9.80595869e+08
0.0650	0.1350	0.1350	9.34147570e+08
0.0650	0.1350	0.1450	6.49648553e+08
0.0650	0.1450	0.1450	6.63561873e+08
0.0750	0.0750	0.0750	1.88448055e+09
0.0750	0.0750	0.0850	1.85788811e+09
0.0750	0.0750	0.0950	1.08789073e+09
0.0750	0.0750	0.1050	1.45177452e+09
0.0750	0.0750	0.1150	1.37657953e+09
0.0750	0.0750	0.1250	1.62267124e+09
0.0750	0.0750	0.1350	1.42758224e+09
0.0750	0.0750	0.1450	1.45305114e+09
0.0750	0.0850	0.0850	8.27238452e+08
0.0750	0.0850	0.0950	8.72261926e+08
0.0750	0.0850	0.1050	1.40292796e+09
0.0750	0.0850	0.1150	8.41363397e+08
0.0750	0.0850	0.1250	1.09388813e+09
0.0750	0.0850	0.1350	1.31330881e+09
0.0750	0.0850	0.1450	1.32151521e+09
0.0750	0.0950	0.0950	1.12423134e+09
0.0750	0.0950	0.1050	5.20492894e+08
0.0750	0.0950	0.1150	9.34138684e+08
0.0750	0.0950	0.1250	8.07339443e+08
0.0750	0.0950	0.1350	9.05263933e+08
0.0750	0.0950	0.1450	9.67941352e+08
0.0750	0.1050	0.1050	1.03082459e+09
0.0750	0.1050	0.1150	6.43793487e+08
0.0750	0.1050	0.1250	3.74489085e+08
0.0750	0.1050	0.1350	9.22189029e+08
0.0750	0.1050	0.1450	1.00408246e+09
0.0750	0.1150	0.1150	7.86896635e+08
0.0750	0.1150	0.1250	7.17774423e+08
0.0750	0.1150	0.1350	9.81239058e+08
0.0750	0.1150	0.1450	3.69650704e+08
0.0750	0.1250	0.1250	5.92362616e+08
0.0750	0.1250	0.1350	6.70727040e+08
0.0750	0.1250	0.1450	6.75988698e+08
0.0750	0.1350	0.1350	7.36279219e+08
0.0750	0.1350	0.1450	5.08531550e+08
0.0750	0.1450	0.1450	4.30835639e+08
0.0850	0.0850	0.0850	1.59184189e+09
0.0850	0.0850	0.0950	1.04171182e+09
0.0850	0.0850	0.1050	1.49496814e+09
0.0850	0.0850	0.1150	4.90815618e+08
0.0850	0.0850	0.1250	7.85948957e+08
0.0850	0.0850	0.1350	9.03803204e+08
0.0850	0.0850	0.1450	7.54781108e+08
0.0850	0.0950	0.0950	1.18403163e+09
0.0850	0.0950	0.1050	9.41261697e+08
0.0850	0.0950	0.1150	6.08328235e+08
0.0850	0.0950	0.1250	9.80248782e+08
0.0850	0.0950	0.1350	6.43633158e+08
0.0850	0.0950	0.1450	6.37265488e+08
0.0850	0.1050	0.1050	7.32746099e+08
0.0850	0.1050	0.1150	5.47257862e+08
0.0850	0.1050	0.1250	5.47586797e+08
0.0850	0.1050	0.1350	7.03521877e+08
0.0850	0.1050	0.1450	6.01033605e+08
0.0850	0.1150	0.1150	6.39299525e+08
0.0850	0.1150	0.1250	6.54744461e+08
0.0850	0.1150	0.1350	6.02357546e+08
0.0850	0.1150	0.1450	7.61811971e+08
0.0850	0.1250	0.1250	3.85153488e+08
0.0850	0.1250	0.1350	6.14887999e+08
0.0850	0.1250	0.1450	5.28371118e+08
0.0850	0.1350	0.1350	1.32177487e+09
0.0850	0.1350	0.1450	4.91438263e+08
0.0850	0.1450	0.1450	2.53215732e+08
0.0950	0.0950	0.0950	3.66905829e+07
0.0950	0.0950	0.1050	6.91973628e+08
0.0950	0.0950	0.1150	7.29618345e+08
0.0950	0.0950	0.1250	9.78868031e+08
0.0950	0.0950	0.1350	5.45018340e+08
0.0950	0.0950	0.1450	6.59745306e+08
0.0950	0.1050	0.1050	6.23533589e+08
0.0950	0.1050	0.1150	8.25129374e+08
0.0950	0.1050	0.1250	7.23869056e+08
0.0950	0.1050	0.1350	7.48996395e+08
0.0950	0.1050	0.1450	5.11933485e+08
0.0950	0.1150	0.1150	7.27156172e+08
0.0950	0.1150	0.1250	5.61240911e+08
0.0950	0.1150	0.1350	4.77242707e+08
0.0950	0.1150	0.1450	4.89329548e+08
0.0950	0.1250	0.1250	4.46138908e+08
0.0950	0.1250	0.1350	5.24149164e+08
0.0950	0.1250	0.1450	7.86709924e+08
0.0950	0.1350	0.1350	5.17491837e+08
0.0950	0.1350	0.1450	3.11541603e+08
0.0950	0.1450	0.1450	5.69751237e+08
0.1050	0.1050	0.1050	6.82921428e+08
0.1050	0.1050	0.1150	7.07171547e+08
0.1050	0.1050	0.1250	3.98390046e+08
0.1050	0.1050	0.1350	4.92525187e+08
0.1050	0.1050	0.1450	5.39908889e+08
0.1050	0.1150	0.1150	6.34274294e+08
0.1050	0.1150	0.1250	3.52714122e+08
0.1050	0.1150	0.1350	7.41831379e+08
0.1050	0.1150	0.1450	3.69030481e+08
0.1050	0.1250	0.1250	5.08863606e+08
0.1050	0.1250	0.1350	3.33532660e+08
0.1050	0.1250	0.1450	3.18213687e+08
0.1050	0.1350	0.1350	4.96365538e+08
0.1050	0.1350	0.1450	3.97734358e+08
0.1050	0.1450	0.1450	1.70457603e+08
0.1150	0.1150	0.1150	3.03748914e+08
0.1150	0.1150	0.1250	4.06610424e+08
0.1150	0.1150	0.1350	4.32587154e+08
0.1150	0.1150	0.1450	4.17252074e+08
0.1150	0.1250	0.1250	6.40654367e+08
0.1150	0.1250	0.1350	4.90876267e+08
0.1150	0.1250	0.1450	4.53546887e+08
0.1150	0.1350	0.1350	6.41617138e+08
0.1150	0.1350	0.1450	4.50705958e+08
0.1150	0.1450	0.1450	3.06299530e+08
0.1250	0.1250	0.1250	3.96584778e+08
0.1250	0.1250	0.1350	5.19174465e+08
0.1250	0.1250	0.1450	4.22105090e+08
0.1250	0.1350	0.1350	5.36855928e+08
0.1250	0.1350	0.1450	4.71027865e+08
0.1250	0.1450	0.1450	3.59989265e+08
0.1350	0.1350	0.1350	8.93278386e+08
0.1350	0.1350	0.1450	3.57517577e+08
0.1350	0.1450	0.1450	2.60779752e+08
0.1450	0.1450	0.1450	5.33314844e+08
