####### Bispectrum of patchy_n3_ Simulation 1713 #############
# Weights: FKP
# Fiducial Omega_m: 0.310
# Fiducial h: 0.676
# Boxsize: [1800.0, 3400.0, 1900.0]
# Grid: [170, 325, 180]
# k-binning: [0.000, 0.110, 0.010]
# l-max: 4
# Monte Carlo Simulations: 100
#
# Format: k1 | k2 | k3 | B(k1,k2,k3) | B2(k1,k2,k3) | B4(k1,k2,k3)
############################################
0.0150	0.0150	0.0150	5.97511727e+09	4.34913736e+09	-2.78781483e+10
0.0150	0.0150	0.0250	6.95578437e+09	-7.44184436e+10	-7.94718102e+10
0.0150	0.0250	0.0250	1.82164944e+09	9.42142164e+09	5.07555102e+09
0.0150	0.0250	0.0350	8.34263723e+09	9.93430235e+09	-1.16442540e+10
0.0150	0.0350	0.0350	3.94359250e+09	1.18807826e+10	-2.15177830e+10
0.0150	0.0350	0.0450	7.30901698e+09	7.24878929e+09	2.04765179e+10
0.0150	0.0450	0.0450	5.72126612e+08	8.90551001e+09	-1.53067724e+10
0.0150	0.0450	0.0550	4.15516178e+09	-5.80042991e+09	4.42216028e+08
0.0150	0.0550	0.0550	4.18581552e+09	8.74608739e+09	-3.08211298e+09
0.0150	0.0550	0.0650	3.62227403e+09	-1.41064136e+09	-1.86463390e+09
0.0150	0.0650	0.0650	3.38341514e+09	1.95008070e+09	1.28844031e+09
0.0150	0.0650	0.0750	4.10249844e+09	1.90053515e+09	6.04375077e+08
0.0150	0.0750	0.0750	1.67000856e+09	-2.15608103e+09	3.26849061e+07
0.0250	0.0250	0.0250	-2.79007936e+09	2.64603601e+09	2.52248151e+09
0.0250	0.0250	0.0350	9.39100903e+09	7.04653900e+09	-2.43846187e+09
0.0250	0.0250	0.0450	3.90930968e+09	1.27075511e+10	-4.50125171e+09
0.0250	0.0350	0.0350	5.17004928e+09	1.33070320e+09	4.56449499e+09
0.0250	0.0350	0.0450	5.46524786e+09	7.27837359e+09	1.72454543e+08
0.0250	0.0350	0.0550	6.20724661e+09	5.28477799e+09	4.53135446e+09
0.0250	0.0450	0.0450	3.14578491e+09	-7.03496932e+09	-4.13070571e+09
0.0250	0.0450	0.0550	5.02879934e+09	9.12120269e+09	5.40668836e+08
0.0250	0.0450	0.0650	3.91219039e+09	-4.26163155e+09	-6.16370215e+09
0.0250	0.0550	0.0550	1.44207543e+09	7.08856368e+07	3.32656343e+09
0.0250	0.0550	0.0650	5.51704392e+09	-2.18959473e+08	2.86206609e+09
0.0250	0.0550	0.0750	5.45756109e+09	1.18793787e+09	-3.42224975e+09
0.0250	0.0650	0.0650	6.49153953e+09	5.17911518e+09	-7.12641101e+09
0.0250	0.0650	0.0750	3.48149985e+09	-5.21684868e+08	2.08730158e+09
0.0250	0.0750	0.0750	3.35085963e+09	1.23704027e+09	-3.46869267e+09
0.0350	0.0350	0.0350	-5.74194119e+08	-1.17037980e+09	-4.33006485e+08
0.0350	0.0350	0.0450	4.76413862e+09	1.24816529e+09	-7.22639167e+09
0.0350	0.0350	0.0550	2.31731568e+09	-8.13859587e+09	-1.27541282e+10
0.0350	0.0350	0.0650	5.94919835e+09	-1.67363404e+09	-5.76943056e+09
0.0350	0.0450	0.0450	2.31074265e+09	-7.57348595e+09	-4.91891888e+08
0.0350	0.0450	0.0550	5.38057688e+09	3.80538457e+09	9.27313156e+09
0.0350	0.0450	0.0650	3.36678557e+09	3.87968264e+09	-2.98017045e+09
0.0350	0.0450	0.0750	5.90251742e+09	3.94149341e+09	-4.81607225e+09
0.0350	0.0550	0.0550	2.60493806e+09	-7.71647765e+08	1.88101811e+09
0.0350	0.0550	0.0650	2.99809627e+09	9.75323667e+08	1.53702847e+09
0.0350	0.0550	0.0750	3.08647591e+09	3.06459621e+09	-1.91994239e+09
0.0350	0.0650	0.0650	4.06642260e+09	-4.66979200e+08	-1.32566143e+09
0.0350	0.0650	0.0750	1.93165435e+09	1.97322793e+09	-1.72284446e+09
0.0350	0.0750	0.0750	3.46190639e+09	3.61399882e+09	-7.01207431e+07
0.0450	0.0450	0.0450	1.87753226e+09	5.35772251e+09	1.87918247e+09
0.0450	0.0450	0.0550	2.48372131e+09	5.00835355e+08	-5.78324544e+09
0.0450	0.0450	0.0650	2.99253714e+09	-1.57839232e+09	-1.24543439e+09
0.0450	0.0450	0.0750	2.82653012e+09	-3.69875376e+08	1.02142975e+08
0.0450	0.0550	0.0550	9.72723474e+08	5.55272349e+07	1.35999634e+09
0.0450	0.0550	0.0650	2.08432328e+09	6.37669127e+08	-1.27120099e+09
0.0450	0.0550	0.0750	9.80443637e+08	6.23913202e+08	6.04555082e+08
0.0450	0.0650	0.0650	4.17341382e+09	9.31127591e+08	-1.55787602e+09
0.0450	0.0650	0.0750	2.24685914e+09	-6.36044940e+08	-2.15858860e+08
0.0450	0.0750	0.0750	1.26140985e+09	8.81574455e+08	-1.06644384e+08
0.0550	0.0550	0.0550	2.16468999e+09	-1.09116827e+09	-1.37606540e+09
0.0550	0.0550	0.0650	2.03164683e+09	1.20205906e+09	-1.89782497e+09
0.0550	0.0550	0.0750	1.70604365e+09	-1.63250628e+09	-7.96702318e+08
0.0550	0.0650	0.0650	1.51735022e+09	-1.05209847e+09	1.08524252e+09
0.0550	0.0650	0.0750	2.23563759e+09	5.73021864e+06	-1.79886381e+08
0.0550	0.0750	0.0750	4.59680864e+08	1.58838153e+08	1.33373658e+09
0.0650	0.0650	0.0650	1.90183511e+09	-6.04988814e+08	-4.12822938e+08
0.0650	0.0650	0.0750	1.45262387e+09	2.22323542e+09	-1.03029080e+09
0.0650	0.0750	0.0750	1.89276427e+09	6.02132115e+08	7.91888927e+07
0.0750	0.0750	0.0750	1.43731923e+09	-5.88047873e+08	3.59897134e+08
