####### Bispectrum of Patchy Simulation 426 #############
# Patch: sgc
# z-type: z3
# Weights: fkp
# Fiducial Omega_m: 0.310
# Fiducial h: 0.676
# Boxsize: [1000.0, 2600.0, 1500.0]
# Grid: [95, 250, 140]
# k-binning: [0.000, 0.160, 0.010]
# Monte Carlo Simulations: 100
#
# Format: k1 | k2 | k3 | B(k1,k2,k3)
############################################
0.0150	0.0150	0.0150	5.31009790e+10
0.0150	0.0150	0.0250	6.57498708e+09
0.0150	0.0150	0.0350	7.22980989e+10
0.0150	0.0250	0.0250	3.35889293e+10
0.0150	0.0250	0.0350	1.00124641e+10
0.0150	0.0250	0.0450	1.93895720e+10
0.0150	0.0350	0.0350	8.04354970e+09
0.0150	0.0350	0.0450	1.01807437e+10
0.0150	0.0350	0.0550	1.63637081e+10
0.0150	0.0450	0.0450	1.27311345e+10
0.0150	0.0450	0.0550	8.11863552e+09
0.0150	0.0450	0.0650	1.35495957e+10
0.0150	0.0550	0.0550	7.86230111e+09
0.0150	0.0550	0.0650	1.04164702e+09
0.0150	0.0550	0.0750	1.67324907e+10
0.0150	0.0650	0.0650	3.40062291e+09
0.0150	0.0650	0.0750	6.91910214e+09
0.0150	0.0650	0.0850	1.02832630e+10
0.0150	0.0750	0.0750	4.85174214e+09
0.0150	0.0750	0.0850	4.86540242e+09
0.0150	0.0750	0.0950	1.00980665e+10
0.0150	0.0850	0.0850	1.18570771e+09
0.0150	0.0850	0.0950	4.47793095e+09
0.0150	0.0850	0.1050	9.70255450e+09
0.0150	0.0950	0.0950	2.58398970e+09
0.0150	0.0950	0.1050	3.85434609e+09
0.0150	0.0950	0.1150	3.89196553e+09
0.0150	0.1050	0.1050	7.16431385e+08
0.0150	0.1050	0.1150	5.28193889e+09
0.0150	0.1050	0.1250	1.60887802e+09
0.0150	0.1150	0.1150	2.13027750e+09
0.0150	0.1150	0.1250	3.43613515e+09
0.0150	0.1150	0.1350	3.42674301e+09
0.0150	0.1250	0.1250	1.25989898e+09
0.0150	0.1250	0.1350	3.05897736e+09
0.0150	0.1250	0.1450	2.68832666e+09
0.0150	0.1350	0.1350	2.50854506e+09
0.0150	0.1350	0.1450	3.16401741e+09
0.0150	0.1450	0.1450	1.46383723e+09
0.0250	0.0250	0.0250	-4.89672764e+10
0.0250	0.0250	0.0350	8.22001896e+09
0.0250	0.0250	0.0450	4.78777237e+09
0.0250	0.0250	0.0550	2.40766544e+09
0.0250	0.0350	0.0350	8.61395274e+09
0.0250	0.0350	0.0450	3.67205522e+09
0.0250	0.0350	0.0550	1.13892915e+10
0.0250	0.0350	0.0650	1.42624691e+10
0.0250	0.0450	0.0450	5.79642594e+09
0.0250	0.0450	0.0550	6.09449907e+09
0.0250	0.0450	0.0650	4.07892476e+09
0.0250	0.0450	0.0750	1.38877135e+10
0.0250	0.0550	0.0550	7.01207050e+09
0.0250	0.0550	0.0650	6.52886182e+09
0.0250	0.0550	0.0750	3.08755371e+09
0.0250	0.0550	0.0850	5.86592956e+09
0.0250	0.0650	0.0650	2.54339786e+09
0.0250	0.0650	0.0750	1.99018130e+09
0.0250	0.0650	0.0850	3.57032199e+09
0.0250	0.0650	0.0950	3.19458822e+09
0.0250	0.0750	0.0750	9.98706449e+08
0.0250	0.0750	0.0850	1.29058242e+09
0.0250	0.0750	0.0950	3.40993727e+09
0.0250	0.0750	0.1050	2.88414066e+09
0.0250	0.0850	0.0850	4.04598367e+09
0.0250	0.0850	0.0950	2.18812701e+09
0.0250	0.0850	0.1050	2.88602406e+09
0.0250	0.0850	0.1150	7.10096875e+09
0.0250	0.0950	0.0950	3.30086752e+09
0.0250	0.0950	0.1050	8.28204035e+08
0.0250	0.0950	0.1150	1.99261943e+09
0.0250	0.0950	0.1250	4.62932175e+09
0.0250	0.1050	0.1050	2.08048852e+08
0.0250	0.1050	0.1150	2.69215258e+09
0.0250	0.1050	0.1250	2.01214534e+09
0.0250	0.1050	0.1350	1.18036410e+09
0.0250	0.1150	0.1150	3.39342160e+08
0.0250	0.1150	0.1250	1.86042410e+09
0.0250	0.1150	0.1350	1.48272654e+09
0.0250	0.1150	0.1450	1.66618106e+09
0.0250	0.1250	0.1250	7.92478289e+08
0.0250	0.1250	0.1350	1.61612402e+09
0.0250	0.1250	0.1450	2.52606499e+09
0.0250	0.1350	0.1350	1.09175465e+09
0.0250	0.1350	0.1450	1.49112119e+09
0.0250	0.1450	0.1450	5.69994424e+08
0.0350	0.0350	0.0350	4.84216701e+09
0.0350	0.0350	0.0450	7.27958472e+09
0.0350	0.0350	0.0550	6.78641906e+09
0.0350	0.0350	0.0650	8.13695533e+09
0.0350	0.0350	0.0750	4.81632921e+09
0.0350	0.0450	0.0450	3.19645581e+09
0.0350	0.0450	0.0550	5.18314692e+08
0.0350	0.0450	0.0650	4.44977816e+09
0.0350	0.0450	0.0750	2.22683303e+09
0.0350	0.0450	0.0850	2.72229639e+09
0.0350	0.0550	0.0550	7.19225586e+09
0.0350	0.0550	0.0650	1.68126048e+09
0.0350	0.0550	0.0750	3.36243525e+09
0.0350	0.0550	0.0850	4.73578229e+09
0.0350	0.0550	0.0950	2.76327249e+09
0.0350	0.0650	0.0650	3.16970540e+09
0.0350	0.0650	0.0750	3.57323089e+09
0.0350	0.0650	0.0850	2.63151968e+09
0.0350	0.0650	0.0950	4.83687189e+09
0.0350	0.0650	0.1050	5.86944352e+09
0.0350	0.0750	0.0750	1.48472759e+09
0.0350	0.0750	0.0850	3.69143103e+09
0.0350	0.0750	0.0950	1.96073627e+09
0.0350	0.0750	0.1050	1.98117125e+09
0.0350	0.0750	0.1150	3.94898859e+09
0.0350	0.0850	0.0850	3.70663289e+09
0.0350	0.0850	0.0950	2.23988555e+09
0.0350	0.0850	0.1050	3.27497777e+09
0.0350	0.0850	0.1150	3.18842603e+09
0.0350	0.0850	0.1250	2.73675799e+09
0.0350	0.0950	0.0950	1.30070629e+09
0.0350	0.0950	0.1050	1.51042842e+09
0.0350	0.0950	0.1150	1.91681095e+09
0.0350	0.0950	0.1250	2.32928004e+09
0.0350	0.0950	0.1350	1.59267338e+09
0.0350	0.1050	0.1050	2.08030447e+09
0.0350	0.1050	0.1150	1.74234034e+09
0.0350	0.1050	0.1250	1.76254766e+09
0.0350	0.1050	0.1350	2.27530452e+09
0.0350	0.1050	0.1450	3.96342618e+09
0.0350	0.1150	0.1150	2.26177587e+09
0.0350	0.1150	0.1250	1.42808639e+09
0.0350	0.1150	0.1350	1.45075852e+09
0.0350	0.1150	0.1450	1.47371224e+09
0.0350	0.1250	0.1250	1.63584316e+09
0.0350	0.1250	0.1350	1.39483307e+09
0.0350	0.1250	0.1450	1.63628635e+09
0.0350	0.1350	0.1350	1.16444117e+09
0.0350	0.1350	0.1450	8.32295761e+08
0.0350	0.1450	0.1450	8.60716671e+08
0.0450	0.0450	0.0450	4.70313999e+09
0.0450	0.0450	0.0550	8.98094651e+09
0.0450	0.0450	0.0650	1.13032220e+09
0.0450	0.0450	0.0750	6.26596291e+09
0.0450	0.0450	0.0850	5.53098081e+09
0.0450	0.0450	0.0950	-2.03347096e+09
0.0450	0.0550	0.0550	-9.33652587e+08
0.0450	0.0550	0.0650	2.19896588e+09
0.0450	0.0550	0.0750	2.80173207e+09
0.0450	0.0550	0.0850	2.91211787e+09
0.0450	0.0550	0.0950	4.38858219e+09
0.0450	0.0550	0.1050	8.77155084e+08
0.0450	0.0650	0.0650	9.31209901e+08
0.0450	0.0650	0.0750	3.25599412e+09
0.0450	0.0650	0.0850	2.52415199e+09
0.0450	0.0650	0.0950	3.31330833e+09
0.0450	0.0650	0.1050	2.77128420e+09
0.0450	0.0650	0.1150	3.36156026e+09
0.0450	0.0750	0.0750	2.32236463e+09
0.0450	0.0750	0.0850	1.34080221e+09
0.0450	0.0750	0.0950	2.23708191e+09
0.0450	0.0750	0.1050	2.99896137e+09
0.0450	0.0750	0.1150	3.17424309e+09
0.0450	0.0750	0.1250	4.02897397e+09
0.0450	0.0850	0.0850	2.58151757e+09
0.0450	0.0850	0.0950	9.59528915e+08
0.0450	0.0850	0.1050	1.13059527e+09
0.0450	0.0850	0.1150	1.74516266e+09
0.0450	0.0850	0.1250	1.91883211e+09
0.0450	0.0850	0.1350	5.10849152e+09
0.0450	0.0950	0.0950	1.67770970e+09
0.0450	0.0950	0.1050	1.13764401e+09
0.0450	0.0950	0.1150	1.33660450e+09
0.0450	0.0950	0.1250	1.53878150e+09
0.0450	0.0950	0.1350	2.36775099e+09
0.0450	0.0950	0.1450	1.38439581e+09
0.0450	0.1050	0.1050	5.31288848e+08
0.0450	0.1050	0.1150	1.80956129e+09
0.0450	0.1050	0.1250	1.54986045e+09
0.0450	0.1050	0.1350	6.13164538e+08
0.0450	0.1050	0.1450	1.77259643e+09
0.0450	0.1150	0.1150	1.62408421e+09
0.0450	0.1150	0.1250	1.32476062e+09
0.0450	0.1150	0.1350	9.30485867e+08
0.0450	0.1150	0.1450	1.42733992e+09
0.0450	0.1250	0.1250	6.19068540e+08
0.0450	0.1250	0.1350	1.59380789e+09
0.0450	0.1250	0.1450	1.31950377e+09
0.0450	0.1350	0.1350	1.37429582e+09
0.0450	0.1350	0.1450	1.00940404e+09
0.0450	0.1450	0.1450	8.52561924e+08
0.0550	0.0550	0.0550	6.60267424e+09
0.0550	0.0550	0.0650	4.40991183e+09
0.0550	0.0550	0.0750	2.94747223e+09
0.0550	0.0550	0.0850	3.11384855e+09
0.0550	0.0550	0.0950	1.69296932e+09
0.0550	0.0550	0.1050	2.67612255e+09
0.0550	0.0550	0.1150	2.37204761e+09
0.0550	0.0650	0.0650	2.79404652e+09
0.0550	0.0650	0.0750	1.80030799e+09
0.0550	0.0650	0.0850	2.33227450e+09
0.0550	0.0650	0.0950	1.85196966e+09
0.0550	0.0650	0.1050	3.35163636e+09
0.0550	0.0650	0.1150	1.83166857e+09
0.0550	0.0650	0.1250	3.93421585e+09
0.0550	0.0750	0.0750	3.01311477e+09
0.0550	0.0750	0.0850	1.36095688e+09
0.0550	0.0750	0.0950	2.28459863e+09
0.0550	0.0750	0.1050	1.59671494e+09
0.0550	0.0750	0.1150	1.32627737e+09
0.0550	0.0750	0.1250	3.07543476e+09
0.0550	0.0750	0.1350	2.61177369e+09
0.0550	0.0850	0.0850	1.62290763e+09
0.0550	0.0850	0.0950	1.23391954e+09
0.0550	0.0850	0.1050	1.12033384e+09
0.0550	0.0850	0.1150	1.44193011e+09
0.0550	0.0850	0.1250	1.82953287e+09
0.0550	0.0850	0.1350	1.51211198e+09
0.0550	0.0850	0.1450	2.13163591e+09
0.0550	0.0950	0.0950	1.89514576e+09
0.0550	0.0950	0.1050	1.10611610e+09
0.0550	0.0950	0.1150	1.16538007e+09
0.0550	0.0950	0.1250	2.39739678e+09
0.0550	0.0950	0.1350	1.45172470e+09
0.0550	0.0950	0.1450	1.60276350e+09
0.0550	0.1050	0.1050	2.05814456e+09
0.0550	0.1050	0.1150	1.01504064e+09
0.0550	0.1050	0.1250	1.37624668e+09
0.0550	0.1050	0.1350	1.14800361e+09
0.0550	0.1050	0.1450	1.16963342e+09
0.0550	0.1150	0.1150	9.40190978e+08
0.0550	0.1150	0.1250	1.35600147e+09
0.0550	0.1150	0.1350	7.69504460e+08
0.0550	0.1150	0.1450	1.23671592e+09
0.0550	0.1250	0.1250	1.02665940e+09
0.0550	0.1250	0.1350	1.08992535e+09
0.0550	0.1250	0.1450	7.84419654e+08
0.0550	0.1350	0.1350	6.84409344e+08
0.0550	0.1350	0.1450	1.06635478e+09
0.0550	0.1450	0.1450	1.01587623e+09
0.0650	0.0650	0.0650	1.29102051e+09
0.0650	0.0650	0.0750	1.53055456e+07
0.0650	0.0650	0.0850	2.89696194e+09
0.0650	0.0650	0.0950	1.81962549e+09
0.0650	0.0650	0.1050	1.99445726e+09
0.0650	0.0650	0.1150	2.61142895e+09
0.0650	0.0650	0.1250	2.60037707e+09
0.0650	0.0650	0.1350	7.24103085e+08
0.0650	0.0750	0.0750	2.93727912e+09
0.0650	0.0750	0.0850	2.00405929e+09
0.0650	0.0750	0.0950	9.26891049e+08
0.0650	0.0750	0.1050	2.17592060e+09
0.0650	0.0750	0.1150	1.17600375e+09
0.0650	0.0750	0.1250	1.92844303e+09
0.0650	0.0750	0.1350	2.10816247e+09
0.0650	0.0750	0.1450	2.11170479e+09
0.0650	0.0850	0.0850	8.79772378e+08
0.0650	0.0850	0.0950	1.50390577e+09
0.0650	0.0850	0.1050	1.27257946e+09
0.0650	0.0850	0.1150	1.88229130e+09
0.0650	0.0850	0.1250	1.08910923e+09
0.0650	0.0850	0.1350	1.99982289e+09
0.0650	0.0850	0.1450	1.41697090e+09
0.0650	0.0950	0.0950	2.85936281e+08
0.0650	0.0950	0.1050	1.62735744e+09
0.0650	0.0950	0.1150	1.35000342e+09
0.0650	0.0950	0.1250	9.82588879e+08
0.0650	0.0950	0.1350	1.34539325e+09
0.0650	0.0950	0.1450	1.51989170e+09
0.0650	0.1050	0.1050	6.88434204e+08
0.0650	0.1050	0.1150	1.05023474e+09
0.0650	0.1050	0.1250	1.43417015e+09
0.0650	0.1050	0.1350	1.16901644e+09
0.0650	0.1050	0.1450	1.29750471e+09
0.0650	0.1150	0.1150	9.46168855e+08
0.0650	0.1150	0.1250	1.24541396e+09
0.0650	0.1150	0.1350	8.24949864e+08
0.0650	0.1150	0.1450	1.13628413e+09
0.0650	0.1250	0.1250	6.01747802e+08
0.0650	0.1250	0.1350	1.10598893e+09
0.0650	0.1250	0.1450	8.83463481e+08
0.0650	0.1350	0.1350	2.08978093e+09
0.0650	0.1350	0.1450	6.46731000e+08
0.0650	0.1450	0.1450	8.75559860e+08
0.0750	0.0750	0.0750	2.89594570e+09
0.0750	0.0750	0.0850	1.51150076e+09
0.0750	0.0750	0.0950	1.20758922e+09
0.0750	0.0750	0.1050	1.06489974e+09
0.0750	0.0750	0.1150	2.03287838e+09
0.0750	0.0750	0.1250	1.43284418e+09
0.0750	0.0750	0.1350	1.09080006e+09
0.0750	0.0750	0.1450	1.77039343e+09
0.0750	0.0850	0.0850	9.03455247e+08
0.0750	0.0850	0.0950	9.42825111e+08
0.0750	0.0850	0.1050	4.15070424e+08
0.0750	0.0850	0.1150	1.11192976e+09
0.0750	0.0850	0.1250	1.51443705e+09
0.0750	0.0850	0.1350	1.01002152e+09
0.0750	0.0850	0.1450	1.30430010e+09
0.0750	0.0950	0.0950	1.40092144e+09
0.0750	0.0950	0.1050	9.51571090e+08
0.0750	0.0950	0.1150	1.15548033e+09
0.0750	0.0950	0.1250	1.13594256e+09
0.0750	0.0950	0.1350	1.14828114e+09
0.0750	0.0950	0.1450	1.34223860e+09
0.0750	0.1050	0.1050	1.38210160e+09
0.0750	0.1050	0.1150	9.91713425e+08
0.0750	0.1050	0.1250	8.33834901e+08
0.0750	0.1050	0.1350	1.14420284e+09
0.0750	0.1050	0.1450	1.08159858e+09
0.0750	0.1150	0.1150	1.36810857e+09
0.0750	0.1150	0.1250	6.11435372e+08
0.0750	0.1150	0.1350	1.07089020e+09
0.0750	0.1150	0.1450	4.31165900e+08
0.0750	0.1250	0.1250	1.07510981e+09
0.0750	0.1250	0.1350	8.71166523e+08
0.0750	0.1250	0.1450	9.54260386e+08
0.0750	0.1350	0.1350	5.03737108e+08
0.0750	0.1350	0.1450	7.67152820e+08
0.0750	0.1450	0.1450	6.25483095e+08
0.0850	0.0850	0.0850	2.24169261e+09
0.0850	0.0850	0.0950	1.02372678e+09
0.0850	0.0850	0.1050	1.60950816e+09
0.0850	0.0850	0.1150	7.29089120e+08
0.0850	0.0850	0.1250	6.06209815e+08
0.0850	0.0850	0.1350	1.11663298e+09
0.0850	0.0850	0.1450	8.06455792e+08
0.0850	0.0950	0.0950	9.71447489e+08
0.0850	0.0950	0.1050	8.80929121e+08
0.0850	0.0950	0.1150	6.96857802e+08
0.0850	0.0950	0.1250	1.20563733e+09
0.0850	0.0950	0.1350	1.00217074e+09
0.0850	0.0950	0.1450	7.64478409e+08
0.0850	0.1050	0.1050	5.94920333e+08
0.0850	0.1050	0.1150	8.20366677e+08
0.0850	0.1050	0.1250	9.80290521e+08
0.0850	0.1050	0.1350	6.96544040e+08
0.0850	0.1050	0.1450	4.15147469e+08
0.0850	0.1150	0.1150	7.70002239e+08
0.0850	0.1150	0.1250	7.76566643e+08
0.0850	0.1150	0.1350	4.84964430e+08
0.0850	0.1150	0.1450	9.61701140e+08
0.0850	0.1250	0.1250	7.62056435e+08
0.0850	0.1250	0.1350	8.03543711e+08
0.0850	0.1250	0.1450	6.16810429e+08
0.0850	0.1350	0.1350	5.59867878e+08
0.0850	0.1350	0.1450	5.37176264e+08
0.0850	0.1450	0.1450	4.78049725e+08
0.0950	0.0950	0.0950	1.28961072e+09
0.0950	0.0950	0.1050	1.50914383e+09
0.0950	0.0950	0.1150	1.16874326e+08
0.0950	0.0950	0.1250	7.63127435e+08
0.0950	0.0950	0.1350	7.74893466e+08
0.0950	0.0950	0.1450	9.82233201e+08
0.0950	0.1050	0.1050	8.33789892e+08
0.0950	0.1050	0.1150	5.76770745e+08
0.0950	0.1050	0.1250	8.79534786e+08
0.0950	0.1050	0.1350	8.70873231e+08
0.0950	0.1050	0.1450	7.04347577e+08
0.0950	0.1150	0.1150	1.01550361e+09
0.0950	0.1150	0.1250	6.32407085e+08
0.0950	0.1150	0.1350	7.53685444e+08
0.0950	0.1150	0.1450	7.96960212e+08
0.0950	0.1250	0.1250	8.39049389e+08
0.0950	0.1250	0.1350	7.22119215e+08
0.0950	0.1250	0.1450	5.72713888e+08
0.0950	0.1350	0.1350	4.21893081e+08
0.0950	0.1350	0.1450	6.46974533e+08
0.0950	0.1450	0.1450	5.10304306e+08
0.1050	0.1050	0.1050	9.41445410e+08
0.1050	0.1050	0.1150	7.24554304e+08
0.1050	0.1050	0.1250	4.23990418e+08
0.1050	0.1050	0.1350	7.66528213e+08
0.1050	0.1050	0.1450	5.09580379e+08
0.1050	0.1150	0.1150	6.52398840e+08
0.1050	0.1150	0.1250	6.30509189e+08
0.1050	0.1150	0.1350	5.15315093e+08
0.1050	0.1150	0.1450	5.47401377e+08
0.1050	0.1250	0.1250	4.25629712e+08
0.1050	0.1250	0.1350	5.82036919e+08
0.1050	0.1250	0.1450	5.49046977e+08
0.1050	0.1350	0.1350	6.31180429e+08
0.1050	0.1350	0.1450	4.60772261e+08
0.1050	0.1450	0.1450	3.30536775e+08
0.1150	0.1150	0.1150	9.19161766e+08
0.1150	0.1150	0.1250	3.07129931e+08
0.1150	0.1150	0.1350	5.31609844e+08
0.1150	0.1150	0.1450	6.64705122e+08
0.1150	0.1250	0.1250	1.04303865e+09
0.1150	0.1250	0.1350	4.24325165e+08
0.1150	0.1250	0.1450	3.90294904e+08
0.1150	0.1350	0.1350	7.31329465e+08
0.1150	0.1350	0.1450	5.45302407e+08
0.1150	0.1450	0.1450	4.32145224e+08
0.1250	0.1250	0.1250	4.43154216e+08
0.1250	0.1250	0.1350	5.34506037e+08
0.1250	0.1250	0.1450	4.86295228e+08
0.1250	0.1350	0.1350	4.84349490e+08
0.1250	0.1350	0.1450	6.04962399e+08
0.1250	0.1450	0.1450	5.29145667e+08
0.1350	0.1350	0.1350	7.24685285e+08
0.1350	0.1350	0.1450	3.71554933e+08
0.1350	0.1450	0.1450	3.33196105e+08
0.1450	0.1450	0.1450	6.37592660e+08
