####### Bispectrum of patchy_n3_ Simulation 1343 #############
# Weights: FKP
# Fiducial Omega_m: 0.310
# Fiducial h: 0.676
# Boxsize: [1800.0, 3400.0, 1900.0]
# Grid: [170, 325, 180]
# k-binning: [0.000, 0.110, 0.010]
# l-max: 4
# Monte Carlo Simulations: 100
#
# Format: k1 | k2 | k3 | B(k1,k2,k3) | B2(k1,k2,k3) | B4(k1,k2,k3)
############################################
0.0150	0.0150	0.0150	-3.61099576e+10	6.42039920e+09	-6.07464238e+10
0.0150	0.0150	0.0250	-1.19098889e+10	2.13473077e+10	-8.13672274e+10
0.0150	0.0250	0.0250	1.49291531e+10	-2.33922485e+10	-1.16497032e+10
0.0150	0.0250	0.0350	6.47633661e+09	1.99424348e+10	1.51563432e+10
0.0150	0.0350	0.0350	-3.58809697e+09	-8.87763074e+09	-1.17893018e+10
0.0150	0.0350	0.0450	2.88826996e+09	-5.15928961e+09	9.38884185e+09
0.0150	0.0450	0.0450	-1.19548161e+09	8.05210685e+09	-3.75402299e+09
0.0150	0.0450	0.0550	8.24886444e+09	9.63609369e+09	2.16178180e+09
0.0150	0.0550	0.0550	5.46861865e+09	7.67457528e+09	7.24073733e+09
0.0150	0.0550	0.0650	4.41050903e+07	-2.11394376e+09	2.21177335e+09
0.0150	0.0650	0.0650	1.54413675e+09	-7.03231198e+09	-1.29451721e+10
0.0150	0.0650	0.0750	3.98741603e+09	4.76106433e+09	1.23468819e+09
0.0150	0.0750	0.0750	1.30758248e+09	-1.27222625e+09	-1.82113125e+09
0.0250	0.0250	0.0250	7.53472665e+09	1.33914158e+10	1.76871129e+09
0.0250	0.0250	0.0350	-3.62885673e+08	-8.05206667e+09	-1.65593362e+09
0.0250	0.0250	0.0450	4.00829591e+09	-1.49656101e+10	-2.25659035e+10
0.0250	0.0350	0.0350	8.84250871e+09	1.33180982e+10	1.95669683e+09
0.0250	0.0350	0.0450	4.64483057e+09	1.84920968e+08	6.46731534e+09
0.0250	0.0350	0.0550	5.08247867e+09	1.89599209e+09	1.93611428e+09
0.0250	0.0450	0.0450	5.70371975e+09	4.54342015e+09	-2.35878322e+09
0.0250	0.0450	0.0550	5.41560594e+09	-3.48434225e+09	-3.72680776e+09
0.0250	0.0450	0.0650	4.18198373e+09	2.08855021e+09	-2.00159202e+08
0.0250	0.0550	0.0550	8.47341855e+08	-7.58766357e+09	-3.77711991e+09
0.0250	0.0550	0.0650	4.48254536e+09	5.15429718e+09	1.47684049e+09
0.0250	0.0550	0.0750	4.49264409e+09	4.55492373e+09	8.30635137e+08
0.0250	0.0650	0.0650	1.75741349e+09	-1.53824005e+09	2.71162161e+07
0.0250	0.0650	0.0750	1.29763618e+09	-3.93127181e+09	-2.06810090e+09
0.0250	0.0750	0.0750	3.89634810e+09	2.23225989e+09	-1.95793626e+09
0.0350	0.0350	0.0350	-2.17321510e+09	8.71640607e+08	6.03517185e+09
0.0350	0.0350	0.0450	5.15573338e+09	1.33712133e+10	1.52430964e+09
0.0350	0.0350	0.0550	2.04393395e+09	-2.25355548e+09	1.73844316e+09
0.0350	0.0350	0.0650	8.28399381e+09	6.41755079e+09	7.04861431e+09
0.0350	0.0450	0.0450	2.20642678e+09	3.29157378e+09	2.74173369e+09
0.0350	0.0450	0.0550	3.39281580e+09	-4.33701819e+09	-2.19752487e+09
0.0350	0.0450	0.0650	3.34439936e+09	1.08410132e+09	-4.55577991e+09
0.0350	0.0450	0.0750	3.67931452e+09	1.66196521e+09	-1.11903533e+09
0.0350	0.0550	0.0550	4.31804070e+09	-1.57858651e+09	-1.61990610e+09
0.0350	0.0550	0.0650	2.27768894e+09	5.95256812e+09	1.75933226e+09
0.0350	0.0550	0.0750	3.03019938e+09	1.66393258e+09	2.28480233e+09
0.0350	0.0650	0.0650	2.73032945e+09	7.98565695e+08	-1.34426280e+09
0.0350	0.0650	0.0750	2.80104611e+09	2.23838369e+09	1.02141314e+09
0.0350	0.0750	0.0750	2.44463472e+09	-1.89038221e+09	-3.70675214e+09
0.0450	0.0450	0.0450	1.55871570e+09	1.68838407e+09	2.26351180e+09
0.0450	0.0450	0.0550	3.88696331e+09	-1.42275525e+09	3.48170507e+09
0.0450	0.0450	0.0650	3.48561562e+09	3.24075991e+09	-2.06042605e+09
0.0450	0.0450	0.0750	2.24191804e+09	5.39557860e+09	3.46483735e+09
0.0450	0.0550	0.0550	2.45194230e+09	1.80582853e+09	-6.54198311e+08
0.0450	0.0550	0.0650	2.50244341e+09	-2.30870924e+09	-1.89559532e+09
0.0450	0.0550	0.0750	2.81241247e+09	-2.10911968e+09	-1.85681853e+09
0.0450	0.0650	0.0650	2.57674602e+09	-4.14268322e+08	1.17306980e+09
0.0450	0.0650	0.0750	1.80775181e+09	2.32771908e+09	2.43435522e+09
0.0450	0.0750	0.0750	1.29708222e+09	-2.31334219e+08	1.98762875e+08
0.0550	0.0550	0.0550	4.08147484e+09	-1.60070673e+08	1.92569208e+08
0.0550	0.0550	0.0650	1.66976440e+09	-5.65032294e+08	1.56145493e+08
0.0550	0.0550	0.0750	2.20018927e+09	2.00203288e+09	2.31928614e+09
0.0550	0.0650	0.0650	1.41525089e+09	-8.65528355e+08	-2.52477875e+08
0.0550	0.0650	0.0750	1.75650612e+09	9.22042949e+08	-1.07528538e+09
0.0550	0.0750	0.0750	2.64038156e+09	-2.06754592e+08	-1.34171887e+09
0.0650	0.0650	0.0650	-9.15434276e+07	3.15712827e+08	1.83572406e+08
0.0650	0.0650	0.0750	1.15801890e+09	9.17520756e+07	-1.47240739e+09
0.0650	0.0750	0.0750	1.01233946e+09	1.42571518e+09	2.60160899e+08
0.0750	0.0750	0.0750	1.10853666e+09	5.49005877e+08	3.05538380e+08
