####### Bispectrum of Patchy Simulation 428 #############
# Patch: ngc
# z-type: z1
# Weights: fkp
# Fiducial Omega_m: 0.310
# Fiducial h: 0.676
# Boxsize: [1350.0, 2450.0, 1400.0]
# Grid: [126, 230, 130]
# k-binning: [0.000, 0.160, 0.010]
# Monte Carlo Simulations: 100
#
# Format: k1 | k2 | k3 | B(k1,k2,k3)
############################################
0.0150	0.0150	0.0150	4.25222190e+10
0.0150	0.0150	0.0250	2.71019798e+09
0.0150	0.0150	0.0350	3.96431465e+10
0.0150	0.0250	0.0250	-2.17353403e+10
0.0150	0.0250	0.0350	1.50261965e+10
0.0150	0.0250	0.0450	7.12204921e+09
0.0150	0.0350	0.0350	5.96964418e+09
0.0150	0.0350	0.0450	3.00199439e+09
0.0150	0.0350	0.0550	1.53163754e+10
0.0150	0.0450	0.0450	5.54061394e+09
0.0150	0.0450	0.0550	3.10490822e+09
0.0150	0.0450	0.0650	-3.44158888e+08
0.0150	0.0550	0.0550	-5.92428269e+08
0.0150	0.0550	0.0650	3.62658191e+09
0.0150	0.0550	0.0750	1.08573553e+10
0.0150	0.0650	0.0650	4.02863047e+09
0.0150	0.0650	0.0750	5.03400936e+09
0.0150	0.0650	0.0850	8.51371864e+09
0.0150	0.0750	0.0750	3.77081111e+09
0.0150	0.0750	0.0850	1.93946636e+09
0.0150	0.0750	0.0950	2.54977332e+09
0.0150	0.0850	0.0850	1.40261771e+09
0.0150	0.0850	0.0950	2.36738096e+09
0.0150	0.0850	0.1050	2.31233863e+09
0.0150	0.0950	0.0950	1.80557829e+09
0.0150	0.0950	0.1050	3.38202785e+09
0.0150	0.0950	0.1150	2.62194640e+09
0.0150	0.1050	0.1050	2.39520422e+09
0.0150	0.1050	0.1150	2.72040624e+09
0.0150	0.1050	0.1250	3.88500848e+09
0.0150	0.1150	0.1150	7.63920871e+08
0.0150	0.1150	0.1250	1.95337831e+09
0.0150	0.1150	0.1350	1.81310590e+09
0.0150	0.1250	0.1250	8.44189171e+08
0.0150	0.1250	0.1350	1.83097988e+09
0.0150	0.1250	0.1450	2.24188063e+09
0.0150	0.1350	0.1350	1.17713341e+09
0.0150	0.1350	0.1450	2.04190442e+09
0.0150	0.1450	0.1450	1.15500783e+09
0.0250	0.0250	0.0250	2.91316178e+10
0.0250	0.0250	0.0350	9.42808084e+09
0.0250	0.0250	0.0450	4.00973483e+09
0.0250	0.0250	0.0550	1.47305818e+10
0.0250	0.0350	0.0350	5.15350367e+08
0.0250	0.0350	0.0450	1.05178128e+10
0.0250	0.0350	0.0550	8.38723536e+09
0.0250	0.0350	0.0650	1.63228607e+10
0.0250	0.0450	0.0450	2.60855015e+09
0.0250	0.0450	0.0550	3.35099484e+09
0.0250	0.0450	0.0650	7.51450803e+09
0.0250	0.0450	0.0750	8.47491839e+09
0.0250	0.0550	0.0550	5.11561979e+09
0.0250	0.0550	0.0650	3.39232531e+09
0.0250	0.0550	0.0750	5.26025686e+09
0.0250	0.0550	0.0850	3.13448392e+09
0.0250	0.0650	0.0650	4.53695756e+09
0.0250	0.0650	0.0750	3.59212341e+09
0.0250	0.0650	0.0850	5.78373324e+09
0.0250	0.0650	0.0950	3.98895502e+09
0.0250	0.0750	0.0750	4.56788367e+09
0.0250	0.0750	0.0850	4.03686733e+09
0.0250	0.0750	0.0950	3.80361570e+09
0.0250	0.0750	0.1050	2.78166341e+09
0.0250	0.0850	0.0850	1.85311705e+09
0.0250	0.0850	0.0950	3.04777938e+09
0.0250	0.0850	0.1050	4.77390753e+09
0.0250	0.0850	0.1150	3.29643323e+09
0.0250	0.0950	0.0950	1.58520179e+09
0.0250	0.0950	0.1050	2.55531217e+09
0.0250	0.0950	0.1150	3.19483636e+09
0.0250	0.0950	0.1250	2.64225670e+09
0.0250	0.1050	0.1050	9.57927554e+08
0.0250	0.1050	0.1150	3.10218153e+09
0.0250	0.1050	0.1250	2.43763018e+09
0.0250	0.1050	0.1350	2.63962510e+09
0.0250	0.1150	0.1150	1.49534308e+09
0.0250	0.1150	0.1250	2.10661932e+09
0.0250	0.1150	0.1350	2.32459667e+09
0.0250	0.1150	0.1450	2.78774697e+09
0.0250	0.1250	0.1250	1.11096496e+09
0.0250	0.1250	0.1350	1.89425166e+09
0.0250	0.1250	0.1450	2.19005345e+09
0.0250	0.1350	0.1350	1.52858900e+09
0.0250	0.1350	0.1450	1.70546322e+09
0.0250	0.1450	0.1450	1.67178364e+09
0.0350	0.0350	0.0350	9.92194765e+09
0.0350	0.0350	0.0450	2.61962099e+09
0.0350	0.0350	0.0550	5.70555570e+09
0.0350	0.0350	0.0650	8.58735471e+09
0.0350	0.0350	0.0750	6.83389786e+09
0.0350	0.0450	0.0450	2.10589940e+09
0.0350	0.0450	0.0550	3.97887812e+09
0.0350	0.0450	0.0650	3.03771480e+09
0.0350	0.0450	0.0750	4.60698282e+09
0.0350	0.0450	0.0850	2.78515657e+09
0.0350	0.0550	0.0550	4.57962703e+09
0.0350	0.0550	0.0650	2.42949816e+09
0.0350	0.0550	0.0750	3.09820788e+09
0.0350	0.0550	0.0850	5.11971510e+09
0.0350	0.0550	0.0950	4.32380334e+09
0.0350	0.0650	0.0650	1.68302825e+09
0.0350	0.0650	0.0750	2.88191777e+09
0.0350	0.0650	0.0850	3.38925923e+09
0.0350	0.0650	0.0950	4.28738117e+09
0.0350	0.0650	0.1050	3.99295027e+09
0.0350	0.0750	0.0750	2.85232509e+09
0.0350	0.0750	0.0850	1.91732007e+09
0.0350	0.0750	0.0950	3.12707608e+09
0.0350	0.0750	0.1050	4.12623849e+09
0.0350	0.0750	0.1150	4.06331439e+09
0.0350	0.0850	0.0850	2.63003060e+09
0.0350	0.0850	0.0950	1.96746722e+09
0.0350	0.0850	0.1050	1.73384562e+09
0.0350	0.0850	0.1150	2.83393442e+09
0.0350	0.0850	0.1250	2.94872487e+09
0.0350	0.0950	0.0950	1.61287642e+09
0.0350	0.0950	0.1050	2.32839459e+09
0.0350	0.0950	0.1150	1.49554330e+09
0.0350	0.0950	0.1250	2.71740787e+09
0.0350	0.0950	0.1350	2.54715974e+09
0.0350	0.1050	0.1050	1.56894631e+09
0.0350	0.1050	0.1150	1.25974643e+09
0.0350	0.1050	0.1250	1.41023544e+09
0.0350	0.1050	0.1350	2.38072591e+09
0.0350	0.1050	0.1450	3.76410016e+09
0.0350	0.1150	0.1150	1.40581197e+09
0.0350	0.1150	0.1250	1.44230051e+09
0.0350	0.1150	0.1350	1.29444028e+09
0.0350	0.1150	0.1450	1.83713262e+09
0.0350	0.1250	0.1250	1.64006665e+09
0.0350	0.1250	0.1350	1.10181167e+09
0.0350	0.1250	0.1450	1.48883707e+09
0.0350	0.1350	0.1350	1.23890896e+09
0.0350	0.1350	0.1450	1.29056323e+09
0.0350	0.1450	0.1450	7.20316524e+08
0.0450	0.0450	0.0450	-1.76228699e+09
0.0450	0.0450	0.0550	1.96083853e+09
0.0450	0.0450	0.0650	2.36174593e+09
0.0450	0.0450	0.0750	4.78707933e+09
0.0450	0.0450	0.0850	4.62579303e+09
0.0450	0.0450	0.0950	5.79137427e+09
0.0450	0.0550	0.0550	1.46488188e+09
0.0450	0.0550	0.0650	2.38528254e+09
0.0450	0.0550	0.0750	2.37405798e+09
0.0450	0.0550	0.0850	3.23205396e+09
0.0450	0.0550	0.0950	2.46966049e+09
0.0450	0.0550	0.1050	3.05426999e+09
0.0450	0.0650	0.0650	2.06192454e+09
0.0450	0.0650	0.0750	1.51285994e+09
0.0450	0.0650	0.0850	2.55652214e+09
0.0450	0.0650	0.0950	2.37511613e+09
0.0450	0.0650	0.1050	3.28769334e+09
0.0450	0.0650	0.1150	2.87575594e+09
0.0450	0.0750	0.0750	2.14207211e+09
0.0450	0.0750	0.0850	2.17950868e+09
0.0450	0.0750	0.0950	1.66759522e+09
0.0450	0.0750	0.1050	2.29083392e+09
0.0450	0.0750	0.1150	2.30899404e+09
0.0450	0.0750	0.1250	1.31690700e+09
0.0450	0.0850	0.0850	1.84409081e+09
0.0450	0.0850	0.0950	1.43019388e+09
0.0450	0.0850	0.1050	1.79020231e+09
0.0450	0.0850	0.1150	1.59523539e+09
0.0450	0.0850	0.1250	2.31555595e+09
0.0450	0.0850	0.1350	1.50196107e+09
0.0450	0.0950	0.0950	1.49020855e+09
0.0450	0.0950	0.1050	1.67758735e+09
0.0450	0.0950	0.1150	1.29865324e+09
0.0450	0.0950	0.1250	1.58202326e+09
0.0450	0.0950	0.1350	1.55373854e+09
0.0450	0.0950	0.1450	2.60693938e+09
0.0450	0.1050	0.1050	1.13193613e+09
0.0450	0.1050	0.1150	1.31584048e+09
0.0450	0.1050	0.1250	1.22081677e+09
0.0450	0.1050	0.1350	1.73298007e+09
0.0450	0.1050	0.1450	1.80641531e+09
0.0450	0.1150	0.1150	8.83101327e+08
0.0450	0.1150	0.1250	1.04388917e+09
0.0450	0.1150	0.1350	1.25266782e+09
0.0450	0.1150	0.1450	1.18652908e+09
0.0450	0.1250	0.1250	1.26058055e+09
0.0450	0.1250	0.1350	8.99554646e+08
0.0450	0.1250	0.1450	9.07444025e+08
0.0450	0.1350	0.1350	5.98485522e+08
0.0450	0.1350	0.1450	9.54556873e+08
0.0450	0.1450	0.1450	8.70711282e+08
0.0550	0.0550	0.0550	3.73061091e+09
0.0550	0.0550	0.0650	6.46828088e+08
0.0550	0.0550	0.0750	2.67892474e+09
0.0550	0.0550	0.0850	1.29818679e+09
0.0550	0.0550	0.0950	2.11555073e+09
0.0550	0.0550	0.1050	3.13599687e+09
0.0550	0.0550	0.1150	3.41369149e+09
0.0550	0.0650	0.0650	1.93466506e+09
0.0550	0.0650	0.0750	1.40709448e+09
0.0550	0.0650	0.0850	9.68043188e+08
0.0550	0.0650	0.0950	2.03830633e+09
0.0550	0.0650	0.1050	1.92036278e+09
0.0550	0.0650	0.1150	2.36964791e+09
0.0550	0.0650	0.1250	2.68874736e+09
0.0550	0.0750	0.0750	1.34685193e+09
0.0550	0.0750	0.0850	1.11224344e+09
0.0550	0.0750	0.0950	2.19903889e+09
0.0550	0.0750	0.1050	2.40204254e+09
0.0550	0.0750	0.1150	1.73860551e+09
0.0550	0.0750	0.1250	2.27070915e+09
0.0550	0.0750	0.1350	1.91624295e+09
0.0550	0.0850	0.0850	1.15170521e+09
0.0550	0.0850	0.0950	1.32585942e+09
0.0550	0.0850	0.1050	1.19527790e+09
0.0550	0.0850	0.1150	1.05184824e+09
0.0550	0.0850	0.1250	1.76174160e+09
0.0550	0.0850	0.1350	1.97054129e+09
0.0550	0.0850	0.1450	1.95130706e+09
0.0550	0.0950	0.0950	7.12061395e+08
0.0550	0.0950	0.1050	1.09018100e+09
0.0550	0.0950	0.1150	1.10437041e+09
0.0550	0.0950	0.1250	1.27095533e+09
0.0550	0.0950	0.1350	1.14798148e+09
0.0550	0.0950	0.1450	1.54591708e+09
0.0550	0.1050	0.1050	1.12952787e+09
0.0550	0.1050	0.1150	4.84652742e+08
0.0550	0.1050	0.1250	1.18781989e+09
0.0550	0.1050	0.1350	8.28816670e+08
0.0550	0.1050	0.1450	1.05200792e+09
0.0550	0.1150	0.1150	9.90514592e+08
0.0550	0.1150	0.1250	7.60771164e+08
0.0550	0.1150	0.1350	8.97319854e+08
0.0550	0.1150	0.1450	1.17686740e+09
0.0550	0.1250	0.1250	7.68449699e+08
0.0550	0.1250	0.1350	9.39257561e+08
0.0550	0.1250	0.1450	7.98296501e+08
0.0550	0.1350	0.1350	9.63027144e+08
0.0550	0.1350	0.1450	8.78438725e+08
0.0550	0.1450	0.1450	7.00027951e+08
0.0650	0.0650	0.0650	1.56202123e+09
0.0650	0.0650	0.0750	2.00047758e+09
0.0650	0.0650	0.0850	1.69070908e+09
0.0650	0.0650	0.0950	1.83052027e+09
0.0650	0.0650	0.1050	1.52292741e+09
0.0650	0.0650	0.1150	2.08765086e+09
0.0650	0.0650	0.1250	2.47594061e+09
0.0650	0.0650	0.1350	1.77423465e+09
0.0650	0.0750	0.0750	2.28948429e+09
0.0650	0.0750	0.0850	1.40748442e+09
0.0650	0.0750	0.0950	1.19395691e+09
0.0650	0.0750	0.1050	1.67814142e+09
0.0650	0.0750	0.1150	1.56953820e+09
0.0650	0.0750	0.1250	1.52479441e+09
0.0650	0.0750	0.1350	2.03135769e+09
0.0650	0.0750	0.1450	1.89166185e+09
0.0650	0.0850	0.0850	1.13736391e+09
0.0650	0.0850	0.0950	1.39054187e+09
0.0650	0.0850	0.1050	1.00025783e+09
0.0650	0.0850	0.1150	1.48385174e+09
0.0650	0.0850	0.1250	1.37343187e+09
0.0650	0.0850	0.1350	1.37058402e+09
0.0650	0.0850	0.1450	1.72342891e+09
0.0650	0.0950	0.0950	1.03061352e+09
0.0650	0.0950	0.1050	8.83931597e+08
0.0650	0.0950	0.1150	9.11049419e+08
0.0650	0.0950	0.1250	9.42242933e+08
0.0650	0.0950	0.1350	1.40252127e+09
0.0650	0.0950	0.1450	1.04678113e+09
0.0650	0.1050	0.1050	8.85849534e+08
0.0650	0.1050	0.1150	1.00599793e+09
0.0650	0.1050	0.1250	7.69564901e+08
0.0650	0.1050	0.1350	1.03823931e+09
0.0650	0.1050	0.1450	1.01482024e+09
0.0650	0.1150	0.1150	1.22911813e+09
0.0650	0.1150	0.1250	8.86402047e+08
0.0650	0.1150	0.1350	5.18230340e+08
0.0650	0.1150	0.1450	7.81859002e+08
0.0650	0.1250	0.1250	7.91750405e+08
0.0650	0.1250	0.1350	7.80862680e+08
0.0650	0.1250	0.1450	8.37838188e+08
0.0650	0.1350	0.1350	6.41163953e+08
0.0650	0.1350	0.1450	6.44578620e+08
0.0650	0.1450	0.1450	6.55434228e+08
0.0750	0.0750	0.0750	9.93835823e+07
0.0750	0.0750	0.0850	1.52278657e+09
0.0750	0.0750	0.0950	1.22081523e+09
0.0750	0.0750	0.1050	1.07942400e+09
0.0750	0.0750	0.1150	1.31891491e+09
0.0750	0.0750	0.1250	1.73240882e+09
0.0750	0.0750	0.1350	1.49649957e+09
0.0750	0.0750	0.1450	1.65424244e+09
0.0750	0.0850	0.0850	6.05661389e+08
0.0750	0.0850	0.0950	1.01314965e+09
0.0750	0.0850	0.1050	1.00319450e+09
0.0750	0.0850	0.1150	8.65562855e+08
0.0750	0.0850	0.1250	1.00088907e+09
0.0750	0.0850	0.1350	1.11764131e+09
0.0750	0.0850	0.1450	1.21000000e+09
0.0750	0.0950	0.0950	7.01366423e+08
0.0750	0.0950	0.1050	7.35422741e+08
0.0750	0.0950	0.1150	1.06675297e+09
0.0750	0.0950	0.1250	9.25099286e+08
0.0750	0.0950	0.1350	9.63082053e+08
0.0750	0.0950	0.1450	1.10041310e+09
0.0750	0.1050	0.1050	7.65824177e+08
0.0750	0.1050	0.1150	7.71274726e+08
0.0750	0.1050	0.1250	7.90175266e+08
0.0750	0.1050	0.1350	7.50568192e+08
0.0750	0.1050	0.1450	9.52042526e+08
0.0750	0.1150	0.1150	9.33147381e+08
0.0750	0.1150	0.1250	9.16104238e+08
0.0750	0.1150	0.1350	7.04144903e+08
0.0750	0.1150	0.1450	6.33166634e+08
0.0750	0.1250	0.1250	5.80209824e+08
0.0750	0.1250	0.1350	5.83127381e+08
0.0750	0.1250	0.1450	5.70067510e+08
0.0750	0.1350	0.1350	8.20319331e+08
0.0750	0.1350	0.1450	5.99656351e+08
0.0750	0.1450	0.1450	5.19143741e+08
0.0850	0.0850	0.0850	1.48052204e+09
0.0850	0.0850	0.0950	6.88092311e+08
0.0850	0.0850	0.1050	7.87082374e+08
0.0850	0.0850	0.1150	1.03700466e+09
0.0850	0.0850	0.1250	5.86485510e+08
0.0850	0.0850	0.1350	6.12366044e+08
0.0850	0.0850	0.1450	1.00774250e+09
0.0850	0.0950	0.0950	7.92480904e+08
0.0850	0.0950	0.1050	7.61872658e+08
0.0850	0.0950	0.1150	5.12900677e+08
0.0850	0.0950	0.1250	7.19644973e+08
0.0850	0.0950	0.1350	6.07695493e+08
0.0850	0.0950	0.1450	6.21697580e+08
0.0850	0.1050	0.1050	8.17445099e+08
0.0850	0.1050	0.1150	7.85390359e+08
0.0850	0.1050	0.1250	5.98923236e+08
0.0850	0.1050	0.1350	7.50516482e+08
0.0850	0.1050	0.1450	7.32545167e+08
0.0850	0.1150	0.1150	6.54020408e+08
0.0850	0.1150	0.1250	3.85674702e+08
0.0850	0.1150	0.1350	5.69588285e+08
0.0850	0.1150	0.1450	6.63702486e+08
0.0850	0.1250	0.1250	5.11932751e+08
0.0850	0.1250	0.1350	6.02860619e+08
0.0850	0.1250	0.1450	4.81717350e+08
0.0850	0.1350	0.1350	6.76963763e+08
0.0850	0.1350	0.1450	5.63398328e+08
0.0850	0.1450	0.1450	5.39681917e+08
0.0950	0.0950	0.0950	6.69293393e+08
0.0950	0.0950	0.1050	6.41160879e+08
0.0950	0.0950	0.1150	5.33473577e+08
0.0950	0.0950	0.1250	7.11472541e+08
0.0950	0.0950	0.1350	5.79096567e+08
0.0950	0.0950	0.1450	7.15250633e+08
0.0950	0.1050	0.1050	6.36785279e+08
0.0950	0.1050	0.1150	6.13766666e+08
0.0950	0.1050	0.1250	6.16549862e+08
0.0950	0.1050	0.1350	5.35668240e+08
0.0950	0.1050	0.1450	6.32010917e+08
0.0950	0.1150	0.1150	6.05442787e+08
0.0950	0.1150	0.1250	5.30009403e+08
0.0950	0.1150	0.1350	5.18299191e+08
0.0950	0.1150	0.1450	4.62727569e+08
0.0950	0.1250	0.1250	6.90356270e+08
0.0950	0.1250	0.1350	5.39456764e+08
0.0950	0.1250	0.1450	5.20447948e+08
0.0950	0.1350	0.1350	5.67142361e+08
0.0950	0.1350	0.1450	5.09163172e+08
0.0950	0.1450	0.1450	4.45030243e+08
0.1050	0.1050	0.1050	4.69299360e+08
0.1050	0.1050	0.1150	7.39609953e+08
0.1050	0.1050	0.1250	6.18977395e+08
0.1050	0.1050	0.1350	4.81527585e+08
0.1050	0.1050	0.1450	6.24610495e+08
0.1050	0.1150	0.1150	6.72807814e+08
0.1050	0.1150	0.1250	4.57224581e+08
0.1050	0.1150	0.1350	5.38876244e+08
0.1050	0.1150	0.1450	4.54340163e+08
0.1050	0.1250	0.1250	6.70664911e+08
0.1050	0.1250	0.1350	4.21347974e+08
0.1050	0.1250	0.1450	4.72111331e+08
0.1050	0.1350	0.1350	5.27315801e+08
0.1050	0.1350	0.1450	3.84176667e+08
0.1050	0.1450	0.1450	3.76150330e+08
0.1150	0.1150	0.1150	4.65009975e+08
0.1150	0.1150	0.1250	4.06249504e+08
0.1150	0.1150	0.1350	3.12001458e+08
0.1150	0.1150	0.1450	5.25918366e+08
0.1150	0.1250	0.1250	5.06977551e+08
0.1150	0.1250	0.1350	3.23915934e+08
0.1150	0.1250	0.1450	3.87948031e+08
0.1150	0.1350	0.1350	5.76387049e+08
0.1150	0.1350	0.1450	3.08806838e+08
0.1150	0.1450	0.1450	3.73666355e+08
0.1250	0.1250	0.1250	4.93528222e+08
0.1250	0.1250	0.1350	3.41952591e+08
0.1250	0.1250	0.1450	3.46270384e+08
0.1250	0.1350	0.1350	4.07433518e+08
0.1250	0.1350	0.1450	3.42807595e+08
0.1250	0.1450	0.1450	3.87384953e+08
0.1350	0.1350	0.1350	3.96630515e+08
0.1350	0.1350	0.1450	3.39928481e+08
0.1350	0.1450	0.1450	3.77352168e+08
0.1450	0.1450	0.1450	2.14775352e+08
