####### Bispectrum of Patchy Simulation 1624 #############
# Patch: sgc
# z-type: z3
# Weights: fkp
# Fiducial Omega_m: 0.310
# Fiducial h: 0.676
# Boxsize: [1000.0, 2600.0, 1500.0]
# Grid: [95, 250, 140]
# k-binning: [0.000, 0.160, 0.010]
# Monte Carlo Simulations: 100
#
# Format: k1 | k2 | k3 | B(k1,k2,k3)
############################################
0.0150	0.0150	0.0150	3.90700778e+10
0.0150	0.0150	0.0250	9.21250590e+09
0.0150	0.0150	0.0350	5.69367430e+10
0.0150	0.0250	0.0250	1.06790604e+10
0.0150	0.0250	0.0350	1.24815472e+09
0.0150	0.0250	0.0450	1.76101277e+10
0.0150	0.0350	0.0350	-9.02843799e+08
0.0150	0.0350	0.0450	6.34673166e+09
0.0150	0.0350	0.0550	2.03894134e+10
0.0150	0.0450	0.0450	1.00393584e+10
0.0150	0.0450	0.0550	3.20180388e+09
0.0150	0.0450	0.0650	1.66240136e+10
0.0150	0.0550	0.0550	3.25328731e+09
0.0150	0.0550	0.0650	7.67769897e+09
0.0150	0.0550	0.0750	6.02016940e+09
0.0150	0.0650	0.0650	2.58338859e+09
0.0150	0.0650	0.0750	7.28261828e+09
0.0150	0.0650	0.0850	4.61800872e+09
0.0150	0.0750	0.0750	6.36475963e+09
0.0150	0.0750	0.0850	6.98525500e+09
0.0150	0.0750	0.0950	1.74490948e+10
0.0150	0.0850	0.0850	2.14998851e+09
0.0150	0.0850	0.0950	3.92467779e+09
0.0150	0.0850	0.1050	7.88790963e+09
0.0150	0.0950	0.0950	2.34660499e+09
0.0150	0.0950	0.1050	3.47383241e+09
0.0150	0.0950	0.1150	7.13977842e+09
0.0150	0.1050	0.1050	2.68403340e+09
0.0150	0.1050	0.1150	3.05335251e+09
0.0150	0.1050	0.1250	7.22995994e+09
0.0150	0.1150	0.1150	1.93457972e+09
0.0150	0.1150	0.1250	1.82345280e+09
0.0150	0.1150	0.1350	1.68380571e+09
0.0150	0.1250	0.1250	2.25034346e+09
0.0150	0.1250	0.1350	2.52960352e+09
0.0150	0.1250	0.1450	4.43477092e+09
0.0150	0.1350	0.1350	4.78566631e+08
0.0150	0.1350	0.1450	2.84433231e+09
0.0150	0.1450	0.1450	1.18743186e+09
0.0250	0.0250	0.0250	1.51480958e+10
0.0250	0.0250	0.0350	1.29181028e+10
0.0250	0.0250	0.0450	7.63860195e+09
0.0250	0.0250	0.0550	2.26682550e+10
0.0250	0.0350	0.0350	-3.82980544e+09
0.0250	0.0350	0.0450	1.00513801e+10
0.0250	0.0350	0.0550	-1.41071437e+09
0.0250	0.0350	0.0650	1.01302093e+10
0.0250	0.0450	0.0450	9.29156938e+09
0.0250	0.0450	0.0550	7.14842565e+09
0.0250	0.0450	0.0650	4.96091422e+09
0.0250	0.0450	0.0750	1.25372476e+10
0.0250	0.0550	0.0550	3.60301927e+09
0.0250	0.0550	0.0650	3.53581821e+09
0.0250	0.0550	0.0750	9.81794486e+09
0.0250	0.0550	0.0850	-5.89609009e+08
0.0250	0.0650	0.0650	9.26784098e+09
0.0250	0.0650	0.0750	3.28270354e+09
0.0250	0.0650	0.0850	4.78605038e+09
0.0250	0.0650	0.0950	5.93775366e+09
0.0250	0.0750	0.0750	5.09601983e+09
0.0250	0.0750	0.0850	4.67115206e+09
0.0250	0.0750	0.0950	5.06025640e+09
0.0250	0.0750	0.1050	8.38045270e+09
0.0250	0.0850	0.0850	4.35553715e+09
0.0250	0.0850	0.0950	3.64679949e+09
0.0250	0.0850	0.1050	4.84064169e+09
0.0250	0.0850	0.1150	1.86495156e+09
0.0250	0.0950	0.0950	3.11818442e+09
0.0250	0.0950	0.1050	3.26288243e+09
0.0250	0.0950	0.1150	2.77942277e+09
0.0250	0.0950	0.1250	7.06570564e+09
0.0250	0.1050	0.1050	2.54708164e+09
0.0250	0.1050	0.1150	2.81204398e+09
0.0250	0.1050	0.1250	2.10207656e+09
0.0250	0.1050	0.1350	3.52787934e+09
0.0250	0.1150	0.1150	9.64187377e+08
0.0250	0.1150	0.1250	2.52922332e+09
0.0250	0.1150	0.1350	3.05504833e+09
0.0250	0.1150	0.1450	1.18403851e+09
0.0250	0.1250	0.1250	3.51011639e+09
0.0250	0.1250	0.1350	1.43144562e+09
0.0250	0.1250	0.1450	3.17249971e+09
0.0250	0.1350	0.1350	2.49310311e+09
0.0250	0.1350	0.1450	2.41703281e+09
0.0250	0.1450	0.1450	1.27927191e+09
0.0350	0.0350	0.0350	-7.73311708e+09
0.0350	0.0350	0.0450	7.12683377e+09
0.0350	0.0350	0.0550	7.81084952e+09
0.0350	0.0350	0.0650	4.77588306e+09
0.0350	0.0350	0.0750	9.21652638e+09
0.0350	0.0450	0.0450	-8.74581566e+08
0.0350	0.0450	0.0550	2.69940637e+09
0.0350	0.0450	0.0650	1.53764510e+09
0.0350	0.0450	0.0750	4.47917103e+09
0.0350	0.0450	0.0850	5.65912469e+09
0.0350	0.0550	0.0550	3.49785926e+09
0.0350	0.0550	0.0650	3.86320814e+09
0.0350	0.0550	0.0750	4.09416014e+09
0.0350	0.0550	0.0850	3.74313972e+09
0.0350	0.0550	0.0950	4.18610523e+09
0.0350	0.0650	0.0650	3.16503519e+09
0.0350	0.0650	0.0750	1.50206408e+09
0.0350	0.0650	0.0850	1.21747603e+09
0.0350	0.0650	0.0950	2.90904581e+09
0.0350	0.0650	0.1050	4.54033206e+09
0.0350	0.0750	0.0750	5.49823057e+09
0.0350	0.0750	0.0850	2.01337293e+09
0.0350	0.0750	0.0950	2.20894751e+09
0.0350	0.0750	0.1050	3.64680612e+09
0.0350	0.0750	0.1150	-3.64690193e+08
0.0350	0.0850	0.0850	2.30067855e+09
0.0350	0.0850	0.0950	1.22318234e+09
0.0350	0.0850	0.1050	2.69714746e+09
0.0350	0.0850	0.1150	3.19729922e+09
0.0350	0.0850	0.1250	2.30092461e+09
0.0350	0.0950	0.0950	1.36923123e+09
0.0350	0.0950	0.1050	1.40528377e+09
0.0350	0.0950	0.1150	1.35435407e+09
0.0350	0.0950	0.1250	2.26511092e+09
0.0350	0.0950	0.1350	2.44934148e+09
0.0350	0.1050	0.1050	2.22356386e+09
0.0350	0.1050	0.1150	1.82042136e+09
0.0350	0.1050	0.1250	1.60287537e+09
0.0350	0.1050	0.1350	2.03225087e+09
0.0350	0.1050	0.1450	3.18552278e+09
0.0350	0.1150	0.1150	1.36708302e+09
0.0350	0.1150	0.1250	6.54239650e+08
0.0350	0.1150	0.1350	1.24237791e+09
0.0350	0.1150	0.1450	1.89267072e+09
0.0350	0.1250	0.1250	9.27507113e+08
0.0350	0.1250	0.1350	1.48338348e+09
0.0350	0.1250	0.1450	1.19547182e+09
0.0350	0.1350	0.1350	1.08113250e+09
0.0350	0.1350	0.1450	4.78043022e+08
0.0350	0.1450	0.1450	1.51932035e+09
0.0450	0.0450	0.0450	8.68386527e+09
0.0450	0.0450	0.0550	5.51466355e+09
0.0450	0.0450	0.0650	-3.75502491e+08
0.0450	0.0450	0.0750	2.80345041e+09
0.0450	0.0450	0.0850	2.42360758e+09
0.0450	0.0450	0.0950	9.19642744e+09
0.0450	0.0550	0.0550	-1.20547944e+09
0.0450	0.0550	0.0650	1.36598259e+09
0.0450	0.0550	0.0750	3.88910665e+09
0.0450	0.0550	0.0850	2.86028560e+09
0.0450	0.0550	0.0950	2.61568445e+09
0.0450	0.0550	0.1050	1.90846113e+09
0.0450	0.0650	0.0650	2.31517522e+09
0.0450	0.0650	0.0750	2.97961863e+09
0.0450	0.0650	0.0850	3.46729540e+09
0.0450	0.0650	0.0950	2.70613223e+09
0.0450	0.0650	0.1050	3.71577658e+09
0.0450	0.0650	0.1150	3.14047441e+09
0.0450	0.0750	0.0750	6.76341049e+08
0.0450	0.0750	0.0850	2.96286217e+09
0.0450	0.0750	0.0950	2.39285936e+09
0.0450	0.0750	0.1050	1.91346477e+09
0.0450	0.0750	0.1150	3.35102949e+09
0.0450	0.0750	0.1250	4.70035473e+09
0.0450	0.0850	0.0850	2.62994297e+09
0.0450	0.0850	0.0950	1.22593749e+09
0.0450	0.0850	0.1050	1.64921864e+09
0.0450	0.0850	0.1150	2.11326348e+09
0.0450	0.0850	0.1250	2.32296486e+09
0.0450	0.0850	0.1350	2.91417371e+09
0.0450	0.0950	0.0950	5.73505643e+08
0.0450	0.0950	0.1050	1.81553616e+09
0.0450	0.0950	0.1150	2.24169475e+09
0.0450	0.0950	0.1250	9.83440334e+08
0.0450	0.0950	0.1350	2.15971824e+09
0.0450	0.0950	0.1450	2.86580730e+09
0.0450	0.1050	0.1050	5.95711085e+08
0.0450	0.1050	0.1150	1.70383472e+09
0.0450	0.1050	0.1250	1.07909043e+09
0.0450	0.1050	0.1350	1.75423725e+09
0.0450	0.1050	0.1450	1.49105570e+09
0.0450	0.1150	0.1150	1.69367744e+09
0.0450	0.1150	0.1250	1.20671858e+09
0.0450	0.1150	0.1350	1.59664589e+09
0.0450	0.1150	0.1450	1.78333177e+09
0.0450	0.1250	0.1250	1.15281773e+09
0.0450	0.1250	0.1350	1.37122116e+09
0.0450	0.1250	0.1450	1.14426536e+09
0.0450	0.1350	0.1350	1.15789379e+09
0.0450	0.1350	0.1450	1.33733861e+09
0.0450	0.1450	0.1450	1.20342875e+09
0.0550	0.0550	0.0550	4.93121443e+09
0.0550	0.0550	0.0650	3.74952851e+09
0.0550	0.0550	0.0750	3.71067631e+09
0.0550	0.0550	0.0850	1.59825026e+09
0.0550	0.0550	0.0950	1.37878571e+09
0.0550	0.0550	0.1050	3.17686228e+09
0.0550	0.0550	0.1150	1.05499258e+09
0.0550	0.0650	0.0650	2.16299346e+09
0.0550	0.0650	0.0750	1.06724984e+09
0.0550	0.0650	0.0850	1.53807534e+09
0.0550	0.0650	0.0950	1.42460873e+09
0.0550	0.0650	0.1050	2.45889490e+09
0.0550	0.0650	0.1150	2.26303342e+09
0.0550	0.0650	0.1250	1.16615051e+09
0.0550	0.0750	0.0750	3.17768842e+09
0.0550	0.0750	0.0850	2.74744428e+09
0.0550	0.0750	0.0950	1.54667293e+09
0.0550	0.0750	0.1050	9.82310510e+08
0.0550	0.0750	0.1150	2.07634870e+09
0.0550	0.0750	0.1250	2.38083227e+09
0.0550	0.0750	0.1350	2.10437165e+09
0.0550	0.0850	0.0850	1.91590011e+09
0.0550	0.0850	0.0950	8.79956117e+08
0.0550	0.0850	0.1050	2.11627925e+09
0.0550	0.0850	0.1150	1.89496633e+09
0.0550	0.0850	0.1250	2.07951683e+09
0.0550	0.0850	0.1350	1.85690269e+09
0.0550	0.0850	0.1450	3.09226680e+09
0.0550	0.0950	0.0950	8.96490867e+08
0.0550	0.0950	0.1050	1.62123530e+09
0.0550	0.0950	0.1150	2.47833916e+08
0.0550	0.0950	0.1250	1.73252853e+09
0.0550	0.0950	0.1350	8.49702547e+08
0.0550	0.0950	0.1450	1.17304569e+09
0.0550	0.1050	0.1050	1.17595415e+09
0.0550	0.1050	0.1150	1.05892867e+09
0.0550	0.1050	0.1250	1.17842858e+09
0.0550	0.1050	0.1350	1.42521226e+09
0.0550	0.1050	0.1450	1.31970224e+09
0.0550	0.1150	0.1150	1.18299930e+09
0.0550	0.1150	0.1250	8.65333041e+08
0.0550	0.1150	0.1350	1.02565544e+09
0.0550	0.1150	0.1450	1.00007493e+09
0.0550	0.1250	0.1250	9.81347522e+08
0.0550	0.1250	0.1350	1.02965208e+09
0.0550	0.1250	0.1450	9.83455710e+08
0.0550	0.1350	0.1350	5.47888716e+08
0.0550	0.1350	0.1450	5.11351727e+08
0.0550	0.1450	0.1450	6.49663052e+08
0.0650	0.0650	0.0650	-1.64028904e+09
0.0650	0.0650	0.0750	3.09926452e+09
0.0650	0.0650	0.0850	1.64681426e+09
0.0650	0.0650	0.0950	1.04605717e+09
0.0650	0.0650	0.1050	1.13888520e+09
0.0650	0.0650	0.1150	1.60965662e+09
0.0650	0.0650	0.1250	3.07223544e+09
0.0650	0.0650	0.1350	1.56459204e+09
0.0650	0.0750	0.0750	1.91508831e+09
0.0650	0.0750	0.0850	1.22335421e+09
0.0650	0.0750	0.0950	1.89737614e+09
0.0650	0.0750	0.1050	1.38384312e+09
0.0650	0.0750	0.1150	1.63119041e+09
0.0650	0.0750	0.1250	1.67975826e+09
0.0650	0.0750	0.1350	2.67671107e+09
0.0650	0.0750	0.1450	3.01695795e+09
0.0650	0.0850	0.0850	1.07524722e+09
0.0650	0.0850	0.0950	1.19680287e+09
0.0650	0.0850	0.1050	6.19894726e+08
0.0650	0.0850	0.1150	1.78240170e+09
0.0650	0.0850	0.1250	9.76134860e+08
0.0650	0.0850	0.1350	1.69009808e+09
0.0650	0.0850	0.1450	1.61837003e+09
0.0650	0.0950	0.0950	9.78320989e+08
0.0650	0.0950	0.1050	9.05705311e+08
0.0650	0.0950	0.1150	1.05203055e+09
0.0650	0.0950	0.1250	1.05016018e+09
0.0650	0.0950	0.1350	1.23514311e+09
0.0650	0.0950	0.1450	1.82820230e+09
0.0650	0.1050	0.1050	1.19764861e+09
0.0650	0.1050	0.1150	6.28399984e+08
0.0650	0.1050	0.1250	1.07815317e+09
0.0650	0.1050	0.1350	1.37065617e+09
0.0650	0.1050	0.1450	9.98488435e+08
0.0650	0.1150	0.1150	1.06187654e+09
0.0650	0.1150	0.1250	9.17964163e+08
0.0650	0.1150	0.1350	1.11869231e+09
0.0650	0.1150	0.1450	9.35445395e+08
0.0650	0.1250	0.1250	6.50671201e+08
0.0650	0.1250	0.1350	4.38330485e+08
0.0650	0.1250	0.1450	9.69641104e+08
0.0650	0.1350	0.1350	8.85394708e+08
0.0650	0.1350	0.1450	8.52495480e+08
0.0650	0.1450	0.1450	5.33674524e+08
0.0750	0.0750	0.0750	1.91067868e+09
0.0750	0.0750	0.0850	2.49999322e+09
0.0750	0.0750	0.0950	1.43101109e+09
0.0750	0.0750	0.1050	1.54394612e+09
0.0750	0.0750	0.1150	1.41921505e+09
0.0750	0.0750	0.1250	8.17381207e+08
0.0750	0.0750	0.1350	1.50314096e+09
0.0750	0.0750	0.1450	9.99900827e+08
0.0750	0.0850	0.0850	9.30155857e+08
0.0750	0.0850	0.0950	1.11212722e+09
0.0750	0.0850	0.1050	7.61612621e+08
0.0750	0.0850	0.1150	1.36629931e+09
0.0750	0.0850	0.1250	7.71229320e+08
0.0750	0.0850	0.1350	1.26603102e+09
0.0750	0.0850	0.1450	1.19079730e+09
0.0750	0.0950	0.0950	9.00600050e+08
0.0750	0.0950	0.1050	9.26613399e+08
0.0750	0.0950	0.1150	8.81499904e+08
0.0750	0.0950	0.1250	1.35186267e+09
0.0750	0.0950	0.1350	9.60397246e+08
0.0750	0.0950	0.1450	9.31522685e+08
0.0750	0.1050	0.1050	1.38739665e+09
0.0750	0.1050	0.1150	5.82655626e+08
0.0750	0.1050	0.1250	7.28058719e+08
0.0750	0.1050	0.1350	8.59770431e+08
0.0750	0.1050	0.1450	1.01835585e+09
0.0750	0.1150	0.1150	8.25854460e+08
0.0750	0.1150	0.1250	7.67137001e+08
0.0750	0.1150	0.1350	5.65489072e+08
0.0750	0.1150	0.1450	8.00982363e+08
0.0750	0.1250	0.1250	1.00809074e+09
0.0750	0.1250	0.1350	8.10753971e+08
0.0750	0.1250	0.1450	5.61817280e+08
0.0750	0.1350	0.1350	3.27775748e+08
0.0750	0.1350	0.1450	8.44324449e+08
0.0750	0.1450	0.1450	6.62638452e+08
0.0850	0.0850	0.0850	1.38753596e+09
0.0850	0.0850	0.0950	1.04199149e+09
0.0850	0.0850	0.1050	1.49010770e+09
0.0850	0.0850	0.1150	5.70960390e+08
0.0850	0.0850	0.1250	8.73393233e+08
0.0850	0.0850	0.1350	1.06771004e+09
0.0850	0.0850	0.1450	1.21792669e+09
0.0850	0.0950	0.0950	7.32550485e+08
0.0850	0.0950	0.1050	7.44312152e+08
0.0850	0.0950	0.1150	8.62906734e+08
0.0850	0.0950	0.1250	9.38864851e+08
0.0850	0.0950	0.1350	8.50686914e+08
0.0850	0.0950	0.1450	8.72457745e+08
0.0850	0.1050	0.1050	4.67984710e+08
0.0850	0.1050	0.1150	9.34412461e+08
0.0850	0.1050	0.1250	8.87929423e+08
0.0850	0.1050	0.1350	7.69496124e+08
0.0850	0.1050	0.1450	6.39848726e+08
0.0850	0.1150	0.1150	6.08405179e+08
0.0850	0.1150	0.1250	6.41879081e+08
0.0850	0.1150	0.1350	8.93931559e+08
0.0850	0.1150	0.1450	7.38781694e+08
0.0850	0.1250	0.1250	1.14434789e+09
0.0850	0.1250	0.1350	7.57054321e+08
0.0850	0.1250	0.1450	4.63924830e+08
0.0850	0.1350	0.1350	6.89995219e+08
0.0850	0.1350	0.1450	7.71936565e+08
0.0850	0.1450	0.1450	5.14387126e+08
0.0950	0.0950	0.0950	1.53735568e+09
0.0950	0.0950	0.1050	8.53453054e+08
0.0950	0.0950	0.1150	8.11585358e+08
0.0950	0.0950	0.1250	1.25773702e+08
0.0950	0.0950	0.1350	8.27714027e+08
0.0950	0.0950	0.1450	1.05270992e+09
0.0950	0.1050	0.1050	7.08054684e+08
0.0950	0.1050	0.1150	8.04019220e+08
0.0950	0.1050	0.1250	8.49513802e+08
0.0950	0.1050	0.1350	7.21303480e+08
0.0950	0.1050	0.1450	5.63790227e+08
0.0950	0.1150	0.1150	6.97018362e+08
0.0950	0.1150	0.1250	1.00044837e+09
0.0950	0.1150	0.1350	6.12923143e+08
0.0950	0.1150	0.1450	5.43796941e+08
0.0950	0.1250	0.1250	7.20519838e+08
0.0950	0.1250	0.1350	4.11933214e+08
0.0950	0.1250	0.1450	6.83173073e+08
0.0950	0.1350	0.1350	7.92155056e+08
0.0950	0.1350	0.1450	5.49603317e+08
0.0950	0.1450	0.1450	3.56452359e+08
0.1050	0.1050	0.1050	1.26870056e+09
0.1050	0.1050	0.1150	5.19509554e+08
0.1050	0.1050	0.1250	6.64944448e+08
0.1050	0.1050	0.1350	8.22482024e+08
0.1050	0.1050	0.1450	1.16743987e+09
0.1050	0.1150	0.1150	5.83321099e+08
0.1050	0.1150	0.1250	3.65928962e+08
0.1050	0.1150	0.1350	5.30378278e+08
0.1050	0.1150	0.1450	4.03556224e+08
0.1050	0.1250	0.1250	6.34697498e+08
0.1050	0.1250	0.1350	4.83187781e+08
0.1050	0.1250	0.1450	5.35981216e+08
0.1050	0.1350	0.1350	3.77884578e+08
0.1050	0.1350	0.1450	6.30773130e+08
0.1050	0.1450	0.1450	3.96689826e+08
0.1150	0.1150	0.1150	5.57914168e+08
0.1150	0.1150	0.1250	5.75545835e+08
0.1150	0.1150	0.1350	2.38116564e+08
0.1150	0.1150	0.1450	5.88195317e+08
0.1150	0.1250	0.1250	6.50875147e+08
0.1150	0.1250	0.1350	5.53829782e+08
0.1150	0.1250	0.1450	5.18113635e+08
0.1150	0.1350	0.1350	4.80484689e+08
0.1150	0.1350	0.1450	3.51399590e+08
0.1150	0.1450	0.1450	6.42113905e+08
0.1250	0.1250	0.1250	2.63903926e+08
0.1250	0.1250	0.1350	5.96282047e+08
0.1250	0.1250	0.1450	4.32676566e+08
0.1250	0.1350	0.1350	3.08355103e+08
0.1250	0.1350	0.1450	6.12302761e+08
0.1250	0.1450	0.1450	3.89564629e+08
0.1350	0.1350	0.1350	4.86870485e+08
0.1350	0.1350	0.1450	5.35610383e+08
0.1350	0.1450	0.1450	5.43975511e+08
0.1450	0.1450	0.1450	1.82824595e+08
