####### Bispectrum of Patchy Simulation 1527 #############
# Patch: sgc
# z-type: z3
# Weights: fkp
# Fiducial Omega_m: 0.310
# Fiducial h: 0.676
# Boxsize: [1000.0, 2600.0, 1500.0]
# Grid: [95, 250, 140]
# k-binning: [0.000, 0.160, 0.010]
# Monte Carlo Simulations: 100
#
# Format: k1 | k2 | k3 | B(k1,k2,k3)
############################################
0.0150	0.0150	0.0150	-6.16381319e+10
0.0150	0.0150	0.0250	3.72455591e+10
0.0150	0.0150	0.0350	2.58250255e+10
0.0150	0.0250	0.0250	-4.22152924e+10
0.0150	0.0250	0.0350	6.22628651e+09
0.0150	0.0250	0.0450	3.18501882e+10
0.0150	0.0350	0.0350	2.07790251e+10
0.0150	0.0350	0.0450	1.08925448e+10
0.0150	0.0350	0.0550	4.82311441e+10
0.0150	0.0450	0.0450	1.53321350e+10
0.0150	0.0450	0.0550	1.63650444e+09
0.0150	0.0450	0.0650	2.42070345e+10
0.0150	0.0550	0.0550	1.23685547e+10
0.0150	0.0550	0.0650	1.55458093e+08
0.0150	0.0550	0.0750	1.01259015e+10
0.0150	0.0650	0.0650	8.05597944e+09
0.0150	0.0650	0.0750	5.73587208e+09
0.0150	0.0650	0.0850	3.27552977e+08
0.0150	0.0750	0.0750	-1.85307617e+09
0.0150	0.0750	0.0850	7.09326307e+09
0.0150	0.0750	0.0950	2.77924627e+09
0.0150	0.0850	0.0850	6.69787080e+09
0.0150	0.0850	0.0950	4.61419156e+09
0.0150	0.0850	0.1050	4.55021784e+09
0.0150	0.0950	0.0950	4.39374842e+09
0.0150	0.0950	0.1050	4.77985730e+09
0.0150	0.0950	0.1150	5.04286495e+09
0.0150	0.1050	0.1050	3.57795725e+09
0.0150	0.1050	0.1150	3.85387598e+09
0.0150	0.1050	0.1250	9.09175068e+09
0.0150	0.1150	0.1150	3.04765091e+09
0.0150	0.1150	0.1250	1.76699414e+09
0.0150	0.1150	0.1350	3.01300287e+09
0.0150	0.1250	0.1250	6.24280335e+08
0.0150	0.1250	0.1350	4.37525531e+09
0.0150	0.1250	0.1450	1.18768187e+09
0.0150	0.1350	0.1350	-2.97084287e+08
0.0150	0.1350	0.1450	3.21012653e+09
0.0150	0.1450	0.1450	-1.15960290e+08
0.0250	0.0250	0.0250	4.82447406e+10
0.0250	0.0250	0.0350	1.31401979e+10
0.0250	0.0250	0.0450	9.65051905e+09
0.0250	0.0250	0.0550	-1.48879477e+10
0.0250	0.0350	0.0350	1.07648230e+10
0.0250	0.0350	0.0450	2.92391219e+09
0.0250	0.0350	0.0550	1.56878234e+10
0.0250	0.0350	0.0650	-2.57770311e+09
0.0250	0.0450	0.0450	-3.66330263e+08
0.0250	0.0450	0.0550	3.85047513e+09
0.0250	0.0450	0.0650	4.54712416e+09
0.0250	0.0450	0.0750	1.18588720e+09
0.0250	0.0550	0.0550	8.21264819e+09
0.0250	0.0550	0.0650	7.21392341e+09
0.0250	0.0550	0.0750	6.80118583e+09
0.0250	0.0550	0.0850	2.76226387e+09
0.0250	0.0650	0.0650	5.48844380e+09
0.0250	0.0650	0.0750	5.36426543e+09
0.0250	0.0650	0.0850	5.01317688e+09
0.0250	0.0650	0.0950	1.95887846e+09
0.0250	0.0750	0.0750	1.06033402e+09
0.0250	0.0750	0.0850	4.19888838e+09
0.0250	0.0750	0.0950	3.89517209e+09
0.0250	0.0750	0.1050	7.04985986e+09
0.0250	0.0850	0.0850	2.07178578e+09
0.0250	0.0850	0.0950	2.42315100e+09
0.0250	0.0850	0.1050	3.33257881e+09
0.0250	0.0850	0.1150	4.26365044e+09
0.0250	0.0950	0.0950	3.90201334e+09
0.0250	0.0950	0.1050	3.92727049e+09
0.0250	0.0950	0.1150	3.47286657e+09
0.0250	0.0950	0.1250	5.20221145e+09
0.0250	0.1050	0.1050	1.91430160e+09
0.0250	0.1050	0.1150	1.88539894e+09
0.0250	0.1050	0.1250	2.65585949e+09
0.0250	0.1050	0.1350	3.98488282e+09
0.0250	0.1150	0.1150	2.02601269e+09
0.0250	0.1150	0.1250	1.17346769e+09
0.0250	0.1150	0.1350	2.82791072e+09
0.0250	0.1150	0.1450	5.51674807e+08
0.0250	0.1250	0.1250	2.95817819e+09
0.0250	0.1250	0.1350	1.70105236e+09
0.0250	0.1250	0.1450	2.16640266e+09
0.0250	0.1350	0.1350	3.00921840e+09
0.0250	0.1350	0.1450	2.28715134e+09
0.0250	0.1450	0.1450	2.06584428e+09
0.0350	0.0350	0.0350	4.22861701e+09
0.0350	0.0350	0.0450	7.98166439e+09
0.0350	0.0350	0.0550	6.98476998e+09
0.0350	0.0350	0.0650	6.83131899e+09
0.0350	0.0350	0.0750	4.99278656e+09
0.0350	0.0450	0.0450	6.36977566e+09
0.0350	0.0450	0.0550	5.14679079e+09
0.0350	0.0450	0.0650	3.97703026e+09
0.0350	0.0450	0.0750	4.46219854e+09
0.0350	0.0450	0.0850	4.77395710e+09
0.0350	0.0550	0.0550	6.53153235e+09
0.0350	0.0550	0.0650	2.38635688e+09
0.0350	0.0550	0.0750	4.03930961e+09
0.0350	0.0550	0.0850	3.60669826e+09
0.0350	0.0550	0.0950	1.83755118e+09
0.0350	0.0650	0.0650	1.21266697e+09
0.0350	0.0650	0.0750	5.27537756e+09
0.0350	0.0650	0.0850	3.89656426e+09
0.0350	0.0650	0.0950	4.23697652e+09
0.0350	0.0650	0.1050	4.59835224e+09
0.0350	0.0750	0.0750	6.10479783e+08
0.0350	0.0750	0.0850	1.58140920e+09
0.0350	0.0750	0.0950	3.61460912e+09
0.0350	0.0750	0.1050	2.71918311e+09
0.0350	0.0750	0.1150	6.22683330e+09
0.0350	0.0850	0.0850	9.01443172e+08
0.0350	0.0850	0.0950	2.64831447e+09
0.0350	0.0850	0.1050	3.19315470e+09
0.0350	0.0850	0.1150	2.49354258e+09
0.0350	0.0850	0.1250	4.94057681e+09
0.0350	0.0950	0.0950	2.39405138e+09
0.0350	0.0950	0.1050	1.27774730e+09
0.0350	0.0950	0.1150	3.72593744e+09
0.0350	0.0950	0.1250	2.21030877e+09
0.0350	0.0950	0.1350	3.02308084e+09
0.0350	0.1050	0.1050	2.17169083e+09
0.0350	0.1050	0.1150	8.13737074e+08
0.0350	0.1050	0.1250	2.34017631e+09
0.0350	0.1050	0.1350	1.80149732e+09
0.0350	0.1050	0.1450	3.64323998e+09
0.0350	0.1150	0.1150	1.02297112e+09
0.0350	0.1150	0.1250	1.52404508e+09
0.0350	0.1150	0.1350	1.28008755e+09
0.0350	0.1150	0.1450	2.04890514e+09
0.0350	0.1250	0.1250	1.61782912e+09
0.0350	0.1250	0.1350	1.74489823e+09
0.0350	0.1250	0.1450	1.31360480e+09
0.0350	0.1350	0.1350	1.17894833e+09
0.0350	0.1350	0.1450	1.07022790e+09
0.0350	0.1450	0.1450	8.64571294e+08
0.0450	0.0450	0.0450	1.05009042e+10
0.0450	0.0450	0.0550	-1.43030962e+09
0.0450	0.0450	0.0650	1.59551416e+09
0.0450	0.0450	0.0750	3.80741202e+09
0.0450	0.0450	0.0850	3.39766449e+09
0.0450	0.0450	0.0950	8.12503839e+09
0.0450	0.0550	0.0550	2.17615247e+09
0.0450	0.0550	0.0650	2.07224032e+09
0.0450	0.0550	0.0750	4.10860252e+09
0.0450	0.0550	0.0850	2.64029669e+09
0.0450	0.0550	0.0950	4.58160423e+09
0.0450	0.0550	0.1050	3.13270865e+09
0.0450	0.0650	0.0650	4.12474256e+09
0.0450	0.0650	0.0750	1.99498959e+09
0.0450	0.0650	0.0850	2.59394390e+09
0.0450	0.0650	0.0950	2.89662318e+09
0.0450	0.0650	0.1050	4.33451336e+09
0.0450	0.0650	0.1150	1.40028889e+09
0.0450	0.0750	0.0750	1.13217758e+09
0.0450	0.0750	0.0850	1.18034168e+09
0.0450	0.0750	0.0950	1.27994651e+09
0.0450	0.0750	0.1050	1.57132072e+09
0.0450	0.0750	0.1150	2.94354449e+09
0.0450	0.0750	0.1250	1.20034650e+09
0.0450	0.0850	0.0850	2.30225092e+09
0.0450	0.0850	0.0950	9.42775133e+08
0.0450	0.0850	0.1050	2.09721038e+09
0.0450	0.0850	0.1150	1.76359769e+09
0.0450	0.0850	0.1250	1.85135878e+09
0.0450	0.0850	0.1350	1.05365268e+09
0.0450	0.0950	0.0950	2.94211678e+09
0.0450	0.0950	0.1050	1.07527839e+09
0.0450	0.0950	0.1150	1.79742851e+09
0.0450	0.0950	0.1250	2.05012237e+09
0.0450	0.0950	0.1350	2.05839555e+09
0.0450	0.0950	0.1450	2.28493391e+09
0.0450	0.1050	0.1050	1.04366906e+09
0.0450	0.1050	0.1150	1.35241226e+09
0.0450	0.1050	0.1250	1.94472907e+09
0.0450	0.1050	0.1350	1.68357083e+09
0.0450	0.1050	0.1450	1.58795860e+09
0.0450	0.1150	0.1150	1.17346376e+09
0.0450	0.1150	0.1250	1.35776025e+09
0.0450	0.1150	0.1350	1.37116174e+09
0.0450	0.1150	0.1450	1.49897067e+09
0.0450	0.1250	0.1250	5.14954556e+08
0.0450	0.1250	0.1350	1.19022071e+09
0.0450	0.1250	0.1450	5.75262915e+08
0.0450	0.1350	0.1350	1.70685821e+09
0.0450	0.1350	0.1450	9.77248835e+08
0.0450	0.1450	0.1450	1.18986462e+09
0.0550	0.0550	0.0550	8.45458124e+09
0.0550	0.0550	0.0650	2.53075668e+09
0.0550	0.0550	0.0750	8.41252467e+08
0.0550	0.0550	0.0850	1.53834617e+09
0.0550	0.0550	0.0950	2.22281298e+09
0.0550	0.0550	0.1050	4.12342521e+09
0.0550	0.0550	0.1150	3.39473255e+09
0.0550	0.0650	0.0650	1.14298889e+09
0.0550	0.0650	0.0750	2.52214747e+09
0.0550	0.0650	0.0850	2.40000190e+09
0.0550	0.0650	0.0950	2.62845638e+09
0.0550	0.0650	0.1050	2.84080674e+09
0.0550	0.0650	0.1150	3.23094431e+09
0.0550	0.0650	0.1250	3.77921418e+09
0.0550	0.0750	0.0750	2.91716765e+09
0.0550	0.0750	0.0850	1.49795601e+09
0.0550	0.0750	0.0950	2.79316257e+09
0.0550	0.0750	0.1050	2.15075401e+09
0.0550	0.0750	0.1150	1.61920416e+09
0.0550	0.0750	0.1250	2.43675764e+09
0.0550	0.0750	0.1350	2.04186755e+09
0.0550	0.0850	0.0850	1.58900073e+09
0.0550	0.0850	0.0950	1.70812733e+09
0.0550	0.0850	0.1050	1.20902334e+09
0.0550	0.0850	0.1150	2.12201492e+09
0.0550	0.0850	0.1250	2.15029546e+09
0.0550	0.0850	0.1350	2.37061429e+09
0.0550	0.0850	0.1450	2.73336625e+09
0.0550	0.0950	0.0950	4.93488198e+08
0.0550	0.0950	0.1050	9.49231417e+08
0.0550	0.0950	0.1150	1.46306813e+09
0.0550	0.0950	0.1250	1.29485181e+09
0.0550	0.0950	0.1350	1.47521615e+09
0.0550	0.0950	0.1450	1.89353306e+09
0.0550	0.1050	0.1050	1.92225400e+09
0.0550	0.1050	0.1150	1.43706900e+09
0.0550	0.1050	0.1250	1.26503212e+09
0.0550	0.1050	0.1350	1.45350304e+09
0.0550	0.1050	0.1450	9.29614873e+08
0.0550	0.1150	0.1150	8.41343917e+08
0.0550	0.1150	0.1250	7.32077755e+08
0.0550	0.1150	0.1350	9.69295026e+08
0.0550	0.1150	0.1450	1.19107275e+09
0.0550	0.1250	0.1250	1.42446547e+09
0.0550	0.1250	0.1350	1.07215520e+09
0.0550	0.1250	0.1450	1.26941055e+09
0.0550	0.1350	0.1350	7.45685835e+08
0.0550	0.1350	0.1450	8.02439073e+08
0.0550	0.1450	0.1450	5.23523659e+08
0.0650	0.0650	0.0650	2.59388754e+09
0.0650	0.0650	0.0750	1.80404682e+09
0.0650	0.0650	0.0850	3.55378623e+08
0.0650	0.0650	0.0950	2.06188939e+09
0.0650	0.0650	0.1050	1.69667229e+09
0.0650	0.0650	0.1150	2.63474316e+09
0.0650	0.0650	0.1250	3.44529235e+09
0.0650	0.0650	0.1350	4.19904505e+09
0.0650	0.0750	0.0750	2.42008095e+09
0.0650	0.0750	0.0850	1.62329643e+09
0.0650	0.0750	0.0950	8.29651602e+07
0.0650	0.0750	0.1050	1.62765013e+09
0.0650	0.0750	0.1150	2.30722114e+09
0.0650	0.0750	0.1250	1.30275517e+09
0.0650	0.0750	0.1350	2.10987647e+09
0.0650	0.0750	0.1450	1.62841247e+09
0.0650	0.0850	0.0850	8.03458759e+08
0.0650	0.0850	0.0950	2.04068084e+09
0.0650	0.0850	0.1050	1.13367258e+09
0.0650	0.0850	0.1150	1.48489369e+09
0.0650	0.0850	0.1250	1.57767657e+09
0.0650	0.0850	0.1350	1.51319087e+09
0.0650	0.0850	0.1450	2.42505938e+09
0.0650	0.0950	0.0950	8.59106908e+08
0.0650	0.0950	0.1050	1.62217357e+09
0.0650	0.0950	0.1150	1.21910262e+09
0.0650	0.0950	0.1250	1.84687589e+09
0.0650	0.0950	0.1350	1.23760385e+09
0.0650	0.0950	0.1450	1.18382247e+09
0.0650	0.1050	0.1050	1.46097362e+09
0.0650	0.1050	0.1150	1.20276096e+09
0.0650	0.1050	0.1250	1.19322136e+09
0.0650	0.1050	0.1350	1.27337135e+09
0.0650	0.1050	0.1450	1.35887049e+09
0.0650	0.1150	0.1150	6.76388286e+08
0.0650	0.1150	0.1250	1.07148073e+09
0.0650	0.1150	0.1350	1.32103559e+09
0.0650	0.1150	0.1450	8.14499015e+08
0.0650	0.1250	0.1250	8.53553907e+08
0.0650	0.1250	0.1350	8.06391242e+08
0.0650	0.1250	0.1450	9.68648998e+08
0.0650	0.1350	0.1350	9.99713315e+08
0.0650	0.1350	0.1450	8.22449239e+08
0.0650	0.1450	0.1450	6.14637553e+08
0.0750	0.0750	0.0750	-3.70981328e+08
0.0750	0.0750	0.0850	1.05359725e+09
0.0750	0.0750	0.0950	1.20968051e+09
0.0750	0.0750	0.1050	1.20672245e+09
0.0750	0.0750	0.1150	1.62215334e+09
0.0750	0.0750	0.1250	1.53916142e+09
0.0750	0.0750	0.1350	2.18299504e+09
0.0750	0.0750	0.1450	1.40251905e+09
0.0750	0.0850	0.0850	1.34457292e+09
0.0750	0.0850	0.0950	9.84771982e+08
0.0750	0.0850	0.1050	1.60825536e+09
0.0750	0.0850	0.1150	1.18949603e+09
0.0750	0.0850	0.1250	1.03914233e+09
0.0750	0.0850	0.1350	9.48259445e+08
0.0750	0.0850	0.1450	1.57634910e+09
0.0750	0.0950	0.0950	7.25550770e+08
0.0750	0.0950	0.1050	8.14819670e+08
0.0750	0.0950	0.1150	3.54754494e+08
0.0750	0.0950	0.1250	8.49479885e+08
0.0750	0.0950	0.1350	1.02639571e+09
0.0750	0.0950	0.1450	1.37647266e+09
0.0750	0.1050	0.1050	1.60081898e+09
0.0750	0.1050	0.1150	9.71928559e+08
0.0750	0.1050	0.1250	8.10126717e+08
0.0750	0.1050	0.1350	1.23992170e+09
0.0750	0.1050	0.1450	1.08927064e+09
0.0750	0.1150	0.1150	9.36453663e+08
0.0750	0.1150	0.1250	1.08971579e+09
0.0750	0.1150	0.1350	8.99792045e+08
0.0750	0.1150	0.1450	8.74783311e+08
0.0750	0.1250	0.1250	9.83581003e+08
0.0750	0.1250	0.1350	6.28730363e+08
0.0750	0.1250	0.1450	7.46299091e+08
0.0750	0.1350	0.1350	6.38347635e+08
0.0750	0.1350	0.1450	6.07874725e+08
0.0750	0.1450	0.1450	5.54969992e+08
0.0850	0.0850	0.0850	1.54539846e+09
0.0850	0.0850	0.0950	8.36396265e+08
0.0850	0.0850	0.1050	1.80887443e+09
0.0850	0.0850	0.1150	8.10567852e+08
0.0850	0.0850	0.1250	1.87189093e+09
0.0850	0.0850	0.1350	8.86465448e+08
0.0850	0.0850	0.1450	8.63304043e+08
0.0850	0.0950	0.0950	1.44349644e+09
0.0850	0.0950	0.1050	1.10029060e+09
0.0850	0.0950	0.1150	5.69803631e+08
0.0850	0.0950	0.1250	9.15296916e+08
0.0850	0.0950	0.1350	1.53544006e+09
0.0850	0.0950	0.1450	1.07026553e+09
0.0850	0.1050	0.1050	9.19023105e+08
0.0850	0.1050	0.1150	9.74578079e+08
0.0850	0.1050	0.1250	6.97044006e+08
0.0850	0.1050	0.1350	8.83611479e+08
0.0850	0.1050	0.1450	5.41383890e+08
0.0850	0.1150	0.1150	9.16107567e+08
0.0850	0.1150	0.1250	5.19961299e+08
0.0850	0.1150	0.1350	1.00824840e+09
0.0850	0.1150	0.1450	7.84457175e+08
0.0850	0.1250	0.1250	6.56770064e+08
0.0850	0.1250	0.1350	7.30778330e+08
0.0850	0.1250	0.1450	7.05976224e+08
0.0850	0.1350	0.1350	5.03597110e+08
0.0850	0.1350	0.1450	8.43523321e+08
0.0850	0.1450	0.1450	4.28800983e+08
0.0950	0.0950	0.0950	1.11868884e+09
0.0950	0.0950	0.1050	9.79243790e+08
0.0950	0.0950	0.1150	7.45648016e+08
0.0950	0.0950	0.1250	7.68836367e+08
0.0950	0.0950	0.1350	5.53359609e+08
0.0950	0.0950	0.1450	9.29327157e+08
0.0950	0.1050	0.1050	5.14493768e+08
0.0950	0.1050	0.1150	5.51413395e+08
0.0950	0.1050	0.1250	5.41894960e+08
0.0950	0.1050	0.1350	8.60971182e+08
0.0950	0.1050	0.1450	7.62954580e+08
0.0950	0.1150	0.1150	3.85389115e+08
0.0950	0.1150	0.1250	7.83416264e+08
0.0950	0.1150	0.1350	3.70589157e+08
0.0950	0.1150	0.1450	5.96327530e+08
0.0950	0.1250	0.1250	4.19542914e+08
0.0950	0.1250	0.1350	8.33249036e+08
0.0950	0.1250	0.1450	4.75577663e+08
0.0950	0.1350	0.1350	2.28882335e+08
0.0950	0.1350	0.1450	8.74819767e+08
0.0950	0.1450	0.1450	4.97753967e+08
0.1050	0.1050	0.1050	1.45429965e+09
0.1050	0.1050	0.1150	3.11158149e+08
0.1050	0.1050	0.1250	6.42545243e+08
0.1050	0.1050	0.1350	7.75525079e+08
0.1050	0.1050	0.1450	6.23370454e+08
0.1050	0.1150	0.1150	9.47825733e+08
0.1050	0.1150	0.1250	5.08900942e+08
0.1050	0.1150	0.1350	9.08651236e+08
0.1050	0.1150	0.1450	6.29016328e+08
0.1050	0.1250	0.1250	7.48689780e+08
0.1050	0.1250	0.1350	5.13042579e+08
0.1050	0.1250	0.1450	7.13898087e+08
0.1050	0.1350	0.1350	8.54036337e+08
0.1050	0.1350	0.1450	3.25300145e+08
0.1050	0.1450	0.1450	4.23860641e+08
0.1150	0.1150	0.1150	5.25419538e+08
0.1150	0.1150	0.1250	6.00557205e+08
0.1150	0.1150	0.1350	4.31729191e+08
0.1150	0.1150	0.1450	6.27314117e+08
0.1150	0.1250	0.1250	3.40774786e+08
0.1150	0.1250	0.1350	4.91127735e+08
0.1150	0.1250	0.1450	4.84795230e+08
0.1150	0.1350	0.1350	2.34778891e+08
0.1150	0.1350	0.1450	6.46594118e+08
0.1150	0.1450	0.1450	4.46986781e+08
0.1250	0.1250	0.1250	5.75831008e+08
0.1250	0.1250	0.1350	5.45690214e+08
0.1250	0.1250	0.1450	4.39396856e+08
0.1250	0.1350	0.1350	5.85237145e+08
0.1250	0.1350	0.1450	4.60759257e+08
0.1250	0.1450	0.1450	4.49244750e+08
0.1350	0.1350	0.1350	7.88511810e+08
0.1350	0.1350	0.1450	3.82463866e+08
0.1350	0.1450	0.1450	3.24911068e+08
0.1450	0.1450	0.1450	2.94520250e+08
