####### Bispectrum of Patchy Simulation 1117 #############
# Patch: sgc
# z-type: z1
# Weights: fkp
# Fiducial Omega_m: 0.310
# Fiducial h: 0.676
# Boxsize: [1000.0, 1900.0, 1100.0]
# Grid: [95, 180, 105]
# k-binning: [0.000, 0.160, 0.010]
# Monte Carlo Simulations: 100
#
# Format: k1 | k2 | k3 | B(k1,k2,k3)
############################################
0.0150	0.0150	0.0150	3.47113456e+08
0.0150	0.0150	0.0250	-9.90076542e+09
0.0150	0.0150	0.0350	-3.90327108e+10
0.0150	0.0250	0.0250	5.02551675e+09
0.0150	0.0250	0.0350	2.91014291e+09
0.0150	0.0250	0.0450	3.95618741e+10
0.0150	0.0350	0.0350	1.24991732e+10
0.0150	0.0350	0.0450	3.34511435e+08
0.0150	0.0350	0.0550	-2.47500861e+09
0.0150	0.0450	0.0450	-1.03295198e+09
0.0150	0.0450	0.0550	1.71822711e+09
0.0150	0.0450	0.0650	7.86003906e+09
0.0150	0.0550	0.0550	3.76980322e+09
0.0150	0.0550	0.0650	8.29735899e+09
0.0150	0.0550	0.0750	-2.54067328e+09
0.0150	0.0650	0.0650	8.76980866e+09
0.0150	0.0650	0.0750	6.47925927e+09
0.0150	0.0650	0.0850	1.06150936e+10
0.0150	0.0750	0.0750	5.37284364e+09
0.0150	0.0750	0.0850	1.88703921e+09
0.0150	0.0750	0.0950	9.76045134e+09
0.0150	0.0850	0.0850	3.34294823e+09
0.0150	0.0850	0.0950	3.87270781e+09
0.0150	0.0850	0.1050	9.99636132e+09
0.0150	0.0950	0.0950	1.25939881e+09
0.0150	0.0950	0.1050	2.67406556e+09
0.0150	0.0950	0.1150	7.89966925e+09
0.0150	0.1050	0.1050	2.98046535e+09
0.0150	0.1050	0.1150	2.08269665e+09
0.0150	0.1050	0.1250	2.97164406e+09
0.0150	0.1150	0.1150	2.70407884e+09
0.0150	0.1150	0.1250	3.18027586e+09
0.0150	0.1150	0.1350	6.79698774e+09
0.0150	0.1250	0.1250	-1.21649956e+08
0.0150	0.1250	0.1350	2.27498016e+09
0.0150	0.1250	0.1450	3.41753352e+09
0.0150	0.1350	0.1350	1.43365135e+09
0.0150	0.1350	0.1450	3.02540257e+09
0.0150	0.1450	0.1450	1.62286914e+09
0.0250	0.0250	0.0250	1.31258874e+10
0.0250	0.0250	0.0350	5.45367609e+08
0.0250	0.0250	0.0450	-5.75726722e+08
0.0250	0.0250	0.0550	3.72841811e+08
0.0250	0.0350	0.0350	3.60762084e+09
0.0250	0.0350	0.0450	1.21068420e+10
0.0250	0.0350	0.0550	-6.11938641e+08
0.0250	0.0350	0.0650	6.98198731e+09
0.0250	0.0450	0.0450	1.88377729e+09
0.0250	0.0450	0.0550	8.15597657e+09
0.0250	0.0450	0.0650	2.75251066e+09
0.0250	0.0450	0.0750	-2.27113974e+09
0.0250	0.0550	0.0550	7.67391306e+09
0.0250	0.0550	0.0650	7.42845999e+08
0.0250	0.0550	0.0750	5.88042841e+09
0.0250	0.0550	0.0850	-2.83578941e+09
0.0250	0.0650	0.0650	4.73571536e+08
0.0250	0.0650	0.0750	2.02206188e+09
0.0250	0.0650	0.0850	2.21464597e+09
0.0250	0.0650	0.0950	5.83515636e+09
0.0250	0.0750	0.0750	1.35124437e+09
0.0250	0.0750	0.0850	4.36921302e+09
0.0250	0.0750	0.0950	2.05326266e+09
0.0250	0.0750	0.1050	2.77787712e+09
0.0250	0.0850	0.0850	9.48042829e+08
0.0250	0.0850	0.0950	2.35200193e+09
0.0250	0.0850	0.1050	2.70155594e+09
0.0250	0.0850	0.1150	2.38430807e+09
0.0250	0.0950	0.0950	1.88464841e+09
0.0250	0.0950	0.1050	1.70837278e+09
0.0250	0.0950	0.1150	2.78847566e+09
0.0250	0.0950	0.1250	1.35902085e+08
0.0250	0.1050	0.1050	1.22136447e+09
0.0250	0.1050	0.1150	1.21589330e+09
0.0250	0.1050	0.1250	2.52341208e+09
0.0250	0.1050	0.1350	1.68369245e+09
0.0250	0.1150	0.1150	6.15577673e+08
0.0250	0.1150	0.1250	1.26287278e+09
0.0250	0.1150	0.1350	2.32570268e+09
0.0250	0.1150	0.1450	7.74396408e+08
0.0250	0.1250	0.1250	1.23256585e+09
0.0250	0.1250	0.1350	1.48435479e+09
0.0250	0.1250	0.1450	1.34156338e+09
0.0250	0.1350	0.1350	1.04386978e+09
0.0250	0.1350	0.1450	8.62434820e+08
0.0250	0.1450	0.1450	1.67366665e+09
0.0350	0.0350	0.0350	3.21219271e+09
0.0350	0.0350	0.0450	6.66976013e+07
0.0350	0.0350	0.0550	4.45725353e+09
0.0350	0.0350	0.0650	6.71034254e+09
0.0350	0.0350	0.0750	9.75923773e+09
0.0350	0.0450	0.0450	5.63837022e+09
0.0350	0.0450	0.0550	-1.92765426e+09
0.0350	0.0450	0.0650	3.45094457e+09
0.0350	0.0450	0.0750	6.08421024e+09
0.0350	0.0450	0.0850	5.10872516e+09
0.0350	0.0550	0.0550	2.05545765e+08
0.0350	0.0550	0.0650	6.47667498e+09
0.0350	0.0550	0.0750	1.34812803e+09
0.0350	0.0550	0.0850	4.86125124e+09
0.0350	0.0550	0.0950	8.27137305e+09
0.0350	0.0650	0.0650	2.21202672e+09
0.0350	0.0650	0.0750	3.66332055e+09
0.0350	0.0650	0.0850	3.83673487e+09
0.0350	0.0650	0.0950	3.16148082e+09
0.0350	0.0650	0.1050	5.69303417e+09
0.0350	0.0750	0.0750	-7.50775776e+08
0.0350	0.0750	0.0850	2.69597590e+09
0.0350	0.0750	0.0950	3.76990836e+09
0.0350	0.0750	0.1050	1.32126111e+09
0.0350	0.0750	0.1150	2.36106094e+09
0.0350	0.0850	0.0850	2.93716619e+09
0.0350	0.0850	0.0950	2.27801695e+09
0.0350	0.0850	0.1050	1.83541617e+09
0.0350	0.0850	0.1150	3.26820563e+09
0.0350	0.0850	0.1250	2.95160353e+09
0.0350	0.0950	0.0950	2.11543618e+09
0.0350	0.0950	0.1050	9.81933206e+08
0.0350	0.0950	0.1150	1.09681121e+09
0.0350	0.0950	0.1250	2.54571370e+09
0.0350	0.0950	0.1350	2.29435608e+09
0.0350	0.1050	0.1050	9.01716604e+08
0.0350	0.1050	0.1150	1.30897123e+09
0.0350	0.1050	0.1250	1.63349929e+09
0.0350	0.1050	0.1350	2.47130834e+09
0.0350	0.1050	0.1450	1.68074441e+09
0.0350	0.1150	0.1150	4.39667196e+08
0.0350	0.1150	0.1250	1.47595020e+09
0.0350	0.1150	0.1350	1.08909336e+09
0.0350	0.1150	0.1450	1.75606096e+09
0.0350	0.1250	0.1250	1.46571569e+09
0.0350	0.1250	0.1350	8.28801318e+08
0.0350	0.1250	0.1450	1.45114381e+09
0.0350	0.1350	0.1350	8.18669476e+08
0.0350	0.1350	0.1450	1.34001615e+09
0.0350	0.1450	0.1450	9.38969772e+08
0.0450	0.0450	0.0450	3.77071115e+09
0.0450	0.0450	0.0550	-1.03296906e+07
0.0450	0.0450	0.0650	5.25473396e+09
0.0450	0.0450	0.0750	2.23000727e+09
0.0450	0.0450	0.0850	4.70440156e+09
0.0450	0.0450	0.0950	3.72232750e+09
0.0450	0.0550	0.0550	8.01853561e+09
0.0450	0.0550	0.0650	2.07938680e+09
0.0450	0.0550	0.0750	1.81906266e+09
0.0450	0.0550	0.0850	2.10214932e+09
0.0450	0.0550	0.0950	2.29996605e+09
0.0450	0.0550	0.1050	3.86643871e+08
0.0450	0.0650	0.0650	-1.58182440e+07
0.0450	0.0650	0.0750	2.20482854e+09
0.0450	0.0650	0.0850	9.78021012e+08
0.0450	0.0650	0.0950	1.11625208e+09
0.0450	0.0650	0.1050	4.09986801e+09
0.0450	0.0650	0.1150	2.06032133e+09
0.0450	0.0750	0.0750	5.09169278e+09
0.0450	0.0750	0.0850	1.30455299e+09
0.0450	0.0750	0.0950	1.06712669e+09
0.0450	0.0750	0.1050	2.45101399e+09
0.0450	0.0750	0.1150	9.07107003e+08
0.0450	0.0750	0.1250	1.09761365e+09
0.0450	0.0850	0.0850	1.81125334e+09
0.0450	0.0850	0.0950	7.13274808e+08
0.0450	0.0850	0.1050	1.68597514e+09
0.0450	0.0850	0.1150	1.92726091e+09
0.0450	0.0850	0.1250	2.31644835e+09
0.0450	0.0850	0.1350	1.54475354e+09
0.0450	0.0950	0.0950	1.14155698e+09
0.0450	0.0950	0.1050	8.41259603e+08
0.0450	0.0950	0.1150	1.33898232e+09
0.0450	0.0950	0.1250	1.32472818e+09
0.0450	0.0950	0.1350	1.50971323e+09
0.0450	0.0950	0.1450	1.22841137e+09
0.0450	0.1050	0.1050	1.23818380e+09
0.0450	0.1050	0.1150	8.59467796e+08
0.0450	0.1050	0.1250	1.42146015e+09
0.0450	0.1050	0.1350	1.01067298e+09
0.0450	0.1050	0.1450	1.72890713e+09
0.0450	0.1150	0.1150	9.65504586e+07
0.0450	0.1150	0.1250	1.06443631e+09
0.0450	0.1150	0.1350	7.51314259e+08
0.0450	0.1150	0.1450	5.00226724e+08
0.0450	0.1250	0.1250	1.72363490e+09
0.0450	0.1250	0.1350	7.50203973e+08
0.0450	0.1250	0.1450	7.31357755e+08
0.0450	0.1350	0.1350	1.45182383e+09
0.0450	0.1350	0.1450	8.20316341e+08
0.0450	0.1450	0.1450	8.26011505e+08
0.0550	0.0550	0.0550	3.92934510e+07
0.0550	0.0550	0.0650	1.72081126e+09
0.0550	0.0550	0.0750	1.40465995e+09
0.0550	0.0550	0.0850	7.77774678e+08
0.0550	0.0550	0.0950	4.13156277e+09
0.0550	0.0550	0.1050	2.79641448e+09
0.0550	0.0550	0.1150	5.25947288e+09
0.0550	0.0650	0.0650	3.56646010e+09
0.0550	0.0650	0.0750	1.43746012e+09
0.0550	0.0650	0.0850	2.49832593e+09
0.0550	0.0650	0.0950	3.59683034e+09
0.0550	0.0650	0.1050	2.70463044e+09
0.0550	0.0650	0.1150	1.92953655e+09
0.0550	0.0650	0.1250	3.39453355e+09
0.0550	0.0750	0.0750	1.94330166e+09
0.0550	0.0750	0.0850	1.00257575e+09
0.0550	0.0750	0.0950	1.75920137e+09
0.0550	0.0750	0.1050	9.76959704e+08
0.0550	0.0750	0.1150	1.72084552e+09
0.0550	0.0750	0.1250	2.10748275e+09
0.0550	0.0750	0.1350	2.24369134e+09
0.0550	0.0850	0.0850	1.12641242e+08
0.0550	0.0850	0.0950	1.51964806e+09
0.0550	0.0850	0.1050	1.02165754e+09
0.0550	0.0850	0.1150	1.61229980e+09
0.0550	0.0850	0.1250	1.98230580e+09
0.0550	0.0850	0.1350	2.64172939e+09
0.0550	0.0850	0.1450	1.44176608e+09
0.0550	0.0950	0.0950	7.74706973e+08
0.0550	0.0950	0.1050	7.51636721e+08
0.0550	0.0950	0.1150	1.56218737e+09
0.0550	0.0950	0.1250	7.86316992e+08
0.0550	0.0950	0.1350	1.81507925e+09
0.0550	0.0950	0.1450	2.16624948e+09
0.0550	0.1050	0.1050	1.01114119e+09
0.0550	0.1050	0.1150	1.16148549e+09
0.0550	0.1050	0.1250	9.47628159e+08
0.0550	0.1050	0.1350	1.29714171e+09
0.0550	0.1050	0.1450	9.83432026e+08
0.0550	0.1150	0.1150	1.36482076e+09
0.0550	0.1150	0.1250	7.13052727e+08
0.0550	0.1150	0.1350	9.23029012e+08
0.0550	0.1150	0.1450	1.01916300e+09
0.0550	0.1250	0.1250	4.73139690e+08
0.0550	0.1250	0.1350	8.22437094e+08
0.0550	0.1250	0.1450	7.99897584e+08
0.0550	0.1350	0.1350	5.83201791e+08
0.0550	0.1350	0.1450	6.01579795e+08
0.0550	0.1450	0.1450	8.75615213e+08
0.0650	0.0650	0.0650	2.75137018e+09
0.0650	0.0650	0.0750	9.69976927e+08
0.0650	0.0650	0.0850	3.14127170e+09
0.0650	0.0650	0.0950	1.31306029e+08
0.0650	0.0650	0.1050	9.07179401e+08
0.0650	0.0650	0.1150	2.78854162e+09
0.0650	0.0650	0.1250	2.42928745e+09
0.0650	0.0650	0.1350	2.10681423e+09
0.0650	0.0750	0.0750	2.44719210e+09
0.0650	0.0750	0.0850	1.85068261e+09
0.0650	0.0750	0.0950	1.79583714e+09
0.0650	0.0750	0.1050	1.98554743e+09
0.0650	0.0750	0.1150	7.49106218e+08
0.0650	0.0750	0.1250	1.31408786e+09
0.0650	0.0750	0.1350	2.23941677e+09
0.0650	0.0750	0.1450	1.62611793e+09
0.0650	0.0850	0.0850	1.59389234e+09
0.0650	0.0850	0.0950	1.90410963e+09
0.0650	0.0850	0.1050	5.52418826e+08
0.0650	0.0850	0.1150	1.89693958e+09
0.0650	0.0850	0.1250	1.37971642e+09
0.0650	0.0850	0.1350	1.93890345e+09
0.0650	0.0850	0.1450	1.40787065e+09
0.0650	0.0950	0.0950	9.74434593e+08
0.0650	0.0950	0.1050	1.20920124e+09
0.0650	0.0950	0.1150	7.39660308e+08
0.0650	0.0950	0.1250	1.49400952e+09
0.0650	0.0950	0.1350	1.12819433e+09
0.0650	0.0950	0.1450	1.40160617e+09
0.0650	0.1050	0.1050	1.07685100e+09
0.0650	0.1050	0.1150	1.01862699e+09
0.0650	0.1050	0.1250	8.49699439e+08
0.0650	0.1050	0.1350	8.21034613e+08
0.0650	0.1050	0.1450	5.52012909e+08
0.0650	0.1150	0.1150	1.08487912e+09
0.0650	0.1150	0.1250	1.30952400e+09
0.0650	0.1150	0.1350	1.13536686e+09
0.0650	0.1150	0.1450	8.75028803e+08
0.0650	0.1250	0.1250	5.09847932e+08
0.0650	0.1250	0.1350	7.34847328e+08
0.0650	0.1250	0.1450	6.70437581e+08
0.0650	0.1350	0.1350	9.01154014e+08
0.0650	0.1350	0.1450	7.03310931e+08
0.0650	0.1450	0.1450	5.08588487e+08
0.0750	0.0750	0.0750	6.61978319e+08
0.0750	0.0750	0.0850	2.45521738e+06
0.0750	0.0750	0.0950	2.03135431e+09
0.0750	0.0750	0.1050	1.06213085e+09
0.0750	0.0750	0.1150	9.11347782e+08
0.0750	0.0750	0.1250	7.53045821e+08
0.0750	0.0750	0.1350	1.34267145e+09
0.0750	0.0750	0.1450	1.52200225e+09
0.0750	0.0850	0.0850	1.08082820e+09
0.0750	0.0850	0.0950	1.05912870e+09
0.0750	0.0850	0.1050	8.89580316e+08
0.0750	0.0850	0.1150	1.26413215e+09
0.0750	0.0850	0.1250	1.17934295e+09
0.0750	0.0850	0.1350	1.11896399e+09
0.0750	0.0850	0.1450	1.10759497e+09
0.0750	0.0950	0.0950	1.46081625e+09
0.0750	0.0950	0.1050	3.51008510e+08
0.0750	0.0950	0.1150	6.86085552e+08
0.0750	0.0950	0.1250	7.88749113e+08
0.0750	0.0950	0.1350	9.30177046e+08
0.0750	0.0950	0.1450	1.32088146e+09
0.0750	0.1050	0.1050	9.27182982e+08
0.0750	0.1050	0.1150	6.50037718e+08
0.0750	0.1050	0.1250	7.99682767e+08
0.0750	0.1050	0.1350	7.25464536e+08
0.0750	0.1050	0.1450	7.34229584e+08
0.0750	0.1150	0.1150	1.28673585e+08
0.0750	0.1150	0.1250	4.94516728e+08
0.0750	0.1150	0.1350	3.83561785e+08
0.0750	0.1150	0.1450	7.80604182e+08
0.0750	0.1250	0.1250	6.25071474e+08
0.0750	0.1250	0.1350	7.12484151e+08
0.0750	0.1250	0.1450	5.73150637e+08
0.0750	0.1350	0.1350	2.35784622e+08
0.0750	0.1350	0.1450	6.97895094e+08
0.0750	0.1450	0.1450	5.05073059e+08
0.0850	0.0850	0.0850	7.88681434e+08
0.0850	0.0850	0.0950	1.12826122e+09
0.0850	0.0850	0.1050	9.40037983e+08
0.0850	0.0850	0.1150	5.84439663e+08
0.0850	0.0850	0.1250	1.05628073e+09
0.0850	0.0850	0.1350	1.44810918e+09
0.0850	0.0850	0.1450	7.91756137e+08
0.0850	0.0950	0.0950	9.72039132e+08
0.0850	0.0950	0.1050	1.97184275e+08
0.0850	0.0950	0.1150	1.32596541e+09
0.0850	0.0950	0.1250	1.04379787e+09
0.0850	0.0950	0.1350	1.07653880e+09
0.0850	0.0950	0.1450	8.85706798e+08
0.0850	0.1050	0.1050	7.74122327e+08
0.0850	0.1050	0.1150	4.49641135e+08
0.0850	0.1050	0.1250	1.03881376e+08
0.0850	0.1050	0.1350	6.73556019e+08
0.0850	0.1050	0.1450	7.43749070e+08
0.0850	0.1150	0.1150	5.58737513e+08
0.0850	0.1150	0.1250	7.20821432e+08
0.0850	0.1150	0.1350	6.10676515e+08
0.0850	0.1150	0.1450	7.63612735e+08
0.0850	0.1250	0.1250	1.74213926e+08
0.0850	0.1250	0.1350	8.01992906e+08
0.0850	0.1250	0.1450	5.38723449e+08
0.0850	0.1350	0.1350	4.46092775e+08
0.0850	0.1350	0.1450	5.97906888e+08
0.0850	0.1450	0.1450	5.99941020e+08
0.0950	0.0950	0.0950	7.39456226e+08
0.0950	0.0950	0.1050	9.53163599e+08
0.0950	0.0950	0.1150	4.54606466e+08
0.0950	0.0950	0.1250	1.28810899e+08
0.0950	0.0950	0.1350	6.90687001e+08
0.0950	0.0950	0.1450	8.09877888e+08
0.0950	0.1050	0.1050	-2.62373764e+07
0.0950	0.1050	0.1150	1.00304644e+09
0.0950	0.1050	0.1250	4.53759223e+08
0.0950	0.1050	0.1350	7.29661156e+08
0.0950	0.1050	0.1450	5.24067234e+08
0.0950	0.1150	0.1150	5.21026224e+08
0.0950	0.1150	0.1250	6.99971347e+08
0.0950	0.1150	0.1350	7.09004756e+08
0.0950	0.1150	0.1450	5.23787327e+08
0.0950	0.1250	0.1250	8.04332663e+08
0.0950	0.1250	0.1350	6.74190550e+08
0.0950	0.1250	0.1450	5.96724794e+08
0.0950	0.1350	0.1350	4.42242933e+08
0.0950	0.1350	0.1450	4.72420954e+08
0.0950	0.1450	0.1450	3.97426151e+08
0.1050	0.1050	0.1050	6.21105915e+08
0.1050	0.1050	0.1150	1.63899342e+08
0.1050	0.1050	0.1250	1.97897224e+08
0.1050	0.1050	0.1350	4.33836690e+08
0.1050	0.1050	0.1450	1.83973684e+08
0.1050	0.1150	0.1150	6.49166772e+08
0.1050	0.1150	0.1250	3.97809266e+08
0.1050	0.1150	0.1350	4.74186307e+08
0.1050	0.1150	0.1450	6.34675204e+08
0.1050	0.1250	0.1250	2.48581298e+08
0.1050	0.1250	0.1350	4.64265828e+08
0.1050	0.1250	0.1450	3.24812733e+08
0.1050	0.1350	0.1350	4.10728466e+08
0.1050	0.1350	0.1450	4.83674672e+08
0.1050	0.1450	0.1450	2.10446453e+08
0.1150	0.1150	0.1150	6.62925519e+08
0.1150	0.1150	0.1250	5.67406634e+08
0.1150	0.1150	0.1350	6.12537949e+08
0.1150	0.1150	0.1450	6.16175371e+08
0.1150	0.1250	0.1250	3.48546639e+08
0.1150	0.1250	0.1350	5.45298496e+08
0.1150	0.1250	0.1450	1.84639917e+08
0.1150	0.1350	0.1350	4.72653634e+08
0.1150	0.1350	0.1450	3.13175301e+08
0.1150	0.1450	0.1450	3.70810417e+08
0.1250	0.1250	0.1250	4.27848364e+08
0.1250	0.1250	0.1350	3.75579115e+08
0.1250	0.1250	0.1450	4.34124378e+08
0.1250	0.1350	0.1350	4.83584519e+08
0.1250	0.1350	0.1450	2.68607416e+08
0.1250	0.1450	0.1450	4.04315559e+08
0.1350	0.1350	0.1350	2.08160286e+08
0.1350	0.1350	0.1450	4.87043628e+08
0.1350	0.1450	0.1450	2.41779213e+08
0.1450	0.1450	0.1450	2.23553147e+08
