####### Bispectrum of Patchy Simulation 1246 #############
# Patch: ngc
# z-type: z3
# Weights: fkp
# Fiducial Omega_m: 0.310
# Fiducial h: 0.676
# Boxsize: [1800.0, 3400.0, 1900.0]
# Grid: [170, 325, 180]
# k-binning: [0.000, 0.160, 0.010]
# Monte Carlo Simulations: 100
#
# Format: k1 | k2 | k3 | B(k1,k2,k3)
############################################
0.0150	0.0150	0.0150	8.38479104e+09
0.0150	0.0150	0.0250	2.56505803e+10
0.0150	0.0150	0.0350	-3.99807112e+09
0.0150	0.0250	0.0250	-5.43779181e+09
0.0150	0.0250	0.0350	1.35736746e+10
0.0150	0.0250	0.0450	-3.30705734e+09
0.0150	0.0350	0.0350	9.20618525e+09
0.0150	0.0350	0.0450	3.92355481e+09
0.0150	0.0350	0.0550	1.17794130e+10
0.0150	0.0450	0.0450	4.63616682e+09
0.0150	0.0450	0.0550	7.39029646e+09
0.0150	0.0450	0.0650	1.38302491e+10
0.0150	0.0550	0.0550	3.00125576e+09
0.0150	0.0550	0.0650	4.26866736e+09
0.0150	0.0550	0.0750	9.18034892e+09
0.0150	0.0650	0.0650	4.81139320e+09
0.0150	0.0650	0.0750	4.23051618e+09
0.0150	0.0650	0.0850	1.37105506e+10
0.0150	0.0750	0.0750	3.59867836e+09
0.0150	0.0750	0.0850	3.42694175e+09
0.0150	0.0750	0.0950	9.77587143e+09
0.0150	0.0850	0.0850	3.63197872e+09
0.0150	0.0850	0.0950	4.34694418e+09
0.0150	0.0850	0.1050	3.41939771e+09
0.0150	0.0950	0.0950	2.03839142e+09
0.0150	0.0950	0.1050	3.40755565e+09
0.0150	0.0950	0.1150	3.25616672e+09
0.0150	0.1050	0.1050	9.26208035e+08
0.0150	0.1050	0.1150	2.87117233e+09
0.0150	0.1050	0.1250	3.65160609e+09
0.0150	0.1150	0.1150	1.70617296e+09
0.0150	0.1150	0.1250	2.64556653e+09
0.0150	0.1150	0.1350	1.90984818e+09
0.0150	0.1250	0.1250	3.18109187e+08
0.0150	0.1250	0.1350	2.57414923e+09
0.0150	0.1250	0.1450	3.62889411e+09
0.0150	0.1350	0.1350	1.88101784e+09
0.0150	0.1350	0.1450	2.54528135e+09
0.0150	0.1450	0.1450	1.45295533e+09
0.0250	0.0250	0.0250	1.46709174e+08
0.0250	0.0250	0.0350	1.07963976e+10
0.0250	0.0250	0.0450	8.86859305e+09
0.0250	0.0250	0.0550	1.35628496e+10
0.0250	0.0350	0.0350	7.94471769e+09
0.0250	0.0350	0.0450	4.31289653e+09
0.0250	0.0350	0.0550	6.43522274e+09
0.0250	0.0350	0.0650	7.20844528e+09
0.0250	0.0450	0.0450	4.63230784e+09
0.0250	0.0450	0.0550	4.77127171e+09
0.0250	0.0450	0.0650	6.67231880e+09
0.0250	0.0450	0.0750	1.42828150e+09
0.0250	0.0550	0.0550	3.89956364e+09
0.0250	0.0550	0.0650	3.68049938e+09
0.0250	0.0550	0.0750	5.59826622e+09
0.0250	0.0550	0.0850	2.63441503e+09
0.0250	0.0650	0.0650	3.35684446e+09
0.0250	0.0650	0.0750	2.85481770e+09
0.0250	0.0650	0.0850	2.54201871e+09
0.0250	0.0650	0.0950	4.02873974e+09
0.0250	0.0750	0.0750	4.10378038e+09
0.0250	0.0750	0.0850	4.18083418e+09
0.0250	0.0750	0.0950	3.36371553e+09
0.0250	0.0750	0.1050	3.55094714e+09
0.0250	0.0850	0.0850	1.45202402e+09
0.0250	0.0850	0.0950	2.28738352e+09
0.0250	0.0850	0.1050	3.89586884e+09
0.0250	0.0850	0.1150	3.07608350e+09
0.0250	0.0950	0.0950	1.69499915e+09
0.0250	0.0950	0.1050	1.99912720e+09
0.0250	0.0950	0.1150	2.94840766e+09
0.0250	0.0950	0.1250	1.16441367e+09
0.0250	0.1050	0.1050	2.19897670e+09
0.0250	0.1050	0.1150	2.19466465e+09
0.0250	0.1050	0.1250	2.07438740e+09
0.0250	0.1050	0.1350	3.47670618e+09
0.0250	0.1150	0.1150	1.92486905e+09
0.0250	0.1150	0.1250	1.78625158e+09
0.0250	0.1150	0.1350	2.18023883e+09
0.0250	0.1150	0.1450	2.83249943e+09
0.0250	0.1250	0.1250	9.14734459e+08
0.0250	0.1250	0.1350	1.22138634e+09
0.0250	0.1250	0.1450	1.79508427e+09
0.0250	0.1350	0.1350	1.04175905e+09
0.0250	0.1350	0.1450	1.39263327e+09
0.0250	0.1450	0.1450	1.16294185e+09
0.0350	0.0350	0.0350	-1.58252720e+08
0.0350	0.0350	0.0450	4.88200922e+09
0.0350	0.0350	0.0550	6.01742532e+08
0.0350	0.0350	0.0650	4.32006743e+09
0.0350	0.0350	0.0750	1.07268780e+10
0.0350	0.0450	0.0450	2.21446677e+09
0.0350	0.0450	0.0550	3.12910973e+09
0.0350	0.0450	0.0650	1.95558833e+09
0.0350	0.0450	0.0750	3.16884990e+09
0.0350	0.0450	0.0850	4.47953089e+09
0.0350	0.0550	0.0550	2.60726874e+09
0.0350	0.0550	0.0650	2.69116354e+09
0.0350	0.0550	0.0750	2.69048806e+09
0.0350	0.0550	0.0850	2.53959393e+09
0.0350	0.0550	0.0950	3.13341113e+09
0.0350	0.0650	0.0650	2.26680340e+09
0.0350	0.0650	0.0750	1.75390758e+09
0.0350	0.0650	0.0850	2.55723162e+09
0.0350	0.0650	0.0950	3.44493107e+09
0.0350	0.0650	0.1050	2.87578202e+09
0.0350	0.0750	0.0750	2.53916359e+09
0.0350	0.0750	0.0850	2.17698588e+09
0.0350	0.0750	0.0950	2.44851598e+09
0.0350	0.0750	0.1050	3.61192672e+09
0.0350	0.0750	0.1150	4.34632419e+09
0.0350	0.0850	0.0850	1.55409735e+09
0.0350	0.0850	0.0950	1.80081283e+09
0.0350	0.0850	0.1050	1.48387267e+09
0.0350	0.0850	0.1150	2.28909986e+09
0.0350	0.0850	0.1250	2.71884868e+09
0.0350	0.0950	0.0950	2.13371047e+09
0.0350	0.0950	0.1050	1.18598375e+09
0.0350	0.0950	0.1150	1.75982825e+09
0.0350	0.0950	0.1250	2.15073638e+09
0.0350	0.0950	0.1350	2.72434287e+09
0.0350	0.1050	0.1050	1.37483759e+09
0.0350	0.1050	0.1150	1.40608601e+09
0.0350	0.1050	0.1250	1.56896526e+09
0.0350	0.1050	0.1350	1.90562511e+09
0.0350	0.1050	0.1450	2.37280598e+09
0.0350	0.1150	0.1150	1.60866399e+09
0.0350	0.1150	0.1250	1.39169341e+09
0.0350	0.1150	0.1350	1.06263757e+09
0.0350	0.1150	0.1450	1.39425007e+09
0.0350	0.1250	0.1250	1.47141263e+09
0.0350	0.1250	0.1350	1.17538187e+09
0.0350	0.1250	0.1450	1.34891044e+09
0.0350	0.1350	0.1350	1.28710112e+09
0.0350	0.1350	0.1450	1.36466890e+09
0.0350	0.1450	0.1450	9.95004893e+08
0.0450	0.0450	0.0450	4.32940284e+09
0.0450	0.0450	0.0550	2.95089653e+09
0.0450	0.0450	0.0650	2.62704095e+09
0.0450	0.0450	0.0750	3.49743664e+09
0.0450	0.0450	0.0850	3.23126155e+09
0.0450	0.0450	0.0950	4.15084214e+09
0.0450	0.0550	0.0550	3.34964692e+09
0.0450	0.0550	0.0650	1.85932832e+09
0.0450	0.0550	0.0750	2.03573776e+09
0.0450	0.0550	0.0850	3.24820890e+09
0.0450	0.0550	0.0950	2.28887323e+09
0.0450	0.0550	0.1050	5.04149148e+09
0.0450	0.0650	0.0650	1.60560605e+09
0.0450	0.0650	0.0750	1.93294509e+09
0.0450	0.0650	0.0850	2.74634562e+09
0.0450	0.0650	0.0950	1.92711242e+09
0.0450	0.0650	0.1050	2.33883959e+09
0.0450	0.0650	0.1150	2.07632724e+09
0.0450	0.0750	0.0750	4.58095474e+08
0.0450	0.0750	0.0850	1.94026835e+09
0.0450	0.0750	0.0950	1.85377677e+09
0.0450	0.0750	0.1050	1.86559956e+09
0.0450	0.0750	0.1150	2.08617941e+09
0.0450	0.0750	0.1250	3.01444763e+09
0.0450	0.0850	0.0850	1.56756564e+09
0.0450	0.0850	0.0950	1.58633466e+09
0.0450	0.0850	0.1050	1.72450912e+09
0.0450	0.0850	0.1150	2.00237740e+09
0.0450	0.0850	0.1250	1.96525921e+09
0.0450	0.0850	0.1350	1.80692364e+09
0.0450	0.0950	0.0950	1.59461162e+09
0.0450	0.0950	0.1050	1.45755462e+09
0.0450	0.0950	0.1150	1.02925624e+09
0.0450	0.0950	0.1250	1.29330605e+09
0.0450	0.0950	0.1350	1.89260477e+09
0.0450	0.0950	0.1450	1.00000123e+09
0.0450	0.1050	0.1050	1.45069053e+09
0.0450	0.1050	0.1150	1.16017613e+09
0.0450	0.1050	0.1250	1.24483209e+09
0.0450	0.1050	0.1350	1.24342844e+09
0.0450	0.1050	0.1450	1.42762768e+09
0.0450	0.1150	0.1150	1.22812190e+09
0.0450	0.1150	0.1250	1.19897439e+09
0.0450	0.1150	0.1350	1.18612996e+09
0.0450	0.1150	0.1450	1.04786565e+09
0.0450	0.1250	0.1250	1.43804164e+09
0.0450	0.1250	0.1350	8.64900774e+08
0.0450	0.1250	0.1450	1.11115790e+09
0.0450	0.1350	0.1350	1.21054248e+09
0.0450	0.1350	0.1450	6.29564851e+08
0.0450	0.1450	0.1450	7.46492512e+08
0.0550	0.0550	0.0550	8.30912885e+08
0.0550	0.0550	0.0650	1.72437354e+09
0.0550	0.0550	0.0750	7.97811028e+08
0.0550	0.0550	0.0850	2.97095267e+09
0.0550	0.0550	0.0950	1.69701496e+09
0.0550	0.0550	0.1050	2.76444686e+09
0.0550	0.0550	0.1150	2.16641411e+09
0.0550	0.0650	0.0650	2.40151757e+09
0.0550	0.0650	0.0750	1.56647585e+09
0.0550	0.0650	0.0850	1.52901938e+09
0.0550	0.0650	0.0950	1.71893462e+09
0.0550	0.0650	0.1050	1.82199980e+09
0.0550	0.0650	0.1150	2.58482735e+09
0.0550	0.0650	0.1250	2.49489026e+09
0.0550	0.0750	0.0750	2.06685614e+09
0.0550	0.0750	0.0850	1.46985612e+09
0.0550	0.0750	0.0950	1.68984478e+09
0.0550	0.0750	0.1050	1.25981805e+09
0.0550	0.0750	0.1150	1.84828410e+09
0.0550	0.0750	0.1250	2.12004089e+09
0.0550	0.0750	0.1350	1.96727519e+09
0.0550	0.0850	0.0850	1.22273373e+09
0.0550	0.0850	0.0950	1.31143878e+09
0.0550	0.0850	0.1050	1.39695593e+09
0.0550	0.0850	0.1150	1.08225431e+09
0.0550	0.0850	0.1250	1.63057150e+09
0.0550	0.0850	0.1350	1.97209580e+09
0.0550	0.0850	0.1450	2.15096803e+09
0.0550	0.0950	0.0950	1.33078298e+09
0.0550	0.0950	0.1050	9.26558314e+08
0.0550	0.0950	0.1150	1.05646380e+09
0.0550	0.0950	0.1250	1.19074994e+09
0.0550	0.0950	0.1350	1.46985635e+09
0.0550	0.0950	0.1450	1.38081568e+09
0.0550	0.1050	0.1050	7.66981661e+07
0.0550	0.1050	0.1150	1.01347614e+09
0.0550	0.1050	0.1250	1.07322190e+09
0.0550	0.1050	0.1350	1.06525944e+09
0.0550	0.1050	0.1450	1.10000559e+09
0.0550	0.1150	0.1150	1.31821357e+09
0.0550	0.1150	0.1250	6.77604345e+08
0.0550	0.1150	0.1350	9.91201873e+08
0.0550	0.1150	0.1450	1.12205230e+09
0.0550	0.1250	0.1250	6.76559603e+08
0.0550	0.1250	0.1350	1.02404015e+09
0.0550	0.1250	0.1450	9.11284089e+08
0.0550	0.1350	0.1350	6.94823056e+08
0.0550	0.1350	0.1450	8.31933271e+08
0.0550	0.1450	0.1450	5.88454589e+08
0.0650	0.0650	0.0650	9.92349610e+08
0.0650	0.0650	0.0750	2.61340771e+09
0.0650	0.0650	0.0850	1.29367899e+09
0.0650	0.0650	0.0950	2.03372822e+09
0.0650	0.0650	0.1050	1.51562524e+09
0.0650	0.0650	0.1150	1.35635147e+09
0.0650	0.0650	0.1250	2.33448772e+09
0.0650	0.0650	0.1350	1.82954879e+09
0.0650	0.0750	0.0750	1.37855739e+09
0.0650	0.0750	0.0850	1.16859301e+09
0.0650	0.0750	0.0950	1.56645279e+09
0.0650	0.0750	0.1050	1.13418441e+09
0.0650	0.0750	0.1150	1.51967309e+09
0.0650	0.0750	0.1250	1.52372307e+09
0.0650	0.0750	0.1350	1.76690163e+09
0.0650	0.0750	0.1450	2.26855933e+09
0.0650	0.0850	0.0850	3.58191310e+08
0.0650	0.0850	0.0950	1.17916240e+09
0.0650	0.0850	0.1050	8.08840114e+08
0.0650	0.0850	0.1150	1.24318151e+09
0.0650	0.0850	0.1250	1.26656128e+09
0.0650	0.0850	0.1350	1.60490146e+09
0.0650	0.0850	0.1450	1.45673536e+09
0.0650	0.0950	0.0950	8.71781819e+08
0.0650	0.0950	0.1050	9.68983985e+08
0.0650	0.0950	0.1150	6.92903621e+08
0.0650	0.0950	0.1250	7.34349953e+08
0.0650	0.0950	0.1350	9.78966224e+08
0.0650	0.0950	0.1450	9.42003268e+08
0.0650	0.1050	0.1050	1.00755609e+09
0.0650	0.1050	0.1150	1.11432546e+09
0.0650	0.1050	0.1250	9.49209604e+08
0.0650	0.1050	0.1350	9.02653973e+08
0.0650	0.1050	0.1450	9.14176790e+08
0.0650	0.1150	0.1150	6.50575695e+08
0.0650	0.1150	0.1250	1.00365529e+09
0.0650	0.1150	0.1350	8.63843712e+08
0.0650	0.1150	0.1450	7.68378489e+08
0.0650	0.1250	0.1250	1.02091740e+09
0.0650	0.1250	0.1350	7.83558053e+08
0.0650	0.1250	0.1450	7.59477707e+08
0.0650	0.1350	0.1350	7.11391823e+08
0.0650	0.1350	0.1450	6.18309490e+08
0.0650	0.1450	0.1450	6.10122615e+08
0.0750	0.0750	0.0750	1.72879856e+09
0.0750	0.0750	0.0850	1.33527220e+09
0.0750	0.0750	0.0950	1.13197718e+09
0.0750	0.0750	0.1050	1.04708879e+09
0.0750	0.0750	0.1150	1.00141691e+09
0.0750	0.0750	0.1250	1.36499277e+09
0.0750	0.0750	0.1350	1.38808675e+09
0.0750	0.0750	0.1450	1.37882336e+09
0.0750	0.0850	0.0850	1.33474771e+09
0.0750	0.0850	0.0950	1.20415338e+09
0.0750	0.0850	0.1050	9.62291251e+08
0.0750	0.0850	0.1150	1.07346765e+09
0.0750	0.0850	0.1250	1.04321247e+09
0.0750	0.0850	0.1350	1.16933177e+09
0.0750	0.0850	0.1450	1.18386166e+09
0.0750	0.0950	0.0950	1.18671606e+09
0.0750	0.0950	0.1050	8.31525631e+08
0.0750	0.0950	0.1150	1.24847364e+09
0.0750	0.0950	0.1250	9.34745187e+08
0.0750	0.0950	0.1350	8.97527139e+08
0.0750	0.0950	0.1450	1.03476775e+09
0.0750	0.1050	0.1050	7.78695553e+08
0.0750	0.1050	0.1150	8.34886643e+08
0.0750	0.1050	0.1250	8.87753698e+08
0.0750	0.1050	0.1350	8.16375577e+08
0.0750	0.1050	0.1450	7.66873668e+08
0.0750	0.1150	0.1150	7.95988648e+08
0.0750	0.1150	0.1250	8.41418752e+08
0.0750	0.1150	0.1350	6.39094284e+08
0.0750	0.1150	0.1450	9.59637248e+08
0.0750	0.1250	0.1250	6.12272157e+08
0.0750	0.1250	0.1350	9.01685566e+08
0.0750	0.1250	0.1450	7.35514467e+08
0.0750	0.1350	0.1350	6.43864566e+08
0.0750	0.1350	0.1450	6.43754472e+08
0.0750	0.1450	0.1450	5.49962590e+08
0.0850	0.0850	0.0850	1.00767031e+09
0.0850	0.0850	0.0950	3.25550236e+08
0.0850	0.0850	0.1050	6.34984847e+08
0.0850	0.0850	0.1150	7.66846668e+08
0.0850	0.0850	0.1250	8.58541479e+08
0.0850	0.0850	0.1350	9.57374622e+08
0.0850	0.0850	0.1450	9.25183375e+08
0.0850	0.0950	0.0950	8.71048710e+08
0.0850	0.0950	0.1050	8.51129192e+08
0.0850	0.0950	0.1150	8.86784452e+08
0.0850	0.0950	0.1250	7.29088105e+08
0.0850	0.0950	0.1350	7.63880855e+08
0.0850	0.0950	0.1450	7.98055821e+08
0.0850	0.1050	0.1050	9.90021504e+08
0.0850	0.1050	0.1150	5.58990776e+08
0.0850	0.1050	0.1250	6.48345324e+08
0.0850	0.1050	0.1350	6.01463592e+08
0.0850	0.1050	0.1450	6.45185899e+08
0.0850	0.1150	0.1150	6.99823375e+08
0.0850	0.1150	0.1250	7.91047295e+08
0.0850	0.1150	0.1350	6.36222910e+08
0.0850	0.1150	0.1450	8.16762980e+08
0.0850	0.1250	0.1250	7.74005797e+08
0.0850	0.1250	0.1350	5.06001145e+08
0.0850	0.1250	0.1450	6.31976764e+08
0.0850	0.1350	0.1350	6.40892016e+08
0.0850	0.1350	0.1450	4.96517386e+08
0.0850	0.1450	0.1450	4.78966277e+08
0.0950	0.0950	0.0950	7.27286266e+08
0.0950	0.0950	0.1050	8.04903550e+08
0.0950	0.0950	0.1150	5.78259416e+08
0.0950	0.0950	0.1250	8.20854001e+08
0.0950	0.0950	0.1350	6.13147284e+08
0.0950	0.0950	0.1450	6.90318786e+08
0.0950	0.1050	0.1050	6.86890939e+08
0.0950	0.1050	0.1150	6.15156809e+08
0.0950	0.1050	0.1250	5.91731313e+08
0.0950	0.1050	0.1350	6.45656437e+08
0.0950	0.1050	0.1450	5.24296422e+08
0.0950	0.1150	0.1150	4.79996792e+08
0.0950	0.1150	0.1250	6.50955256e+08
0.0950	0.1150	0.1350	5.07238963e+08
0.0950	0.1150	0.1450	4.55773189e+08
0.0950	0.1250	0.1250	7.70816027e+08
0.0950	0.1250	0.1350	5.91507415e+08
0.0950	0.1250	0.1450	5.76961932e+08
0.0950	0.1350	0.1350	5.27196370e+08
0.0950	0.1350	0.1450	4.11250422e+08
0.0950	0.1450	0.1450	4.76367771e+08
0.1050	0.1050	0.1050	3.38344690e+08
0.1050	0.1050	0.1150	7.96698095e+08
0.1050	0.1050	0.1250	5.56609457e+08
0.1050	0.1050	0.1350	5.90699489e+08
0.1050	0.1050	0.1450	5.55439787e+08
0.1050	0.1150	0.1150	6.04948805e+08
0.1050	0.1150	0.1250	5.93672947e+08
0.1050	0.1150	0.1350	4.92627125e+08
0.1050	0.1150	0.1450	5.43433614e+08
0.1050	0.1250	0.1250	3.56352113e+08
0.1050	0.1250	0.1350	5.95243149e+08
0.1050	0.1250	0.1450	3.90419812e+08
0.1050	0.1350	0.1350	4.68476056e+08
0.1050	0.1350	0.1450	4.66704797e+08
0.1050	0.1450	0.1450	3.92556138e+08
0.1150	0.1150	0.1150	5.24841636e+08
0.1150	0.1150	0.1250	5.91082126e+08
0.1150	0.1150	0.1350	4.60895379e+08
0.1150	0.1150	0.1450	5.03277032e+08
0.1150	0.1250	0.1250	4.06070720e+08
0.1150	0.1250	0.1350	4.88375380e+08
0.1150	0.1250	0.1450	5.03883328e+08
0.1150	0.1350	0.1350	5.72614366e+08
0.1150	0.1350	0.1450	4.84463892e+08
0.1150	0.1450	0.1450	4.36459998e+08
0.1250	0.1250	0.1250	6.64246136e+08
0.1250	0.1250	0.1350	5.47539266e+08
0.1250	0.1250	0.1450	5.31182082e+08
0.1250	0.1350	0.1350	4.08628845e+08
0.1250	0.1350	0.1450	4.22339083e+08
0.1250	0.1450	0.1450	4.78458975e+08
0.1350	0.1350	0.1350	3.02643091e+08
0.1350	0.1350	0.1450	3.05047037e+08
0.1350	0.1450	0.1450	4.19361818e+08
0.1450	0.1450	0.1450	2.89777092e+08
