####### Bispectrum of patchy_s1_ Simulation 928 #############
# Weights: FKP
# Fiducial Omega_m: 0.310
# Fiducial h: 0.676
# Boxsize: [1000.0, 1900.0, 1100.0]
# Grid: [95, 250, 140]
# k-binning: [0.000, 0.110, 0.010]
# l-max: 4
# Monte Carlo Simulations: 100
#
# Format: k1 | k2 | k3 | B(k1,k2,k3) | B2(k1,k2,k3) | B4(k1,k2,k3)
############################################
0.0150	0.0150	0.0150	-3.18866201e+10	1.17147813e+11	2.03248031e+11
0.0150	0.0150	0.0250	-2.83541085e+09	6.83144664e+10	-1.34208245e+11
0.0150	0.0250	0.0250	-7.45963891e+09	2.85284188e+09	-4.85131857e+10
0.0150	0.0250	0.0350	4.75977396e+09	-8.53510333e+09	6.63056949e+10
0.0150	0.0350	0.0350	1.17634270e+10	1.26300858e+10	-7.88775329e+10
0.0150	0.0350	0.0450	1.32177135e+10	1.91132464e+10	-4.79352984e+09
0.0150	0.0450	0.0450	1.06352350e+10	1.36683024e+10	1.25387291e+10
0.0150	0.0450	0.0550	6.78213974e+09	-6.30572891e+08	2.76193999e+10
0.0150	0.0550	0.0550	4.79894295e+08	9.56937640e+09	2.02864773e+10
0.0150	0.0550	0.0650	1.08778730e+10	3.12166629e+09	8.32437967e+09
0.0150	0.0650	0.0650	1.03580122e+10	8.24439517e+09	-1.64201927e+10
0.0150	0.0650	0.0750	7.38033137e+08	2.54499639e+08	-5.60750713e+09
0.0150	0.0750	0.0750	1.09653549e+10	6.22232858e+09	7.26145766e+08
0.0250	0.0250	0.0250	-2.18917067e+10	-7.14846074e+10	2.79769597e+10
0.0250	0.0250	0.0350	-4.22549332e+09	2.24893651e+10	9.14152318e+09
0.0250	0.0250	0.0450	1.00630213e+10	-1.64713389e+10	-1.17935799e+10
0.0250	0.0350	0.0350	9.67519723e+09	-8.98947343e+09	-1.57065193e+10
0.0250	0.0350	0.0450	5.70661609e+09	1.91057343e+10	2.29154486e+10
0.0250	0.0350	0.0550	7.77368277e+09	1.56332865e+10	-5.62394411e+09
0.0250	0.0450	0.0450	1.79670939e+08	-1.83136996e+10	6.83214368e+09
0.0250	0.0450	0.0550	-8.19643091e+08	6.46317508e+09	-8.22689332e+09
0.0250	0.0450	0.0650	1.01277719e+10	9.70607249e+09	-6.76294375e+08
0.0250	0.0550	0.0550	7.27424202e+09	7.52877338e+09	-9.79940218e+09
0.0250	0.0550	0.0650	4.88121570e+09	7.71553837e+09	-6.28912985e+09
0.0250	0.0550	0.0750	6.56027992e+09	8.43078634e+09	1.29604354e+09
0.0250	0.0650	0.0650	3.59056732e+09	-7.42625131e+09	2.46417445e+09
0.0250	0.0650	0.0750	4.45265123e+09	2.83706513e+09	9.09392580e+09
0.0250	0.0750	0.0750	2.54535705e+09	-6.37708841e+08	-2.79873442e+09
0.0350	0.0350	0.0350	9.53408908e+09	-1.07211802e+10	-6.22262485e+09
0.0350	0.0350	0.0450	6.79118344e+09	9.30843027e+09	-8.41402475e+09
0.0350	0.0350	0.0550	5.23363863e+09	2.87584273e+09	2.93297837e+09
0.0350	0.0350	0.0650	4.27958373e+09	1.22265904e+10	-7.67758318e+08
0.0350	0.0450	0.0450	7.23981754e+09	-3.51042083e+09	8.75855808e+08
0.0350	0.0450	0.0550	6.02259657e+09	7.28194677e+08	-6.17543364e+09
0.0350	0.0450	0.0650	3.84678496e+09	3.98457439e+09	-3.76372787e+08
0.0350	0.0450	0.0750	1.16448472e+09	2.10685894e+09	1.59882969e+09
0.0350	0.0550	0.0550	6.03686200e+09	-3.24687597e+09	2.81457160e+09
0.0350	0.0550	0.0650	1.83289039e+09	1.31648856e+09	6.89137380e+09
0.0350	0.0550	0.0750	3.96206041e+09	-1.81360437e+09	-3.92023971e+09
0.0350	0.0650	0.0650	2.88330387e+09	-9.66669826e+08	5.13858758e+07
0.0350	0.0650	0.0750	1.82669025e+09	1.50612991e+09	-1.33736500e+10
0.0350	0.0750	0.0750	3.46546036e+09	3.50030868e+09	-1.06112258e+08
0.0450	0.0450	0.0450	2.33053069e+08	1.88278377e+09	-4.33084071e+09
0.0450	0.0450	0.0550	-2.67282284e+08	5.67893722e+09	9.37186188e+09
0.0450	0.0450	0.0650	3.12683635e+09	-5.10462836e+09	-4.97991130e+09
0.0450	0.0450	0.0750	-5.16212503e+08	-4.93853424e+09	-1.19681633e+09
0.0450	0.0550	0.0550	4.23200990e+09	7.41352716e+09	-2.88080262e+09
0.0450	0.0550	0.0650	3.48953964e+09	-8.63908535e+08	6.28816425e+09
0.0450	0.0550	0.0750	3.86576398e+09	3.39835663e+09	-4.91155775e+08
0.0450	0.0650	0.0650	3.34170090e+09	-5.99218201e+09	-5.70013351e+09
0.0450	0.0650	0.0750	2.74245336e+09	2.64142455e+09	2.61977917e+09
0.0450	0.0750	0.0750	1.51163861e+09	-2.72720980e+09	5.22298886e+09
0.0550	0.0550	0.0550	3.25798803e+09	-1.23255954e+09	-3.24891015e+09
0.0550	0.0550	0.0650	1.67840836e+09	-4.69980703e+09	-4.71544314e+08
0.0550	0.0550	0.0750	8.09302182e+08	3.93360912e+09	4.97758053e+08
0.0550	0.0650	0.0650	3.65138185e+09	-5.06324605e+08	2.48531532e+07
0.0550	0.0650	0.0750	6.27512962e+08	2.07656031e+08	1.22300480e+09
0.0550	0.0750	0.0750	2.56710897e+09	-9.37665545e+08	-1.92551463e+09
0.0650	0.0650	0.0650	-3.63620019e+09	-1.95659692e+09	1.57335032e+08
0.0650	0.0650	0.0750	3.93645618e+09	3.45019375e+09	1.90832880e+09
0.0650	0.0750	0.0750	-9.97336774e+08	-1.11283353e+09	-1.40181959e+09
0.0750	0.0750	0.0750	2.96685041e+08	-1.70374737e+09	-1.83445939e+09
