####### Bispectrum of Patchy Simulation 1574 #############
# Patch: ngc
# z-type: z1
# Weights: fkp
# Fiducial Omega_m: 0.310
# Fiducial h: 0.676
# Boxsize: [1350.0, 2450.0, 1400.0]
# Grid: [126, 230, 130]
# k-binning: [0.000, 0.160, 0.010]
# Monte Carlo Simulations: 100
#
# Format: k1 | k2 | k3 | B(k1,k2,k3)
############################################
0.0150	0.0150	0.0150	3.44425310e+09
0.0150	0.0150	0.0250	2.13740135e+10
0.0150	0.0150	0.0350	4.29628748e+09
0.0150	0.0250	0.0250	1.34666291e+10
0.0150	0.0250	0.0350	1.13162397e+10
0.0150	0.0250	0.0450	9.82800086e+09
0.0150	0.0350	0.0350	1.30572488e+10
0.0150	0.0350	0.0450	7.95544812e+09
0.0150	0.0350	0.0550	1.20467649e+10
0.0150	0.0450	0.0450	2.87860827e+09
0.0150	0.0450	0.0550	9.26613724e+09
0.0150	0.0450	0.0650	4.12445370e+09
0.0150	0.0550	0.0550	2.51582003e+09
0.0150	0.0550	0.0650	7.22053116e+09
0.0150	0.0550	0.0750	1.28744444e+10
0.0150	0.0650	0.0650	2.76910125e+09
0.0150	0.0650	0.0750	6.15922840e+09
0.0150	0.0650	0.0850	4.50007451e+09
0.0150	0.0750	0.0750	4.91558017e+09
0.0150	0.0750	0.0850	1.90411630e+09
0.0150	0.0750	0.0950	5.12154349e+09
0.0150	0.0850	0.0850	3.78048063e+09
0.0150	0.0850	0.0950	3.54506303e+09
0.0150	0.0850	0.1050	6.11999023e+09
0.0150	0.0950	0.0950	1.69386545e+09
0.0150	0.0950	0.1050	3.07442016e+09
0.0150	0.0950	0.1150	4.91452746e+09
0.0150	0.1050	0.1050	1.57996397e+09
0.0150	0.1050	0.1150	2.48667161e+09
0.0150	0.1050	0.1250	3.78221685e+09
0.0150	0.1150	0.1150	2.01041749e+09
0.0150	0.1150	0.1250	2.60905976e+09
0.0150	0.1150	0.1350	1.83469970e+09
0.0150	0.1250	0.1250	2.19656112e+09
0.0150	0.1250	0.1350	2.03619369e+09
0.0150	0.1250	0.1450	2.25141970e+09
0.0150	0.1350	0.1350	5.52861252e+08
0.0150	0.1350	0.1450	2.05554605e+09
0.0150	0.1450	0.1450	1.46861862e+09
0.0250	0.0250	0.0250	2.21708185e+10
0.0250	0.0250	0.0350	1.48783784e+10
0.0250	0.0250	0.0450	8.45843403e+09
0.0250	0.0250	0.0550	2.31138343e+10
0.0250	0.0350	0.0350	9.45293014e+09
0.0250	0.0350	0.0450	9.44850454e+09
0.0250	0.0350	0.0550	6.40696653e+09
0.0250	0.0350	0.0650	1.33162576e+10
0.0250	0.0450	0.0450	-6.93494719e+08
0.0250	0.0450	0.0550	4.47754826e+09
0.0250	0.0450	0.0650	7.00634144e+09
0.0250	0.0450	0.0750	9.71053225e+09
0.0250	0.0550	0.0550	5.53402415e+09
0.0250	0.0550	0.0650	4.40927959e+09
0.0250	0.0550	0.0750	5.80056172e+09
0.0250	0.0550	0.0850	3.75094494e+09
0.0250	0.0650	0.0650	2.31771779e+09
0.0250	0.0650	0.0750	2.93665628e+09
0.0250	0.0650	0.0850	5.59109759e+09
0.0250	0.0650	0.0950	6.45107032e+09
0.0250	0.0750	0.0750	4.66630240e+09
0.0250	0.0750	0.0850	2.14708557e+09
0.0250	0.0750	0.0950	3.78060556e+09
0.0250	0.0750	0.1050	6.36038722e+09
0.0250	0.0850	0.0850	3.05169651e+09
0.0250	0.0850	0.0950	3.83272090e+09
0.0250	0.0850	0.1050	2.82330294e+09
0.0250	0.0850	0.1150	4.60045765e+09
0.0250	0.0950	0.0950	2.12468909e+09
0.0250	0.0950	0.1050	2.74988673e+09
0.0250	0.0950	0.1150	2.75662482e+09
0.0250	0.0950	0.1250	3.89124180e+09
0.0250	0.1050	0.1050	1.85146210e+09
0.0250	0.1050	0.1150	2.09978421e+09
0.0250	0.1050	0.1250	2.77119032e+09
0.0250	0.1050	0.1350	2.91498277e+09
0.0250	0.1150	0.1150	2.00870739e+09
0.0250	0.1150	0.1250	2.02603670e+09
0.0250	0.1150	0.1350	2.64611299e+09
0.0250	0.1150	0.1450	2.66165951e+09
0.0250	0.1250	0.1250	2.32036296e+09
0.0250	0.1250	0.1350	1.31766864e+09
0.0250	0.1250	0.1450	2.57434186e+09
0.0250	0.1350	0.1350	1.48171272e+09
0.0250	0.1350	0.1450	1.88797552e+09
0.0250	0.1450	0.1450	1.15979717e+09
0.0350	0.0350	0.0350	4.08266969e+09
0.0350	0.0350	0.0450	1.48749248e+09
0.0350	0.0350	0.0550	3.95418505e+09
0.0350	0.0350	0.0650	3.86236093e+09
0.0350	0.0350	0.0750	4.67936331e+09
0.0350	0.0450	0.0450	1.29237127e+09
0.0350	0.0450	0.0550	3.00209589e+09
0.0350	0.0450	0.0650	4.29015378e+09
0.0350	0.0450	0.0750	4.39298990e+09
0.0350	0.0450	0.0850	3.78657043e+09
0.0350	0.0550	0.0550	4.71074591e+09
0.0350	0.0550	0.0650	3.71087799e+09
0.0350	0.0550	0.0750	4.80280751e+09
0.0350	0.0550	0.0850	3.90381422e+09
0.0350	0.0550	0.0950	4.96693965e+09
0.0350	0.0650	0.0650	5.88952675e+09
0.0350	0.0650	0.0750	2.39010605e+09
0.0350	0.0650	0.0850	3.36678628e+09
0.0350	0.0650	0.0950	3.13241701e+09
0.0350	0.0650	0.1050	4.81948538e+09
0.0350	0.0750	0.0750	2.70112052e+08
0.0350	0.0750	0.0850	1.71070469e+09
0.0350	0.0750	0.0950	2.18751041e+09
0.0350	0.0750	0.1050	3.74255867e+09
0.0350	0.0750	0.1150	4.41309118e+09
0.0350	0.0850	0.0850	2.72137832e+09
0.0350	0.0850	0.0950	1.61564081e+09
0.0350	0.0850	0.1050	1.95193776e+09
0.0350	0.0850	0.1150	2.18068871e+09
0.0350	0.0850	0.1250	3.19870227e+09
0.0350	0.0950	0.0950	1.63432267e+09
0.0350	0.0950	0.1050	1.68109019e+09
0.0350	0.0950	0.1150	1.51931606e+09
0.0350	0.0950	0.1250	2.20920070e+09
0.0350	0.0950	0.1350	3.12231088e+09
0.0350	0.1050	0.1050	1.20880976e+09
0.0350	0.1050	0.1150	1.82930537e+09
0.0350	0.1050	0.1250	1.19382918e+09
0.0350	0.1050	0.1350	2.34002056e+09
0.0350	0.1050	0.1450	1.93900582e+09
0.0350	0.1150	0.1150	5.71598885e+08
0.0350	0.1150	0.1250	1.30410045e+09
0.0350	0.1150	0.1350	1.37741819e+09
0.0350	0.1150	0.1450	1.76920393e+09
0.0350	0.1250	0.1250	1.65177689e+09
0.0350	0.1250	0.1350	1.32751086e+09
0.0350	0.1250	0.1450	1.19154485e+09
0.0350	0.1350	0.1350	8.74632940e+08
0.0350	0.1350	0.1450	9.02304006e+08
0.0350	0.1450	0.1450	8.94752408e+08
0.0450	0.0450	0.0450	2.66278925e+07
0.0450	0.0450	0.0550	3.94261790e+09
0.0450	0.0450	0.0650	3.00902328e+09
0.0450	0.0450	0.0750	3.83933432e+09
0.0450	0.0450	0.0850	2.78754247e+09
0.0450	0.0450	0.0950	3.19218026e+09
0.0450	0.0550	0.0550	1.90354210e+09
0.0450	0.0550	0.0650	2.28766298e+09
0.0450	0.0550	0.0750	3.02433004e+09
0.0450	0.0550	0.0850	2.93063957e+09
0.0450	0.0550	0.0950	2.60028409e+09
0.0450	0.0550	0.1050	4.25195743e+09
0.0450	0.0650	0.0650	2.46295215e+09
0.0450	0.0650	0.0750	1.89113042e+09
0.0450	0.0650	0.0850	2.90577065e+09
0.0450	0.0650	0.0950	2.10558177e+09
0.0450	0.0650	0.1050	3.21339120e+09
0.0450	0.0650	0.1150	4.23488872e+09
0.0450	0.0750	0.0750	3.69464037e+09
0.0450	0.0750	0.0850	1.70089889e+09
0.0450	0.0750	0.0950	1.87334803e+09
0.0450	0.0750	0.1050	2.48805063e+09
0.0450	0.0750	0.1150	2.36896127e+09
0.0450	0.0750	0.1250	1.72452922e+09
0.0450	0.0850	0.0850	1.46615666e+09
0.0450	0.0850	0.0950	1.32326071e+09
0.0450	0.0850	0.1050	1.50180958e+09
0.0450	0.0850	0.1150	2.40714383e+09
0.0450	0.0850	0.1250	1.80564693e+09
0.0450	0.0850	0.1350	2.32336096e+09
0.0450	0.0950	0.0950	4.69802767e+08
0.0450	0.0950	0.1050	1.72698818e+09
0.0450	0.0950	0.1150	1.18282754e+09
0.0450	0.0950	0.1250	1.81065083e+09
0.0450	0.0950	0.1350	1.53714415e+09
0.0450	0.0950	0.1450	1.94618206e+09
0.0450	0.1050	0.1050	8.12435573e+08
0.0450	0.1050	0.1150	1.70424686e+09
0.0450	0.1050	0.1250	1.23164715e+09
0.0450	0.1050	0.1350	1.47582050e+09
0.0450	0.1050	0.1450	1.65818556e+09
0.0450	0.1150	0.1150	1.04129479e+09
0.0450	0.1150	0.1250	6.82379595e+08
0.0450	0.1150	0.1350	1.17899732e+09
0.0450	0.1150	0.1450	1.39716739e+09
0.0450	0.1250	0.1250	8.31824591e+08
0.0450	0.1250	0.1350	1.05413110e+09
0.0450	0.1250	0.1450	8.88734894e+08
0.0450	0.1350	0.1350	8.39294261e+08
0.0450	0.1350	0.1450	9.15572701e+08
0.0450	0.1450	0.1450	5.31899576e+08
0.0550	0.0550	0.0550	-9.73848248e+08
0.0550	0.0550	0.0650	3.34078665e+09
0.0550	0.0550	0.0750	1.21384284e+09
0.0550	0.0550	0.0850	1.97745359e+09
0.0550	0.0550	0.0950	2.35302146e+09
0.0550	0.0550	0.1050	2.44764696e+09
0.0550	0.0550	0.1150	2.71976817e+09
0.0550	0.0650	0.0650	2.23944639e+09
0.0550	0.0650	0.0750	2.60715693e+09
0.0550	0.0650	0.0850	1.87142239e+09
0.0550	0.0650	0.0950	1.90345403e+09
0.0550	0.0650	0.1050	2.32477565e+09
0.0550	0.0650	0.1150	2.95974184e+09
0.0550	0.0650	0.1250	2.14024755e+09
0.0550	0.0750	0.0750	1.51068172e+09
0.0550	0.0750	0.0850	1.52782031e+09
0.0550	0.0750	0.0950	1.83430130e+09
0.0550	0.0750	0.1050	1.59028132e+09
0.0550	0.0750	0.1150	1.93337365e+09
0.0550	0.0750	0.1250	2.14746838e+09
0.0550	0.0750	0.1350	2.24543621e+09
0.0550	0.0850	0.0850	9.56956199e+08
0.0550	0.0850	0.0950	1.10031256e+09
0.0550	0.0850	0.1050	1.16168119e+09
0.0550	0.0850	0.1150	1.42079856e+09
0.0550	0.0850	0.1250	1.83638475e+09
0.0550	0.0850	0.1350	1.53110087e+09
0.0550	0.0850	0.1450	2.27768342e+09
0.0550	0.0950	0.0950	1.41843355e+09
0.0550	0.0950	0.1050	1.05727019e+09
0.0550	0.0950	0.1150	1.42764909e+09
0.0550	0.0950	0.1250	1.34678952e+09
0.0550	0.0950	0.1350	1.51294676e+09
0.0550	0.0950	0.1450	1.56786122e+09
0.0550	0.1050	0.1050	8.95942868e+08
0.0550	0.1050	0.1150	8.18828338e+08
0.0550	0.1050	0.1250	9.85679691e+08
0.0550	0.1050	0.1350	1.09183628e+09
0.0550	0.1050	0.1450	1.25723179e+09
0.0550	0.1150	0.1150	9.11784556e+08
0.0550	0.1150	0.1250	1.10262289e+09
0.0550	0.1150	0.1350	7.43961773e+08
0.0550	0.1150	0.1450	9.19251443e+08
0.0550	0.1250	0.1250	8.32458896e+08
0.0550	0.1250	0.1350	7.69893620e+08
0.0550	0.1250	0.1450	6.50650963e+08
0.0550	0.1350	0.1350	7.44169353e+08
0.0550	0.1350	0.1450	8.81253711e+08
0.0550	0.1450	0.1450	6.31864622e+08
0.0650	0.0650	0.0650	2.42669712e+09
0.0650	0.0650	0.0750	2.48388338e+09
0.0650	0.0650	0.0850	8.52302617e+08
0.0650	0.0650	0.0950	1.89610288e+09
0.0650	0.0650	0.1050	1.18383945e+09
0.0650	0.0650	0.1150	1.75311681e+09
0.0650	0.0650	0.1250	2.12605847e+09
0.0650	0.0650	0.1350	3.30744104e+09
0.0650	0.0750	0.0750	1.48022819e+09
0.0650	0.0750	0.0850	8.46481065e+08
0.0650	0.0750	0.0950	1.44332333e+09
0.0650	0.0750	0.1050	1.35942273e+09
0.0650	0.0750	0.1150	1.92665005e+09
0.0650	0.0750	0.1250	1.70748242e+09
0.0650	0.0750	0.1350	1.88506483e+09
0.0650	0.0750	0.1450	1.49541507e+09
0.0650	0.0850	0.0850	2.03789803e+09
0.0650	0.0850	0.0950	1.24920573e+09
0.0650	0.0850	0.1050	1.21573882e+09
0.0650	0.0850	0.1150	1.05385186e+09
0.0650	0.0850	0.1250	1.31052212e+09
0.0650	0.0850	0.1350	1.01751084e+09
0.0650	0.0850	0.1450	1.67822151e+09
0.0650	0.0950	0.0950	1.49067497e+09
0.0650	0.0950	0.1050	1.19015145e+09
0.0650	0.0950	0.1150	9.04266871e+08
0.0650	0.0950	0.1250	1.08564360e+09
0.0650	0.0950	0.1350	1.14185060e+09
0.0650	0.0950	0.1450	1.14537634e+09
0.0650	0.1050	0.1050	9.28472499e+08
0.0650	0.1050	0.1150	1.14148275e+09
0.0650	0.1050	0.1250	7.65353939e+08
0.0650	0.1050	0.1350	1.07474273e+09
0.0650	0.1050	0.1450	1.10130493e+09
0.0650	0.1150	0.1150	8.06166299e+08
0.0650	0.1150	0.1250	7.69397005e+08
0.0650	0.1150	0.1350	1.03791645e+09
0.0650	0.1150	0.1450	9.02973571e+08
0.0650	0.1250	0.1250	5.90513878e+08
0.0650	0.1250	0.1350	6.41411879e+08
0.0650	0.1250	0.1450	7.43615725e+08
0.0650	0.1350	0.1350	5.40705991e+08
0.0650	0.1350	0.1450	6.70570429e+08
0.0650	0.1450	0.1450	7.73304085e+08
0.0750	0.0750	0.0750	1.95527637e+09
0.0750	0.0750	0.0850	1.75179607e+09
0.0750	0.0750	0.0950	1.52023433e+09
0.0750	0.0750	0.1050	1.11302068e+09
0.0750	0.0750	0.1150	1.60975205e+09
0.0750	0.0750	0.1250	9.25099116e+08
0.0750	0.0750	0.1350	1.27567981e+09
0.0750	0.0750	0.1450	2.15500791e+09
0.0750	0.0850	0.0850	1.19226532e+09
0.0750	0.0850	0.0950	8.00212775e+08
0.0750	0.0850	0.1050	8.69087593e+08
0.0750	0.0850	0.1150	7.36126087e+08
0.0750	0.0850	0.1250	1.18224458e+09
0.0750	0.0850	0.1350	1.33480807e+09
0.0750	0.0850	0.1450	1.14957777e+09
0.0750	0.0950	0.0950	8.94620612e+08
0.0750	0.0950	0.1050	1.05046796e+09
0.0750	0.0950	0.1150	8.98324081e+08
0.0750	0.0950	0.1250	1.14725197e+09
0.0750	0.0950	0.1350	1.12926054e+09
0.0750	0.0950	0.1450	1.07176200e+09
0.0750	0.1050	0.1050	6.92950319e+08
0.0750	0.1050	0.1150	6.78125574e+08
0.0750	0.1050	0.1250	6.23594871e+08
0.0750	0.1050	0.1350	7.91416973e+08
0.0750	0.1050	0.1450	7.40093172e+08
0.0750	0.1150	0.1150	7.04309546e+08
0.0750	0.1150	0.1250	7.68855937e+08
0.0750	0.1150	0.1350	6.79739402e+08
0.0750	0.1150	0.1450	9.32510245e+08
0.0750	0.1250	0.1250	6.81196106e+08
0.0750	0.1250	0.1350	6.56608531e+08
0.0750	0.1250	0.1450	7.45684560e+08
0.0750	0.1350	0.1350	7.89649723e+08
0.0750	0.1350	0.1450	5.91437687e+08
0.0750	0.1450	0.1450	6.66471649e+08
0.0850	0.0850	0.0850	6.00604878e+08
0.0850	0.0850	0.0950	8.87677287e+08
0.0850	0.0850	0.1050	7.58333911e+08
0.0850	0.0850	0.1150	8.55894597e+08
0.0850	0.0850	0.1250	9.06095347e+08
0.0850	0.0850	0.1350	8.23609481e+08
0.0850	0.0850	0.1450	1.08350269e+09
0.0850	0.0950	0.0950	6.03378116e+08
0.0850	0.0950	0.1050	1.13666511e+09
0.0850	0.0950	0.1150	8.41468589e+08
0.0850	0.0950	0.1250	8.63053929e+08
0.0850	0.0950	0.1350	7.92476768e+08
0.0850	0.0950	0.1450	9.55493581e+08
0.0850	0.1050	0.1050	1.05391849e+09
0.0850	0.1050	0.1150	5.98715974e+08
0.0850	0.1050	0.1250	6.73732888e+08
0.0850	0.1050	0.1350	5.82282652e+08
0.0850	0.1050	0.1450	6.84290260e+08
0.0850	0.1150	0.1150	8.40900512e+08
0.0850	0.1150	0.1250	6.31210652e+08
0.0850	0.1150	0.1350	6.57713301e+08
0.0850	0.1150	0.1450	6.94284946e+08
0.0850	0.1250	0.1250	5.79740435e+08
0.0850	0.1250	0.1350	5.93717605e+08
0.0850	0.1250	0.1450	6.97936013e+08
0.0850	0.1350	0.1350	4.26441450e+08
0.0850	0.1350	0.1450	5.49370858e+08
0.0850	0.1450	0.1450	6.47496055e+08
0.0950	0.0950	0.0950	1.36508669e+09
0.0950	0.0950	0.1050	6.87072952e+08
0.0950	0.0950	0.1150	7.07211420e+08
0.0950	0.0950	0.1250	8.13516329e+08
0.0950	0.0950	0.1350	7.15943207e+08
0.0950	0.0950	0.1450	5.68456134e+08
0.0950	0.1050	0.1050	2.83093648e+08
0.0950	0.1050	0.1150	5.47354575e+08
0.0950	0.1050	0.1250	6.82178117e+08
0.0950	0.1050	0.1350	5.41491934e+08
0.0950	0.1050	0.1450	5.70112258e+08
0.0950	0.1150	0.1150	4.59357933e+08
0.0950	0.1150	0.1250	5.63401765e+08
0.0950	0.1150	0.1350	5.67984765e+08
0.0950	0.1150	0.1450	5.31771378e+08
0.0950	0.1250	0.1250	4.95136766e+08
0.0950	0.1250	0.1350	5.48381746e+08
0.0950	0.1250	0.1450	4.73703214e+08
0.0950	0.1350	0.1350	4.51650077e+08
0.0950	0.1350	0.1450	4.12243355e+08
0.0950	0.1450	0.1450	5.13901920e+08
0.1050	0.1050	0.1050	6.53232788e+08
0.1050	0.1050	0.1150	5.09128409e+08
0.1050	0.1050	0.1250	5.39118574e+08
0.1050	0.1050	0.1350	4.47103106e+08
0.1050	0.1050	0.1450	4.76957168e+08
0.1050	0.1150	0.1150	5.15700048e+08
0.1050	0.1150	0.1250	4.61729909e+08
0.1050	0.1150	0.1350	5.58285325e+08
0.1050	0.1150	0.1450	4.14674168e+08
0.1050	0.1250	0.1250	4.00152402e+08
0.1050	0.1250	0.1350	4.66552678e+08
0.1050	0.1250	0.1450	4.20396789e+08
0.1050	0.1350	0.1350	5.06893830e+08
0.1050	0.1350	0.1450	3.71072733e+08
0.1050	0.1450	0.1450	4.31612724e+08
0.1150	0.1150	0.1150	4.85182746e+08
0.1150	0.1150	0.1250	3.91242626e+08
0.1150	0.1150	0.1350	4.47853826e+08
0.1150	0.1150	0.1450	4.29310679e+08
0.1150	0.1250	0.1250	5.96642025e+08
0.1150	0.1250	0.1350	4.72029783e+08
0.1150	0.1250	0.1450	4.00639952e+08
0.1150	0.1350	0.1350	4.07659695e+08
0.1150	0.1350	0.1450	3.75428510e+08
0.1150	0.1450	0.1450	4.99925713e+08
0.1250	0.1250	0.1250	4.01132962e+08
0.1250	0.1250	0.1350	3.42866073e+08
0.1250	0.1250	0.1450	4.37374031e+08
0.1250	0.1350	0.1350	4.21315098e+08
0.1250	0.1350	0.1450	3.94205005e+08
0.1250	0.1450	0.1450	3.57686965e+08
0.1350	0.1350	0.1350	3.78136116e+08
0.1350	0.1350	0.1450	2.42363644e+08
0.1350	0.1450	0.1450	3.50529612e+08
0.1450	0.1450	0.1450	2.95465351e+08
