####### Bispectrum of Patchy Simulation 586 #############
# Patch: sgc
# z-type: z1
# Weights: fkp
# Fiducial Omega_m: 0.310
# Fiducial h: 0.676
# Boxsize: [1000.0, 1900.0, 1100.0]
# Grid: [95, 180, 105]
# k-binning: [0.000, 0.160, 0.010]
# Monte Carlo Simulations: 100
#
# Format: k1 | k2 | k3 | B(k1,k2,k3)
############################################
0.0150	0.0150	0.0150	7.21479212e+10
0.0150	0.0150	0.0250	-1.30707225e+10
0.0150	0.0150	0.0350	5.45392034e+10
0.0150	0.0250	0.0250	2.25485707e+10
0.0150	0.0250	0.0350	7.46621210e+09
0.0150	0.0250	0.0450	2.89760017e+10
0.0150	0.0350	0.0350	2.38609203e+10
0.0150	0.0350	0.0450	4.33614761e+09
0.0150	0.0350	0.0550	1.22596007e+10
0.0150	0.0450	0.0450	-3.95023239e+09
0.0150	0.0450	0.0550	1.52542146e+10
0.0150	0.0450	0.0650	-1.34688250e+09
0.0150	0.0550	0.0550	5.99413386e+09
0.0150	0.0550	0.0650	7.58992837e+09
0.0150	0.0550	0.0750	1.51659160e+09
0.0150	0.0650	0.0650	5.09432950e+09
0.0150	0.0650	0.0750	7.52291438e+09
0.0150	0.0650	0.0850	1.19125401e+09
0.0150	0.0750	0.0750	-1.70686047e+09
0.0150	0.0750	0.0850	7.91885274e+09
0.0150	0.0750	0.0950	-3.81673811e+09
0.0150	0.0850	0.0850	3.65543684e+09
0.0150	0.0850	0.0950	4.81011195e+09
0.0150	0.0850	0.1050	5.35686283e+09
0.0150	0.0950	0.0950	2.06530321e+08
0.0150	0.0950	0.1050	5.42233045e+09
0.0150	0.0950	0.1150	4.23629048e+09
0.0150	0.1050	0.1050	4.44001739e+09
0.0150	0.1050	0.1150	3.35009205e+09
0.0150	0.1050	0.1250	3.26728112e+09
0.0150	0.1150	0.1150	1.19310635e+09
0.0150	0.1150	0.1250	2.12519843e+09
0.0150	0.1150	0.1350	2.47100785e+09
0.0150	0.1250	0.1250	3.29259829e+09
0.0150	0.1250	0.1350	3.54981958e+09
0.0150	0.1250	0.1450	6.35023529e+08
0.0150	0.1350	0.1350	1.66158943e+09
0.0150	0.1350	0.1450	2.77157848e+09
0.0150	0.1450	0.1450	2.22686111e+09
0.0250	0.0250	0.0250	2.07895364e+10
0.0250	0.0250	0.0350	1.24138015e+10
0.0250	0.0250	0.0450	1.50862581e+10
0.0250	0.0250	0.0550	-1.62806666e+09
0.0250	0.0350	0.0350	-5.14116285e+08
0.0250	0.0350	0.0450	3.54052924e+08
0.0250	0.0350	0.0550	1.18698025e+10
0.0250	0.0350	0.0650	1.41533201e+10
0.0250	0.0450	0.0450	2.31460136e+09
0.0250	0.0450	0.0550	3.02976443e+09
0.0250	0.0450	0.0650	8.07072545e+09
0.0250	0.0450	0.0750	1.78175456e+10
0.0250	0.0550	0.0550	5.77660111e+09
0.0250	0.0550	0.0650	4.64348613e+09
0.0250	0.0550	0.0750	7.30949108e+09
0.0250	0.0550	0.0850	1.22528425e+08
0.0250	0.0650	0.0650	1.91816344e+09
0.0250	0.0650	0.0750	5.44578179e+09
0.0250	0.0650	0.0850	3.67354353e+09
0.0250	0.0650	0.0950	4.29157764e+09
0.0250	0.0750	0.0750	3.60492088e+09
0.0250	0.0750	0.0850	5.58563928e+09
0.0250	0.0750	0.0950	5.18746080e+09
0.0250	0.0750	0.1050	5.66867799e+09
0.0250	0.0850	0.0850	1.70363989e+09
0.0250	0.0850	0.0950	1.80276268e+09
0.0250	0.0850	0.1050	3.55046767e+09
0.0250	0.0850	0.1150	6.89374235e+08
0.0250	0.0950	0.0950	2.45497330e+09
0.0250	0.0950	0.1050	1.38642416e+09
0.0250	0.0950	0.1150	3.74532985e+09
0.0250	0.0950	0.1250	3.60646002e+09
0.0250	0.1050	0.1050	1.18491471e+09
0.0250	0.1050	0.1150	2.24604972e+09
0.0250	0.1050	0.1250	3.18939841e+09
0.0250	0.1050	0.1350	3.01581076e+09
0.0250	0.1150	0.1150	3.23182558e+09
0.0250	0.1150	0.1250	1.85907143e+09
0.0250	0.1150	0.1350	2.41315025e+09
0.0250	0.1150	0.1450	2.44325092e+09
0.0250	0.1250	0.1250	1.54190599e+09
0.0250	0.1250	0.1350	1.66965376e+09
0.0250	0.1250	0.1450	2.42335565e+09
0.0250	0.1350	0.1350	9.54042618e+08
0.0250	0.1350	0.1450	1.33595079e+09
0.0250	0.1450	0.1450	1.05181485e+09
0.0350	0.0350	0.0350	3.04313601e+09
0.0350	0.0350	0.0450	4.47597382e+09
0.0350	0.0350	0.0550	-4.22617134e+09
0.0350	0.0350	0.0650	3.38774219e+09
0.0350	0.0350	0.0750	-1.47802815e+09
0.0350	0.0450	0.0450	6.72760135e+09
0.0350	0.0450	0.0550	4.94967360e+09
0.0350	0.0450	0.0650	6.92442852e+09
0.0350	0.0450	0.0750	7.64610715e+09
0.0350	0.0450	0.0850	3.26755665e+09
0.0350	0.0550	0.0550	1.30415244e+09
0.0350	0.0550	0.0650	3.55573047e+09
0.0350	0.0550	0.0750	1.92312946e+09
0.0350	0.0550	0.0850	1.57781948e+09
0.0350	0.0550	0.0950	3.39847955e+09
0.0350	0.0650	0.0650	1.94202347e+08
0.0350	0.0650	0.0750	3.85540385e+09
0.0350	0.0650	0.0850	1.89499165e+09
0.0350	0.0650	0.0950	4.64403439e+09
0.0350	0.0650	0.1050	4.44469732e+09
0.0350	0.0750	0.0750	3.64323284e+08
0.0350	0.0750	0.0850	2.83867251e+09
0.0350	0.0750	0.0950	2.67991225e+09
0.0350	0.0750	0.1050	3.47966329e+09
0.0350	0.0750	0.1150	5.63305308e+09
0.0350	0.0850	0.0850	1.37708500e+09
0.0350	0.0850	0.0950	1.46753447e+09
0.0350	0.0850	0.1050	2.94176978e+09
0.0350	0.0850	0.1150	1.42103548e+09
0.0350	0.0850	0.1250	2.95566095e+09
0.0350	0.0950	0.0950	2.07656970e+09
0.0350	0.0950	0.1050	1.92535184e+08
0.0350	0.0950	0.1150	1.64888328e+09
0.0350	0.0950	0.1250	2.53650974e+09
0.0350	0.0950	0.1350	2.98666633e+09
0.0350	0.1050	0.1050	1.92920391e+09
0.0350	0.1050	0.1150	1.39451027e+09
0.0350	0.1050	0.1250	1.18627393e+09
0.0350	0.1050	0.1350	1.69830819e+09
0.0350	0.1050	0.1450	2.36491137e+09
0.0350	0.1150	0.1150	4.97091731e+07
0.0350	0.1150	0.1250	1.45555676e+09
0.0350	0.1150	0.1350	1.52292189e+09
0.0350	0.1150	0.1450	1.68388979e+09
0.0350	0.1250	0.1250	8.29561449e+08
0.0350	0.1250	0.1350	6.31564393e+08
0.0350	0.1250	0.1450	1.41885082e+09
0.0350	0.1350	0.1350	1.43539686e+09
0.0350	0.1350	0.1450	8.17389019e+08
0.0350	0.1450	0.1450	1.32668576e+09
0.0450	0.0450	0.0450	2.76441479e+09
0.0450	0.0450	0.0550	-7.89155433e+06
0.0450	0.0450	0.0650	2.47801349e+09
0.0450	0.0450	0.0750	2.74796866e+09
0.0450	0.0450	0.0850	1.54961909e+09
0.0450	0.0450	0.0950	1.03304140e+10
0.0450	0.0550	0.0550	3.96410111e+09
0.0450	0.0550	0.0650	4.80023913e+08
0.0450	0.0550	0.0750	2.86292395e+09
0.0450	0.0550	0.0850	1.85792587e+09
0.0450	0.0550	0.0950	2.21842742e+09
0.0450	0.0550	0.1050	1.52174805e+09
0.0450	0.0650	0.0650	3.34938522e+09
0.0450	0.0650	0.0750	9.82861101e+08
0.0450	0.0650	0.0850	2.40685290e+09
0.0450	0.0650	0.0950	2.52414905e+09
0.0450	0.0650	0.1050	1.94343491e+09
0.0450	0.0650	0.1150	3.39369975e+09
0.0450	0.0750	0.0750	1.54826338e+09
0.0450	0.0750	0.0850	1.51684657e+09
0.0450	0.0750	0.0950	2.40367408e+09
0.0450	0.0750	0.1050	3.09575947e+09
0.0450	0.0750	0.1150	2.99787269e+09
0.0450	0.0750	0.1250	1.92569134e+09
0.0450	0.0850	0.0850	2.01312533e+09
0.0450	0.0850	0.0950	1.58266002e+09
0.0450	0.0850	0.1050	1.06104319e+09
0.0450	0.0850	0.1150	1.95155086e+09
0.0450	0.0850	0.1250	1.07727291e+09
0.0450	0.0850	0.1350	1.99297333e+09
0.0450	0.0950	0.0950	1.33762922e+09
0.0450	0.0950	0.1050	8.43468954e+08
0.0450	0.0950	0.1150	7.41646485e+08
0.0450	0.0950	0.1250	1.35769184e+09
0.0450	0.0950	0.1350	1.75875015e+09
0.0450	0.0950	0.1450	3.70474566e+09
0.0450	0.1050	0.1050	1.93439467e+09
0.0450	0.1050	0.1150	1.35532860e+09
0.0450	0.1050	0.1250	1.24807918e+09
0.0450	0.1050	0.1350	1.54932704e+09
0.0450	0.1050	0.1450	1.81850726e+09
0.0450	0.1150	0.1150	1.52621683e+09
0.0450	0.1150	0.1250	1.24744180e+09
0.0450	0.1150	0.1350	1.55767445e+09
0.0450	0.1150	0.1450	1.37654169e+09
0.0450	0.1250	0.1250	1.34462309e+08
0.0450	0.1250	0.1350	9.93094438e+08
0.0450	0.1250	0.1450	1.06514015e+09
0.0450	0.1350	0.1350	9.12983285e+08
0.0450	0.1350	0.1450	9.11502259e+08
0.0450	0.1450	0.1450	7.27994831e+08
0.0550	0.0550	0.0550	-2.23091125e+09
0.0550	0.0550	0.0650	1.09342604e+09
0.0550	0.0550	0.0750	2.03578838e+09
0.0550	0.0550	0.0850	1.85498367e+09
0.0550	0.0550	0.0950	6.69654808e+08
0.0550	0.0550	0.1050	1.65301308e+09
0.0550	0.0550	0.1150	3.24619203e+09
0.0550	0.0650	0.0650	1.88085714e+09
0.0550	0.0650	0.0750	1.07131208e+09
0.0550	0.0650	0.0850	1.11341523e+09
0.0550	0.0650	0.0950	2.04348261e+09
0.0550	0.0650	0.1050	1.67911769e+09
0.0550	0.0650	0.1150	1.83376870e+09
0.0550	0.0650	0.1250	2.97235185e+09
0.0550	0.0750	0.0750	1.09586349e+09
0.0550	0.0750	0.0850	2.69669130e+09
0.0550	0.0750	0.0950	1.54105113e+09
0.0550	0.0750	0.1050	1.59266270e+09
0.0550	0.0750	0.1150	1.44532897e+09
0.0550	0.0750	0.1250	1.65640729e+09
0.0550	0.0750	0.1350	3.39124775e+09
0.0550	0.0850	0.0850	8.77653584e+08
0.0550	0.0850	0.0950	1.30476060e+09
0.0550	0.0850	0.1050	8.45591932e+08
0.0550	0.0850	0.1150	4.93693183e+08
0.0550	0.0850	0.1250	9.78804453e+08
0.0550	0.0850	0.1350	1.10663283e+09
0.0550	0.0850	0.1450	2.07413144e+09
0.0550	0.0950	0.0950	6.77187791e+08
0.0550	0.0950	0.1050	2.41619987e+08
0.0550	0.0950	0.1150	1.26942451e+09
0.0550	0.0950	0.1250	1.10036127e+09
0.0550	0.0950	0.1350	1.27618832e+09
0.0550	0.0950	0.1450	9.50099724e+08
0.0550	0.1050	0.1050	1.26455975e+09
0.0550	0.1050	0.1150	7.83540624e+08
0.0550	0.1050	0.1250	8.20584491e+08
0.0550	0.1050	0.1350	6.21729649e+08
0.0550	0.1050	0.1450	1.41248107e+09
0.0550	0.1150	0.1150	1.03853763e+09
0.0550	0.1150	0.1250	8.01098108e+08
0.0550	0.1150	0.1350	8.11366026e+08
0.0550	0.1150	0.1450	8.82034274e+08
0.0550	0.1250	0.1250	8.77918872e+08
0.0550	0.1250	0.1350	5.83056291e+08
0.0550	0.1250	0.1450	4.98217661e+08
0.0550	0.1350	0.1350	6.67833870e+08
0.0550	0.1350	0.1450	7.55074586e+08
0.0550	0.1450	0.1450	8.66136614e+08
0.0650	0.0650	0.0650	1.55004020e+09
0.0650	0.0650	0.0750	2.07841287e+09
0.0650	0.0650	0.0850	-1.23041159e+08
0.0650	0.0650	0.0950	2.06579712e+09
0.0650	0.0650	0.1050	2.06841784e+09
0.0650	0.0650	0.1150	1.26215385e+09
0.0650	0.0650	0.1250	2.56714473e+09
0.0650	0.0650	0.1350	1.30041754e+09
0.0650	0.0750	0.0750	1.71358866e+09
0.0650	0.0750	0.0850	1.49159777e+09
0.0650	0.0750	0.0950	1.87906141e+09
0.0650	0.0750	0.1050	9.55663929e+08
0.0650	0.0750	0.1150	1.57400871e+09
0.0650	0.0750	0.1250	1.82740387e+09
0.0650	0.0750	0.1350	2.08672354e+09
0.0650	0.0750	0.1450	1.75289180e+09
0.0650	0.0850	0.0850	1.30969219e+09
0.0650	0.0850	0.0950	1.03086574e+09
0.0650	0.0850	0.1050	1.26148879e+09
0.0650	0.0850	0.1150	8.41228713e+08
0.0650	0.0850	0.1250	1.82308936e+09
0.0650	0.0850	0.1350	1.31146217e+09
0.0650	0.0850	0.1450	2.04083886e+09
0.0650	0.0950	0.0950	1.75908197e+09
0.0650	0.0950	0.1050	1.10752240e+09
0.0650	0.0950	0.1150	8.61249248e+08
0.0650	0.0950	0.1250	9.53435832e+08
0.0650	0.0950	0.1350	1.08126311e+09
0.0650	0.0950	0.1450	1.09591863e+09
0.0650	0.1050	0.1050	8.62091857e+08
0.0650	0.1050	0.1150	9.17852201e+08
0.0650	0.1050	0.1250	7.86254786e+08
0.0650	0.1050	0.1350	7.70398989e+08
0.0650	0.1050	0.1450	9.26956713e+08
0.0650	0.1150	0.1150	6.92037091e+08
0.0650	0.1150	0.1250	9.61153362e+08
0.0650	0.1150	0.1350	8.43834112e+08
0.0650	0.1150	0.1450	9.46015520e+08
0.0650	0.1250	0.1250	4.67219704e+08
0.0650	0.1250	0.1350	6.39829664e+08
0.0650	0.1250	0.1450	5.67483330e+08
0.0650	0.1350	0.1350	5.91370878e+08
0.0650	0.1350	0.1450	6.97471014e+08
0.0650	0.1450	0.1450	7.67976978e+08
0.0750	0.0750	0.0750	1.56278686e+09
0.0750	0.0750	0.0850	5.23180416e+08
0.0750	0.0750	0.0950	1.71287890e+09
0.0750	0.0750	0.1050	1.26115990e+09
0.0750	0.0750	0.1150	1.40891859e+09
0.0750	0.0750	0.1250	1.09264453e+09
0.0750	0.0750	0.1350	1.81078358e+09
0.0750	0.0750	0.1450	1.78563955e+09
0.0750	0.0850	0.0850	2.61876150e+09
0.0750	0.0850	0.0950	6.36717276e+08
0.0750	0.0850	0.1050	1.26804512e+09
0.0750	0.0850	0.1150	1.15607868e+09
0.0750	0.0850	0.1250	1.06384843e+09
0.0750	0.0850	0.1350	1.42277253e+09
0.0750	0.0850	0.1450	1.16094215e+09
0.0750	0.0950	0.0950	1.04196205e+09
0.0750	0.0950	0.1050	9.66245578e+08
0.0750	0.0950	0.1150	1.24949604e+09
0.0750	0.0950	0.1250	9.13161020e+08
0.0750	0.0950	0.1350	9.02162746e+08
0.0750	0.0950	0.1450	1.10039575e+09
0.0750	0.1050	0.1050	1.57915377e+09
0.0750	0.1050	0.1150	1.13437616e+09
0.0750	0.1050	0.1250	3.80680246e+08
0.0750	0.1050	0.1350	7.42011135e+08
0.0750	0.1050	0.1450	8.89690526e+08
0.0750	0.1150	0.1150	8.39963864e+08
0.0750	0.1150	0.1250	7.09208892e+08
0.0750	0.1150	0.1350	1.15004274e+09
0.0750	0.1150	0.1450	8.03724812e+08
0.0750	0.1250	0.1250	3.26962565e+08
0.0750	0.1250	0.1350	7.92498167e+08
0.0750	0.1250	0.1450	6.65462662e+08
0.0750	0.1350	0.1350	6.39976750e+08
0.0750	0.1350	0.1450	6.56770425e+08
0.0750	0.1450	0.1450	3.49152895e+08
0.0850	0.0850	0.0850	9.00450685e+08
0.0850	0.0850	0.0950	8.88848692e+08
0.0850	0.0850	0.1050	1.00922623e+09
0.0850	0.0850	0.1150	5.36144355e+08
0.0850	0.0850	0.1250	4.60458254e+08
0.0850	0.0850	0.1350	1.41095141e+09
0.0850	0.0850	0.1450	1.14995209e+09
0.0850	0.0950	0.0950	1.03597022e+09
0.0850	0.0950	0.1050	1.28606233e+08
0.0850	0.0950	0.1150	5.18311359e+08
0.0850	0.0950	0.1250	8.49891357e+08
0.0850	0.0950	0.1350	8.01844852e+08
0.0850	0.0950	0.1450	7.16343527e+08
0.0850	0.1050	0.1050	8.98663518e+08
0.0850	0.1050	0.1150	3.54747073e+08
0.0850	0.1050	0.1250	8.40460708e+08
0.0850	0.1050	0.1350	5.54711469e+08
0.0850	0.1050	0.1450	6.69674116e+08
0.0850	0.1150	0.1150	7.80950468e+08
0.0850	0.1150	0.1250	8.36393513e+08
0.0850	0.1150	0.1350	7.78973533e+08
0.0850	0.1150	0.1450	6.63987825e+08
0.0850	0.1250	0.1250	4.50436122e+08
0.0850	0.1250	0.1350	5.25877727e+08
0.0850	0.1250	0.1450	2.12129628e+08
0.0850	0.1350	0.1350	4.25506863e+08
0.0850	0.1350	0.1450	6.80210716e+08
0.0850	0.1450	0.1450	4.64465496e+08
0.0950	0.0950	0.0950	6.80643467e+08
0.0950	0.0950	0.1050	7.03678052e+08
0.0950	0.0950	0.1150	1.02079237e+09
0.0950	0.0950	0.1250	9.43184985e+08
0.0950	0.0950	0.1350	4.48557148e+08
0.0950	0.0950	0.1450	1.13272683e+09
0.0950	0.1050	0.1050	5.33341628e+08
0.0950	0.1050	0.1150	7.32952399e+08
0.0950	0.1050	0.1250	5.62548079e+08
0.0950	0.1050	0.1350	4.69963387e+08
0.0950	0.1050	0.1450	6.09071986e+08
0.0950	0.1150	0.1150	7.32329748e+08
0.0950	0.1150	0.1250	6.99594638e+08
0.0950	0.1150	0.1350	5.52381789e+08
0.0950	0.1150	0.1450	7.80112926e+08
0.0950	0.1250	0.1250	2.97332267e+08
0.0950	0.1250	0.1350	4.27620417e+08
0.0950	0.1250	0.1450	4.66846551e+08
0.0950	0.1350	0.1350	6.37322617e+08
0.0950	0.1350	0.1450	3.85139317e+08
0.0950	0.1450	0.1450	5.26012801e+08
0.1050	0.1050	0.1050	7.21221345e+08
0.1050	0.1050	0.1150	7.00941488e+08
0.1050	0.1050	0.1250	-6.00608122e+07
0.1050	0.1050	0.1350	7.55945486e+08
0.1050	0.1050	0.1450	3.45184480e+08
0.1050	0.1150	0.1150	8.19232422e+08
0.1050	0.1150	0.1250	6.37973507e+08
0.1050	0.1150	0.1350	3.95354640e+08
0.1050	0.1150	0.1450	6.17527752e+08
0.1050	0.1250	0.1250	5.88813315e+08
0.1050	0.1250	0.1350	3.57358977e+08
0.1050	0.1250	0.1450	7.17405436e+08
0.1050	0.1350	0.1350	2.50712732e+08
0.1050	0.1350	0.1450	4.88353729e+08
0.1050	0.1450	0.1450	3.29822177e+08
0.1150	0.1150	0.1150	3.65996013e+08
0.1150	0.1150	0.1250	5.60137156e+08
0.1150	0.1150	0.1350	4.22464099e+08
0.1150	0.1150	0.1450	2.15891613e+08
0.1150	0.1250	0.1250	2.03689151e+08
0.1150	0.1250	0.1350	6.05157361e+08
0.1150	0.1250	0.1450	4.52588014e+08
0.1150	0.1350	0.1350	3.52676493e+08
0.1150	0.1350	0.1450	3.63470483e+08
0.1150	0.1450	0.1450	3.77586198e+08
0.1250	0.1250	0.1250	4.80056593e+08
0.1250	0.1250	0.1350	4.86761594e+08
0.1250	0.1250	0.1450	3.73680926e+08
0.1250	0.1350	0.1350	4.76465165e+08
0.1250	0.1350	0.1450	2.34302482e+08
0.1250	0.1450	0.1450	4.05535140e+08
0.1350	0.1350	0.1350	2.68696655e+08
0.1350	0.1350	0.1450	6.11300134e+08
0.1350	0.1450	0.1450	1.87703755e+08
0.1450	0.1450	0.1450	1.32982567e+08
