####### Bispectrum of Patchy Simulation 63 #############
# Patch: ngc
# z-type: z1
# Weights: fkp
# Fiducial Omega_m: 0.310
# Fiducial h: 0.676
# Boxsize: [1350.0, 2450.0, 1400.0]
# Grid: [126, 230, 130]
# k-binning: [0.000, 0.160, 0.010]
# Monte Carlo Simulations: 100
#
# Format: k1 | k2 | k3 | B(k1,k2,k3)
############################################
0.0150	0.0150	0.0150	-3.20761145e+10
0.0150	0.0150	0.0250	1.49202300e+10
0.0150	0.0150	0.0350	4.41725775e+10
0.0150	0.0250	0.0250	8.66765529e+09
0.0150	0.0250	0.0350	7.30541782e+08
0.0150	0.0250	0.0450	1.28520278e+10
0.0150	0.0350	0.0350	6.88758341e+08
0.0150	0.0350	0.0450	6.31857420e+09
0.0150	0.0350	0.0550	-1.89760518e+08
0.0150	0.0450	0.0450	1.01238998e+09
0.0150	0.0450	0.0550	4.09653335e+09
0.0150	0.0450	0.0650	4.55952529e+09
0.0150	0.0550	0.0550	3.93391651e+09
0.0150	0.0550	0.0650	3.14812427e+09
0.0150	0.0550	0.0750	5.83243657e+09
0.0150	0.0650	0.0650	1.02942313e+09
0.0150	0.0650	0.0750	4.97460218e+09
0.0150	0.0650	0.0850	5.07905019e+09
0.0150	0.0750	0.0750	2.52497534e+09
0.0150	0.0750	0.0850	2.79150941e+09
0.0150	0.0750	0.0950	4.18900814e+09
0.0150	0.0850	0.0850	2.43287349e+09
0.0150	0.0850	0.0950	2.81773304e+09
0.0150	0.0850	0.1050	5.15940801e+09
0.0150	0.0950	0.0950	1.49945835e+09
0.0150	0.0950	0.1050	2.53463555e+09
0.0150	0.0950	0.1150	2.95361667e+09
0.0150	0.1050	0.1050	2.31109634e+09
0.0150	0.1050	0.1150	1.84402585e+09
0.0150	0.1050	0.1250	3.79780663e+09
0.0150	0.1150	0.1150	1.51452470e+09
0.0150	0.1150	0.1250	2.58295605e+09
0.0150	0.1150	0.1350	3.37961026e+09
0.0150	0.1250	0.1250	4.81040725e+08
0.0150	0.1250	0.1350	1.67254936e+09
0.0150	0.1250	0.1450	2.52357216e+09
0.0150	0.1350	0.1350	2.27340337e+09
0.0150	0.1350	0.1450	2.12308129e+09
0.0150	0.1450	0.1450	1.29935855e+09
0.0250	0.0250	0.0250	-2.96708838e+10
0.0250	0.0250	0.0350	1.47899296e+10
0.0250	0.0250	0.0450	1.58493117e+10
0.0250	0.0250	0.0550	1.66749976e+10
0.0250	0.0350	0.0350	-6.82624964e+09
0.0250	0.0350	0.0450	7.55028015e+09
0.0250	0.0350	0.0550	5.52714555e+09
0.0250	0.0350	0.0650	7.08272482e+09
0.0250	0.0450	0.0450	1.27422199e+10
0.0250	0.0450	0.0550	5.01048169e+09
0.0250	0.0450	0.0650	5.03151934e+09
0.0250	0.0450	0.0750	2.09221691e+09
0.0250	0.0550	0.0550	4.73379441e+09
0.0250	0.0550	0.0650	4.39629687e+09
0.0250	0.0550	0.0750	5.53114756e+09
0.0250	0.0550	0.0850	1.21380332e+10
0.0250	0.0650	0.0650	4.95429938e+09
0.0250	0.0650	0.0750	2.51673708e+09
0.0250	0.0650	0.0850	3.94057958e+09
0.0250	0.0650	0.0950	7.15351644e+09
0.0250	0.0750	0.0750	6.20822881e+08
0.0250	0.0750	0.0850	3.96513614e+09
0.0250	0.0750	0.0950	4.19689618e+09
0.0250	0.0750	0.1050	2.67229358e+09
0.0250	0.0850	0.0850	1.62268257e+09
0.0250	0.0850	0.0950	2.73762689e+09
0.0250	0.0850	0.1050	3.80667271e+09
0.0250	0.0850	0.1150	4.90494853e+09
0.0250	0.0950	0.0950	2.82651867e+09
0.0250	0.0950	0.1050	1.87442482e+09
0.0250	0.0950	0.1150	3.23707844e+09
0.0250	0.0950	0.1250	2.70155705e+09
0.0250	0.1050	0.1050	2.08614694e+09
0.0250	0.1050	0.1150	1.38803616e+09
0.0250	0.1050	0.1250	2.94920969e+09
0.0250	0.1050	0.1350	3.28415696e+09
0.0250	0.1150	0.1150	1.47647454e+09
0.0250	0.1150	0.1250	2.20417725e+09
0.0250	0.1150	0.1350	2.12128278e+09
0.0250	0.1150	0.1450	2.83320973e+09
0.0250	0.1250	0.1250	1.83401417e+09
0.0250	0.1250	0.1350	1.68637230e+09
0.0250	0.1250	0.1450	1.96987843e+09
0.0250	0.1350	0.1350	1.08698226e+09
0.0250	0.1350	0.1450	1.61153276e+09
0.0250	0.1450	0.1450	1.07317565e+09
0.0350	0.0350	0.0350	1.48879864e+10
0.0350	0.0350	0.0450	1.04363493e+09
0.0350	0.0350	0.0550	5.14857874e+09
0.0350	0.0350	0.0650	8.24583008e+09
0.0350	0.0350	0.0750	7.96759278e+09
0.0350	0.0450	0.0450	2.48750923e+09
0.0350	0.0450	0.0550	3.21811130e+09
0.0350	0.0450	0.0650	2.11465529e+09
0.0350	0.0450	0.0750	4.43246510e+09
0.0350	0.0450	0.0850	5.35900217e+09
0.0350	0.0550	0.0550	3.99970849e+09
0.0350	0.0550	0.0650	2.59437955e+09
0.0350	0.0550	0.0750	3.84107282e+09
0.0350	0.0550	0.0850	3.39306049e+09
0.0350	0.0550	0.0950	3.05218808e+09
0.0350	0.0650	0.0650	2.39160214e+09
0.0350	0.0650	0.0750	9.77909175e+08
0.0350	0.0650	0.0850	3.34508150e+09
0.0350	0.0650	0.0950	3.37389451e+09
0.0350	0.0650	0.1050	3.84984741e+09
0.0350	0.0750	0.0750	3.02085681e+09
0.0350	0.0750	0.0850	2.68565649e+09
0.0350	0.0750	0.0950	2.46682141e+09
0.0350	0.0750	0.1050	3.57007461e+09
0.0350	0.0750	0.1150	3.47466307e+09
0.0350	0.0850	0.0850	2.47924502e+09
0.0350	0.0850	0.0950	1.64968015e+09
0.0350	0.0850	0.1050	2.10055314e+09
0.0350	0.0850	0.1150	2.42228075e+09
0.0350	0.0850	0.1250	2.12625517e+09
0.0350	0.0950	0.0950	6.71395764e+08
0.0350	0.0950	0.1050	1.67636493e+09
0.0350	0.0950	0.1150	1.61440067e+09
0.0350	0.0950	0.1250	1.90371371e+09
0.0350	0.0950	0.1350	2.46963845e+09
0.0350	0.1050	0.1050	1.78605651e+09
0.0350	0.1050	0.1150	1.27708533e+09
0.0350	0.1050	0.1250	1.22150513e+09
0.0350	0.1050	0.1350	1.96890900e+09
0.0350	0.1050	0.1450	1.19714478e+09
0.0350	0.1150	0.1150	1.41424019e+09
0.0350	0.1150	0.1250	1.00221517e+09
0.0350	0.1150	0.1350	1.37274531e+09
0.0350	0.1150	0.1450	2.05243778e+09
0.0350	0.1250	0.1250	9.76117112e+08
0.0350	0.1250	0.1350	1.14623144e+09
0.0350	0.1250	0.1450	1.39723237e+09
0.0350	0.1350	0.1350	9.33877621e+08
0.0350	0.1350	0.1450	1.19916997e+09
0.0350	0.1450	0.1450	7.67276510e+08
0.0450	0.0450	0.0450	7.33330747e+09
0.0450	0.0450	0.0550	2.19708532e+09
0.0450	0.0450	0.0650	3.29389933e+09
0.0450	0.0450	0.0750	3.22973327e+09
0.0450	0.0450	0.0850	3.30266518e+09
0.0450	0.0450	0.0950	1.04873417e+09
0.0450	0.0550	0.0550	1.91045814e+09
0.0450	0.0550	0.0650	3.02748290e+09
0.0450	0.0550	0.0750	3.59889857e+09
0.0450	0.0550	0.0850	2.53844454e+09
0.0450	0.0550	0.0950	3.64963296e+09
0.0450	0.0550	0.1050	3.02020946e+09
0.0450	0.0650	0.0650	3.20643368e+09
0.0450	0.0650	0.0750	1.82167315e+09
0.0450	0.0650	0.0850	1.50523019e+09
0.0450	0.0650	0.0950	3.12117054e+09
0.0450	0.0650	0.1050	3.09685940e+09
0.0450	0.0650	0.1150	3.96874042e+09
0.0450	0.0750	0.0750	1.77584491e+09
0.0450	0.0750	0.0850	1.57954222e+09
0.0450	0.0750	0.0950	8.06124099e+08
0.0450	0.0750	0.1050	2.35535842e+09
0.0450	0.0750	0.1150	2.92849594e+09
0.0450	0.0750	0.1250	2.15381284e+09
0.0450	0.0850	0.0850	1.60876940e+09
0.0450	0.0850	0.0950	1.19489412e+09
0.0450	0.0850	0.1050	1.77838122e+09
0.0450	0.0850	0.1150	1.92520429e+09
0.0450	0.0850	0.1250	2.02135666e+09
0.0450	0.0850	0.1350	2.29220319e+09
0.0450	0.0950	0.0950	1.01111304e+09
0.0450	0.0950	0.1050	1.25375972e+09
0.0450	0.0950	0.1150	1.16786217e+09
0.0450	0.0950	0.1250	1.34599741e+09
0.0450	0.0950	0.1350	1.70306191e+09
0.0450	0.0950	0.1450	2.06775770e+09
0.0450	0.1050	0.1050	9.83096919e+08
0.0450	0.1050	0.1150	1.35956835e+09
0.0450	0.1050	0.1250	1.51434955e+09
0.0450	0.1050	0.1350	1.33433458e+09
0.0450	0.1050	0.1450	1.78594642e+09
0.0450	0.1150	0.1150	1.21782890e+09
0.0450	0.1150	0.1250	1.21897228e+09
0.0450	0.1150	0.1350	1.09636127e+09
0.0450	0.1150	0.1450	1.13008269e+09
0.0450	0.1250	0.1250	8.89751065e+08
0.0450	0.1250	0.1350	8.62954372e+08
0.0450	0.1250	0.1450	9.77012122e+08
0.0450	0.1350	0.1350	1.12548059e+09
0.0450	0.1350	0.1450	8.10377230e+08
0.0450	0.1450	0.1450	9.77268866e+08
0.0550	0.0550	0.0550	4.04391367e+09
0.0550	0.0550	0.0650	2.17972389e+09
0.0550	0.0550	0.0750	1.86546080e+09
0.0550	0.0550	0.0850	1.91997222e+09
0.0550	0.0550	0.0950	2.65736546e+09
0.0550	0.0550	0.1050	2.72414813e+09
0.0550	0.0550	0.1150	3.84843400e+09
0.0550	0.0650	0.0650	3.46568365e+09
0.0550	0.0650	0.0750	2.19519717e+09
0.0550	0.0650	0.0850	1.31791817e+09
0.0550	0.0650	0.0950	1.89829436e+09
0.0550	0.0650	0.1050	2.56006845e+09
0.0550	0.0650	0.1150	2.46572199e+09
0.0550	0.0650	0.1250	3.63585872e+09
0.0550	0.0750	0.0750	1.37658776e+09
0.0550	0.0750	0.0850	1.60622125e+09
0.0550	0.0750	0.0950	2.02471702e+09
0.0550	0.0750	0.1050	1.79224474e+09
0.0550	0.0750	0.1150	2.40177858e+09
0.0550	0.0750	0.1250	1.70795264e+09
0.0550	0.0750	0.1350	2.92975668e+09
0.0550	0.0850	0.0850	1.42011461e+09
0.0550	0.0850	0.0950	9.58125916e+08
0.0550	0.0850	0.1050	1.07970077e+09
0.0550	0.0850	0.1150	1.14712866e+09
0.0550	0.0850	0.1250	1.60012640e+09
0.0550	0.0850	0.1350	2.11099215e+09
0.0550	0.0850	0.1450	2.27814352e+09
0.0550	0.0950	0.0950	9.74773429e+08
0.0550	0.0950	0.1050	1.10072017e+09
0.0550	0.0950	0.1150	1.29434985e+09
0.0550	0.0950	0.1250	1.14135227e+09
0.0550	0.0950	0.1350	1.41935802e+09
0.0550	0.0950	0.1450	1.84125296e+09
0.0550	0.1050	0.1050	7.77576968e+08
0.0550	0.1050	0.1150	9.58204462e+08
0.0550	0.1050	0.1250	8.46585742e+08
0.0550	0.1050	0.1350	1.18053962e+09
0.0550	0.1050	0.1450	1.51097812e+09
0.0550	0.1150	0.1150	7.82684254e+08
0.0550	0.1150	0.1250	1.09918684e+09
0.0550	0.1150	0.1350	1.05294315e+09
0.0550	0.1150	0.1450	1.12062287e+09
0.0550	0.1250	0.1250	1.05224213e+09
0.0550	0.1250	0.1350	9.47953614e+08
0.0550	0.1250	0.1450	1.04933245e+09
0.0550	0.1350	0.1350	7.19077693e+08
0.0550	0.1350	0.1450	5.97299250e+08
0.0550	0.1450	0.1450	6.94149633e+08
0.0650	0.0650	0.0650	8.51563824e+08
0.0650	0.0650	0.0750	1.69499966e+09
0.0650	0.0650	0.0850	1.40238002e+09
0.0650	0.0650	0.0950	2.06274507e+09
0.0650	0.0650	0.1050	1.40230440e+09
0.0650	0.0650	0.1150	2.31602153e+09
0.0650	0.0650	0.1250	1.79721205e+09
0.0650	0.0650	0.1350	4.01612534e+09
0.0650	0.0750	0.0750	2.49530159e+09
0.0650	0.0750	0.0850	9.80943919e+08
0.0650	0.0750	0.0950	9.74671105e+08
0.0650	0.0750	0.1050	1.30880449e+09
0.0650	0.0750	0.1150	1.42365177e+09
0.0650	0.0750	0.1250	1.62117908e+09
0.0650	0.0750	0.1350	1.96715783e+09
0.0650	0.0750	0.1450	2.04155517e+09
0.0650	0.0850	0.0850	1.58479560e+09
0.0650	0.0850	0.0950	1.08921709e+09
0.0650	0.0850	0.1050	1.17723264e+09
0.0650	0.0850	0.1150	8.39090333e+08
0.0650	0.0850	0.1250	1.51568988e+09
0.0650	0.0850	0.1350	1.78603138e+09
0.0650	0.0850	0.1450	1.48913756e+09
0.0650	0.0950	0.0950	6.54083593e+08
0.0650	0.0950	0.1050	9.75196196e+08
0.0650	0.0950	0.1150	9.25074037e+08
0.0650	0.0950	0.1250	9.81424489e+08
0.0650	0.0950	0.1350	8.23684935e+08
0.0650	0.0950	0.1450	1.16909084e+09
0.0650	0.1050	0.1050	1.15380302e+09
0.0650	0.1050	0.1150	8.56610001e+08
0.0650	0.1050	0.1250	8.73538394e+08
0.0650	0.1050	0.1350	9.51749936e+08
0.0650	0.1050	0.1450	8.61105455e+08
0.0650	0.1150	0.1150	1.23200901e+09
0.0650	0.1150	0.1250	9.31724253e+08
0.0650	0.1150	0.1350	8.80896445e+08
0.0650	0.1150	0.1450	5.83762252e+08
0.0650	0.1250	0.1250	7.38671839e+08
0.0650	0.1250	0.1350	7.97538092e+08
0.0650	0.1250	0.1450	7.66854540e+08
0.0650	0.1350	0.1350	5.92014857e+08
0.0650	0.1350	0.1450	7.37791709e+08
0.0650	0.1450	0.1450	3.49053522e+08
0.0750	0.0750	0.0750	1.00493007e+09
0.0750	0.0750	0.0850	1.09505093e+09
0.0750	0.0750	0.0950	1.16704972e+09
0.0750	0.0750	0.1050	1.31539169e+09
0.0750	0.0750	0.1150	1.04516124e+09
0.0750	0.0750	0.1250	1.00561337e+09
0.0750	0.0750	0.1350	1.68834907e+09
0.0750	0.0750	0.1450	1.53778201e+09
0.0750	0.0850	0.0850	1.52876827e+09
0.0750	0.0850	0.0950	8.38737564e+08
0.0750	0.0850	0.1050	7.22440676e+08
0.0750	0.0850	0.1150	1.12129267e+09
0.0750	0.0850	0.1250	9.39798155e+08
0.0750	0.0850	0.1350	9.41389123e+08
0.0750	0.0850	0.1450	1.40111658e+09
0.0750	0.0950	0.0950	7.21619104e+08
0.0750	0.0950	0.1050	1.00329845e+09
0.0750	0.0950	0.1150	1.08119713e+09
0.0750	0.0950	0.1250	7.79897037e+08
0.0750	0.0950	0.1350	9.81245444e+08
0.0750	0.0950	0.1450	1.00158653e+09
0.0750	0.1050	0.1050	6.54076359e+08
0.0750	0.1050	0.1150	8.43794980e+08
0.0750	0.1050	0.1250	8.80858151e+08
0.0750	0.1050	0.1350	6.88558090e+08
0.0750	0.1050	0.1450	8.04248902e+08
0.0750	0.1150	0.1150	5.63003868e+08
0.0750	0.1150	0.1250	5.23450236e+08
0.0750	0.1150	0.1350	5.78666004e+08
0.0750	0.1150	0.1450	6.97804418e+08
0.0750	0.1250	0.1250	6.62328598e+08
0.0750	0.1250	0.1350	6.23153510e+08
0.0750	0.1250	0.1450	6.32481286e+08
0.0750	0.1350	0.1350	6.74103434e+08
0.0750	0.1350	0.1450	7.11684600e+08
0.0750	0.1450	0.1450	7.05041325e+08
0.0850	0.0850	0.0850	6.64220342e+08
0.0850	0.0850	0.0950	8.40616137e+08
0.0850	0.0850	0.1050	1.28430213e+09
0.0850	0.0850	0.1150	8.32873605e+08
0.0850	0.0850	0.1250	9.30385459e+08
0.0850	0.0850	0.1350	1.18925562e+09
0.0850	0.0850	0.1450	5.15034218e+08
0.0850	0.0950	0.0950	9.61003668e+08
0.0850	0.0950	0.1050	5.53872975e+08
0.0850	0.0950	0.1150	7.55978073e+08
0.0850	0.0950	0.1250	6.76439417e+08
0.0850	0.0950	0.1350	6.73720124e+08
0.0850	0.0950	0.1450	6.90607395e+08
0.0850	0.1050	0.1050	1.04025118e+09
0.0850	0.1050	0.1150	6.87996297e+08
0.0850	0.1050	0.1250	6.12955169e+08
0.0850	0.1050	0.1350	7.47524466e+08
0.0850	0.1050	0.1450	7.23004631e+08
0.0850	0.1150	0.1150	5.05634506e+08
0.0850	0.1150	0.1250	6.71988536e+08
0.0850	0.1150	0.1350	6.10572831e+08
0.0850	0.1150	0.1450	5.97053467e+08
0.0850	0.1250	0.1250	6.54594350e+08
0.0850	0.1250	0.1350	6.28426398e+08
0.0850	0.1250	0.1450	6.23186648e+08
0.0850	0.1350	0.1350	2.97988027e+08
0.0850	0.1350	0.1450	6.29310204e+08
0.0850	0.1450	0.1450	3.51361280e+08
0.0950	0.0950	0.0950	-4.82585539e+07
0.0950	0.0950	0.1050	8.40571677e+08
0.0950	0.0950	0.1150	5.17353393e+08
0.0950	0.0950	0.1250	5.84921135e+08
0.0950	0.0950	0.1350	8.12075047e+08
0.0950	0.0950	0.1450	6.92847555e+08
0.0950	0.1050	0.1050	6.29999164e+08
0.0950	0.1050	0.1150	5.51407355e+08
0.0950	0.1050	0.1250	5.38636142e+08
0.0950	0.1050	0.1350	5.45461699e+08
0.0950	0.1050	0.1450	6.85655034e+08
0.0950	0.1150	0.1150	4.61460935e+08
0.0950	0.1150	0.1250	5.85428634e+08
0.0950	0.1150	0.1350	5.64930836e+08
0.0950	0.1150	0.1450	4.67142930e+08
0.0950	0.1250	0.1250	5.41428002e+08
0.0950	0.1250	0.1350	5.41805892e+08
0.0950	0.1250	0.1450	4.68496073e+08
0.0950	0.1350	0.1350	4.04601818e+08
0.0950	0.1350	0.1450	4.62272786e+08
0.0950	0.1450	0.1450	4.41270687e+08
0.1050	0.1050	0.1050	3.90275354e+08
0.1050	0.1050	0.1150	5.48120943e+08
0.1050	0.1050	0.1250	7.36086417e+08
0.1050	0.1050	0.1350	5.22675959e+08
0.1050	0.1050	0.1450	3.78917077e+08
0.1050	0.1150	0.1150	4.12815348e+08
0.1050	0.1150	0.1250	4.97490146e+08
0.1050	0.1150	0.1350	4.81189617e+08
0.1050	0.1150	0.1450	5.16776182e+08
0.1050	0.1250	0.1250	3.98532605e+08
0.1050	0.1250	0.1350	4.77526824e+08
0.1050	0.1250	0.1450	4.14942858e+08
0.1050	0.1350	0.1350	4.89445003e+08
0.1050	0.1350	0.1450	3.93949896e+08
0.1050	0.1450	0.1450	3.41802130e+08
0.1150	0.1150	0.1150	3.25190845e+08
0.1150	0.1150	0.1250	4.11287311e+08
0.1150	0.1150	0.1350	2.93611172e+08
0.1150	0.1150	0.1450	3.46100929e+08
0.1150	0.1250	0.1250	4.76364540e+08
0.1150	0.1250	0.1350	4.47887068e+08
0.1150	0.1250	0.1450	4.81180802e+08
0.1150	0.1350	0.1350	4.23336440e+08
0.1150	0.1350	0.1450	4.29367096e+08
0.1150	0.1450	0.1450	3.97335503e+08
0.1250	0.1250	0.1250	5.19965794e+08
0.1250	0.1250	0.1350	3.89338814e+08
0.1250	0.1250	0.1450	3.27137071e+08
0.1250	0.1350	0.1350	4.00272581e+08
0.1250	0.1350	0.1450	3.87048515e+08
0.1250	0.1450	0.1450	3.26393107e+08
0.1350	0.1350	0.1350	4.36466490e+08
0.1350	0.1350	0.1450	3.20077578e+08
0.1350	0.1450	0.1450	3.02639668e+08
0.1450	0.1450	0.1450	6.39070014e+07
