####### Bispectrum of Patchy Simulation 1393 #############
# Patch: sgc
# z-type: z3
# Weights: fkp
# Fiducial Omega_m: 0.310
# Fiducial h: 0.676
# Boxsize: [1000.0, 2600.0, 1500.0]
# Grid: [95, 250, 140]
# k-binning: [0.000, 0.160, 0.010]
# Monte Carlo Simulations: 100
#
# Format: k1 | k2 | k3 | B(k1,k2,k3)
############################################
0.0150	0.0150	0.0150	2.39425993e+10
0.0150	0.0150	0.0250	3.08095988e+10
0.0150	0.0150	0.0350	5.92648501e+10
0.0150	0.0250	0.0250	1.85992504e+10
0.0150	0.0250	0.0350	1.93509066e+10
0.0150	0.0250	0.0450	1.11627994e+10
0.0150	0.0350	0.0350	6.34047329e+09
0.0150	0.0350	0.0450	1.81410014e+10
0.0150	0.0350	0.0550	2.60329982e+10
0.0150	0.0450	0.0450	8.01779337e+09
0.0150	0.0450	0.0550	-3.47627443e+09
0.0150	0.0450	0.0650	1.70963820e+10
0.0150	0.0550	0.0550	6.25031984e+09
0.0150	0.0550	0.0650	3.58381491e+09
0.0150	0.0550	0.0750	1.14643974e+10
0.0150	0.0650	0.0650	5.17562296e+09
0.0150	0.0650	0.0750	6.40756460e+09
0.0150	0.0650	0.0850	1.19221467e+10
0.0150	0.0750	0.0750	1.15096062e+09
0.0150	0.0750	0.0850	6.89689022e+09
0.0150	0.0750	0.0950	1.82232131e+09
0.0150	0.0850	0.0850	-1.45292802e+09
0.0150	0.0850	0.0950	7.06308866e+09
0.0150	0.0850	0.1050	8.77351044e+09
0.0150	0.0950	0.0950	3.78234535e+09
0.0150	0.0950	0.1050	1.77548491e+09
0.0150	0.0950	0.1150	5.14528099e+09
0.0150	0.1050	0.1050	1.67216702e+09
0.0150	0.1050	0.1150	2.84839261e+09
0.0150	0.1050	0.1250	4.16669202e+09
0.0150	0.1150	0.1150	3.28314321e+09
0.0150	0.1150	0.1250	2.86289718e+09
0.0150	0.1150	0.1350	2.26665799e+09
0.0150	0.1250	0.1250	-7.98064719e+08
0.0150	0.1250	0.1350	3.86303669e+09
0.0150	0.1250	0.1450	3.52819183e+09
0.0150	0.1350	0.1350	1.84567222e+09
0.0150	0.1350	0.1450	2.85154084e+09
0.0150	0.1450	0.1450	1.88204554e+09
0.0250	0.0250	0.0250	4.10332864e+09
0.0250	0.0250	0.0350	2.82093105e+10
0.0250	0.0250	0.0450	4.39001100e+09
0.0250	0.0250	0.0550	3.10115660e+10
0.0250	0.0350	0.0350	1.25571411e+10
0.0250	0.0350	0.0450	7.37320516e+09
0.0250	0.0350	0.0550	7.63999244e+09
0.0250	0.0350	0.0650	1.67426309e+09
0.0250	0.0450	0.0450	1.03096704e+10
0.0250	0.0450	0.0550	5.97606652e+09
0.0250	0.0450	0.0650	4.82328565e+09
0.0250	0.0450	0.0750	-5.00152070e+09
0.0250	0.0550	0.0550	5.75308661e+09
0.0250	0.0550	0.0650	5.21726130e+09
0.0250	0.0550	0.0750	6.46467763e+09
0.0250	0.0550	0.0850	5.43050224e+09
0.0250	0.0650	0.0650	-2.00124058e+09
0.0250	0.0650	0.0750	3.53240896e+09
0.0250	0.0650	0.0850	6.51362755e+09
0.0250	0.0650	0.0950	6.44792155e+09
0.0250	0.0750	0.0750	7.39407197e+09
0.0250	0.0750	0.0850	3.80792487e+09
0.0250	0.0750	0.0950	4.30390614e+09
0.0250	0.0750	0.1050	5.55805698e+09
0.0250	0.0850	0.0850	2.81426853e+09
0.0250	0.0850	0.0950	2.70035628e+09
0.0250	0.0850	0.1050	3.94564439e+09
0.0250	0.0850	0.1150	4.48073181e+09
0.0250	0.0950	0.0950	2.90059520e+09
0.0250	0.0950	0.1050	1.60636687e+09
0.0250	0.0950	0.1150	2.53781595e+09
0.0250	0.0950	0.1250	3.19035038e+09
0.0250	0.1050	0.1050	1.99908416e+09
0.0250	0.1050	0.1150	1.53784316e+09
0.0250	0.1050	0.1250	2.62611569e+09
0.0250	0.1050	0.1350	2.52364525e+09
0.0250	0.1150	0.1150	1.11666936e+09
0.0250	0.1150	0.1250	2.04100727e+09
0.0250	0.1150	0.1350	2.17098214e+09
0.0250	0.1150	0.1450	2.38412081e+09
0.0250	0.1250	0.1250	3.51791983e+09
0.0250	0.1250	0.1350	1.28456123e+09
0.0250	0.1250	0.1450	2.05558053e+09
0.0250	0.1350	0.1350	2.16347755e+09
0.0250	0.1350	0.1450	2.03005335e+09
0.0250	0.1450	0.1450	7.26131251e+08
0.0350	0.0350	0.0350	4.55475484e+09
0.0350	0.0350	0.0450	9.78226367e+09
0.0350	0.0350	0.0550	4.17037777e+09
0.0350	0.0350	0.0650	5.31910271e+09
0.0350	0.0350	0.0750	4.95071927e+09
0.0350	0.0450	0.0450	5.96622920e+09
0.0350	0.0450	0.0550	-2.01350322e+09
0.0350	0.0450	0.0650	7.57096646e+09
0.0350	0.0450	0.0750	7.40535464e+09
0.0350	0.0450	0.0850	4.29872793e+09
0.0350	0.0550	0.0550	2.99223567e+09
0.0350	0.0550	0.0650	4.54936871e+09
0.0350	0.0550	0.0750	1.72081582e+08
0.0350	0.0550	0.0850	5.68668408e+09
0.0350	0.0550	0.0950	5.68279035e+09
0.0350	0.0650	0.0650	1.70497492e+09
0.0350	0.0650	0.0750	4.74309686e+09
0.0350	0.0650	0.0850	3.77801204e+09
0.0350	0.0650	0.0950	4.35592258e+09
0.0350	0.0650	0.1050	8.13445438e+09
0.0350	0.0750	0.0750	-3.96060262e+07
0.0350	0.0750	0.0850	2.71742133e+09
0.0350	0.0750	0.0950	1.81710470e+09
0.0350	0.0750	0.1050	3.89964535e+09
0.0350	0.0750	0.1150	2.39991974e+09
0.0350	0.0850	0.0850	2.08644677e+09
0.0350	0.0850	0.0950	3.36404409e+09
0.0350	0.0850	0.1050	2.72962618e+09
0.0350	0.0850	0.1150	3.06960935e+09
0.0350	0.0850	0.1250	2.07566741e+09
0.0350	0.0950	0.0950	2.40859633e+09
0.0350	0.0950	0.1050	2.03033154e+09
0.0350	0.0950	0.1150	1.89270950e+09
0.0350	0.0950	0.1250	2.89563555e+09
0.0350	0.0950	0.1350	2.11588144e+09
0.0350	0.1050	0.1050	1.64879860e+09
0.0350	0.1050	0.1150	2.05952579e+09
0.0350	0.1050	0.1250	2.05523389e+09
0.0350	0.1050	0.1350	1.45411337e+09
0.0350	0.1050	0.1450	2.48446957e+09
0.0350	0.1150	0.1150	1.34554192e+09
0.0350	0.1150	0.1250	1.83440663e+09
0.0350	0.1150	0.1350	1.50317599e+09
0.0350	0.1150	0.1450	2.19529282e+09
0.0350	0.1250	0.1250	4.23030635e+08
0.0350	0.1250	0.1350	1.49068624e+09
0.0350	0.1250	0.1450	1.62657874e+09
0.0350	0.1350	0.1350	1.07898562e+09
0.0350	0.1350	0.1450	1.10425168e+09
0.0350	0.1450	0.1450	1.56837371e+09
0.0450	0.0450	0.0450	3.37527016e+09
0.0450	0.0450	0.0550	6.68409814e+09
0.0450	0.0450	0.0650	3.83032932e+09
0.0450	0.0450	0.0750	1.89826989e+09
0.0450	0.0450	0.0850	4.07757767e+09
0.0450	0.0450	0.0950	2.82650276e+09
0.0450	0.0550	0.0550	2.87096016e+09
0.0450	0.0550	0.0650	-2.26965559e+08
0.0450	0.0550	0.0750	2.28657697e+09
0.0450	0.0550	0.0850	3.93825439e+09
0.0450	0.0550	0.0950	4.30004136e+09
0.0450	0.0550	0.1050	1.71408705e+09
0.0450	0.0650	0.0650	3.78650893e+09
0.0450	0.0650	0.0750	2.22400772e+09
0.0450	0.0650	0.0850	1.71221456e+09
0.0450	0.0650	0.0950	2.79457842e+09
0.0450	0.0650	0.1050	3.68197695e+09
0.0450	0.0650	0.1150	3.07921614e+09
0.0450	0.0750	0.0750	1.60713434e+09
0.0450	0.0750	0.0850	2.87087013e+09
0.0450	0.0750	0.0950	1.33889277e+09
0.0450	0.0750	0.1050	2.56962095e+09
0.0450	0.0750	0.1150	3.10830878e+09
0.0450	0.0750	0.1250	3.06741448e+09
0.0450	0.0850	0.0850	1.67040391e+09
0.0450	0.0850	0.0950	1.88780063e+09
0.0450	0.0850	0.1050	1.52787827e+09
0.0450	0.0850	0.1150	1.40663397e+09
0.0450	0.0850	0.1250	2.27886866e+09
0.0450	0.0850	0.1350	1.55489420e+09
0.0450	0.0950	0.0950	1.20442325e+09
0.0450	0.0950	0.1050	1.23998011e+09
0.0450	0.0950	0.1150	1.80713204e+09
0.0450	0.0950	0.1250	1.77183785e+09
0.0450	0.0950	0.1350	1.75093545e+09
0.0450	0.0950	0.1450	3.40527079e+09
0.0450	0.1050	0.1050	5.50823771e+08
0.0450	0.1050	0.1150	1.53080696e+09
0.0450	0.1050	0.1250	1.50548359e+09
0.0450	0.1050	0.1350	1.52698088e+09
0.0450	0.1050	0.1450	1.87152133e+09
0.0450	0.1150	0.1150	7.29193935e+08
0.0450	0.1150	0.1250	1.46237226e+09
0.0450	0.1150	0.1350	1.14910985e+09
0.0450	0.1150	0.1450	1.42795665e+09
0.0450	0.1250	0.1250	1.37274022e+09
0.0450	0.1250	0.1350	1.07404542e+09
0.0450	0.1250	0.1450	9.21369180e+08
0.0450	0.1350	0.1350	1.15145021e+09
0.0450	0.1350	0.1450	1.09752451e+09
0.0450	0.1450	0.1450	1.17133007e+09
0.0550	0.0550	0.0550	-4.80999645e+08
0.0550	0.0550	0.0650	4.27439511e+09
0.0550	0.0550	0.0750	8.82461848e+08
0.0550	0.0550	0.0850	1.74854101e+09
0.0550	0.0550	0.0950	2.30958201e+09
0.0550	0.0550	0.1050	7.05028265e+08
0.0550	0.0550	0.1150	5.02994305e+09
0.0550	0.0650	0.0650	3.09645245e+09
0.0550	0.0650	0.0750	3.72021902e+08
0.0550	0.0650	0.0850	2.60852234e+09
0.0550	0.0650	0.0950	1.17100279e+09
0.0550	0.0650	0.1050	1.35151583e+09
0.0550	0.0650	0.1150	3.55427024e+09
0.0550	0.0650	0.1250	8.46900259e+08
0.0550	0.0750	0.0750	2.69741430e+09
0.0550	0.0750	0.0850	1.72624380e+09
0.0550	0.0750	0.0950	1.46189005e+09
0.0550	0.0750	0.1050	2.09777142e+09
0.0550	0.0750	0.1150	2.49342135e+09
0.0550	0.0750	0.1250	1.97762895e+09
0.0550	0.0750	0.1350	3.06499239e+09
0.0550	0.0850	0.0850	1.01526633e+09
0.0550	0.0850	0.0950	2.62512625e+09
0.0550	0.0850	0.1050	7.32623146e+08
0.0550	0.0850	0.1150	1.72859982e+09
0.0550	0.0850	0.1250	1.75602813e+09
0.0550	0.0850	0.1350	1.51572930e+09
0.0550	0.0850	0.1450	3.59339312e+09
0.0550	0.0950	0.0950	9.38733753e+08
0.0550	0.0950	0.1050	1.54744693e+09
0.0550	0.0950	0.1150	8.82186568e+08
0.0550	0.0950	0.1250	1.38950683e+09
0.0550	0.0950	0.1350	1.57982816e+09
0.0550	0.0950	0.1450	1.11853685e+09
0.0550	0.1050	0.1050	2.27361805e+09
0.0550	0.1050	0.1150	1.41545090e+09
0.0550	0.1050	0.1250	7.00849877e+08
0.0550	0.1050	0.1350	1.41465190e+09
0.0550	0.1050	0.1450	1.07650046e+09
0.0550	0.1150	0.1150	6.99752835e+08
0.0550	0.1150	0.1250	6.48716921e+08
0.0550	0.1150	0.1350	6.92382414e+08
0.0550	0.1150	0.1450	7.11932577e+08
0.0550	0.1250	0.1250	1.25208727e+09
0.0550	0.1250	0.1350	1.01872767e+09
0.0550	0.1250	0.1450	9.75210350e+08
0.0550	0.1350	0.1350	1.33350361e+09
0.0550	0.1350	0.1450	8.25124806e+08
0.0550	0.1450	0.1450	8.29786747e+08
0.0650	0.0650	0.0650	4.38276578e+08
0.0650	0.0650	0.0750	4.68854726e+09
0.0650	0.0650	0.0850	1.85782920e+09
0.0650	0.0650	0.0950	1.11901429e+09
0.0650	0.0650	0.1050	1.28297880e+09
0.0650	0.0650	0.1150	8.57871238e+08
0.0650	0.0650	0.1250	2.74700360e+09
0.0650	0.0650	0.1350	3.30483333e+09
0.0650	0.0750	0.0750	1.54298706e+09
0.0650	0.0750	0.0850	1.20725869e+09
0.0650	0.0750	0.0950	1.81626896e+09
0.0650	0.0750	0.1050	1.83232407e+09
0.0650	0.0750	0.1150	1.13667970e+09
0.0650	0.0750	0.1250	1.91390114e+09
0.0650	0.0750	0.1350	2.73394169e+09
0.0650	0.0750	0.1450	1.45994155e+09
0.0650	0.0850	0.0850	1.44199688e+09
0.0650	0.0850	0.0950	1.00780752e+09
0.0650	0.0850	0.1050	1.83118271e+09
0.0650	0.0850	0.1150	1.39577835e+09
0.0650	0.0850	0.1250	1.55082758e+09
0.0650	0.0850	0.1350	1.16556581e+09
0.0650	0.0850	0.1450	1.72315866e+09
0.0650	0.0950	0.0950	1.13811903e+09
0.0650	0.0950	0.1050	1.00788880e+09
0.0650	0.0950	0.1150	1.37805361e+09
0.0650	0.0950	0.1250	1.15588814e+09
0.0650	0.0950	0.1350	1.37879547e+09
0.0650	0.0950	0.1450	1.77720291e+09
0.0650	0.1050	0.1050	6.36326600e+08
0.0650	0.1050	0.1150	1.34602644e+09
0.0650	0.1050	0.1250	9.01079824e+08
0.0650	0.1050	0.1350	1.10940773e+09
0.0650	0.1050	0.1450	1.25783954e+09
0.0650	0.1150	0.1150	8.23200554e+08
0.0650	0.1150	0.1250	9.08798906e+08
0.0650	0.1150	0.1350	9.98690944e+08
0.0650	0.1150	0.1450	6.87864418e+08
0.0650	0.1250	0.1250	8.56093239e+08
0.0650	0.1250	0.1350	9.76788509e+08
0.0650	0.1250	0.1450	9.98249863e+08
0.0650	0.1350	0.1350	4.60493954e+08
0.0650	0.1350	0.1450	7.22269325e+08
0.0650	0.1450	0.1450	8.20175417e+08
0.0750	0.0750	0.0750	2.60169238e+09
0.0750	0.0750	0.0850	1.36391011e+09
0.0750	0.0750	0.0950	1.34696241e+09
0.0750	0.0750	0.1050	1.48102855e+09
0.0750	0.0750	0.1150	1.65099165e+09
0.0750	0.0750	0.1250	1.46914956e+09
0.0750	0.0750	0.1350	1.16514550e+09
0.0750	0.0750	0.1450	2.02088416e+09
0.0750	0.0850	0.0850	5.39456034e+08
0.0750	0.0850	0.0950	1.39919679e+09
0.0750	0.0850	0.1050	1.14776293e+09
0.0750	0.0850	0.1150	1.02447591e+09
0.0750	0.0850	0.1250	1.40091818e+09
0.0750	0.0850	0.1350	1.80274818e+09
0.0750	0.0850	0.1450	1.30158641e+09
0.0750	0.0950	0.0950	1.23226584e+09
0.0750	0.0950	0.1050	1.22387619e+09
0.0750	0.0950	0.1150	7.13637758e+08
0.0750	0.0950	0.1250	1.59609648e+09
0.0750	0.0950	0.1350	1.29287190e+09
0.0750	0.0950	0.1450	1.06061657e+09
0.0750	0.1050	0.1050	1.85839035e+09
0.0750	0.1050	0.1150	8.10301833e+08
0.0750	0.1050	0.1250	8.04280515e+08
0.0750	0.1050	0.1350	1.24906914e+09
0.0750	0.1050	0.1450	9.07325084e+08
0.0750	0.1150	0.1150	7.69652862e+08
0.0750	0.1150	0.1250	5.68619300e+08
0.0750	0.1150	0.1350	7.72749198e+08
0.0750	0.1150	0.1450	5.49473226e+08
0.0750	0.1250	0.1250	8.18046382e+08
0.0750	0.1250	0.1350	7.68372652e+08
0.0750	0.1250	0.1450	1.07038847e+09
0.0750	0.1350	0.1350	6.09886762e+08
0.0750	0.1350	0.1450	8.38531887e+08
0.0750	0.1450	0.1450	6.74287801e+08
0.0850	0.0850	0.0850	1.42827496e+07
0.0850	0.0850	0.0950	1.04561749e+09
0.0850	0.0850	0.1050	1.69901604e+09
0.0850	0.0850	0.1150	5.80267340e+08
0.0850	0.0850	0.1250	1.32567893e+09
0.0850	0.0850	0.1350	1.32730553e+09
0.0850	0.0850	0.1450	1.33514655e+09
0.0850	0.0950	0.0950	3.56395670e+08
0.0850	0.0950	0.1050	1.26757802e+09
0.0850	0.0950	0.1150	1.06165544e+09
0.0850	0.0950	0.1250	9.69472289e+08
0.0850	0.0950	0.1350	1.09896068e+09
0.0850	0.0950	0.1450	7.73652947e+08
0.0850	0.1050	0.1050	8.42602909e+08
0.0850	0.1050	0.1150	1.02417816e+09
0.0850	0.1050	0.1250	6.22929528e+08
0.0850	0.1050	0.1350	5.55947337e+08
0.0850	0.1050	0.1450	9.62878487e+08
0.0850	0.1150	0.1150	9.90562880e+08
0.0850	0.1150	0.1250	7.91934922e+08
0.0850	0.1150	0.1350	7.75124747e+08
0.0850	0.1150	0.1450	5.63180766e+08
0.0850	0.1250	0.1250	8.23574230e+08
0.0850	0.1250	0.1350	5.19157922e+08
0.0850	0.1250	0.1450	8.07681547e+08
0.0850	0.1350	0.1350	8.18646889e+08
0.0850	0.1350	0.1450	7.55766127e+08
0.0850	0.1450	0.1450	2.31702792e+08
0.0950	0.0950	0.0950	8.26031769e+08
0.0950	0.0950	0.1050	1.71233490e+09
0.0950	0.0950	0.1150	6.25575653e+08
0.0950	0.0950	0.1250	6.08061086e+08
0.0950	0.0950	0.1350	4.03476605e+08
0.0950	0.0950	0.1450	7.23175475e+08
0.0950	0.1050	0.1050	7.45280822e+08
0.0950	0.1050	0.1150	5.71870837e+08
0.0950	0.1050	0.1250	6.45067204e+08
0.0950	0.1050	0.1350	8.79006185e+08
0.0950	0.1050	0.1450	5.47495355e+08
0.0950	0.1150	0.1150	2.69612612e+08
0.0950	0.1150	0.1250	7.03078234e+08
0.0950	0.1150	0.1350	6.84343526e+08
0.0950	0.1150	0.1450	7.01507234e+08
0.0950	0.1250	0.1250	6.14816338e+08
0.0950	0.1250	0.1350	6.20544367e+08
0.0950	0.1250	0.1450	6.53500440e+08
0.0950	0.1350	0.1350	6.26250831e+08
0.0950	0.1350	0.1450	8.03252978e+08
0.0950	0.1450	0.1450	5.21956837e+08
0.1050	0.1050	0.1050	7.25002531e+08
0.1050	0.1050	0.1150	5.67447040e+08
0.1050	0.1050	0.1250	6.66671392e+08
0.1050	0.1050	0.1350	8.57036982e+08
0.1050	0.1050	0.1450	1.03014726e+09
0.1050	0.1150	0.1150	3.27858203e+08
0.1050	0.1150	0.1250	5.96156721e+08
0.1050	0.1150	0.1350	7.88516559e+08
0.1050	0.1150	0.1450	4.98356324e+08
0.1050	0.1250	0.1250	6.30203880e+08
0.1050	0.1250	0.1350	6.44909763e+08
0.1050	0.1250	0.1450	5.94345466e+08
0.1050	0.1350	0.1350	5.87480638e+08
0.1050	0.1350	0.1450	4.10903406e+08
0.1050	0.1450	0.1450	6.94508960e+08
0.1150	0.1150	0.1150	2.12915968e+08
0.1150	0.1150	0.1250	4.93812672e+08
0.1150	0.1150	0.1350	3.67280377e+08
0.1150	0.1150	0.1450	7.58348219e+08
0.1150	0.1250	0.1250	7.46198134e+08
0.1150	0.1250	0.1350	6.23661167e+08
0.1150	0.1250	0.1450	5.89796900e+08
0.1150	0.1350	0.1350	5.25851055e+08
0.1150	0.1350	0.1450	6.78109399e+08
0.1150	0.1450	0.1450	2.39980868e+08
0.1250	0.1250	0.1250	6.06487328e+08
0.1250	0.1250	0.1350	3.93617875e+08
0.1250	0.1250	0.1450	4.83082552e+08
0.1250	0.1350	0.1350	3.46681174e+08
0.1250	0.1350	0.1450	4.86527957e+08
0.1250	0.1450	0.1450	6.68581495e+08
0.1350	0.1350	0.1350	7.62224370e+08
0.1350	0.1350	0.1450	4.58908519e+08
0.1350	0.1450	0.1450	3.58711037e+08
0.1450	0.1450	0.1450	4.48102944e+08
