####### Bispectrum of Patchy Simulation 1728 #############
# Patch: sgc
# z-type: z1
# Weights: fkp
# Fiducial Omega_m: 0.310
# Fiducial h: 0.676
# Boxsize: [1000.0, 1900.0, 1100.0]
# Grid: [95, 180, 105]
# k-binning: [0.000, 0.160, 0.010]
# Monte Carlo Simulations: 100
#
# Format: k1 | k2 | k3 | B(k1,k2,k3)
############################################
0.0150	0.0150	0.0150	-7.55753238e+10
0.0150	0.0150	0.0250	1.66975017e+10
0.0150	0.0150	0.0350	7.04930384e+10
0.0150	0.0250	0.0250	-3.14006379e+10
0.0150	0.0250	0.0350	-5.30450317e+09
0.0150	0.0250	0.0450	1.16775378e+10
0.0150	0.0350	0.0350	9.48403040e+09
0.0150	0.0350	0.0450	2.83898917e+09
0.0150	0.0350	0.0550	2.50993485e+09
0.0150	0.0450	0.0450	4.88362722e+09
0.0150	0.0450	0.0550	2.98911063e+09
0.0150	0.0450	0.0650	4.13992191e+09
0.0150	0.0550	0.0550	1.26567030e+09
0.0150	0.0550	0.0650	2.61769218e+09
0.0150	0.0550	0.0750	1.26139739e+10
0.0150	0.0650	0.0650	2.33475517e+09
0.0150	0.0650	0.0750	3.43024192e+09
0.0150	0.0650	0.0850	9.19154428e+09
0.0150	0.0750	0.0750	1.02800870e+09
0.0150	0.0750	0.0850	1.19451111e+09
0.0150	0.0750	0.0950	-1.45175139e+09
0.0150	0.0850	0.0850	1.64000323e+09
0.0150	0.0850	0.0950	1.71005938e+09
0.0150	0.0850	0.1050	3.54133128e+09
0.0150	0.0950	0.0950	2.26040494e+09
0.0150	0.0950	0.1050	-3.49149046e+08
0.0150	0.0950	0.1150	5.33225974e+09
0.0150	0.1050	0.1050	9.00492737e+08
0.0150	0.1050	0.1150	4.65936992e+08
0.0150	0.1050	0.1250	4.69556467e+09
0.0150	0.1150	0.1150	4.60481995e+08
0.0150	0.1150	0.1250	2.37820336e+09
0.0150	0.1150	0.1350	8.17884451e+08
0.0150	0.1250	0.1250	1.52565186e+09
0.0150	0.1250	0.1350	1.52182227e+09
0.0150	0.1250	0.1450	1.95353865e+09
0.0150	0.1350	0.1350	1.94680083e+09
0.0150	0.1350	0.1450	1.91948797e+09
0.0150	0.1450	0.1450	-4.61787381e+07
0.0250	0.0250	0.0250	3.18101922e+10
0.0250	0.0250	0.0350	2.14849771e+10
0.0250	0.0250	0.0450	4.03714912e+09
0.0250	0.0250	0.0550	2.25382448e+10
0.0250	0.0350	0.0350	7.71447773e+09
0.0250	0.0350	0.0450	6.47414673e+09
0.0250	0.0350	0.0550	9.96442725e+09
0.0250	0.0350	0.0650	2.32684792e+10
0.0250	0.0450	0.0450	1.01555768e+10
0.0250	0.0450	0.0550	5.42228386e+09
0.0250	0.0450	0.0650	6.70904658e+09
0.0250	0.0450	0.0750	2.82230471e+09
0.0250	0.0550	0.0550	5.95275702e+09
0.0250	0.0550	0.0650	3.06268413e+09
0.0250	0.0550	0.0750	4.54803848e+09
0.0250	0.0550	0.0850	5.28163299e+09
0.0250	0.0650	0.0650	2.46193489e+09
0.0250	0.0650	0.0750	3.37778384e+09
0.0250	0.0650	0.0850	2.75614791e+09
0.0250	0.0650	0.0950	1.05949869e+10
0.0250	0.0750	0.0750	3.95479791e+09
0.0250	0.0750	0.0850	5.09656410e+09
0.0250	0.0750	0.0950	6.19161542e+09
0.0250	0.0750	0.1050	2.33507528e+09
0.0250	0.0850	0.0850	3.54599074e+09
0.0250	0.0850	0.0950	3.84357990e+09
0.0250	0.0850	0.1050	3.66358714e+09
0.0250	0.0850	0.1150	1.50014677e+09
0.0250	0.0950	0.0950	2.19426486e+09
0.0250	0.0950	0.1050	2.08029430e+09
0.0250	0.0950	0.1150	3.53349587e+09
0.0250	0.0950	0.1250	4.63682545e+09
0.0250	0.1050	0.1050	2.76350601e+09
0.0250	0.1050	0.1150	2.40606115e+09
0.0250	0.1050	0.1250	2.60714716e+09
0.0250	0.1050	0.1350	1.98017923e+08
0.0250	0.1150	0.1150	2.26421648e+09
0.0250	0.1150	0.1250	1.03348776e+09
0.0250	0.1150	0.1350	3.01263692e+09
0.0250	0.1150	0.1450	1.38523233e+09
0.0250	0.1250	0.1250	2.58708761e+09
0.0250	0.1250	0.1350	1.76919573e+09
0.0250	0.1250	0.1450	3.24424908e+09
0.0250	0.1350	0.1350	1.30380396e+09
0.0250	0.1350	0.1450	1.10124351e+09
0.0250	0.1450	0.1450	2.36124137e+09
0.0350	0.0350	0.0350	-1.08700870e+10
0.0350	0.0350	0.0450	6.80184416e+09
0.0350	0.0350	0.0550	1.16463589e+10
0.0350	0.0350	0.0650	1.14657466e+10
0.0350	0.0350	0.0750	5.12551299e+09
0.0350	0.0450	0.0450	-1.46252875e+09
0.0350	0.0450	0.0550	1.75162318e+09
0.0350	0.0450	0.0650	5.25991448e+09
0.0350	0.0450	0.0750	4.06204310e+09
0.0350	0.0450	0.0850	4.46350382e+09
0.0350	0.0550	0.0550	4.86410306e+09
0.0350	0.0550	0.0650	2.91226523e+09
0.0350	0.0550	0.0750	6.57992430e+09
0.0350	0.0550	0.0850	4.48283432e+09
0.0350	0.0550	0.0950	3.28866699e+09
0.0350	0.0650	0.0650	4.08133906e+09
0.0350	0.0650	0.0750	3.51346546e+09
0.0350	0.0650	0.0850	2.82487653e+09
0.0350	0.0650	0.0950	4.82771423e+09
0.0350	0.0650	0.1050	3.29192469e+08
0.0350	0.0750	0.0750	-1.60490313e+09
0.0350	0.0750	0.0850	4.01114758e+09
0.0350	0.0750	0.0950	3.90408520e+09
0.0350	0.0750	0.1050	2.47639550e+09
0.0350	0.0750	0.1150	5.61530048e+09
0.0350	0.0850	0.0850	2.23380664e+09
0.0350	0.0850	0.0950	2.45437457e+09
0.0350	0.0850	0.1050	1.35305036e+09
0.0350	0.0850	0.1150	2.53954139e+09
0.0350	0.0850	0.1250	3.76357727e+09
0.0350	0.0950	0.0950	1.31546236e+09
0.0350	0.0950	0.1050	2.41957297e+09
0.0350	0.0950	0.1150	2.11026912e+09
0.0350	0.0950	0.1250	2.61139221e+09
0.0350	0.0950	0.1350	2.46407988e+09
0.0350	0.1050	0.1050	1.22077370e+09
0.0350	0.1050	0.1150	2.41671402e+09
0.0350	0.1050	0.1250	1.72227521e+09
0.0350	0.1050	0.1350	2.11801863e+09
0.0350	0.1050	0.1450	1.40189462e+09
0.0350	0.1150	0.1150	4.60717199e+08
0.0350	0.1150	0.1250	2.30090763e+09
0.0350	0.1150	0.1350	1.47231040e+09
0.0350	0.1150	0.1450	2.33116885e+09
0.0350	0.1250	0.1250	4.57355732e+07
0.0350	0.1250	0.1350	1.13091461e+09
0.0350	0.1250	0.1450	1.45666927e+09
0.0350	0.1350	0.1350	1.23394964e+09
0.0350	0.1350	0.1450	1.87908371e+09
0.0350	0.1450	0.1450	5.56858013e+08
0.0450	0.0450	0.0450	-2.88207590e+09
0.0450	0.0450	0.0550	3.39492380e+09
0.0450	0.0450	0.0650	4.89598467e+09
0.0450	0.0450	0.0750	2.12041485e+09
0.0450	0.0450	0.0850	3.86742425e+09
0.0450	0.0450	0.0950	-2.05803278e+09
0.0450	0.0550	0.0550	1.64924658e+09
0.0450	0.0550	0.0650	2.67854179e+09
0.0450	0.0550	0.0750	3.44086722e+09
0.0450	0.0550	0.0850	4.30309565e+08
0.0450	0.0550	0.0950	2.80281077e+09
0.0450	0.0550	0.1050	2.95842995e+09
0.0450	0.0650	0.0650	-1.17460978e+09
0.0450	0.0650	0.0750	1.21406030e+09
0.0450	0.0650	0.0850	2.28629479e+09
0.0450	0.0650	0.0950	3.06110264e+09
0.0450	0.0650	0.1050	2.61597810e+09
0.0450	0.0650	0.1150	1.77623637e+09
0.0450	0.0750	0.0750	4.28148042e+09
0.0450	0.0750	0.0850	1.19671446e+09
0.0450	0.0750	0.0950	1.42939488e+09
0.0450	0.0750	0.1050	2.33058637e+09
0.0450	0.0750	0.1150	3.10287940e+09
0.0450	0.0750	0.1250	8.20850280e+08
0.0450	0.0850	0.0850	1.37074487e+08
0.0450	0.0850	0.0950	1.51308725e+09
0.0450	0.0850	0.1050	1.30087323e+09
0.0450	0.0850	0.1150	1.65473064e+09
0.0450	0.0850	0.1250	1.69021560e+09
0.0450	0.0850	0.1350	4.24697621e+09
0.0450	0.0950	0.0950	1.68909633e+09
0.0450	0.0950	0.1050	7.54098393e+08
0.0450	0.0950	0.1150	1.09025840e+09
0.0450	0.0950	0.1250	1.35746390e+09
0.0450	0.0950	0.1350	9.96538842e+08
0.0450	0.0950	0.1450	5.01828348e+08
0.0450	0.1050	0.1050	7.65355218e+08
0.0450	0.1050	0.1150	1.38001119e+09
0.0450	0.1050	0.1250	5.57999868e+08
0.0450	0.1050	0.1350	6.54991855e+08
0.0450	0.1050	0.1450	1.27306123e+09
0.0450	0.1150	0.1150	2.83805385e+08
0.0450	0.1150	0.1250	1.07093571e+09
0.0450	0.1150	0.1350	1.04925873e+09
0.0450	0.1150	0.1450	9.23169773e+08
0.0450	0.1250	0.1250	1.12293974e+09
0.0450	0.1250	0.1350	9.93621081e+08
0.0450	0.1250	0.1450	9.20063001e+08
0.0450	0.1350	0.1350	1.15774349e+09
0.0450	0.1350	0.1450	1.04605686e+09
0.0450	0.1450	0.1450	7.49964497e+08
0.0550	0.0550	0.0550	-5.51952145e+08
0.0550	0.0550	0.0650	1.34643355e+09
0.0550	0.0550	0.0750	1.60616647e+09
0.0550	0.0550	0.0850	1.81693423e+09
0.0550	0.0550	0.0950	1.83120137e+09
0.0550	0.0550	0.1050	3.14501222e+09
0.0550	0.0550	0.1150	3.80859270e+09
0.0550	0.0650	0.0650	3.92767551e+09
0.0550	0.0650	0.0750	-2.69322763e+08
0.0550	0.0650	0.0850	9.29489323e+08
0.0550	0.0650	0.0950	1.62460331e+09
0.0550	0.0650	0.1050	2.41464246e+09
0.0550	0.0650	0.1150	2.08233292e+09
0.0550	0.0650	0.1250	4.53241629e+09
0.0550	0.0750	0.0750	1.86652887e+09
0.0550	0.0750	0.0850	1.15277727e+09
0.0550	0.0750	0.0950	1.42317081e+09
0.0550	0.0750	0.1050	1.35492850e+09
0.0550	0.0750	0.1150	2.03950062e+09
0.0550	0.0750	0.1250	2.15183691e+09
0.0550	0.0750	0.1350	2.23816988e+09
0.0550	0.0850	0.0850	1.17652435e+09
0.0550	0.0850	0.0950	1.63979153e+09
0.0550	0.0850	0.1050	1.37123454e+09
0.0550	0.0850	0.1150	1.21696528e+09
0.0550	0.0850	0.1250	1.46325571e+09
0.0550	0.0850	0.1350	1.84944315e+09
0.0550	0.0850	0.1450	1.87437621e+09
0.0550	0.0950	0.0950	1.94324598e+09
0.0550	0.0950	0.1050	5.64176782e+08
0.0550	0.0950	0.1150	1.48651278e+09
0.0550	0.0950	0.1250	1.65510948e+09
0.0550	0.0950	0.1350	1.73120105e+09
0.0550	0.0950	0.1450	1.74831165e+09
0.0550	0.1050	0.1050	5.65691149e+08
0.0550	0.1050	0.1150	1.15223472e+09
0.0550	0.1050	0.1250	6.51970977e+08
0.0550	0.1050	0.1350	1.13533914e+09
0.0550	0.1050	0.1450	9.54986352e+08
0.0550	0.1150	0.1150	1.23366336e+09
0.0550	0.1150	0.1250	9.64381415e+08
0.0550	0.1150	0.1350	1.10742777e+09
0.0550	0.1150	0.1450	8.28307377e+08
0.0550	0.1250	0.1250	1.28746142e+09
0.0550	0.1250	0.1350	7.41397382e+08
0.0550	0.1250	0.1450	1.05701900e+09
0.0550	0.1350	0.1350	9.34478826e+08
0.0550	0.1350	0.1450	9.00871233e+08
0.0550	0.1450	0.1450	4.05375495e+08
0.0650	0.0650	0.0650	2.39778707e+09
0.0650	0.0650	0.0750	2.28357121e+09
0.0650	0.0650	0.0850	2.72112681e+09
0.0650	0.0650	0.0950	1.70497018e+09
0.0650	0.0650	0.1050	2.31656825e+09
0.0650	0.0650	0.1150	1.82661601e+09
0.0650	0.0650	0.1250	3.02565928e+09
0.0650	0.0650	0.1350	6.62432938e+09
0.0650	0.0750	0.0750	1.47741072e+09
0.0650	0.0750	0.0850	4.21238211e+08
0.0650	0.0750	0.0950	1.36149122e+09
0.0650	0.0750	0.1050	1.37592318e+09
0.0650	0.0750	0.1150	1.63876571e+09
0.0650	0.0750	0.1250	1.58488981e+09
0.0650	0.0750	0.1350	1.82557224e+09
0.0650	0.0750	0.1450	1.59075291e+09
0.0650	0.0850	0.0850	1.59889195e+09
0.0650	0.0850	0.0950	1.26540908e+09
0.0650	0.0850	0.1050	1.32285510e+09
0.0650	0.0850	0.1150	2.89801326e+08
0.0650	0.0850	0.1250	1.33089524e+09
0.0650	0.0850	0.1350	1.06250780e+09
0.0650	0.0850	0.1450	1.70383145e+09
0.0650	0.0950	0.0950	1.68085605e+09
0.0650	0.0950	0.1050	8.10754595e+08
0.0650	0.0950	0.1150	1.05431880e+09
0.0650	0.0950	0.1250	1.30623759e+09
0.0650	0.0950	0.1350	1.02136999e+09
0.0650	0.0950	0.1450	1.20052552e+09
0.0650	0.1050	0.1050	1.39729675e+09
0.0650	0.1050	0.1150	1.07241453e+09
0.0650	0.1050	0.1250	7.46857117e+08
0.0650	0.1050	0.1350	6.29039557e+08
0.0650	0.1050	0.1450	8.51961399e+08
0.0650	0.1150	0.1150	1.02817019e+09
0.0650	0.1150	0.1250	3.38405276e+08
0.0650	0.1150	0.1350	1.10916850e+09
0.0650	0.1150	0.1450	6.13358801e+08
0.0650	0.1250	0.1250	7.86093059e+08
0.0650	0.1250	0.1350	5.98636052e+08
0.0650	0.1250	0.1450	1.00554890e+09
0.0650	0.1350	0.1350	8.80886802e+08
0.0650	0.1350	0.1450	4.80076865e+08
0.0650	0.1450	0.1450	2.17514322e+08
0.0750	0.0750	0.0750	9.94431993e+08
0.0750	0.0750	0.0850	1.52889448e+09
0.0750	0.0750	0.0950	9.97222540e+08
0.0750	0.0750	0.1050	1.47964529e+09
0.0750	0.0750	0.1150	1.53981191e+09
0.0750	0.0750	0.1250	1.67536469e+09
0.0750	0.0750	0.1350	2.50943579e+09
0.0750	0.0750	0.1450	1.87217781e+09
0.0750	0.0850	0.0850	1.22623970e+09
0.0750	0.0850	0.0950	1.60156139e+09
0.0750	0.0850	0.1050	5.63515660e+08
0.0750	0.0850	0.1150	1.64864226e+09
0.0750	0.0850	0.1250	1.08751065e+09
0.0750	0.0850	0.1350	1.16342233e+09
0.0750	0.0850	0.1450	1.87407690e+09
0.0750	0.0950	0.0950	6.01197233e+08
0.0750	0.0950	0.1050	9.22464764e+08
0.0750	0.0950	0.1150	7.66356351e+08
0.0750	0.0950	0.1250	1.01271206e+09
0.0750	0.0950	0.1350	1.38448093e+09
0.0750	0.0950	0.1450	9.96861044e+08
0.0750	0.1050	0.1050	2.44433665e+08
0.0750	0.1050	0.1150	4.83071169e+08
0.0750	0.1050	0.1250	1.07509201e+09
0.0750	0.1050	0.1350	9.06619963e+08
0.0750	0.1050	0.1450	6.02801761e+08
0.0750	0.1150	0.1150	7.81943258e+08
0.0750	0.1150	0.1250	8.43081749e+08
0.0750	0.1150	0.1350	7.86072373e+08
0.0750	0.1150	0.1450	8.98741904e+08
0.0750	0.1250	0.1250	1.11574377e+09
0.0750	0.1250	0.1350	6.53064294e+08
0.0750	0.1250	0.1450	7.80892503e+08
0.0750	0.1350	0.1350	3.37753727e+08
0.0750	0.1350	0.1450	7.90906458e+08
0.0750	0.1450	0.1450	6.27059117e+08
0.0850	0.0850	0.0850	-1.36394060e+09
0.0850	0.0850	0.0950	7.83979067e+08
0.0850	0.0850	0.1050	8.58844894e+08
0.0850	0.0850	0.1150	4.45939863e+08
0.0850	0.0850	0.1250	5.22610863e+08
0.0850	0.0850	0.1350	9.93820143e+08
0.0850	0.0850	0.1450	8.16156105e+08
0.0850	0.0950	0.0950	6.98104979e+08
0.0850	0.0950	0.1050	8.99621109e+08
0.0850	0.0950	0.1150	7.26949887e+08
0.0850	0.0950	0.1250	8.32466417e+08
0.0850	0.0950	0.1350	6.46448964e+08
0.0850	0.0950	0.1450	7.22774901e+08
0.0850	0.1050	0.1050	7.88162861e+08
0.0850	0.1050	0.1150	9.05424478e+08
0.0850	0.1050	0.1250	3.83669907e+08
0.0850	0.1050	0.1350	7.52108441e+08
0.0850	0.1050	0.1450	5.60513682e+08
0.0850	0.1150	0.1150	6.44771569e+08
0.0850	0.1150	0.1250	8.96539613e+08
0.0850	0.1150	0.1350	7.81382797e+08
0.0850	0.1150	0.1450	5.86588264e+08
0.0850	0.1250	0.1250	3.91873662e+08
0.0850	0.1250	0.1350	9.64543509e+08
0.0850	0.1250	0.1450	5.91688946e+08
0.0850	0.1350	0.1350	3.03047414e+08
0.0850	0.1350	0.1450	3.95547274e+08
0.0850	0.1450	0.1450	8.20902336e+08
0.0950	0.0950	0.0950	1.44114593e+09
0.0950	0.0950	0.1050	1.17932892e+09
0.0950	0.0950	0.1150	7.26460159e+08
0.0950	0.0950	0.1250	1.55309653e+09
0.0950	0.0950	0.1350	6.55076068e+08
0.0950	0.0950	0.1450	5.16474213e+08
0.0950	0.1050	0.1050	6.63545330e+08
0.0950	0.1050	0.1150	7.19665014e+08
0.0950	0.1050	0.1250	3.18038417e+08
0.0950	0.1050	0.1350	4.59547062e+08
0.0950	0.1050	0.1450	5.86962329e+08
0.0950	0.1150	0.1150	5.84773353e+08
0.0950	0.1150	0.1250	7.35200114e+08
0.0950	0.1150	0.1350	4.07778075e+08
0.0950	0.1150	0.1450	4.87153794e+08
0.0950	0.1250	0.1250	6.11247915e+08
0.0950	0.1250	0.1350	5.94476601e+08
0.0950	0.1250	0.1450	5.22167855e+08
0.0950	0.1350	0.1350	5.81417483e+08
0.0950	0.1350	0.1450	4.72959414e+08
0.0950	0.1450	0.1450	7.22689362e+08
0.1050	0.1050	0.1050	7.68690350e+08
0.1050	0.1050	0.1150	5.23043756e+08
0.1050	0.1050	0.1250	5.35949624e+08
0.1050	0.1050	0.1350	7.52921886e+08
0.1050	0.1050	0.1450	6.86073808e+08
0.1050	0.1150	0.1150	-3.21876263e+06
0.1050	0.1150	0.1250	4.65921157e+08
0.1050	0.1150	0.1350	3.80322625e+08
0.1050	0.1150	0.1450	5.09888712e+08
0.1050	0.1250	0.1250	7.53628061e+08
0.1050	0.1250	0.1350	1.00243279e+08
0.1050	0.1250	0.1450	4.17066800e+08
0.1050	0.1350	0.1350	4.84248866e+08
0.1050	0.1350	0.1450	4.32481717e+08
0.1050	0.1450	0.1450	2.62020461e+08
0.1150	0.1150	0.1150	1.08465458e+09
0.1150	0.1150	0.1250	4.73278670e+08
0.1150	0.1150	0.1350	9.72158569e+08
0.1150	0.1150	0.1450	3.36647674e+08
0.1150	0.1250	0.1250	4.02706998e+08
0.1150	0.1250	0.1350	6.57063926e+08
0.1150	0.1250	0.1450	5.18055519e+08
0.1150	0.1350	0.1350	2.30659577e+08
0.1150	0.1350	0.1450	4.52191401e+08
0.1150	0.1450	0.1450	4.07317071e+08
0.1250	0.1250	0.1250	2.31913858e+08
0.1250	0.1250	0.1350	3.77689793e+08
0.1250	0.1250	0.1450	2.57673680e+08
0.1250	0.1350	0.1350	4.56568921e+08
0.1250	0.1350	0.1450	4.48743919e+08
0.1250	0.1450	0.1450	2.04027933e+08
0.1350	0.1350	0.1350	3.52369432e+08
0.1350	0.1350	0.1450	3.39781591e+08
0.1350	0.1450	0.1450	3.59027591e+08
0.1450	0.1450	0.1450	4.77021417e+08
