####### Bispectrum of Patchy Simulation 1724 #############
# Patch: sgc
# z-type: z3
# Weights: fkp
# Fiducial Omega_m: 0.310
# Fiducial h: 0.676
# Boxsize: [1000.0, 2600.0, 1500.0]
# Grid: [95, 250, 140]
# k-binning: [0.000, 0.160, 0.010]
# Monte Carlo Simulations: 100
#
# Format: k1 | k2 | k3 | B(k1,k2,k3)
############################################
0.0150	0.0150	0.0150	7.53614652e+10
0.0150	0.0150	0.0250	2.96787366e+09
0.0150	0.0150	0.0350	6.68709410e+10
0.0150	0.0250	0.0250	3.80726455e+10
0.0150	0.0250	0.0350	9.51354322e+09
0.0150	0.0250	0.0450	3.47794457e+10
0.0150	0.0350	0.0350	-8.60315109e+09
0.0150	0.0350	0.0450	8.16609868e+09
0.0150	0.0350	0.0550	1.18102773e+10
0.0150	0.0450	0.0450	6.37906962e+09
0.0150	0.0450	0.0550	7.86604638e+09
0.0150	0.0450	0.0650	3.53868642e+09
0.0150	0.0550	0.0550	4.26182104e+09
0.0150	0.0550	0.0650	1.12598721e+10
0.0150	0.0550	0.0750	7.98524365e+08
0.0150	0.0650	0.0650	6.37582218e+09
0.0150	0.0650	0.0750	1.02412372e+10
0.0150	0.0650	0.0850	1.35537770e+10
0.0150	0.0750	0.0750	2.53951283e+08
0.0150	0.0750	0.0850	7.03411790e+09
0.0150	0.0750	0.0950	5.41687718e+09
0.0150	0.0850	0.0850	3.30371888e+09
0.0150	0.0850	0.0950	4.44945236e+09
0.0150	0.0850	0.1050	7.53686062e+09
0.0150	0.0950	0.0950	3.46871535e+09
0.0150	0.0950	0.1050	2.04058676e+09
0.0150	0.0950	0.1150	5.50791881e+09
0.0150	0.1050	0.1050	4.19680044e+09
0.0150	0.1050	0.1150	1.76463461e+09
0.0150	0.1050	0.1250	5.21864698e+09
0.0150	0.1150	0.1150	4.95318645e+09
0.0150	0.1150	0.1250	1.25748737e+09
0.0150	0.1150	0.1350	6.52806550e+09
0.0150	0.1250	0.1250	8.72330588e+08
0.0150	0.1250	0.1350	2.17560472e+09
0.0150	0.1250	0.1450	3.60429252e+09
0.0150	0.1350	0.1350	5.27937781e+09
0.0150	0.1350	0.1450	2.74536605e+09
0.0150	0.1450	0.1450	2.36239287e+09
0.0250	0.0250	0.0250	-4.91712257e+09
0.0250	0.0250	0.0350	1.62602356e+10
0.0250	0.0250	0.0450	-7.00653346e+09
0.0250	0.0250	0.0550	1.85450774e+10
0.0250	0.0350	0.0350	7.08303509e+09
0.0250	0.0350	0.0450	1.83105488e+09
0.0250	0.0350	0.0550	4.60537618e+09
0.0250	0.0350	0.0650	1.97953395e+10
0.0250	0.0450	0.0450	3.03734212e+09
0.0250	0.0450	0.0550	3.15206818e+09
0.0250	0.0450	0.0650	2.37015656e+09
0.0250	0.0450	0.0750	9.39111043e+09
0.0250	0.0550	0.0550	5.86254159e+09
0.0250	0.0550	0.0650	2.99613966e+09
0.0250	0.0550	0.0750	4.66912993e+09
0.0250	0.0550	0.0850	5.40671832e+09
0.0250	0.0650	0.0650	4.90491667e+09
0.0250	0.0650	0.0750	3.72577991e+09
0.0250	0.0650	0.0850	4.89270596e+09
0.0250	0.0650	0.0950	4.24807256e+09
0.0250	0.0750	0.0750	4.55581397e+09
0.0250	0.0750	0.0850	2.01847652e+09
0.0250	0.0750	0.0950	5.48156018e+09
0.0250	0.0750	0.1050	7.68060498e+09
0.0250	0.0850	0.0850	-5.06208960e+08
0.0250	0.0850	0.0950	2.53912336e+09
0.0250	0.0850	0.1050	2.62535924e+09
0.0250	0.0850	0.1150	8.43898585e+09
0.0250	0.0950	0.0950	2.36474922e+09
0.0250	0.0950	0.1050	2.38323096e+09
0.0250	0.0950	0.1150	1.71521952e+09
0.0250	0.0950	0.1250	6.45870553e+09
0.0250	0.1050	0.1050	1.33186512e+09
0.0250	0.1050	0.1150	2.56154712e+09
0.0250	0.1050	0.1250	1.66175079e+09
0.0250	0.1050	0.1350	4.54089743e+09
0.0250	0.1150	0.1150	1.17042631e+09
0.0250	0.1150	0.1250	1.90867659e+09
0.0250	0.1150	0.1350	2.12776231e+09
0.0250	0.1150	0.1450	1.40844916e+09
0.0250	0.1250	0.1250	2.11074282e+09
0.0250	0.1250	0.1350	2.06580120e+09
0.0250	0.1250	0.1450	2.17096122e+09
0.0250	0.1350	0.1350	1.05994162e+09
0.0250	0.1350	0.1450	1.39287004e+09
0.0250	0.1450	0.1450	1.18643004e+09
0.0350	0.0350	0.0350	-9.52795746e+09
0.0350	0.0350	0.0450	3.08965797e+09
0.0350	0.0350	0.0550	1.27783019e+10
0.0350	0.0350	0.0650	2.99405180e+09
0.0350	0.0350	0.0750	8.21826484e+09
0.0350	0.0450	0.0450	8.69752804e+09
0.0350	0.0450	0.0550	1.31115029e+09
0.0350	0.0450	0.0650	3.99088116e+09
0.0350	0.0450	0.0750	8.53099102e+09
0.0350	0.0450	0.0850	3.02232256e+09
0.0350	0.0550	0.0550	6.58812085e+09
0.0350	0.0550	0.0650	2.25003087e+09
0.0350	0.0550	0.0750	3.52490897e+09
0.0350	0.0550	0.0850	3.66258141e+09
0.0350	0.0550	0.0950	6.69365703e+09
0.0350	0.0650	0.0650	3.03395361e+09
0.0350	0.0650	0.0750	5.10181382e+09
0.0350	0.0650	0.0850	3.78399448e+09
0.0350	0.0650	0.0950	2.42881072e+09
0.0350	0.0650	0.1050	2.88745705e+09
0.0350	0.0750	0.0750	-6.72303095e+08
0.0350	0.0750	0.0850	2.87142397e+09
0.0350	0.0750	0.0950	4.17408584e+09
0.0350	0.0750	0.1050	3.99678739e+09
0.0350	0.0750	0.1150	9.48335907e+08
0.0350	0.0850	0.0850	4.12590085e+09
0.0350	0.0850	0.0950	1.48620773e+09
0.0350	0.0850	0.1050	2.48018783e+09
0.0350	0.0850	0.1150	1.65362304e+09
0.0350	0.0850	0.1250	4.62613866e+09
0.0350	0.0950	0.0950	2.58697126e+09
0.0350	0.0950	0.1050	2.07505057e+09
0.0350	0.0950	0.1150	2.07844735e+09
0.0350	0.0950	0.1250	1.94160604e+09
0.0350	0.0950	0.1350	3.89072951e+09
0.0350	0.1050	0.1050	1.37820228e+09
0.0350	0.1050	0.1150	1.86099968e+09
0.0350	0.1050	0.1250	2.17998922e+09
0.0350	0.1050	0.1350	1.95823689e+09
0.0350	0.1050	0.1450	3.09323851e+09
0.0350	0.1150	0.1150	1.91895152e+09
0.0350	0.1150	0.1250	8.90264832e+08
0.0350	0.1150	0.1350	2.36032162e+09
0.0350	0.1150	0.1450	1.00743353e+09
0.0350	0.1250	0.1250	9.61271836e+08
0.0350	0.1250	0.1350	1.30876455e+09
0.0350	0.1250	0.1450	1.87121909e+09
0.0350	0.1350	0.1350	1.05380670e+09
0.0350	0.1350	0.1450	2.20724553e+09
0.0350	0.1450	0.1450	8.42896254e+08
0.0450	0.0450	0.0450	-1.93793599e+09
0.0450	0.0450	0.0550	6.32593413e+09
0.0450	0.0450	0.0650	1.76448048e+08
0.0450	0.0450	0.0750	2.31021359e+09
0.0450	0.0450	0.0850	4.46963929e+09
0.0450	0.0450	0.0950	9.43584420e+09
0.0450	0.0550	0.0550	1.31576096e+09
0.0450	0.0550	0.0650	1.29511147e+09
0.0450	0.0550	0.0750	3.84876031e+09
0.0450	0.0550	0.0850	1.40506653e+09
0.0450	0.0550	0.0950	3.61415066e+09
0.0450	0.0550	0.1050	3.63510321e+09
0.0450	0.0650	0.0650	2.39494205e+09
0.0450	0.0650	0.0750	2.09189625e+08
0.0450	0.0650	0.0850	2.37110821e+09
0.0450	0.0650	0.0950	2.05331407e+09
0.0450	0.0650	0.1050	3.18621813e+09
0.0450	0.0650	0.1150	3.94471039e+09
0.0450	0.0750	0.0750	1.15000988e+09
0.0450	0.0750	0.0850	2.07712154e+09
0.0450	0.0750	0.0950	2.53047285e+09
0.0450	0.0750	0.1050	2.02234388e+09
0.0450	0.0750	0.1150	3.95480823e+09
0.0450	0.0750	0.1250	2.61541648e+09
0.0450	0.0850	0.0850	1.74326203e+09
0.0450	0.0850	0.0950	1.70364892e+09
0.0450	0.0850	0.1050	6.69347867e+08
0.0450	0.0850	0.1150	1.42563510e+09
0.0450	0.0850	0.1250	1.60088126e+09
0.0450	0.0850	0.1350	2.83338286e+09
0.0450	0.0950	0.0950	1.88819741e+09
0.0450	0.0950	0.1050	9.74546151e+08
0.0450	0.0950	0.1150	1.84533308e+09
0.0450	0.0950	0.1250	1.89289523e+09
0.0450	0.0950	0.1350	2.21647341e+09
0.0450	0.0950	0.1450	3.15112296e+09
0.0450	0.1050	0.1050	1.42697726e+09
0.0450	0.1050	0.1150	1.44761001e+09
0.0450	0.1050	0.1250	1.02957695e+09
0.0450	0.1050	0.1350	1.44828369e+09
0.0450	0.1050	0.1450	1.52975629e+09
0.0450	0.1150	0.1150	1.77062858e+09
0.0450	0.1150	0.1250	8.94236100e+08
0.0450	0.1150	0.1350	1.07980325e+09
0.0450	0.1150	0.1450	1.14767993e+09
0.0450	0.1250	0.1250	1.12621859e+09
0.0450	0.1250	0.1350	1.57511348e+09
0.0450	0.1250	0.1450	1.15314509e+09
0.0450	0.1350	0.1350	7.12766545e+08
0.0450	0.1350	0.1450	1.05598140e+09
0.0450	0.1450	0.1450	5.80510011e+08
0.0550	0.0550	0.0550	2.40005794e+09
0.0550	0.0550	0.0650	1.97832368e+09
0.0550	0.0550	0.0750	6.09296701e+08
0.0550	0.0550	0.0850	5.47379044e+08
0.0550	0.0550	0.0950	1.02668349e+09
0.0550	0.0550	0.1050	2.73206588e+09
0.0550	0.0550	0.1150	4.01809283e+09
0.0550	0.0650	0.0650	2.82177446e+09
0.0550	0.0650	0.0750	2.18681053e+09
0.0550	0.0650	0.0850	9.09343611e+08
0.0550	0.0650	0.0950	2.84016058e+09
0.0550	0.0650	0.1050	2.49567520e+09
0.0550	0.0650	0.1150	2.24396038e+09
0.0550	0.0650	0.1250	1.52521059e+09
0.0550	0.0750	0.0750	1.88979957e+09
0.0550	0.0750	0.0850	1.87789344e+09
0.0550	0.0750	0.0950	1.82600365e+09
0.0550	0.0750	0.1050	1.96366163e+09
0.0550	0.0750	0.1150	1.57702991e+09
0.0550	0.0750	0.1250	2.28151445e+09
0.0550	0.0750	0.1350	2.19570494e+09
0.0550	0.0850	0.0850	2.56483778e+09
0.0550	0.0850	0.0950	1.59091170e+09
0.0550	0.0850	0.1050	1.69529150e+09
0.0550	0.0850	0.1150	7.16435493e+08
0.0550	0.0850	0.1250	1.96685216e+09
0.0550	0.0850	0.1350	1.54427807e+09
0.0550	0.0850	0.1450	1.97817634e+09
0.0550	0.0950	0.0950	1.13172525e+09
0.0550	0.0950	0.1050	8.16933877e+08
0.0550	0.0950	0.1150	8.37816120e+08
0.0550	0.0950	0.1250	8.90785700e+08
0.0550	0.0950	0.1350	2.10575776e+09
0.0550	0.0950	0.1450	2.37612746e+09
0.0550	0.1050	0.1050	1.97640062e+09
0.0550	0.1050	0.1150	1.26364362e+09
0.0550	0.1050	0.1250	8.75365747e+08
0.0550	0.1050	0.1350	1.31225698e+09
0.0550	0.1050	0.1450	1.22486884e+09
0.0550	0.1150	0.1150	1.26222693e+09
0.0550	0.1150	0.1250	7.11034664e+08
0.0550	0.1150	0.1350	1.03078187e+09
0.0550	0.1150	0.1450	9.21498308e+08
0.0550	0.1250	0.1250	5.63734938e+08
0.0550	0.1250	0.1350	1.15423957e+09
0.0550	0.1250	0.1450	7.49751398e+08
0.0550	0.1350	0.1350	8.90148204e+08
0.0550	0.1350	0.1450	8.00225627e+08
0.0550	0.1450	0.1450	6.36769082e+08
0.0650	0.0650	0.0650	3.55503402e+09
0.0650	0.0650	0.0750	1.86471125e+09
0.0650	0.0650	0.0850	4.63513548e+09
0.0650	0.0650	0.0950	3.00577612e+08
0.0650	0.0650	0.1050	1.73995588e+09
0.0650	0.0650	0.1150	2.30175608e+09
0.0650	0.0650	0.1250	3.18827143e+09
0.0650	0.0650	0.1350	1.33583554e+09
0.0650	0.0750	0.0750	2.55521193e+09
0.0650	0.0750	0.0850	5.14090802e+08
0.0650	0.0750	0.0950	1.38009363e+09
0.0650	0.0750	0.1050	1.35540110e+09
0.0650	0.0750	0.1150	2.44469899e+09
0.0650	0.0750	0.1250	2.23372017e+09
0.0650	0.0750	0.1350	2.84987302e+09
0.0650	0.0750	0.1450	2.09872442e+09
0.0650	0.0850	0.0850	1.60693639e+09
0.0650	0.0850	0.0950	1.17908214e+09
0.0650	0.0850	0.1050	9.74639425e+08
0.0650	0.0850	0.1150	1.58055212e+09
0.0650	0.0850	0.1250	1.04325506e+09
0.0650	0.0850	0.1350	1.22117697e+09
0.0650	0.0850	0.1450	1.18360462e+09
0.0650	0.0950	0.0950	1.44871442e+09
0.0650	0.0950	0.1050	1.64535554e+09
0.0650	0.0950	0.1150	1.70476911e+09
0.0650	0.0950	0.1250	7.71715398e+08
0.0650	0.0950	0.1350	1.42268914e+09
0.0650	0.0950	0.1450	1.65791489e+09
0.0650	0.1050	0.1050	8.60480614e+08
0.0650	0.1050	0.1150	1.02257506e+09
0.0650	0.1050	0.1250	9.74218890e+08
0.0650	0.1050	0.1350	7.92776277e+08
0.0650	0.1050	0.1450	9.43193279e+08
0.0650	0.1150	0.1150	1.57678995e+09
0.0650	0.1150	0.1250	6.87657041e+08
0.0650	0.1150	0.1350	1.45411493e+09
0.0650	0.1150	0.1450	8.04655519e+08
0.0650	0.1250	0.1250	1.40543607e+09
0.0650	0.1250	0.1350	9.39101240e+08
0.0650	0.1250	0.1450	9.10975588e+08
0.0650	0.1350	0.1350	6.84115202e+08
0.0650	0.1350	0.1450	5.59773499e+08
0.0650	0.1450	0.1450	7.73296425e+08
0.0750	0.0750	0.0750	4.76125324e+09
0.0750	0.0750	0.0850	2.31085184e+09
0.0750	0.0750	0.0950	2.07443470e+09
0.0750	0.0750	0.1050	1.61655847e+09
0.0750	0.0750	0.1150	6.04773366e+08
0.0750	0.0750	0.1250	1.86669476e+09
0.0750	0.0750	0.1350	2.12896047e+09
0.0750	0.0750	0.1450	2.23235581e+09
0.0750	0.0850	0.0850	1.34540891e+09
0.0750	0.0850	0.0950	9.83977574e+08
0.0750	0.0850	0.1050	1.91347803e+09
0.0750	0.0850	0.1150	1.19080664e+09
0.0750	0.0850	0.1250	1.58540509e+09
0.0750	0.0850	0.1350	1.23019584e+09
0.0750	0.0850	0.1450	1.41670595e+09
0.0750	0.0950	0.0950	1.14493692e+09
0.0750	0.0950	0.1050	9.85351951e+08
0.0750	0.0950	0.1150	4.98985492e+08
0.0750	0.0950	0.1250	1.92911886e+09
0.0750	0.0950	0.1350	1.01814590e+09
0.0750	0.0950	0.1450	1.15482094e+09
0.0750	0.1050	0.1050	1.07181880e+09
0.0750	0.1050	0.1150	1.14694483e+09
0.0750	0.1050	0.1250	1.08340761e+09
0.0750	0.1050	0.1350	1.38373022e+09
0.0750	0.1050	0.1450	1.04649026e+09
0.0750	0.1150	0.1150	1.07151178e+09
0.0750	0.1150	0.1250	4.79649794e+08
0.0750	0.1150	0.1350	8.41608540e+08
0.0750	0.1150	0.1450	9.06085501e+08
0.0750	0.1250	0.1250	7.68444365e+08
0.0750	0.1250	0.1350	7.19063572e+08
0.0750	0.1250	0.1450	9.41638318e+08
0.0750	0.1350	0.1350	1.13809148e+09
0.0750	0.1350	0.1450	8.81428312e+08
0.0750	0.1450	0.1450	9.25838381e+08
0.0850	0.0850	0.0850	3.85588661e+08
0.0850	0.0850	0.0950	1.49729681e+09
0.0850	0.0850	0.1050	6.91205976e+08
0.0850	0.0850	0.1150	1.18704783e+09
0.0850	0.0850	0.1250	1.37049789e+09
0.0850	0.0850	0.1350	1.02907187e+09
0.0850	0.0850	0.1450	7.49652615e+08
0.0850	0.0950	0.0950	1.24660731e+09
0.0850	0.0950	0.1050	1.32511109e+09
0.0850	0.0950	0.1150	1.08066980e+09
0.0850	0.0950	0.1250	7.75841737e+08
0.0850	0.0950	0.1350	8.50450802e+08
0.0850	0.0950	0.1450	1.13161866e+09
0.0850	0.1050	0.1050	5.78332735e+08
0.0850	0.1050	0.1150	9.02232781e+08
0.0850	0.1050	0.1250	7.89892324e+08
0.0850	0.1050	0.1350	7.86260157e+08
0.0850	0.1050	0.1450	7.15420685e+08
0.0850	0.1150	0.1150	1.48405750e+08
0.0850	0.1150	0.1250	5.27566089e+08
0.0850	0.1150	0.1350	7.13018164e+08
0.0850	0.1150	0.1450	8.22945687e+08
0.0850	0.1250	0.1250	1.04986903e+09
0.0850	0.1250	0.1350	8.39859276e+08
0.0850	0.1250	0.1450	6.20699873e+08
0.0850	0.1350	0.1350	7.35852919e+08
0.0850	0.1350	0.1450	5.91964157e+08
0.0850	0.1450	0.1450	6.97106743e+08
0.0950	0.0950	0.0950	-6.46281864e+08
0.0950	0.0950	0.1050	1.55447773e+09
0.0950	0.0950	0.1150	5.81890538e+08
0.0950	0.0950	0.1250	7.15844526e+08
0.0950	0.0950	0.1350	5.27994253e+08
0.0950	0.0950	0.1450	8.82518063e+08
0.0950	0.1050	0.1050	3.54730251e+08
0.0950	0.1050	0.1150	7.66815679e+08
0.0950	0.1050	0.1250	1.17918611e+09
0.0950	0.1050	0.1350	7.71723864e+08
0.0950	0.1050	0.1450	5.78779326e+08
0.0950	0.1150	0.1150	1.25270720e+09
0.0950	0.1150	0.1250	5.74724766e+08
0.0950	0.1150	0.1350	5.72947573e+08
0.0950	0.1150	0.1450	4.51044537e+08
0.0950	0.1250	0.1250	8.04869479e+08
0.0950	0.1250	0.1350	6.61210834e+08
0.0950	0.1250	0.1450	7.81310110e+08
0.0950	0.1350	0.1350	4.93172880e+08
0.0950	0.1350	0.1450	4.99951334e+08
0.0950	0.1450	0.1450	5.43175666e+08
0.1050	0.1050	0.1050	1.19293799e+09
0.1050	0.1050	0.1150	5.48945628e+08
0.1050	0.1050	0.1250	7.90325468e+08
0.1050	0.1050	0.1350	2.29970052e+08
0.1050	0.1050	0.1450	6.82966407e+08
0.1050	0.1150	0.1150	8.51918280e+08
0.1050	0.1150	0.1250	5.83374363e+08
0.1050	0.1150	0.1350	9.46638959e+08
0.1050	0.1150	0.1450	5.75767336e+08
0.1050	0.1250	0.1250	8.96411268e+08
0.1050	0.1250	0.1350	5.62514424e+08
0.1050	0.1250	0.1450	4.73220821e+08
0.1050	0.1350	0.1350	5.58070986e+08
0.1050	0.1350	0.1450	5.80425719e+08
0.1050	0.1450	0.1450	2.69628901e+08
0.1150	0.1150	0.1150	3.03754228e+08
0.1150	0.1150	0.1250	6.72536208e+08
0.1150	0.1150	0.1350	2.69214090e+08
0.1150	0.1150	0.1450	4.00717910e+08
0.1150	0.1250	0.1250	5.19156348e+08
0.1150	0.1250	0.1350	5.91278694e+08
0.1150	0.1250	0.1450	5.06025449e+08
0.1150	0.1350	0.1350	3.07662375e+08
0.1150	0.1350	0.1450	5.04055363e+08
0.1150	0.1450	0.1450	3.73034123e+08
0.1250	0.1250	0.1250	9.86399747e+07
0.1250	0.1250	0.1350	3.89534096e+08
0.1250	0.1250	0.1450	6.42377893e+08
0.1250	0.1350	0.1350	4.51617081e+08
0.1250	0.1350	0.1450	3.87470814e+08
0.1250	0.1450	0.1450	6.27748953e+08
0.1350	0.1350	0.1350	3.78501842e+08
0.1350	0.1350	0.1450	5.01522530e+08
0.1350	0.1450	0.1450	2.71255914e+08
0.1450	0.1450	0.1450	5.78377695e+08
