####### Bispectrum of patchy_s3_ Simulation 1044 #############
# Weights: FKP
# Fiducial Omega_m: 0.310
# Fiducial h: 0.676
# Boxsize: [1000.0, 2600.0, 1500.0]
# Grid: [95, 250, 140]
# k-binning: [0.000, 0.110, 0.010]
# l-max: 4
# Monte Carlo Simulations: 100
#
# Format: k1 | k2 | k3 | B(k1,k2,k3) | B2(k1,k2,k3) | B4(k1,k2,k3)
############################################
0.0150	0.0150	0.0150	3.46968977e+10	9.88091281e+10	4.01809257e+10
0.0150	0.0150	0.0250	3.04555954e+10	-8.08984248e+10	-7.71697009e+10
0.0150	0.0250	0.0250	9.81830997e+09	6.24084177e+09	-2.37620611e+09
0.0150	0.0250	0.0350	2.29179450e+10	3.98183992e+10	-2.58406749e+09
0.0150	0.0350	0.0350	2.15366646e+10	4.35609594e+10	4.42478978e+09
0.0150	0.0350	0.0450	1.44071280e+10	1.97090964e+10	2.89257840e+10
0.0150	0.0450	0.0450	6.54415738e+09	-1.46000337e+10	-2.27541549e+10
0.0150	0.0450	0.0550	8.79446022e+09	1.26442820e+10	-1.71186421e+09
0.0150	0.0550	0.0550	6.33082543e+09	-7.17482094e+09	5.14035539e+09
0.0150	0.0550	0.0650	9.52313836e+09	1.78869203e+07	-1.23664974e+10
0.0150	0.0650	0.0650	1.23227811e+10	2.06335259e+10	1.92894212e+10
0.0150	0.0650	0.0750	5.79442356e+09	8.98098731e+09	4.26147434e+08
0.0150	0.0750	0.0750	2.62745842e+09	-5.78258455e+09	4.84648545e+09
0.0250	0.0250	0.0250	-8.58447122e+09	-2.70457357e+09	1.76775187e+10
0.0250	0.0250	0.0350	-1.70025046e+09	-1.70483390e+10	3.68303103e+09
0.0250	0.0250	0.0450	9.91015609e+09	3.50534907e+10	-3.53355164e+10
0.0250	0.0350	0.0350	-1.88617120e+09	-6.81849505e+09	-2.82610164e+09
0.0250	0.0350	0.0450	1.21152771e+10	1.00216727e+10	-2.32491484e+10
0.0250	0.0350	0.0550	3.85393511e+09	7.18192757e+09	7.41892460e+09
0.0250	0.0450	0.0450	2.52464701e+09	-6.65223899e+08	1.26485402e+10
0.0250	0.0450	0.0550	1.29417788e+09	2.26650869e+09	-6.82866897e+09
0.0250	0.0450	0.0650	3.41665215e+09	-2.78615875e+09	-7.84789018e+09
0.0250	0.0550	0.0550	4.07368623e+09	5.83291373e+09	-1.10943125e+09
0.0250	0.0550	0.0650	1.59964984e+09	7.53497943e+08	-7.11912370e+09
0.0250	0.0550	0.0750	6.96847445e+09	1.54397722e+09	-2.79417832e+09
0.0250	0.0650	0.0650	-4.41653591e+08	-8.27142600e+09	4.50003643e+08
0.0250	0.0650	0.0750	3.50397480e+08	-1.93573293e+09	8.23380487e+08
0.0250	0.0750	0.0750	1.20783992e+09	-1.23562843e+09	5.89930045e+09
0.0350	0.0350	0.0350	1.69020366e+10	1.09007983e+10	3.64268422e+09
0.0350	0.0350	0.0450	1.17783563e+10	5.71406911e+09	1.13926626e+10
0.0350	0.0350	0.0550	6.25741588e+09	1.20137833e+09	5.79406597e+09
0.0350	0.0350	0.0650	9.20558256e+09	6.23845770e+09	1.25417925e+10
0.0350	0.0450	0.0450	-4.96745372e+08	-4.14508660e+09	-5.31939472e+09
0.0350	0.0450	0.0550	4.29135376e+09	-2.34983002e+09	-2.17930456e+09
0.0350	0.0450	0.0650	1.47220306e+09	-7.62526018e+09	-1.15920178e+10
0.0350	0.0450	0.0750	2.45041931e+09	-1.10646588e+09	3.78799875e+09
0.0350	0.0550	0.0550	4.18268492e+09	-4.13966113e+09	5.91523529e+06
0.0350	0.0550	0.0650	5.76302663e+09	7.58335023e+09	2.71318964e+09
0.0350	0.0550	0.0750	2.89376878e+09	8.70802301e+08	6.94649858e+08
0.0350	0.0650	0.0650	1.50448282e+09	4.80615478e+09	-8.87944751e+08
0.0350	0.0650	0.0750	3.30919193e+09	2.32910719e+09	4.90526474e+09
0.0350	0.0750	0.0750	3.53106391e+09	3.64209198e+09	-1.25310454e+09
0.0450	0.0450	0.0450	7.14032931e+09	3.91308864e+09	6.12701544e+09
0.0450	0.0450	0.0550	6.56357310e+08	1.11562640e+10	1.86451450e+09
0.0450	0.0450	0.0650	3.25759010e+09	-8.00072084e+09	1.77720721e+09
0.0450	0.0450	0.0750	1.71971674e+09	9.20291343e+07	6.30707314e+09
0.0450	0.0550	0.0550	-1.06733692e+09	-1.92452665e+09	-2.76567691e+09
0.0450	0.0550	0.0650	3.64039625e+09	5.90428387e+09	6.15600670e+09
0.0450	0.0550	0.0750	1.76181597e+09	-1.28519624e+09	2.59610168e+08
0.0450	0.0650	0.0650	2.12893770e+09	-2.98269425e+09	-1.76927050e+09
0.0450	0.0650	0.0750	2.51615980e+09	3.33238212e+08	-1.84322512e+09
0.0450	0.0750	0.0750	8.49786891e+08	1.46994138e+07	2.33772025e+09
0.0550	0.0550	0.0550	2.06708127e+09	4.39075316e+09	5.34392165e+09
0.0550	0.0550	0.0650	1.69551039e+09	2.55311088e+09	-7.60757223e+08
0.0550	0.0550	0.0750	2.62675247e+09	1.63142091e+09	-1.81459581e+09
0.0550	0.0650	0.0650	4.33421609e+09	-2.68688158e+08	-1.93601191e+09
0.0550	0.0650	0.0750	-3.28774829e+08	1.76581207e+09	5.67148964e+09
0.0550	0.0750	0.0750	2.85816093e+09	2.90571359e+09	-2.21541635e+09
0.0650	0.0650	0.0650	2.44211017e+09	3.45428635e+09	8.59444063e+08
0.0650	0.0650	0.0750	1.47807571e+09	8.64004952e+07	-2.95213204e+08
0.0650	0.0750	0.0750	2.45532751e+09	1.51410971e+09	1.08265945e+08
0.0750	0.0750	0.0750	1.30336714e+09	-3.05546374e+08	3.74930129e+08
