####### Bispectrum of Patchy Simulation 1960 #############
# Patch: ngc
# z-type: z1
# Weights: fkp
# Fiducial Omega_m: 0.310
# Fiducial h: 0.676
# Boxsize: [1350.0, 2450.0, 1400.0]
# Grid: [126, 230, 130]
# k-binning: [0.000, 0.160, 0.010]
# Monte Carlo Simulations: 100
#
# Format: k1 | k2 | k3 | B(k1,k2,k3)
############################################
0.0150	0.0150	0.0150	3.18130175e+10
0.0150	0.0150	0.0250	4.26345623e+10
0.0150	0.0150	0.0350	-2.95267960e+08
0.0150	0.0250	0.0250	6.66040676e+08
0.0150	0.0250	0.0350	1.79501285e+10
0.0150	0.0250	0.0450	2.22353927e+10
0.0150	0.0350	0.0350	1.45767237e+10
0.0150	0.0350	0.0450	1.09855895e+10
0.0150	0.0350	0.0550	1.20066129e+10
0.0150	0.0450	0.0450	1.73568004e+10
0.0150	0.0450	0.0550	5.17546761e+09
0.0150	0.0450	0.0650	4.32761302e+09
0.0150	0.0550	0.0550	2.77715371e+09
0.0150	0.0550	0.0650	5.96099315e+09
0.0150	0.0550	0.0750	8.20497792e+09
0.0150	0.0650	0.0650	5.61911260e+09
0.0150	0.0650	0.0750	7.00425079e+09
0.0150	0.0650	0.0850	6.59113717e+09
0.0150	0.0750	0.0750	5.39070372e+09
0.0150	0.0750	0.0850	5.41099357e+09
0.0150	0.0750	0.0950	9.07692357e+09
0.0150	0.0850	0.0850	4.58621170e+09
0.0150	0.0850	0.0950	4.09342123e+09
0.0150	0.0850	0.1050	1.02995863e+10
0.0150	0.0950	0.0950	5.15545468e+09
0.0150	0.0950	0.1050	2.95107455e+09
0.0150	0.0950	0.1150	6.58042838e+09
0.0150	0.1050	0.1050	2.85448572e+09
0.0150	0.1050	0.1150	2.64005165e+09
0.0150	0.1050	0.1250	2.59209122e+09
0.0150	0.1150	0.1150	2.32001272e+09
0.0150	0.1150	0.1250	2.59689122e+09
0.0150	0.1150	0.1350	4.76014688e+09
0.0150	0.1250	0.1250	1.48987823e+09
0.0150	0.1250	0.1350	2.53674235e+09
0.0150	0.1250	0.1450	3.10655170e+09
0.0150	0.1350	0.1350	2.54978272e+09
0.0150	0.1350	0.1450	2.39636334e+09
0.0150	0.1450	0.1450	1.62519117e+09
0.0250	0.0250	0.0250	-9.88084871e+08
0.0250	0.0250	0.0350	7.47849444e+09
0.0250	0.0250	0.0450	8.93714888e+09
0.0250	0.0250	0.0550	1.76828792e+10
0.0250	0.0350	0.0350	3.03169116e+09
0.0250	0.0350	0.0450	6.84482545e+09
0.0250	0.0350	0.0550	8.25654506e+09
0.0250	0.0350	0.0650	1.48880778e+10
0.0250	0.0450	0.0450	2.35977009e+09
0.0250	0.0450	0.0550	2.62867893e+09
0.0250	0.0450	0.0650	7.13886124e+09
0.0250	0.0450	0.0750	1.04343027e+10
0.0250	0.0550	0.0550	7.01517660e+09
0.0250	0.0550	0.0650	4.01647712e+09
0.0250	0.0550	0.0750	7.16952260e+09
0.0250	0.0550	0.0850	6.69793161e+09
0.0250	0.0650	0.0650	4.12279607e+09
0.0250	0.0650	0.0750	3.32317342e+09
0.0250	0.0650	0.0850	5.93188357e+09
0.0250	0.0650	0.0950	3.48087759e+09
0.0250	0.0750	0.0750	3.04122751e+09
0.0250	0.0750	0.0850	2.34422504e+09
0.0250	0.0750	0.0950	4.56521692e+09
0.0250	0.0750	0.1050	5.26783746e+09
0.0250	0.0850	0.0850	2.46117327e+09
0.0250	0.0850	0.0950	2.75132927e+09
0.0250	0.0850	0.1050	4.20552261e+09
0.0250	0.0850	0.1150	4.74668355e+09
0.0250	0.0950	0.0950	1.58971736e+09
0.0250	0.0950	0.1050	2.47431421e+09
0.0250	0.0950	0.1150	3.33450391e+09
0.0250	0.0950	0.1250	8.87330617e+08
0.0250	0.1050	0.1050	1.70691988e+09
0.0250	0.1050	0.1150	1.79463795e+09
0.0250	0.1050	0.1250	2.77949204e+09
0.0250	0.1050	0.1350	2.77149874e+09
0.0250	0.1150	0.1150	1.50285644e+09
0.0250	0.1150	0.1250	1.72891996e+09
0.0250	0.1150	0.1350	2.56148870e+09
0.0250	0.1150	0.1450	3.08931892e+09
0.0250	0.1250	0.1250	1.25048432e+09
0.0250	0.1250	0.1350	1.46164389e+09
0.0250	0.1250	0.1450	2.19241013e+09
0.0250	0.1350	0.1350	1.47661097e+09
0.0250	0.1350	0.1450	1.24249929e+09
0.0250	0.1450	0.1450	1.15620142e+09
0.0350	0.0350	0.0350	-4.88053800e+08
0.0350	0.0350	0.0450	6.34801699e+09
0.0350	0.0350	0.0550	4.17760646e+09
0.0350	0.0350	0.0650	4.53268688e+09
0.0350	0.0350	0.0750	8.89749531e+09
0.0350	0.0450	0.0450	3.18358065e+09
0.0350	0.0450	0.0550	3.19527608e+09
0.0350	0.0450	0.0650	4.05034267e+09
0.0350	0.0450	0.0750	4.75614692e+09
0.0350	0.0450	0.0850	5.31835828e+09
0.0350	0.0550	0.0550	2.41343237e+09
0.0350	0.0550	0.0650	3.68655498e+09
0.0350	0.0550	0.0750	3.94845644e+09
0.0350	0.0550	0.0850	2.82872393e+09
0.0350	0.0550	0.0950	3.32361243e+09
0.0350	0.0650	0.0650	2.94488304e+09
0.0350	0.0650	0.0750	3.21312593e+09
0.0350	0.0650	0.0850	3.00655979e+09
0.0350	0.0650	0.0950	3.89410337e+09
0.0350	0.0650	0.1050	4.67833615e+09
0.0350	0.0750	0.0750	1.70732345e+09
0.0350	0.0750	0.0850	2.04005695e+09
0.0350	0.0750	0.0950	2.58449656e+09
0.0350	0.0750	0.1050	3.80713673e+09
0.0350	0.0750	0.1150	3.23880302e+09
0.0350	0.0850	0.0850	9.64755103e+08
0.0350	0.0850	0.0950	1.19482796e+09
0.0350	0.0850	0.1050	2.23806296e+09
0.0350	0.0850	0.1150	2.90965397e+09
0.0350	0.0850	0.1250	1.57591048e+09
0.0350	0.0950	0.0950	1.35236217e+09
0.0350	0.0950	0.1050	1.66597994e+09
0.0350	0.0950	0.1150	1.97661963e+09
0.0350	0.0950	0.1250	2.50300501e+09
0.0350	0.0950	0.1350	2.62906572e+09
0.0350	0.1050	0.1050	1.46367279e+09
0.0350	0.1050	0.1150	1.30122301e+09
0.0350	0.1050	0.1250	1.59537100e+09
0.0350	0.1050	0.1350	1.45212283e+09
0.0350	0.1050	0.1450	2.21903990e+09
0.0350	0.1150	0.1150	1.26503501e+09
0.0350	0.1150	0.1250	1.52250340e+09
0.0350	0.1150	0.1350	1.29272423e+09
0.0350	0.1150	0.1450	1.85583412e+09
0.0350	0.1250	0.1250	1.27482875e+09
0.0350	0.1250	0.1350	1.03501907e+09
0.0350	0.1250	0.1450	1.81601475e+09
0.0350	0.1350	0.1350	9.17301748e+08
0.0350	0.1350	0.1450	1.09360180e+09
0.0350	0.1450	0.1450	1.15837381e+09
0.0450	0.0450	0.0450	1.45649844e+09
0.0450	0.0450	0.0550	3.80617957e+09
0.0450	0.0450	0.0650	2.20266822e+09
0.0450	0.0450	0.0750	1.82484762e+09
0.0450	0.0450	0.0850	3.87549357e+09
0.0450	0.0450	0.0950	3.77352918e+09
0.0450	0.0550	0.0550	1.59489319e+09
0.0450	0.0550	0.0650	2.37304113e+09
0.0450	0.0550	0.0750	3.00196229e+09
0.0450	0.0550	0.0850	3.12824024e+09
0.0450	0.0550	0.0950	3.54535707e+09
0.0450	0.0550	0.1050	3.43686218e+09
0.0450	0.0650	0.0650	3.32508195e+09
0.0450	0.0650	0.0750	2.57218897e+09
0.0450	0.0650	0.0850	2.99166409e+09
0.0450	0.0650	0.0950	3.07151956e+09
0.0450	0.0650	0.1050	3.30450500e+09
0.0450	0.0650	0.1150	4.76626190e+09
0.0450	0.0750	0.0750	2.28607687e+09
0.0450	0.0750	0.0850	1.38053551e+09
0.0450	0.0750	0.0950	1.96427203e+09
0.0450	0.0750	0.1050	1.92922177e+09
0.0450	0.0750	0.1150	2.61333749e+09
0.0450	0.0750	0.1250	2.13153420e+09
0.0450	0.0850	0.0850	1.17889951e+09
0.0450	0.0850	0.0950	1.61551253e+09
0.0450	0.0850	0.1050	1.57536589e+09
0.0450	0.0850	0.1150	1.68166704e+09
0.0450	0.0850	0.1250	2.41840122e+09
0.0450	0.0850	0.1350	2.41333529e+09
0.0450	0.0950	0.0950	8.28364786e+08
0.0450	0.0950	0.1050	1.55589771e+09
0.0450	0.0950	0.1150	1.03397543e+09
0.0450	0.0950	0.1250	1.55814547e+09
0.0450	0.0950	0.1350	1.90775369e+09
0.0450	0.0950	0.1450	2.29215299e+09
0.0450	0.1050	0.1050	1.04603628e+09
0.0450	0.1050	0.1150	8.81339128e+08
0.0450	0.1050	0.1250	1.54421639e+09
0.0450	0.1050	0.1350	1.66439103e+09
0.0450	0.1050	0.1450	1.75348205e+09
0.0450	0.1150	0.1150	1.07303601e+09
0.0450	0.1150	0.1250	9.02550972e+08
0.0450	0.1150	0.1350	1.38910087e+09
0.0450	0.1150	0.1450	1.04200003e+09
0.0450	0.1250	0.1250	5.78326480e+08
0.0450	0.1250	0.1350	9.86830843e+08
0.0450	0.1250	0.1450	9.51868357e+08
0.0450	0.1350	0.1350	9.00230119e+08
0.0450	0.1350	0.1450	9.14684155e+08
0.0450	0.1450	0.1450	7.11945992e+08
0.0550	0.0550	0.0550	2.47946363e+09
0.0550	0.0550	0.0650	2.03683369e+09
0.0550	0.0550	0.0750	2.64525605e+09
0.0550	0.0550	0.0850	1.16290794e+09
0.0550	0.0550	0.0950	3.08360417e+09
0.0550	0.0550	0.1050	3.16920086e+09
0.0550	0.0550	0.1150	1.51765166e+09
0.0550	0.0650	0.0650	2.24540316e+09
0.0550	0.0650	0.0750	1.88502831e+09
0.0550	0.0650	0.0850	1.72934326e+09
0.0550	0.0650	0.0950	1.89445548e+09
0.0550	0.0650	0.1050	2.03830545e+09
0.0550	0.0650	0.1150	2.63078731e+09
0.0550	0.0650	0.1250	2.65122752e+09
0.0550	0.0750	0.0750	1.07828372e+09
0.0550	0.0750	0.0850	1.51348928e+09
0.0550	0.0750	0.0950	1.00790196e+09
0.0550	0.0750	0.1050	1.35918999e+09
0.0550	0.0750	0.1150	1.72263802e+09
0.0550	0.0750	0.1250	2.69681751e+09
0.0550	0.0750	0.1350	1.89587590e+09
0.0550	0.0850	0.0850	1.33435539e+09
0.0550	0.0850	0.0950	1.28873512e+09
0.0550	0.0850	0.1050	1.52185250e+09
0.0550	0.0850	0.1150	1.40824647e+09
0.0550	0.0850	0.1250	1.59192357e+09
0.0550	0.0850	0.1350	1.98093512e+09
0.0550	0.0850	0.1450	2.09924632e+09
0.0550	0.0950	0.0950	9.97378942e+08
0.0550	0.0950	0.1050	1.01486924e+09
0.0550	0.0950	0.1150	1.10482618e+09
0.0550	0.0950	0.1250	1.30674886e+09
0.0550	0.0950	0.1350	1.08408711e+09
0.0550	0.0950	0.1450	2.02320751e+09
0.0550	0.1050	0.1050	7.38414066e+08
0.0550	0.1050	0.1150	6.96607498e+08
0.0550	0.1050	0.1250	7.35026328e+08
0.0550	0.1050	0.1350	9.25935451e+08
0.0550	0.1050	0.1450	1.03447586e+09
0.0550	0.1150	0.1150	9.91865403e+08
0.0550	0.1150	0.1250	9.79389754e+08
0.0550	0.1150	0.1350	8.57861702e+08
0.0550	0.1150	0.1450	9.04251609e+08
0.0550	0.1250	0.1250	8.37045430e+08
0.0550	0.1250	0.1350	9.62058520e+08
0.0550	0.1250	0.1450	9.09021693e+08
0.0550	0.1350	0.1350	4.59651598e+08
0.0550	0.1350	0.1450	8.24234154e+08
0.0550	0.1450	0.1450	7.41762357e+08
0.0650	0.0650	0.0650	1.38826806e+08
0.0650	0.0650	0.0750	1.39872187e+09
0.0650	0.0650	0.0850	1.51866475e+09
0.0650	0.0650	0.0950	2.33570598e+09
0.0650	0.0650	0.1050	2.09532496e+09
0.0650	0.0650	0.1150	2.05394416e+09
0.0650	0.0650	0.1250	2.31623640e+09
0.0650	0.0650	0.1350	4.10229629e+09
0.0650	0.0750	0.0750	1.07001929e+09
0.0650	0.0750	0.0850	1.34714668e+09
0.0650	0.0750	0.0950	1.51270752e+09
0.0650	0.0750	0.1050	1.58931243e+09
0.0650	0.0750	0.1150	1.18992234e+09
0.0650	0.0750	0.1250	2.06004232e+09
0.0650	0.0750	0.1350	2.26313858e+09
0.0650	0.0750	0.1450	1.50133824e+09
0.0650	0.0850	0.0850	1.29424931e+09
0.0650	0.0850	0.0950	9.98000105e+08
0.0650	0.0850	0.1050	1.03991432e+09
0.0650	0.0850	0.1150	1.07579469e+09
0.0650	0.0850	0.1250	1.26249488e+09
0.0650	0.0850	0.1350	1.24582187e+09
0.0650	0.0850	0.1450	2.05656045e+09
0.0650	0.0950	0.0950	9.87281608e+08
0.0650	0.0950	0.1050	8.91585275e+08
0.0650	0.0950	0.1150	7.00339488e+08
0.0650	0.0950	0.1250	1.00685075e+09
0.0650	0.0950	0.1350	1.20546279e+09
0.0650	0.0950	0.1450	1.28795095e+09
0.0650	0.1050	0.1050	1.28108900e+09
0.0650	0.1050	0.1150	9.93610830e+08
0.0650	0.1050	0.1250	6.55260388e+08
0.0650	0.1050	0.1350	9.68333614e+08
0.0650	0.1050	0.1450	1.13494785e+09
0.0650	0.1150	0.1150	8.19973713e+08
0.0650	0.1150	0.1250	7.84853486e+08
0.0650	0.1150	0.1350	8.36928527e+08
0.0650	0.1150	0.1450	9.15424462e+08
0.0650	0.1250	0.1250	8.68206097e+08
0.0650	0.1250	0.1350	8.73716237e+08
0.0650	0.1250	0.1450	9.53855859e+08
0.0650	0.1350	0.1350	5.53503300e+08
0.0650	0.1350	0.1450	7.42895631e+08
0.0650	0.1450	0.1450	7.92633566e+08
0.0750	0.0750	0.0750	1.70857361e+09
0.0750	0.0750	0.0850	8.12763892e+08
0.0750	0.0750	0.0950	1.25942050e+09
0.0750	0.0750	0.1050	1.35999224e+09
0.0750	0.0750	0.1150	1.14038346e+09
0.0750	0.0750	0.1250	1.36725646e+09
0.0750	0.0750	0.1350	1.21013451e+09
0.0750	0.0750	0.1450	2.24177896e+09
0.0750	0.0850	0.0850	1.32666197e+09
0.0750	0.0850	0.0950	1.24142254e+09
0.0750	0.0850	0.1050	1.16517545e+09
0.0750	0.0850	0.1150	1.01471994e+09
0.0750	0.0850	0.1250	1.19842106e+09
0.0750	0.0850	0.1350	1.26064428e+09
0.0750	0.0850	0.1450	1.24108423e+09
0.0750	0.0950	0.0950	1.02053132e+09
0.0750	0.0950	0.1050	9.60111939e+08
0.0750	0.0950	0.1150	7.85131407e+08
0.0750	0.0950	0.1250	9.02728136e+08
0.0750	0.0950	0.1350	5.77004437e+08
0.0750	0.0950	0.1450	9.62421464e+08
0.0750	0.1050	0.1050	9.80984907e+08
0.0750	0.1050	0.1150	6.96908299e+08
0.0750	0.1050	0.1250	6.67875789e+08
0.0750	0.1050	0.1350	7.67646185e+08
0.0750	0.1050	0.1450	7.00456821e+08
0.0750	0.1150	0.1150	9.83228752e+08
0.0750	0.1150	0.1250	8.01653293e+08
0.0750	0.1150	0.1350	7.66506499e+08
0.0750	0.1150	0.1450	9.37640715e+08
0.0750	0.1250	0.1250	5.71439640e+08
0.0750	0.1250	0.1350	5.96721655e+08
0.0750	0.1250	0.1450	6.87557832e+08
0.0750	0.1350	0.1350	6.29841281e+08
0.0750	0.1350	0.1450	6.33266784e+08
0.0750	0.1450	0.1450	3.86460698e+08
0.0850	0.0850	0.0850	9.86051668e+08
0.0850	0.0850	0.0950	9.61708317e+08
0.0850	0.0850	0.1050	6.11562079e+08
0.0850	0.0850	0.1150	5.19587070e+08
0.0850	0.0850	0.1250	7.83618437e+08
0.0850	0.0850	0.1350	9.13012117e+08
0.0850	0.0850	0.1450	7.81143616e+08
0.0850	0.0950	0.0950	8.73551634e+08
0.0850	0.0950	0.1050	6.44041523e+08
0.0850	0.0950	0.1150	7.18959097e+08
0.0850	0.0950	0.1250	5.99886304e+08
0.0850	0.0950	0.1350	9.60796012e+08
0.0850	0.0950	0.1450	8.61924999e+08
0.0850	0.1050	0.1050	6.24013754e+08
0.0850	0.1050	0.1150	6.88658863e+08
0.0850	0.1050	0.1250	6.29080362e+08
0.0850	0.1050	0.1350	6.26632533e+08
0.0850	0.1050	0.1450	6.46955587e+08
0.0850	0.1150	0.1150	6.68347798e+08
0.0850	0.1150	0.1250	5.82949926e+08
0.0850	0.1150	0.1350	6.16706548e+08
0.0850	0.1150	0.1450	4.04634937e+08
0.0850	0.1250	0.1250	3.86115714e+08
0.0850	0.1250	0.1350	6.28655481e+08
0.0850	0.1250	0.1450	6.54127350e+08
0.0850	0.1350	0.1350	4.89360001e+08
0.0850	0.1350	0.1450	5.75644102e+08
0.0850	0.1450	0.1450	7.11637939e+08
0.0950	0.0950	0.0950	7.30384317e+08
0.0950	0.0950	0.1050	7.17227231e+08
0.0950	0.0950	0.1150	5.38768611e+08
0.0950	0.0950	0.1250	6.02084714e+08
0.0950	0.0950	0.1350	7.01085502e+08
0.0950	0.0950	0.1450	6.29886758e+08
0.0950	0.1050	0.1050	4.96769940e+08
0.0950	0.1050	0.1150	6.89054054e+08
0.0950	0.1050	0.1250	5.83296510e+08
0.0950	0.1050	0.1350	3.98149143e+08
0.0950	0.1050	0.1450	6.21068670e+08
0.0950	0.1150	0.1150	4.88867178e+08
0.0950	0.1150	0.1250	4.67824821e+08
0.0950	0.1150	0.1350	4.96536315e+08
0.0950	0.1150	0.1450	5.83598577e+08
0.0950	0.1250	0.1250	6.77696818e+08
0.0950	0.1250	0.1350	4.42097366e+08
0.0950	0.1250	0.1450	5.64758008e+08
0.0950	0.1350	0.1350	5.30200628e+08
0.0950	0.1350	0.1450	5.11373702e+08
0.0950	0.1450	0.1450	4.38265307e+08
0.1050	0.1050	0.1050	8.07291153e+08
0.1050	0.1050	0.1150	5.93908998e+08
0.1050	0.1050	0.1250	4.54005503e+08
0.1050	0.1050	0.1350	4.61218383e+08
0.1050	0.1050	0.1450	5.11769398e+08
0.1050	0.1150	0.1150	6.18861381e+08
0.1050	0.1150	0.1250	3.45499588e+08
0.1050	0.1150	0.1350	4.28494935e+08
0.1050	0.1150	0.1450	3.91438948e+08
0.1050	0.1250	0.1250	4.64742507e+08
0.1050	0.1250	0.1350	4.11476209e+08
0.1050	0.1250	0.1450	4.95168591e+08
0.1050	0.1350	0.1350	3.57509208e+08
0.1050	0.1350	0.1450	4.81429055e+08
0.1050	0.1450	0.1450	3.77019799e+08
0.1150	0.1150	0.1150	3.11462749e+08
0.1150	0.1150	0.1250	5.45663600e+08
0.1150	0.1150	0.1350	6.41451861e+08
0.1150	0.1150	0.1450	3.09494534e+08
0.1150	0.1250	0.1250	4.07707912e+08
0.1150	0.1250	0.1350	3.41747523e+08
0.1150	0.1250	0.1450	4.11256230e+08
0.1150	0.1350	0.1350	4.06306040e+08
0.1150	0.1350	0.1450	4.42229316e+08
0.1150	0.1450	0.1450	4.00282712e+08
0.1250	0.1250	0.1250	3.63721501e+08
0.1250	0.1250	0.1350	3.00529297e+08
0.1250	0.1250	0.1450	3.56241601e+08
0.1250	0.1350	0.1350	3.21570199e+08
0.1250	0.1350	0.1450	3.65993231e+08
0.1250	0.1450	0.1450	2.66348087e+08
0.1350	0.1350	0.1350	3.51573273e+08
0.1350	0.1350	0.1450	3.64246770e+08
0.1350	0.1450	0.1450	2.77891690e+08
0.1450	0.1450	0.1450	2.70390779e+08
