####### Bispectrum of patchy_n3_ Simulation 637 #############
# Weights: FKP
# Fiducial Omega_m: 0.310
# Fiducial h: 0.676
# Boxsize: [1800.0, 3400.0, 1900.0]
# Grid: [170, 325, 180]
# k-binning: [0.000, 0.110, 0.010]
# l-max: 4
# Monte Carlo Simulations: 100
#
# Format: k1 | k2 | k3 | B(k1,k2,k3) | B2(k1,k2,k3) | B4(k1,k2,k3)
############################################
0.0150	0.0150	0.0150	6.94194411e+09	4.54340805e+09	4.53232719e+10
0.0150	0.0150	0.0250	-1.47900673e+10	-1.47833735e+10	1.39808011e+10
0.0150	0.0250	0.0250	1.71751199e+10	1.93905127e+09	-1.22368444e+10
0.0150	0.0250	0.0350	2.02950453e+10	1.13780051e+10	9.01776452e+09
0.0150	0.0350	0.0350	6.37432159e+09	1.42112565e+10	7.67415473e+09
0.0150	0.0350	0.0450	2.90927004e+09	1.31038501e+09	-2.78951525e+08
0.0150	0.0450	0.0450	5.14563353e+09	2.12657980e+09	-7.66596938e+09
0.0150	0.0450	0.0550	5.58352593e+09	7.15047944e+09	-2.39997501e+09
0.0150	0.0550	0.0550	3.82549757e+09	4.40064567e+09	1.26712310e+10
0.0150	0.0550	0.0650	-9.46854767e+08	-7.46098903e+09	-1.79714738e+09
0.0150	0.0650	0.0650	5.71019983e+09	8.01664174e+09	7.54231209e+09
0.0150	0.0650	0.0750	3.57699634e+09	-1.46328988e+09	-5.38431673e+09
0.0150	0.0750	0.0750	3.44135830e+09	5.98325139e+09	5.16328532e+09
0.0250	0.0250	0.0250	7.16685957e+09	5.26045369e+09	-1.90832753e+10
0.0250	0.0250	0.0350	2.68657165e+09	-2.47021313e+10	-3.93281221e+10
0.0250	0.0250	0.0450	1.06584172e+10	-5.80505240e+09	-2.48515637e+10
0.0250	0.0350	0.0350	3.46313569e+09	-8.15233880e+09	-8.21887261e+08
0.0250	0.0350	0.0450	3.36791820e+09	-4.00297578e+09	-2.86867481e+08
0.0250	0.0350	0.0550	5.40997673e+09	3.07062752e+09	-5.41609484e+08
0.0250	0.0450	0.0450	6.34864770e+08	2.07639178e+09	-2.63731451e+09
0.0250	0.0450	0.0550	3.20766856e+09	9.54061730e+08	-4.32715173e+09
0.0250	0.0450	0.0650	4.19597935e+09	-4.29546046e+08	4.00043925e+09
0.0250	0.0550	0.0550	6.24665453e+08	-2.12697323e+09	-1.98287952e+09
0.0250	0.0550	0.0650	4.12695376e+09	7.63093461e+09	-2.54645367e+09
0.0250	0.0550	0.0750	5.19511125e+09	1.81712325e+09	-2.61093396e+09
0.0250	0.0650	0.0650	4.22121963e+09	2.35069444e+09	8.33051416e+08
0.0250	0.0650	0.0750	3.00883154e+09	2.04609166e+09	1.37433800e+09
0.0250	0.0750	0.0750	1.60336739e+09	2.46712416e+09	1.91462714e+09
0.0350	0.0350	0.0350	-1.70926305e+09	-4.82847676e+09	4.39127150e+09
0.0350	0.0350	0.0450	5.05289019e+09	3.44327605e+09	1.28774314e+10
0.0350	0.0350	0.0550	3.64154098e+09	1.04839376e+10	2.63649388e+09
0.0350	0.0350	0.0650	6.16880556e+09	-1.12993381e+09	-1.13374579e+10
0.0350	0.0450	0.0450	1.03739614e+09	-5.28492929e+09	-1.27633457e+09
0.0350	0.0450	0.0550	4.12807957e+09	3.58316631e+08	3.90496896e+09
0.0350	0.0450	0.0650	2.63899963e+09	-1.87175579e+09	3.03427560e+09
0.0350	0.0450	0.0750	2.64781617e+09	1.60639435e+09	3.14234784e+09
0.0350	0.0550	0.0550	1.43816799e+09	-2.96474740e+09	-1.77422407e+09
0.0350	0.0550	0.0650	2.99718294e+09	-1.28552936e+09	-3.45282572e+09
0.0350	0.0550	0.0750	2.57303299e+09	2.46125584e+09	-1.29116712e+09
0.0350	0.0650	0.0650	1.99097176e+09	1.41019116e+09	6.93866631e+08
0.0350	0.0650	0.0750	2.80637716e+09	-2.31919104e+09	-2.32019120e+09
0.0350	0.0750	0.0750	1.08849253e+09	-1.33137130e+09	-6.02450944e+08
0.0450	0.0450	0.0450	-3.38760304e+07	-3.61390817e+08	-4.46839039e+09
0.0450	0.0450	0.0550	1.26481513e+08	-6.35596969e+08	1.82210912e+09
0.0450	0.0450	0.0650	4.42480344e+09	3.84378907e+09	6.13216272e+08
0.0450	0.0450	0.0750	2.33289474e+09	-3.50693719e+09	-5.08369650e+09
0.0450	0.0550	0.0550	3.82433516e+09	3.70739850e+09	1.51486389e+09
0.0450	0.0550	0.0650	9.63261422e+08	5.77595119e+08	5.02867251e+08
0.0450	0.0550	0.0750	2.14178327e+09	-6.80096009e+08	1.03077390e+09
0.0450	0.0650	0.0650	2.67724032e+09	-8.33252244e+08	-1.55322769e+09
0.0450	0.0650	0.0750	2.28479902e+09	2.55633321e+09	7.51878187e+08
0.0450	0.0750	0.0750	1.12847838e+09	7.61032344e+07	-2.61758627e+08
0.0550	0.0550	0.0550	2.95675267e+09	5.66505440e+08	6.43633810e+08
0.0550	0.0550	0.0650	7.17022291e+08	-2.53981529e+08	3.41583695e+09
0.0550	0.0550	0.0750	2.16163035e+09	4.32588185e+09	6.49081812e+09
0.0550	0.0650	0.0650	2.01616317e+09	3.17346346e+09	7.23358456e+08
0.0550	0.0650	0.0750	1.34105531e+09	4.46716544e+08	-1.28835349e+08
0.0550	0.0750	0.0750	2.48255638e+09	1.64191282e+09	-4.90390655e+08
0.0650	0.0650	0.0650	2.39906611e+09	1.08136033e+09	2.65415171e+08
0.0650	0.0650	0.0750	2.01710313e+09	5.92104787e+08	-1.63722398e+09
0.0650	0.0750	0.0750	1.08708712e+09	1.74180515e+09	7.87490453e+08
0.0750	0.0750	0.0750	1.57373501e+09	1.02170252e+09	9.59553596e+07
