####### Bispectrum of Patchy Simulation 1339 #############
# Patch: sgc
# z-type: z1
# Weights: fkp
# Fiducial Omega_m: 0.310
# Fiducial h: 0.676
# Boxsize: [1000.0, 1900.0, 1100.0]
# Grid: [95, 180, 105]
# k-binning: [0.000, 0.160, 0.010]
# Monte Carlo Simulations: 100
#
# Format: k1 | k2 | k3 | B(k1,k2,k3)
############################################
0.0150	0.0150	0.0150	2.09852297e+10
0.0150	0.0150	0.0250	1.16028700e+10
0.0150	0.0150	0.0350	-5.70049158e+10
0.0150	0.0250	0.0250	-2.16632160e+10
0.0150	0.0250	0.0350	1.81215047e+09
0.0150	0.0250	0.0450	3.61370131e+10
0.0150	0.0350	0.0350	1.79538681e+10
0.0150	0.0350	0.0450	-1.58043067e+10
0.0150	0.0350	0.0550	2.00562929e+10
0.0150	0.0450	0.0450	6.27046230e+08
0.0150	0.0450	0.0550	3.60052056e+09
0.0150	0.0450	0.0650	4.48755816e+09
0.0150	0.0550	0.0550	-1.00993849e+10
0.0150	0.0550	0.0650	1.34619408e+09
0.0150	0.0550	0.0750	1.29268946e+10
0.0150	0.0650	0.0650	5.14364475e+09
0.0150	0.0650	0.0750	2.98141342e+09
0.0150	0.0650	0.0850	-1.62067833e+09
0.0150	0.0750	0.0750	-2.78863001e+09
0.0150	0.0750	0.0850	3.34400072e+09
0.0150	0.0750	0.0950	6.74286909e+08
0.0150	0.0850	0.0850	5.34022330e+08
0.0150	0.0850	0.0950	4.09808467e+09
0.0150	0.0850	0.1050	3.81875099e+09
0.0150	0.0950	0.0950	-1.59930442e+09
0.0150	0.0950	0.1050	2.19934143e+09
0.0150	0.0950	0.1150	3.00934358e+09
0.0150	0.1050	0.1050	2.44641910e+09
0.0150	0.1050	0.1150	7.28777674e+08
0.0150	0.1050	0.1250	5.33691253e+09
0.0150	0.1150	0.1150	1.23224643e+09
0.0150	0.1150	0.1250	1.63061016e+09
0.0150	0.1150	0.1350	2.96896451e+09
0.0150	0.1250	0.1250	1.53641865e+08
0.0150	0.1250	0.1350	1.65047968e+09
0.0150	0.1250	0.1450	4.45233134e+09
0.0150	0.1350	0.1350	1.08701353e+09
0.0150	0.1350	0.1450	2.36910476e+09
0.0150	0.1450	0.1450	1.06544052e+09
0.0250	0.0250	0.0250	1.92748714e+10
0.0250	0.0250	0.0350	-5.88971906e+09
0.0250	0.0250	0.0450	1.21856542e+10
0.0250	0.0250	0.0550	-1.40981838e+10
0.0250	0.0350	0.0350	4.46942101e+09
0.0250	0.0350	0.0450	3.07570004e+09
0.0250	0.0350	0.0550	1.07876959e+10
0.0250	0.0350	0.0650	8.68970721e+09
0.0250	0.0450	0.0450	-2.48583730e+09
0.0250	0.0450	0.0550	2.96676763e+09
0.0250	0.0450	0.0650	5.00643633e+09
0.0250	0.0450	0.0750	3.58014306e+09
0.0250	0.0550	0.0550	2.67179543e+09
0.0250	0.0550	0.0650	7.13665928e+09
0.0250	0.0550	0.0750	6.39954844e+09
0.0250	0.0550	0.0850	8.04258358e+09
0.0250	0.0650	0.0650	1.52970079e+09
0.0250	0.0650	0.0750	3.02598124e+09
0.0250	0.0650	0.0850	6.24197002e+09
0.0250	0.0650	0.0950	5.66164079e+09
0.0250	0.0750	0.0750	2.56212399e+09
0.0250	0.0750	0.0850	4.31078645e+09
0.0250	0.0750	0.0950	3.88848152e+09
0.0250	0.0750	0.1050	1.08183719e+10
0.0250	0.0850	0.0850	1.90159872e+09
0.0250	0.0850	0.0950	3.95587227e+09
0.0250	0.0850	0.1050	1.65361309e+09
0.0250	0.0850	0.1150	4.08528711e+09
0.0250	0.0950	0.0950	2.77272813e+09
0.0250	0.0950	0.1050	7.60653245e+08
0.0250	0.0950	0.1150	4.21466090e+09
0.0250	0.0950	0.1250	3.13341416e+09
0.0250	0.1050	0.1050	3.22730896e+08
0.0250	0.1050	0.1150	1.57266205e+09
0.0250	0.1050	0.1250	1.79404781e+09
0.0250	0.1050	0.1350	2.86019361e+09
0.0250	0.1150	0.1150	1.55670808e+09
0.0250	0.1150	0.1250	1.73492877e+09
0.0250	0.1150	0.1350	2.97522356e+09
0.0250	0.1150	0.1450	2.23641789e+09
0.0250	0.1250	0.1250	2.44758869e+09
0.0250	0.1250	0.1350	1.37333461e+09
0.0250	0.1250	0.1450	2.58047365e+09
0.0250	0.1350	0.1350	7.38548427e+08
0.0250	0.1350	0.1450	1.45450148e+09
0.0250	0.1450	0.1450	7.76898481e+08
0.0350	0.0350	0.0350	2.61461878e+09
0.0350	0.0350	0.0450	1.41232018e+10
0.0350	0.0350	0.0550	2.94684549e+09
0.0350	0.0350	0.0650	2.95571277e+09
0.0350	0.0350	0.0750	-7.04296794e+09
0.0350	0.0450	0.0450	5.98162125e+09
0.0350	0.0450	0.0550	4.71320574e+09
0.0350	0.0450	0.0650	1.26589817e+09
0.0350	0.0450	0.0750	6.29672553e+09
0.0350	0.0450	0.0850	6.29761237e+09
0.0350	0.0550	0.0550	2.80378932e+09
0.0350	0.0550	0.0650	5.17106960e+09
0.0350	0.0550	0.0750	3.29392066e+09
0.0350	0.0550	0.0850	4.47853386e+09
0.0350	0.0550	0.0950	3.44615820e+09
0.0350	0.0650	0.0650	3.51612302e+09
0.0350	0.0650	0.0750	1.92874334e+09
0.0350	0.0650	0.0850	2.87775115e+09
0.0350	0.0650	0.0950	3.97747501e+09
0.0350	0.0650	0.1050	5.19650283e+09
0.0350	0.0750	0.0750	4.17782805e+09
0.0350	0.0750	0.0850	1.49271380e+09
0.0350	0.0750	0.0950	2.01375591e+09
0.0350	0.0750	0.1050	3.91561958e+09
0.0350	0.0750	0.1150	2.38206501e+09
0.0350	0.0850	0.0850	2.12085900e+09
0.0350	0.0850	0.0950	2.43061953e+09
0.0350	0.0850	0.1050	2.01244597e+09
0.0350	0.0850	0.1150	4.02964188e+09
0.0350	0.0850	0.1250	1.14638788e+09
0.0350	0.0950	0.0950	9.48627984e+08
0.0350	0.0950	0.1050	1.69977968e+09
0.0350	0.0950	0.1150	-4.51721567e+08
0.0350	0.0950	0.1250	2.95195697e+09
0.0350	0.0950	0.1350	3.63544546e+09
0.0350	0.1050	0.1050	6.42392949e+07
0.0350	0.1050	0.1150	1.61246588e+09
0.0350	0.1050	0.1250	1.77560202e+09
0.0350	0.1050	0.1350	1.14716471e+09
0.0350	0.1050	0.1450	8.83150323e+08
0.0350	0.1150	0.1150	7.75972233e+08
0.0350	0.1150	0.1250	1.09698524e+09
0.0350	0.1150	0.1350	1.63720851e+09
0.0350	0.1150	0.1450	1.56653050e+09
0.0350	0.1250	0.1250	8.10309531e+08
0.0350	0.1250	0.1350	1.55180556e+09
0.0350	0.1250	0.1450	1.13738345e+09
0.0350	0.1350	0.1350	9.35897360e+08
0.0350	0.1350	0.1450	1.23270937e+09
0.0350	0.1450	0.1450	1.42099507e+09
0.0450	0.0450	0.0450	-1.04771769e+09
0.0450	0.0450	0.0550	5.19256542e+09
0.0450	0.0450	0.0650	3.90999010e+09
0.0450	0.0450	0.0750	3.56594956e+09
0.0450	0.0450	0.0850	4.73014767e+09
0.0450	0.0450	0.0950	8.89152816e+09
0.0450	0.0550	0.0550	8.57151632e+08
0.0450	0.0550	0.0650	7.90285982e+08
0.0450	0.0550	0.0750	3.13797821e+09
0.0450	0.0550	0.0850	3.00761034e+09
0.0450	0.0550	0.0950	3.89258492e+09
0.0450	0.0550	0.1050	2.56838403e+09
0.0450	0.0650	0.0650	2.27573240e+09
0.0450	0.0650	0.0750	2.61860475e+09
0.0450	0.0650	0.0850	1.60079981e+09
0.0450	0.0650	0.0950	3.06986685e+09
0.0450	0.0650	0.1050	1.55156459e+09
0.0450	0.0650	0.1150	1.47869275e+09
0.0450	0.0750	0.0750	7.64648788e+08
0.0450	0.0750	0.0850	2.59078992e+09
0.0450	0.0750	0.0950	2.80266456e+09
0.0450	0.0750	0.1050	2.62685399e+09
0.0450	0.0750	0.1150	2.87939096e+09
0.0450	0.0750	0.1250	1.71567306e+09
0.0450	0.0850	0.0850	1.18944939e+09
0.0450	0.0850	0.0950	1.13018619e+09
0.0450	0.0850	0.1050	1.09287564e+09
0.0450	0.0850	0.1150	2.23788748e+09
0.0450	0.0850	0.1250	2.36097612e+09
0.0450	0.0850	0.1350	2.40994436e+09
0.0450	0.0950	0.0950	1.20108796e+09
0.0450	0.0950	0.1050	6.93425653e+08
0.0450	0.0950	0.1150	1.51765920e+09
0.0450	0.0950	0.1250	1.61751008e+09
0.0450	0.0950	0.1350	1.70430269e+09
0.0450	0.0950	0.1450	9.15883105e+08
0.0450	0.1050	0.1050	1.33617810e+09
0.0450	0.1050	0.1150	6.81813708e+08
0.0450	0.1050	0.1250	1.07536879e+09
0.0450	0.1050	0.1350	9.25733356e+08
0.0450	0.1050	0.1450	1.10946874e+09
0.0450	0.1150	0.1150	1.02662631e+09
0.0450	0.1150	0.1250	9.48450860e+08
0.0450	0.1150	0.1350	5.41908272e+08
0.0450	0.1150	0.1450	1.72785968e+09
0.0450	0.1250	0.1250	1.01510821e+09
0.0450	0.1250	0.1350	1.31348298e+09
0.0450	0.1250	0.1450	7.80976800e+08
0.0450	0.1350	0.1350	6.35201521e+08
0.0450	0.1350	0.1450	9.52965539e+08
0.0450	0.1450	0.1450	7.72605494e+08
0.0550	0.0550	0.0550	2.01088497e+09
0.0550	0.0550	0.0650	-8.65626585e+08
0.0550	0.0550	0.0750	2.73703334e+09
0.0550	0.0550	0.0850	-4.38392991e+08
0.0550	0.0550	0.0950	1.53725942e+09
0.0550	0.0550	0.1050	4.23424239e+09
0.0550	0.0550	0.1150	1.14591819e+09
0.0550	0.0650	0.0650	-4.48762639e+08
0.0550	0.0650	0.0750	6.53640370e+08
0.0550	0.0650	0.0850	2.63401084e+09
0.0550	0.0650	0.0950	1.91279955e+09
0.0550	0.0650	0.1050	1.43694065e+09
0.0550	0.0650	0.1150	2.85370584e+09
0.0550	0.0650	0.1250	2.62644126e+09
0.0550	0.0750	0.0750	9.56085977e+08
0.0550	0.0750	0.0850	8.94612692e+08
0.0550	0.0750	0.0950	1.08834571e+09
0.0550	0.0750	0.1050	1.82243697e+09
0.0550	0.0750	0.1150	1.18309892e+09
0.0550	0.0750	0.1250	2.82857432e+09
0.0550	0.0750	0.1350	3.70037651e+09
0.0550	0.0850	0.0850	1.19650818e+09
0.0550	0.0850	0.0950	1.89777741e+09
0.0550	0.0850	0.1050	1.34421934e+09
0.0550	0.0850	0.1150	1.34759853e+09
0.0550	0.0850	0.1250	1.87952351e+09
0.0550	0.0850	0.1350	2.00700528e+09
0.0550	0.0850	0.1450	2.47762248e+09
0.0550	0.0950	0.0950	1.50104921e+09
0.0550	0.0950	0.1050	7.41102586e+08
0.0550	0.0950	0.1150	1.15433783e+09
0.0550	0.0950	0.1250	1.40642177e+09
0.0550	0.0950	0.1350	1.20129714e+09
0.0550	0.0950	0.1450	1.59403853e+09
0.0550	0.1050	0.1050	9.46173456e+08
0.0550	0.1050	0.1150	8.92618008e+08
0.0550	0.1050	0.1250	1.17402810e+09
0.0550	0.1050	0.1350	9.38844801e+08
0.0550	0.1050	0.1450	1.18193958e+09
0.0550	0.1150	0.1150	1.13257951e+09
0.0550	0.1150	0.1250	3.24222698e+08
0.0550	0.1150	0.1350	9.92795950e+08
0.0550	0.1150	0.1450	8.92659746e+08
0.0550	0.1250	0.1250	1.17583500e+09
0.0550	0.1250	0.1350	8.67059090e+08
0.0550	0.1250	0.1450	7.44845056e+08
0.0550	0.1350	0.1350	6.95235816e+08
0.0550	0.1350	0.1450	8.19328464e+08
0.0550	0.1450	0.1450	8.83287875e+08
0.0650	0.0650	0.0650	1.12549655e+09
0.0650	0.0650	0.0750	1.69631574e+09
0.0650	0.0650	0.0850	1.60756297e+09
0.0650	0.0650	0.0950	1.31207983e+09
0.0650	0.0650	0.1050	1.93459714e+09
0.0650	0.0650	0.1150	1.33489119e+09
0.0650	0.0650	0.1250	1.65642517e+09
0.0650	0.0650	0.1350	1.12641807e+09
0.0650	0.0750	0.0750	1.34881032e+09
0.0650	0.0750	0.0850	1.15245308e+09
0.0650	0.0750	0.0950	1.59458303e+09
0.0650	0.0750	0.1050	1.69793951e+09
0.0650	0.0750	0.1150	1.67665129e+09
0.0650	0.0750	0.1250	1.88540283e+09
0.0650	0.0750	0.1350	2.23699820e+09
0.0650	0.0750	0.1450	2.33614622e+09
0.0650	0.0850	0.0850	-3.90179579e+08
0.0650	0.0850	0.0950	1.20602545e+09
0.0650	0.0850	0.1050	1.00835958e+09
0.0650	0.0850	0.1150	1.15804714e+09
0.0650	0.0850	0.1250	1.16366403e+09
0.0650	0.0850	0.1350	8.40535222e+08
0.0650	0.0850	0.1450	1.76238490e+09
0.0650	0.0950	0.0950	1.79751904e+08
0.0650	0.0950	0.1050	6.22359660e+08
0.0650	0.0950	0.1150	9.42111860e+08
0.0650	0.0950	0.1250	7.93352624e+08
0.0650	0.0950	0.1350	1.66698336e+09
0.0650	0.0950	0.1450	8.11350549e+08
0.0650	0.1050	0.1050	3.92464162e+08
0.0650	0.1050	0.1150	5.71116638e+08
0.0650	0.1050	0.1250	3.28027381e+08
0.0650	0.1050	0.1350	9.83441626e+08
0.0650	0.1050	0.1450	4.81514289e+08
0.0650	0.1150	0.1150	1.36268152e+09
0.0650	0.1150	0.1250	4.48472768e+08
0.0650	0.1150	0.1350	6.57240783e+08
0.0650	0.1150	0.1450	6.96144748e+08
0.0650	0.1250	0.1250	3.67346371e+07
0.0650	0.1250	0.1350	7.47478746e+08
0.0650	0.1250	0.1450	6.42362781e+08
0.0650	0.1350	0.1350	7.76124928e+08
0.0650	0.1350	0.1450	8.31280177e+08
0.0650	0.1450	0.1450	4.62362674e+08
0.0750	0.0750	0.0750	9.15997831e+08
0.0750	0.0750	0.0850	1.44014744e+09
0.0750	0.0750	0.0950	1.36165608e+09
0.0750	0.0750	0.1050	8.48066133e+08
0.0750	0.0750	0.1150	1.45430291e+09
0.0750	0.0750	0.1250	1.41140514e+09
0.0750	0.0750	0.1350	1.51114864e+09
0.0750	0.0750	0.1450	2.18117592e+09
0.0750	0.0850	0.0850	1.27443587e+09
0.0750	0.0850	0.0950	4.82580482e+08
0.0750	0.0850	0.1050	7.87957251e+08
0.0750	0.0850	0.1150	8.25814020e+08
0.0750	0.0850	0.1250	1.27097900e+09
0.0750	0.0850	0.1350	1.76709771e+09
0.0750	0.0850	0.1450	9.51785637e+08
0.0750	0.0950	0.0950	1.52260265e+09
0.0750	0.0950	0.1050	1.19145903e+09
0.0750	0.0950	0.1150	1.38823297e+07
0.0750	0.0950	0.1250	6.38096945e+08
0.0750	0.0950	0.1350	9.30481108e+08
0.0750	0.0950	0.1450	8.43645453e+08
0.0750	0.1050	0.1050	5.90707102e+08
0.0750	0.1050	0.1150	7.95466617e+08
0.0750	0.1050	0.1250	6.97476672e+08
0.0750	0.1050	0.1350	4.79054067e+08
0.0750	0.1050	0.1450	9.68625965e+08
0.0750	0.1150	0.1150	8.78688622e+08
0.0750	0.1150	0.1250	7.20896950e+08
0.0750	0.1150	0.1350	1.09612705e+09
0.0750	0.1150	0.1450	5.43763535e+08
0.0750	0.1250	0.1250	5.00044141e+08
0.0750	0.1250	0.1350	7.77224756e+08
0.0750	0.1250	0.1450	5.20991096e+08
0.0750	0.1350	0.1350	5.22322063e+08
0.0750	0.1350	0.1450	6.26488011e+08
0.0750	0.1450	0.1450	8.31953771e+08
0.0850	0.0850	0.0850	1.54515533e+09
0.0850	0.0850	0.0950	8.69700132e+07
0.0850	0.0850	0.1050	1.05142116e+09
0.0850	0.0850	0.1150	1.52502609e+09
0.0850	0.0850	0.1250	7.82934271e+08
0.0850	0.0850	0.1350	9.33245073e+08
0.0850	0.0850	0.1450	1.69428073e+09
0.0850	0.0950	0.0950	1.08534962e+09
0.0850	0.0950	0.1050	6.04720846e+08
0.0850	0.0950	0.1150	9.12954269e+08
0.0850	0.0950	0.1250	5.81093662e+08
0.0850	0.0950	0.1350	1.14785989e+09
0.0850	0.0950	0.1450	7.77158326e+08
0.0850	0.1050	0.1050	5.87949249e+08
0.0850	0.1050	0.1150	6.46506966e+08
0.0850	0.1050	0.1250	6.03426458e+08
0.0850	0.1050	0.1350	6.30471647e+08
0.0850	0.1050	0.1450	6.05982712e+08
0.0850	0.1150	0.1150	8.40451189e+08
0.0850	0.1150	0.1250	6.38821916e+08
0.0850	0.1150	0.1350	5.29937963e+08
0.0850	0.1150	0.1450	6.46796818e+08
0.0850	0.1250	0.1250	8.79956091e+08
0.0850	0.1250	0.1350	5.02160898e+08
0.0850	0.1250	0.1450	4.38707665e+08
0.0850	0.1350	0.1350	8.26845594e+08
0.0850	0.1350	0.1450	4.78095588e+08
0.0850	0.1450	0.1450	5.56935043e+08
0.0950	0.0950	0.0950	-4.03901136e+08
0.0950	0.0950	0.1050	4.36764080e+08
0.0950	0.0950	0.1150	7.68673521e+08
0.0950	0.0950	0.1250	5.21917343e+08
0.0950	0.0950	0.1350	5.56477460e+08
0.0950	0.0950	0.1450	8.96794319e+08
0.0950	0.1050	0.1050	2.39077588e+08
0.0950	0.1050	0.1150	5.72280306e+08
0.0950	0.1050	0.1250	4.52006171e+08
0.0950	0.1050	0.1350	6.78505286e+08
0.0950	0.1050	0.1450	3.40952573e+08
0.0950	0.1150	0.1150	6.89707371e+08
0.0950	0.1150	0.1250	8.75763630e+08
0.0950	0.1150	0.1350	3.28457445e+08
0.0950	0.1150	0.1450	4.63381314e+08
0.0950	0.1250	0.1250	2.32354468e+08
0.0950	0.1250	0.1350	5.38578029e+08
0.0950	0.1250	0.1450	4.22550489e+08
0.0950	0.1350	0.1350	5.95916475e+08
0.0950	0.1350	0.1450	4.58519814e+08
0.0950	0.1450	0.1450	6.20509004e+08
0.1050	0.1050	0.1050	5.44183356e+08
0.1050	0.1050	0.1150	1.01676053e+09
0.1050	0.1050	0.1250	4.08876859e+08
0.1050	0.1050	0.1350	4.94099329e+08
0.1050	0.1050	0.1450	2.40556524e+08
0.1050	0.1150	0.1150	3.85442284e+08
0.1050	0.1150	0.1250	2.83594304e+08
0.1050	0.1150	0.1350	6.28899280e+08
0.1050	0.1150	0.1450	5.00690339e+08
0.1050	0.1250	0.1250	4.38934743e+08
0.1050	0.1250	0.1350	3.05116653e+08
0.1050	0.1250	0.1450	3.18749076e+08
0.1050	0.1350	0.1350	4.82237912e+08
0.1050	0.1350	0.1450	3.93803371e+08
0.1050	0.1450	0.1450	2.24077919e+08
0.1150	0.1150	0.1150	7.11523184e+08
0.1150	0.1150	0.1250	5.95823006e+08
0.1150	0.1150	0.1350	3.51136447e+08
0.1150	0.1150	0.1450	4.14215771e+08
0.1150	0.1250	0.1250	4.50258199e+08
0.1150	0.1250	0.1350	4.19731344e+08
0.1150	0.1250	0.1450	3.58929410e+08
0.1150	0.1350	0.1350	3.42353153e+08
0.1150	0.1350	0.1450	4.85537233e+08
0.1150	0.1450	0.1450	2.94493788e+08
0.1250	0.1250	0.1250	5.41243017e+08
0.1250	0.1250	0.1350	3.39816969e+08
0.1250	0.1250	0.1450	2.54271342e+08
0.1250	0.1350	0.1350	3.83218469e+08
0.1250	0.1350	0.1450	3.20607161e+08
0.1250	0.1450	0.1450	3.71790657e+08
0.1350	0.1350	0.1350	6.39670130e+08
0.1350	0.1350	0.1450	2.68783000e+08
0.1350	0.1450	0.1450	1.98850855e+08
0.1450	0.1450	0.1450	2.63781376e+08
