####### Bispectrum of patchy_n1_ Simulation 1648 #############
# Weights: FKP
# Fiducial Omega_m: 0.310
# Fiducial h: 0.676
# Boxsize: [1350.0, 2450.0, 1400.0]
# Grid: [126, 230, 130]
# k-binning: [0.000, 0.110, 0.010]
# l-max: 4
# Monte Carlo Simulations: 100
#
# Format: k1 | k2 | k3 | B(k1,k2,k3) | B2(k1,k2,k3) | B4(k1,k2,k3)
############################################
0.0150	0.0150	0.0150	2.11097718e+09	1.40144817e+10	3.01004838e+10
0.0150	0.0150	0.0250	-1.90437073e+10	-1.10668166e+10	-4.09753135e+10
0.0150	0.0250	0.0250	1.28326104e+10	-3.72140310e+10	-4.25837344e+10
0.0150	0.0250	0.0350	1.90094332e+10	-6.00628121e+09	-1.86471592e+09
0.0150	0.0350	0.0350	4.99159216e+09	-2.94598150e+09	-7.09124152e+09
0.0150	0.0350	0.0450	1.25905062e+10	2.15387668e+10	9.12767327e+08
0.0150	0.0450	0.0450	4.51998587e+09	5.19255916e+09	1.26686774e+10
0.0150	0.0450	0.0550	9.31999481e+09	-7.11528629e+09	-5.00259322e+09
0.0150	0.0550	0.0550	-1.98216138e+08	-1.81659584e+09	2.51020249e+09
0.0150	0.0550	0.0650	4.69776308e+09	1.55750547e+09	2.54807908e+09
0.0150	0.0650	0.0650	4.32699727e+09	1.44067370e+09	-1.20599082e+10
0.0150	0.0650	0.0750	5.73962033e+09	4.61999639e+09	4.04024845e+09
0.0150	0.0750	0.0750	1.92727319e+09	-4.21769182e+09	-1.43000784e+10
0.0250	0.0250	0.0250	1.83047513e+10	1.17013168e+10	2.87997892e+10
0.0250	0.0250	0.0350	5.64160321e+09	1.24765415e+10	-6.53110730e+09
0.0250	0.0250	0.0450	1.22270626e+10	-1.21786947e+10	-1.51663199e+09
0.0250	0.0350	0.0350	4.32602285e+09	8.44560888e+09	-4.81262635e+09
0.0250	0.0350	0.0450	7.88667460e+09	6.07483684e+09	7.50543209e+09
0.0250	0.0350	0.0550	1.06913140e+10	6.97295743e+09	-1.66832628e+09
0.0250	0.0450	0.0450	7.15072730e+09	1.95190236e+09	1.43133981e+10
0.0250	0.0450	0.0550	4.30466059e+09	-2.41023391e+08	-2.26706190e+08
0.0250	0.0450	0.0650	1.20927183e+10	1.48528563e+10	7.42897181e+08
0.0250	0.0550	0.0550	5.54989556e+09	4.87807740e+09	-1.63963792e+09
0.0250	0.0550	0.0650	1.61558777e+09	-1.25197280e+09	8.08092927e+09
0.0250	0.0550	0.0750	4.09831434e+09	1.71244837e+08	-5.79417133e+09
0.0250	0.0650	0.0650	1.72335755e+09	-2.71024284e+09	5.46202759e+08
0.0250	0.0650	0.0750	6.00144795e+09	4.69328827e+09	1.26854031e+09
0.0250	0.0750	0.0750	1.51981713e+09	1.27777674e+09	1.72193351e+09
0.0350	0.0350	0.0350	8.02087006e+09	7.67120577e+09	4.66306673e+09
0.0350	0.0350	0.0450	-2.37472108e+09	2.28490680e+09	-5.98533671e+09
0.0350	0.0350	0.0550	6.35082324e+09	7.31836249e+09	-2.32196663e+09
0.0350	0.0350	0.0650	6.03498290e+09	2.84618873e+09	-7.50489813e+09
0.0350	0.0450	0.0450	7.93678776e+09	-6.04990425e+08	-5.77823370e+09
0.0350	0.0450	0.0550	4.20162963e+09	3.28098844e+09	4.65857446e+09
0.0350	0.0450	0.0650	3.10739521e+09	-1.53758392e+08	1.77919450e+09
0.0350	0.0450	0.0750	6.31073010e+09	-5.12727215e+08	-1.60046710e+08
0.0350	0.0550	0.0550	6.18086346e+08	1.42520099e+09	-1.74313576e+09
0.0350	0.0550	0.0650	3.91075083e+09	2.71621654e+09	-7.32771170e+06
0.0350	0.0550	0.0750	3.23141362e+09	1.17750910e+09	-1.16957623e+09
0.0350	0.0650	0.0650	8.64718661e+08	2.78916811e+09	1.90307906e+09
0.0350	0.0650	0.0750	2.43991884e+09	2.80510325e+09	-3.42443150e+08
0.0350	0.0750	0.0750	1.96882929e+09	1.77914083e+09	3.48352289e+09
0.0450	0.0450	0.0450	6.75229055e+09	5.20104876e+09	-4.01684330e+09
0.0450	0.0450	0.0550	1.49057304e+09	2.52834800e+09	-2.02463097e+09
0.0450	0.0450	0.0650	2.91210204e+09	-1.84940137e+09	-2.03778141e+09
0.0450	0.0450	0.0750	3.92745264e+09	7.69682825e+08	-4.94364483e+09
0.0450	0.0550	0.0550	2.87059591e+09	-7.55371785e+08	-2.53854480e+09
0.0450	0.0550	0.0650	1.60512486e+09	1.59825708e+08	1.63083881e+09
0.0450	0.0550	0.0750	3.46489035e+09	3.94155314e+09	2.62739648e+09
0.0450	0.0650	0.0650	2.14230512e+09	1.46813686e+09	-2.42962566e+09
0.0450	0.0650	0.0750	1.79544922e+09	1.94512329e+09	8.88483349e+08
0.0450	0.0750	0.0750	2.81174585e+09	2.79002808e+09	5.87396613e+08
0.0550	0.0550	0.0550	3.47324190e+09	-8.81836259e+08	1.08036597e+09
0.0550	0.0550	0.0650	1.62534188e+09	-3.85573719e+08	-2.23095781e+09
0.0550	0.0550	0.0750	1.87471958e+09	-3.82338774e+08	-9.95714947e+08
0.0550	0.0650	0.0650	2.50620104e+09	1.93937894e+09	1.14247956e+09
0.0550	0.0650	0.0750	1.24654160e+09	-5.70839312e+08	-1.81831369e+09
0.0550	0.0750	0.0750	1.63570828e+09	2.03404080e+08	-5.54495115e+08
0.0650	0.0650	0.0650	-3.91679838e+08	-1.20140070e+09	-2.28464629e+09
0.0650	0.0650	0.0750	1.61831842e+09	-8.49867522e+08	3.41286857e+09
0.0650	0.0750	0.0750	1.31480058e+09	8.48339066e+08	-3.31477930e+08
0.0750	0.0750	0.0750	4.82751781e+08	4.29985875e+08	-1.27541251e+09
