####### Bispectrum of Patchy Simulation 1089 #############
# Patch: ngc
# z-type: z3
# Weights: fkp
# Fiducial Omega_m: 0.310
# Fiducial h: 0.676
# Boxsize: [1800.0, 3400.0, 1900.0]
# Grid: [170, 325, 180]
# k-binning: [0.000, 0.160, 0.010]
# Monte Carlo Simulations: 100
#
# Format: k1 | k2 | k3 | B(k1,k2,k3)
############################################
0.0150	0.0150	0.0150	1.26642365e+10
0.0150	0.0150	0.0250	9.48656063e+09
0.0150	0.0150	0.0350	-2.43642073e+09
0.0150	0.0250	0.0250	-2.86846118e+09
0.0150	0.0250	0.0350	1.71409406e+10
0.0150	0.0250	0.0450	-6.32118428e+09
0.0150	0.0350	0.0350	1.24846804e+10
0.0150	0.0350	0.0450	1.06485500e+10
0.0150	0.0350	0.0550	1.40632972e+10
0.0150	0.0450	0.0450	1.52952923e+09
0.0150	0.0450	0.0550	4.95945879e+09
0.0150	0.0450	0.0650	1.55788835e+10
0.0150	0.0550	0.0550	1.61522517e+09
0.0150	0.0550	0.0650	3.31940593e+09
0.0150	0.0550	0.0750	7.02681325e+09
0.0150	0.0650	0.0650	3.59254528e+09
0.0150	0.0650	0.0750	3.79006494e+09
0.0150	0.0650	0.0850	8.37533497e+09
0.0150	0.0750	0.0750	-4.21946971e+08
0.0150	0.0750	0.0850	5.35581314e+09
0.0150	0.0750	0.0950	5.85118448e+09
0.0150	0.0850	0.0850	1.55434182e+09
0.0150	0.0850	0.0950	3.30558695e+09
0.0150	0.0850	0.1050	2.49316783e+09
0.0150	0.0950	0.0950	1.06245120e+09
0.0150	0.0950	0.1050	2.81318007e+09
0.0150	0.0950	0.1150	2.94722559e+09
0.0150	0.1050	0.1050	1.83843000e+09
0.0150	0.1050	0.1150	2.06092642e+09
0.0150	0.1050	0.1250	4.51896190e+09
0.0150	0.1150	0.1150	2.31847372e+09
0.0150	0.1150	0.1250	1.99456886e+09
0.0150	0.1150	0.1350	1.70583254e+09
0.0150	0.1250	0.1250	5.22835081e+08
0.0150	0.1250	0.1350	2.62421818e+09
0.0150	0.1250	0.1450	3.85775205e+09
0.0150	0.1350	0.1350	1.43485378e+09
0.0150	0.1350	0.1450	2.00534483e+09
0.0150	0.1450	0.1450	1.82045949e+09
0.0250	0.0250	0.0250	2.00648576e+09
0.0250	0.0250	0.0350	1.11587334e+09
0.0250	0.0250	0.0450	1.33292691e+10
0.0250	0.0250	0.0550	6.24983595e+09
0.0250	0.0350	0.0350	4.76328512e+09
0.0250	0.0350	0.0450	5.69534566e+09
0.0250	0.0350	0.0550	6.40526739e+09
0.0250	0.0350	0.0650	5.65893519e+09
0.0250	0.0450	0.0450	3.53470506e+09
0.0250	0.0450	0.0550	7.78712923e+09
0.0250	0.0450	0.0650	4.72667762e+09
0.0250	0.0450	0.0750	7.91841201e+09
0.0250	0.0550	0.0550	2.66809220e+09
0.0250	0.0550	0.0650	4.31292305e+09
0.0250	0.0550	0.0750	4.97101006e+09
0.0250	0.0550	0.0850	6.27117776e+09
0.0250	0.0650	0.0650	4.08351694e+09
0.0250	0.0650	0.0750	3.62069759e+09
0.0250	0.0650	0.0850	3.43762969e+09
0.0250	0.0650	0.0950	4.39231146e+09
0.0250	0.0750	0.0750	4.28374554e+09
0.0250	0.0750	0.0850	2.56778017e+09
0.0250	0.0750	0.0950	2.94120592e+09
0.0250	0.0750	0.1050	4.21305701e+09
0.0250	0.0850	0.0850	2.07980803e+09
0.0250	0.0850	0.0950	2.25963639e+09
0.0250	0.0850	0.1050	3.87484639e+09
0.0250	0.0850	0.1150	4.47702243e+09
0.0250	0.0950	0.0950	2.56363479e+09
0.0250	0.0950	0.1050	2.75221423e+09
0.0250	0.0950	0.1150	2.57337887e+09
0.0250	0.0950	0.1250	3.15057105e+09
0.0250	0.1050	0.1050	1.44573284e+09
0.0250	0.1050	0.1150	2.47056932e+09
0.0250	0.1050	0.1250	2.03597974e+09
0.0250	0.1050	0.1350	2.93061542e+09
0.0250	0.1150	0.1150	1.45804044e+09
0.0250	0.1150	0.1250	1.42965419e+09
0.0250	0.1150	0.1350	1.91239113e+09
0.0250	0.1150	0.1450	2.07205183e+09
0.0250	0.1250	0.1250	1.49214665e+09
0.0250	0.1250	0.1350	1.72189412e+09
0.0250	0.1250	0.1450	1.87894285e+09
0.0250	0.1350	0.1350	1.47052524e+09
0.0250	0.1350	0.1450	1.70764752e+09
0.0250	0.1450	0.1450	1.54241314e+09
0.0350	0.0350	0.0350	2.95653765e+08
0.0350	0.0350	0.0450	4.11461043e+09
0.0350	0.0350	0.0550	3.16494325e+09
0.0350	0.0350	0.0650	4.42398226e+09
0.0350	0.0350	0.0750	7.84131392e+09
0.0350	0.0450	0.0450	6.82878321e+08
0.0350	0.0450	0.0550	3.59007542e+09
0.0350	0.0450	0.0650	4.72001458e+09
0.0350	0.0450	0.0750	4.62967302e+09
0.0350	0.0450	0.0850	4.29918373e+09
0.0350	0.0550	0.0550	1.68668701e+09
0.0350	0.0550	0.0650	2.25725384e+09
0.0350	0.0550	0.0750	3.16346633e+09
0.0350	0.0550	0.0850	3.41578525e+09
0.0350	0.0550	0.0950	4.23589078e+09
0.0350	0.0650	0.0650	3.02801630e+09
0.0350	0.0650	0.0750	1.62744356e+09
0.0350	0.0650	0.0850	2.73090931e+09
0.0350	0.0650	0.0950	3.60020382e+09
0.0350	0.0650	0.1050	4.19651421e+09
0.0350	0.0750	0.0750	6.27847761e+08
0.0350	0.0750	0.0850	2.22401210e+09
0.0350	0.0750	0.0950	2.17499934e+09
0.0350	0.0750	0.1050	2.41932592e+09
0.0350	0.0750	0.1150	2.69970525e+09
0.0350	0.0850	0.0850	2.22447703e+09
0.0350	0.0850	0.0950	2.13044969e+09
0.0350	0.0850	0.1050	1.88184674e+09
0.0350	0.0850	0.1150	2.12056199e+09
0.0350	0.0850	0.1250	2.29112775e+09
0.0350	0.0950	0.0950	8.45184638e+08
0.0350	0.0950	0.1050	1.03160160e+09
0.0350	0.0950	0.1150	1.76643385e+09
0.0350	0.0950	0.1250	2.17440254e+09
0.0350	0.0950	0.1350	1.64103049e+09
0.0350	0.1050	0.1050	1.39297464e+09
0.0350	0.1050	0.1150	1.10674626e+09
0.0350	0.1050	0.1250	1.74060943e+09
0.0350	0.1050	0.1350	1.70680175e+09
0.0350	0.1050	0.1450	9.21529773e+08
0.0350	0.1150	0.1150	1.27585675e+09
0.0350	0.1150	0.1250	1.72697539e+09
0.0350	0.1150	0.1350	1.23900766e+09
0.0350	0.1150	0.1450	1.53652889e+09
0.0350	0.1250	0.1250	3.21691612e+08
0.0350	0.1250	0.1350	1.20075087e+09
0.0350	0.1250	0.1450	1.14224221e+09
0.0350	0.1350	0.1350	1.12068612e+09
0.0350	0.1350	0.1450	1.27761467e+09
0.0350	0.1450	0.1450	5.90373189e+08
0.0450	0.0450	0.0450	3.01326505e+09
0.0450	0.0450	0.0550	1.57327017e+09
0.0450	0.0450	0.0650	3.82562978e+09
0.0450	0.0450	0.0750	2.57583977e+09
0.0450	0.0450	0.0850	5.52087601e+09
0.0450	0.0450	0.0950	2.38678652e+09
0.0450	0.0550	0.0550	3.52092367e+09
0.0450	0.0550	0.0650	2.96100277e+09
0.0450	0.0550	0.0750	2.51045862e+09
0.0450	0.0550	0.0850	2.68684562e+09
0.0450	0.0550	0.0950	2.48215939e+09
0.0450	0.0550	0.1050	2.96419589e+09
0.0450	0.0650	0.0650	2.13923501e+09
0.0450	0.0650	0.0750	2.28800844e+09
0.0450	0.0650	0.0850	2.06105933e+09
0.0450	0.0650	0.0950	2.98512650e+09
0.0450	0.0650	0.1050	3.25440143e+09
0.0450	0.0650	0.1150	3.37961975e+09
0.0450	0.0750	0.0750	3.22919100e+09
0.0450	0.0750	0.0850	1.73563394e+09
0.0450	0.0750	0.0950	1.95995277e+09
0.0450	0.0750	0.1050	2.75082865e+09
0.0450	0.0750	0.1150	2.81412375e+09
0.0450	0.0750	0.1250	2.90336801e+09
0.0450	0.0850	0.0850	2.65810642e+09
0.0450	0.0850	0.0950	9.97069135e+08
0.0450	0.0850	0.1050	1.42108242e+09
0.0450	0.0850	0.1150	2.04606093e+09
0.0450	0.0850	0.1250	2.26275625e+09
0.0450	0.0850	0.1350	2.25136241e+09
0.0450	0.0950	0.0950	1.47445549e+09
0.0450	0.0950	0.1050	1.85034515e+09
0.0450	0.0950	0.1150	1.38097762e+09
0.0450	0.0950	0.1250	1.30290710e+09
0.0450	0.0950	0.1350	1.87409161e+09
0.0450	0.0950	0.1450	2.81311776e+09
0.0450	0.1050	0.1050	1.11280661e+09
0.0450	0.1050	0.1150	1.54971439e+09
0.0450	0.1050	0.1250	9.49727946e+08
0.0450	0.1050	0.1350	1.73049030e+09
0.0450	0.1050	0.1450	1.59647250e+09
0.0450	0.1150	0.1150	6.68662708e+08
0.0450	0.1150	0.1250	1.23047484e+09
0.0450	0.1150	0.1350	1.02910079e+09
0.0450	0.1150	0.1450	1.17434346e+09
0.0450	0.1250	0.1250	1.33290198e+09
0.0450	0.1250	0.1350	1.11874765e+09
0.0450	0.1250	0.1450	1.33316912e+09
0.0450	0.1350	0.1350	1.16300616e+09
0.0450	0.1350	0.1450	9.21972669e+08
0.0450	0.1450	0.1450	1.18795805e+09
0.0550	0.0550	0.0550	2.27826362e+09
0.0550	0.0550	0.0650	3.10029543e+09
0.0550	0.0550	0.0750	2.39093599e+09
0.0550	0.0550	0.0850	1.89346265e+09
0.0550	0.0550	0.0950	2.76005491e+09
0.0550	0.0550	0.1050	2.56104338e+09
0.0550	0.0550	0.1150	4.24624550e+09
0.0550	0.0650	0.0650	2.74607411e+09
0.0550	0.0650	0.0750	1.25235089e+09
0.0550	0.0650	0.0850	1.92964856e+09
0.0550	0.0650	0.0950	1.57771999e+09
0.0550	0.0650	0.1050	1.91830834e+09
0.0550	0.0650	0.1150	2.59738858e+09
0.0550	0.0650	0.1250	1.96474337e+09
0.0550	0.0750	0.0750	1.44240809e+09
0.0550	0.0750	0.0850	1.25397762e+09
0.0550	0.0750	0.0950	1.48105053e+09
0.0550	0.0750	0.1050	1.43534461e+09
0.0550	0.0750	0.1150	1.69548965e+09
0.0550	0.0750	0.1250	1.86519608e+09
0.0550	0.0750	0.1350	2.27164887e+09
0.0550	0.0850	0.0850	9.54452237e+08
0.0550	0.0850	0.0950	1.17240255e+09
0.0550	0.0850	0.1050	1.59648844e+09
0.0550	0.0850	0.1150	9.14007976e+08
0.0550	0.0850	0.1250	1.49162323e+09
0.0550	0.0850	0.1350	1.81117998e+09
0.0550	0.0850	0.1450	1.52654547e+09
0.0550	0.0950	0.0950	1.19974387e+09
0.0550	0.0950	0.1050	1.37614264e+09
0.0550	0.0950	0.1150	1.07903107e+09
0.0550	0.0950	0.1250	1.38337832e+09
0.0550	0.0950	0.1350	1.19332847e+09
0.0550	0.0950	0.1450	1.50434139e+09
0.0550	0.1050	0.1050	1.09196016e+09
0.0550	0.1050	0.1150	1.05043015e+09
0.0550	0.1050	0.1250	1.01718492e+09
0.0550	0.1050	0.1350	1.21449884e+09
0.0550	0.1050	0.1450	1.29343744e+09
0.0550	0.1150	0.1150	9.28796739e+08
0.0550	0.1150	0.1250	7.43401782e+08
0.0550	0.1150	0.1350	1.10690828e+09
0.0550	0.1150	0.1450	1.09785754e+09
0.0550	0.1250	0.1250	7.14086132e+08
0.0550	0.1250	0.1350	7.67693720e+08
0.0550	0.1250	0.1450	6.90968914e+08
0.0550	0.1350	0.1350	9.73716774e+08
0.0550	0.1350	0.1450	8.79396548e+08
0.0550	0.1450	0.1450	5.05572148e+08
0.0650	0.0650	0.0650	1.31279988e+09
0.0650	0.0650	0.0750	1.55069739e+09
0.0650	0.0650	0.0850	1.25530434e+09
0.0650	0.0650	0.0950	1.33816047e+09
0.0650	0.0650	0.1050	2.26201229e+09
0.0650	0.0650	0.1150	1.47567812e+09
0.0650	0.0650	0.1250	2.65951138e+09
0.0650	0.0650	0.1350	2.81161559e+09
0.0650	0.0750	0.0750	2.00746045e+09
0.0650	0.0750	0.0850	8.43030243e+08
0.0650	0.0750	0.0950	1.64721586e+09
0.0650	0.0750	0.1050	1.44758562e+09
0.0650	0.0750	0.1150	1.38411965e+09
0.0650	0.0750	0.1250	1.55189049e+09
0.0650	0.0750	0.1350	1.73275707e+09
0.0650	0.0750	0.1450	1.74534508e+09
0.0650	0.0850	0.0850	7.63510556e+08
0.0650	0.0850	0.0950	1.35003495e+09
0.0650	0.0850	0.1050	8.41179621e+08
0.0650	0.0850	0.1150	1.10152509e+09
0.0650	0.0850	0.1250	1.49468919e+09
0.0650	0.0850	0.1350	1.64917786e+09
0.0650	0.0850	0.1450	1.67577519e+09
0.0650	0.0950	0.0950	1.25833339e+09
0.0650	0.0950	0.1050	1.04241660e+09
0.0650	0.0950	0.1150	7.87390674e+08
0.0650	0.0950	0.1250	1.08154285e+09
0.0650	0.0950	0.1350	1.12049085e+09
0.0650	0.0950	0.1450	1.39587174e+09
0.0650	0.1050	0.1050	1.19623024e+09
0.0650	0.1050	0.1150	9.39848742e+08
0.0650	0.1050	0.1250	9.53964677e+08
0.0650	0.1050	0.1350	1.06314097e+09
0.0650	0.1050	0.1450	7.67592439e+08
0.0650	0.1150	0.1150	8.39997743e+08
0.0650	0.1150	0.1250	7.04614394e+08
0.0650	0.1150	0.1350	8.02699907e+08
0.0650	0.1150	0.1450	9.14578873e+08
0.0650	0.1250	0.1250	8.86763448e+08
0.0650	0.1250	0.1350	7.90274781e+08
0.0650	0.1250	0.1450	8.58148176e+08
0.0650	0.1350	0.1350	6.66131053e+08
0.0650	0.1350	0.1450	8.12596225e+08
0.0650	0.1450	0.1450	7.31508710e+08
0.0750	0.0750	0.0750	1.38665351e+09
0.0750	0.0750	0.0850	1.43391221e+09
0.0750	0.0750	0.0950	1.07005326e+09
0.0750	0.0750	0.1050	1.19600017e+09
0.0750	0.0750	0.1150	9.58582092e+08
0.0750	0.0750	0.1250	1.21244871e+09
0.0750	0.0750	0.1350	1.70205087e+09
0.0750	0.0750	0.1450	1.30239092e+09
0.0750	0.0850	0.0850	1.15418097e+09
0.0750	0.0850	0.0950	1.07355601e+09
0.0750	0.0850	0.1050	1.27407131e+09
0.0750	0.0850	0.1150	8.87386069e+08
0.0750	0.0850	0.1250	7.96901147e+08
0.0750	0.0850	0.1350	1.06211914e+09
0.0750	0.0850	0.1450	1.30120117e+09
0.0750	0.0950	0.0950	8.14274583e+08
0.0750	0.0950	0.1050	1.02831423e+09
0.0750	0.0950	0.1150	9.05474325e+08
0.0750	0.0950	0.1250	1.01130937e+09
0.0750	0.0950	0.1350	1.06176888e+09
0.0750	0.0950	0.1450	1.08488464e+09
0.0750	0.1050	0.1050	5.50906142e+08
0.0750	0.1050	0.1150	7.02060626e+08
0.0750	0.1050	0.1250	7.92743606e+08
0.0750	0.1050	0.1350	8.46851211e+08
0.0750	0.1050	0.1450	8.36200953e+08
0.0750	0.1150	0.1150	7.70231793e+08
0.0750	0.1150	0.1250	8.55436079e+08
0.0750	0.1150	0.1350	7.06213512e+08
0.0750	0.1150	0.1450	7.72381646e+08
0.0750	0.1250	0.1250	5.19589925e+08
0.0750	0.1250	0.1350	7.26055828e+08
0.0750	0.1250	0.1450	7.15847138e+08
0.0750	0.1350	0.1350	4.27277012e+08
0.0750	0.1350	0.1450	6.93874085e+08
0.0750	0.1450	0.1450	4.93844071e+08
0.0850	0.0850	0.0850	1.54578089e+09
0.0850	0.0850	0.0950	7.23747228e+08
0.0850	0.0850	0.1050	1.09090783e+09
0.0850	0.0850	0.1150	9.00374476e+08
0.0850	0.0850	0.1250	7.13040410e+08
0.0850	0.0850	0.1350	8.83365749e+08
0.0850	0.0850	0.1450	1.01159400e+09
0.0850	0.0950	0.0950	8.38646475e+08
0.0850	0.0950	0.1050	5.80279044e+08
0.0850	0.0950	0.1150	7.49705013e+08
0.0850	0.0950	0.1250	8.87146925e+08
0.0850	0.0950	0.1350	7.84680995e+08
0.0850	0.0950	0.1450	9.14153041e+08
0.0850	0.1050	0.1050	7.43901255e+08
0.0850	0.1050	0.1150	8.62015088e+08
0.0850	0.1050	0.1250	6.54239109e+08
0.0850	0.1050	0.1350	6.73447462e+08
0.0850	0.1050	0.1450	6.31876509e+08
0.0850	0.1150	0.1150	6.76969778e+08
0.0850	0.1150	0.1250	7.47253260e+08
0.0850	0.1150	0.1350	7.71259262e+08
0.0850	0.1150	0.1450	7.17449004e+08
0.0850	0.1250	0.1250	4.81954519e+08
0.0850	0.1250	0.1350	6.42834207e+08
0.0850	0.1250	0.1450	5.30483587e+08
0.0850	0.1350	0.1350	6.58506105e+08
0.0850	0.1350	0.1450	4.07417982e+08
0.0850	0.1450	0.1450	5.18859232e+08
0.0950	0.0950	0.0950	4.97947644e+08
0.0950	0.0950	0.1050	8.42778483e+08
0.0950	0.0950	0.1150	9.32087424e+08
0.0950	0.0950	0.1250	3.03919622e+08
0.0950	0.0950	0.1350	6.15336399e+08
0.0950	0.0950	0.1450	6.84445706e+08
0.0950	0.1050	0.1050	6.33951435e+08
0.0950	0.1050	0.1150	7.09241974e+08
0.0950	0.1050	0.1250	6.77031850e+08
0.0950	0.1050	0.1350	6.13989485e+08
0.0950	0.1050	0.1450	5.91408533e+08
0.0950	0.1150	0.1150	6.68776095e+08
0.0950	0.1150	0.1250	5.73830462e+08
0.0950	0.1150	0.1350	6.51035005e+08
0.0950	0.1150	0.1450	4.70703092e+08
0.0950	0.1250	0.1250	4.01717739e+08
0.0950	0.1250	0.1350	5.26687522e+08
0.0950	0.1250	0.1450	5.04990475e+08
0.0950	0.1350	0.1350	6.55277601e+08
0.0950	0.1350	0.1450	5.07101045e+08
0.0950	0.1450	0.1450	4.01671435e+08
0.1050	0.1050	0.1050	7.13973136e+08
0.1050	0.1050	0.1150	7.97526681e+08
0.1050	0.1050	0.1250	7.57800646e+08
0.1050	0.1050	0.1350	7.04604523e+08
0.1050	0.1050	0.1450	3.04848926e+08
0.1050	0.1150	0.1150	4.75870171e+08
0.1050	0.1150	0.1250	4.30443201e+08
0.1050	0.1150	0.1350	5.78964842e+08
0.1050	0.1150	0.1450	5.76208945e+08
0.1050	0.1250	0.1250	4.40637083e+08
0.1050	0.1250	0.1350	5.54733922e+08
0.1050	0.1250	0.1450	4.62561981e+08
0.1050	0.1350	0.1350	3.46473165e+08
0.1050	0.1350	0.1450	4.84751529e+08
0.1050	0.1450	0.1450	4.77666636e+08
0.1150	0.1150	0.1150	3.64037195e+08
0.1150	0.1150	0.1250	5.46991063e+08
0.1150	0.1150	0.1350	6.43372366e+08
0.1150	0.1150	0.1450	5.33538699e+08
0.1150	0.1250	0.1250	4.80748386e+08
0.1150	0.1250	0.1350	4.76331431e+08
0.1150	0.1250	0.1450	5.42636095e+08
0.1150	0.1350	0.1350	5.41622645e+08
0.1150	0.1350	0.1450	4.06170491e+08
0.1150	0.1450	0.1450	4.28283113e+08
0.1250	0.1250	0.1250	5.41016107e+08
0.1250	0.1250	0.1350	3.64652394e+08
0.1250	0.1250	0.1450	4.52856619e+08
0.1250	0.1350	0.1350	5.43706942e+08
0.1250	0.1350	0.1450	4.04731506e+08
0.1250	0.1450	0.1450	4.33336502e+08
0.1350	0.1350	0.1350	3.44927315e+08
0.1350	0.1350	0.1450	4.30438781e+08
0.1350	0.1450	0.1450	3.75602947e+08
0.1450	0.1450	0.1450	1.26629314e+08
