####### Bispectrum of Patchy Simulation 756 #############
# Patch: ngc
# z-type: z3
# Weights: fkp
# Fiducial Omega_m: 0.310
# Fiducial h: 0.676
# Boxsize: [1800.0, 3400.0, 1900.0]
# Grid: [170, 325, 180]
# k-binning: [0.000, 0.160, 0.010]
# Monte Carlo Simulations: 100
#
# Format: k1 | k2 | k3 | B(k1,k2,k3)
############################################
0.0150	0.0150	0.0150	-3.26891020e+10
0.0150	0.0150	0.0250	-1.84678826e+09
0.0150	0.0150	0.0350	3.37395293e+10
0.0150	0.0250	0.0250	4.91513938e+09
0.0150	0.0250	0.0350	1.42753841e+10
0.0150	0.0250	0.0450	9.34634885e+09
0.0150	0.0350	0.0350	7.79037507e+09
0.0150	0.0350	0.0450	4.13542584e+09
0.0150	0.0350	0.0550	4.16452206e+09
0.0150	0.0450	0.0450	5.01820826e+08
0.0150	0.0450	0.0550	6.38206558e+09
0.0150	0.0450	0.0650	3.97105262e+09
0.0150	0.0550	0.0550	2.78687915e+09
0.0150	0.0550	0.0650	4.53639293e+09
0.0150	0.0550	0.0750	1.22744965e+10
0.0150	0.0650	0.0650	1.68428906e+09
0.0150	0.0650	0.0750	3.66915604e+09
0.0150	0.0650	0.0850	4.52996400e+09
0.0150	0.0750	0.0750	1.34265426e+09
0.0150	0.0750	0.0850	2.66296188e+09
0.0150	0.0750	0.0950	9.33433759e+09
0.0150	0.0850	0.0850	2.50369559e+09
0.0150	0.0850	0.0950	2.36473268e+09
0.0150	0.0850	0.1050	1.49124681e+09
0.0150	0.0950	0.0950	1.24570909e+09
0.0150	0.0950	0.1050	2.74101397e+09
0.0150	0.0950	0.1150	2.53178460e+09
0.0150	0.1050	0.1050	1.52992186e+09
0.0150	0.1050	0.1150	2.73301464e+09
0.0150	0.1050	0.1250	1.88632679e+09
0.0150	0.1150	0.1150	1.29231858e+09
0.0150	0.1150	0.1250	2.90894801e+09
0.0150	0.1150	0.1350	1.75100077e+09
0.0150	0.1250	0.1250	1.51594339e+09
0.0150	0.1250	0.1350	2.25693991e+09
0.0150	0.1250	0.1450	2.74778097e+09
0.0150	0.1350	0.1350	1.89107571e+09
0.0150	0.1350	0.1450	2.36908533e+09
0.0150	0.1450	0.1450	1.51678668e+09
0.0250	0.0250	0.0250	1.01664710e+10
0.0250	0.0250	0.0350	3.52093966e+09
0.0250	0.0250	0.0450	1.51646394e+10
0.0250	0.0250	0.0550	8.13840967e+09
0.0250	0.0350	0.0350	4.94977051e+09
0.0250	0.0350	0.0450	2.18553375e+09
0.0250	0.0350	0.0550	2.67668058e+09
0.0250	0.0350	0.0650	2.49275553e+09
0.0250	0.0450	0.0450	5.41904582e+09
0.0250	0.0450	0.0550	1.98296369e+09
0.0250	0.0450	0.0650	6.23516571e+09
0.0250	0.0450	0.0750	9.25137135e+09
0.0250	0.0550	0.0550	6.80908076e+09
0.0250	0.0550	0.0650	4.08953790e+09
0.0250	0.0550	0.0750	2.99890324e+09
0.0250	0.0550	0.0850	7.04851339e+09
0.0250	0.0650	0.0650	5.87771902e+09
0.0250	0.0650	0.0750	3.65876821e+09
0.0250	0.0650	0.0850	4.32423502e+09
0.0250	0.0650	0.0950	5.53467473e+09
0.0250	0.0750	0.0750	3.76442425e+09
0.0250	0.0750	0.0850	4.21673596e+09
0.0250	0.0750	0.0950	4.39030241e+09
0.0250	0.0750	0.1050	5.58786633e+09
0.0250	0.0850	0.0850	2.36461868e+09
0.0250	0.0850	0.0950	2.16967074e+09
0.0250	0.0850	0.1050	3.15040529e+09
0.0250	0.0850	0.1150	5.45730027e+09
0.0250	0.0950	0.0950	1.78497633e+09
0.0250	0.0950	0.1050	1.66569862e+09
0.0250	0.0950	0.1150	2.71163733e+09
0.0250	0.0950	0.1250	4.36260983e+09
0.0250	0.1050	0.1050	8.82625645e+08
0.0250	0.1050	0.1150	2.48781868e+09
0.0250	0.1050	0.1250	2.31033439e+09
0.0250	0.1050	0.1350	3.36995732e+09
0.0250	0.1150	0.1150	4.38164565e+08
0.0250	0.1150	0.1250	1.84665326e+09
0.0250	0.1150	0.1350	2.46679027e+09
0.0250	0.1150	0.1450	3.68931815e+09
0.0250	0.1250	0.1250	1.65439775e+09
0.0250	0.1250	0.1350	1.54628857e+09
0.0250	0.1250	0.1450	2.13853454e+09
0.0250	0.1350	0.1350	1.40540216e+09
0.0250	0.1350	0.1450	1.19913184e+09
0.0250	0.1450	0.1450	1.05617156e+09
0.0350	0.0350	0.0350	1.04312948e+10
0.0350	0.0350	0.0450	3.17430783e+09
0.0350	0.0350	0.0550	3.32026990e+09
0.0350	0.0350	0.0650	7.08297390e+09
0.0350	0.0350	0.0750	5.55583888e+09
0.0350	0.0450	0.0450	2.64318043e+08
0.0350	0.0450	0.0550	3.66976378e+09
0.0350	0.0450	0.0650	2.19361351e+09
0.0350	0.0450	0.0750	5.12591052e+09
0.0350	0.0450	0.0850	3.79826760e+09
0.0350	0.0550	0.0550	4.30471572e+09
0.0350	0.0550	0.0650	1.42030647e+09
0.0350	0.0550	0.0750	3.82377432e+09
0.0350	0.0550	0.0850	2.56606895e+09
0.0350	0.0550	0.0950	4.99559266e+09
0.0350	0.0650	0.0650	3.45468965e+09
0.0350	0.0650	0.0750	2.89702380e+09
0.0350	0.0650	0.0850	2.59179861e+09
0.0350	0.0650	0.0950	3.03491320e+09
0.0350	0.0650	0.1050	3.07746635e+09
0.0350	0.0750	0.0750	1.98405972e+09
0.0350	0.0750	0.0850	1.71049759e+09
0.0350	0.0750	0.0950	2.37043705e+09
0.0350	0.0750	0.1050	2.47723977e+09
0.0350	0.0750	0.1150	3.35781622e+09
0.0350	0.0850	0.0850	1.23083207e+09
0.0350	0.0850	0.0950	2.20147268e+09
0.0350	0.0850	0.1050	2.27727971e+09
0.0350	0.0850	0.1150	2.34601465e+09
0.0350	0.0850	0.1250	3.03618241e+09
0.0350	0.0950	0.0950	1.45146615e+09
0.0350	0.0950	0.1050	1.53015776e+09
0.0350	0.0950	0.1150	2.25004125e+09
0.0350	0.0950	0.1250	1.87612445e+09
0.0350	0.0950	0.1350	1.53678900e+09
0.0350	0.1050	0.1050	2.01174589e+09
0.0350	0.1050	0.1150	1.22117155e+09
0.0350	0.1050	0.1250	1.38519641e+09
0.0350	0.1050	0.1350	1.68354106e+09
0.0350	0.1050	0.1450	2.21482074e+09
0.0350	0.1150	0.1150	2.28524690e+09
0.0350	0.1150	0.1250	9.85888163e+08
0.0350	0.1150	0.1350	1.84848553e+09
0.0350	0.1150	0.1450	1.49358482e+09
0.0350	0.1250	0.1250	1.47653079e+09
0.0350	0.1250	0.1350	1.29161246e+09
0.0350	0.1250	0.1450	1.32284645e+09
0.0350	0.1350	0.1350	1.27639446e+09
0.0350	0.1350	0.1450	1.14474130e+09
0.0350	0.1450	0.1450	1.03154160e+09
0.0450	0.0450	0.0450	6.72187560e+09
0.0450	0.0450	0.0550	1.45626068e+09
0.0450	0.0450	0.0650	2.05944340e+09
0.0450	0.0450	0.0750	1.25999162e+09
0.0450	0.0450	0.0850	2.33273321e+09
0.0450	0.0450	0.0950	2.18299170e+09
0.0450	0.0550	0.0550	2.76927456e+09
0.0450	0.0550	0.0650	3.15317355e+09
0.0450	0.0550	0.0750	2.11900486e+09
0.0450	0.0550	0.0850	1.93685403e+09
0.0450	0.0550	0.0950	3.60684523e+09
0.0450	0.0550	0.1050	3.74201905e+09
0.0450	0.0650	0.0650	2.67822950e+09
0.0450	0.0650	0.0750	2.22524430e+09
0.0450	0.0650	0.0850	1.88040461e+09
0.0450	0.0650	0.0950	2.43292819e+09
0.0450	0.0650	0.1050	2.71682411e+09
0.0450	0.0650	0.1150	4.41823058e+09
0.0450	0.0750	0.0750	2.87314415e+09
0.0450	0.0750	0.0850	8.35800673e+08
0.0450	0.0750	0.0950	1.72352732e+09
0.0450	0.0750	0.1050	2.42878770e+09
0.0450	0.0750	0.1150	2.31756147e+09
0.0450	0.0750	0.1250	2.45378624e+09
0.0450	0.0850	0.0850	1.25974488e+09
0.0450	0.0850	0.0950	1.80829063e+09
0.0450	0.0850	0.1050	9.97742035e+08
0.0450	0.0850	0.1150	2.16800882e+09
0.0450	0.0850	0.1250	2.04857423e+09
0.0450	0.0850	0.1350	1.68416375e+09
0.0450	0.0950	0.0950	1.26535444e+08
0.0450	0.0950	0.1050	9.89799201e+08
0.0450	0.0950	0.1150	8.14291033e+08
0.0450	0.0950	0.1250	1.39280557e+09
0.0450	0.0950	0.1350	1.78331939e+09
0.0450	0.0950	0.1450	1.81600827e+09
0.0450	0.1050	0.1050	1.05805803e+09
0.0450	0.1050	0.1150	9.42247904e+08
0.0450	0.1050	0.1250	1.15081548e+09
0.0450	0.1050	0.1350	1.63489349e+09
0.0450	0.1050	0.1450	1.56751887e+09
0.0450	0.1150	0.1150	1.01739693e+09
0.0450	0.1150	0.1250	1.20571544e+09
0.0450	0.1150	0.1350	1.07726887e+09
0.0450	0.1150	0.1450	1.42958525e+09
0.0450	0.1250	0.1250	9.29220003e+08
0.0450	0.1250	0.1350	7.13935462e+08
0.0450	0.1250	0.1450	7.92322248e+08
0.0450	0.1350	0.1350	1.17088490e+09
0.0450	0.1350	0.1450	8.19520725e+08
0.0450	0.1450	0.1450	9.81892993e+08
0.0550	0.0550	0.0550	3.11852527e+09
0.0550	0.0550	0.0650	1.66679339e+09
0.0550	0.0550	0.0750	1.97890561e+09
0.0550	0.0550	0.0850	2.29243460e+09
0.0550	0.0550	0.0950	2.27798629e+09
0.0550	0.0550	0.1050	2.29584741e+09
0.0550	0.0550	0.1150	4.23958067e+09
0.0550	0.0650	0.0650	2.59732851e+09
0.0550	0.0650	0.0750	1.14410243e+09
0.0550	0.0650	0.0850	1.69058868e+09
0.0550	0.0650	0.0950	1.73223659e+09
0.0550	0.0650	0.1050	1.97037360e+09
0.0550	0.0650	0.1150	2.36358723e+09
0.0550	0.0650	0.1250	3.19952068e+09
0.0550	0.0750	0.0750	1.39121180e+09
0.0550	0.0750	0.0850	1.46506358e+09
0.0550	0.0750	0.0950	1.39741373e+09
0.0550	0.0750	0.1050	1.49479102e+09
0.0550	0.0750	0.1150	1.64268559e+09
0.0550	0.0750	0.1250	1.92299910e+09
0.0550	0.0750	0.1350	2.43403813e+09
0.0550	0.0850	0.0850	9.54712366e+08
0.0550	0.0850	0.0950	1.13007131e+09
0.0550	0.0850	0.1050	1.62245408e+09
0.0550	0.0850	0.1150	1.18473062e+09
0.0550	0.0850	0.1250	1.60989098e+09
0.0550	0.0850	0.1350	1.95164234e+09
0.0550	0.0850	0.1450	1.82666641e+09
0.0550	0.0950	0.0950	1.14339763e+09
0.0550	0.0950	0.1050	1.34966300e+09
0.0550	0.0950	0.1150	9.25493211e+08
0.0550	0.0950	0.1250	1.56392872e+09
0.0550	0.0950	0.1350	1.27512439e+09
0.0550	0.0950	0.1450	1.52818530e+09
0.0550	0.1050	0.1050	5.70078456e+08
0.0550	0.1050	0.1150	1.08788274e+09
0.0550	0.1050	0.1250	1.19306735e+09
0.0550	0.1050	0.1350	1.15909759e+09
0.0550	0.1050	0.1450	1.16197253e+09
0.0550	0.1150	0.1150	8.77417664e+08
0.0550	0.1150	0.1250	8.41846804e+08
0.0550	0.1150	0.1350	9.04965578e+08
0.0550	0.1150	0.1450	1.20312803e+09
0.0550	0.1250	0.1250	7.67035591e+08
0.0550	0.1250	0.1350	9.82323718e+08
0.0550	0.1250	0.1450	9.52047331e+08
0.0550	0.1350	0.1350	9.02583506e+08
0.0550	0.1350	0.1450	9.03359341e+08
0.0550	0.1450	0.1450	5.46161489e+08
0.0650	0.0650	0.0650	1.49368061e+09
0.0650	0.0650	0.0750	1.99164746e+09
0.0650	0.0650	0.0850	1.75073586e+09
0.0650	0.0650	0.0950	1.11318079e+09
0.0650	0.0650	0.1050	2.98475731e+09
0.0650	0.0650	0.1150	1.93305416e+09
0.0650	0.0650	0.1250	2.24355818e+09
0.0650	0.0650	0.1350	1.63418053e+09
0.0650	0.0750	0.0750	2.08402120e+09
0.0650	0.0750	0.0850	1.25976023e+09
0.0650	0.0750	0.0950	1.74244016e+09
0.0650	0.0750	0.1050	1.36171767e+09
0.0650	0.0750	0.1150	1.57930117e+09
0.0650	0.0750	0.1250	1.65852578e+09
0.0650	0.0750	0.1350	1.97796799e+09
0.0650	0.0750	0.1450	1.51076968e+09
0.0650	0.0850	0.0850	1.22895702e+09
0.0650	0.0850	0.0950	8.49414232e+08
0.0650	0.0850	0.1050	1.39984275e+09
0.0650	0.0850	0.1150	8.89977952e+08
0.0650	0.0850	0.1250	1.24556877e+09
0.0650	0.0850	0.1350	1.54749766e+09
0.0650	0.0850	0.1450	1.56959167e+09
0.0650	0.0950	0.0950	1.33032059e+09
0.0650	0.0950	0.1050	1.25956765e+09
0.0650	0.0950	0.1150	1.08288035e+09
0.0650	0.0950	0.1250	8.85269978e+08
0.0650	0.0950	0.1350	9.60595661e+08
0.0650	0.0950	0.1450	1.32869574e+09
0.0650	0.1050	0.1050	8.72102191e+08
0.0650	0.1050	0.1150	8.82863481e+08
0.0650	0.1050	0.1250	9.19934425e+08
0.0650	0.1050	0.1350	1.04199390e+09
0.0650	0.1050	0.1450	8.29813741e+08
0.0650	0.1150	0.1150	5.94370139e+08
0.0650	0.1150	0.1250	9.67928097e+08
0.0650	0.1150	0.1350	9.27911249e+08
0.0650	0.1150	0.1450	8.93613072e+08
0.0650	0.1250	0.1250	9.20981413e+08
0.0650	0.1250	0.1350	7.82502640e+08
0.0650	0.1250	0.1450	7.87213421e+08
0.0650	0.1350	0.1350	1.24869050e+09
0.0650	0.1350	0.1450	6.62013628e+08
0.0650	0.1450	0.1450	7.11282593e+08
0.0750	0.0750	0.0750	9.91537632e+08
0.0750	0.0750	0.0850	1.11175314e+09
0.0750	0.0750	0.0950	1.00583324e+09
0.0750	0.0750	0.1050	1.00749942e+09
0.0750	0.0750	0.1150	9.87930288e+08
0.0750	0.0750	0.1250	1.52275746e+09
0.0750	0.0750	0.1350	1.54335951e+09
0.0750	0.0750	0.1450	1.75428594e+09
0.0750	0.0850	0.0850	9.74390629e+08
0.0750	0.0850	0.0950	9.04445086e+08
0.0750	0.0850	0.1050	9.25960028e+08
0.0750	0.0850	0.1150	9.85470128e+08
0.0750	0.0850	0.1250	9.48598044e+08
0.0750	0.0850	0.1350	1.00857288e+09
0.0750	0.0850	0.1450	1.25802885e+09
0.0750	0.0950	0.0950	8.59975304e+08
0.0750	0.0950	0.1050	1.01730713e+09
0.0750	0.0950	0.1150	9.38144469e+08
0.0750	0.0950	0.1250	9.88725531e+08
0.0750	0.0950	0.1350	8.42748567e+08
0.0750	0.0950	0.1450	8.96779017e+08
0.0750	0.1050	0.1050	7.97028645e+08
0.0750	0.1050	0.1150	8.41868795e+08
0.0750	0.1050	0.1250	7.95553720e+08
0.0750	0.1050	0.1350	9.04800313e+08
0.0750	0.1050	0.1450	6.64959432e+08
0.0750	0.1150	0.1150	1.05552796e+09
0.0750	0.1150	0.1250	6.89513521e+08
0.0750	0.1150	0.1350	7.23633420e+08
0.0750	0.1150	0.1450	8.02561748e+08
0.0750	0.1250	0.1250	6.00944177e+08
0.0750	0.1250	0.1350	6.87390286e+08
0.0750	0.1250	0.1450	6.64913629e+08
0.0750	0.1350	0.1350	4.85308548e+08
0.0750	0.1350	0.1450	6.11736057e+08
0.0750	0.1450	0.1450	6.92497301e+08
0.0850	0.0850	0.0850	1.10645884e+09
0.0850	0.0850	0.0950	1.01640694e+09
0.0850	0.0850	0.1050	8.92941669e+08
0.0850	0.0850	0.1150	7.08646868e+08
0.0850	0.0850	0.1250	1.01768728e+09
0.0850	0.0850	0.1350	1.00974391e+09
0.0850	0.0850	0.1450	9.21737048e+08
0.0850	0.0950	0.0950	7.13541549e+08
0.0850	0.0950	0.1050	7.10007061e+08
0.0850	0.0950	0.1150	6.62856997e+08
0.0850	0.0950	0.1250	6.64880823e+08
0.0850	0.0950	0.1350	8.27448802e+08
0.0850	0.0950	0.1450	9.15395668e+08
0.0850	0.1050	0.1050	8.18933176e+08
0.0850	0.1050	0.1150	8.01447627e+08
0.0850	0.1050	0.1250	7.80438956e+08
0.0850	0.1050	0.1350	6.62796085e+08
0.0850	0.1050	0.1450	6.07704804e+08
0.0850	0.1150	0.1150	6.52040251e+08
0.0850	0.1150	0.1250	6.22049942e+08
0.0850	0.1150	0.1350	6.60940907e+08
0.0850	0.1150	0.1450	6.61932077e+08
0.0850	0.1250	0.1250	6.69411740e+08
0.0850	0.1250	0.1350	4.82672595e+08
0.0850	0.1250	0.1450	6.31923215e+08
0.0850	0.1350	0.1350	5.17993330e+08
0.0850	0.1350	0.1450	5.90270370e+08
0.0850	0.1450	0.1450	4.01532499e+08
0.0950	0.0950	0.0950	8.22334869e+08
0.0950	0.0950	0.1050	7.76840626e+08
0.0950	0.0950	0.1150	8.10140756e+08
0.0950	0.0950	0.1250	8.07167289e+08
0.0950	0.0950	0.1350	9.01021958e+08
0.0950	0.0950	0.1450	5.62511158e+08
0.0950	0.1050	0.1050	7.31247294e+08
0.0950	0.1050	0.1150	7.31652527e+08
0.0950	0.1050	0.1250	7.00407914e+08
0.0950	0.1050	0.1350	5.77168842e+08
0.0950	0.1050	0.1450	6.09470715e+08
0.0950	0.1150	0.1150	7.22540481e+08
0.0950	0.1150	0.1250	4.37393824e+08
0.0950	0.1150	0.1350	7.43128174e+08
0.0950	0.1150	0.1450	6.65307296e+08
0.0950	0.1250	0.1250	5.23494154e+08
0.0950	0.1250	0.1350	5.84639361e+08
0.0950	0.1250	0.1450	4.40774544e+08
0.0950	0.1350	0.1350	6.27994416e+08
0.0950	0.1350	0.1450	5.79614877e+08
0.0950	0.1450	0.1450	3.83243373e+08
0.1050	0.1050	0.1050	8.61471891e+08
0.1050	0.1050	0.1150	6.47800090e+08
0.1050	0.1050	0.1250	6.04525578e+08
0.1050	0.1050	0.1350	6.56953829e+08
0.1050	0.1050	0.1450	3.97161852e+08
0.1050	0.1150	0.1150	5.35955945e+08
0.1050	0.1150	0.1250	5.92083168e+08
0.1050	0.1150	0.1350	4.43370535e+08
0.1050	0.1150	0.1450	5.19817380e+08
0.1050	0.1250	0.1250	3.77786026e+08
0.1050	0.1250	0.1350	6.42093138e+08
0.1050	0.1250	0.1450	5.11810874e+08
0.1050	0.1350	0.1350	5.07175370e+08
0.1050	0.1350	0.1450	4.52611824e+08
0.1050	0.1450	0.1450	5.39858743e+08
0.1150	0.1150	0.1150	3.78892795e+08
0.1150	0.1150	0.1250	6.04280512e+08
0.1150	0.1150	0.1350	5.83989811e+08
0.1150	0.1150	0.1450	3.67414153e+08
0.1150	0.1250	0.1250	5.54089065e+08
0.1150	0.1250	0.1350	4.41251646e+08
0.1150	0.1250	0.1450	4.44977397e+08
0.1150	0.1350	0.1350	3.83718115e+08
0.1150	0.1350	0.1450	5.44000559e+08
0.1150	0.1450	0.1450	3.98339201e+08
0.1250	0.1250	0.1250	4.82556586e+08
0.1250	0.1250	0.1350	5.17350707e+08
0.1250	0.1250	0.1450	3.88951634e+08
0.1250	0.1350	0.1350	5.29710771e+08
0.1250	0.1350	0.1450	4.42635023e+08
0.1250	0.1450	0.1450	4.97647447e+08
0.1350	0.1350	0.1350	3.18960286e+08
0.1350	0.1350	0.1450	5.04938164e+08
0.1350	0.1450	0.1450	3.76378505e+08
0.1450	0.1450	0.1450	3.51653038e+08
