####### Bispectrum of Patchy Simulation 1969 #############
# Patch: sgc
# z-type: z3
# Weights: fkp
# Fiducial Omega_m: 0.310
# Fiducial h: 0.676
# Boxsize: [1000.0, 2600.0, 1500.0]
# Grid: [95, 250, 140]
# k-binning: [0.000, 0.160, 0.010]
# Monte Carlo Simulations: 100
#
# Format: k1 | k2 | k3 | B(k1,k2,k3)
############################################
0.0150	0.0150	0.0150	1.46118564e+10
0.0150	0.0150	0.0250	-4.01341354e+10
0.0150	0.0150	0.0350	1.68145970e+11
0.0150	0.0250	0.0250	1.08986327e+10
0.0150	0.0250	0.0350	8.57163860e+08
0.0150	0.0250	0.0450	1.09394090e+10
0.0150	0.0350	0.0350	7.80268749e+09
0.0150	0.0350	0.0450	1.19658363e+09
0.0150	0.0350	0.0550	9.82480661e+09
0.0150	0.0450	0.0450	1.66576730e+10
0.0150	0.0450	0.0550	4.03305605e+09
0.0150	0.0450	0.0650	7.51880693e+09
0.0150	0.0550	0.0550	-5.26069909e+08
0.0150	0.0550	0.0650	7.44930943e+09
0.0150	0.0550	0.0750	3.07676311e+09
0.0150	0.0650	0.0650	3.86239604e+09
0.0150	0.0650	0.0750	7.07245305e+09
0.0150	0.0650	0.0850	1.00779999e+10
0.0150	0.0750	0.0750	1.50607389e+09
0.0150	0.0750	0.0850	-6.30152850e+07
0.0150	0.0750	0.0950	1.18465780e+10
0.0150	0.0850	0.0850	2.43611189e+09
0.0150	0.0850	0.0950	2.74156392e+09
0.0150	0.0850	0.1050	3.78358123e+09
0.0150	0.0950	0.0950	3.47368709e+09
0.0150	0.0950	0.1050	2.83789748e+09
0.0150	0.0950	0.1150	5.04229502e+09
0.0150	0.1050	0.1050	2.54277281e+09
0.0150	0.1050	0.1150	3.02852184e+09
0.0150	0.1050	0.1250	5.19013562e+09
0.0150	0.1150	0.1150	2.17855896e+09
0.0150	0.1150	0.1250	2.34909839e+09
0.0150	0.1150	0.1350	2.62372954e+09
0.0150	0.1250	0.1250	5.47743411e+08
0.0150	0.1250	0.1350	2.69151080e+09
0.0150	0.1250	0.1450	3.28858524e+09
0.0150	0.1350	0.1350	2.09809556e+09
0.0150	0.1350	0.1450	3.27855967e+09
0.0150	0.1450	0.1450	1.10756265e+09
0.0250	0.0250	0.0250	1.01156277e+10
0.0250	0.0250	0.0350	1.02847228e+10
0.0250	0.0250	0.0450	7.01605014e+09
0.0250	0.0250	0.0550	2.01566918e+10
0.0250	0.0350	0.0350	6.25204721e+09
0.0250	0.0350	0.0450	2.75026398e+09
0.0250	0.0350	0.0550	6.66145260e+09
0.0250	0.0350	0.0650	3.40906140e+09
0.0250	0.0450	0.0450	3.60656275e+09
0.0250	0.0450	0.0550	5.07796893e+09
0.0250	0.0450	0.0650	2.06875476e+09
0.0250	0.0450	0.0750	1.16385554e+10
0.0250	0.0550	0.0550	-2.14635410e+09
0.0250	0.0550	0.0650	7.18716845e+09
0.0250	0.0550	0.0750	3.77886803e+09
0.0250	0.0550	0.0850	5.42966136e+08
0.0250	0.0650	0.0650	4.99639569e+09
0.0250	0.0650	0.0750	3.16824131e+09
0.0250	0.0650	0.0850	3.97944908e+09
0.0250	0.0650	0.0950	4.68011441e+09
0.0250	0.0750	0.0750	3.25240986e+09
0.0250	0.0750	0.0850	4.23411479e+09
0.0250	0.0750	0.0950	3.33275804e+09
0.0250	0.0750	0.1050	4.23728079e+09
0.0250	0.0850	0.0850	2.43138691e+09
0.0250	0.0850	0.0950	1.97812537e+09
0.0250	0.0850	0.1050	4.16978109e+09
0.0250	0.0850	0.1150	4.90759716e+09
0.0250	0.0950	0.0950	2.69510995e+09
0.0250	0.0950	0.1050	2.61274547e+09
0.0250	0.0950	0.1150	2.32299398e+09
0.0250	0.0950	0.1250	5.91948081e+09
0.0250	0.1050	0.1050	1.64349593e+09
0.0250	0.1050	0.1150	1.39196225e+09
0.0250	0.1050	0.1250	2.16492333e+09
0.0250	0.1050	0.1350	3.31956302e+09
0.0250	0.1150	0.1150	2.01541614e+09
0.0250	0.1150	0.1250	2.06916908e+09
0.0250	0.1150	0.1350	2.19732123e+09
0.0250	0.1150	0.1450	1.40478227e+09
0.0250	0.1250	0.1250	2.15308128e+09
0.0250	0.1250	0.1350	1.11060707e+09
0.0250	0.1250	0.1450	2.14478272e+09
0.0250	0.1350	0.1350	1.86362777e+09
0.0250	0.1350	0.1450	9.35373713e+08
0.0250	0.1450	0.1450	1.70209030e+09
0.0350	0.0350	0.0350	1.15948764e+10
0.0350	0.0350	0.0450	1.32408537e+09
0.0350	0.0350	0.0550	5.28271267e+09
0.0350	0.0350	0.0650	3.12570958e+09
0.0350	0.0350	0.0750	1.32588231e+09
0.0350	0.0450	0.0450	6.98753827e+09
0.0350	0.0450	0.0550	2.04347447e+09
0.0350	0.0450	0.0650	6.83640824e+09
0.0350	0.0450	0.0750	3.75030809e+09
0.0350	0.0450	0.0850	3.31491139e+09
0.0350	0.0550	0.0550	3.20478486e+09
0.0350	0.0550	0.0650	3.81090497e+09
0.0350	0.0550	0.0750	2.24117830e+08
0.0350	0.0550	0.0850	6.41000748e+09
0.0350	0.0550	0.0950	7.54610470e+08
0.0350	0.0650	0.0650	5.81412303e+08
0.0350	0.0650	0.0750	2.67512184e+09
0.0350	0.0650	0.0850	1.78030094e+09
0.0350	0.0650	0.0950	2.09918959e+09
0.0350	0.0650	0.1050	2.41753742e+09
0.0350	0.0750	0.0750	2.82340651e+09
0.0350	0.0750	0.0850	1.62139069e+09
0.0350	0.0750	0.0950	2.21439915e+09
0.0350	0.0750	0.1050	3.32136021e+09
0.0350	0.0750	0.1150	2.01732957e+09
0.0350	0.0850	0.0850	3.83416530e+09
0.0350	0.0850	0.0950	1.46695400e+09
0.0350	0.0850	0.1050	2.13007620e+09
0.0350	0.0850	0.1150	2.83958651e+09
0.0350	0.0850	0.1250	2.67814494e+09
0.0350	0.0950	0.0950	2.99382931e+09
0.0350	0.0950	0.1050	1.16284487e+09
0.0350	0.0950	0.1150	2.03420146e+09
0.0350	0.0950	0.1250	1.84028314e+09
0.0350	0.0950	0.1350	2.17923436e+09
0.0350	0.1050	0.1050	1.46293285e+09
0.0350	0.1050	0.1150	8.26155693e+08
0.0350	0.1050	0.1250	2.20715717e+09
0.0350	0.1050	0.1350	1.94696693e+09
0.0350	0.1050	0.1450	9.72177401e+08
0.0350	0.1150	0.1150	1.18810378e+09
0.0350	0.1150	0.1250	8.08355977e+08
0.0350	0.1150	0.1350	1.76302801e+09
0.0350	0.1150	0.1450	1.49899723e+09
0.0350	0.1250	0.1250	6.58665645e+08
0.0350	0.1250	0.1350	1.33605393e+09
0.0350	0.1250	0.1450	1.55039026e+09
0.0350	0.1350	0.1350	1.35883612e+09
0.0350	0.1350	0.1450	8.15662847e+08
0.0350	0.1450	0.1450	1.79938240e+09
0.0450	0.0450	0.0450	-6.86534071e+09
0.0450	0.0450	0.0550	2.46433525e+09
0.0450	0.0450	0.0650	3.44704377e+09
0.0450	0.0450	0.0750	1.91810353e+09
0.0450	0.0450	0.0850	3.57344484e+09
0.0450	0.0450	0.0950	3.49861405e+09
0.0450	0.0550	0.0550	4.76567391e+09
0.0450	0.0550	0.0650	2.25153959e+09
0.0450	0.0550	0.0750	3.31408119e+09
0.0450	0.0550	0.0850	2.61417944e+09
0.0450	0.0550	0.0950	4.46835423e+09
0.0450	0.0550	0.1050	6.06244250e+08
0.0450	0.0650	0.0650	4.01795237e+09
0.0450	0.0650	0.0750	1.13832444e+09
0.0450	0.0650	0.0850	1.58844362e+09
0.0450	0.0650	0.0950	2.55770561e+09
0.0450	0.0650	0.1050	3.65256807e+09
0.0450	0.0650	0.1150	9.37358372e+08
0.0450	0.0750	0.0750	3.14403481e+09
0.0450	0.0750	0.0850	2.82690428e+09
0.0450	0.0750	0.0950	1.33443576e+09
0.0450	0.0750	0.1050	2.38307207e+09
0.0450	0.0750	0.1150	2.57703575e+09
0.0450	0.0750	0.1250	2.99406010e+09
0.0450	0.0850	0.0850	9.65956638e+08
0.0450	0.0850	0.0950	2.59676962e+09
0.0450	0.0850	0.1050	1.11702061e+09
0.0450	0.0850	0.1150	2.85762734e+09
0.0450	0.0850	0.1250	2.49583827e+09
0.0450	0.0850	0.1350	8.77795471e+08
0.0450	0.0950	0.0950	-1.58730868e+08
0.0450	0.0950	0.1050	2.10187087e+09
0.0450	0.0950	0.1150	2.02408209e+09
0.0450	0.0950	0.1250	1.88362868e+09
0.0450	0.0950	0.1350	2.07780568e+09
0.0450	0.0950	0.1450	2.26699927e+09
0.0450	0.1050	0.1050	1.17532443e+09
0.0450	0.1050	0.1150	1.09741525e+09
0.0450	0.1050	0.1250	1.18636273e+09
0.0450	0.1050	0.1350	1.34110064e+09
0.0450	0.1050	0.1450	1.46853111e+09
0.0450	0.1150	0.1150	1.36073942e+09
0.0450	0.1150	0.1250	1.20907368e+09
0.0450	0.1150	0.1350	1.56772061e+09
0.0450	0.1150	0.1450	1.44333252e+09
0.0450	0.1250	0.1250	1.59685102e+09
0.0450	0.1250	0.1350	1.05841347e+09
0.0450	0.1250	0.1450	1.19821256e+09
0.0450	0.1350	0.1350	5.15695355e+08
0.0450	0.1350	0.1450	7.80427472e+08
0.0450	0.1450	0.1450	1.27546607e+09
0.0550	0.0550	0.0550	3.39657739e+09
0.0550	0.0550	0.0650	2.81810294e+09
0.0550	0.0550	0.0750	-2.34430314e+08
0.0550	0.0550	0.0850	3.29263413e+09
0.0550	0.0550	0.0950	4.53996108e+08
0.0550	0.0550	0.1050	5.02735098e+09
0.0550	0.0550	0.1150	4.22579219e+09
0.0550	0.0650	0.0650	1.17020680e+09
0.0550	0.0650	0.0750	2.29672002e+09
0.0550	0.0650	0.0850	1.83904128e+09
0.0550	0.0650	0.0950	1.68878278e+09
0.0550	0.0650	0.1050	2.21218513e+09
0.0550	0.0650	0.1150	2.36346166e+09
0.0550	0.0650	0.1250	1.94645205e+09
0.0550	0.0750	0.0750	5.02345414e+08
0.0550	0.0750	0.0850	2.07542167e+09
0.0550	0.0750	0.0950	2.20323694e+09
0.0550	0.0750	0.1050	1.75641946e+09
0.0550	0.0750	0.1150	1.41020132e+09
0.0550	0.0750	0.1250	2.57369807e+09
0.0550	0.0750	0.1350	3.16895934e+09
0.0550	0.0850	0.0850	1.29735750e+09
0.0550	0.0850	0.0950	6.87800304e+08
0.0550	0.0850	0.1050	1.63657793e+09
0.0550	0.0850	0.1150	1.45927572e+09
0.0550	0.0850	0.1250	1.37948261e+09
0.0550	0.0850	0.1350	2.40451518e+09
0.0550	0.0850	0.1450	1.09563461e+09
0.0550	0.0950	0.0950	1.42663483e+09
0.0550	0.0950	0.1050	9.34208573e+08
0.0550	0.0950	0.1150	1.16672361e+09
0.0550	0.0950	0.1250	1.77954191e+09
0.0550	0.0950	0.1350	1.33863658e+09
0.0550	0.0950	0.1450	1.68060632e+09
0.0550	0.1050	0.1050	9.50300720e+08
0.0550	0.1050	0.1150	1.59680489e+09
0.0550	0.1050	0.1250	9.26091914e+08
0.0550	0.1050	0.1350	1.00426132e+09
0.0550	0.1050	0.1450	1.03040731e+09
0.0550	0.1150	0.1150	2.54785385e+08
0.0550	0.1150	0.1250	8.61400538e+08
0.0550	0.1150	0.1350	8.24249936e+08
0.0550	0.1150	0.1450	1.32645745e+09
0.0550	0.1250	0.1250	1.14580499e+09
0.0550	0.1250	0.1350	7.08667218e+08
0.0550	0.1250	0.1450	1.14453167e+09
0.0550	0.1350	0.1350	9.51828961e+08
0.0550	0.1350	0.1450	1.19439636e+09
0.0550	0.1450	0.1450	6.43800579e+08
0.0650	0.0650	0.0650	-1.36023406e+09
0.0650	0.0650	0.0750	1.91768410e+09
0.0650	0.0650	0.0850	2.23979790e+09
0.0650	0.0650	0.0950	7.73735132e+08
0.0650	0.0650	0.1050	1.03003964e+09
0.0650	0.0650	0.1150	2.59769562e+09
0.0650	0.0650	0.1250	1.95847949e+09
0.0650	0.0650	0.1350	2.51496166e+09
0.0650	0.0750	0.0750	2.16495341e+09
0.0650	0.0750	0.0850	3.63605997e+08
0.0650	0.0750	0.0950	1.58753232e+09
0.0650	0.0750	0.1050	1.75832899e+09
0.0650	0.0750	0.1150	1.90232711e+09
0.0650	0.0750	0.1250	1.76715755e+09
0.0650	0.0750	0.1350	1.66712427e+09
0.0650	0.0750	0.1450	2.93135986e+09
0.0650	0.0850	0.0850	1.62083588e+09
0.0650	0.0850	0.0950	1.68727877e+09
0.0650	0.0850	0.1050	7.33167282e+08
0.0650	0.0850	0.1150	1.59044643e+09
0.0650	0.0850	0.1250	1.01409685e+09
0.0650	0.0850	0.1350	1.54243220e+09
0.0650	0.0850	0.1450	2.08671740e+09
0.0650	0.0950	0.0950	1.24860928e+09
0.0650	0.0950	0.1050	1.66117417e+09
0.0650	0.0950	0.1150	9.10386996e+08
0.0650	0.0950	0.1250	1.19609915e+09
0.0650	0.0950	0.1350	1.05547294e+09
0.0650	0.0950	0.1450	1.46478490e+09
0.0650	0.1050	0.1050	2.42329207e+08
0.0650	0.1050	0.1150	1.21178579e+09
0.0650	0.1050	0.1250	8.76212075e+08
0.0650	0.1050	0.1350	1.10745680e+09
0.0650	0.1050	0.1450	9.25965330e+08
0.0650	0.1150	0.1150	6.00058843e+08
0.0650	0.1150	0.1250	1.02895206e+09
0.0650	0.1150	0.1350	1.08948204e+09
0.0650	0.1150	0.1450	3.83458130e+08
0.0650	0.1250	0.1250	5.87875923e+08
0.0650	0.1250	0.1350	7.45472610e+08
0.0650	0.1250	0.1450	1.04080036e+09
0.0650	0.1350	0.1350	8.59457524e+08
0.0650	0.1350	0.1450	7.74851612e+08
0.0650	0.1450	0.1450	8.55868360e+08
0.0750	0.0750	0.0750	-1.09081548e+09
0.0750	0.0750	0.0850	2.03777251e+09
0.0750	0.0750	0.0950	1.43474514e+09
0.0750	0.0750	0.1050	1.20872244e+09
0.0750	0.0750	0.1150	1.38807414e+09
0.0750	0.0750	0.1250	1.34574914e+09
0.0750	0.0750	0.1350	9.48239359e+08
0.0750	0.0750	0.1450	1.63766984e+09
0.0750	0.0850	0.0850	3.34659226e+08
0.0750	0.0850	0.0950	8.77025501e+08
0.0750	0.0850	0.1050	1.50066648e+09
0.0750	0.0850	0.1150	1.21940051e+09
0.0750	0.0850	0.1250	1.55550743e+09
0.0750	0.0850	0.1350	1.42667327e+09
0.0750	0.0850	0.1450	1.45372352e+09
0.0750	0.0950	0.0950	2.45615425e+09
0.0750	0.0950	0.1050	6.77628582e+08
0.0750	0.0950	0.1150	8.06979739e+08
0.0750	0.0950	0.1250	1.19380302e+09
0.0750	0.0950	0.1350	1.36922513e+09
0.0750	0.0950	0.1450	1.03858557e+09
0.0750	0.1050	0.1050	1.35114018e+09
0.0750	0.1050	0.1150	4.62206478e+08
0.0750	0.1050	0.1250	1.16631115e+09
0.0750	0.1050	0.1350	9.36168031e+08
0.0750	0.1050	0.1450	7.83094455e+08
0.0750	0.1150	0.1150	1.30403706e+09
0.0750	0.1150	0.1250	6.29284640e+08
0.0750	0.1150	0.1350	7.48463985e+08
0.0750	0.1150	0.1450	1.00888561e+09
0.0750	0.1250	0.1250	4.73426060e+08
0.0750	0.1250	0.1350	1.27595804e+09
0.0750	0.1250	0.1450	5.94248554e+08
0.0750	0.1350	0.1350	6.46948579e+08
0.0750	0.1350	0.1450	7.59271325e+08
0.0750	0.1450	0.1450	6.26976358e+08
0.0850	0.0850	0.0850	1.44881740e+09
0.0850	0.0850	0.0950	1.29353584e+09
0.0850	0.0850	0.1050	9.53611533e+08
0.0850	0.0850	0.1150	1.03792571e+09
0.0850	0.0850	0.1250	6.46246586e+08
0.0850	0.0850	0.1350	1.20821428e+09
0.0850	0.0850	0.1450	1.23703416e+09
0.0850	0.0950	0.0950	9.80242069e+08
0.0850	0.0950	0.1050	8.52320745e+08
0.0850	0.0950	0.1150	8.29907664e+08
0.0850	0.0950	0.1250	1.31709423e+09
0.0850	0.0950	0.1350	8.20637069e+08
0.0850	0.0950	0.1450	1.07233170e+09
0.0850	0.1050	0.1050	7.23821897e+08
0.0850	0.1050	0.1150	8.17611385e+08
0.0850	0.1050	0.1250	9.61609007e+08
0.0850	0.1050	0.1350	4.98594441e+08
0.0850	0.1050	0.1450	8.24775663e+08
0.0850	0.1150	0.1150	1.02382987e+09
0.0850	0.1150	0.1250	4.04152678e+08
0.0850	0.1150	0.1350	9.16554242e+08
0.0850	0.1150	0.1450	3.92121561e+08
0.0850	0.1250	0.1250	1.19078994e+09
0.0850	0.1250	0.1350	5.78070998e+08
0.0850	0.1250	0.1450	9.05454986e+08
0.0850	0.1350	0.1350	7.16628612e+08
0.0850	0.1350	0.1450	7.01744944e+08
0.0850	0.1450	0.1450	7.13647997e+08
0.0950	0.0950	0.0950	5.35065708e+08
0.0950	0.0950	0.1050	1.20596323e+09
0.0950	0.0950	0.1150	5.32077328e+08
0.0950	0.0950	0.1250	5.45413396e+08
0.0950	0.0950	0.1350	6.78642068e+08
0.0950	0.0950	0.1450	6.50421361e+08
0.0950	0.1050	0.1050	2.86985777e+08
0.0950	0.1050	0.1150	8.25157329e+08
0.0950	0.1050	0.1250	6.57592046e+08
0.0950	0.1050	0.1350	9.32188589e+08
0.0950	0.1050	0.1450	6.61475809e+08
0.0950	0.1150	0.1150	-1.53783429e+08
0.0950	0.1150	0.1250	9.32488976e+08
0.0950	0.1150	0.1350	3.55401847e+08
0.0950	0.1150	0.1450	7.21232308e+08
0.0950	0.1250	0.1250	3.57784939e+08
0.0950	0.1250	0.1350	6.31086124e+08
0.0950	0.1250	0.1450	5.77327541e+08
0.0950	0.1350	0.1350	6.64817215e+08
0.0950	0.1350	0.1450	6.10500797e+08
0.0950	0.1450	0.1450	7.33219748e+08
0.1050	0.1050	0.1050	7.09488822e+08
0.1050	0.1050	0.1150	7.89425770e+08
0.1050	0.1050	0.1250	8.96826223e+08
0.1050	0.1050	0.1350	3.02362140e+08
0.1050	0.1050	0.1450	5.15895932e+08
0.1050	0.1150	0.1150	6.40986273e+08
0.1050	0.1150	0.1250	7.30613039e+08
0.1050	0.1150	0.1350	5.64638903e+08
0.1050	0.1150	0.1450	6.51171501e+08
0.1050	0.1250	0.1250	3.71969965e+08
0.1050	0.1250	0.1350	4.65042707e+08
0.1050	0.1250	0.1450	5.21072365e+08
0.1050	0.1350	0.1350	6.61977081e+08
0.1050	0.1350	0.1450	4.42374776e+08
0.1050	0.1450	0.1450	4.21483697e+08
0.1150	0.1150	0.1150	9.95172228e+08
0.1150	0.1150	0.1250	7.63411207e+08
0.1150	0.1150	0.1350	2.49839291e+08
0.1150	0.1150	0.1450	2.29217603e+08
0.1150	0.1250	0.1250	5.84921234e+08
0.1150	0.1250	0.1350	4.18678527e+08
0.1150	0.1250	0.1450	5.76246343e+08
0.1150	0.1350	0.1350	4.01979834e+08
0.1150	0.1350	0.1450	4.84538192e+08
0.1150	0.1450	0.1450	3.09213225e+08
0.1250	0.1250	0.1250	1.46581385e+08
0.1250	0.1250	0.1350	6.44638658e+08
0.1250	0.1250	0.1450	4.86633456e+08
0.1250	0.1350	0.1350	5.33133384e+08
0.1250	0.1350	0.1450	6.31378263e+08
0.1250	0.1450	0.1450	4.63504084e+08
0.1350	0.1350	0.1350	6.68581913e+08
0.1350	0.1350	0.1450	4.73609087e+08
0.1350	0.1450	0.1450	3.04719339e+08
0.1450	0.1450	0.1450	3.69414768e+08
