####### Bispectrum of Patchy Simulation 728 #############
# Patch: sgc
# z-type: z3
# Weights: fkp
# Fiducial Omega_m: 0.310
# Fiducial h: 0.676
# Boxsize: [1000.0, 2600.0, 1500.0]
# Grid: [95, 250, 140]
# k-binning: [0.000, 0.160, 0.010]
# Monte Carlo Simulations: 100
#
# Format: k1 | k2 | k3 | B(k1,k2,k3)
############################################
0.0150	0.0150	0.0150	6.21229704e+10
0.0150	0.0150	0.0250	2.34103493e+10
0.0150	0.0150	0.0350	-1.38267576e+10
0.0150	0.0250	0.0250	3.84602912e+10
0.0150	0.0250	0.0350	1.36181968e+10
0.0150	0.0250	0.0450	2.02152324e+10
0.0150	0.0350	0.0350	2.10156824e+09
0.0150	0.0350	0.0450	1.71008000e+10
0.0150	0.0350	0.0550	5.90373253e+09
0.0150	0.0450	0.0450	3.46644593e+09
0.0150	0.0450	0.0550	-1.16635721e+09
0.0150	0.0450	0.0650	1.19527182e+10
0.0150	0.0550	0.0550	-5.81136386e+09
0.0150	0.0550	0.0650	4.73703337e+09
0.0150	0.0550	0.0750	1.39325903e+09
0.0150	0.0650	0.0650	1.42966774e+09
0.0150	0.0650	0.0750	2.26377184e+09
0.0150	0.0650	0.0850	1.75648457e+10
0.0150	0.0750	0.0750	2.43626662e+09
0.0150	0.0750	0.0850	5.21297682e+09
0.0150	0.0750	0.0950	2.00124094e+09
0.0150	0.0850	0.0850	2.50464082e+09
0.0150	0.0850	0.0950	4.06623854e+09
0.0150	0.0850	0.1050	9.70007959e+09
0.0150	0.0950	0.0950	1.86771674e+09
0.0150	0.0950	0.1050	5.71534555e+09
0.0150	0.0950	0.1150	4.64628466e+09
0.0150	0.1050	0.1050	1.04045148e+09
0.0150	0.1050	0.1150	4.08401278e+09
0.0150	0.1050	0.1250	7.13634537e+09
0.0150	0.1150	0.1150	2.30563838e+09
0.0150	0.1150	0.1250	2.56441811e+09
0.0150	0.1150	0.1350	4.12614543e+09
0.0150	0.1250	0.1250	4.54568735e+08
0.0150	0.1250	0.1350	2.51314504e+09
0.0150	0.1250	0.1450	2.87818683e+09
0.0150	0.1350	0.1350	1.88831657e+09
0.0150	0.1350	0.1450	3.11134778e+09
0.0150	0.1450	0.1450	1.23024253e+09
0.0250	0.0250	0.0250	1.96322045e+09
0.0250	0.0250	0.0350	9.71717226e+08
0.0250	0.0250	0.0450	1.53212305e+10
0.0250	0.0250	0.0550	-5.71160141e+09
0.0250	0.0350	0.0350	5.93083702e+09
0.0250	0.0350	0.0450	6.00452537e+09
0.0250	0.0350	0.0550	1.02410395e+10
0.0250	0.0350	0.0650	5.03683061e+09
0.0250	0.0450	0.0450	3.84650394e+09
0.0250	0.0450	0.0550	7.17161303e+09
0.0250	0.0450	0.0650	7.35806600e+09
0.0250	0.0450	0.0750	7.57754962e+09
0.0250	0.0550	0.0550	5.61245124e+09
0.0250	0.0550	0.0650	5.21753474e+09
0.0250	0.0550	0.0750	4.02696864e+09
0.0250	0.0550	0.0850	6.31800134e+09
0.0250	0.0650	0.0650	7.34340143e+08
0.0250	0.0650	0.0750	2.88766099e+09
0.0250	0.0650	0.0850	3.29542806e+09
0.0250	0.0650	0.0950	4.83735942e+09
0.0250	0.0750	0.0750	3.76979414e+09
0.0250	0.0750	0.0850	2.80713597e+09
0.0250	0.0750	0.0950	4.65437839e+09
0.0250	0.0750	0.1050	3.32279015e+09
0.0250	0.0850	0.0850	2.01123666e+09
0.0250	0.0850	0.0950	2.99675914e+09
0.0250	0.0850	0.1050	4.42509069e+09
0.0250	0.0850	0.1150	2.43486125e+09
0.0250	0.0950	0.0950	3.72282118e+09
0.0250	0.0950	0.1050	1.78867003e+09
0.0250	0.0950	0.1150	2.40834049e+09
0.0250	0.0950	0.1250	4.05279117e+09
0.0250	0.1050	0.1050	3.11627870e+09
0.0250	0.1050	0.1150	2.10340657e+09
0.0250	0.1050	0.1250	3.76421974e+09
0.0250	0.1050	0.1350	1.83396939e+09
0.0250	0.1150	0.1150	-2.56600841e+08
0.0250	0.1150	0.1250	1.96883430e+09
0.0250	0.1150	0.1350	2.30301548e+09
0.0250	0.1150	0.1450	3.32727467e+09
0.0250	0.1250	0.1250	2.71197323e+09
0.0250	0.1250	0.1350	2.22863804e+09
0.0250	0.1250	0.1450	1.88341410e+09
0.0250	0.1350	0.1350	1.45378206e+09
0.0250	0.1350	0.1450	1.77418248e+09
0.0250	0.1450	0.1450	1.33167179e+09
0.0350	0.0350	0.0350	-2.23452995e+09
0.0350	0.0350	0.0450	6.26342272e+09
0.0350	0.0350	0.0550	-7.10136945e+08
0.0350	0.0350	0.0650	3.43963085e+09
0.0350	0.0350	0.0750	1.55882062e+10
0.0350	0.0450	0.0450	1.33106629e+10
0.0350	0.0450	0.0550	4.30222194e+09
0.0350	0.0450	0.0650	6.72476576e+09
0.0350	0.0450	0.0750	6.06862273e+09
0.0350	0.0450	0.0850	7.42590032e+09
0.0350	0.0550	0.0550	-8.01164920e+08
0.0350	0.0550	0.0650	2.12931013e+09
0.0350	0.0550	0.0750	3.39401761e+09
0.0350	0.0550	0.0850	3.80765737e+09
0.0350	0.0550	0.0950	2.63158415e+09
0.0350	0.0650	0.0650	3.93347504e+09
0.0350	0.0650	0.0750	2.54578359e+09
0.0350	0.0650	0.0850	3.12392227e+09
0.0350	0.0650	0.0950	2.83107330e+09
0.0350	0.0650	0.1050	7.20113015e+09
0.0350	0.0750	0.0750	3.34646866e+09
0.0350	0.0750	0.0850	2.34852744e+09
0.0350	0.0750	0.0950	1.65881405e+09
0.0350	0.0750	0.1050	3.60039024e+09
0.0350	0.0750	0.1150	5.00499576e+09
0.0350	0.0850	0.0850	7.32467588e+08
0.0350	0.0850	0.0950	2.27315217e+09
0.0350	0.0850	0.1050	2.06162731e+09
0.0350	0.0850	0.1150	3.00394456e+09
0.0350	0.0850	0.1250	2.74260734e+09
0.0350	0.0950	0.0950	1.30478374e+09
0.0350	0.0950	0.1050	2.63509811e+09
0.0350	0.0950	0.1150	1.96375443e+09
0.0350	0.0950	0.1250	2.60246546e+09
0.0350	0.0950	0.1350	2.04873339e+09
0.0350	0.1050	0.1050	3.16416875e+09
0.0350	0.1050	0.1150	1.80205292e+09
0.0350	0.1050	0.1250	1.57218635e+09
0.0350	0.1050	0.1350	2.25484172e+09
0.0350	0.1050	0.1450	1.11825139e+09
0.0350	0.1150	0.1150	8.68611622e+08
0.0350	0.1150	0.1250	1.80173367e+09
0.0350	0.1150	0.1350	7.74913261e+08
0.0350	0.1150	0.1450	2.20892221e+09
0.0350	0.1250	0.1250	1.36197045e+09
0.0350	0.1250	0.1350	1.29862850e+09
0.0350	0.1250	0.1450	1.03096639e+09
0.0350	0.1350	0.1350	4.76876406e+08
0.0350	0.1350	0.1450	1.89217525e+09
0.0350	0.1450	0.1450	1.57475029e+09
0.0450	0.0450	0.0450	3.98841448e+09
0.0450	0.0450	0.0550	5.46352177e+09
0.0450	0.0450	0.0650	9.89727185e+08
0.0450	0.0450	0.0750	4.80529148e+09
0.0450	0.0450	0.0850	2.47865453e+09
0.0450	0.0450	0.0950	6.12518715e+08
0.0450	0.0550	0.0550	-9.70080430e+07
0.0450	0.0550	0.0650	2.71106718e+09
0.0450	0.0550	0.0750	3.15700095e+09
0.0450	0.0550	0.0850	1.66171037e+09
0.0450	0.0550	0.0950	4.09680186e+09
0.0450	0.0550	0.1050	1.98729858e+09
0.0450	0.0650	0.0650	2.66982144e+09
0.0450	0.0650	0.0750	3.06290994e+09
0.0450	0.0650	0.0850	2.77348543e+09
0.0450	0.0650	0.0950	2.06265636e+09
0.0450	0.0650	0.1050	3.63672229e+09
0.0450	0.0650	0.1150	4.45636452e+09
0.0450	0.0750	0.0750	3.15327706e+09
0.0450	0.0750	0.0850	2.55531455e+09
0.0450	0.0750	0.0950	2.65197340e+09
0.0450	0.0750	0.1050	2.38408543e+09
0.0450	0.0750	0.1150	1.97908245e+09
0.0450	0.0750	0.1250	4.61833052e+09
0.0450	0.0850	0.0850	2.29267495e+09
0.0450	0.0850	0.0950	1.73681152e+09
0.0450	0.0850	0.1050	1.74747872e+09
0.0450	0.0850	0.1150	2.04245731e+09
0.0450	0.0850	0.1250	2.25684281e+09
0.0450	0.0850	0.1350	1.31729133e+09
0.0450	0.0950	0.0950	1.90288695e+09
0.0450	0.0950	0.1050	1.96063617e+09
0.0450	0.0950	0.1150	1.45300202e+09
0.0450	0.0950	0.1250	1.48163937e+09
0.0450	0.0950	0.1350	2.28725493e+09
0.0450	0.0950	0.1450	2.46673546e+09
0.0450	0.1050	0.1050	1.01484236e+09
0.0450	0.1050	0.1150	2.28274662e+09
0.0450	0.1050	0.1250	1.32434678e+09
0.0450	0.1050	0.1350	1.61653237e+09
0.0450	0.1050	0.1450	1.85492575e+09
0.0450	0.1150	0.1150	1.08416014e+09
0.0450	0.1150	0.1250	1.38694233e+09
0.0450	0.1150	0.1350	1.53747259e+09
0.0450	0.1150	0.1450	1.13522902e+09
0.0450	0.1250	0.1250	1.56316250e+09
0.0450	0.1250	0.1350	1.36528631e+09
0.0450	0.1250	0.1450	1.63364316e+09
0.0450	0.1350	0.1350	9.06714965e+08
0.0450	0.1350	0.1450	9.15499166e+08
0.0450	0.1450	0.1450	7.86002428e+08
0.0550	0.0550	0.0550	-8.52774869e+08
0.0550	0.0550	0.0650	2.93007566e+09
0.0550	0.0550	0.0750	-2.44583667e+08
0.0550	0.0550	0.0850	1.89081638e+09
0.0550	0.0550	0.0950	7.00424295e+08
0.0550	0.0550	0.1050	4.97303847e+09
0.0550	0.0550	0.1150	-1.38032077e+09
0.0550	0.0650	0.0650	-5.16466963e+07
0.0550	0.0650	0.0750	2.45941373e+09
0.0550	0.0650	0.0850	2.10628933e+09
0.0550	0.0650	0.0950	1.33561222e+09
0.0550	0.0650	0.1050	2.08228470e+09
0.0550	0.0650	0.1150	1.42518721e+09
0.0550	0.0650	0.1250	3.46704093e+09
0.0550	0.0750	0.0750	1.13489582e+09
0.0550	0.0750	0.0850	2.41954770e+09
0.0550	0.0750	0.0950	6.39435819e+08
0.0550	0.0750	0.1050	1.34781825e+09
0.0550	0.0750	0.1150	1.50468096e+09
0.0550	0.0750	0.1250	2.87031756e+09
0.0550	0.0750	0.1350	2.57334275e+09
0.0550	0.0850	0.0850	3.48761861e+08
0.0550	0.0850	0.0950	1.78144012e+09
0.0550	0.0850	0.1050	1.53366672e+09
0.0550	0.0850	0.1150	1.04471474e+09
0.0550	0.0850	0.1250	1.81414202e+09
0.0550	0.0850	0.1350	2.07950325e+09
0.0550	0.0850	0.1450	1.12385802e+09
0.0550	0.0950	0.0950	1.10064699e+09
0.0550	0.0950	0.1050	1.07788444e+09
0.0550	0.0950	0.1150	1.07484758e+09
0.0550	0.0950	0.1250	9.85056274e+08
0.0550	0.0950	0.1350	1.24478261e+09
0.0550	0.0950	0.1450	1.12886137e+09
0.0550	0.1050	0.1050	1.52575822e+09
0.0550	0.1050	0.1150	1.30303700e+09
0.0550	0.1050	0.1250	6.17914749e+08
0.0550	0.1050	0.1350	1.42719777e+09
0.0550	0.1050	0.1450	1.38370779e+09
0.0550	0.1150	0.1150	7.19312858e+08
0.0550	0.1150	0.1250	1.12893650e+09
0.0550	0.1150	0.1350	8.27713835e+08
0.0550	0.1150	0.1450	7.35439370e+08
0.0550	0.1250	0.1250	1.59907040e+08
0.0550	0.1250	0.1350	1.19744799e+09
0.0550	0.1250	0.1450	8.14965019e+08
0.0550	0.1350	0.1350	7.99482873e+08
0.0550	0.1350	0.1450	7.27094530e+08
0.0550	0.1450	0.1450	5.51302321e+08
0.0650	0.0650	0.0650	-9.72329637e+08
0.0650	0.0650	0.0750	1.32212116e+09
0.0650	0.0650	0.0850	8.78549342e+08
0.0650	0.0650	0.0950	2.06495670e+09
0.0650	0.0650	0.1050	2.42338669e+09
0.0650	0.0650	0.1150	1.84134208e+09
0.0650	0.0650	0.1250	2.64863006e+09
0.0650	0.0650	0.1350	1.19386555e+08
0.0650	0.0750	0.0750	3.23254424e+09
0.0650	0.0750	0.0850	8.28866745e+08
0.0650	0.0750	0.0950	1.03262470e+09
0.0650	0.0750	0.1050	1.92391298e+09
0.0650	0.0750	0.1150	1.20836691e+09
0.0650	0.0750	0.1250	1.36787728e+09
0.0650	0.0750	0.1350	1.60408323e+09
0.0650	0.0750	0.1450	9.90119044e+08
0.0650	0.0850	0.0850	9.23249100e+08
0.0650	0.0850	0.0950	1.08292458e+09
0.0650	0.0850	0.1050	1.08038613e+09
0.0650	0.0850	0.1150	1.13415722e+09
0.0650	0.0850	0.1250	1.95667592e+09
0.0650	0.0850	0.1350	1.89328903e+09
0.0650	0.0850	0.1450	1.53166360e+09
0.0650	0.0950	0.0950	1.58312328e+09
0.0650	0.0950	0.1050	1.66874904e+09
0.0650	0.0950	0.1150	9.45168347e+08
0.0650	0.0950	0.1250	1.06789226e+09
0.0650	0.0950	0.1350	1.60640487e+09
0.0650	0.0950	0.1450	1.55531294e+09
0.0650	0.1050	0.1050	-4.75380862e+06
0.0650	0.1050	0.1150	9.83364368e+08
0.0650	0.1050	0.1250	7.96920855e+08
0.0650	0.1050	0.1350	1.21419288e+09
0.0650	0.1050	0.1450	5.21184471e+08
0.0650	0.1150	0.1150	1.00218769e+09
0.0650	0.1150	0.1250	1.15385827e+09
0.0650	0.1150	0.1350	8.01271203e+08
0.0650	0.1150	0.1450	7.90582446e+08
0.0650	0.1250	0.1250	1.23961793e+09
0.0650	0.1250	0.1350	5.62085193e+08
0.0650	0.1250	0.1450	9.51603440e+08
0.0650	0.1350	0.1350	1.14712729e+09
0.0650	0.1350	0.1450	9.21342391e+08
0.0650	0.1450	0.1450	9.54824638e+08
0.0750	0.0750	0.0750	1.30659145e+09
0.0750	0.0750	0.0850	1.63584672e+09
0.0750	0.0750	0.0950	1.37570549e+09
0.0750	0.0750	0.1050	8.66714529e+08
0.0750	0.0750	0.1150	5.67464678e+08
0.0750	0.0750	0.1250	1.20332882e+09
0.0750	0.0750	0.1350	9.00372503e+08
0.0750	0.0750	0.1450	2.42141350e+09
0.0750	0.0850	0.0850	1.39907679e+09
0.0750	0.0850	0.0950	5.83706773e+08
0.0750	0.0850	0.1050	2.02251244e+09
0.0750	0.0850	0.1150	5.61962536e+08
0.0750	0.0850	0.1250	1.25090563e+09
0.0750	0.0850	0.1350	1.20129725e+09
0.0750	0.0850	0.1450	1.62711479e+09
0.0750	0.0950	0.0950	1.28367561e+09
0.0750	0.0950	0.1050	1.89385166e+08
0.0750	0.0950	0.1150	1.17148834e+09
0.0750	0.0950	0.1250	1.12545906e+09
0.0750	0.0950	0.1350	1.11099949e+09
0.0750	0.0950	0.1450	6.72319399e+08
0.0750	0.1050	0.1050	1.84930189e+09
0.0750	0.1050	0.1150	9.75807382e+08
0.0750	0.1050	0.1250	1.17969323e+09
0.0750	0.1050	0.1350	1.14986913e+09
0.0750	0.1050	0.1450	1.04776002e+09
0.0750	0.1150	0.1150	5.14288236e+08
0.0750	0.1150	0.1250	7.78496169e+08
0.0750	0.1150	0.1350	6.62403884e+08
0.0750	0.1150	0.1450	7.46864612e+08
0.0750	0.1250	0.1250	9.55618811e+08
0.0750	0.1250	0.1350	8.63154198e+08
0.0750	0.1250	0.1450	7.27473633e+08
0.0750	0.1350	0.1350	1.09066730e+09
0.0750	0.1350	0.1450	5.94737912e+08
0.0750	0.1450	0.1450	2.37903473e+08
0.0850	0.0850	0.0850	6.57638914e+07
0.0850	0.0850	0.0950	1.66617436e+09
0.0850	0.0850	0.1050	1.72444045e+09
0.0850	0.0850	0.1150	1.14677603e+09
0.0850	0.0850	0.1250	2.70063104e+08
0.0850	0.0850	0.1350	1.48263258e+09
0.0850	0.0850	0.1450	9.96704513e+08
0.0850	0.0950	0.0950	4.06154317e+08
0.0850	0.0950	0.1050	1.10387799e+09
0.0850	0.0950	0.1150	7.82266032e+08
0.0850	0.0950	0.1250	1.15092287e+09
0.0850	0.0950	0.1350	4.03330854e+08
0.0850	0.0950	0.1450	1.01732739e+09
0.0850	0.1050	0.1050	6.79857342e+08
0.0850	0.1050	0.1150	1.18196612e+09
0.0850	0.1050	0.1250	8.02655198e+08
0.0850	0.1050	0.1350	7.44150482e+08
0.0850	0.1050	0.1450	4.68590268e+08
0.0850	0.1150	0.1150	5.17585242e+08
0.0850	0.1150	0.1250	4.91631548e+08
0.0850	0.1150	0.1350	8.61855170e+08
0.0850	0.1150	0.1450	7.22940400e+08
0.0850	0.1250	0.1250	8.55428895e+08
0.0850	0.1250	0.1350	6.33372948e+08
0.0850	0.1250	0.1450	6.20345930e+08
0.0850	0.1350	0.1350	9.08363111e+08
0.0850	0.1350	0.1450	6.37301483e+08
0.0850	0.1450	0.1450	3.33995799e+08
0.0950	0.0950	0.0950	6.36273957e+08
0.0950	0.0950	0.1050	8.07976041e+08
0.0950	0.0950	0.1150	1.05000874e+09
0.0950	0.0950	0.1250	5.56772967e+08
0.0950	0.0950	0.1350	1.15088792e+09
0.0950	0.0950	0.1450	6.07568377e+08
0.0950	0.1050	0.1050	6.63591834e+08
0.0950	0.1050	0.1150	6.71582911e+08
0.0950	0.1050	0.1250	8.00892349e+08
0.0950	0.1050	0.1350	7.42124051e+08
0.0950	0.1050	0.1450	8.75832885e+08
0.0950	0.1150	0.1150	4.24456493e+08
0.0950	0.1150	0.1250	9.48589349e+08
0.0950	0.1150	0.1350	7.71178515e+08
0.0950	0.1150	0.1450	4.53856286e+08
0.0950	0.1250	0.1250	2.61050174e+08
0.0950	0.1250	0.1350	4.64831286e+08
0.0950	0.1250	0.1450	6.30856575e+08
0.0950	0.1350	0.1350	7.77132491e+08
0.0950	0.1350	0.1450	7.92331014e+08
0.0950	0.1450	0.1450	5.74863183e+08
0.1050	0.1050	0.1050	1.19480119e+09
0.1050	0.1050	0.1150	7.91114252e+08
0.1050	0.1050	0.1250	9.54366121e+08
0.1050	0.1050	0.1350	1.16893392e+09
0.1050	0.1050	0.1450	7.30348371e+08
0.1050	0.1150	0.1150	3.50885741e+08
0.1050	0.1150	0.1250	6.27668860e+08
0.1050	0.1150	0.1350	4.93994431e+08
0.1050	0.1150	0.1450	3.69822736e+08
0.1050	0.1250	0.1250	3.15762462e+08
0.1050	0.1250	0.1350	8.31187097e+08
0.1050	0.1250	0.1450	6.32496668e+08
0.1050	0.1350	0.1350	5.25003332e+08
0.1050	0.1350	0.1450	5.49702091e+08
0.1050	0.1450	0.1450	5.39237286e+08
0.1150	0.1150	0.1150	4.36274643e+08
0.1150	0.1150	0.1250	6.03947884e+08
0.1150	0.1150	0.1350	4.88791172e+08
0.1150	0.1150	0.1450	4.23883129e+08
0.1150	0.1250	0.1250	5.96397357e+08
0.1150	0.1250	0.1350	4.97052788e+08
0.1150	0.1250	0.1450	6.42723535e+08
0.1150	0.1350	0.1350	5.30759812e+08
0.1150	0.1350	0.1450	5.51293819e+08
0.1150	0.1450	0.1450	3.26513751e+08
0.1250	0.1250	0.1250	3.54051461e+08
0.1250	0.1250	0.1350	6.18343381e+08
0.1250	0.1250	0.1450	4.70550222e+08
0.1250	0.1350	0.1350	7.75490619e+08
0.1250	0.1350	0.1450	4.34539299e+08
0.1250	0.1450	0.1450	3.96015553e+08
0.1350	0.1350	0.1350	6.33766980e+08
0.1350	0.1350	0.1450	4.11610729e+08
0.1350	0.1450	0.1450	2.15875967e+08
0.1450	0.1450	0.1450	4.46391538e+08
