####### Bispectrum of Patchy Simulation 1550 #############
# Patch: sgc
# z-type: z3
# Weights: fkp
# Fiducial Omega_m: 0.310
# Fiducial h: 0.676
# Boxsize: [1000.0, 2600.0, 1500.0]
# Grid: [95, 250, 140]
# k-binning: [0.000, 0.160, 0.010]
# Monte Carlo Simulations: 100
#
# Format: k1 | k2 | k3 | B(k1,k2,k3)
############################################
0.0150	0.0150	0.0150	5.41769114e+10
0.0150	0.0150	0.0250	-7.13788540e+09
0.0150	0.0150	0.0350	-5.90315098e+09
0.0150	0.0250	0.0250	-6.39373750e+09
0.0150	0.0250	0.0350	1.26478719e+10
0.0150	0.0250	0.0450	3.60543759e+10
0.0150	0.0350	0.0350	1.94284998e+10
0.0150	0.0350	0.0450	1.16630091e+10
0.0150	0.0350	0.0550	9.61231320e+09
0.0150	0.0450	0.0450	9.40755464e+09
0.0150	0.0450	0.0550	1.76768325e+09
0.0150	0.0450	0.0650	6.80738252e+09
0.0150	0.0550	0.0550	1.15034103e+10
0.0150	0.0550	0.0650	2.70444756e+09
0.0150	0.0550	0.0750	1.81843225e+10
0.0150	0.0650	0.0650	1.22893893e+10
0.0150	0.0650	0.0750	6.27453517e+09
0.0150	0.0650	0.0850	8.71450516e+09
0.0150	0.0750	0.0750	6.76657684e+09
0.0150	0.0750	0.0850	3.15261902e+09
0.0150	0.0750	0.0950	3.85207740e+09
0.0150	0.0850	0.0850	7.25391217e+09
0.0150	0.0850	0.0950	4.70790726e+09
0.0150	0.0850	0.1050	7.44393650e+09
0.0150	0.0950	0.0950	3.16787768e+09
0.0150	0.0950	0.1050	4.50403356e+09
0.0150	0.0950	0.1150	4.83657140e+09
0.0150	0.1050	0.1050	3.24605757e+09
0.0150	0.1050	0.1150	2.13227847e+09
0.0150	0.1050	0.1250	5.11883300e+09
0.0150	0.1150	0.1150	1.73313160e+09
0.0150	0.1150	0.1250	2.34626132e+09
0.0150	0.1150	0.1350	2.57435949e+09
0.0150	0.1250	0.1250	3.23261360e+09
0.0150	0.1250	0.1350	2.55511173e+09
0.0150	0.1250	0.1450	3.34157292e+09
0.0150	0.1350	0.1350	2.69473441e+09
0.0150	0.1350	0.1450	1.96559841e+09
0.0150	0.1450	0.1450	4.03749692e+08
0.0250	0.0250	0.0250	3.80053807e+10
0.0250	0.0250	0.0350	7.23098531e+09
0.0250	0.0250	0.0450	1.44591322e+09
0.0250	0.0250	0.0550	-4.90570726e+09
0.0250	0.0350	0.0350	5.59145315e+09
0.0250	0.0350	0.0450	3.76791715e+09
0.0250	0.0350	0.0550	6.60462870e+09
0.0250	0.0350	0.0650	4.94617963e+09
0.0250	0.0450	0.0450	6.86938736e+09
0.0250	0.0450	0.0550	3.54107016e+09
0.0250	0.0450	0.0650	5.53035457e+09
0.0250	0.0450	0.0750	7.85193385e+09
0.0250	0.0550	0.0550	2.58176342e+08
0.0250	0.0550	0.0650	3.56410065e+09
0.0250	0.0550	0.0750	5.63687634e+09
0.0250	0.0550	0.0850	8.42416840e+09
0.0250	0.0650	0.0650	7.81092254e+09
0.0250	0.0650	0.0750	2.66728980e+09
0.0250	0.0650	0.0850	3.55785812e+09
0.0250	0.0650	0.0950	3.30881773e+09
0.0250	0.0750	0.0750	1.35847648e+09
0.0250	0.0750	0.0850	2.44321504e+09
0.0250	0.0750	0.0950	4.14111685e+09
0.0250	0.0750	0.1050	1.97429174e+09
0.0250	0.0850	0.0850	1.65649106e+09
0.0250	0.0850	0.0950	2.66763411e+09
0.0250	0.0850	0.1050	2.07733820e+09
0.0250	0.0850	0.1150	3.94097734e+09
0.0250	0.0950	0.0950	3.25363133e+09
0.0250	0.0950	0.1050	1.16802712e+09
0.0250	0.0950	0.1150	2.54468473e+09
0.0250	0.0950	0.1250	3.05816204e+09
0.0250	0.1050	0.1050	2.97277866e+09
0.0250	0.1050	0.1150	1.79193157e+09
0.0250	0.1050	0.1250	3.13986208e+09
0.0250	0.1050	0.1350	7.49372303e+08
0.0250	0.1150	0.1150	1.13150609e+09
0.0250	0.1150	0.1250	1.72499685e+09
0.0250	0.1150	0.1350	1.71245596e+09
0.0250	0.1150	0.1450	3.11279154e+09
0.0250	0.1250	0.1250	2.51515212e+09
0.0250	0.1250	0.1350	1.52197779e+09
0.0250	0.1250	0.1450	2.27775971e+09
0.0250	0.1350	0.1350	1.06396570e+09
0.0250	0.1350	0.1450	9.58691293e+08
0.0250	0.1450	0.1450	1.16910832e+09
0.0350	0.0350	0.0350	-1.20722957e+10
0.0350	0.0350	0.0450	-3.67980353e+09
0.0350	0.0350	0.0550	-6.18900876e+08
0.0350	0.0350	0.0650	5.52347610e+09
0.0350	0.0350	0.0750	8.46241472e+09
0.0350	0.0450	0.0450	2.73322345e+09
0.0350	0.0450	0.0550	6.23144012e+09
0.0350	0.0450	0.0650	2.20975394e+09
0.0350	0.0450	0.0750	4.90951320e+09
0.0350	0.0450	0.0850	7.94752907e+09
0.0350	0.0550	0.0550	2.88511478e+08
0.0350	0.0550	0.0650	2.53709421e+09
0.0350	0.0550	0.0750	3.45885222e+09
0.0350	0.0550	0.0850	2.87522363e+09
0.0350	0.0550	0.0950	5.41314779e+09
0.0350	0.0650	0.0650	5.08141118e+09
0.0350	0.0650	0.0750	2.69649459e+09
0.0350	0.0650	0.0850	3.17753476e+09
0.0350	0.0650	0.0950	4.01305893e+09
0.0350	0.0650	0.1050	2.74557459e+09
0.0350	0.0750	0.0750	-5.82714579e+07
0.0350	0.0750	0.0850	2.03248084e+09
0.0350	0.0750	0.0950	2.62790936e+09
0.0350	0.0750	0.1050	2.69984823e+09
0.0350	0.0750	0.1150	2.41994358e+09
0.0350	0.0850	0.0850	2.28066331e+09
0.0350	0.0850	0.0950	2.05179515e+09
0.0350	0.0850	0.1050	1.23763300e+09
0.0350	0.0850	0.1150	2.44259131e+09
0.0350	0.0850	0.1250	2.86862644e+09
0.0350	0.0950	0.0950	2.14567642e+09
0.0350	0.0950	0.1050	7.11425255e+08
0.0350	0.0950	0.1150	2.31002827e+09
0.0350	0.0950	0.1250	1.34692859e+09
0.0350	0.0950	0.1350	1.30927524e+09
0.0350	0.1050	0.1050	2.49583388e+09
0.0350	0.1050	0.1150	1.12901867e+09
0.0350	0.1050	0.1250	1.61101991e+09
0.0350	0.1050	0.1350	1.75938073e+09
0.0350	0.1050	0.1450	1.55258885e+09
0.0350	0.1150	0.1150	1.59933855e+09
0.0350	0.1150	0.1250	1.49767160e+09
0.0350	0.1150	0.1350	1.09871580e+09
0.0350	0.1150	0.1450	2.20859989e+09
0.0350	0.1250	0.1250	6.81648225e+08
0.0350	0.1250	0.1350	1.24743484e+09
0.0350	0.1250	0.1450	1.02565865e+09
0.0350	0.1350	0.1350	8.49769036e+08
0.0350	0.1350	0.1450	1.22889071e+09
0.0350	0.1450	0.1450	1.55901991e+09
0.0450	0.0450	0.0450	9.07527166e+09
0.0450	0.0450	0.0550	5.40607880e+09
0.0450	0.0450	0.0650	4.04270856e+09
0.0450	0.0450	0.0750	1.80767128e+09
0.0450	0.0450	0.0850	9.01982143e+08
0.0450	0.0450	0.0950	3.09738490e+09
0.0450	0.0550	0.0550	1.39917604e+09
0.0450	0.0550	0.0650	1.69536593e+09
0.0450	0.0550	0.0750	9.75662279e+08
0.0450	0.0550	0.0850	3.01297601e+09
0.0450	0.0550	0.0950	4.15491943e+09
0.0450	0.0550	0.1050	4.21246016e+09
0.0450	0.0650	0.0650	5.05532326e+09
0.0450	0.0650	0.0750	1.58175269e+09
0.0450	0.0650	0.0850	1.56145492e+09
0.0450	0.0650	0.0950	3.47034418e+09
0.0450	0.0650	0.1050	1.48922846e+09
0.0450	0.0650	0.1150	6.04157239e+09
0.0450	0.0750	0.0750	4.38084842e+09
0.0450	0.0750	0.0850	4.72254039e+08
0.0450	0.0750	0.0950	1.35088841e+09
0.0450	0.0750	0.1050	2.32322617e+09
0.0450	0.0750	0.1150	1.97061879e+09
0.0450	0.0750	0.1250	2.03465394e+09
0.0450	0.0850	0.0850	4.57233286e+08
0.0450	0.0850	0.0950	1.86543437e+09
0.0450	0.0850	0.1050	2.06621187e+09
0.0450	0.0850	0.1150	1.77117275e+09
0.0450	0.0850	0.1250	2.10264215e+09
0.0450	0.0850	0.1350	3.17637607e+09
0.0450	0.0950	0.0950	9.26091855e+08
0.0450	0.0950	0.1050	1.60964426e+09
0.0450	0.0950	0.1150	1.16981454e+09
0.0450	0.0950	0.1250	1.82115553e+09
0.0450	0.0950	0.1350	1.81938580e+09
0.0450	0.0950	0.1450	2.39335704e+09
0.0450	0.1050	0.1050	1.54492440e+09
0.0450	0.1050	0.1150	1.58606744e+09
0.0450	0.1050	0.1250	1.01840671e+09
0.0450	0.1050	0.1350	1.67602184e+09
0.0450	0.1050	0.1450	1.46021862e+09
0.0450	0.1150	0.1150	1.42747533e+09
0.0450	0.1150	0.1250	1.34384679e+09
0.0450	0.1150	0.1350	1.18165813e+09
0.0450	0.1150	0.1450	9.07836472e+08
0.0450	0.1250	0.1250	1.39790752e+09
0.0450	0.1250	0.1350	1.17399892e+09
0.0450	0.1250	0.1450	1.36716674e+09
0.0450	0.1350	0.1350	8.78206618e+08
0.0450	0.1350	0.1450	1.15314253e+09
0.0450	0.1450	0.1450	5.67012229e+08
0.0550	0.0550	0.0550	2.92998391e+09
0.0550	0.0550	0.0650	1.05657239e+09
0.0550	0.0550	0.0750	2.52523861e+09
0.0550	0.0550	0.0850	2.86082708e+09
0.0550	0.0550	0.0950	1.49607434e+09
0.0550	0.0550	0.1050	3.35130765e+09
0.0550	0.0550	0.1150	-1.87561829e+09
0.0550	0.0650	0.0650	2.98127448e+09
0.0550	0.0650	0.0750	7.15003528e+08
0.0550	0.0650	0.0850	1.60981239e+09
0.0550	0.0650	0.0950	2.34972320e+09
0.0550	0.0650	0.1050	2.02646452e+09
0.0550	0.0650	0.1150	3.42538010e+09
0.0550	0.0650	0.1250	2.03357087e+09
0.0550	0.0750	0.0750	2.23274908e+09
0.0550	0.0750	0.0850	1.55733612e+09
0.0550	0.0750	0.0950	1.07133896e+09
0.0550	0.0750	0.1050	2.63556528e+09
0.0550	0.0750	0.1150	1.54298134e+09
0.0550	0.0750	0.1250	2.70312368e+09
0.0550	0.0750	0.1350	1.19099074e+09
0.0550	0.0850	0.0850	1.40326539e+09
0.0550	0.0850	0.0950	8.62808400e+08
0.0550	0.0850	0.1050	9.83377082e+08
0.0550	0.0850	0.1150	9.04535570e+08
0.0550	0.0850	0.1250	1.66605523e+09
0.0550	0.0850	0.1350	1.87539809e+09
0.0550	0.0850	0.1450	3.36965170e+09
0.0550	0.0950	0.0950	1.58791730e+09
0.0550	0.0950	0.1050	1.17319326e+09
0.0550	0.0950	0.1150	6.13152855e+08
0.0550	0.0950	0.1250	9.22127030e+08
0.0550	0.0950	0.1350	1.51349253e+09
0.0550	0.0950	0.1450	1.53387517e+09
0.0550	0.1050	0.1050	9.32990911e+08
0.0550	0.1050	0.1150	1.01433794e+09
0.0550	0.1050	0.1250	9.19109221e+08
0.0550	0.1050	0.1350	1.26284084e+09
0.0550	0.1050	0.1450	1.29845764e+09
0.0550	0.1150	0.1150	7.87430027e+08
0.0550	0.1150	0.1250	1.28992172e+09
0.0550	0.1150	0.1350	8.52709904e+08
0.0550	0.1150	0.1450	1.13542554e+09
0.0550	0.1250	0.1250	8.31357823e+08
0.0550	0.1250	0.1350	8.86903328e+08
0.0550	0.1250	0.1450	6.93739971e+08
0.0550	0.1350	0.1350	8.76266296e+08
0.0550	0.1350	0.1450	8.31722658e+08
0.0550	0.1450	0.1450	5.73641430e+08
0.0650	0.0650	0.0650	4.54918609e+09
0.0650	0.0650	0.0750	2.12182239e+09
0.0650	0.0650	0.0850	1.68564749e+09
0.0650	0.0650	0.0950	5.41222127e+08
0.0650	0.0650	0.1050	1.52750967e+09
0.0650	0.0650	0.1150	1.96714629e+09
0.0650	0.0650	0.1250	1.18920877e+09
0.0650	0.0650	0.1350	3.83592850e+09
0.0650	0.0750	0.0750	5.83147827e+08
0.0650	0.0750	0.0850	1.45578252e+09
0.0650	0.0750	0.0950	1.58581061e+09
0.0650	0.0750	0.1050	1.10658142e+09
0.0650	0.0750	0.1150	1.92244692e+09
0.0650	0.0750	0.1250	2.17359630e+09
0.0650	0.0750	0.1350	1.22688402e+09
0.0650	0.0750	0.1450	1.33440939e+09
0.0650	0.0850	0.0850	2.80627118e+09
0.0650	0.0850	0.0950	6.90459658e+08
0.0650	0.0850	0.1050	9.11381249e+08
0.0650	0.0850	0.1150	8.71673948e+08
0.0650	0.0850	0.1250	1.47383627e+09
0.0650	0.0850	0.1350	1.00413452e+09
0.0650	0.0850	0.1450	1.80952114e+09
0.0650	0.0950	0.0950	1.13518750e+09
0.0650	0.0950	0.1050	8.58357508e+08
0.0650	0.0950	0.1150	1.48425015e+09
0.0650	0.0950	0.1250	1.18030030e+09
0.0650	0.0950	0.1350	1.34827745e+09
0.0650	0.0950	0.1450	1.57222848e+09
0.0650	0.1050	0.1050	1.79607362e+09
0.0650	0.1050	0.1150	1.02798367e+09
0.0650	0.1050	0.1250	6.83400910e+08
0.0650	0.1050	0.1350	9.96513503e+08
0.0650	0.1050	0.1450	1.11861010e+09
0.0650	0.1150	0.1150	1.03726674e+09
0.0650	0.1150	0.1250	8.72213352e+08
0.0650	0.1150	0.1350	8.88233543e+08
0.0650	0.1150	0.1450	7.31910279e+08
0.0650	0.1250	0.1250	1.06899134e+09
0.0650	0.1250	0.1350	1.17439437e+09
0.0650	0.1250	0.1450	1.17427467e+09
0.0650	0.1350	0.1350	1.04853864e+09
0.0650	0.1350	0.1450	6.35804437e+08
0.0650	0.1450	0.1450	1.26690538e+09
0.0750	0.0750	0.0750	4.33818810e+08
0.0750	0.0750	0.0850	9.41950264e+08
0.0750	0.0750	0.0950	1.34984908e+09
0.0750	0.0750	0.1050	1.58394487e+09
0.0750	0.0750	0.1150	1.57564405e+09
0.0750	0.0750	0.1250	1.45016746e+09
0.0750	0.0750	0.1350	1.60266281e+09
0.0750	0.0750	0.1450	1.80434134e+09
0.0750	0.0850	0.0850	1.52272796e+09
0.0750	0.0850	0.0950	1.07058527e+09
0.0750	0.0850	0.1050	1.39442106e+09
0.0750	0.0850	0.1150	1.16974640e+09
0.0750	0.0850	0.1250	1.00948459e+09
0.0750	0.0850	0.1350	1.58043641e+09
0.0750	0.0850	0.1450	1.42998909e+09
0.0750	0.0950	0.0950	1.62044187e+09
0.0750	0.0950	0.1050	6.49001937e+08
0.0750	0.0950	0.1150	9.18510720e+08
0.0750	0.0950	0.1250	8.75962782e+08
0.0750	0.0950	0.1350	8.14965835e+08
0.0750	0.0950	0.1450	1.00330945e+09
0.0750	0.1050	0.1050	1.12624548e+09
0.0750	0.1050	0.1150	1.31954468e+09
0.0750	0.1050	0.1250	9.99308387e+08
0.0750	0.1050	0.1350	1.08142597e+09
0.0750	0.1050	0.1450	8.49022559e+08
0.0750	0.1150	0.1150	3.19582999e+08
0.0750	0.1150	0.1250	8.10418539e+08
0.0750	0.1150	0.1350	8.46472742e+08
0.0750	0.1150	0.1450	9.47570186e+08
0.0750	0.1250	0.1250	8.06933731e+08
0.0750	0.1250	0.1350	6.86085399e+08
0.0750	0.1250	0.1450	8.47394398e+08
0.0750	0.1350	0.1350	6.27363876e+08
0.0750	0.1350	0.1450	8.19161508e+08
0.0750	0.1450	0.1450	7.13738178e+08
0.0850	0.0850	0.0850	1.64415951e+09
0.0850	0.0850	0.0950	9.18223598e+08
0.0850	0.0850	0.1050	1.51238155e+09
0.0850	0.0850	0.1150	1.23957032e+09
0.0850	0.0850	0.1250	7.29334546e+08
0.0850	0.0850	0.1350	1.05702274e+09
0.0850	0.0850	0.1450	9.68923636e+08
0.0850	0.0950	0.0950	1.19469970e+09
0.0850	0.0950	0.1050	1.01119523e+09
0.0850	0.0950	0.1150	7.41983991e+08
0.0850	0.0950	0.1250	9.29999083e+08
0.0850	0.0950	0.1350	8.56055071e+08
0.0850	0.0950	0.1450	1.06653049e+09
0.0850	0.1050	0.1050	9.84489473e+08
0.0850	0.1050	0.1150	7.26002446e+08
0.0850	0.1050	0.1250	7.66724817e+08
0.0850	0.1050	0.1350	7.19600061e+08
0.0850	0.1050	0.1450	1.23587686e+09
0.0850	0.1150	0.1150	3.59931010e+08
0.0850	0.1150	0.1250	6.32109684e+08
0.0850	0.1150	0.1350	5.91978110e+08
0.0850	0.1150	0.1450	6.02241600e+08
0.0850	0.1250	0.1250	1.11193566e+09
0.0850	0.1250	0.1350	7.64206672e+08
0.0850	0.1250	0.1450	6.61064337e+08
0.0850	0.1350	0.1350	4.68677771e+08
0.0850	0.1350	0.1450	6.80632224e+08
0.0850	0.1450	0.1450	5.25122052e+08
0.0950	0.0950	0.0950	4.45232113e+08
0.0950	0.0950	0.1050	9.81152851e+08
0.0950	0.0950	0.1150	1.01826336e+08
0.0950	0.0950	0.1250	5.73666884e+08
0.0950	0.0950	0.1350	7.15252781e+08
0.0950	0.0950	0.1450	9.74651208e+08
0.0950	0.1050	0.1050	2.93811913e+08
0.0950	0.1050	0.1150	1.15311199e+09
0.0950	0.1050	0.1250	4.71561399e+08
0.0950	0.1050	0.1350	9.04199978e+08
0.0950	0.1050	0.1450	4.81204436e+08
0.0950	0.1150	0.1150	6.60865341e+08
0.0950	0.1150	0.1250	7.60343601e+08
0.0950	0.1150	0.1350	5.17032502e+08
0.0950	0.1150	0.1450	5.84804079e+08
0.0950	0.1250	0.1250	5.02893900e+08
0.0950	0.1250	0.1350	6.80139268e+08
0.0950	0.1250	0.1450	5.33110825e+08
0.0950	0.1350	0.1350	7.53926834e+08
0.0950	0.1350	0.1450	5.83556007e+08
0.0950	0.1450	0.1450	4.42076353e+08
0.1050	0.1050	0.1050	1.79895726e+09
0.1050	0.1050	0.1150	2.00780896e+08
0.1050	0.1050	0.1250	8.93000324e+08
0.1050	0.1050	0.1350	1.10590287e+08
0.1050	0.1050	0.1450	7.85799532e+08
0.1050	0.1150	0.1150	6.39427297e+08
0.1050	0.1150	0.1250	4.87020681e+08
0.1050	0.1150	0.1350	9.59174550e+08
0.1050	0.1150	0.1450	4.61441966e+08
0.1050	0.1250	0.1250	8.17844370e+08
0.1050	0.1250	0.1350	5.20730378e+08
0.1050	0.1250	0.1450	6.22171813e+08
0.1050	0.1350	0.1350	5.36644742e+08
0.1050	0.1350	0.1450	6.01988617e+08
0.1050	0.1450	0.1450	4.67943325e+08
0.1150	0.1150	0.1150	8.18390256e+08
0.1150	0.1150	0.1250	4.76103936e+08
0.1150	0.1150	0.1350	7.33312913e+08
0.1150	0.1150	0.1450	5.21754457e+08
0.1150	0.1250	0.1250	3.63114210e+08
0.1150	0.1250	0.1350	5.01333019e+08
0.1150	0.1250	0.1450	4.73689398e+08
0.1150	0.1350	0.1350	6.47019781e+08
0.1150	0.1350	0.1450	7.00834123e+08
0.1150	0.1450	0.1450	3.37193300e+08
0.1250	0.1250	0.1250	9.01611469e+08
0.1250	0.1250	0.1350	3.34835652e+08
0.1250	0.1250	0.1450	8.40320502e+08
0.1250	0.1350	0.1350	4.92405825e+08
0.1250	0.1350	0.1450	5.35463408e+08
0.1250	0.1450	0.1450	3.93444993e+08
0.1350	0.1350	0.1350	2.28312828e+08
0.1350	0.1350	0.1450	4.61793000e+08
0.1350	0.1450	0.1450	5.05134445e+08
0.1450	0.1450	0.1450	1.76006176e+08
