####### Bispectrum of Patchy Simulation 280 #############
# Patch: sgc
# z-type: z3
# Weights: fkp
# Fiducial Omega_m: 0.310
# Fiducial h: 0.676
# Boxsize: [1000.0, 2600.0, 1500.0]
# Grid: [95, 250, 140]
# k-binning: [0.000, 0.160, 0.010]
# Monte Carlo Simulations: 100
#
# Format: k1 | k2 | k3 | B(k1,k2,k3)
############################################
0.0150	0.0150	0.0150	9.86760335e+10
0.0150	0.0150	0.0250	-2.30965152e+10
0.0150	0.0150	0.0350	5.21323023e+10
0.0150	0.0250	0.0250	-7.22856842e+09
0.0150	0.0250	0.0350	1.38623340e+10
0.0150	0.0250	0.0450	2.97768071e+10
0.0150	0.0350	0.0350	6.17928660e+09
0.0150	0.0350	0.0450	5.34409794e+08
0.0150	0.0350	0.0550	2.14665575e+10
0.0150	0.0450	0.0450	8.50619021e+08
0.0150	0.0450	0.0550	2.27230584e+09
0.0150	0.0450	0.0650	2.57777144e+09
0.0150	0.0550	0.0550	6.87774806e+09
0.0150	0.0550	0.0650	5.02978634e+09
0.0150	0.0550	0.0750	1.62660424e+10
0.0150	0.0650	0.0650	2.93497861e+09
0.0150	0.0650	0.0750	1.59536542e+09
0.0150	0.0650	0.0850	4.59218061e+09
0.0150	0.0750	0.0750	4.55452120e+09
0.0150	0.0750	0.0850	3.78954511e+09
0.0150	0.0750	0.0950	3.46379793e+09
0.0150	0.0850	0.0850	3.45960452e+09
0.0150	0.0850	0.0950	3.02154024e+09
0.0150	0.0850	0.1050	4.20982374e+09
0.0150	0.0950	0.0950	2.51035032e+09
0.0150	0.0950	0.1050	1.65383392e+09
0.0150	0.0950	0.1150	5.43108562e+09
0.0150	0.1050	0.1050	2.27488154e+09
0.0150	0.1050	0.1150	2.32005904e+09
0.0150	0.1050	0.1250	3.71797974e+09
0.0150	0.1150	0.1150	1.21749819e+09
0.0150	0.1150	0.1250	1.19051557e+09
0.0150	0.1150	0.1350	3.92581657e+09
0.0150	0.1250	0.1250	9.68254526e+08
0.0150	0.1250	0.1350	9.27616297e+08
0.0150	0.1250	0.1450	-3.39322009e+08
0.0150	0.1350	0.1350	6.82514123e+08
0.0150	0.1350	0.1450	1.85896801e+09
0.0150	0.1450	0.1450	1.14047187e+09
0.0250	0.0250	0.0250	1.17020328e+10
0.0250	0.0250	0.0350	1.99380830e+09
0.0250	0.0250	0.0450	1.15769902e+10
0.0250	0.0250	0.0550	2.17128582e+09
0.0250	0.0350	0.0350	1.75478976e+10
0.0250	0.0350	0.0450	6.17413420e+09
0.0250	0.0350	0.0550	6.48413088e+09
0.0250	0.0350	0.0650	1.73541775e+10
0.0250	0.0450	0.0450	7.24385262e+09
0.0250	0.0450	0.0550	9.44680209e+08
0.0250	0.0450	0.0650	8.22510641e+09
0.0250	0.0450	0.0750	3.23327178e+09
0.0250	0.0550	0.0550	-9.30346432e+07
0.0250	0.0550	0.0650	1.40873075e+09
0.0250	0.0550	0.0750	5.27401581e+09
0.0250	0.0550	0.0850	3.92907652e+09
0.0250	0.0650	0.0650	6.00413664e+09
0.0250	0.0650	0.0750	3.29714340e+09
0.0250	0.0650	0.0850	4.15058644e+09
0.0250	0.0650	0.0950	6.26086819e+09
0.0250	0.0750	0.0750	2.63263521e+08
0.0250	0.0750	0.0850	2.73669775e+09
0.0250	0.0750	0.0950	4.57258382e+09
0.0250	0.0750	0.1050	2.20438435e+09
0.0250	0.0850	0.0850	1.93256212e+09
0.0250	0.0850	0.0950	3.48387348e+09
0.0250	0.0850	0.1050	2.66012066e+09
0.0250	0.0850	0.1150	6.24001153e+09
0.0250	0.0950	0.0950	7.27285042e+08
0.0250	0.0950	0.1050	1.96736508e+09
0.0250	0.0950	0.1150	2.57162059e+09
0.0250	0.0950	0.1250	4.20947503e+09
0.0250	0.1050	0.1050	7.13533041e+08
0.0250	0.1050	0.1150	1.30251850e+09
0.0250	0.1050	0.1250	1.74730020e+09
0.0250	0.1050	0.1350	3.74841984e+09
0.0250	0.1150	0.1150	1.79202707e+09
0.0250	0.1150	0.1250	2.07005710e+09
0.0250	0.1150	0.1350	1.84675858e+09
0.0250	0.1150	0.1450	1.79204414e+09
0.0250	0.1250	0.1250	7.75097101e+08
0.0250	0.1250	0.1350	2.02019927e+09
0.0250	0.1250	0.1450	2.11640737e+09
0.0250	0.1350	0.1350	6.72343686e+08
0.0250	0.1350	0.1450	1.86185657e+09
0.0250	0.1450	0.1450	6.81098220e+08
0.0350	0.0350	0.0350	6.09898543e+09
0.0350	0.0350	0.0450	8.91628547e+09
0.0350	0.0350	0.0550	4.24420958e+09
0.0350	0.0350	0.0650	8.90836556e+09
0.0350	0.0350	0.0750	1.98109004e+10
0.0350	0.0450	0.0450	6.83038978e+09
0.0350	0.0450	0.0550	1.37567574e+09
0.0350	0.0450	0.0650	5.39926328e+09
0.0350	0.0450	0.0750	1.56639512e+09
0.0350	0.0450	0.0850	4.10232477e+09
0.0350	0.0550	0.0550	1.75474124e+09
0.0350	0.0550	0.0650	3.41249002e+09
0.0350	0.0550	0.0750	1.97421485e+09
0.0350	0.0550	0.0850	5.30324063e+09
0.0350	0.0550	0.0950	6.89740526e+09
0.0350	0.0650	0.0650	3.80787479e+09
0.0350	0.0650	0.0750	4.05684818e+09
0.0350	0.0650	0.0850	4.61188233e+09
0.0350	0.0650	0.0950	2.90818292e+09
0.0350	0.0650	0.1050	5.32382533e+09
0.0350	0.0750	0.0750	3.29079484e+09
0.0350	0.0750	0.0850	1.89303821e+09
0.0350	0.0750	0.0950	3.54126898e+09
0.0350	0.0750	0.1050	3.97331245e+09
0.0350	0.0750	0.1150	2.14650346e+09
0.0350	0.0850	0.0850	4.45041274e+08
0.0350	0.0850	0.0950	3.45948471e+09
0.0350	0.0850	0.1050	2.73599855e+09
0.0350	0.0850	0.1150	3.68681537e+09
0.0350	0.0850	0.1250	3.05794363e+09
0.0350	0.0950	0.0950	3.49558960e+09
0.0350	0.0950	0.1050	1.31042943e+09
0.0350	0.0950	0.1150	1.79567113e+09
0.0350	0.0950	0.1250	2.47841391e+09
0.0350	0.0950	0.1350	4.73536612e+09
0.0350	0.1050	0.1050	1.62713670e+09
0.0350	0.1050	0.1150	1.86939517e+09
0.0350	0.1050	0.1250	2.04995413e+09
0.0350	0.1050	0.1350	2.05176774e+09
0.0350	0.1050	0.1450	2.48782068e+09
0.0350	0.1150	0.1150	1.54340272e+09
0.0350	0.1150	0.1250	1.01881620e+09
0.0350	0.1150	0.1350	1.89538670e+09
0.0350	0.1150	0.1450	1.67519386e+09
0.0350	0.1250	0.1250	1.58824568e+09
0.0350	0.1250	0.1350	1.50727728e+09
0.0350	0.1250	0.1450	1.68036362e+09
0.0350	0.1350	0.1350	1.45816279e+09
0.0350	0.1350	0.1450	1.60473954e+09
0.0350	0.1450	0.1450	7.77691110e+08
0.0450	0.0450	0.0450	2.14731027e+09
0.0450	0.0450	0.0550	5.43425255e+09
0.0450	0.0450	0.0650	-2.16130243e+09
0.0450	0.0450	0.0750	3.85876099e+09
0.0450	0.0450	0.0850	1.57454191e+09
0.0450	0.0450	0.0950	7.00774273e+08
0.0450	0.0550	0.0550	-2.61991770e+09
0.0450	0.0550	0.0650	3.52280637e+09
0.0450	0.0550	0.0750	2.75755700e+09
0.0450	0.0550	0.0850	3.27273611e+09
0.0450	0.0550	0.0950	4.22816804e+09
0.0450	0.0550	0.1050	5.89993736e+08
0.0450	0.0650	0.0650	3.45222125e+09
0.0450	0.0650	0.0750	2.28627784e+09
0.0450	0.0650	0.0850	2.25857599e+09
0.0450	0.0650	0.0950	3.00556512e+09
0.0450	0.0650	0.1050	2.45951829e+09
0.0450	0.0650	0.1150	3.09280771e+09
0.0450	0.0750	0.0750	3.10704011e+09
0.0450	0.0750	0.0850	1.63315795e+09
0.0450	0.0750	0.0950	1.37101376e+09
0.0450	0.0750	0.1050	1.70245858e+09
0.0450	0.0750	0.1150	3.00835632e+09
0.0450	0.0750	0.1250	3.41581216e+09
0.0450	0.0850	0.0850	3.25775063e+09
0.0450	0.0850	0.0950	2.36981455e+09
0.0450	0.0850	0.1050	1.55060655e+09
0.0450	0.0850	0.1150	1.63894881e+09
0.0450	0.0850	0.1250	2.24107643e+09
0.0450	0.0850	0.1350	2.92124577e+09
0.0450	0.0950	0.0950	2.31424545e+08
0.0450	0.0950	0.1050	1.89725656e+09
0.0450	0.0950	0.1150	2.55987587e+09
0.0450	0.0950	0.1250	1.58389026e+09
0.0450	0.0950	0.1350	2.48456667e+09
0.0450	0.0950	0.1450	1.55354399e+09
0.0450	0.1050	0.1050	1.25270486e+09
0.0450	0.1050	0.1150	1.20424009e+09
0.0450	0.1050	0.1250	8.39681455e+08
0.0450	0.1050	0.1350	1.72602765e+09
0.0450	0.1050	0.1450	1.48250884e+09
0.0450	0.1150	0.1150	2.67794796e+08
0.0450	0.1150	0.1250	1.66438092e+09
0.0450	0.1150	0.1350	1.13517582e+09
0.0450	0.1150	0.1450	1.37934324e+09
0.0450	0.1250	0.1250	1.32432494e+09
0.0450	0.1250	0.1350	1.15274721e+09
0.0450	0.1250	0.1450	1.12366306e+09
0.0450	0.1350	0.1350	6.63147714e+08
0.0450	0.1350	0.1450	1.08749821e+09
0.0450	0.1450	0.1450	1.27645145e+09
0.0550	0.0550	0.0550	7.06797295e+09
0.0550	0.0550	0.0650	2.39691529e+09
0.0550	0.0550	0.0750	6.94344234e+08
0.0550	0.0550	0.0850	2.84956198e+09
0.0550	0.0550	0.0950	1.04673981e+09
0.0550	0.0550	0.1050	2.48158039e+09
0.0550	0.0550	0.1150	1.42339043e+09
0.0550	0.0650	0.0650	2.10303573e+09
0.0550	0.0650	0.0750	1.67193733e+09
0.0550	0.0650	0.0850	1.50069672e+09
0.0550	0.0650	0.0950	2.92809264e+09
0.0550	0.0650	0.1050	2.80099093e+09
0.0550	0.0650	0.1150	3.45116714e+09
0.0550	0.0650	0.1250	3.91388431e+09
0.0550	0.0750	0.0750	1.75451639e+09
0.0550	0.0750	0.0850	1.61450100e+09
0.0550	0.0750	0.0950	1.85214495e+09
0.0550	0.0750	0.1050	2.26716950e+09
0.0550	0.0750	0.1150	1.61520186e+09
0.0550	0.0750	0.1250	1.95234057e+09
0.0550	0.0750	0.1350	1.93199636e+09
0.0550	0.0850	0.0850	1.38050863e+09
0.0550	0.0850	0.0950	1.92516035e+09
0.0550	0.0850	0.1050	1.47569733e+09
0.0550	0.0850	0.1150	2.16180746e+09
0.0550	0.0850	0.1250	9.87121675e+08
0.0550	0.0850	0.1350	1.44962873e+09
0.0550	0.0850	0.1450	1.96615710e+09
0.0550	0.0950	0.0950	1.52526932e+09
0.0550	0.0950	0.1050	1.45090614e+09
0.0550	0.0950	0.1150	5.32477235e+08
0.0550	0.0950	0.1250	1.40606052e+09
0.0550	0.0950	0.1350	9.04018359e+08
0.0550	0.0950	0.1450	1.86849150e+09
0.0550	0.1050	0.1050	1.41616604e+09
0.0550	0.1050	0.1150	4.55548126e+08
0.0550	0.1050	0.1250	1.33243870e+09
0.0550	0.1050	0.1350	1.33160841e+09
0.0550	0.1050	0.1450	1.03402194e+09
0.0550	0.1150	0.1150	1.85287768e+09
0.0550	0.1150	0.1250	4.91336242e+08
0.0550	0.1150	0.1350	1.10299367e+09
0.0550	0.1150	0.1450	1.15038303e+09
0.0550	0.1250	0.1250	9.60589497e+08
0.0550	0.1250	0.1350	9.85513837e+08
0.0550	0.1250	0.1450	7.26568433e+08
0.0550	0.1350	0.1350	9.89191132e+08
0.0550	0.1350	0.1450	1.05428115e+09
0.0550	0.1450	0.1450	9.58015737e+08
0.0650	0.0650	0.0650	2.50423789e+09
0.0650	0.0650	0.0750	3.25988298e+08
0.0650	0.0650	0.0850	2.55046924e+09
0.0650	0.0650	0.0950	1.59575690e+09
0.0650	0.0650	0.1050	2.45393709e+09
0.0650	0.0650	0.1150	2.44428678e+09
0.0650	0.0650	0.1250	3.15768412e+09
0.0650	0.0650	0.1350	2.31302559e+09
0.0650	0.0750	0.0750	-9.90197373e+07
0.0650	0.0750	0.0850	2.07583361e+09
0.0650	0.0750	0.0950	1.45448326e+09
0.0650	0.0750	0.1050	1.08460724e+09
0.0650	0.0750	0.1150	1.39845781e+09
0.0650	0.0750	0.1250	1.46670570e+09
0.0650	0.0750	0.1350	2.50361351e+09
0.0650	0.0750	0.1450	2.08556656e+09
0.0650	0.0850	0.0850	1.87154073e+09
0.0650	0.0850	0.0950	9.98101645e+08
0.0650	0.0850	0.1050	1.78992718e+09
0.0650	0.0850	0.1150	1.55010001e+09
0.0650	0.0850	0.1250	1.37456844e+09
0.0650	0.0850	0.1350	2.01361681e+09
0.0650	0.0850	0.1450	1.45399223e+09
0.0650	0.0950	0.0950	1.28686891e+09
0.0650	0.0950	0.1050	1.37413543e+09
0.0650	0.0950	0.1150	1.10133111e+09
0.0650	0.0950	0.1250	1.24926367e+09
0.0650	0.0950	0.1350	1.35260333e+09
0.0650	0.0950	0.1450	1.28879247e+09
0.0650	0.1050	0.1050	3.97916879e+08
0.0650	0.1050	0.1150	9.92388776e+08
0.0650	0.1050	0.1250	1.03408517e+09
0.0650	0.1050	0.1350	1.07742283e+09
0.0650	0.1050	0.1450	8.92281575e+08
0.0650	0.1150	0.1150	9.43759757e+08
0.0650	0.1150	0.1250	1.05819449e+09
0.0650	0.1150	0.1350	1.08335929e+09
0.0650	0.1150	0.1450	9.65152347e+08
0.0650	0.1250	0.1250	7.56788437e+08
0.0650	0.1250	0.1350	8.13423807e+08
0.0650	0.1250	0.1450	9.62496066e+08
0.0650	0.1350	0.1350	1.31286631e+09
0.0650	0.1350	0.1450	6.35176624e+08
0.0650	0.1450	0.1450	1.11762487e+09
0.0750	0.0750	0.0750	4.54282022e+09
0.0750	0.0750	0.0850	4.21003449e+08
0.0750	0.0750	0.0950	1.57330427e+09
0.0750	0.0750	0.1050	2.55005030e+09
0.0750	0.0750	0.1150	1.53368319e+09
0.0750	0.0750	0.1250	1.81639029e+09
0.0750	0.0750	0.1350	1.68823835e+09
0.0750	0.0750	0.1450	1.61344650e+09
0.0750	0.0850	0.0850	1.44370416e+09
0.0750	0.0850	0.0950	7.08207910e+08
0.0750	0.0850	0.1050	1.13267891e+09
0.0750	0.0850	0.1150	1.29283654e+09
0.0750	0.0850	0.1250	1.25267269e+09
0.0750	0.0850	0.1350	1.40316344e+09
0.0750	0.0850	0.1450	1.00572826e+09
0.0750	0.0950	0.0950	1.57287353e+09
0.0750	0.0950	0.1050	9.60172637e+08
0.0750	0.0950	0.1150	1.03479758e+09
0.0750	0.0950	0.1250	1.00769272e+09
0.0750	0.0950	0.1350	1.06265439e+09
0.0750	0.0950	0.1450	9.81640214e+08
0.0750	0.1050	0.1050	1.76256473e+09
0.0750	0.1050	0.1150	1.21297899e+09
0.0750	0.1050	0.1250	1.09623282e+09
0.0750	0.1050	0.1350	1.10210796e+09
0.0750	0.1050	0.1450	5.68998105e+08
0.0750	0.1150	0.1150	3.47648652e+08
0.0750	0.1150	0.1250	7.45662427e+08
0.0750	0.1150	0.1350	7.65936147e+08
0.0750	0.1150	0.1450	8.26403109e+08
0.0750	0.1250	0.1250	7.72417998e+08
0.0750	0.1250	0.1350	6.73662993e+08
0.0750	0.1250	0.1450	8.19800314e+08
0.0750	0.1350	0.1350	7.93321245e+08
0.0750	0.1350	0.1450	8.73830546e+08
0.0750	0.1450	0.1450	8.24560768e+08
0.0850	0.0850	0.0850	1.38775922e+09
0.0850	0.0850	0.0950	8.69749501e+08
0.0850	0.0850	0.1050	1.09955538e+09
0.0850	0.0850	0.1150	3.42949819e+08
0.0850	0.0850	0.1250	1.73019171e+09
0.0850	0.0850	0.1350	1.47858749e+09
0.0850	0.0850	0.1450	9.33298276e+08
0.0850	0.0950	0.0950	1.07231266e+09
0.0850	0.0950	0.1050	7.40313669e+08
0.0850	0.0950	0.1150	1.55204344e+09
0.0850	0.0950	0.1250	1.16599862e+09
0.0850	0.0950	0.1350	9.57295590e+08
0.0850	0.0950	0.1450	5.70073033e+08
0.0850	0.1050	0.1050	7.42245852e+08
0.0850	0.1050	0.1150	7.69202067e+08
0.0850	0.1050	0.1250	7.92198941e+08
0.0850	0.1050	0.1350	4.76351991e+08
0.0850	0.1050	0.1450	9.83864890e+08
0.0850	0.1150	0.1150	9.03479835e+08
0.0850	0.1150	0.1250	8.15718124e+08
0.0850	0.1150	0.1350	7.06345913e+08
0.0850	0.1150	0.1450	6.35933506e+08
0.0850	0.1250	0.1250	8.85295015e+08
0.0850	0.1250	0.1350	7.64177226e+08
0.0850	0.1250	0.1450	6.17314653e+08
0.0850	0.1350	0.1350	6.38049609e+08
0.0850	0.1350	0.1450	7.16017836e+08
0.0850	0.1450	0.1450	1.70892077e+08
0.0950	0.0950	0.0950	9.57637077e+08
0.0950	0.0950	0.1050	1.25330574e+09
0.0950	0.0950	0.1150	4.40558101e+08
0.0950	0.0950	0.1250	6.61489751e+08
0.0950	0.0950	0.1350	4.80586916e+08
0.0950	0.0950	0.1450	9.74242271e+08
0.0950	0.1050	0.1050	2.22175599e+08
0.0950	0.1050	0.1150	8.39952003e+08
0.0950	0.1050	0.1250	6.03601646e+08
0.0950	0.1050	0.1350	6.04641013e+08
0.0950	0.1050	0.1450	7.70861480e+08
0.0950	0.1150	0.1150	5.08593181e+08
0.0950	0.1150	0.1250	8.50357940e+08
0.0950	0.1150	0.1350	3.58245621e+08
0.0950	0.1150	0.1450	8.10703944e+08
0.0950	0.1250	0.1250	4.48085442e+08
0.0950	0.1250	0.1350	7.36843509e+08
0.0950	0.1250	0.1450	5.13527226e+08
0.0950	0.1350	0.1350	5.31856848e+08
0.0950	0.1350	0.1450	3.72865984e+08
0.0950	0.1450	0.1450	8.21037676e+08
0.1050	0.1050	0.1050	9.00292644e+08
0.1050	0.1050	0.1150	3.90216175e+08
0.1050	0.1050	0.1250	4.38806015e+08
0.1050	0.1050	0.1350	5.62378692e+08
0.1050	0.1050	0.1450	6.87255871e+08
0.1050	0.1150	0.1150	6.68962818e+08
0.1050	0.1150	0.1250	8.01608185e+08
0.1050	0.1150	0.1350	5.16025035e+08
0.1050	0.1150	0.1450	3.61774073e+08
0.1050	0.1250	0.1250	5.36718062e+08
0.1050	0.1250	0.1350	6.21594503e+08
0.1050	0.1250	0.1450	6.12057980e+08
0.1050	0.1350	0.1350	7.27123964e+08
0.1050	0.1350	0.1450	2.60275820e+08
0.1050	0.1450	0.1450	5.97329156e+08
0.1150	0.1150	0.1150	6.77259795e+08
0.1150	0.1150	0.1250	6.20380834e+08
0.1150	0.1150	0.1350	6.31983030e+08
0.1150	0.1150	0.1450	5.59160744e+08
0.1150	0.1250	0.1250	7.79860112e+08
0.1150	0.1250	0.1350	4.42006765e+08
0.1150	0.1250	0.1450	5.40323354e+08
0.1150	0.1350	0.1350	6.50339928e+08
0.1150	0.1350	0.1450	5.39936640e+08
0.1150	0.1450	0.1450	4.42167393e+08
0.1250	0.1250	0.1250	2.78385717e+08
0.1250	0.1250	0.1350	6.33193047e+08
0.1250	0.1250	0.1450	3.53571260e+08
0.1250	0.1350	0.1350	7.39320586e+08
0.1250	0.1350	0.1450	4.60525081e+08
0.1250	0.1450	0.1450	3.23132295e+08
0.1350	0.1350	0.1350	2.58609626e+08
0.1350	0.1350	0.1450	3.32391996e+08
0.1350	0.1450	0.1450	3.65201935e+08
0.1450	0.1450	0.1450	3.03941114e+08
