####### Bispectrum of Patchy Simulation 1143 #############
# Patch: sgc
# z-type: z3
# Weights: fkp
# Fiducial Omega_m: 0.310
# Fiducial h: 0.676
# Boxsize: [1000.0, 2600.0, 1500.0]
# Grid: [95, 250, 140]
# k-binning: [0.000, 0.160, 0.010]
# Monte Carlo Simulations: 100
#
# Format: k1 | k2 | k3 | B(k1,k2,k3)
############################################
0.0150	0.0150	0.0150	-6.88019946e+10
0.0150	0.0150	0.0250	-4.10814795e+09
0.0150	0.0150	0.0350	1.05664399e+09
0.0150	0.0250	0.0250	1.58811850e+10
0.0150	0.0250	0.0350	9.65869288e+09
0.0150	0.0250	0.0450	3.38933444e+10
0.0150	0.0350	0.0350	1.67613432e+10
0.0150	0.0350	0.0450	6.58303381e+09
0.0150	0.0350	0.0550	1.13334236e+10
0.0150	0.0450	0.0450	1.56232698e+09
0.0150	0.0450	0.0550	1.77930149e+09
0.0150	0.0450	0.0650	3.47895940e+09
0.0150	0.0550	0.0550	8.05380916e+09
0.0150	0.0550	0.0650	1.01787399e+10
0.0150	0.0550	0.0750	4.89004667e+09
0.0150	0.0650	0.0650	2.80692892e+09
0.0150	0.0650	0.0750	3.37596492e+09
0.0150	0.0650	0.0850	4.26184017e+09
0.0150	0.0750	0.0750	5.59729172e+09
0.0150	0.0750	0.0850	6.95676047e+09
0.0150	0.0750	0.0950	6.92439559e+09
0.0150	0.0850	0.0850	4.08366699e+09
0.0150	0.0850	0.0950	4.55521361e+09
0.0150	0.0850	0.1050	6.53057560e+09
0.0150	0.0950	0.0950	2.90246559e+09
0.0150	0.0950	0.1050	2.26898842e+09
0.0150	0.0950	0.1150	3.74221735e+09
0.0150	0.1050	0.1050	3.27903960e+09
0.0150	0.1050	0.1150	2.58587626e+09
0.0150	0.1050	0.1250	4.90604983e+09
0.0150	0.1150	0.1150	3.65912853e+09
0.0150	0.1150	0.1250	2.64459535e+09
0.0150	0.1150	0.1350	4.17710010e+09
0.0150	0.1250	0.1250	1.56003926e+09
0.0150	0.1250	0.1350	2.38029160e+09
0.0150	0.1250	0.1450	2.36604668e+09
0.0150	0.1350	0.1350	2.27769711e+09
0.0150	0.1350	0.1450	2.29475506e+09
0.0150	0.1450	0.1450	9.94629786e+08
0.0250	0.0250	0.0250	-8.91508332e+09
0.0250	0.0250	0.0350	-3.04066815e+09
0.0250	0.0250	0.0450	1.19192775e+10
0.0250	0.0250	0.0550	2.32105164e+10
0.0250	0.0350	0.0350	7.91074141e+09
0.0250	0.0350	0.0450	2.54531681e+09
0.0250	0.0350	0.0550	2.77508866e+09
0.0250	0.0350	0.0650	-5.06147018e+09
0.0250	0.0450	0.0450	3.10076561e+09
0.0250	0.0450	0.0550	7.69894802e+09
0.0250	0.0450	0.0650	1.00006532e+10
0.0250	0.0450	0.0750	2.39850773e+09
0.0250	0.0550	0.0550	3.34902070e+09
0.0250	0.0550	0.0650	5.50515285e+08
0.0250	0.0550	0.0750	6.25256669e+09
0.0250	0.0550	0.0850	5.36335597e+09
0.0250	0.0650	0.0650	2.92418225e+09
0.0250	0.0650	0.0750	3.14630409e+09
0.0250	0.0650	0.0850	5.78210299e+09
0.0250	0.0650	0.0950	6.79023436e+09
0.0250	0.0750	0.0750	6.05303645e+09
0.0250	0.0750	0.0850	1.90691121e+09
0.0250	0.0750	0.0950	3.28392169e+09
0.0250	0.0750	0.1050	4.02367773e+09
0.0250	0.0850	0.0850	2.61068925e+09
0.0250	0.0850	0.0950	4.33551014e+09
0.0250	0.0850	0.1050	2.84083973e+09
0.0250	0.0850	0.1150	6.71495962e+09
0.0250	0.0950	0.0950	2.66560620e+09
0.0250	0.0950	0.1050	2.60361552e+09
0.0250	0.0950	0.1150	2.24067984e+09
0.0250	0.0950	0.1250	6.40508025e+09
0.0250	0.1050	0.1050	1.83299471e+09
0.0250	0.1050	0.1150	2.14456597e+09
0.0250	0.1050	0.1250	2.14426398e+09
0.0250	0.1050	0.1350	4.15514984e+09
0.0250	0.1150	0.1150	8.32285334e+08
0.0250	0.1150	0.1250	2.72332735e+09
0.0250	0.1150	0.1350	2.50233645e+09
0.0250	0.1150	0.1450	2.65936672e+09
0.0250	0.1250	0.1250	3.56625555e+09
0.0250	0.1250	0.1350	1.81859554e+09
0.0250	0.1250	0.1450	2.82062968e+09
0.0250	0.1350	0.1350	9.11178328e+08
0.0250	0.1350	0.1450	1.25968427e+09
0.0250	0.1450	0.1450	2.11111167e+09
0.0350	0.0350	0.0350	1.33405819e+10
0.0350	0.0350	0.0450	-1.97470332e+08
0.0350	0.0350	0.0550	4.70461950e+09
0.0350	0.0350	0.0650	8.89253161e+09
0.0350	0.0350	0.0750	8.00153441e+09
0.0350	0.0450	0.0450	1.71553494e+09
0.0350	0.0450	0.0550	5.95230983e+09
0.0350	0.0450	0.0650	2.90177431e+09
0.0350	0.0450	0.0750	5.76205730e+09
0.0350	0.0450	0.0850	1.79738991e+09
0.0350	0.0550	0.0550	3.42780293e+09
0.0350	0.0550	0.0650	5.96981014e+09
0.0350	0.0550	0.0750	3.55252739e+09
0.0350	0.0550	0.0850	3.01334075e+09
0.0350	0.0550	0.0950	4.70935961e+09
0.0350	0.0650	0.0650	2.82336407e+09
0.0350	0.0650	0.0750	3.56070508e+09
0.0350	0.0650	0.0850	2.46515336e+09
0.0350	0.0650	0.0950	3.23744176e+09
0.0350	0.0650	0.1050	1.60524292e+09
0.0350	0.0750	0.0750	6.46513463e+08
0.0350	0.0750	0.0850	2.79606321e+09
0.0350	0.0750	0.0950	4.67402910e+09
0.0350	0.0750	0.1050	3.74359172e+09
0.0350	0.0750	0.1150	4.03009531e+09
0.0350	0.0850	0.0850	2.40370514e+09
0.0350	0.0850	0.0950	1.61657306e+09
0.0350	0.0850	0.1050	3.11167732e+09
0.0350	0.0850	0.1150	1.40530249e+09
0.0350	0.0850	0.1250	3.87159662e+09
0.0350	0.0950	0.0950	-1.42261337e+07
0.0350	0.0950	0.1050	1.47209487e+09
0.0350	0.0950	0.1150	1.88344907e+09
0.0350	0.0950	0.1250	1.69092760e+09
0.0350	0.0950	0.1350	1.13681504e+09
0.0350	0.1050	0.1050	1.09222142e+09
0.0350	0.1050	0.1150	1.85107489e+09
0.0350	0.1050	0.1250	1.46444527e+09
0.0350	0.1050	0.1350	1.39853932e+09
0.0350	0.1050	0.1450	3.42090024e+09
0.0350	0.1150	0.1150	1.55627862e+09
0.0350	0.1150	0.1250	1.65307072e+09
0.0350	0.1150	0.1350	2.08267061e+09
0.0350	0.1150	0.1450	1.39338883e+09
0.0350	0.1250	0.1250	1.08695057e+09
0.0350	0.1250	0.1350	1.73812499e+09
0.0350	0.1250	0.1450	1.46006643e+09
0.0350	0.1350	0.1350	1.29747702e+09
0.0350	0.1350	0.1450	1.44639551e+09
0.0350	0.1450	0.1450	9.51474312e+08
0.0450	0.0450	0.0450	2.69782433e+09
0.0450	0.0450	0.0550	6.61810931e+09
0.0450	0.0450	0.0650	1.82999654e+09
0.0450	0.0450	0.0750	1.58167777e+09
0.0450	0.0450	0.0850	3.36173692e+09
0.0450	0.0450	0.0950	1.27394198e+09
0.0450	0.0550	0.0550	-7.97380420e+07
0.0450	0.0550	0.0650	2.13328718e+09
0.0450	0.0550	0.0750	3.99921785e+09
0.0450	0.0550	0.0850	2.03864322e+09
0.0450	0.0550	0.0950	3.12296627e+09
0.0450	0.0550	0.1050	2.85217207e+09
0.0450	0.0650	0.0650	4.58398015e+09
0.0450	0.0650	0.0750	6.41204758e+08
0.0450	0.0650	0.0850	2.77886741e+09
0.0450	0.0650	0.0950	1.37799455e+09
0.0450	0.0650	0.1050	3.46078783e+09
0.0450	0.0650	0.1150	3.46337248e+09
0.0450	0.0750	0.0750	2.45534438e+09
0.0450	0.0750	0.0850	3.02122937e+09
0.0450	0.0750	0.0950	1.65104464e+09
0.0450	0.0750	0.1050	1.08101911e+09
0.0450	0.0750	0.1150	2.88744498e+09
0.0450	0.0750	0.1250	2.74678461e+09
0.0450	0.0850	0.0850	1.16812369e+09
0.0450	0.0850	0.0950	1.05880883e+09
0.0450	0.0850	0.1050	1.16097354e+09
0.0450	0.0850	0.1150	2.83110404e+09
0.0450	0.0850	0.1250	2.32373684e+09
0.0450	0.0850	0.1350	3.49621814e+09
0.0450	0.0950	0.0950	2.10052672e+09
0.0450	0.0950	0.1050	1.25221391e+09
0.0450	0.0950	0.1150	1.36285850e+09
0.0450	0.0950	0.1250	2.10204599e+09
0.0450	0.0950	0.1350	2.39080143e+09
0.0450	0.0950	0.1450	3.33869446e+09
0.0450	0.1050	0.1050	5.16271728e+08
0.0450	0.1050	0.1150	1.17523037e+09
0.0450	0.1050	0.1250	1.22275110e+09
0.0450	0.1050	0.1350	1.01987048e+09
0.0450	0.1050	0.1450	1.71522176e+09
0.0450	0.1150	0.1150	3.86298715e+08
0.0450	0.1150	0.1250	1.29298530e+09
0.0450	0.1150	0.1350	1.42532728e+09
0.0450	0.1150	0.1450	1.14972617e+09
0.0450	0.1250	0.1250	1.13397639e+09
0.0450	0.1250	0.1350	7.22897680e+08
0.0450	0.1250	0.1450	1.27195704e+09
0.0450	0.1350	0.1350	9.35545528e+08
0.0450	0.1350	0.1450	1.05233889e+09
0.0450	0.1450	0.1450	6.43805690e+08
0.0550	0.0550	0.0550	6.61273602e+09
0.0550	0.0550	0.0650	1.37434862e+09
0.0550	0.0550	0.0750	7.45952949e+08
0.0550	0.0550	0.0850	-1.17913377e+09
0.0550	0.0550	0.0950	3.08420319e+09
0.0550	0.0550	0.1050	3.19863989e+09
0.0550	0.0550	0.1150	2.33101872e+09
0.0550	0.0650	0.0650	1.15744608e+09
0.0550	0.0650	0.0750	2.96856154e+09
0.0550	0.0650	0.0850	2.40944823e+09
0.0550	0.0650	0.0950	2.23543320e+09
0.0550	0.0650	0.1050	1.79224769e+09
0.0550	0.0650	0.1150	2.44328750e+09
0.0550	0.0650	0.1250	1.27198798e+09
0.0550	0.0750	0.0750	6.46444753e+08
0.0550	0.0750	0.0850	1.72116685e+09
0.0550	0.0750	0.0950	9.54157987e+08
0.0550	0.0750	0.1050	2.57401328e+09
0.0550	0.0750	0.1150	1.55830367e+09
0.0550	0.0750	0.1250	2.48066766e+09
0.0550	0.0750	0.1350	9.84144823e+08
0.0550	0.0850	0.0850	8.16611599e+08
0.0550	0.0850	0.0950	2.40750328e+09
0.0550	0.0850	0.1050	2.09786156e+09
0.0550	0.0850	0.1150	1.21725926e+09
0.0550	0.0850	0.1250	2.04739375e+09
0.0550	0.0850	0.1350	1.89165958e+09
0.0550	0.0850	0.1450	4.87221328e+08
0.0550	0.0950	0.0950	2.69233421e+08
0.0550	0.0950	0.1050	8.25374290e+08
0.0550	0.0950	0.1150	9.10867455e+08
0.0550	0.0950	0.1250	8.96760027e+08
0.0550	0.0950	0.1350	1.00941383e+09
0.0550	0.0950	0.1450	1.23608759e+09
0.0550	0.1050	0.1050	1.47428594e+09
0.0550	0.1050	0.1150	9.22917744e+08
0.0550	0.1050	0.1250	1.42164534e+09
0.0550	0.1050	0.1350	1.31918740e+09
0.0550	0.1050	0.1450	9.01992834e+08
0.0550	0.1150	0.1150	1.30655723e+09
0.0550	0.1150	0.1250	1.00557968e+09
0.0550	0.1150	0.1350	5.61487588e+08
0.0550	0.1150	0.1450	1.01198769e+09
0.0550	0.1250	0.1250	1.11358862e+09
0.0550	0.1250	0.1350	1.18713260e+09
0.0550	0.1250	0.1450	3.89232548e+08
0.0550	0.1350	0.1350	1.05592885e+09
0.0550	0.1350	0.1450	6.86001949e+08
0.0550	0.1450	0.1450	7.70667692e+08
0.0650	0.0650	0.0650	-6.92263128e+08
0.0650	0.0650	0.0750	2.17999964e+09
0.0650	0.0650	0.0850	2.17227230e+09
0.0650	0.0650	0.0950	7.76386985e+08
0.0650	0.0650	0.1050	1.60518497e+09
0.0650	0.0650	0.1150	2.82525257e+09
0.0650	0.0650	0.1250	2.08836480e+09
0.0650	0.0650	0.1350	3.58127336e+09
0.0650	0.0750	0.0750	4.18690632e+08
0.0650	0.0750	0.0850	3.00737106e+09
0.0650	0.0750	0.0950	1.23408865e+09
0.0650	0.0750	0.1050	1.23952921e+09
0.0650	0.0750	0.1150	1.73641157e+09
0.0650	0.0750	0.1250	1.76006464e+09
0.0650	0.0750	0.1350	2.17698397e+09
0.0650	0.0750	0.1450	1.85896626e+09
0.0650	0.0850	0.0850	1.43028836e+09
0.0650	0.0850	0.0950	1.30060720e+09
0.0650	0.0850	0.1050	6.99371251e+08
0.0650	0.0850	0.1150	1.24826553e+09
0.0650	0.0850	0.1250	1.07995340e+09
0.0650	0.0850	0.1350	1.41681720e+09
0.0650	0.0850	0.1450	1.58962697e+09
0.0650	0.0950	0.0950	7.25694133e+08
0.0650	0.0950	0.1050	1.36834800e+09
0.0650	0.0950	0.1150	1.21760824e+09
0.0650	0.0950	0.1250	6.03716531e+08
0.0650	0.0950	0.1350	1.07229447e+09
0.0650	0.0950	0.1450	1.52895341e+09
0.0650	0.1050	0.1050	1.14817382e+09
0.0650	0.1050	0.1150	6.32362472e+08
0.0650	0.1050	0.1250	6.96822459e+08
0.0650	0.1050	0.1350	1.03973782e+09
0.0650	0.1050	0.1450	8.95257248e+08
0.0650	0.1150	0.1150	1.06182259e+09
0.0650	0.1150	0.1250	8.62919205e+08
0.0650	0.1150	0.1350	9.45381370e+08
0.0650	0.1150	0.1450	1.01264213e+09
0.0650	0.1250	0.1250	1.72637322e+09
0.0650	0.1250	0.1350	7.55405030e+08
0.0650	0.1250	0.1450	8.19076332e+08
0.0650	0.1350	0.1350	8.47130573e+08
0.0650	0.1350	0.1450	9.36974576e+08
0.0650	0.1450	0.1450	5.53830942e+08
0.0750	0.0750	0.0750	-3.61255143e+08
0.0750	0.0750	0.0850	1.01610742e+09
0.0750	0.0750	0.0950	1.08739240e+09
0.0750	0.0750	0.1050	1.01794559e+09
0.0750	0.0750	0.1150	1.10738345e+09
0.0750	0.0750	0.1250	1.93710867e+09
0.0750	0.0750	0.1350	1.43400254e+09
0.0750	0.0750	0.1450	1.55335179e+09
0.0750	0.0850	0.0850	1.44629127e+09
0.0750	0.0850	0.0950	7.84718799e+08
0.0750	0.0850	0.1050	1.28064193e+09
0.0750	0.0850	0.1150	1.82571000e+09
0.0750	0.0850	0.1250	1.24733948e+09
0.0750	0.0850	0.1350	1.36402722e+09
0.0750	0.0850	0.1450	1.68341766e+09
0.0750	0.0950	0.0950	1.19954554e+09
0.0750	0.0950	0.1050	9.29684006e+08
0.0750	0.0950	0.1150	1.22439333e+09
0.0750	0.0950	0.1250	1.00285774e+09
0.0750	0.0950	0.1350	1.50371410e+09
0.0750	0.0950	0.1450	1.27367152e+09
0.0750	0.1050	0.1050	4.95231329e+08
0.0750	0.1050	0.1150	8.61394205e+08
0.0750	0.1050	0.1250	1.23256802e+09
0.0750	0.1050	0.1350	6.25529288e+08
0.0750	0.1050	0.1450	1.04993589e+09
0.0750	0.1150	0.1150	6.72123417e+08
0.0750	0.1150	0.1250	7.87583982e+08
0.0750	0.1150	0.1350	6.67854240e+08
0.0750	0.1150	0.1450	9.12611045e+08
0.0750	0.1250	0.1250	7.74229803e+08
0.0750	0.1250	0.1350	1.07231544e+09
0.0750	0.1250	0.1450	6.75249411e+08
0.0750	0.1350	0.1350	3.53523021e+08
0.0750	0.1350	0.1450	6.71492796e+08
0.0750	0.1450	0.1450	4.37903181e+08
0.0850	0.0850	0.0850	1.84147256e+09
0.0850	0.0850	0.0950	1.14593014e+09
0.0850	0.0850	0.1050	9.34630447e+08
0.0850	0.0850	0.1150	4.27515090e+08
0.0850	0.0850	0.1250	1.55378798e+09
0.0850	0.0850	0.1350	6.62913172e+08
0.0850	0.0850	0.1450	8.02710413e+08
0.0850	0.0950	0.0950	6.11270921e+08
0.0850	0.0950	0.1050	8.99066704e+08
0.0850	0.0950	0.1150	9.28571178e+08
0.0850	0.0950	0.1250	6.53524045e+08
0.0850	0.0950	0.1350	1.05410234e+09
0.0850	0.0950	0.1450	8.80960011e+08
0.0850	0.1050	0.1050	1.06747390e+09
0.0850	0.1050	0.1150	8.83125605e+08
0.0850	0.1050	0.1250	4.49052594e+08
0.0850	0.1050	0.1350	6.86624145e+08
0.0850	0.1050	0.1450	7.61579302e+08
0.0850	0.1150	0.1150	6.14348899e+08
0.0850	0.1150	0.1250	6.72194936e+08
0.0850	0.1150	0.1350	5.14100697e+08
0.0850	0.1150	0.1450	4.52805649e+08
0.0850	0.1250	0.1250	9.98468753e+08
0.0850	0.1250	0.1350	8.87499661e+08
0.0850	0.1250	0.1450	7.30182197e+08
0.0850	0.1350	0.1350	7.05938180e+08
0.0850	0.1350	0.1450	5.35909269e+08
0.0850	0.1450	0.1450	5.78733880e+08
0.0950	0.0950	0.0950	4.08376438e+08
0.0950	0.0950	0.1050	1.19616063e+09
0.0950	0.0950	0.1150	7.63084638e+08
0.0950	0.0950	0.1250	5.83602911e+08
0.0950	0.0950	0.1350	3.14961004e+08
0.0950	0.0950	0.1450	1.08292778e+09
0.0950	0.1050	0.1050	2.70572470e+08
0.0950	0.1050	0.1150	5.98415563e+08
0.0950	0.1050	0.1250	6.28201329e+08
0.0950	0.1050	0.1350	9.89220682e+08
0.0950	0.1050	0.1450	6.11498245e+08
0.0950	0.1150	0.1150	7.65599765e+08
0.0950	0.1150	0.1250	5.67068637e+08
0.0950	0.1150	0.1350	6.12777189e+08
0.0950	0.1150	0.1450	6.84437224e+08
0.0950	0.1250	0.1250	7.20987488e+08
0.0950	0.1250	0.1350	7.16740529e+08
0.0950	0.1250	0.1450	3.57350129e+08
0.0950	0.1350	0.1350	4.44304024e+08
0.0950	0.1350	0.1450	5.59011945e+08
0.0950	0.1450	0.1450	9.30895721e+08
0.1050	0.1050	0.1050	1.19601358e+09
0.1050	0.1050	0.1150	6.35814097e+08
0.1050	0.1050	0.1250	4.26854187e+08
0.1050	0.1050	0.1350	2.58632711e+08
0.1050	0.1050	0.1450	7.76287864e+08
0.1050	0.1150	0.1150	1.09170221e+08
0.1050	0.1150	0.1250	5.03352637e+08
0.1050	0.1150	0.1350	8.11802557e+08
0.1050	0.1150	0.1450	3.99237165e+08
0.1050	0.1250	0.1250	9.54149019e+08
0.1050	0.1250	0.1350	6.33040464e+08
0.1050	0.1250	0.1450	4.83253980e+08
0.1050	0.1350	0.1350	2.21467786e+08
0.1050	0.1350	0.1450	5.79580843e+08
0.1050	0.1450	0.1450	3.78750397e+08
0.1150	0.1150	0.1150	5.58905508e+08
0.1150	0.1150	0.1250	6.44116518e+08
0.1150	0.1150	0.1350	3.51838919e+08
0.1150	0.1150	0.1450	5.89404820e+08
0.1150	0.1250	0.1250	6.49131771e+08
0.1150	0.1250	0.1350	4.84713222e+08
0.1150	0.1250	0.1450	5.44082480e+08
0.1150	0.1350	0.1350	5.22123286e+08
0.1150	0.1350	0.1450	4.89875945e+08
0.1150	0.1450	0.1450	2.08723493e+08
0.1250	0.1250	0.1250	5.53642727e+08
0.1250	0.1250	0.1350	5.05001806e+08
0.1250	0.1250	0.1450	6.50269843e+08
0.1250	0.1350	0.1350	7.54284148e+08
0.1250	0.1350	0.1450	3.36162004e+08
0.1250	0.1450	0.1450	6.39437021e+08
0.1350	0.1350	0.1350	3.21101267e+08
0.1350	0.1350	0.1450	3.95556804e+08
0.1350	0.1450	0.1450	4.76847433e+08
0.1450	0.1450	0.1450	5.12903647e+08
