####### Bispectrum of Patchy Simulation 1817 #############
# Patch: sgc
# z-type: z3
# Weights: fkp
# Fiducial Omega_m: 0.310
# Fiducial h: 0.676
# Boxsize: [1000.0, 2600.0, 1500.0]
# Grid: [95, 250, 140]
# k-binning: [0.000, 0.160, 0.010]
# Monte Carlo Simulations: 100
#
# Format: k1 | k2 | k3 | B(k1,k2,k3)
############################################
0.0150	0.0150	0.0150	-4.46414660e+10
0.0150	0.0150	0.0250	-1.43091210e+10
0.0150	0.0150	0.0350	6.86990878e+10
0.0150	0.0250	0.0250	1.47027854e+10
0.0150	0.0250	0.0350	1.20283475e+10
0.0150	0.0250	0.0450	1.77952759e+10
0.0150	0.0350	0.0350	7.70271074e+09
0.0150	0.0350	0.0450	9.60554522e+09
0.0150	0.0350	0.0550	4.05526864e+10
0.0150	0.0450	0.0450	7.70979678e+09
0.0150	0.0450	0.0550	2.36798961e+09
0.0150	0.0450	0.0650	2.22169898e+10
0.0150	0.0550	0.0550	8.56961400e+09
0.0150	0.0550	0.0650	5.29464721e+09
0.0150	0.0550	0.0750	1.01989199e+10
0.0150	0.0650	0.0650	4.07259068e+08
0.0150	0.0650	0.0750	2.44004799e+09
0.0150	0.0650	0.0850	1.03063853e+10
0.0150	0.0750	0.0750	3.60121280e+09
0.0150	0.0750	0.0850	2.30780121e+09
0.0150	0.0750	0.0950	7.62523574e+09
0.0150	0.0850	0.0850	3.82528252e+09
0.0150	0.0850	0.0950	3.67725606e+09
0.0150	0.0850	0.1050	1.34952761e+10
0.0150	0.0950	0.0950	6.54386566e+08
0.0150	0.0950	0.1050	2.42077139e+09
0.0150	0.0950	0.1150	6.38778358e+09
0.0150	0.1050	0.1050	1.94012312e+09
0.0150	0.1050	0.1150	2.60130358e+09
0.0150	0.1050	0.1250	6.40790955e+09
0.0150	0.1150	0.1150	2.30002137e+09
0.0150	0.1150	0.1250	8.74267685e+08
0.0150	0.1150	0.1350	3.23333942e+09
0.0150	0.1250	0.1250	-7.71213766e+08
0.0150	0.1250	0.1350	3.22291344e+09
0.0150	0.1250	0.1450	3.91503569e+09
0.0150	0.1350	0.1350	-3.58838428e+08
0.0150	0.1350	0.1450	1.45340528e+09
0.0150	0.1450	0.1450	-7.95530590e+07
0.0250	0.0250	0.0250	-4.66340178e+10
0.0250	0.0250	0.0350	1.40704835e+09
0.0250	0.0250	0.0450	9.49633093e+09
0.0250	0.0250	0.0550	-1.90380814e+09
0.0250	0.0350	0.0350	8.79397223e+08
0.0250	0.0350	0.0450	3.01180950e+08
0.0250	0.0350	0.0550	8.27639390e+09
0.0250	0.0350	0.0650	1.09272453e+10
0.0250	0.0450	0.0450	8.97281069e+09
0.0250	0.0450	0.0550	7.06273343e+09
0.0250	0.0450	0.0650	5.08767495e+09
0.0250	0.0450	0.0750	6.94725680e+09
0.0250	0.0550	0.0550	-4.56268115e+09
0.0250	0.0550	0.0650	6.36373406e+09
0.0250	0.0550	0.0750	6.03825139e+09
0.0250	0.0550	0.0850	1.49864885e+09
0.0250	0.0650	0.0650	4.57925236e+09
0.0250	0.0650	0.0750	2.22399418e+09
0.0250	0.0650	0.0850	6.42152797e+09
0.0250	0.0650	0.0950	1.44191780e+09
0.0250	0.0750	0.0750	2.43736191e+09
0.0250	0.0750	0.0850	3.67605536e+09
0.0250	0.0750	0.0950	5.16125588e+09
0.0250	0.0750	0.1050	8.24675613e+09
0.0250	0.0850	0.0850	6.12716340e+09
0.0250	0.0850	0.0950	3.84145548e+09
0.0250	0.0850	0.1050	4.26588253e+09
0.0250	0.0850	0.1150	1.62210078e+09
0.0250	0.0950	0.0950	2.35023320e+09
0.0250	0.0950	0.1050	1.04683499e+09
0.0250	0.0950	0.1150	2.06900896e+09
0.0250	0.0950	0.1250	1.87996215e+09
0.0250	0.1050	0.1050	8.84387508e+08
0.0250	0.1050	0.1150	1.64320127e+09
0.0250	0.1050	0.1250	1.61199730e+09
0.0250	0.1050	0.1350	2.42668901e+09
0.0250	0.1150	0.1150	1.00125104e+09
0.0250	0.1150	0.1250	3.19520177e+09
0.0250	0.1150	0.1350	2.07546890e+09
0.0250	0.1150	0.1450	2.04794262e+09
0.0250	0.1250	0.1250	2.43853609e+09
0.0250	0.1250	0.1350	1.20418006e+09
0.0250	0.1250	0.1450	1.97711562e+09
0.0250	0.1350	0.1350	1.89552160e+09
0.0250	0.1350	0.1450	2.47762108e+09
0.0250	0.1450	0.1450	2.68247734e+09
0.0350	0.0350	0.0350	2.46130544e+09
0.0350	0.0350	0.0450	9.74441752e+08
0.0350	0.0350	0.0550	3.94229746e+09
0.0350	0.0350	0.0650	3.23615649e+09
0.0350	0.0350	0.0750	8.37039551e+09
0.0350	0.0450	0.0450	4.05782025e+09
0.0350	0.0450	0.0550	9.27848250e+07
0.0350	0.0450	0.0650	2.31532160e+09
0.0350	0.0450	0.0750	3.22284261e+09
0.0350	0.0450	0.0850	2.85158689e+09
0.0350	0.0550	0.0550	9.00512220e+09
0.0350	0.0550	0.0650	3.66165861e+09
0.0350	0.0550	0.0750	2.61898978e+09
0.0350	0.0550	0.0850	4.14743984e+09
0.0350	0.0550	0.0950	2.90913709e+09
0.0350	0.0650	0.0650	3.90374434e+09
0.0350	0.0650	0.0750	2.64307024e+09
0.0350	0.0650	0.0850	1.81544024e+09
0.0350	0.0650	0.0950	4.52282560e+09
0.0350	0.0650	0.1050	6.42653644e+09
0.0350	0.0750	0.0750	2.05701763e+09
0.0350	0.0750	0.0850	1.68841943e+09
0.0350	0.0750	0.0950	2.85786078e+09
0.0350	0.0750	0.1050	1.98300513e+09
0.0350	0.0750	0.1150	4.81153380e+09
0.0350	0.0850	0.0850	4.27762034e+09
0.0350	0.0850	0.0950	1.36353577e+09
0.0350	0.0850	0.1050	2.83314572e+09
0.0350	0.0850	0.1150	3.10378457e+09
0.0350	0.0850	0.1250	4.15856183e+09
0.0350	0.0950	0.0950	1.21582902e+09
0.0350	0.0950	0.1050	2.08905866e+09
0.0350	0.0950	0.1150	2.32322102e+09
0.0350	0.0950	0.1250	2.51832779e+09
0.0350	0.0950	0.1350	1.85831296e+09
0.0350	0.1050	0.1050	1.76442769e+09
0.0350	0.1050	0.1150	7.54133401e+08
0.0350	0.1050	0.1250	1.59064283e+09
0.0350	0.1050	0.1350	1.20790276e+09
0.0350	0.1050	0.1450	3.23328534e+09
0.0350	0.1150	0.1150	1.75068390e+09
0.0350	0.1150	0.1250	1.23404826e+09
0.0350	0.1150	0.1350	1.19011174e+09
0.0350	0.1150	0.1450	2.09165728e+09
0.0350	0.1250	0.1250	9.57398164e+07
0.0350	0.1250	0.1350	1.68985348e+09
0.0350	0.1250	0.1450	1.34880125e+09
0.0350	0.1350	0.1350	1.65450551e+09
0.0350	0.1350	0.1450	1.38490555e+09
0.0350	0.1450	0.1450	2.66446362e+08
0.0450	0.0450	0.0450	9.18330165e+09
0.0450	0.0450	0.0550	5.47801091e+09
0.0450	0.0450	0.0650	5.44051061e+09
0.0450	0.0450	0.0750	3.90207169e+09
0.0450	0.0450	0.0850	4.39430384e+09
0.0450	0.0450	0.0950	1.22138027e+09
0.0450	0.0550	0.0550	1.87177586e+09
0.0450	0.0550	0.0650	-7.18202984e+08
0.0450	0.0550	0.0750	2.88196498e+09
0.0450	0.0550	0.0850	3.68438428e+09
0.0450	0.0550	0.0950	3.43643122e+09
0.0450	0.0550	0.1050	3.12763801e+09
0.0450	0.0650	0.0650	-2.41527057e+08
0.0450	0.0650	0.0750	2.20126786e+09
0.0450	0.0650	0.0850	3.07637554e+09
0.0450	0.0650	0.0950	2.89467143e+09
0.0450	0.0650	0.1050	2.34079215e+09
0.0450	0.0650	0.1150	4.94205005e+09
0.0450	0.0750	0.0750	1.93596548e+09
0.0450	0.0750	0.0850	2.10737312e+09
0.0450	0.0750	0.0950	6.45787211e+08
0.0450	0.0750	0.1050	2.41210585e+09
0.0450	0.0750	0.1150	2.29712649e+09
0.0450	0.0750	0.1250	1.36987937e+09
0.0450	0.0850	0.0850	2.32355438e+09
0.0450	0.0850	0.0950	1.17478179e+09
0.0450	0.0850	0.1050	1.20854955e+09
0.0450	0.0850	0.1150	1.89060466e+09
0.0450	0.0850	0.1250	1.81202236e+09
0.0450	0.0850	0.1350	1.40823164e+09
0.0450	0.0950	0.0950	3.23326969e+08
0.0450	0.0950	0.1050	1.44991885e+09
0.0450	0.0950	0.1150	1.24865900e+09
0.0450	0.0950	0.1250	1.31483483e+09
0.0450	0.0950	0.1350	1.38768143e+09
0.0450	0.0950	0.1450	2.16976203e+09
0.0450	0.1050	0.1050	9.67710624e+08
0.0450	0.1050	0.1150	9.33817959e+08
0.0450	0.1050	0.1250	1.15022676e+09
0.0450	0.1050	0.1350	1.08806864e+09
0.0450	0.1050	0.1450	1.58652409e+09
0.0450	0.1150	0.1150	8.84069246e+08
0.0450	0.1150	0.1250	9.42170829e+08
0.0450	0.1150	0.1350	1.41122689e+09
0.0450	0.1150	0.1450	1.08343836e+09
0.0450	0.1250	0.1250	1.72899448e+09
0.0450	0.1250	0.1350	8.63453013e+08
0.0450	0.1250	0.1450	1.36438793e+09
0.0450	0.1350	0.1350	1.00350502e+09
0.0450	0.1350	0.1450	9.60988101e+08
0.0450	0.1450	0.1450	4.52378473e+08
0.0550	0.0550	0.0550	8.00075618e+09
0.0550	0.0550	0.0650	4.27986995e+09
0.0550	0.0550	0.0750	2.63953607e+09
0.0550	0.0550	0.0850	2.24897746e+09
0.0550	0.0550	0.0950	2.98474746e+09
0.0550	0.0550	0.1050	2.75468572e+09
0.0550	0.0550	0.1150	3.61494912e+09
0.0550	0.0650	0.0650	6.40723516e+08
0.0550	0.0650	0.0750	2.23034335e+09
0.0550	0.0650	0.0850	2.82203649e+09
0.0550	0.0650	0.0950	2.04056576e+09
0.0550	0.0650	0.1050	2.93646358e+09
0.0550	0.0650	0.1150	2.41529223e+09
0.0550	0.0650	0.1250	2.99060306e+08
0.0550	0.0750	0.0750	1.88745506e+09
0.0550	0.0750	0.0850	1.19691677e+09
0.0550	0.0750	0.0950	2.08169447e+09
0.0550	0.0750	0.1050	2.88112273e+09
0.0550	0.0750	0.1150	1.73970768e+09
0.0550	0.0750	0.1250	2.10316780e+09
0.0550	0.0750	0.1350	2.92796020e+09
0.0550	0.0850	0.0850	1.02766598e+09
0.0550	0.0850	0.0950	1.91089418e+09
0.0550	0.0850	0.1050	8.67739220e+08
0.0550	0.0850	0.1150	1.68310932e+09
0.0550	0.0850	0.1250	1.77656739e+09
0.0550	0.0850	0.1350	1.87681546e+09
0.0550	0.0850	0.1450	3.67876630e+09
0.0550	0.0950	0.0950	2.40609115e+09
0.0550	0.0950	0.1050	1.75156733e+09
0.0550	0.0950	0.1150	1.11468789e+09
0.0550	0.0950	0.1250	1.05146567e+09
0.0550	0.0950	0.1350	1.11034252e+09
0.0550	0.0950	0.1450	1.24534349e+09
0.0550	0.1050	0.1050	1.47929460e+09
0.0550	0.1050	0.1150	9.69968269e+08
0.0550	0.1050	0.1250	8.63472821e+08
0.0550	0.1050	0.1350	1.08353678e+09
0.0550	0.1050	0.1450	1.00043503e+09
0.0550	0.1150	0.1150	9.28845571e+08
0.0550	0.1150	0.1250	1.33235187e+09
0.0550	0.1150	0.1350	1.20528877e+09
0.0550	0.1150	0.1450	1.10481392e+09
0.0550	0.1250	0.1250	1.10825377e+09
0.0550	0.1250	0.1350	8.03474121e+08
0.0550	0.1250	0.1450	7.72253252e+08
0.0550	0.1350	0.1350	7.02614057e+08
0.0550	0.1350	0.1450	4.52641469e+08
0.0550	0.1450	0.1450	8.30198072e+08
0.0650	0.0650	0.0650	1.30262642e+09
0.0650	0.0650	0.0750	1.38910376e+09
0.0650	0.0650	0.0850	1.19237064e+09
0.0650	0.0650	0.0950	2.10719164e+09
0.0650	0.0650	0.1050	1.12284574e+09
0.0650	0.0650	0.1150	1.84105668e+09
0.0650	0.0650	0.1250	1.85841449e+09
0.0650	0.0650	0.1350	2.25296060e+09
0.0650	0.0750	0.0750	1.47912785e+09
0.0650	0.0750	0.0850	1.43354501e+09
0.0650	0.0750	0.0950	1.51143528e+09
0.0650	0.0750	0.1050	1.39876088e+09
0.0650	0.0750	0.1150	1.63431152e+09
0.0650	0.0750	0.1250	1.48698992e+09
0.0650	0.0750	0.1350	1.77327821e+09
0.0650	0.0750	0.1450	1.95084590e+09
0.0650	0.0850	0.0850	3.24307782e+09
0.0650	0.0850	0.0950	1.07864840e+09
0.0650	0.0850	0.1050	1.78537035e+09
0.0650	0.0850	0.1150	2.10605023e+09
0.0650	0.0850	0.1250	1.57196478e+09
0.0650	0.0850	0.1350	1.61909036e+09
0.0650	0.0850	0.1450	1.90525111e+09
0.0650	0.0950	0.0950	1.03519378e+09
0.0650	0.0950	0.1050	1.66201079e+09
0.0650	0.0950	0.1150	7.94524624e+08
0.0650	0.0950	0.1250	1.00864995e+09
0.0650	0.0950	0.1350	1.70318472e+09
0.0650	0.0950	0.1450	1.64615267e+09
0.0650	0.1050	0.1050	6.40076056e+08
0.0650	0.1050	0.1150	1.07352207e+09
0.0650	0.1050	0.1250	1.28775794e+09
0.0650	0.1050	0.1350	1.23172873e+09
0.0650	0.1050	0.1450	1.19173386e+09
0.0650	0.1150	0.1150	1.35699897e+09
0.0650	0.1150	0.1250	5.42342368e+08
0.0650	0.1150	0.1350	1.29818950e+09
0.0650	0.1150	0.1450	5.90586617e+08
0.0650	0.1250	0.1250	7.79996024e+08
0.0650	0.1250	0.1350	7.50660452e+08
0.0650	0.1250	0.1450	8.43098413e+08
0.0650	0.1350	0.1350	1.22433388e+09
0.0650	0.1350	0.1450	9.73212479e+08
0.0650	0.1450	0.1450	5.40631930e+08
0.0750	0.0750	0.0750	-4.49201809e+08
0.0750	0.0750	0.0850	1.74067757e+09
0.0750	0.0750	0.0950	5.23355689e+08
0.0750	0.0750	0.1050	1.32136843e+09
0.0750	0.0750	0.1150	2.75336638e+09
0.0750	0.0750	0.1250	1.05132704e+09
0.0750	0.0750	0.1350	2.73419818e+09
0.0750	0.0750	0.1450	1.41568116e+09
0.0750	0.0850	0.0850	1.22890197e+09
0.0750	0.0850	0.0950	9.58795176e+08
0.0750	0.0850	0.1050	1.04268442e+09
0.0750	0.0850	0.1150	1.25350922e+09
0.0750	0.0850	0.1250	1.39161163e+09
0.0750	0.0850	0.1350	1.00334397e+09
0.0750	0.0850	0.1450	1.31225050e+09
0.0750	0.0950	0.0950	1.81689983e+09
0.0750	0.0950	0.1050	9.21805532e+08
0.0750	0.0950	0.1150	1.11066600e+09
0.0750	0.0950	0.1250	5.37769217e+08
0.0750	0.0950	0.1350	1.42677042e+09
0.0750	0.0950	0.1450	1.22979686e+09
0.0750	0.1050	0.1050	1.04897846e+09
0.0750	0.1050	0.1150	9.69707638e+08
0.0750	0.1050	0.1250	7.27546379e+08
0.0750	0.1050	0.1350	9.33243829e+08
0.0750	0.1050	0.1450	3.98245610e+08
0.0750	0.1150	0.1150	6.60645455e+08
0.0750	0.1150	0.1250	1.20497046e+09
0.0750	0.1150	0.1350	6.61133760e+08
0.0750	0.1150	0.1450	1.02921239e+09
0.0750	0.1250	0.1250	3.16399989e+08
0.0750	0.1250	0.1350	1.05158246e+09
0.0750	0.1250	0.1450	7.12510359e+08
0.0750	0.1350	0.1350	7.69203342e+08
0.0750	0.1350	0.1450	5.57616439e+08
0.0750	0.1450	0.1450	8.10449422e+08
0.0850	0.0850	0.0850	2.96587116e+09
0.0850	0.0850	0.0950	1.28313277e+09
0.0850	0.0850	0.1050	1.59971682e+09
0.0850	0.0850	0.1150	1.05127812e+09
0.0850	0.0850	0.1250	7.04208347e+08
0.0850	0.0850	0.1350	1.01370046e+09
0.0850	0.0850	0.1450	7.70226107e+08
0.0850	0.0950	0.0950	5.97330652e+08
0.0850	0.0950	0.1050	1.27497255e+09
0.0850	0.0950	0.1150	1.01187793e+09
0.0850	0.0950	0.1250	8.11864265e+08
0.0850	0.0950	0.1350	7.54790178e+08
0.0850	0.0950	0.1450	8.52537941e+08
0.0850	0.1050	0.1050	4.70719174e+08
0.0850	0.1050	0.1150	1.10585213e+09
0.0850	0.1050	0.1250	1.09094096e+09
0.0850	0.1050	0.1350	1.21132999e+09
0.0850	0.1050	0.1450	9.38787925e+08
0.0850	0.1150	0.1150	4.28834040e+08
0.0850	0.1150	0.1250	7.09149038e+08
0.0850	0.1150	0.1350	7.77855591e+08
0.0850	0.1150	0.1450	6.85500067e+08
0.0850	0.1250	0.1250	6.82101856e+08
0.0850	0.1250	0.1350	5.70158008e+08
0.0850	0.1250	0.1450	6.57935650e+08
0.0850	0.1350	0.1350	5.95085319e+08
0.0850	0.1350	0.1450	7.11985696e+08
0.0850	0.1450	0.1450	4.95649671e+08
0.0950	0.0950	0.0950	9.04861041e+08
0.0950	0.0950	0.1050	7.62137702e+08
0.0950	0.0950	0.1150	5.46639400e+08
0.0950	0.0950	0.1250	6.77714654e+08
0.0950	0.0950	0.1350	1.10722645e+09
0.0950	0.0950	0.1450	6.46253378e+08
0.0950	0.1050	0.1050	1.30318796e+08
0.0950	0.1050	0.1150	8.27694003e+08
0.0950	0.1050	0.1250	5.20168545e+08
0.0950	0.1050	0.1350	6.18505213e+08
0.0950	0.1050	0.1450	6.75125099e+08
0.0950	0.1150	0.1150	4.15589592e+08
0.0950	0.1150	0.1250	8.53304011e+08
0.0950	0.1150	0.1350	6.19588720e+08
0.0950	0.1150	0.1450	7.50147942e+08
0.0950	0.1250	0.1250	5.69131058e+08
0.0950	0.1250	0.1350	7.60390354e+08
0.0950	0.1250	0.1450	5.88311547e+08
0.0950	0.1350	0.1350	6.29826794e+08
0.0950	0.1350	0.1450	5.71534117e+08
0.0950	0.1450	0.1450	3.03267645e+08
0.1050	0.1050	0.1050	8.64608740e+08
0.1050	0.1050	0.1150	5.21482548e+08
0.1050	0.1050	0.1250	3.52493554e+08
0.1050	0.1050	0.1350	4.37335528e+08
0.1050	0.1050	0.1450	8.76633990e+08
0.1050	0.1150	0.1150	6.25286648e+08
0.1050	0.1150	0.1250	8.13048974e+08
0.1050	0.1150	0.1350	5.98918592e+08
0.1050	0.1150	0.1450	5.24512003e+08
0.1050	0.1250	0.1250	3.82096567e+08
0.1050	0.1250	0.1350	3.85997907e+08
0.1050	0.1250	0.1450	6.53776742e+08
0.1050	0.1350	0.1350	5.66706416e+08
0.1050	0.1350	0.1450	5.71905599e+08
0.1050	0.1450	0.1450	7.43249641e+08
0.1150	0.1150	0.1150	6.61154896e+08
0.1150	0.1150	0.1250	5.95632820e+08
0.1150	0.1150	0.1350	7.16617563e+08
0.1150	0.1150	0.1450	7.85323952e+08
0.1150	0.1250	0.1250	3.85352250e+08
0.1150	0.1250	0.1350	6.15455743e+08
0.1150	0.1250	0.1450	3.38244796e+08
0.1150	0.1350	0.1350	4.75932653e+08
0.1150	0.1350	0.1450	5.17362870e+08
0.1150	0.1450	0.1450	2.25631811e+08
0.1250	0.1250	0.1250	8.81778710e+08
0.1250	0.1250	0.1350	4.41675087e+08
0.1250	0.1250	0.1450	5.10633710e+08
0.1250	0.1350	0.1350	7.13205085e+08
0.1250	0.1350	0.1450	2.82001028e+08
0.1250	0.1450	0.1450	7.63942603e+08
0.1350	0.1350	0.1350	5.39664866e+08
0.1350	0.1350	0.1450	5.18737484e+08
0.1350	0.1450	0.1450	3.82037567e+08
0.1450	0.1450	0.1450	4.38511445e+08
