####### Bispectrum of Patchy Simulation 1042 #############
# Patch: ngc
# z-type: z1
# Weights: fkp
# Fiducial Omega_m: 0.310
# Fiducial h: 0.676
# Boxsize: [1350.0, 2450.0, 1400.0]
# Grid: [126, 230, 130]
# k-binning: [0.000, 0.160, 0.010]
# Monte Carlo Simulations: 100
#
# Format: k1 | k2 | k3 | B(k1,k2,k3)
############################################
0.0150	0.0150	0.0150	2.82510383e+10
0.0150	0.0150	0.0250	4.06496164e+09
0.0150	0.0150	0.0350	1.03647774e+10
0.0150	0.0250	0.0250	1.33679808e+10
0.0150	0.0250	0.0350	4.42719814e+09
0.0150	0.0250	0.0450	1.16497469e+10
0.0150	0.0350	0.0350	4.70088300e+09
0.0150	0.0350	0.0450	1.66720429e+10
0.0150	0.0350	0.0550	1.47079515e+10
0.0150	0.0450	0.0450	2.52673372e+09
0.0150	0.0450	0.0550	1.16822007e+10
0.0150	0.0450	0.0650	4.83755316e+09
0.0150	0.0550	0.0550	3.73744047e+09
0.0150	0.0550	0.0650	6.76807074e+09
0.0150	0.0550	0.0750	1.15396021e+10
0.0150	0.0650	0.0650	2.19276887e+09
0.0150	0.0650	0.0750	6.64533148e+09
0.0150	0.0650	0.0850	2.84497490e+09
0.0150	0.0750	0.0750	5.35891357e+09
0.0150	0.0750	0.0850	4.04018879e+09
0.0150	0.0750	0.0950	5.73057466e+09
0.0150	0.0850	0.0850	1.34466851e+09
0.0150	0.0850	0.0950	3.63044680e+09
0.0150	0.0850	0.1050	6.14154617e+09
0.0150	0.0950	0.0950	2.21212837e+09
0.0150	0.0950	0.1050	4.34651472e+09
0.0150	0.0950	0.1150	4.59682439e+09
0.0150	0.1050	0.1050	1.86548917e+09
0.0150	0.1050	0.1150	2.57847005e+09
0.0150	0.1050	0.1250	2.79617822e+09
0.0150	0.1150	0.1150	1.23403788e+09
0.0150	0.1150	0.1250	1.82845224e+09
0.0150	0.1150	0.1350	1.77688479e+09
0.0150	0.1250	0.1250	9.41711785e+08
0.0150	0.1250	0.1350	2.23346088e+09
0.0150	0.1250	0.1450	1.71537694e+09
0.0150	0.1350	0.1350	1.05915283e+09
0.0150	0.1350	0.1450	2.76867076e+09
0.0150	0.1450	0.1450	1.33426211e+09
0.0250	0.0250	0.0250	-1.38300984e+10
0.0250	0.0250	0.0350	1.09842545e+10
0.0250	0.0250	0.0450	1.33135949e+10
0.0250	0.0250	0.0550	1.17626417e+10
0.0250	0.0350	0.0350	3.97509732e+09
0.0250	0.0350	0.0450	3.07220735e+09
0.0250	0.0350	0.0550	6.81775470e+09
0.0250	0.0350	0.0650	5.68498951e+09
0.0250	0.0450	0.0450	5.92808724e+09
0.0250	0.0450	0.0550	6.52301790e+09
0.0250	0.0450	0.0650	4.24641596e+09
0.0250	0.0450	0.0750	-5.51424268e+08
0.0250	0.0550	0.0550	2.28631540e+09
0.0250	0.0550	0.0650	3.45188620e+09
0.0250	0.0550	0.0750	3.31726174e+09
0.0250	0.0550	0.0850	5.19846762e+09
0.0250	0.0650	0.0650	3.19227151e+09
0.0250	0.0650	0.0750	4.70787026e+09
0.0250	0.0650	0.0850	4.37462298e+09
0.0250	0.0650	0.0950	2.24406567e+09
0.0250	0.0750	0.0750	2.55309091e+09
0.0250	0.0750	0.0850	3.05909141e+09
0.0250	0.0750	0.0950	3.60558223e+09
0.0250	0.0750	0.1050	5.89824759e+08
0.0250	0.0850	0.0850	2.52928512e+09
0.0250	0.0850	0.0950	2.05550262e+09
0.0250	0.0850	0.1050	4.76881541e+09
0.0250	0.0850	0.1150	3.06772266e+09
0.0250	0.0950	0.0950	2.65193631e+09
0.0250	0.0950	0.1050	2.00416827e+09
0.0250	0.0950	0.1150	1.36311542e+09
0.0250	0.0950	0.1250	4.82552327e+09
0.0250	0.1050	0.1050	2.10365209e+09
0.0250	0.1050	0.1150	2.03374244e+09
0.0250	0.1050	0.1250	2.15769626e+09
0.0250	0.1050	0.1350	3.57629641e+09
0.0250	0.1150	0.1150	1.27860753e+09
0.0250	0.1150	0.1250	1.44214977e+09
0.0250	0.1150	0.1350	2.46341172e+09
0.0250	0.1150	0.1450	1.56032171e+09
0.0250	0.1250	0.1250	1.77731244e+09
0.0250	0.1250	0.1350	1.69308686e+09
0.0250	0.1250	0.1450	2.11556344e+09
0.0250	0.1350	0.1350	1.09256305e+09
0.0250	0.1350	0.1450	1.18614118e+09
0.0250	0.1450	0.1450	1.38799812e+09
0.0350	0.0350	0.0350	-7.29871940e+09
0.0350	0.0350	0.0450	3.20706094e+09
0.0350	0.0350	0.0550	1.01093720e+10
0.0350	0.0350	0.0650	3.75277620e+09
0.0350	0.0350	0.0750	7.06170829e+09
0.0350	0.0450	0.0450	1.10027642e+09
0.0350	0.0450	0.0550	3.25429038e+09
0.0350	0.0450	0.0650	5.01143905e+09
0.0350	0.0450	0.0750	3.47233537e+09
0.0350	0.0450	0.0850	4.08154130e+09
0.0350	0.0550	0.0550	7.22034010e+08
0.0350	0.0550	0.0650	3.25647580e+09
0.0350	0.0550	0.0750	4.06663493e+09
0.0350	0.0550	0.0850	5.80856273e+09
0.0350	0.0550	0.0950	7.42598952e+09
0.0350	0.0650	0.0650	3.51577067e+09
0.0350	0.0650	0.0750	3.13388323e+09
0.0350	0.0650	0.0850	3.17088649e+09
0.0350	0.0650	0.0950	3.75136026e+09
0.0350	0.0650	0.1050	4.74458487e+09
0.0350	0.0750	0.0750	2.55730138e+09
0.0350	0.0750	0.0850	2.96756653e+09
0.0350	0.0750	0.0950	3.19795728e+09
0.0350	0.0750	0.1050	4.24097421e+09
0.0350	0.0750	0.1150	3.44881092e+09
0.0350	0.0850	0.0850	1.70562954e+09
0.0350	0.0850	0.0950	1.82578820e+09
0.0350	0.0850	0.1050	2.54078786e+09
0.0350	0.0850	0.1150	3.11364562e+09
0.0350	0.0850	0.1250	2.67612508e+09
0.0350	0.0950	0.0950	2.29175338e+09
0.0350	0.0950	0.1050	1.61441499e+09
0.0350	0.0950	0.1150	2.23393482e+09
0.0350	0.0950	0.1250	2.43440401e+09
0.0350	0.0950	0.1350	2.72649183e+09
0.0350	0.1050	0.1050	1.38138747e+09
0.0350	0.1050	0.1150	1.59559763e+09
0.0350	0.1050	0.1250	1.77518614e+09
0.0350	0.1050	0.1350	2.35338540e+09
0.0350	0.1050	0.1450	2.32566111e+09
0.0350	0.1150	0.1150	1.38494694e+09
0.0350	0.1150	0.1250	1.37670858e+09
0.0350	0.1150	0.1350	1.71941792e+09
0.0350	0.1150	0.1450	1.68901117e+09
0.0350	0.1250	0.1250	1.51334563e+09
0.0350	0.1250	0.1350	1.48327320e+09
0.0350	0.1250	0.1450	1.53919016e+09
0.0350	0.1350	0.1350	1.31861617e+09
0.0350	0.1350	0.1450	1.23810425e+09
0.0350	0.1450	0.1450	9.00017223e+08
0.0450	0.0450	0.0450	2.13543901e+09
0.0450	0.0450	0.0550	4.97702848e+09
0.0450	0.0450	0.0650	1.38634357e+09
0.0450	0.0450	0.0750	3.21104344e+09
0.0450	0.0450	0.0850	5.02452837e+09
0.0450	0.0450	0.0950	2.66813939e+09
0.0450	0.0550	0.0550	3.75188693e+09
0.0450	0.0550	0.0650	2.64304932e+09
0.0450	0.0550	0.0750	2.52129843e+09
0.0450	0.0550	0.0850	2.95138665e+09
0.0450	0.0550	0.0950	2.89123933e+09
0.0450	0.0550	0.1050	1.58446440e+09
0.0450	0.0650	0.0650	1.73768458e+09
0.0450	0.0650	0.0750	1.91867377e+09
0.0450	0.0650	0.0850	2.91070965e+09
0.0450	0.0650	0.0950	2.28039920e+09
0.0450	0.0650	0.1050	2.84034325e+09
0.0450	0.0650	0.1150	2.52364901e+09
0.0450	0.0750	0.0750	2.39551144e+09
0.0450	0.0750	0.0850	2.36850466e+09
0.0450	0.0750	0.0950	1.42610693e+09
0.0450	0.0750	0.1050	1.42829504e+09
0.0450	0.0750	0.1150	1.93264500e+09
0.0450	0.0750	0.1250	2.93023107e+09
0.0450	0.0850	0.0850	1.01095157e+09
0.0450	0.0850	0.0950	2.52159339e+09
0.0450	0.0850	0.1050	2.10637729e+09
0.0450	0.0850	0.1150	1.94232859e+09
0.0450	0.0850	0.1250	2.37121318e+09
0.0450	0.0850	0.1350	2.41884193e+09
0.0450	0.0950	0.0950	1.35898756e+09
0.0450	0.0950	0.1050	1.22832603e+09
0.0450	0.0950	0.1150	1.38493646e+09
0.0450	0.0950	0.1250	1.30674275e+09
0.0450	0.0950	0.1350	1.74312529e+09
0.0450	0.0950	0.1450	1.75872608e+09
0.0450	0.1050	0.1050	1.27036382e+09
0.0450	0.1050	0.1150	1.23783664e+09
0.0450	0.1050	0.1250	1.26106425e+09
0.0450	0.1050	0.1350	1.26650958e+09
0.0450	0.1050	0.1450	1.57987900e+09
0.0450	0.1150	0.1150	1.19732185e+09
0.0450	0.1150	0.1250	9.73598969e+08
0.0450	0.1150	0.1350	7.13108069e+08
0.0450	0.1150	0.1450	1.19893250e+09
0.0450	0.1250	0.1250	1.27590222e+09
0.0450	0.1250	0.1350	1.21535435e+09
0.0450	0.1250	0.1450	8.36626054e+08
0.0450	0.1350	0.1350	8.46766828e+08
0.0450	0.1350	0.1450	5.86007894e+08
0.0450	0.1450	0.1450	1.18433122e+09
0.0550	0.0550	0.0550	2.17263085e+08
0.0550	0.0550	0.0650	2.18068549e+09
0.0550	0.0550	0.0750	4.41219728e+09
0.0550	0.0550	0.0850	2.08412071e+09
0.0550	0.0550	0.0950	3.07002681e+09
0.0550	0.0550	0.1050	2.96029605e+09
0.0550	0.0550	0.1150	9.93482510e+08
0.0550	0.0650	0.0650	1.88693180e+09
0.0550	0.0650	0.0750	1.93927344e+09
0.0550	0.0650	0.0850	9.80651246e+08
0.0550	0.0650	0.0950	2.52113609e+09
0.0550	0.0650	0.1050	1.70676252e+09
0.0550	0.0650	0.1150	2.11985783e+09
0.0550	0.0650	0.1250	3.19891330e+09
0.0550	0.0750	0.0750	1.70930216e+09
0.0550	0.0750	0.0850	1.60640620e+09
0.0550	0.0750	0.0950	1.79986656e+09
0.0550	0.0750	0.1050	2.06905818e+09
0.0550	0.0750	0.1150	2.54309528e+09
0.0550	0.0750	0.1250	2.21904753e+09
0.0550	0.0750	0.1350	2.84074951e+09
0.0550	0.0850	0.0850	1.79720371e+09
0.0550	0.0850	0.0950	1.15403985e+09
0.0550	0.0850	0.1050	1.59982108e+09
0.0550	0.0850	0.1150	1.47664948e+09
0.0550	0.0850	0.1250	1.96718975e+09
0.0550	0.0850	0.1350	2.10848558e+09
0.0550	0.0850	0.1450	1.92247694e+09
0.0550	0.0950	0.0950	8.11198372e+08
0.0550	0.0950	0.1050	7.98633357e+08
0.0550	0.0950	0.1150	1.37448303e+09
0.0550	0.0950	0.1250	1.29825880e+09
0.0550	0.0950	0.1350	1.59199092e+09
0.0550	0.0950	0.1450	1.54038671e+09
0.0550	0.1050	0.1050	1.27423193e+09
0.0550	0.1050	0.1150	6.15809315e+08
0.0550	0.1050	0.1250	9.15658333e+08
0.0550	0.1050	0.1350	1.07638031e+09
0.0550	0.1050	0.1450	1.44580987e+09
0.0550	0.1150	0.1150	7.39799513e+08
0.0550	0.1150	0.1250	7.08306262e+08
0.0550	0.1150	0.1350	1.23507746e+09
0.0550	0.1150	0.1450	1.16905269e+09
0.0550	0.1250	0.1250	1.20797440e+09
0.0550	0.1250	0.1350	9.13697507e+08
0.0550	0.1250	0.1450	8.24202431e+08
0.0550	0.1350	0.1350	7.76146288e+08
0.0550	0.1350	0.1450	8.14730477e+08
0.0550	0.1450	0.1450	6.95791078e+08
0.0650	0.0650	0.0650	3.40991106e+09
0.0650	0.0650	0.0750	1.19420990e+09
0.0650	0.0650	0.0850	1.60221426e+09
0.0650	0.0650	0.0950	1.62375948e+09
0.0650	0.0650	0.1050	1.39891701e+09
0.0650	0.0650	0.1150	1.83637720e+09
0.0650	0.0650	0.1250	1.84388654e+09
0.0650	0.0650	0.1350	1.29492620e+09
0.0650	0.0750	0.0750	7.99417371e+08
0.0650	0.0750	0.0850	1.58725420e+09
0.0650	0.0750	0.0950	1.00474107e+09
0.0650	0.0750	0.1050	1.72395306e+09
0.0650	0.0750	0.1150	1.41061484e+09
0.0650	0.0750	0.1250	1.67804591e+09
0.0650	0.0750	0.1350	1.72996503e+09
0.0650	0.0750	0.1450	2.15944344e+09
0.0650	0.0850	0.0850	1.34866429e+09
0.0650	0.0850	0.0950	1.22464012e+09
0.0650	0.0850	0.1050	1.04676303e+09
0.0650	0.0850	0.1150	1.30006577e+09
0.0650	0.0850	0.1250	1.51120013e+09
0.0650	0.0850	0.1350	1.20475819e+09
0.0650	0.0850	0.1450	1.73910757e+09
0.0650	0.0950	0.0950	1.11783792e+09
0.0650	0.0950	0.1050	1.01472327e+09
0.0650	0.0950	0.1150	8.09700071e+08
0.0650	0.0950	0.1250	9.22687822e+08
0.0650	0.0950	0.1350	9.83347131e+08
0.0650	0.0950	0.1450	1.05356869e+09
0.0650	0.1050	0.1050	1.14488642e+09
0.0650	0.1050	0.1150	9.87570688e+08
0.0650	0.1050	0.1250	1.02068831e+09
0.0650	0.1050	0.1350	8.10514194e+08
0.0650	0.1050	0.1450	1.06690189e+09
0.0650	0.1150	0.1150	7.30364715e+08
0.0650	0.1150	0.1250	5.43672013e+08
0.0650	0.1150	0.1350	8.78923271e+08
0.0650	0.1150	0.1450	7.72547778e+08
0.0650	0.1250	0.1250	9.03451224e+08
0.0650	0.1250	0.1350	6.83914447e+08
0.0650	0.1250	0.1450	7.83486139e+08
0.0650	0.1350	0.1350	8.15305823e+08
0.0650	0.1350	0.1450	5.48068452e+08
0.0650	0.1450	0.1450	7.73190822e+08
0.0750	0.0750	0.0750	2.57862962e+09
0.0750	0.0750	0.0850	1.30632006e+09
0.0750	0.0750	0.0950	1.09264661e+09
0.0750	0.0750	0.1050	1.11618396e+09
0.0750	0.0750	0.1150	1.05137226e+09
0.0750	0.0750	0.1250	1.77544153e+09
0.0750	0.0750	0.1350	1.51511853e+09
0.0750	0.0750	0.1450	1.77416523e+09
0.0750	0.0850	0.0850	1.51610509e+09
0.0750	0.0850	0.0950	1.04195948e+09
0.0750	0.0850	0.1050	6.92212193e+08
0.0750	0.0850	0.1150	1.02746007e+09
0.0750	0.0850	0.1250	1.14452050e+09
0.0750	0.0850	0.1350	1.31784938e+09
0.0750	0.0850	0.1450	1.41919827e+09
0.0750	0.0950	0.0950	3.52797372e+08
0.0750	0.0950	0.1050	1.02308642e+09
0.0750	0.0950	0.1150	9.21677473e+08
0.0750	0.0950	0.1250	7.76182926e+08
0.0750	0.0950	0.1350	9.33691548e+08
0.0750	0.0950	0.1450	1.20324682e+09
0.0750	0.1050	0.1050	6.60674466e+08
0.0750	0.1050	0.1150	6.92727341e+08
0.0750	0.1050	0.1250	6.89458374e+08
0.0750	0.1050	0.1350	8.61950936e+08
0.0750	0.1050	0.1450	7.99026038e+08
0.0750	0.1150	0.1150	6.86909534e+08
0.0750	0.1150	0.1250	7.96588041e+08
0.0750	0.1150	0.1350	7.88039994e+08
0.0750	0.1150	0.1450	6.62081757e+08
0.0750	0.1250	0.1250	6.71383622e+08
0.0750	0.1250	0.1350	6.45021533e+08
0.0750	0.1250	0.1450	6.79386164e+08
0.0750	0.1350	0.1350	4.23125799e+08
0.0750	0.1350	0.1450	6.00047929e+08
0.0750	0.1450	0.1450	6.37864537e+08
0.0850	0.0850	0.0850	7.19504473e+08
0.0850	0.0850	0.0950	1.28192404e+09
0.0850	0.0850	0.1050	6.28194896e+08
0.0850	0.0850	0.1150	1.30319003e+09
0.0850	0.0850	0.1250	1.08969683e+09
0.0850	0.0850	0.1350	7.51828445e+08
0.0850	0.0850	0.1450	9.60238481e+08
0.0850	0.0950	0.0950	5.69192523e+08
0.0850	0.0950	0.1050	6.94870766e+08
0.0850	0.0950	0.1150	6.83712917e+08
0.0850	0.0950	0.1250	7.69326286e+08
0.0850	0.0950	0.1350	7.76582053e+08
0.0850	0.0950	0.1450	8.23044839e+08
0.0850	0.1050	0.1050	6.11893455e+08
0.0850	0.1050	0.1150	7.74923506e+08
0.0850	0.1050	0.1250	6.52571894e+08
0.0850	0.1050	0.1350	9.17763944e+08
0.0850	0.1050	0.1450	8.60295067e+08
0.0850	0.1150	0.1150	6.50561853e+08
0.0850	0.1150	0.1250	6.99091213e+08
0.0850	0.1150	0.1350	5.19464536e+08
0.0850	0.1150	0.1450	6.26305684e+08
0.0850	0.1250	0.1250	5.15796468e+08
0.0850	0.1250	0.1350	5.63826463e+08
0.0850	0.1250	0.1450	5.98492915e+08
0.0850	0.1350	0.1350	6.69731515e+08
0.0850	0.1350	0.1450	5.94384796e+08
0.0850	0.1450	0.1450	4.81326740e+08
0.0950	0.0950	0.0950	6.01373774e+08
0.0950	0.0950	0.1050	6.12393574e+08
0.0950	0.0950	0.1150	7.86960916e+08
0.0950	0.0950	0.1250	6.04713916e+08
0.0950	0.0950	0.1350	6.10498162e+08
0.0950	0.0950	0.1450	6.79212380e+08
0.0950	0.1050	0.1050	5.89860755e+08
0.0950	0.1050	0.1150	5.29393306e+08
0.0950	0.1050	0.1250	6.61029576e+08
0.0950	0.1050	0.1350	6.25536896e+08
0.0950	0.1050	0.1450	4.83376158e+08
0.0950	0.1150	0.1150	8.33637395e+08
0.0950	0.1150	0.1250	5.82921130e+08
0.0950	0.1150	0.1350	5.82093620e+08
0.0950	0.1150	0.1450	5.67668395e+08
0.0950	0.1250	0.1250	4.93767890e+08
0.0950	0.1250	0.1350	4.77359906e+08
0.0950	0.1250	0.1450	4.25766728e+08
0.0950	0.1350	0.1350	4.91793416e+08
0.0950	0.1350	0.1450	4.71797629e+08
0.0950	0.1450	0.1450	3.26638636e+08
0.1050	0.1050	0.1050	1.21758414e+09
0.1050	0.1050	0.1150	5.42884778e+08
0.1050	0.1050	0.1250	3.53311479e+08
0.1050	0.1050	0.1350	6.26395838e+08
0.1050	0.1050	0.1450	5.01632014e+08
0.1050	0.1150	0.1150	6.58817156e+08
0.1050	0.1150	0.1250	4.02935550e+08
0.1050	0.1150	0.1350	5.35108081e+08
0.1050	0.1150	0.1450	3.91227192e+08
0.1050	0.1250	0.1250	3.39277478e+08
0.1050	0.1250	0.1350	4.90106552e+08
0.1050	0.1250	0.1450	4.43516473e+08
0.1050	0.1350	0.1350	3.96643815e+08
0.1050	0.1350	0.1450	4.94769602e+08
0.1050	0.1450	0.1450	3.31665239e+08
0.1150	0.1150	0.1150	5.67011465e+08
0.1150	0.1150	0.1250	4.60152020e+08
0.1150	0.1150	0.1350	3.52024314e+08
0.1150	0.1150	0.1450	5.81666034e+08
0.1150	0.1250	0.1250	5.34190494e+08
0.1150	0.1250	0.1350	4.44470142e+08
0.1150	0.1250	0.1450	4.57701049e+08
0.1150	0.1350	0.1350	4.73113452e+08
0.1150	0.1350	0.1450	3.41247691e+08
0.1150	0.1450	0.1450	3.22263170e+08
0.1250	0.1250	0.1250	3.07664268e+08
0.1250	0.1250	0.1350	4.39073951e+08
0.1250	0.1250	0.1450	4.34065268e+08
0.1250	0.1350	0.1350	3.81185473e+08
0.1250	0.1350	0.1450	3.60438341e+08
0.1250	0.1450	0.1450	3.34572238e+08
0.1350	0.1350	0.1350	3.86199244e+08
0.1350	0.1350	0.1450	3.55931622e+08
0.1350	0.1450	0.1450	4.11092852e+08
0.1450	0.1450	0.1450	2.96098358e+08
