####### Bispectrum of patchy_n1_ Simulation 1733 #############
# Weights: FKP
# Fiducial Omega_m: 0.310
# Fiducial h: 0.676
# Boxsize: [1350.0, 2450.0, 1400.0]
# Grid: [126, 230, 130]
# k-binning: [0.000, 0.110, 0.010]
# l-max: 4
# Monte Carlo Simulations: 100
#
# Format: k1 | k2 | k3 | B(k1,k2,k3) | B2(k1,k2,k3) | B4(k1,k2,k3)
############################################
0.0150	0.0150	0.0150	4.69535310e+10	2.28819162e+10	-1.38266076e+10
0.0150	0.0150	0.0250	2.43134678e+10	-8.97913041e+10	-7.11249830e+10
0.0150	0.0250	0.0250	1.84761618e+10	-2.18905905e+08	1.48512983e+10
0.0150	0.0250	0.0350	-5.52912832e+08	1.67923442e+10	2.92086652e+10
0.0150	0.0350	0.0350	2.18625987e+10	6.00365212e+09	-1.62243756e+10
0.0150	0.0350	0.0450	1.05028865e+10	3.29801319e+09	-6.25145076e+09
0.0150	0.0450	0.0450	2.28238696e+09	-1.61952697e+09	9.27061192e+09
0.0150	0.0450	0.0550	4.30967080e+09	4.53456625e+09	7.92575177e+09
0.0150	0.0550	0.0550	1.27621729e+10	1.65782276e+10	1.00955535e+10
0.0150	0.0550	0.0650	8.69891385e+09	5.41550604e+09	1.13727804e+10
0.0150	0.0650	0.0650	-8.34977837e+08	-1.37312931e+10	-5.58711199e+09
0.0150	0.0650	0.0750	5.45748590e+09	8.01932237e+09	-1.17202414e+09
0.0150	0.0750	0.0750	5.12272877e+09	-1.49330430e+09	2.12325029e+09
0.0250	0.0250	0.0250	2.37160004e+10	3.09449661e+10	2.52882362e+09
0.0250	0.0250	0.0350	3.08430465e+09	-1.58434822e+10	1.22620080e+10
0.0250	0.0250	0.0450	1.21409085e+10	-1.52332732e+10	-1.88609306e+10
0.0250	0.0350	0.0350	7.52170458e+09	-1.26011973e+09	-9.75370000e+09
0.0250	0.0350	0.0450	8.10550822e+09	5.31862147e+09	4.15328640e+09
0.0250	0.0350	0.0550	7.28811423e+09	2.07615069e+09	-1.90774171e+09
0.0250	0.0450	0.0450	8.42903302e+09	-6.95904625e+09	3.47323032e+09
0.0250	0.0450	0.0550	4.53450455e+09	-2.08788901e+09	1.13564430e+10
0.0250	0.0450	0.0650	5.88113666e+09	-2.23312574e+09	-1.80356870e+09
0.0250	0.0550	0.0550	1.80599992e+09	-4.29129509e+09	-1.50839997e+09
0.0250	0.0550	0.0650	3.91944786e+09	3.18317232e+09	3.97266488e+09
0.0250	0.0550	0.0750	3.85259134e+09	5.59172051e+09	2.14428985e+09
0.0250	0.0650	0.0650	4.18514328e+09	7.97138131e+09	1.94632871e+09
0.0250	0.0650	0.0750	4.51670513e+09	-1.94867910e+09	7.47666758e+09
0.0250	0.0750	0.0750	3.01687328e+09	-5.89272290e+09	-1.98066535e+09
0.0350	0.0350	0.0350	1.02769110e+10	1.83615550e+09	3.11185743e+09
0.0350	0.0350	0.0450	2.51209399e+09	2.57420373e+09	-1.70277606e+09
0.0350	0.0350	0.0550	5.47008930e+09	-3.79502303e+09	2.64616834e+09
0.0350	0.0350	0.0650	1.12589934e+10	8.98625349e+09	1.39153489e+10
0.0350	0.0450	0.0450	5.25232024e+09	-1.91027294e+09	5.21357324e+09
0.0350	0.0450	0.0550	3.60421191e+09	3.62583956e+09	5.07119740e+08
0.0350	0.0450	0.0650	3.47287450e+09	6.16099340e+09	6.93254487e+08
0.0350	0.0450	0.0750	5.20206548e+09	4.58579638e+09	7.50909335e+09
0.0350	0.0550	0.0550	4.82386272e+09	6.28359929e+09	2.43134388e+08
0.0350	0.0550	0.0650	3.34424023e+09	1.83310968e+08	1.48322130e+09
0.0350	0.0550	0.0750	2.67860238e+09	2.31884288e+09	-4.50468647e+09
0.0350	0.0650	0.0650	4.45195355e+09	-7.51156097e+08	2.01018044e+09
0.0350	0.0650	0.0750	2.66892564e+09	1.84229732e+09	-3.11433445e+09
0.0350	0.0750	0.0750	1.96756702e+09	1.86021687e+09	-1.19356818e+09
0.0450	0.0450	0.0450	3.30998941e+09	-1.46346354e+09	-2.14233298e+09
0.0450	0.0450	0.0550	1.56155541e+09	6.68043763e+09	6.55470630e+09
0.0450	0.0450	0.0650	3.63760706e+09	5.27237077e+09	-1.59888630e+09
0.0450	0.0450	0.0750	3.84161973e+09	-6.31972212e+08	-2.44252073e+09
0.0450	0.0550	0.0550	2.37007550e+09	1.46894323e+09	-2.18365173e+09
0.0450	0.0550	0.0650	2.74865395e+09	4.30040687e+09	-3.31838633e+09
0.0450	0.0550	0.0750	3.69189294e+09	2.89180426e+09	3.94495514e+09
0.0450	0.0650	0.0650	3.08114545e+09	1.25001975e+08	-7.36066130e+08
0.0450	0.0650	0.0750	1.74026136e+09	4.24892903e+08	7.02603770e+08
0.0450	0.0750	0.0750	2.43605610e+09	1.89292037e+09	-4.80952789e+08
0.0550	0.0550	0.0550	6.28394114e+09	-1.56717571e+08	3.13988799e+09
0.0550	0.0550	0.0650	2.36513901e+09	4.92307326e+09	1.05193873e+09
0.0550	0.0550	0.0750	1.36001662e+09	-3.11508738e+09	7.96749889e+08
0.0550	0.0650	0.0650	2.31789474e+09	-1.38728669e+09	-3.66063251e+08
0.0550	0.0650	0.0750	2.64898140e+09	2.38427102e+09	-2.36621124e+09
0.0550	0.0750	0.0750	7.17919630e+08	-7.29576275e+08	-9.62014071e+07
0.0650	0.0650	0.0650	2.18768420e+09	1.43807198e+09	-4.85700035e+08
0.0650	0.0650	0.0750	2.62103069e+09	-2.02751587e+09	4.86018719e+08
0.0650	0.0750	0.0750	2.15189190e+09	1.10150472e+09	-3.15258528e+07
0.0750	0.0750	0.0750	8.12597884e+08	-2.03157770e+07	-7.44562585e+07
