####### Bispectrum of patchy_n1_ Simulation 1732 #############
# Weights: FKP
# Fiducial Omega_m: 0.310
# Fiducial h: 0.676
# Boxsize: [1350.0, 2450.0, 1400.0]
# Grid: [126, 230, 130]
# k-binning: [0.000, 0.110, 0.010]
# l-max: 4
# Monte Carlo Simulations: 100
#
# Format: k1 | k2 | k3 | B(k1,k2,k3) | B2(k1,k2,k3) | B4(k1,k2,k3)
############################################
0.0150	0.0150	0.0150	-6.21135650e+10	-6.65729116e+09	1.10309652e+11
0.0150	0.0150	0.0250	2.22992016e+10	1.54592196e+10	-5.54228392e+10
0.0150	0.0250	0.0250	2.22278300e+10	-5.77287693e+10	-1.14132980e+10
0.0150	0.0250	0.0350	1.37362673e+10	1.31035224e+10	3.92239521e+10
0.0150	0.0350	0.0350	1.21204267e+08	5.11016138e+09	3.22421084e+09
0.0150	0.0350	0.0450	7.84847465e+09	1.77442098e+09	1.35590867e+09
0.0150	0.0450	0.0450	-4.02070842e+08	-1.05878267e+10	6.65718626e+09
0.0150	0.0450	0.0550	1.02130675e+10	1.49533084e+10	6.18305688e+09
0.0150	0.0550	0.0550	2.54701458e+09	-8.35461366e+09	-6.55634163e+08
0.0150	0.0550	0.0650	7.23547625e+09	5.04461503e+09	4.07013472e+09
0.0150	0.0650	0.0650	7.04545395e+08	4.15910694e+09	-7.81088313e+09
0.0150	0.0650	0.0750	5.61732185e+09	6.85524341e+09	1.34186744e+10
0.0150	0.0750	0.0750	3.92070165e+09	-3.50546677e+08	-1.08695520e+10
0.0250	0.0250	0.0250	5.96367389e+09	7.71509794e+09	1.17589609e+10
0.0250	0.0250	0.0350	8.91570914e+09	7.71001639e+09	-3.13119618e+10
0.0250	0.0250	0.0450	3.34940581e+09	-2.13593687e+10	1.62593416e+10
0.0250	0.0350	0.0350	2.38360631e+09	4.70454700e+09	1.30150871e+10
0.0250	0.0350	0.0450	5.59834093e+09	7.61519012e+09	1.35136714e+10
0.0250	0.0350	0.0550	7.17953260e+09	-4.91325284e+09	-6.61321268e+09
0.0250	0.0450	0.0450	4.56822285e+09	-4.17582073e+09	8.15554224e+09
0.0250	0.0450	0.0550	2.37407462e+09	-5.61878347e+08	-8.75819284e+08
0.0250	0.0450	0.0650	8.45221831e+09	5.05203836e+09	-2.15652635e+09
0.0250	0.0550	0.0550	4.49444783e+09	4.57535194e+09	-1.27504058e+09
0.0250	0.0550	0.0650	2.55128416e+09	1.21966932e+09	1.21765500e+09
0.0250	0.0550	0.0750	5.12083419e+09	5.57657301e+09	-6.34897207e+07
0.0250	0.0650	0.0650	3.37528879e+09	3.11873385e+08	-7.48054447e+09
0.0250	0.0650	0.0750	2.93621129e+09	1.63256777e+09	-8.10905378e+08
0.0250	0.0750	0.0750	3.58662253e+09	3.83203755e+09	3.46344435e+09
0.0350	0.0350	0.0350	-2.93361975e+09	-5.25380847e+08	4.17428399e+09
0.0350	0.0350	0.0450	7.91422962e+09	3.68056451e+09	1.01285468e+10
0.0350	0.0350	0.0550	1.00440602e+09	-2.96481462e+09	-1.14518470e+10
0.0350	0.0350	0.0650	9.39809167e+09	2.03206941e+09	-9.62893288e+09
0.0350	0.0450	0.0450	2.84453691e+09	1.16946220e+10	2.56249863e+09
0.0350	0.0450	0.0550	5.28602903e+09	-2.72518064e+08	9.19402632e+08
0.0350	0.0450	0.0650	3.02751208e+09	6.69824847e+09	-6.48718409e+07
0.0350	0.0450	0.0750	4.67920733e+09	2.61179215e+09	2.98835853e+09
0.0350	0.0550	0.0550	2.21826207e+09	-1.33192097e+09	7.93538543e+08
0.0350	0.0550	0.0650	2.96295771e+09	2.04081977e+08	1.60864039e+09
0.0350	0.0550	0.0750	4.19642785e+09	3.70410595e+09	-2.48010716e+09
0.0350	0.0650	0.0650	2.01594740e+09	-5.03751062e+09	-1.22005086e+09
0.0350	0.0650	0.0750	2.46632988e+09	-1.14479206e+08	3.02528705e+08
0.0350	0.0750	0.0750	2.40716641e+09	2.13151959e+08	1.02697765e+09
0.0450	0.0450	0.0450	1.75934710e+09	1.13193594e+09	-5.68108559e+08
0.0450	0.0450	0.0550	4.81341507e+09	1.03541208e+10	-1.90469712e+09
0.0450	0.0450	0.0650	2.82846269e+09	-5.88995618e+08	2.36540270e+09
0.0450	0.0450	0.0750	5.06393141e+09	5.53372147e+09	-2.32021280e+09
0.0450	0.0550	0.0550	2.80668255e+09	-4.15128337e+09	-9.10296991e+08
0.0450	0.0550	0.0650	2.59526423e+09	-7.88577465e+08	1.30863125e+08
0.0450	0.0550	0.0750	2.78085113e+09	7.50628248e+08	1.86343683e+09
0.0450	0.0650	0.0650	7.09554190e+08	2.20388415e+09	-5.49217125e+08
0.0450	0.0650	0.0750	2.23482814e+09	-1.36187624e+08	2.48115085e+09
0.0450	0.0750	0.0750	1.96293548e+09	7.69853494e+08	-6.86651196e+08
0.0550	0.0550	0.0550	-1.29079858e+08	1.67253364e+09	1.85865524e+08
0.0550	0.0550	0.0650	3.07457952e+09	2.20171903e+09	5.88102263e+09
0.0550	0.0550	0.0750	1.34708794e+09	-1.46240668e+08	4.50536056e+08
0.0550	0.0650	0.0650	2.68011871e+09	5.90573713e+08	6.75401659e+08
0.0550	0.0650	0.0750	2.44044323e+09	2.85598718e+08	-2.29515413e+08
0.0550	0.0750	0.0750	1.13562457e+09	-4.97099930e+08	4.71148538e+08
0.0650	0.0650	0.0650	2.74762299e+09	-1.11272610e+09	-1.78905741e+09
0.0650	0.0650	0.0750	2.48737685e+09	8.33789400e+08	9.18539267e+08
0.0650	0.0750	0.0750	1.48849010e+09	-1.25437824e+09	-2.02070950e+08
0.0750	0.0750	0.0750	3.26053277e+08	5.03900058e+08	3.70923905e+08
