####### Bispectrum of patchy_n3_ Simulation 985 #############
# Weights: FKP
# Fiducial Omega_m: 0.310
# Fiducial h: 0.676
# Boxsize: [1800.0, 3400.0, 1900.0]
# Grid: [170, 325, 180]
# k-binning: [0.000, 0.110, 0.010]
# l-max: 4
# Monte Carlo Simulations: 100
#
# Format: k1 | k2 | k3 | B(k1,k2,k3) | B2(k1,k2,k3) | B4(k1,k2,k3)
############################################
0.0150	0.0150	0.0150	8.84544234e+09	7.15104953e+10	1.04677718e+11
0.0150	0.0150	0.0250	-1.07438831e+10	-6.25426776e+09	1.41910716e+10
0.0150	0.0250	0.0250	2.27567084e+10	3.37782352e+09	9.65936389e+09
0.0150	0.0250	0.0350	1.66122429e+10	2.88714039e+10	2.89668597e+09
0.0150	0.0350	0.0350	-1.54087896e+09	-2.42017528e+10	-3.30344911e+10
0.0150	0.0350	0.0450	8.52051831e+09	-5.67562054e+09	-6.46429541e+09
0.0150	0.0450	0.0450	6.25758701e+09	2.97128622e+08	-9.25523633e+09
0.0150	0.0450	0.0550	7.10755779e+09	-3.46092236e+09	9.43109899e+07
0.0150	0.0550	0.0550	7.65898652e+09	3.56654701e+09	-1.46359194e+09
0.0150	0.0550	0.0650	2.40355461e+09	5.96012156e+09	6.32956159e+09
0.0150	0.0650	0.0650	2.40121629e+09	-6.75389659e+09	2.74859692e+08
0.0150	0.0650	0.0750	6.22952414e+09	4.68391605e+09	-2.85280551e+09
0.0150	0.0750	0.0750	2.03374032e+09	-3.88541538e+09	-2.20751754e+09
0.0250	0.0250	0.0250	-6.13509516e+09	-8.82675791e+09	1.63273082e+10
0.0250	0.0250	0.0350	1.45870281e+10	1.22513006e+09	2.40878543e+10
0.0250	0.0250	0.0450	1.00890351e+09	4.46349944e+08	-1.09590553e+10
0.0250	0.0350	0.0350	-4.47005472e+07	2.24003281e+10	4.43707155e+09
0.0250	0.0350	0.0450	7.62511221e+09	3.17964980e+09	-2.68419811e+09
0.0250	0.0350	0.0550	9.53339536e+09	3.58179640e+08	-5.12893189e+09
0.0250	0.0450	0.0450	1.18751139e+09	2.68979405e+09	7.28554590e+09
0.0250	0.0450	0.0550	1.22966454e+09	1.19077460e+09	5.80894461e+09
0.0250	0.0450	0.0650	4.13350326e+09	4.51621722e+09	2.07551067e+09
0.0250	0.0550	0.0550	6.30028087e+09	1.66432024e+09	1.08615282e+10
0.0250	0.0550	0.0650	2.78945008e+09	-3.94609807e+09	-2.75225443e+09
0.0250	0.0550	0.0750	3.24463591e+09	3.82349870e+09	1.11266976e+09
0.0250	0.0650	0.0650	3.35625522e+09	-9.85509626e+08	-1.31135917e+09
0.0250	0.0650	0.0750	3.02383997e+09	5.08460126e+09	5.11180725e+09
0.0250	0.0750	0.0750	1.83189303e+09	4.99128847e+08	-1.24670051e+09
0.0350	0.0350	0.0350	3.75557249e+09	-8.90962978e+09	-9.10534358e+09
0.0350	0.0350	0.0450	1.69001575e+08	-1.14297336e+08	-1.06313763e+10
0.0350	0.0350	0.0550	6.50338541e+09	1.12783756e+10	4.01541474e+08
0.0350	0.0350	0.0650	3.83345364e+09	1.40965723e+09	-3.45310470e+09
0.0350	0.0450	0.0450	4.58928476e+09	1.20741995e+09	-1.76614629e+09
0.0350	0.0450	0.0550	2.14703815e+09	-4.26198699e+09	-1.99157935e+09
0.0350	0.0450	0.0650	4.29997454e+09	3.30100211e+09	6.46350730e+08
0.0350	0.0450	0.0750	5.38443162e+09	3.47901597e+09	3.26868116e+07
0.0350	0.0550	0.0550	3.45548242e+09	6.47023310e+09	-1.90790001e+09
0.0350	0.0550	0.0650	3.03181719e+09	2.50534397e+09	-5.36838503e+08
0.0350	0.0550	0.0750	2.94640347e+09	-2.25560962e+09	-1.39071050e+08
0.0350	0.0650	0.0650	2.00490303e+09	-9.62250160e+08	-1.35001287e+09
0.0350	0.0650	0.0750	2.89012151e+09	2.11664198e+09	-3.58602895e+08
0.0350	0.0750	0.0750	1.16754926e+09	-7.81560534e+08	-1.97854026e+09
0.0450	0.0450	0.0450	1.68315000e+09	-5.17373475e+09	-2.54653330e+09
0.0450	0.0450	0.0550	1.24717697e+09	2.60446184e+09	3.12576358e+09
0.0450	0.0450	0.0650	1.86400234e+09	1.04008706e+09	-3.39130805e+09
0.0450	0.0450	0.0750	2.85560040e+09	4.17201965e+09	-1.16391574e+09
0.0450	0.0550	0.0550	2.80966661e+09	-3.43233336e+09	-6.68243550e+08
0.0450	0.0550	0.0650	3.44165267e+09	1.82776655e+09	2.17125726e+09
0.0450	0.0550	0.0750	1.61626837e+09	8.62881371e+08	1.03700002e+09
0.0450	0.0650	0.0650	1.13740080e+09	-2.35686037e+08	-1.82485671e+09
0.0450	0.0650	0.0750	2.07601468e+09	1.67175305e+08	1.61941692e+09
0.0450	0.0750	0.0750	1.92431017e+09	2.13680033e+08	8.68625684e+08
0.0550	0.0550	0.0550	3.04070407e+09	2.99675718e+09	3.48762567e+09
0.0550	0.0550	0.0650	2.20200846e+09	-1.69653743e+09	-3.97638608e+08
0.0550	0.0550	0.0750	1.89630720e+09	2.14743105e+09	7.75841062e+08
0.0550	0.0650	0.0650	2.28554162e+09	4.83637808e+08	1.81376216e+08
0.0550	0.0650	0.0750	1.78576797e+09	4.85080117e+08	1.94189186e+08
0.0550	0.0750	0.0750	1.97114416e+09	-2.65324026e+08	3.66109637e+08
0.0650	0.0650	0.0650	2.12533888e+09	1.44703340e+08	-1.50638646e+08
0.0650	0.0650	0.0750	1.43482761e+09	-1.82306153e+09	2.51213344e+09
0.0650	0.0750	0.0750	1.59251300e+09	8.68168432e+08	4.78594088e+08
0.0750	0.0750	0.0750	1.04290024e+09	1.57888192e+08	-8.33284062e+08
