####### Bispectrum of Patchy Simulation 1841 #############
# Patch: sgc
# z-type: z1
# Weights: fkp
# Fiducial Omega_m: 0.310
# Fiducial h: 0.676
# Boxsize: [1000.0, 1900.0, 1100.0]
# Grid: [95, 180, 105]
# k-binning: [0.000, 0.160, 0.010]
# Monte Carlo Simulations: 100
#
# Format: k1 | k2 | k3 | B(k1,k2,k3)
############################################
0.0150	0.0150	0.0150	6.68467196e+09
0.0150	0.0150	0.0250	3.93077379e+10
0.0150	0.0150	0.0350	4.49610366e+10
0.0150	0.0250	0.0250	2.61466127e+10
0.0150	0.0250	0.0350	-1.07627311e+10
0.0150	0.0250	0.0450	1.35765488e+10
0.0150	0.0350	0.0350	4.06528579e+10
0.0150	0.0350	0.0450	1.52125702e+10
0.0150	0.0350	0.0550	3.13635204e+10
0.0150	0.0450	0.0450	7.87033161e+09
0.0150	0.0450	0.0550	6.18929222e+09
0.0150	0.0450	0.0650	1.94075856e+10
0.0150	0.0550	0.0550	-6.27082501e+09
0.0150	0.0550	0.0650	1.15615470e+10
0.0150	0.0550	0.0750	-8.67921443e+08
0.0150	0.0650	0.0650	-4.50302574e+09
0.0150	0.0650	0.0750	2.62349903e+09
0.0150	0.0650	0.0850	8.10694581e+09
0.0150	0.0750	0.0750	8.00438981e+09
0.0150	0.0750	0.0850	5.55998598e+09
0.0150	0.0750	0.0950	1.00507674e+09
0.0150	0.0850	0.0850	2.19135521e+09
0.0150	0.0850	0.0950	4.92774457e+09
0.0150	0.0850	0.1050	5.46983909e+09
0.0150	0.0950	0.0950	5.34535115e+09
0.0150	0.0950	0.1050	2.03742059e+09
0.0150	0.0950	0.1150	5.21508646e+09
0.0150	0.1050	0.1050	4.15787495e+09
0.0150	0.1050	0.1150	2.48191040e+09
0.0150	0.1050	0.1250	5.80605141e+09
0.0150	0.1150	0.1150	1.83744325e+09
0.0150	0.1150	0.1250	1.31998167e+09
0.0150	0.1150	0.1350	5.85435396e+09
0.0150	0.1250	0.1250	2.42139374e+09
0.0150	0.1250	0.1350	2.60477247e+09
0.0150	0.1250	0.1450	4.52167427e+09
0.0150	0.1350	0.1350	5.58324040e+08
0.0150	0.1350	0.1450	2.85583598e+09
0.0150	0.1450	0.1450	2.43158350e+09
0.0250	0.0250	0.0250	2.20493175e+10
0.0250	0.0250	0.0350	-1.10249119e+10
0.0250	0.0250	0.0450	1.28300848e+10
0.0250	0.0250	0.0550	1.86980673e+10
0.0250	0.0350	0.0350	5.71089098e+09
0.0250	0.0350	0.0450	3.42048115e+09
0.0250	0.0350	0.0550	4.96696906e+09
0.0250	0.0350	0.0650	-1.61028594e+10
0.0250	0.0450	0.0450	-1.46161555e+09
0.0250	0.0450	0.0550	6.20844039e+09
0.0250	0.0450	0.0650	4.42591141e+09
0.0250	0.0450	0.0750	7.72911412e+09
0.0250	0.0550	0.0550	6.61839730e+09
0.0250	0.0550	0.0650	5.49730916e+09
0.0250	0.0550	0.0750	3.79356508e+09
0.0250	0.0550	0.0850	3.37765835e+09
0.0250	0.0650	0.0650	8.38513417e+09
0.0250	0.0650	0.0750	1.65772186e+09
0.0250	0.0650	0.0850	1.88827432e+09
0.0250	0.0650	0.0950	4.18535043e+09
0.0250	0.0750	0.0750	5.57501959e+09
0.0250	0.0750	0.0850	4.02871038e+09
0.0250	0.0750	0.0950	6.37384787e+09
0.0250	0.0750	0.1050	3.99254339e+09
0.0250	0.0850	0.0850	2.63801661e+09
0.0250	0.0850	0.0950	2.26435937e+09
0.0250	0.0850	0.1050	1.70974986e+09
0.0250	0.0850	0.1150	4.17265280e+09
0.0250	0.0950	0.0950	3.54281596e+09
0.0250	0.0950	0.1050	3.15193792e+09
0.0250	0.0950	0.1150	2.76037415e+09
0.0250	0.0950	0.1250	1.49974055e+09
0.0250	0.1050	0.1050	2.17753415e+09
0.0250	0.1050	0.1150	1.67740750e+09
0.0250	0.1050	0.1250	2.19130542e+09
0.0250	0.1050	0.1350	3.38679325e+09
0.0250	0.1150	0.1150	2.60890391e+09
0.0250	0.1150	0.1250	2.34514911e+09
0.0250	0.1150	0.1350	1.86235995e+09
0.0250	0.1150	0.1450	2.36270403e+09
0.0250	0.1250	0.1250	2.33901030e+09
0.0250	0.1250	0.1350	1.62976252e+09
0.0250	0.1250	0.1450	9.40089841e+08
0.0250	0.1350	0.1350	2.22791910e+09
0.0250	0.1350	0.1450	1.54480448e+09
0.0250	0.1450	0.1450	1.27829653e+09
0.0350	0.0350	0.0350	-8.08090812e+09
0.0350	0.0350	0.0450	1.65956715e+10
0.0350	0.0350	0.0550	4.75440109e+09
0.0350	0.0350	0.0650	7.23167678e+09
0.0350	0.0350	0.0750	3.24694732e+09
0.0350	0.0450	0.0450	9.80177555e+08
0.0350	0.0450	0.0550	2.56425282e+09
0.0350	0.0450	0.0650	4.15935495e+09
0.0350	0.0450	0.0750	5.87949151e+09
0.0350	0.0450	0.0850	1.00742811e+10
0.0350	0.0550	0.0550	3.32399265e+09
0.0350	0.0550	0.0650	4.44147962e+09
0.0350	0.0550	0.0750	5.63402333e+09
0.0350	0.0550	0.0850	4.92271147e+09
0.0350	0.0550	0.0950	9.73290519e+09
0.0350	0.0650	0.0650	5.94624884e+09
0.0350	0.0650	0.0750	2.79273173e+09
0.0350	0.0650	0.0850	3.97522833e+09
0.0350	0.0650	0.0950	2.27307545e+09
0.0350	0.0650	0.1050	1.33581415e+09
0.0350	0.0750	0.0750	4.11384015e+07
0.0350	0.0750	0.0850	3.72303884e+09
0.0350	0.0750	0.0950	3.70105253e+09
0.0350	0.0750	0.1050	4.22631365e+09
0.0350	0.0750	0.1150	5.52714533e+09
0.0350	0.0850	0.0850	5.58189709e+08
0.0350	0.0850	0.0950	2.53696816e+09
0.0350	0.0850	0.1050	2.46145627e+09
0.0350	0.0850	0.1150	2.52112815e+09
0.0350	0.0850	0.1250	3.40034069e+09
0.0350	0.0950	0.0950	1.77991693e+09
0.0350	0.0950	0.1050	2.48765189e+09
0.0350	0.0950	0.1150	2.33025015e+09
0.0350	0.0950	0.1250	2.44036801e+09
0.0350	0.0950	0.1350	3.00584806e+09
0.0350	0.1050	0.1050	2.50310642e+09
0.0350	0.1050	0.1150	1.93682449e+09
0.0350	0.1050	0.1250	1.89220806e+09
0.0350	0.1050	0.1350	3.12142726e+09
0.0350	0.1050	0.1450	2.12016058e+09
0.0350	0.1150	0.1150	6.48798090e+08
0.0350	0.1150	0.1250	8.70769585e+08
0.0350	0.1150	0.1350	1.94049608e+09
0.0350	0.1150	0.1450	2.07987623e+09
0.0350	0.1250	0.1250	1.02273665e+09
0.0350	0.1250	0.1350	1.91061526e+09
0.0350	0.1250	0.1450	1.32945111e+09
0.0350	0.1350	0.1350	1.74813366e+09
0.0350	0.1350	0.1450	1.21351722e+09
0.0350	0.1450	0.1450	1.05715151e+09
0.0450	0.0450	0.0450	-3.69904526e+09
0.0450	0.0450	0.0550	4.63482550e+09
0.0450	0.0450	0.0650	4.92372831e+09
0.0450	0.0450	0.0750	3.12013319e+09
0.0450	0.0450	0.0850	2.27386163e+09
0.0450	0.0450	0.0950	3.88822890e+09
0.0450	0.0550	0.0550	2.66672068e+09
0.0450	0.0550	0.0650	3.52836532e+09
0.0450	0.0550	0.0750	4.25267802e+09
0.0450	0.0550	0.0850	3.41581945e+09
0.0450	0.0550	0.0950	2.78140109e+09
0.0450	0.0550	0.1050	3.26586985e+08
0.0450	0.0650	0.0650	1.72610326e+09
0.0450	0.0650	0.0750	3.07531259e+09
0.0450	0.0650	0.0850	3.22273753e+09
0.0450	0.0650	0.0950	2.48678565e+09
0.0450	0.0650	0.1050	3.14206822e+09
0.0450	0.0650	0.1150	3.05979327e+09
0.0450	0.0750	0.0750	4.84199434e+09
0.0450	0.0750	0.0850	1.61911732e+09
0.0450	0.0750	0.0950	1.91875552e+09
0.0450	0.0750	0.1050	2.17499697e+09
0.0450	0.0750	0.1150	2.63997425e+09
0.0450	0.0750	0.1250	2.65365009e+09
0.0450	0.0850	0.0850	2.19442928e+09
0.0450	0.0850	0.0950	1.26447178e+09
0.0450	0.0850	0.1050	1.94673467e+09
0.0450	0.0850	0.1150	2.71299900e+09
0.0450	0.0850	0.1250	1.22448418e+09
0.0450	0.0850	0.1350	1.41829155e+09
0.0450	0.0950	0.0950	2.23885078e+09
0.0450	0.0950	0.1050	1.55986340e+09
0.0450	0.0950	0.1150	1.52311985e+09
0.0450	0.0950	0.1250	1.88766672e+09
0.0450	0.0950	0.1350	1.72506883e+09
0.0450	0.0950	0.1450	2.41050785e+09
0.0450	0.1050	0.1050	7.26363146e+08
0.0450	0.1050	0.1150	1.46619016e+09
0.0450	0.1050	0.1250	1.37802605e+09
0.0450	0.1050	0.1350	1.34440216e+09
0.0450	0.1050	0.1450	1.00248434e+09
0.0450	0.1150	0.1150	1.86321695e+09
0.0450	0.1150	0.1250	1.12709087e+09
0.0450	0.1150	0.1350	8.24464596e+08
0.0450	0.1150	0.1450	1.94251076e+09
0.0450	0.1250	0.1250	1.13559977e+09
0.0450	0.1250	0.1350	1.11171989e+09
0.0450	0.1250	0.1450	1.28914739e+09
0.0450	0.1350	0.1350	1.50740043e+09
0.0450	0.1350	0.1450	6.44417030e+08
0.0450	0.1450	0.1450	1.09780856e+09
0.0550	0.0550	0.0550	-5.90220279e+08
0.0550	0.0550	0.0650	6.60452499e+08
0.0550	0.0550	0.0750	3.39560495e+09
0.0550	0.0550	0.0850	1.33488587e+09
0.0550	0.0550	0.0950	3.36533986e+09
0.0550	0.0550	0.1050	2.67585955e+09
0.0550	0.0550	0.1150	8.33831485e+09
0.0550	0.0650	0.0650	8.49102830e+07
0.0550	0.0650	0.0750	4.06637346e+09
0.0550	0.0650	0.0850	8.21925528e+08
0.0550	0.0650	0.0950	1.32612101e+09
0.0550	0.0650	0.1050	3.04879426e+09
0.0550	0.0650	0.1150	2.50270316e+09
0.0550	0.0650	0.1250	5.37258515e+09
0.0550	0.0750	0.0750	5.04233525e+08
0.0550	0.0750	0.0850	1.45081963e+09
0.0550	0.0750	0.0950	6.19512964e+08
0.0550	0.0750	0.1050	2.50358794e+09
0.0550	0.0750	0.1150	7.54195708e+08
0.0550	0.0750	0.1250	3.01338420e+09
0.0550	0.0750	0.1350	-1.33838138e+09
0.0550	0.0850	0.0850	1.08762356e+09
0.0550	0.0850	0.0950	1.28488383e+09
0.0550	0.0850	0.1050	1.40884054e+09
0.0550	0.0850	0.1150	1.82491132e+09
0.0550	0.0850	0.1250	1.98787866e+09
0.0550	0.0850	0.1350	2.88700482e+09
0.0550	0.0850	0.1450	1.91466121e+09
0.0550	0.0950	0.0950	1.28979270e+09
0.0550	0.0950	0.1050	1.71528164e+09
0.0550	0.0950	0.1150	1.45566001e+09
0.0550	0.0950	0.1250	1.56218024e+09
0.0550	0.0950	0.1350	1.76838737e+09
0.0550	0.0950	0.1450	2.00593729e+09
0.0550	0.1050	0.1050	1.35600585e+09
0.0550	0.1050	0.1150	4.42809782e+08
0.0550	0.1050	0.1250	1.27205746e+09
0.0550	0.1050	0.1350	1.24822972e+09
0.0550	0.1050	0.1450	1.16715640e+09
0.0550	0.1150	0.1150	4.30912506e+08
0.0550	0.1150	0.1250	1.23061091e+09
0.0550	0.1150	0.1350	6.09990390e+08
0.0550	0.1150	0.1450	1.12810670e+09
0.0550	0.1250	0.1250	5.24488131e+08
0.0550	0.1250	0.1350	1.11631131e+09
0.0550	0.1250	0.1450	1.25104836e+09
0.0550	0.1350	0.1350	7.03890916e+08
0.0550	0.1350	0.1450	8.50071581e+08
0.0550	0.1450	0.1450	7.02418150e+08
0.0650	0.0650	0.0650	3.97647270e+09
0.0650	0.0650	0.0750	2.39228179e+09
0.0650	0.0650	0.0850	1.71953699e+09
0.0650	0.0650	0.0950	3.63374640e+09
0.0650	0.0650	0.1050	2.93171753e+09
0.0650	0.0650	0.1150	1.86390020e+09
0.0650	0.0650	0.1250	1.06755734e+09
0.0650	0.0650	0.1350	3.39272181e+09
0.0650	0.0750	0.0750	2.85850860e+09
0.0650	0.0750	0.0850	1.54865351e+09
0.0650	0.0750	0.0950	1.30012013e+09
0.0650	0.0750	0.1050	1.57457330e+09
0.0650	0.0750	0.1150	2.27330474e+09
0.0650	0.0750	0.1250	2.05502845e+09
0.0650	0.0750	0.1350	2.96727339e+09
0.0650	0.0750	0.1450	1.91161707e+09
0.0650	0.0850	0.0850	7.92285133e+08
0.0650	0.0850	0.0950	1.53089281e+09
0.0650	0.0850	0.1050	1.06677400e+09
0.0650	0.0850	0.1150	1.20512000e+09
0.0650	0.0850	0.1250	1.63506031e+09
0.0650	0.0850	0.1350	1.40735996e+09
0.0650	0.0850	0.1450	1.40341657e+09
0.0650	0.0950	0.0950	2.50585022e+09
0.0650	0.0950	0.1050	1.20843670e+09
0.0650	0.0950	0.1150	5.33134166e+08
0.0650	0.0950	0.1250	1.20290146e+09
0.0650	0.0950	0.1350	1.23262597e+09
0.0650	0.0950	0.1450	1.64654943e+09
0.0650	0.1050	0.1050	1.76674145e+09
0.0650	0.1050	0.1150	1.45780013e+09
0.0650	0.1050	0.1250	7.05489890e+08
0.0650	0.1050	0.1350	6.57592443e+08
0.0650	0.1050	0.1450	1.03787935e+09
0.0650	0.1150	0.1150	1.26769183e+09
0.0650	0.1150	0.1250	9.37466397e+08
0.0650	0.1150	0.1350	8.72882094e+08
0.0650	0.1150	0.1450	7.05844392e+08
0.0650	0.1250	0.1250	4.76286762e+08
0.0650	0.1250	0.1350	6.82045321e+08
0.0650	0.1250	0.1450	1.04797422e+09
0.0650	0.1350	0.1350	5.47114695e+08
0.0650	0.1350	0.1450	1.01064930e+09
0.0650	0.1450	0.1450	7.63691718e+08
0.0750	0.0750	0.0750	1.14791857e+09
0.0750	0.0750	0.0850	1.24902348e+09
0.0750	0.0750	0.0950	1.12734610e+09
0.0750	0.0750	0.1050	2.06476793e+09
0.0750	0.0750	0.1150	5.83928752e+08
0.0750	0.0750	0.1250	2.42175662e+09
0.0750	0.0750	0.1350	1.18389391e+09
0.0750	0.0750	0.1450	1.38122871e+09
0.0750	0.0850	0.0850	1.65698154e+08
0.0750	0.0850	0.0950	1.07249539e+09
0.0750	0.0850	0.1050	7.26381599e+08
0.0750	0.0850	0.1150	1.20374457e+09
0.0750	0.0850	0.1250	1.03498798e+09
0.0750	0.0850	0.1350	1.22470758e+09
0.0750	0.0850	0.1450	1.47641461e+09
0.0750	0.0950	0.0950	6.61198153e+08
0.0750	0.0950	0.1050	8.94516025e+08
0.0750	0.0950	0.1150	1.09243243e+09
0.0750	0.0950	0.1250	1.23769436e+09
0.0750	0.0950	0.1350	1.12379229e+09
0.0750	0.0950	0.1450	8.34755532e+08
0.0750	0.1050	0.1050	4.62011958e+08
0.0750	0.1050	0.1150	5.62725257e+08
0.0750	0.1050	0.1250	4.06542458e+08
0.0750	0.1050	0.1350	8.70227486e+08
0.0750	0.1050	0.1450	6.74934341e+08
0.0750	0.1150	0.1150	2.98145932e+08
0.0750	0.1150	0.1250	6.63028794e+08
0.0750	0.1150	0.1350	8.39949912e+08
0.0750	0.1150	0.1450	7.85298714e+08
0.0750	0.1250	0.1250	8.76556043e+08
0.0750	0.1250	0.1350	5.81131709e+08
0.0750	0.1250	0.1450	8.81206018e+08
0.0750	0.1350	0.1350	1.03962157e+09
0.0750	0.1350	0.1450	5.05285268e+08
0.0750	0.1450	0.1450	4.22332769e+08
0.0850	0.0850	0.0850	1.62318995e+09
0.0850	0.0850	0.0950	5.62205674e+08
0.0850	0.0850	0.1050	6.01159848e+08
0.0850	0.0850	0.1150	1.52119713e+09
0.0850	0.0850	0.1250	1.05399877e+09
0.0850	0.0850	0.1350	5.06759344e+08
0.0850	0.0850	0.1450	1.13177552e+09
0.0850	0.0950	0.0950	1.86437661e+08
0.0850	0.0950	0.1050	3.09786560e+08
0.0850	0.0950	0.1150	4.46928136e+08
0.0850	0.0950	0.1250	8.93515498e+08
0.0850	0.0950	0.1350	1.05818328e+09
0.0850	0.0950	0.1450	6.13423622e+08
0.0850	0.1050	0.1050	3.65841406e+08
0.0850	0.1050	0.1150	1.16603667e+09
0.0850	0.1050	0.1250	6.60781042e+08
0.0850	0.1050	0.1350	6.11336846e+08
0.0850	0.1050	0.1450	8.90068372e+08
0.0850	0.1150	0.1150	6.59872396e+08
0.0850	0.1150	0.1250	4.75694629e+08
0.0850	0.1150	0.1350	4.55977730e+08
0.0850	0.1150	0.1450	8.76717122e+08
0.0850	0.1250	0.1250	6.29269425e+08
0.0850	0.1250	0.1350	6.36664306e+08
0.0850	0.1250	0.1450	4.68873349e+08
0.0850	0.1350	0.1350	6.52958052e+08
0.0850	0.1350	0.1450	4.15588912e+08
0.0850	0.1450	0.1450	7.25026328e+08
0.0950	0.0950	0.0950	1.29402018e+09
0.0950	0.0950	0.1050	1.26860971e+09
0.0950	0.0950	0.1150	8.30230767e+08
0.0950	0.0950	0.1250	7.90238102e+08
0.0950	0.0950	0.1350	9.01368593e+08
0.0950	0.0950	0.1450	7.37970449e+08
0.0950	0.1050	0.1050	1.09402413e+08
0.0950	0.1050	0.1150	4.64837282e+08
0.0950	0.1050	0.1250	9.07684815e+08
0.0950	0.1050	0.1350	6.10570815e+08
0.0950	0.1050	0.1450	5.00065094e+08
0.0950	0.1150	0.1150	8.89324828e+08
0.0950	0.1150	0.1250	6.45724548e+08
0.0950	0.1150	0.1350	5.25625101e+08
0.0950	0.1150	0.1450	8.49406219e+08
0.0950	0.1250	0.1250	7.55048602e+08
0.0950	0.1250	0.1350	5.88760007e+08
0.0950	0.1250	0.1450	5.47372379e+08
0.0950	0.1350	0.1350	3.18003364e+08
0.0950	0.1350	0.1450	5.04540289e+08
0.0950	0.1450	0.1450	2.52359857e+08
0.1050	0.1050	0.1050	1.22301499e+09
0.1050	0.1050	0.1150	9.45590282e+08
0.1050	0.1050	0.1250	2.84583151e+08
0.1050	0.1050	0.1350	7.56763650e+08
0.1050	0.1050	0.1450	4.45077431e+08
0.1050	0.1150	0.1150	3.20604812e+08
0.1050	0.1150	0.1250	5.51065766e+08
0.1050	0.1150	0.1350	6.46451757e+08
0.1050	0.1150	0.1450	2.02995637e+08
0.1050	0.1250	0.1250	4.82832529e+08
0.1050	0.1250	0.1350	6.59600994e+08
0.1050	0.1250	0.1450	4.29600039e+08
0.1050	0.1350	0.1350	1.95961880e+08
0.1050	0.1350	0.1450	3.55236568e+08
0.1050	0.1450	0.1450	5.15216286e+08
0.1150	0.1150	0.1150	2.08790243e+08
0.1150	0.1150	0.1250	7.44285286e+08
0.1150	0.1150	0.1350	7.11503220e+08
0.1150	0.1150	0.1450	3.97380324e+08
0.1150	0.1250	0.1250	5.42309111e+08
0.1150	0.1250	0.1350	2.60804051e+08
0.1150	0.1250	0.1450	5.14938689e+08
0.1150	0.1350	0.1350	3.56469541e+08
0.1150	0.1350	0.1450	3.97889753e+08
0.1150	0.1450	0.1450	3.60383248e+08
0.1250	0.1250	0.1250	5.52272597e+08
0.1250	0.1250	0.1350	4.17100518e+08
0.1250	0.1250	0.1450	2.79866864e+08
0.1250	0.1350	0.1350	4.54047343e+08
0.1250	0.1350	0.1450	5.71872171e+08
0.1250	0.1450	0.1450	4.43974326e+08
0.1350	0.1350	0.1350	4.19801783e+08
0.1350	0.1350	0.1450	2.09863946e+08
0.1350	0.1450	0.1450	2.25437406e+08
0.1450	0.1450	0.1450	8.24910338e+07
