####### Bispectrum of Patchy Simulation 97 #############
# Patch: ngc
# z-type: z3
# Weights: fkp
# Fiducial Omega_m: 0.310
# Fiducial h: 0.676
# Boxsize: [1800.0, 3400.0, 1900.0]
# Grid: [170, 325, 180]
# k-binning: [0.000, 0.160, 0.010]
# Monte Carlo Simulations: 100
#
# Format: k1 | k2 | k3 | B(k1,k2,k3)
############################################
0.0150	0.0150	0.0150	-3.50356087e+10
0.0150	0.0150	0.0250	1.58609203e+10
0.0150	0.0150	0.0350	3.12771329e+10
0.0150	0.0250	0.0250	-3.38697791e+09
0.0150	0.0250	0.0350	1.34501493e+10
0.0150	0.0250	0.0450	2.16986372e+10
0.0150	0.0350	0.0350	1.62975094e+09
0.0150	0.0350	0.0450	4.35178402e+09
0.0150	0.0350	0.0550	1.37374481e+10
0.0150	0.0450	0.0450	3.45992491e+09
0.0150	0.0450	0.0550	5.56251459e+09
0.0150	0.0450	0.0650	6.10750486e+09
0.0150	0.0550	0.0550	1.13223100e+09
0.0150	0.0550	0.0650	6.78945531e+09
0.0150	0.0550	0.0750	4.08006192e+09
0.0150	0.0650	0.0650	5.83205929e+09
0.0150	0.0650	0.0750	3.80439912e+09
0.0150	0.0650	0.0850	9.10544652e+09
0.0150	0.0750	0.0750	2.34921546e+09
0.0150	0.0750	0.0850	5.28909301e+09
0.0150	0.0750	0.0950	7.41991274e+09
0.0150	0.0850	0.0850	4.47928834e+09
0.0150	0.0850	0.0950	4.17011751e+09
0.0150	0.0850	0.1050	5.31115565e+09
0.0150	0.0950	0.0950	8.30840845e+08
0.0150	0.0950	0.1050	3.24708211e+09
0.0150	0.0950	0.1150	6.57466999e+09
0.0150	0.1050	0.1050	1.84685861e+09
0.0150	0.1050	0.1150	1.68179653e+09
0.0150	0.1050	0.1250	3.89206189e+09
0.0150	0.1150	0.1150	3.30423726e+09
0.0150	0.1150	0.1250	2.27183798e+09
0.0150	0.1150	0.1350	3.13263463e+09
0.0150	0.1250	0.1250	2.74122751e+08
0.0150	0.1250	0.1350	1.72526719e+09
0.0150	0.1250	0.1450	4.57992791e+09
0.0150	0.1350	0.1350	1.77412825e+09
0.0150	0.1350	0.1450	2.10070827e+09
0.0150	0.1450	0.1450	1.44107893e+09
0.0250	0.0250	0.0250	1.64684772e+10
0.0250	0.0250	0.0350	4.63230845e+09
0.0250	0.0250	0.0450	1.44277966e+10
0.0250	0.0250	0.0550	7.54394887e+08
0.0250	0.0350	0.0350	3.67911878e+09
0.0250	0.0350	0.0450	9.02178789e+09
0.0250	0.0350	0.0550	6.94063821e+09
0.0250	0.0350	0.0650	1.31531115e+10
0.0250	0.0450	0.0450	7.02260100e+09
0.0250	0.0450	0.0550	2.88324619e+09
0.0250	0.0450	0.0650	6.75916802e+09
0.0250	0.0450	0.0750	6.24511574e+09
0.0250	0.0550	0.0550	3.86948133e+09
0.0250	0.0550	0.0650	3.70687964e+09
0.0250	0.0550	0.0750	5.85427532e+09
0.0250	0.0550	0.0850	8.56734220e+09
0.0250	0.0650	0.0650	2.18292743e+09
0.0250	0.0650	0.0750	4.73227151e+09
0.0250	0.0650	0.0850	3.63393069e+09
0.0250	0.0650	0.0950	6.68831783e+09
0.0250	0.0750	0.0750	2.53344405e+09
0.0250	0.0750	0.0850	3.57246619e+09
0.0250	0.0750	0.0950	4.40158394e+09
0.0250	0.0750	0.1050	4.85685879e+09
0.0250	0.0850	0.0850	2.58753010e+09
0.0250	0.0850	0.0950	2.34262017e+09
0.0250	0.0850	0.1050	3.75360241e+09
0.0250	0.0850	0.1150	2.36794739e+09
0.0250	0.0950	0.0950	2.50257406e+09
0.0250	0.0950	0.1050	2.25617071e+09
0.0250	0.0950	0.1150	3.04916741e+09
0.0250	0.0950	0.1250	3.04036838e+09
0.0250	0.1050	0.1050	2.18008372e+09
0.0250	0.1050	0.1150	1.58345790e+09
0.0250	0.1050	0.1250	2.50262084e+09
0.0250	0.1050	0.1350	3.21761671e+09
0.0250	0.1150	0.1150	1.68420130e+09
0.0250	0.1150	0.1250	1.81744972e+09
0.0250	0.1150	0.1350	2.69302543e+09
0.0250	0.1150	0.1450	2.57792222e+09
0.0250	0.1250	0.1250	2.43138028e+09
0.0250	0.1250	0.1350	1.35833308e+09
0.0250	0.1250	0.1450	2.25390573e+09
0.0250	0.1350	0.1350	1.62537690e+09
0.0250	0.1350	0.1450	1.29755148e+09
0.0250	0.1450	0.1450	1.45872407e+09
0.0350	0.0350	0.0350	1.85324074e+08
0.0350	0.0350	0.0450	8.46002988e+09
0.0350	0.0350	0.0550	3.35186318e+09
0.0350	0.0350	0.0650	7.41498561e+09
0.0350	0.0350	0.0750	1.83144490e+09
0.0350	0.0450	0.0450	6.49396459e+08
0.0350	0.0450	0.0550	1.96695673e+09
0.0350	0.0450	0.0650	1.78743404e+09
0.0350	0.0450	0.0750	5.88744153e+09
0.0350	0.0450	0.0850	3.87970139e+09
0.0350	0.0550	0.0550	1.67052385e+09
0.0350	0.0550	0.0650	3.87192148e+09
0.0350	0.0550	0.0750	1.80666028e+09
0.0350	0.0550	0.0850	3.76411116e+09
0.0350	0.0550	0.0950	5.43232580e+09
0.0350	0.0650	0.0650	3.10375095e+09
0.0350	0.0650	0.0750	2.70901055e+09
0.0350	0.0650	0.0850	2.72468079e+09
0.0350	0.0650	0.0950	4.20333986e+09
0.0350	0.0650	0.1050	3.61890029e+09
0.0350	0.0750	0.0750	2.15518869e+09
0.0350	0.0750	0.0850	2.19226619e+09
0.0350	0.0750	0.0950	2.14303852e+09
0.0350	0.0750	0.1050	3.40498779e+09
0.0350	0.0750	0.1150	2.23049088e+09
0.0350	0.0850	0.0850	1.42389444e+09
0.0350	0.0850	0.0950	2.16893156e+09
0.0350	0.0850	0.1050	1.90575697e+09
0.0350	0.0850	0.1150	2.91375577e+09
0.0350	0.0850	0.1250	1.56220310e+09
0.0350	0.0950	0.0950	8.76488471e+08
0.0350	0.0950	0.1050	1.66308760e+09
0.0350	0.0950	0.1150	2.01535121e+09
0.0350	0.0950	0.1250	1.79204399e+09
0.0350	0.0950	0.1350	2.87781959e+09
0.0350	0.1050	0.1050	1.50420078e+09
0.0350	0.1050	0.1150	1.41039867e+09
0.0350	0.1050	0.1250	1.77902425e+09
0.0350	0.1050	0.1350	1.99249729e+09
0.0350	0.1050	0.1450	1.61887589e+09
0.0350	0.1150	0.1150	1.41931165e+09
0.0350	0.1150	0.1250	1.16940892e+09
0.0350	0.1150	0.1350	1.65312537e+09
0.0350	0.1150	0.1450	1.71512566e+09
0.0350	0.1250	0.1250	6.35431144e+08
0.0350	0.1250	0.1350	1.11930791e+09
0.0350	0.1250	0.1450	1.29400093e+09
0.0350	0.1350	0.1350	1.22102116e+09
0.0350	0.1350	0.1450	1.50907846e+09
0.0350	0.1450	0.1450	7.33035805e+08
0.0450	0.0450	0.0450	3.45849678e+08
0.0450	0.0450	0.0550	3.01233209e+09
0.0450	0.0450	0.0650	2.10200361e+09
0.0450	0.0450	0.0750	3.99461606e+09
0.0450	0.0450	0.0850	4.44548972e+09
0.0450	0.0450	0.0950	6.36983248e+09
0.0450	0.0550	0.0550	2.31510125e+09
0.0450	0.0550	0.0650	2.18872262e+09
0.0450	0.0550	0.0750	2.50452671e+09
0.0450	0.0550	0.0850	2.30520907e+09
0.0450	0.0550	0.0950	2.90478841e+09
0.0450	0.0550	0.1050	3.13195950e+09
0.0450	0.0650	0.0650	2.07309148e+09
0.0450	0.0650	0.0750	2.23162036e+09
0.0450	0.0650	0.0850	2.09732571e+09
0.0450	0.0650	0.0950	2.01785738e+09
0.0450	0.0650	0.1050	2.92339561e+09
0.0450	0.0650	0.1150	3.02972583e+09
0.0450	0.0750	0.0750	1.99309893e+09
0.0450	0.0750	0.0850	1.97041136e+09
0.0450	0.0750	0.0950	1.99816372e+09
0.0450	0.0750	0.1050	1.82825340e+09
0.0450	0.0750	0.1150	3.30620596e+09
0.0450	0.0750	0.1250	2.05842721e+09
0.0450	0.0850	0.0850	1.78065330e+09
0.0450	0.0850	0.0950	1.47079176e+09
0.0450	0.0850	0.1050	1.89145235e+09
0.0450	0.0850	0.1150	1.88613040e+09
0.0450	0.0850	0.1250	2.28325694e+09
0.0450	0.0850	0.1350	2.21150378e+09
0.0450	0.0950	0.0950	1.97227071e+09
0.0450	0.0950	0.1050	1.43368719e+09
0.0450	0.0950	0.1150	1.50388469e+09
0.0450	0.0950	0.1250	1.89600910e+09
0.0450	0.0950	0.1350	1.65858758e+09
0.0450	0.0950	0.1450	2.06937709e+09
0.0450	0.1050	0.1050	7.27035534e+08
0.0450	0.1050	0.1150	1.28100554e+09
0.0450	0.1050	0.1250	1.43373636e+09
0.0450	0.1050	0.1350	1.24693706e+09
0.0450	0.1050	0.1450	1.70944038e+09
0.0450	0.1150	0.1150	1.27031553e+09
0.0450	0.1150	0.1250	1.28241885e+09
0.0450	0.1150	0.1350	1.13671339e+09
0.0450	0.1150	0.1450	1.45478633e+09
0.0450	0.1250	0.1250	1.00189854e+09
0.0450	0.1250	0.1350	1.12829383e+09
0.0450	0.1250	0.1450	1.21394925e+09
0.0450	0.1350	0.1350	9.97459622e+08
0.0450	0.1350	0.1450	8.23048609e+08
0.0450	0.1450	0.1450	7.76455949e+08
0.0550	0.0550	0.0550	-7.73079693e+08
0.0550	0.0550	0.0650	2.17870456e+09
0.0550	0.0550	0.0750	1.84585472e+09
0.0550	0.0550	0.0850	2.04798799e+09
0.0550	0.0550	0.0950	1.91798114e+09
0.0550	0.0550	0.1050	1.95582436e+09
0.0550	0.0550	0.1150	3.14165353e+09
0.0550	0.0650	0.0650	1.78123241e+09
0.0550	0.0650	0.0750	1.86168190e+09
0.0550	0.0650	0.0850	2.57974914e+09
0.0550	0.0650	0.0950	1.51701003e+09
0.0550	0.0650	0.1050	1.93564862e+09
0.0550	0.0650	0.1150	2.07930394e+09
0.0550	0.0650	0.1250	2.29814553e+09
0.0550	0.0750	0.0750	1.65329269e+09
0.0550	0.0750	0.0850	1.54187013e+09
0.0550	0.0750	0.0950	1.31564037e+09
0.0550	0.0750	0.1050	1.15290825e+09
0.0550	0.0750	0.1150	2.29813678e+09
0.0550	0.0750	0.1250	1.49409186e+09
0.0550	0.0750	0.1350	2.19931052e+09
0.0550	0.0850	0.0850	1.62548891e+09
0.0550	0.0850	0.0950	1.25634792e+09
0.0550	0.0850	0.1050	1.27815861e+09
0.0550	0.0850	0.1150	1.43027735e+09
0.0550	0.0850	0.1250	1.43147082e+09
0.0550	0.0850	0.1350	1.62410739e+09
0.0550	0.0850	0.1450	1.32745811e+09
0.0550	0.0950	0.0950	1.14378312e+09
0.0550	0.0950	0.1050	1.15130523e+09
0.0550	0.0950	0.1150	1.25561531e+09
0.0550	0.0950	0.1250	1.41465516e+09
0.0550	0.0950	0.1350	1.17624245e+09
0.0550	0.0950	0.1450	1.61364105e+09
0.0550	0.1050	0.1050	9.54295073e+08
0.0550	0.1050	0.1150	1.02896731e+09
0.0550	0.1050	0.1250	9.96878804e+08
0.0550	0.1050	0.1350	1.18271101e+09
0.0550	0.1050	0.1450	1.03142557e+09
0.0550	0.1150	0.1150	1.01293172e+09
0.0550	0.1150	0.1250	8.57299318e+08
0.0550	0.1150	0.1350	7.34551550e+08
0.0550	0.1150	0.1450	9.40971768e+08
0.0550	0.1250	0.1250	8.52580782e+08
0.0550	0.1250	0.1350	7.58579478e+08
0.0550	0.1250	0.1450	9.46926090e+08
0.0550	0.1350	0.1350	4.87073144e+08
0.0550	0.1350	0.1450	7.88032052e+08
0.0550	0.1450	0.1450	4.28110420e+08
0.0650	0.0650	0.0650	2.23195509e+09
0.0650	0.0650	0.0750	2.01835260e+09
0.0650	0.0650	0.0850	1.38091009e+09
0.0650	0.0650	0.0950	2.22173322e+09
0.0650	0.0650	0.1050	9.23262302e+08
0.0650	0.0650	0.1150	2.39367456e+09
0.0650	0.0650	0.1250	1.76294838e+09
0.0650	0.0650	0.1350	2.43468221e+09
0.0650	0.0750	0.0750	1.31181952e+09
0.0650	0.0750	0.0850	1.60719168e+09
0.0650	0.0750	0.0950	1.03362030e+09
0.0650	0.0750	0.1050	1.55460933e+09
0.0650	0.0750	0.1150	1.63953901e+09
0.0650	0.0750	0.1250	1.66462489e+09
0.0650	0.0750	0.1350	1.66553066e+09
0.0650	0.0750	0.1450	2.12713176e+09
0.0650	0.0850	0.0850	1.28383319e+09
0.0650	0.0850	0.0950	9.90657268e+08
0.0650	0.0850	0.1050	1.20922813e+09
0.0650	0.0850	0.1150	1.77687939e+09
0.0650	0.0850	0.1250	1.28905410e+09
0.0650	0.0850	0.1350	1.76455388e+09
0.0650	0.0850	0.1450	1.42816174e+09
0.0650	0.0950	0.0950	1.23030405e+09
0.0650	0.0950	0.1050	1.31009976e+09
0.0650	0.0950	0.1150	1.06399643e+09
0.0650	0.0950	0.1250	1.06192889e+09
0.0650	0.0950	0.1350	1.12586839e+09
0.0650	0.0950	0.1450	1.08732350e+09
0.0650	0.1050	0.1050	9.95796071e+08
0.0650	0.1050	0.1150	1.16073077e+09
0.0650	0.1050	0.1250	9.10694493e+08
0.0650	0.1050	0.1350	9.30137549e+08
0.0650	0.1050	0.1450	9.90165813e+08
0.0650	0.1150	0.1150	8.68699193e+08
0.0650	0.1150	0.1250	1.04761983e+09
0.0650	0.1150	0.1350	9.43479521e+08
0.0650	0.1150	0.1450	8.87709780e+08
0.0650	0.1250	0.1250	8.99904982e+08
0.0650	0.1250	0.1350	4.65740486e+08
0.0650	0.1250	0.1450	1.01131996e+09
0.0650	0.1350	0.1350	9.85971235e+08
0.0650	0.1350	0.1450	7.81561971e+08
0.0650	0.1450	0.1450	6.20863978e+08
0.0750	0.0750	0.0750	2.60298719e+09
0.0750	0.0750	0.0850	7.89737604e+08
0.0750	0.0750	0.0950	1.23578556e+09
0.0750	0.0750	0.1050	1.07452426e+09
0.0750	0.0750	0.1150	1.69820847e+09
0.0750	0.0750	0.1250	8.91091465e+08
0.0750	0.0750	0.1350	1.43243109e+09
0.0750	0.0750	0.1450	1.93195360e+09
0.0750	0.0850	0.0850	1.09008926e+09
0.0750	0.0850	0.0950	1.32269036e+09
0.0750	0.0850	0.1050	1.03588374e+09
0.0750	0.0850	0.1150	7.67532712e+08
0.0750	0.0850	0.1250	1.13495612e+09
0.0750	0.0850	0.1350	1.21605304e+09
0.0750	0.0850	0.1450	1.43672630e+09
0.0750	0.0950	0.0950	1.47846911e+09
0.0750	0.0950	0.1050	6.20140660e+08
0.0750	0.0950	0.1150	8.78181681e+08
0.0750	0.0950	0.1250	9.52103145e+08
0.0750	0.0950	0.1350	1.19733968e+09
0.0750	0.0950	0.1450	1.04738569e+09
0.0750	0.1050	0.1050	7.41657037e+08
0.0750	0.1050	0.1150	1.03437359e+09
0.0750	0.1050	0.1250	9.47840119e+08
0.0750	0.1050	0.1350	8.20108473e+08
0.0750	0.1050	0.1450	7.22416038e+08
0.0750	0.1150	0.1150	1.01464029e+09
0.0750	0.1150	0.1250	5.95180032e+08
0.0750	0.1150	0.1350	7.72901699e+08
0.0750	0.1150	0.1450	8.37287782e+08
0.0750	0.1250	0.1250	5.66039725e+08
0.0750	0.1250	0.1350	1.00565349e+09
0.0750	0.1250	0.1450	6.15644930e+08
0.0750	0.1350	0.1350	8.11044988e+08
0.0750	0.1350	0.1450	6.33498317e+08
0.0750	0.1450	0.1450	6.16853008e+08
0.0850	0.0850	0.0850	1.90616706e+09
0.0850	0.0850	0.0950	7.86055883e+08
0.0850	0.0850	0.1050	4.08820979e+08
0.0850	0.0850	0.1150	1.03337229e+09
0.0850	0.0850	0.1250	9.92254721e+08
0.0850	0.0850	0.1350	1.06465885e+09
0.0850	0.0850	0.1450	6.95516854e+08
0.0850	0.0950	0.0950	6.96745065e+08
0.0850	0.0950	0.1050	8.02155949e+08
0.0850	0.0950	0.1150	8.76294157e+08
0.0850	0.0950	0.1250	6.33781355e+08
0.0850	0.0950	0.1350	5.91198817e+08
0.0850	0.0950	0.1450	8.18673832e+08
0.0850	0.1050	0.1050	1.00053344e+09
0.0850	0.1050	0.1150	7.18595309e+08
0.0850	0.1050	0.1250	6.89459819e+08
0.0850	0.1050	0.1350	7.25171284e+08
0.0850	0.1050	0.1450	5.88083106e+08
0.0850	0.1150	0.1150	6.71548632e+08
0.0850	0.1150	0.1250	5.05832985e+08
0.0850	0.1150	0.1350	6.49432540e+08
0.0850	0.1150	0.1450	5.96050596e+08
0.0850	0.1250	0.1250	8.47466531e+08
0.0850	0.1250	0.1350	5.23655075e+08
0.0850	0.1250	0.1450	4.96667352e+08
0.0850	0.1350	0.1350	6.26709928e+08
0.0850	0.1350	0.1450	6.03395116e+08
0.0850	0.1450	0.1450	5.47440045e+08
0.0950	0.0950	0.0950	8.99205808e+08
0.0950	0.0950	0.1050	5.21658986e+08
0.0950	0.0950	0.1150	6.63066797e+08
0.0950	0.0950	0.1250	7.26347386e+08
0.0950	0.0950	0.1350	7.18247598e+08
0.0950	0.0950	0.1450	5.05191649e+08
0.0950	0.1050	0.1050	7.44509831e+08
0.0950	0.1050	0.1150	5.67906005e+08
0.0950	0.1050	0.1250	6.81750312e+08
0.0950	0.1050	0.1350	6.06467026e+08
0.0950	0.1050	0.1450	6.01820473e+08
0.0950	0.1150	0.1150	6.06887902e+08
0.0950	0.1150	0.1250	5.41321164e+08
0.0950	0.1150	0.1350	6.04456414e+08
0.0950	0.1150	0.1450	6.84356980e+08
0.0950	0.1250	0.1250	6.93983037e+08
0.0950	0.1250	0.1350	4.00700361e+08
0.0950	0.1250	0.1450	5.52457137e+08
0.0950	0.1350	0.1350	7.12763190e+08
0.0950	0.1350	0.1450	5.77158615e+08
0.0950	0.1450	0.1450	4.30506197e+08
0.1050	0.1050	0.1050	8.68528129e+08
0.1050	0.1050	0.1150	6.08803244e+08
0.1050	0.1050	0.1250	6.50523048e+08
0.1050	0.1050	0.1350	5.84290291e+08
0.1050	0.1050	0.1450	3.83337721e+08
0.1050	0.1150	0.1150	6.03486419e+08
0.1050	0.1150	0.1250	5.91482137e+08
0.1050	0.1150	0.1350	6.24395896e+08
0.1050	0.1150	0.1450	4.77675358e+08
0.1050	0.1250	0.1250	4.13661288e+08
0.1050	0.1250	0.1350	4.31391268e+08
0.1050	0.1250	0.1450	4.60044650e+08
0.1050	0.1350	0.1350	4.92562262e+08
0.1050	0.1350	0.1450	4.44665808e+08
0.1050	0.1450	0.1450	4.18625929e+08
0.1150	0.1150	0.1150	5.23739375e+08
0.1150	0.1150	0.1250	4.10483646e+08
0.1150	0.1150	0.1350	5.35662174e+08
0.1150	0.1150	0.1450	4.59097820e+08
0.1150	0.1250	0.1250	5.31469969e+08
0.1150	0.1250	0.1350	5.00904659e+08
0.1150	0.1250	0.1450	5.61278043e+08
0.1150	0.1350	0.1350	5.42309855e+08
0.1150	0.1350	0.1450	4.58977763e+08
0.1150	0.1450	0.1450	3.28806109e+08
0.1250	0.1250	0.1250	4.99634970e+08
0.1250	0.1250	0.1350	6.01613141e+08
0.1250	0.1250	0.1450	4.98089177e+08
0.1250	0.1350	0.1350	4.01830130e+08
0.1250	0.1350	0.1450	3.63962730e+08
0.1250	0.1450	0.1450	4.08823435e+08
0.1350	0.1350	0.1350	4.19883049e+08
0.1350	0.1350	0.1450	3.80861826e+08
0.1350	0.1450	0.1450	4.02156392e+08
0.1450	0.1450	0.1450	2.20645020e+08
