####### Bispectrum of Patchy Simulation 1807 #############
# Patch: ngc
# z-type: z3
# Weights: fkp
# Fiducial Omega_m: 0.310
# Fiducial h: 0.676
# Boxsize: [1800.0, 3400.0, 1900.0]
# Grid: [170, 325, 180]
# k-binning: [0.000, 0.160, 0.010]
# Monte Carlo Simulations: 100
#
# Format: k1 | k2 | k3 | B(k1,k2,k3)
############################################
0.0150	0.0150	0.0150	1.37049586e+10
0.0150	0.0150	0.0250	1.92383710e+10
0.0150	0.0150	0.0350	3.37883652e+09
0.0150	0.0250	0.0250	1.77778879e+10
0.0150	0.0250	0.0350	1.32190276e+10
0.0150	0.0250	0.0450	1.18077227e+10
0.0150	0.0350	0.0350	6.77237330e+09
0.0150	0.0350	0.0450	8.97902816e+09
0.0150	0.0350	0.0550	3.55424305e+09
0.0150	0.0450	0.0450	6.09737769e+09
0.0150	0.0450	0.0550	7.05150086e+09
0.0150	0.0450	0.0650	1.14268604e+10
0.0150	0.0550	0.0550	4.20949500e+09
0.0150	0.0550	0.0650	4.49043225e+09
0.0150	0.0550	0.0750	8.22065969e+09
0.0150	0.0650	0.0650	6.33398888e+09
0.0150	0.0650	0.0750	3.45353980e+09
0.0150	0.0650	0.0850	4.19198617e+09
0.0150	0.0750	0.0750	1.06386560e+09
0.0150	0.0750	0.0850	4.81673402e+09
0.0150	0.0750	0.0950	4.62408910e+09
0.0150	0.0850	0.0850	3.91367630e+09
0.0150	0.0850	0.0950	4.02388311e+09
0.0150	0.0850	0.1050	4.30468973e+09
0.0150	0.0950	0.0950	5.37248331e+08
0.0150	0.0950	0.1050	3.56151581e+09
0.0150	0.0950	0.1150	4.39915516e+09
0.0150	0.1050	0.1050	1.46166978e+09
0.0150	0.1050	0.1150	2.47364172e+09
0.0150	0.1050	0.1250	4.43606024e+09
0.0150	0.1150	0.1150	2.49240891e+09
0.0150	0.1150	0.1250	2.10529561e+09
0.0150	0.1150	0.1350	2.71217251e+09
0.0150	0.1250	0.1250	9.43427261e+08
0.0150	0.1250	0.1350	2.75794147e+09
0.0150	0.1250	0.1450	2.72338079e+09
0.0150	0.1350	0.1350	1.67411241e+09
0.0150	0.1350	0.1450	2.34589365e+09
0.0150	0.1450	0.1450	1.39680533e+09
0.0250	0.0250	0.0250	1.24777435e+10
0.0250	0.0250	0.0350	4.46137419e+09
0.0250	0.0250	0.0450	9.23058999e+09
0.0250	0.0250	0.0550	-4.52771351e+09
0.0250	0.0350	0.0350	2.17314947e+09
0.0250	0.0350	0.0450	6.93294320e+09
0.0250	0.0350	0.0550	8.91066399e+09
0.0250	0.0350	0.0650	8.17515777e+09
0.0250	0.0450	0.0450	3.38597241e+09
0.0250	0.0450	0.0550	6.04599562e+09
0.0250	0.0450	0.0650	4.30054984e+09
0.0250	0.0450	0.0750	1.05484779e+09
0.0250	0.0550	0.0550	3.93834035e+09
0.0250	0.0550	0.0650	4.45605096e+09
0.0250	0.0550	0.0750	4.27457669e+09
0.0250	0.0550	0.0850	5.38109635e+09
0.0250	0.0650	0.0650	3.81670549e+08
0.0250	0.0650	0.0750	3.63823635e+09
0.0250	0.0650	0.0850	4.46492956e+09
0.0250	0.0650	0.0950	3.86963133e+09
0.0250	0.0750	0.0750	2.51232524e+09
0.0250	0.0750	0.0850	3.48936046e+09
0.0250	0.0750	0.0950	4.29493480e+09
0.0250	0.0750	0.1050	2.90310680e+09
0.0250	0.0850	0.0850	3.35757717e+09
0.0250	0.0850	0.0950	1.94403766e+09
0.0250	0.0850	0.1050	3.50319409e+09
0.0250	0.0850	0.1150	5.63147828e+09
0.0250	0.0950	0.0950	1.74237892e+09
0.0250	0.0950	0.1050	1.58287739e+09
0.0250	0.0950	0.1150	2.53138730e+09
0.0250	0.0950	0.1250	1.98958880e+09
0.0250	0.1050	0.1050	2.12080005e+09
0.0250	0.1050	0.1150	2.31604107e+09
0.0250	0.1050	0.1250	2.68398735e+09
0.0250	0.1050	0.1350	3.72047129e+09
0.0250	0.1150	0.1150	7.50947334e+08
0.0250	0.1150	0.1250	1.48407888e+09
0.0250	0.1150	0.1350	2.05795483e+09
0.0250	0.1150	0.1450	2.71402962e+09
0.0250	0.1250	0.1250	1.41686659e+09
0.0250	0.1250	0.1350	1.64094802e+09
0.0250	0.1250	0.1450	2.25985685e+09
0.0250	0.1350	0.1350	1.61489236e+09
0.0250	0.1350	0.1450	1.54676961e+09
0.0250	0.1450	0.1450	9.69538962e+08
0.0350	0.0350	0.0350	4.78078676e+09
0.0350	0.0350	0.0450	2.97600474e+09
0.0350	0.0350	0.0550	6.24076238e+09
0.0350	0.0350	0.0650	7.26786070e+09
0.0350	0.0350	0.0750	4.32209075e+09
0.0350	0.0450	0.0450	2.82732156e+09
0.0350	0.0450	0.0550	3.48710406e+09
0.0350	0.0450	0.0650	4.31975772e+09
0.0350	0.0450	0.0750	5.76029328e+09
0.0350	0.0450	0.0850	3.87071558e+09
0.0350	0.0550	0.0550	3.76526903e+09
0.0350	0.0550	0.0650	3.13658180e+09
0.0350	0.0550	0.0750	2.48406639e+09
0.0350	0.0550	0.0850	2.98344210e+09
0.0350	0.0550	0.0950	5.50090695e+09
0.0350	0.0650	0.0650	4.60635953e+09
0.0350	0.0650	0.0750	1.91310180e+09
0.0350	0.0650	0.0850	2.59499610e+09
0.0350	0.0650	0.0950	3.24336552e+09
0.0350	0.0650	0.1050	4.60520405e+09
0.0350	0.0750	0.0750	2.12567927e+09
0.0350	0.0750	0.0850	2.52422109e+09
0.0350	0.0750	0.0950	1.93872856e+09
0.0350	0.0750	0.1050	2.51244304e+09
0.0350	0.0750	0.1150	3.41293680e+09
0.0350	0.0850	0.0850	1.01919530e+09
0.0350	0.0850	0.0950	1.52338996e+09
0.0350	0.0850	0.1050	2.04913261e+09
0.0350	0.0850	0.1150	2.26191645e+09
0.0350	0.0850	0.1250	3.67357244e+09
0.0350	0.0950	0.0950	1.72240085e+09
0.0350	0.0950	0.1050	1.19042459e+09
0.0350	0.0950	0.1150	1.85674401e+09
0.0350	0.0950	0.1250	2.54510864e+09
0.0350	0.0950	0.1350	1.35576872e+09
0.0350	0.1050	0.1050	9.97451447e+08
0.0350	0.1050	0.1150	1.47813388e+09
0.0350	0.1050	0.1250	1.36565291e+09
0.0350	0.1050	0.1350	2.24314956e+09
0.0350	0.1050	0.1450	2.05132007e+09
0.0350	0.1150	0.1150	1.68110261e+09
0.0350	0.1150	0.1250	1.37260820e+09
0.0350	0.1150	0.1350	1.44054777e+09
0.0350	0.1150	0.1450	1.77891244e+09
0.0350	0.1250	0.1250	1.14578112e+09
0.0350	0.1250	0.1350	1.15684774e+09
0.0350	0.1250	0.1450	1.11814854e+09
0.0350	0.1350	0.1350	1.00300609e+09
0.0350	0.1350	0.1450	1.18711404e+09
0.0350	0.1450	0.1450	8.32139087e+08
0.0450	0.0450	0.0450	5.44796175e+09
0.0450	0.0450	0.0550	3.94659406e+09
0.0450	0.0450	0.0650	4.77491570e+08
0.0450	0.0450	0.0750	2.31215353e+09
0.0450	0.0450	0.0850	1.73952078e+09
0.0450	0.0450	0.0950	4.85510750e+09
0.0450	0.0550	0.0550	1.43544181e+09
0.0450	0.0550	0.0650	1.78670460e+09
0.0450	0.0550	0.0750	3.18309388e+09
0.0450	0.0550	0.0850	2.89193471e+09
0.0450	0.0550	0.0950	3.63562361e+09
0.0450	0.0550	0.1050	9.33524005e+08
0.0450	0.0650	0.0650	2.54635698e+09
0.0450	0.0650	0.0750	2.26492437e+09
0.0450	0.0650	0.0850	2.04137739e+09
0.0450	0.0650	0.0950	2.42412056e+09
0.0450	0.0650	0.1050	3.33002443e+09
0.0450	0.0650	0.1150	2.79440788e+09
0.0450	0.0750	0.0750	1.95323309e+09
0.0450	0.0750	0.0850	1.16190434e+09
0.0450	0.0750	0.0950	1.85102608e+09
0.0450	0.0750	0.1050	1.65040070e+09
0.0450	0.0750	0.1150	2.29733694e+09
0.0450	0.0750	0.1250	2.46481884e+09
0.0450	0.0850	0.0850	2.42054471e+09
0.0450	0.0850	0.0950	1.62202349e+09
0.0450	0.0850	0.1050	1.23674084e+09
0.0450	0.0850	0.1150	2.09393723e+09
0.0450	0.0850	0.1250	2.08627186e+09
0.0450	0.0850	0.1350	2.46975719e+09
0.0450	0.0950	0.0950	1.59074115e+09
0.0450	0.0950	0.1050	1.28219820e+09
0.0450	0.0950	0.1150	1.42791099e+09
0.0450	0.0950	0.1250	1.46176262e+09
0.0450	0.0950	0.1350	1.55611095e+09
0.0450	0.0950	0.1450	2.60753154e+09
0.0450	0.1050	0.1050	1.61543879e+09
0.0450	0.1050	0.1150	1.21763812e+09
0.0450	0.1050	0.1250	1.10569821e+09
0.0450	0.1050	0.1350	1.14963853e+09
0.0450	0.1050	0.1450	1.32048559e+09
0.0450	0.1150	0.1150	1.37395242e+09
0.0450	0.1150	0.1250	1.03394013e+09
0.0450	0.1150	0.1350	1.15683834e+09
0.0450	0.1150	0.1450	1.61487483e+09
0.0450	0.1250	0.1250	1.46770509e+09
0.0450	0.1250	0.1350	7.03991943e+08
0.0450	0.1250	0.1450	1.11036373e+09
0.0450	0.1350	0.1350	1.19839201e+09
0.0450	0.1350	0.1450	8.58989851e+08
0.0450	0.1450	0.1450	7.95929918e+08
0.0550	0.0550	0.0550	1.60036619e+09
0.0550	0.0550	0.0650	2.65703478e+09
0.0550	0.0550	0.0750	1.78429938e+09
0.0550	0.0550	0.0850	1.97145831e+09
0.0550	0.0550	0.0950	2.71381111e+09
0.0550	0.0550	0.1050	3.56487201e+09
0.0550	0.0550	0.1150	3.81275526e+09
0.0550	0.0650	0.0650	1.36581364e+09
0.0550	0.0650	0.0750	1.81025507e+09
0.0550	0.0650	0.0850	1.35679941e+09
0.0550	0.0650	0.0950	1.59019979e+09
0.0550	0.0650	0.1050	2.01277979e+09
0.0550	0.0650	0.1150	2.26284029e+09
0.0550	0.0650	0.1250	2.27703485e+09
0.0550	0.0750	0.0750	1.37626798e+09
0.0550	0.0750	0.0850	1.61016608e+09
0.0550	0.0750	0.0950	1.35142194e+09
0.0550	0.0750	0.1050	1.51933042e+09
0.0550	0.0750	0.1150	1.87084309e+09
0.0550	0.0750	0.1250	2.22083171e+09
0.0550	0.0750	0.1350	1.53351576e+09
0.0550	0.0850	0.0850	1.33127457e+09
0.0550	0.0850	0.0950	1.30226988e+09
0.0550	0.0850	0.1050	1.38842792e+09
0.0550	0.0850	0.1150	1.63874425e+09
0.0550	0.0850	0.1250	1.53813455e+09
0.0550	0.0850	0.1350	2.35723632e+09
0.0550	0.0850	0.1450	2.15989176e+09
0.0550	0.0950	0.0950	1.36317791e+09
0.0550	0.0950	0.1050	1.01659903e+09
0.0550	0.0950	0.1150	1.11980200e+09
0.0550	0.0950	0.1250	1.15206095e+09
0.0550	0.0950	0.1350	1.28085335e+09
0.0550	0.0950	0.1450	1.75110595e+09
0.0550	0.1050	0.1050	6.57085234e+08
0.0550	0.1050	0.1150	1.16366456e+09
0.0550	0.1050	0.1250	8.89873342e+08
0.0550	0.1050	0.1350	1.28628133e+09
0.0550	0.1050	0.1450	1.29034245e+09
0.0550	0.1150	0.1150	6.51513762e+08
0.0550	0.1150	0.1250	1.08110011e+09
0.0550	0.1150	0.1350	1.14724543e+09
0.0550	0.1150	0.1450	9.76701447e+08
0.0550	0.1250	0.1250	6.84707952e+08
0.0550	0.1250	0.1350	8.50669510e+08
0.0550	0.1250	0.1450	8.59182089e+08
0.0550	0.1350	0.1350	6.57681304e+08
0.0550	0.1350	0.1450	1.01338263e+09
0.0550	0.1450	0.1450	8.57896331e+08
0.0650	0.0650	0.0650	2.30577679e+09
0.0650	0.0650	0.0750	2.20306634e+09
0.0650	0.0650	0.0850	1.53932848e+09
0.0650	0.0650	0.0950	1.78409313e+09
0.0650	0.0650	0.1050	1.41889061e+09
0.0650	0.0650	0.1150	1.88425754e+09
0.0650	0.0650	0.1250	2.62752873e+09
0.0650	0.0650	0.1350	1.82101155e+09
0.0650	0.0750	0.0750	8.73729877e+08
0.0650	0.0750	0.0850	1.58552861e+09
0.0650	0.0750	0.0950	1.68419260e+09
0.0650	0.0750	0.1050	1.47612084e+09
0.0650	0.0750	0.1150	1.17363791e+09
0.0650	0.0750	0.1250	2.04133678e+09
0.0650	0.0750	0.1350	1.63661466e+09
0.0650	0.0750	0.1450	2.03916749e+09
0.0650	0.0850	0.0850	1.18342337e+09
0.0650	0.0850	0.0950	8.45855833e+08
0.0650	0.0850	0.1050	1.11751381e+09
0.0650	0.0850	0.1150	1.18264370e+09
0.0650	0.0850	0.1250	1.36973568e+09
0.0650	0.0850	0.1350	1.47052834e+09
0.0650	0.0850	0.1450	1.38918995e+09
0.0650	0.0950	0.0950	1.23656245e+09
0.0650	0.0950	0.1050	9.64144161e+08
0.0650	0.0950	0.1150	1.17960255e+09
0.0650	0.0950	0.1250	8.76852085e+08
0.0650	0.0950	0.1350	1.02336226e+09
0.0650	0.0950	0.1450	1.22505108e+09
0.0650	0.1050	0.1050	8.91522794e+08
0.0650	0.1050	0.1150	9.85725589e+08
0.0650	0.1050	0.1250	7.08351669e+08
0.0650	0.1050	0.1350	8.92070078e+08
0.0650	0.1050	0.1450	6.75982195e+08
0.0650	0.1150	0.1150	9.74911274e+08
0.0650	0.1150	0.1250	8.44318703e+08
0.0650	0.1150	0.1350	9.82963360e+08
0.0650	0.1150	0.1450	8.93664583e+08
0.0650	0.1250	0.1250	1.03416377e+09
0.0650	0.1250	0.1350	6.32811758e+08
0.0650	0.1250	0.1450	8.27863657e+08
0.0650	0.1350	0.1350	8.42071631e+08
0.0650	0.1350	0.1450	5.32552069e+08
0.0650	0.1450	0.1450	7.40149770e+08
0.0750	0.0750	0.0750	2.09149621e+09
0.0750	0.0750	0.0850	7.14983473e+08
0.0750	0.0750	0.0950	1.40068916e+09
0.0750	0.0750	0.1050	1.31137336e+09
0.0750	0.0750	0.1150	1.90630221e+09
0.0750	0.0750	0.1250	9.29120051e+08
0.0750	0.0750	0.1350	7.24070240e+08
0.0750	0.0750	0.1450	1.83645699e+09
0.0750	0.0850	0.0850	1.13632099e+09
0.0750	0.0850	0.0950	8.14825863e+08
0.0750	0.0850	0.1050	1.02893244e+09
0.0750	0.0850	0.1150	9.75181117e+08
0.0750	0.0850	0.1250	9.20909549e+08
0.0750	0.0850	0.1350	1.36902144e+09
0.0750	0.0850	0.1450	1.07474072e+09
0.0750	0.0950	0.0950	1.16160653e+09
0.0750	0.0950	0.1050	8.42884875e+08
0.0750	0.0950	0.1150	7.03839991e+08
0.0750	0.0950	0.1250	1.02929679e+09
0.0750	0.0950	0.1350	9.67116966e+08
0.0750	0.0950	0.1450	8.66795841e+08
0.0750	0.1050	0.1050	8.02525259e+08
0.0750	0.1050	0.1150	5.68092044e+08
0.0750	0.1050	0.1250	9.04092260e+08
0.0750	0.1050	0.1350	6.21644630e+08
0.0750	0.1050	0.1450	9.21175986e+08
0.0750	0.1150	0.1150	7.13051305e+08
0.0750	0.1150	0.1250	9.32519401e+08
0.0750	0.1150	0.1350	5.25226179e+08
0.0750	0.1150	0.1450	6.71981776e+08
0.0750	0.1250	0.1250	5.48954296e+08
0.0750	0.1250	0.1350	8.05266227e+08
0.0750	0.1250	0.1450	7.95748302e+08
0.0750	0.1350	0.1350	5.10034065e+08
0.0750	0.1350	0.1450	6.20605272e+08
0.0750	0.1450	0.1450	7.10615980e+08
0.0850	0.0850	0.0850	8.05770318e+08
0.0850	0.0850	0.0950	8.39153743e+08
0.0850	0.0850	0.1050	1.04855273e+09
0.0850	0.0850	0.1150	1.01645487e+09
0.0850	0.0850	0.1250	1.00465505e+09
0.0850	0.0850	0.1350	9.04159113e+08
0.0850	0.0850	0.1450	1.27297905e+09
0.0850	0.0950	0.0950	1.22650008e+09
0.0850	0.0950	0.1050	6.41959324e+08
0.0850	0.0950	0.1150	6.52757288e+08
0.0850	0.0950	0.1250	7.28042117e+08
0.0850	0.0950	0.1350	6.91094601e+08
0.0850	0.0950	0.1450	7.36840081e+08
0.0850	0.1050	0.1050	6.49621093e+08
0.0850	0.1050	0.1150	5.74942037e+08
0.0850	0.1050	0.1250	8.02621030e+08
0.0850	0.1050	0.1350	7.01759432e+08
0.0850	0.1050	0.1450	7.63654745e+08
0.0850	0.1150	0.1150	7.08725924e+08
0.0850	0.1150	0.1250	7.01527119e+08
0.0850	0.1150	0.1350	6.92296309e+08
0.0850	0.1150	0.1450	6.29586982e+08
0.0850	0.1250	0.1250	6.71097318e+08
0.0850	0.1250	0.1350	6.03701000e+08
0.0850	0.1250	0.1450	5.15206901e+08
0.0850	0.1350	0.1350	6.23072051e+08
0.0850	0.1350	0.1450	6.90452964e+08
0.0850	0.1450	0.1450	3.61106563e+08
0.0950	0.0950	0.0950	6.63889684e+08
0.0950	0.0950	0.1050	1.16206107e+09
0.0950	0.0950	0.1150	1.00589447e+09
0.0950	0.0950	0.1250	8.14564750e+08
0.0950	0.0950	0.1350	5.26933563e+08
0.0950	0.0950	0.1450	6.35372086e+08
0.0950	0.1050	0.1050	4.95822080e+08
0.0950	0.1050	0.1150	5.65614644e+08
0.0950	0.1050	0.1250	6.91610235e+08
0.0950	0.1050	0.1350	5.86645011e+08
0.0950	0.1050	0.1450	7.18688725e+08
0.0950	0.1150	0.1150	8.36429191e+08
0.0950	0.1150	0.1250	6.12908354e+08
0.0950	0.1150	0.1350	6.86912637e+08
0.0950	0.1150	0.1450	5.25544673e+08
0.0950	0.1250	0.1250	4.85206683e+08
0.0950	0.1250	0.1350	6.44170952e+08
0.0950	0.1250	0.1450	5.55172721e+08
0.0950	0.1350	0.1350	6.15211058e+08
0.0950	0.1350	0.1450	4.41412538e+08
0.0950	0.1450	0.1450	5.47563203e+08
0.1050	0.1050	0.1050	3.41752679e+08
0.1050	0.1050	0.1150	6.88304190e+08
0.1050	0.1050	0.1250	5.51847476e+08
0.1050	0.1050	0.1350	4.84613692e+08
0.1050	0.1050	0.1450	5.11692857e+08
0.1050	0.1150	0.1150	6.99466711e+08
0.1050	0.1150	0.1250	5.39537557e+08
0.1050	0.1150	0.1350	5.30213753e+08
0.1050	0.1150	0.1450	4.78706026e+08
0.1050	0.1250	0.1250	5.11757947e+08
0.1050	0.1250	0.1350	5.45532905e+08
0.1050	0.1250	0.1450	5.24580212e+08
0.1050	0.1350	0.1350	4.46323058e+08
0.1050	0.1350	0.1450	4.39042070e+08
0.1050	0.1450	0.1450	4.81165882e+08
0.1150	0.1150	0.1150	4.77959238e+08
0.1150	0.1150	0.1250	4.14310613e+08
0.1150	0.1150	0.1350	6.09624704e+08
0.1150	0.1150	0.1450	4.56578513e+08
0.1150	0.1250	0.1250	7.20785731e+08
0.1150	0.1250	0.1350	4.55634806e+08
0.1150	0.1250	0.1450	4.73851827e+08
0.1150	0.1350	0.1350	5.38229888e+08
0.1150	0.1350	0.1450	4.55642459e+08
0.1150	0.1450	0.1450	4.76873902e+08
0.1250	0.1250	0.1250	1.31083598e+08
0.1250	0.1250	0.1350	5.99838744e+08
0.1250	0.1250	0.1450	5.70280522e+08
0.1250	0.1350	0.1350	4.74903514e+08
0.1250	0.1350	0.1450	4.20678582e+08
0.1250	0.1450	0.1450	3.88195119e+08
0.1350	0.1350	0.1350	4.36142864e+08
0.1350	0.1350	0.1450	3.24477664e+08
0.1350	0.1450	0.1450	4.70575946e+08
0.1450	0.1450	0.1450	4.26688990e+08
