####### Bispectrum of patchy_s1_ Simulation 1052 #############
# Weights: FKP
# Fiducial Omega_m: 0.310
# Fiducial h: 0.676
# Boxsize: [1000.0, 1900.0, 1100.0]
# Grid: [95, 250, 140]
# k-binning: [0.000, 0.110, 0.010]
# l-max: 4
# Monte Carlo Simulations: 100
#
# Format: k1 | k2 | k3 | B(k1,k2,k3) | B2(k1,k2,k3) | B4(k1,k2,k3)
############################################
0.0150	0.0150	0.0150	-1.52173387e+10	3.95298572e+10	-9.03286059e+09
0.0150	0.0150	0.0250	2.85508254e+10	4.49529817e+09	1.68396619e+11
0.0150	0.0250	0.0250	1.73726442e+10	5.98450489e+10	-4.54400624e+09
0.0150	0.0250	0.0350	2.05646643e+09	-8.57712457e+09	6.20334644e+09
0.0150	0.0350	0.0350	1.90838621e+10	1.05940572e+10	-3.43090610e+10
0.0150	0.0350	0.0450	3.46296428e+09	2.70960955e+09	1.76233557e+10
0.0150	0.0450	0.0450	1.30776939e+09	-1.72209271e+09	1.39921351e+10
0.0150	0.0450	0.0550	7.08024219e+09	3.37939852e+09	-5.51510214e+09
0.0150	0.0550	0.0550	1.29571568e+10	-2.07819324e+09	-2.97952879e+10
0.0150	0.0550	0.0650	6.94277881e+09	-2.49939136e+08	-9.33876775e+09
0.0150	0.0650	0.0650	5.85256814e+09	1.22665479e+10	1.02869468e+10
0.0150	0.0650	0.0750	1.04732123e+10	4.46338241e+09	-1.25968944e+09
0.0150	0.0750	0.0750	2.14113139e+09	-2.30467705e+09	2.44265587e+09
0.0250	0.0250	0.0250	2.74178965e+09	-1.99001598e+10	1.43797074e+10
0.0250	0.0250	0.0350	2.01952624e+08	2.92876235e+10	-1.76594382e+10
0.0250	0.0250	0.0450	4.18897309e+09	3.72618488e+09	6.96783535e+09
0.0250	0.0350	0.0350	-1.00344405e+09	-1.25476780e+10	-1.16784811e+10
0.0250	0.0350	0.0450	9.05268316e+09	-2.48525223e+09	-7.24958417e+09
0.0250	0.0350	0.0550	1.06971160e+10	-1.82245233e+10	4.88199482e+09
0.0250	0.0450	0.0450	-5.82843853e+09	5.24433318e+09	-1.97952183e+10
0.0250	0.0450	0.0550	6.96326445e+09	8.65946101e+09	-1.24954702e+09
0.0250	0.0450	0.0650	3.86001735e+09	1.29870834e+10	-2.92678337e+09
0.0250	0.0550	0.0550	5.95697416e+07	-4.48397776e+09	3.19291500e+09
0.0250	0.0550	0.0650	7.60505579e+09	2.75199193e+09	6.60031212e+09
0.0250	0.0550	0.0750	3.43469805e+09	3.20502005e+09	7.14683221e+09
0.0250	0.0650	0.0650	1.69028623e+09	-9.47287787e+09	-1.06469686e+10
0.0250	0.0650	0.0750	3.36916702e+09	-9.26803553e+08	4.13281636e+09
0.0250	0.0750	0.0750	3.59308769e+09	2.61176042e+09	9.37193973e+08
0.0350	0.0350	0.0350	-2.84547460e+08	-5.32557368e+09	1.63628545e+10
0.0350	0.0350	0.0450	4.18458899e+09	1.02692784e+10	-7.64989244e+09
0.0350	0.0350	0.0550	4.01421309e+09	-2.86647209e+08	-1.71627765e+09
0.0350	0.0350	0.0650	-1.38881452e+07	-1.35544508e+10	1.13818321e+09
0.0350	0.0450	0.0450	1.34682571e+09	-7.11101884e+09	1.77084252e+09
0.0350	0.0450	0.0550	4.01975411e+09	-7.33689263e+08	-2.14686213e+09
0.0350	0.0450	0.0650	6.81966111e+09	2.15410976e+09	-6.62436630e+09
0.0350	0.0450	0.0750	3.35337393e+09	2.88770379e+09	3.17326356e+09
0.0350	0.0550	0.0550	1.43423180e+09	2.77119328e+09	-3.89264065e+09
0.0350	0.0550	0.0650	1.20301446e+09	-1.98382929e+09	1.33731804e+09
0.0350	0.0550	0.0750	2.44904843e+09	-7.30089168e+08	2.27099589e+09
0.0350	0.0650	0.0650	5.59957163e+09	5.61250930e+09	-2.28170956e+09
0.0350	0.0650	0.0750	3.99226839e+09	2.13403653e+09	1.69559991e+09
0.0350	0.0750	0.0750	1.49936544e+08	-4.16367006e+09	2.16503665e+09
0.0450	0.0450	0.0450	4.18911878e+09	2.22025503e+09	2.89010541e+09
0.0450	0.0450	0.0550	-2.39752121e+08	1.95037710e+10	-1.56079395e+10
0.0450	0.0450	0.0650	1.02907919e+09	1.05123782e+09	-3.97583293e+08
0.0450	0.0450	0.0750	5.01165634e+09	-6.74176101e+09	1.89710333e+09
0.0450	0.0550	0.0550	2.97869056e+09	-1.91598678e+09	5.59175818e+08
0.0450	0.0550	0.0650	1.81241105e+09	1.76333819e+09	-2.23789743e+08
0.0450	0.0550	0.0750	3.35295568e+09	5.34652833e+09	-3.47509700e+09
0.0450	0.0650	0.0650	2.69181139e+09	5.92315030e+09	3.63041456e+09
0.0450	0.0650	0.0750	3.85262867e+08	2.54886653e+09	7.24283829e+08
0.0450	0.0750	0.0750	3.34340694e+09	-1.23296938e+09	-1.69866970e+09
0.0550	0.0550	0.0550	4.23556229e+09	1.38517676e+09	-3.91029335e+08
0.0550	0.0550	0.0650	1.65358520e+09	-2.19099267e+09	-1.35298428e+08
0.0550	0.0550	0.0750	4.73353570e+09	-3.08666044e+09	3.20773538e+09
0.0550	0.0650	0.0650	3.42214955e+09	2.92839227e+09	1.96223188e+09
0.0550	0.0650	0.0750	1.29043702e+09	-2.39357793e+09	-1.45742456e+09
0.0550	0.0750	0.0750	3.37922176e+09	1.58942521e+09	2.94765121e+09
0.0650	0.0650	0.0650	2.37381973e+09	-5.29309788e+09	-3.60619843e+09
0.0650	0.0650	0.0750	9.64808005e+08	2.95078625e+09	3.28076819e+09
0.0650	0.0750	0.0750	3.12406892e+09	1.80006061e+09	1.74022140e+09
0.0750	0.0750	0.0750	-4.95072357e+07	4.46365646e+09	7.35796030e+08
