####### Bispectrum of patchy_n3_ Simulation 599 #############
# Weights: FKP
# Fiducial Omega_m: 0.310
# Fiducial h: 0.676
# Boxsize: [1800.0, 3400.0, 1900.0]
# Grid: [170, 325, 180]
# k-binning: [0.000, 0.110, 0.010]
# l-max: 4
# Monte Carlo Simulations: 100
#
# Format: k1 | k2 | k3 | B(k1,k2,k3) | B2(k1,k2,k3) | B4(k1,k2,k3)
############################################
0.0150	0.0150	0.0150	-8.52324851e+09	-2.56974304e+09	-8.61910501e+09
0.0150	0.0150	0.0250	1.96996163e+10	-3.00672516e+10	-8.46143563e+10
0.0150	0.0250	0.0250	1.14079611e+10	-4.18783461e+09	-1.47520971e+09
0.0150	0.0250	0.0350	9.54807094e+09	1.61481386e+10	7.69075688e+08
0.0150	0.0350	0.0350	4.74530931e+09	-1.67646103e+10	3.39226408e+09
0.0150	0.0350	0.0450	8.24874633e+09	8.82901851e+09	1.07574452e+10
0.0150	0.0450	0.0450	7.32388299e+09	-4.81415197e+08	3.84492888e+09
0.0150	0.0450	0.0550	7.38542889e+09	6.21248380e+09	-7.48141972e+09
0.0150	0.0550	0.0550	4.33847950e+09	-3.83926384e+09	-4.91080355e+09
0.0150	0.0550	0.0650	2.95903165e+09	-5.26270423e+08	-5.57474108e+09
0.0150	0.0650	0.0650	3.24891397e+09	-4.55142547e+08	4.90871912e+09
0.0150	0.0650	0.0750	3.14081593e+09	-6.05685678e+09	-3.63464921e+08
0.0150	0.0750	0.0750	4.54126600e+09	9.66231466e+09	3.74513195e+09
0.0250	0.0250	0.0250	9.69471413e+08	-8.77767253e+09	1.18649583e+09
0.0250	0.0250	0.0350	7.77336210e+09	-6.97729023e+09	-1.23965842e+09
0.0250	0.0250	0.0450	1.57641868e+10	9.99818750e+08	-1.40091546e+10
0.0250	0.0350	0.0350	1.19794707e+10	1.15980286e+09	-1.25341549e+10
0.0250	0.0350	0.0450	2.83670835e+09	8.23429920e+09	2.73154421e+09
0.0250	0.0350	0.0550	6.88405945e+09	-4.44440222e+09	-1.42678052e+10
0.0250	0.0450	0.0450	2.16786146e+09	2.65878662e+08	-9.81115203e+09
0.0250	0.0450	0.0550	5.11493562e+09	8.81928172e+09	4.74855249e+09
0.0250	0.0450	0.0650	1.75822777e+09	-4.73963449e+09	-7.34713145e+09
0.0250	0.0550	0.0550	7.28660138e+08	-2.28812711e+09	1.89551072e+09
0.0250	0.0550	0.0650	4.04938776e+09	2.33502283e+09	3.31572628e+08
0.0250	0.0550	0.0750	2.66041722e+09	1.58549056e+09	3.88009717e+09
0.0250	0.0650	0.0650	2.61946084e+09	5.98183207e+09	9.80093769e+09
0.0250	0.0650	0.0750	2.91134654e+09	7.33069966e+08	-4.58751175e+09
0.0250	0.0750	0.0750	3.89014761e+09	2.35744417e+09	4.13773851e+09
0.0350	0.0350	0.0350	3.57421639e+09	3.58294546e+09	2.24859535e+09
0.0350	0.0350	0.0450	4.21648264e+09	6.68903076e+07	-1.87542428e+10
0.0350	0.0350	0.0550	4.13990097e+09	8.30687806e+09	8.77696188e+09
0.0350	0.0350	0.0650	9.66645520e+09	1.30627453e+10	-4.57931943e+09
0.0350	0.0450	0.0450	6.15089913e+08	-3.68187506e+08	-2.55903371e+09
0.0350	0.0450	0.0550	2.78306889e+09	1.76528026e+09	5.45997820e+09
0.0350	0.0450	0.0650	3.86165906e+09	1.71840220e+09	5.30348458e+09
0.0350	0.0450	0.0750	5.45555420e+09	1.88598901e+08	-3.76595118e+09
0.0350	0.0550	0.0550	6.43091010e+09	-1.67209380e+09	-2.23132763e+09
0.0350	0.0550	0.0650	3.52358843e+09	1.62875425e+09	-7.62860777e+08
0.0350	0.0550	0.0750	3.15354785e+09	1.12506405e+09	-2.89247408e+09
0.0350	0.0650	0.0650	5.63475622e+08	-1.61418502e+09	-4.56874054e+08
0.0350	0.0650	0.0750	2.61398410e+09	-1.98034022e+08	4.95966593e+08
0.0350	0.0750	0.0750	1.04668099e+09	-1.00480526e+09	-7.48832635e+08
0.0450	0.0450	0.0450	2.70313753e+09	-2.56111726e+09	6.66699171e+09
0.0450	0.0450	0.0550	2.03360868e+09	-4.36405448e+09	-7.48518618e+09
0.0450	0.0450	0.0650	3.38168523e+09	5.65944450e+09	-2.06105528e+09
0.0450	0.0450	0.0750	2.84850779e+09	9.13906368e+08	-2.13011139e+09
0.0450	0.0550	0.0550	1.25501693e+09	1.54747175e+09	-2.87383488e+09
0.0450	0.0550	0.0650	1.27827332e+09	9.41007446e+08	-4.95978931e+08
0.0450	0.0550	0.0750	2.54268630e+09	-4.44990668e+08	-3.05958821e+09
0.0450	0.0650	0.0650	2.36357592e+09	-6.04346281e+08	6.14858325e+08
0.0450	0.0650	0.0750	2.58792869e+09	8.43284726e+08	-1.12780884e+09
0.0450	0.0750	0.0750	1.66993747e+09	1.80254293e+09	-3.74740751e+08
0.0550	0.0550	0.0550	2.06228630e+09	-2.17379021e+08	1.26600543e+07
0.0550	0.0550	0.0650	1.84386453e+09	-4.03327206e+09	3.72665035e+09
0.0550	0.0550	0.0750	1.76276640e+09	4.59321609e+08	7.52612469e+08
0.0550	0.0650	0.0650	1.57459309e+09	2.03625077e+09	-1.27313578e+09
0.0550	0.0650	0.0750	2.26979279e+09	-3.50428988e+08	-6.11055148e+07
0.0550	0.0750	0.0750	1.80181719e+09	1.30484246e+07	-6.61765603e+08
0.0650	0.0650	0.0650	2.26456985e+09	1.22500767e+09	-1.20490452e+09
0.0650	0.0650	0.0750	1.11953549e+09	-1.34747611e+09	1.70623258e+09
0.0650	0.0750	0.0750	2.45054336e+09	1.68416341e+09	-2.35421397e+08
0.0750	0.0750	0.0750	1.38081180e+09	-4.00276368e+08	5.79954942e+08
