####### Bispectrum of Patchy Simulation 758 #############
# Patch: ngc
# z-type: z3
# Weights: fkp
# Fiducial Omega_m: 0.310
# Fiducial h: 0.676
# Boxsize: [1800.0, 3400.0, 1900.0]
# Grid: [170, 325, 180]
# k-binning: [0.000, 0.160, 0.010]
# Monte Carlo Simulations: 100
#
# Format: k1 | k2 | k3 | B(k1,k2,k3)
############################################
0.0150	0.0150	0.0150	1.63234357e+10
0.0150	0.0150	0.0250	4.72253366e+09
0.0150	0.0150	0.0350	-1.60882020e+10
0.0150	0.0250	0.0250	1.76415468e+10
0.0150	0.0250	0.0350	6.84493150e+09
0.0150	0.0250	0.0450	9.48317928e+09
0.0150	0.0350	0.0350	9.00805247e+09
0.0150	0.0350	0.0450	1.10049612e+10
0.0150	0.0350	0.0550	9.73123767e+09
0.0150	0.0450	0.0450	2.49048617e+09
0.0150	0.0450	0.0550	2.63556283e+09
0.0150	0.0450	0.0650	6.30724790e+09
0.0150	0.0550	0.0550	3.79272517e+09
0.0150	0.0550	0.0650	5.50960962e+09
0.0150	0.0550	0.0750	5.27643321e+09
0.0150	0.0650	0.0650	-6.09436913e+08
0.0150	0.0650	0.0750	6.18200205e+09
0.0150	0.0650	0.0850	2.80389127e+09
0.0150	0.0750	0.0750	1.94060326e+09
0.0150	0.0750	0.0850	5.20460738e+09
0.0150	0.0750	0.0950	8.26744421e+09
0.0150	0.0850	0.0850	1.76114477e+09
0.0150	0.0850	0.0950	3.49078306e+09
0.0150	0.0850	0.1050	4.58124820e+09
0.0150	0.0950	0.0950	1.48138936e+09
0.0150	0.0950	0.1050	2.84104735e+09
0.0150	0.0950	0.1150	2.83267376e+09
0.0150	0.1050	0.1050	1.89642128e+09
0.0150	0.1050	0.1150	2.04842482e+09
0.0150	0.1050	0.1250	3.17104950e+09
0.0150	0.1150	0.1150	2.46516857e+09
0.0150	0.1150	0.1250	2.06086478e+09
0.0150	0.1150	0.1350	1.80223211e+09
0.0150	0.1250	0.1250	1.31746679e+09
0.0150	0.1250	0.1350	1.86930045e+09
0.0150	0.1250	0.1450	3.37645698e+09
0.0150	0.1350	0.1350	1.19231847e+09
0.0150	0.1350	0.1450	2.01660403e+09
0.0150	0.1450	0.1450	1.80582743e+09
0.0250	0.0250	0.0250	1.34824958e+10
0.0250	0.0250	0.0350	1.67501993e+09
0.0250	0.0250	0.0450	1.07561137e+10
0.0250	0.0250	0.0550	1.50223266e+10
0.0250	0.0350	0.0350	4.79548085e+09
0.0250	0.0350	0.0450	6.28271622e+09
0.0250	0.0350	0.0550	7.43645667e+09
0.0250	0.0350	0.0650	8.03568922e+09
0.0250	0.0450	0.0450	2.81256144e+09
0.0250	0.0450	0.0550	5.26052242e+09
0.0250	0.0450	0.0650	7.25473918e+09
0.0250	0.0450	0.0750	4.04076425e+09
0.0250	0.0550	0.0550	5.48013058e+09
0.0250	0.0550	0.0650	2.69471515e+09
0.0250	0.0550	0.0750	5.05131189e+09
0.0250	0.0550	0.0850	6.53982910e+09
0.0250	0.0650	0.0650	2.05966011e+09
0.0250	0.0650	0.0750	3.57283570e+09
0.0250	0.0650	0.0850	5.08599342e+09
0.0250	0.0650	0.0950	7.22806128e+09
0.0250	0.0750	0.0750	2.35723447e+09
0.0250	0.0750	0.0850	3.49885650e+09
0.0250	0.0750	0.0950	3.54054185e+09
0.0250	0.0750	0.1050	4.66909352e+09
0.0250	0.0850	0.0850	7.06410526e+08
0.0250	0.0850	0.0950	2.81340522e+09
0.0250	0.0850	0.1050	3.39193522e+09
0.0250	0.0850	0.1150	4.57968931e+09
0.0250	0.0950	0.0950	2.23392083e+09
0.0250	0.0950	0.1050	2.69007875e+09
0.0250	0.0950	0.1150	2.94788271e+09
0.0250	0.0950	0.1250	3.69278139e+09
0.0250	0.1050	0.1050	1.24026313e+09
0.0250	0.1050	0.1150	2.12513158e+09
0.0250	0.1050	0.1250	2.30342660e+09
0.0250	0.1050	0.1350	2.29523622e+09
0.0250	0.1150	0.1150	1.28684029e+09
0.0250	0.1150	0.1250	1.86173425e+09
0.0250	0.1150	0.1350	2.15663859e+09
0.0250	0.1150	0.1450	2.54930417e+09
0.0250	0.1250	0.1250	2.19526103e+09
0.0250	0.1250	0.1350	1.30030470e+09
0.0250	0.1250	0.1450	1.86840962e+09
0.0250	0.1350	0.1350	1.91287253e+09
0.0250	0.1350	0.1450	1.34839518e+09
0.0250	0.1450	0.1450	7.22371923e+08
0.0350	0.0350	0.0350	5.77044747e+08
0.0350	0.0350	0.0450	4.12323112e+09
0.0350	0.0350	0.0550	1.12247997e+09
0.0350	0.0350	0.0650	7.17029618e+09
0.0350	0.0350	0.0750	2.71999554e+09
0.0350	0.0450	0.0450	3.65834599e+09
0.0350	0.0450	0.0550	4.49111184e+09
0.0350	0.0450	0.0650	4.35000023e+09
0.0350	0.0450	0.0750	5.56958627e+09
0.0350	0.0450	0.0850	2.99270255e+09
0.0350	0.0550	0.0550	3.23465100e+09
0.0350	0.0550	0.0650	2.34466833e+09
0.0350	0.0550	0.0750	3.61434862e+09
0.0350	0.0550	0.0850	2.14899184e+09
0.0350	0.0550	0.0950	3.49677859e+09
0.0350	0.0650	0.0650	1.76840817e+09
0.0350	0.0650	0.0750	2.83877003e+09
0.0350	0.0650	0.0850	2.07030278e+09
0.0350	0.0650	0.0950	3.09397270e+09
0.0350	0.0650	0.1050	3.61316689e+09
0.0350	0.0750	0.0750	1.07304944e+09
0.0350	0.0750	0.0850	2.77325133e+09
0.0350	0.0750	0.0950	2.44418615e+09
0.0350	0.0750	0.1050	3.08429092e+09
0.0350	0.0750	0.1150	3.82610214e+09
0.0350	0.0850	0.0850	2.04213316e+09
0.0350	0.0850	0.0950	1.80954436e+09
0.0350	0.0850	0.1050	2.29370993e+09
0.0350	0.0850	0.1150	2.62505716e+09
0.0350	0.0850	0.1250	7.91774140e+08
0.0350	0.0950	0.0950	1.26214034e+09
0.0350	0.0950	0.1050	1.71715625e+09
0.0350	0.0950	0.1150	1.86212801e+09
0.0350	0.0950	0.1250	1.94251030e+09
0.0350	0.0950	0.1350	1.89485238e+09
0.0350	0.1050	0.1050	1.76814325e+09
0.0350	0.1050	0.1150	1.15488131e+09
0.0350	0.1050	0.1250	1.54563388e+09
0.0350	0.1050	0.1350	1.97203810e+09
0.0350	0.1050	0.1450	2.91154501e+09
0.0350	0.1150	0.1150	1.72172368e+09
0.0350	0.1150	0.1250	1.33026689e+09
0.0350	0.1150	0.1350	1.25290613e+09
0.0350	0.1150	0.1450	1.63297779e+09
0.0350	0.1250	0.1250	1.11917763e+09
0.0350	0.1250	0.1350	1.36032229e+09
0.0350	0.1250	0.1450	1.32320534e+09
0.0350	0.1350	0.1350	7.19901711e+08
0.0350	0.1350	0.1450	1.36112333e+09
0.0350	0.1450	0.1450	9.23543691e+08
0.0450	0.0450	0.0450	4.73337723e+09
0.0450	0.0450	0.0550	1.71517673e+09
0.0450	0.0450	0.0650	3.14888087e+09
0.0450	0.0450	0.0750	2.27580115e+09
0.0450	0.0450	0.0850	4.95807476e+09
0.0450	0.0450	0.0950	1.99282129e+09
0.0450	0.0550	0.0550	2.33446307e+09
0.0450	0.0550	0.0650	2.30960606e+09
0.0450	0.0550	0.0750	2.06438094e+09
0.0450	0.0550	0.0850	3.83201083e+09
0.0450	0.0550	0.0950	3.69600274e+09
0.0450	0.0550	0.1050	2.60817248e+09
0.0450	0.0650	0.0650	1.14751602e+09
0.0450	0.0650	0.0750	1.66014749e+09
0.0450	0.0650	0.0850	1.79341743e+09
0.0450	0.0650	0.0950	3.04121644e+09
0.0450	0.0650	0.1050	2.15199405e+09
0.0450	0.0650	0.1150	3.02263647e+09
0.0450	0.0750	0.0750	2.58204176e+09
0.0450	0.0750	0.0850	1.59448225e+09
0.0450	0.0750	0.0950	2.48129932e+09
0.0450	0.0750	0.1050	2.23293546e+09
0.0450	0.0750	0.1150	2.31729667e+09
0.0450	0.0750	0.1250	2.68934264e+09
0.0450	0.0850	0.0850	1.57777146e+09
0.0450	0.0850	0.0950	1.16240019e+09
0.0450	0.0850	0.1050	1.08800386e+09
0.0450	0.0850	0.1150	1.69310665e+09
0.0450	0.0850	0.1250	2.16279788e+09
0.0450	0.0850	0.1350	1.51491925e+09
0.0450	0.0950	0.0950	1.30965507e+09
0.0450	0.0950	0.1050	1.14717547e+09
0.0450	0.0950	0.1150	1.65841731e+09
0.0450	0.0950	0.1250	1.52098083e+09
0.0450	0.0950	0.1350	1.44045986e+09
0.0450	0.0950	0.1450	2.64066842e+09
0.0450	0.1050	0.1050	1.56289654e+09
0.0450	0.1050	0.1150	9.56118134e+08
0.0450	0.1050	0.1250	1.20939297e+09
0.0450	0.1050	0.1350	1.43300594e+09
0.0450	0.1050	0.1450	1.76449182e+09
0.0450	0.1150	0.1150	9.52652022e+08
0.0450	0.1150	0.1250	1.08448879e+09
0.0450	0.1150	0.1350	1.12690590e+09
0.0450	0.1150	0.1450	1.27389590e+09
0.0450	0.1250	0.1250	7.30068979e+08
0.0450	0.1250	0.1350	8.99870644e+08
0.0450	0.1250	0.1450	1.15735688e+09
0.0450	0.1350	0.1350	9.98691831e+08
0.0450	0.1350	0.1450	9.63811531e+08
0.0450	0.1450	0.1450	7.34660570e+08
0.0550	0.0550	0.0550	2.59603146e+08
0.0550	0.0550	0.0650	3.08525578e+09
0.0550	0.0550	0.0750	2.20699441e+09
0.0550	0.0550	0.0850	1.71529034e+09
0.0550	0.0550	0.0950	1.89919646e+09
0.0550	0.0550	0.1050	2.38338345e+09
0.0550	0.0550	0.1150	2.99497508e+09
0.0550	0.0650	0.0650	1.28840124e+09
0.0550	0.0650	0.0750	1.65750410e+09
0.0550	0.0650	0.0850	1.70776643e+09
0.0550	0.0650	0.0950	2.03482768e+09
0.0550	0.0650	0.1050	1.42127491e+09
0.0550	0.0650	0.1150	1.87720836e+09
0.0550	0.0650	0.1250	3.30488801e+09
0.0550	0.0750	0.0750	1.22808531e+09
0.0550	0.0750	0.0850	1.42023075e+09
0.0550	0.0750	0.0950	1.58566329e+09
0.0550	0.0750	0.1050	1.37011222e+09
0.0550	0.0750	0.1150	2.21294791e+09
0.0550	0.0750	0.1250	1.62120065e+09
0.0550	0.0750	0.1350	1.96281535e+09
0.0550	0.0850	0.0850	1.86579902e+09
0.0550	0.0850	0.0950	1.32311943e+09
0.0550	0.0850	0.1050	1.52695440e+09
0.0550	0.0850	0.1150	1.49391613e+09
0.0550	0.0850	0.1250	1.29009192e+09
0.0550	0.0850	0.1350	1.74402645e+09
0.0550	0.0850	0.1450	1.44174197e+09
0.0550	0.0950	0.0950	1.15643112e+09
0.0550	0.0950	0.1050	1.17035698e+09
0.0550	0.0950	0.1150	1.13132770e+09
0.0550	0.0950	0.1250	1.13888146e+09
0.0550	0.0950	0.1350	1.29743166e+09
0.0550	0.0950	0.1450	1.61369924e+09
0.0550	0.1050	0.1050	7.17233911e+08
0.0550	0.1050	0.1150	8.71374328e+08
0.0550	0.1050	0.1250	9.11450214e+08
0.0550	0.1050	0.1350	1.12339967e+09
0.0550	0.1050	0.1450	1.02315889e+09
0.0550	0.1150	0.1150	1.20549733e+09
0.0550	0.1150	0.1250	1.08465809e+09
0.0550	0.1150	0.1350	8.69455497e+08
0.0550	0.1150	0.1450	9.70233361e+08
0.0550	0.1250	0.1250	6.26825763e+08
0.0550	0.1250	0.1350	9.44329101e+08
0.0550	0.1250	0.1450	8.05084871e+08
0.0550	0.1350	0.1350	5.46431285e+08
0.0550	0.1350	0.1450	8.23275189e+08
0.0550	0.1450	0.1450	4.91330616e+08
0.0650	0.0650	0.0650	2.44830407e+09
0.0650	0.0650	0.0750	1.50762137e+09
0.0650	0.0650	0.0850	1.39793339e+09
0.0650	0.0650	0.0950	1.59026537e+09
0.0650	0.0650	0.1050	1.01654582e+09
0.0650	0.0650	0.1150	1.81614780e+09
0.0650	0.0650	0.1250	2.11715874e+09
0.0650	0.0650	0.1350	1.68643973e+09
0.0650	0.0750	0.0750	8.43981049e+08
0.0650	0.0750	0.0850	1.61332153e+09
0.0650	0.0750	0.0950	1.34966879e+09
0.0650	0.0750	0.1050	1.39249681e+09
0.0650	0.0750	0.1150	1.03046574e+09
0.0650	0.0750	0.1250	1.71324614e+09
0.0650	0.0750	0.1350	2.03912254e+09
0.0650	0.0750	0.1450	2.15514898e+09
0.0650	0.0850	0.0850	6.84439619e+08
0.0650	0.0850	0.0950	1.30955361e+09
0.0650	0.0850	0.1050	1.06847261e+09
0.0650	0.0850	0.1150	1.39882485e+09
0.0650	0.0850	0.1250	1.07583879e+09
0.0650	0.0850	0.1350	1.28990732e+09
0.0650	0.0850	0.1450	1.46407340e+09
0.0650	0.0950	0.0950	1.06441168e+09
0.0650	0.0950	0.1050	7.38892907e+08
0.0650	0.0950	0.1150	1.21167438e+09
0.0650	0.0950	0.1250	9.99552942e+08
0.0650	0.0950	0.1350	1.24002094e+09
0.0650	0.0950	0.1450	1.07617806e+09
0.0650	0.1050	0.1050	5.88716462e+08
0.0650	0.1050	0.1150	1.10607571e+09
0.0650	0.1050	0.1250	8.46773318e+08
0.0650	0.1050	0.1350	9.49906371e+08
0.0650	0.1050	0.1450	9.68249892e+08
0.0650	0.1150	0.1150	7.13653971e+08
0.0650	0.1150	0.1250	5.95111476e+08
0.0650	0.1150	0.1350	7.70279062e+08
0.0650	0.1150	0.1450	8.57376629e+08
0.0650	0.1250	0.1250	9.10837994e+08
0.0650	0.1250	0.1350	5.62296246e+08
0.0650	0.1250	0.1450	8.55582224e+08
0.0650	0.1350	0.1350	9.47861284e+08
0.0650	0.1350	0.1450	6.96581002e+08
0.0650	0.1450	0.1450	5.71926378e+08
0.0750	0.0750	0.0750	1.57710255e+09
0.0750	0.0750	0.0850	9.67923000e+08
0.0750	0.0750	0.0950	7.62293474e+08
0.0750	0.0750	0.1050	1.15985271e+09
0.0750	0.0750	0.1150	1.09078568e+09
0.0750	0.0750	0.1250	1.22124273e+09
0.0750	0.0750	0.1350	1.50374905e+09
0.0750	0.0750	0.1450	1.82643054e+09
0.0750	0.0850	0.0850	6.83586154e+08
0.0750	0.0850	0.0950	1.25575477e+09
0.0750	0.0850	0.1050	8.86943719e+08
0.0750	0.0850	0.1150	8.17780636e+08
0.0750	0.0850	0.1250	1.13077458e+09
0.0750	0.0850	0.1350	1.03409406e+09
0.0750	0.0850	0.1450	1.42760786e+09
0.0750	0.0950	0.0950	8.34082222e+08
0.0750	0.0950	0.1050	1.16222942e+09
0.0750	0.0950	0.1150	1.04569101e+09
0.0750	0.0950	0.1250	9.18654509e+08
0.0750	0.0950	0.1350	1.05315243e+09
0.0750	0.0950	0.1450	1.05243124e+09
0.0750	0.1050	0.1050	8.90468088e+08
0.0750	0.1050	0.1150	6.72757470e+08
0.0750	0.1050	0.1250	8.39763802e+08
0.0750	0.1050	0.1350	9.35367582e+08
0.0750	0.1050	0.1450	8.78776167e+08
0.0750	0.1150	0.1150	9.36066074e+08
0.0750	0.1150	0.1250	8.93961216e+08
0.0750	0.1150	0.1350	7.97046020e+08
0.0750	0.1150	0.1450	7.40826415e+08
0.0750	0.1250	0.1250	6.76985751e+08
0.0750	0.1250	0.1350	7.55991953e+08
0.0750	0.1250	0.1450	7.32914681e+08
0.0750	0.1350	0.1350	6.66359469e+08
0.0750	0.1350	0.1450	7.72694576e+08
0.0750	0.1450	0.1450	7.76953564e+08
0.0850	0.0850	0.0850	1.20215602e+09
0.0850	0.0850	0.0950	6.32512579e+08
0.0850	0.0850	0.1050	5.98411854e+08
0.0850	0.0850	0.1150	1.05162282e+09
0.0850	0.0850	0.1250	1.09157948e+09
0.0850	0.0850	0.1350	1.17710931e+09
0.0850	0.0850	0.1450	1.12680755e+09
0.0850	0.0950	0.0950	1.00205400e+09
0.0850	0.0950	0.1050	5.58226493e+08
0.0850	0.0950	0.1150	7.70165170e+08
0.0850	0.0950	0.1250	7.88175182e+08
0.0850	0.0950	0.1350	7.61333459e+08
0.0850	0.0950	0.1450	8.53028129e+08
0.0850	0.1050	0.1050	9.28554135e+08
0.0850	0.1050	0.1150	8.02290197e+08
0.0850	0.1050	0.1250	7.00987444e+08
0.0850	0.1050	0.1350	5.56889941e+08
0.0850	0.1050	0.1450	6.89224643e+08
0.0850	0.1150	0.1150	5.77329839e+08
0.0850	0.1150	0.1250	6.33885108e+08
0.0850	0.1150	0.1350	7.61389125e+08
0.0850	0.1150	0.1450	7.35523675e+08
0.0850	0.1250	0.1250	6.91990016e+08
0.0850	0.1250	0.1350	4.96178625e+08
0.0850	0.1250	0.1450	6.28856851e+08
0.0850	0.1350	0.1350	5.56668173e+08
0.0850	0.1350	0.1450	7.13086937e+08
0.0850	0.1450	0.1450	3.49484801e+08
0.0950	0.0950	0.0950	6.64472822e+08
0.0950	0.0950	0.1050	8.55622323e+08
0.0950	0.0950	0.1150	6.39603632e+08
0.0950	0.0950	0.1250	7.88440499e+08
0.0950	0.0950	0.1350	6.58120887e+08
0.0950	0.0950	0.1450	5.88760374e+08
0.0950	0.1050	0.1050	4.00044406e+08
0.0950	0.1050	0.1150	4.89971809e+08
0.0950	0.1050	0.1250	7.61509748e+08
0.0950	0.1050	0.1350	6.69936566e+08
0.0950	0.1050	0.1450	7.40739632e+08
0.0950	0.1150	0.1150	8.40732896e+08
0.0950	0.1150	0.1250	6.20905185e+08
0.0950	0.1150	0.1350	4.76071626e+08
0.0950	0.1150	0.1450	6.00428637e+08
0.0950	0.1250	0.1250	6.11295138e+08
0.0950	0.1250	0.1350	7.45037817e+08
0.0950	0.1250	0.1450	5.59083333e+08
0.0950	0.1350	0.1350	4.65625591e+08
0.0950	0.1350	0.1450	5.31515959e+08
0.0950	0.1450	0.1450	4.80801599e+08
0.1050	0.1050	0.1050	8.63146011e+08
0.1050	0.1050	0.1150	6.82295431e+08
0.1050	0.1050	0.1250	4.41148239e+08
0.1050	0.1050	0.1350	5.00991950e+08
0.1050	0.1050	0.1450	5.20880571e+08
0.1050	0.1150	0.1150	5.53573222e+08
0.1050	0.1150	0.1250	7.08185793e+08
0.1050	0.1150	0.1350	5.62867304e+08
0.1050	0.1150	0.1450	5.29890375e+08
0.1050	0.1250	0.1250	3.25868212e+08
0.1050	0.1250	0.1350	6.05861507e+08
0.1050	0.1250	0.1450	5.24501577e+08
0.1050	0.1350	0.1350	4.65088431e+08
0.1050	0.1350	0.1450	4.42496012e+08
0.1050	0.1450	0.1450	4.07648815e+08
0.1150	0.1150	0.1150	6.38741388e+08
0.1150	0.1150	0.1250	5.17743646e+08
0.1150	0.1150	0.1350	3.54948856e+08
0.1150	0.1150	0.1450	4.11717354e+08
0.1150	0.1250	0.1250	4.28451144e+08
0.1150	0.1250	0.1350	4.84446089e+08
0.1150	0.1250	0.1450	3.97266609e+08
0.1150	0.1350	0.1350	6.01806308e+08
0.1150	0.1350	0.1450	5.38845802e+08
0.1150	0.1450	0.1450	4.60482723e+08
0.1250	0.1250	0.1250	4.27272041e+08
0.1250	0.1250	0.1350	5.01524260e+08
0.1250	0.1250	0.1450	4.19612434e+08
0.1250	0.1350	0.1350	4.69262360e+08
0.1250	0.1350	0.1450	4.23389967e+08
0.1250	0.1450	0.1450	3.00776429e+08
0.1350	0.1350	0.1350	4.49468274e+08
0.1350	0.1350	0.1450	3.62215631e+08
0.1350	0.1450	0.1450	4.05153161e+08
0.1450	0.1450	0.1450	4.45502491e+08
