####### Bispectrum of Patchy Simulation 426 #############
# Patch: sgc
# z-type: z1
# Weights: fkp
# Fiducial Omega_m: 0.310
# Fiducial h: 0.676
# Boxsize: [1000.0, 1900.0, 1100.0]
# Grid: [95, 180, 105]
# k-binning: [0.000, 0.160, 0.010]
# Monte Carlo Simulations: 100
#
# Format: k1 | k2 | k3 | B(k1,k2,k3)
############################################
0.0150	0.0150	0.0150	9.63310853e+09
0.0150	0.0150	0.0250	7.07897990e+09
0.0150	0.0150	0.0350	-3.29237163e+10
0.0150	0.0250	0.0250	5.10395495e+09
0.0150	0.0250	0.0350	4.19823846e+09
0.0150	0.0250	0.0450	6.65053544e+08
0.0150	0.0350	0.0350	-7.29133886e+08
0.0150	0.0350	0.0450	1.63304657e+10
0.0150	0.0350	0.0550	1.66193174e+10
0.0150	0.0450	0.0450	1.70771153e+10
0.0150	0.0450	0.0550	3.94775630e+09
0.0150	0.0450	0.0650	-1.03799799e+09
0.0150	0.0550	0.0550	4.14531736e+09
0.0150	0.0550	0.0650	1.39655281e+09
0.0150	0.0550	0.0750	-3.96030460e+09
0.0150	0.0650	0.0650	2.80425323e+09
0.0150	0.0650	0.0750	8.73866753e+09
0.0150	0.0650	0.0850	1.29954964e+09
0.0150	0.0750	0.0750	5.66574507e+08
0.0150	0.0750	0.0850	2.88185302e+09
0.0150	0.0750	0.0950	5.26639512e+09
0.0150	0.0850	0.0850	6.34863258e+09
0.0150	0.0850	0.0950	2.95205216e+09
0.0150	0.0850	0.1050	3.14045157e+09
0.0150	0.0950	0.0950	7.40738109e+07
0.0150	0.0950	0.1050	2.51308308e+09
0.0150	0.0950	0.1150	4.07022310e+09
0.0150	0.1050	0.1050	2.22468543e+09
0.0150	0.1050	0.1150	3.80721781e+09
0.0150	0.1050	0.1250	2.96136387e+09
0.0150	0.1150	0.1150	1.04435282e+09
0.0150	0.1150	0.1250	3.98961894e+09
0.0150	0.1150	0.1350	4.29361103e+09
0.0150	0.1250	0.1250	2.86369765e+09
0.0150	0.1250	0.1350	2.10055853e+09
0.0150	0.1250	0.1450	1.94452504e+09
0.0150	0.1350	0.1350	2.10426312e+09
0.0150	0.1350	0.1450	1.88946680e+09
0.0150	0.1450	0.1450	1.43307052e+09
0.0250	0.0250	0.0250	-2.33630060e+10
0.0250	0.0250	0.0350	2.98180471e+10
0.0250	0.0250	0.0450	2.85428620e+10
0.0250	0.0250	0.0550	9.07817876e+09
0.0250	0.0350	0.0350	1.06239140e+10
0.0250	0.0350	0.0450	4.59523887e+09
0.0250	0.0350	0.0550	7.35392154e+09
0.0250	0.0350	0.0650	2.16619655e+09
0.0250	0.0450	0.0450	1.37944696e+09
0.0250	0.0450	0.0550	1.34171172e+09
0.0250	0.0450	0.0650	6.04257500e+09
0.0250	0.0450	0.0750	-1.16964094e+10
0.0250	0.0550	0.0550	2.31893577e+08
0.0250	0.0550	0.0650	3.98377622e+09
0.0250	0.0550	0.0750	5.60759745e+09
0.0250	0.0550	0.0850	2.68861126e+09
0.0250	0.0650	0.0650	5.12173283e+09
0.0250	0.0650	0.0750	1.61618539e+09
0.0250	0.0650	0.0850	4.67636918e+09
0.0250	0.0650	0.0950	-8.21454827e+08
0.0250	0.0750	0.0750	1.95307536e+09
0.0250	0.0750	0.0850	3.34918223e+09
0.0250	0.0750	0.0950	5.35697072e+09
0.0250	0.0750	0.1050	4.87064494e+09
0.0250	0.0850	0.0850	2.06644373e+09
0.0250	0.0850	0.0950	3.60604559e+09
0.0250	0.0850	0.1050	3.66301508e+09
0.0250	0.0850	0.1150	4.45612194e+09
0.0250	0.0950	0.0950	1.62191521e+09
0.0250	0.0950	0.1050	2.29183104e+09
0.0250	0.0950	0.1150	3.03723708e+09
0.0250	0.0950	0.1250	1.56404083e+09
0.0250	0.1050	0.1050	1.59673169e+09
0.0250	0.1050	0.1150	1.12973830e+09
0.0250	0.1050	0.1250	2.33301675e+09
0.0250	0.1050	0.1350	1.41837988e+09
0.0250	0.1150	0.1150	1.54369405e+09
0.0250	0.1150	0.1250	6.72618098e+08
0.0250	0.1150	0.1350	1.93158273e+09
0.0250	0.1150	0.1450	1.17984296e+09
0.0250	0.1250	0.1250	1.57518760e+09
0.0250	0.1250	0.1350	1.43861584e+09
0.0250	0.1250	0.1450	2.79851707e+09
0.0250	0.1350	0.1350	4.39611827e+08
0.0250	0.1350	0.1450	5.81682087e+08
0.0250	0.1450	0.1450	2.29954853e+09
0.0350	0.0350	0.0350	-2.19289349e+10
0.0350	0.0350	0.0450	1.20815463e+09
0.0350	0.0350	0.0550	3.83945133e+09
0.0350	0.0350	0.0650	3.27060741e+09
0.0350	0.0350	0.0750	1.41813738e+10
0.0350	0.0450	0.0450	4.71113188e+09
0.0350	0.0450	0.0550	3.11229391e+09
0.0350	0.0450	0.0650	3.04378338e+09
0.0350	0.0450	0.0750	5.14375249e+09
0.0350	0.0450	0.0850	-3.29581264e+09
0.0350	0.0550	0.0550	-7.61691047e+08
0.0350	0.0550	0.0650	5.40506911e+09
0.0350	0.0550	0.0750	5.97901413e+09
0.0350	0.0550	0.0850	5.71802900e+09
0.0350	0.0550	0.0950	4.28663187e+09
0.0350	0.0650	0.0650	3.44913771e+09
0.0350	0.0650	0.0750	3.20352043e+09
0.0350	0.0650	0.0850	2.35995041e+09
0.0350	0.0650	0.0950	3.66343071e+09
0.0350	0.0650	0.1050	6.23484698e+09
0.0350	0.0750	0.0750	1.55189093e+09
0.0350	0.0750	0.0850	3.10958717e+09
0.0350	0.0750	0.0950	3.26857486e+09
0.0350	0.0750	0.1050	2.52126710e+09
0.0350	0.0750	0.1150	5.41655879e+09
0.0350	0.0850	0.0850	2.33868571e+09
0.0350	0.0850	0.0950	1.93516809e+09
0.0350	0.0850	0.1050	2.30488747e+09
0.0350	0.0850	0.1150	2.82646056e+09
0.0350	0.0850	0.1250	-8.73913175e+08
0.0350	0.0950	0.0950	2.13867854e+09
0.0350	0.0950	0.1050	3.53303151e+08
0.0350	0.0950	0.1150	2.21153955e+09
0.0350	0.0950	0.1250	2.89605194e+09
0.0350	0.0950	0.1350	1.67229193e+09
0.0350	0.1050	0.1050	6.24050014e+08
0.0350	0.1050	0.1150	1.98885818e+09
0.0350	0.1050	0.1250	7.08820916e+08
0.0350	0.1050	0.1350	1.79411644e+09
0.0350	0.1050	0.1450	2.32869047e+09
0.0350	0.1150	0.1150	1.73253926e+09
0.0350	0.1150	0.1250	1.68960933e+09
0.0350	0.1150	0.1350	1.49553423e+09
0.0350	0.1150	0.1450	2.21620367e+09
0.0350	0.1250	0.1250	1.52207510e+09
0.0350	0.1250	0.1350	1.12863904e+09
0.0350	0.1250	0.1450	6.10324050e+08
0.0350	0.1350	0.1350	1.99707604e+09
0.0350	0.1350	0.1450	1.09914114e+09
0.0350	0.1450	0.1450	7.85000711e+08
0.0450	0.0450	0.0450	1.46764307e+10
0.0450	0.0450	0.0550	-1.73993377e+09
0.0450	0.0450	0.0650	2.24314232e+09
0.0450	0.0450	0.0750	1.73923028e+09
0.0450	0.0450	0.0850	5.85573042e+09
0.0450	0.0450	0.0950	6.55474573e+09
0.0450	0.0550	0.0550	2.17571199e+09
0.0450	0.0550	0.0650	2.80737110e+09
0.0450	0.0550	0.0750	8.40764030e+08
0.0450	0.0550	0.0850	2.50526386e+09
0.0450	0.0550	0.0950	2.38555249e+09
0.0450	0.0550	0.1050	5.42546534e+09
0.0450	0.0650	0.0650	3.85535123e+09
0.0450	0.0650	0.0750	2.25270554e+09
0.0450	0.0650	0.0850	1.94985188e+09
0.0450	0.0650	0.0950	2.19078737e+09
0.0450	0.0650	0.1050	3.66409016e+09
0.0450	0.0650	0.1150	3.32467795e+09
0.0450	0.0750	0.0750	1.18259373e+09
0.0450	0.0750	0.0850	2.42667888e+09
0.0450	0.0750	0.0950	1.94771975e+09
0.0450	0.0750	0.1050	2.64575132e+09
0.0450	0.0750	0.1150	1.46483775e+09
0.0450	0.0750	0.1250	5.09689709e+09
0.0450	0.0850	0.0850	2.07034334e+09
0.0450	0.0850	0.0950	1.76341846e+09
0.0450	0.0850	0.1050	2.54446273e+09
0.0450	0.0850	0.1150	1.68143235e+09
0.0450	0.0850	0.1250	1.83391996e+09
0.0450	0.0850	0.1350	9.71275696e+08
0.0450	0.0950	0.0950	2.25141837e+09
0.0450	0.0950	0.1050	1.61769362e+09
0.0450	0.0950	0.1150	1.70418498e+08
0.0450	0.0950	0.1250	2.04891349e+09
0.0450	0.0950	0.1350	1.67866143e+09
0.0450	0.0950	0.1450	1.87470701e+09
0.0450	0.1050	0.1050	6.24794247e+08
0.0450	0.1050	0.1150	2.50084013e+09
0.0450	0.1050	0.1250	9.34537416e+08
0.0450	0.1050	0.1350	1.37365662e+09
0.0450	0.1050	0.1450	1.49109271e+09
0.0450	0.1150	0.1150	3.17345514e+08
0.0450	0.1150	0.1250	1.04586507e+09
0.0450	0.1150	0.1350	8.48995310e+08
0.0450	0.1150	0.1450	1.01979774e+09
0.0450	0.1250	0.1250	1.34329166e+09
0.0450	0.1250	0.1350	5.35680748e+08
0.0450	0.1250	0.1450	1.07646655e+09
0.0450	0.1350	0.1350	7.09779230e+08
0.0450	0.1350	0.1450	4.37255364e+08
0.0450	0.1450	0.1450	1.32508896e+09
0.0550	0.0550	0.0550	-3.43091115e+08
0.0550	0.0550	0.0650	1.93028985e+09
0.0550	0.0550	0.0750	2.23862543e+09
0.0550	0.0550	0.0850	1.34693198e+09
0.0550	0.0550	0.0950	1.26944247e+09
0.0550	0.0550	0.1050	2.73992960e+09
0.0550	0.0550	0.1150	3.30184454e+09
0.0550	0.0650	0.0650	2.32569148e+09
0.0550	0.0650	0.0750	1.06963270e+09
0.0550	0.0650	0.0850	7.23579693e+08
0.0550	0.0650	0.0950	1.95494359e+09
0.0550	0.0650	0.1050	1.22300372e+09
0.0550	0.0650	0.1150	2.55290480e+09
0.0550	0.0650	0.1250	6.34920996e+08
0.0550	0.0750	0.0750	2.27797648e+09
0.0550	0.0750	0.0850	1.10242328e+09
0.0550	0.0750	0.0950	3.54208832e+08
0.0550	0.0750	0.1050	2.11786864e+09
0.0550	0.0750	0.1150	2.57177263e+09
0.0550	0.0750	0.1250	9.79126890e+08
0.0550	0.0750	0.1350	2.97269294e+09
0.0550	0.0850	0.0850	1.01091388e+09
0.0550	0.0850	0.0950	1.34795053e+09
0.0550	0.0850	0.1050	9.99370300e+08
0.0550	0.0850	0.1150	1.58218607e+09
0.0550	0.0850	0.1250	9.04293424e+08
0.0550	0.0850	0.1350	2.68556408e+09
0.0550	0.0850	0.1450	2.15298486e+09
0.0550	0.0950	0.0950	1.22626926e+09
0.0550	0.0950	0.1050	6.16659594e+08
0.0550	0.0950	0.1150	2.05765720e+09
0.0550	0.0950	0.1250	1.59336354e+09
0.0550	0.0950	0.1350	9.88196388e+08
0.0550	0.0950	0.1450	1.41363028e+09
0.0550	0.1050	0.1050	4.25579689e+08
0.0550	0.1050	0.1150	9.55265597e+08
0.0550	0.1050	0.1250	7.99609190e+08
0.0550	0.1050	0.1350	1.29387326e+09
0.0550	0.1050	0.1450	1.27584256e+09
0.0550	0.1150	0.1150	1.85838043e+09
0.0550	0.1150	0.1250	1.00450576e+09
0.0550	0.1150	0.1350	1.32413752e+09
0.0550	0.1150	0.1450	8.44392144e+08
0.0550	0.1250	0.1250	5.02517715e+08
0.0550	0.1250	0.1350	8.66814941e+08
0.0550	0.1250	0.1450	6.30513998e+08
0.0550	0.1350	0.1350	5.57006992e+08
0.0550	0.1350	0.1450	7.31852983e+08
0.0550	0.1450	0.1450	4.21263569e+08
0.0650	0.0650	0.0650	-1.39804149e+08
0.0650	0.0650	0.0750	1.60231047e+09
0.0650	0.0650	0.0850	1.04914058e+09
0.0650	0.0650	0.0950	1.93026385e+09
0.0650	0.0650	0.1050	2.42837141e+09
0.0650	0.0650	0.1150	2.23074515e+09
0.0650	0.0650	0.1250	2.91693019e+09
0.0650	0.0650	0.1350	-1.08120223e+09
0.0650	0.0750	0.0750	8.46923970e+08
0.0650	0.0750	0.0850	1.17345775e+09
0.0650	0.0750	0.0950	1.49513733e+09
0.0650	0.0750	0.1050	6.29351725e+08
0.0650	0.0750	0.1150	1.07751503e+09
0.0650	0.0750	0.1250	9.99957177e+08
0.0650	0.0750	0.1350	1.42688847e+09
0.0650	0.0750	0.1450	8.11138561e+08
0.0650	0.0850	0.0850	1.52006403e+09
0.0650	0.0850	0.0950	1.22523309e+09
0.0650	0.0850	0.1050	1.00458480e+09
0.0650	0.0850	0.1150	1.38076655e+09
0.0650	0.0850	0.1250	1.20419025e+09
0.0650	0.0850	0.1350	1.76636873e+09
0.0650	0.0850	0.1450	1.75778859e+09
0.0650	0.0950	0.0950	1.62726754e+09
0.0650	0.0950	0.1050	8.15088089e+08
0.0650	0.0950	0.1150	7.04652725e+08
0.0650	0.0950	0.1250	6.34791971e+08
0.0650	0.0950	0.1350	9.13498194e+08
0.0650	0.0950	0.1450	1.22032026e+09
0.0650	0.1050	0.1050	1.83449331e+09
0.0650	0.1050	0.1150	6.60996514e+08
0.0650	0.1050	0.1250	5.92105940e+08
0.0650	0.1050	0.1350	6.11045070e+08
0.0650	0.1050	0.1450	1.11130756e+09
0.0650	0.1150	0.1150	9.14211416e+08
0.0650	0.1150	0.1250	7.96837429e+08
0.0650	0.1150	0.1350	9.16908666e+08
0.0650	0.1150	0.1450	1.04868501e+09
0.0650	0.1250	0.1250	5.13874128e+08
0.0650	0.1250	0.1350	5.49808143e+08
0.0650	0.1250	0.1450	7.13478170e+08
0.0650	0.1350	0.1350	5.53435106e+08
0.0650	0.1350	0.1450	7.96890378e+08
0.0650	0.1450	0.1450	9.16120883e+08
0.0750	0.0750	0.0750	1.42228197e+09
0.0750	0.0750	0.0850	1.21475678e+09
0.0750	0.0750	0.0950	9.14192844e+08
0.0750	0.0750	0.1050	1.92269010e+09
0.0750	0.0750	0.1150	1.28002962e+09
0.0750	0.0750	0.1250	1.21326507e+09
0.0750	0.0750	0.1350	1.37395354e+09
0.0750	0.0750	0.1450	1.47133842e+09
0.0750	0.0850	0.0850	2.20108414e+08
0.0750	0.0850	0.0950	1.20099145e+09
0.0750	0.0850	0.1050	1.43223263e+09
0.0750	0.0850	0.1150	8.58045004e+08
0.0750	0.0850	0.1250	9.16093607e+08
0.0750	0.0850	0.1350	6.24885174e+08
0.0750	0.0850	0.1450	9.54006131e+08
0.0750	0.0950	0.0950	9.77804367e+08
0.0750	0.0950	0.1050	1.05102924e+09
0.0750	0.0950	0.1150	1.10790684e+09
0.0750	0.0950	0.1250	9.33901374e+08
0.0750	0.0950	0.1350	8.48055115e+08
0.0750	0.0950	0.1450	9.14238956e+08
0.0750	0.1050	0.1050	3.85346106e+08
0.0750	0.1050	0.1150	1.14483676e+09
0.0750	0.1050	0.1250	7.84420816e+08
0.0750	0.1050	0.1350	7.56845384e+08
0.0750	0.1050	0.1450	1.01885773e+09
0.0750	0.1150	0.1150	1.10373958e+09
0.0750	0.1150	0.1250	5.91879680e+08
0.0750	0.1150	0.1350	5.11815936e+08
0.0750	0.1150	0.1450	7.34077223e+08
0.0750	0.1250	0.1250	8.78063934e+08
0.0750	0.1250	0.1350	6.76268389e+08
0.0750	0.1250	0.1450	5.78671453e+08
0.0750	0.1350	0.1350	6.16423684e+08
0.0750	0.1350	0.1450	3.81678053e+08
0.0750	0.1450	0.1450	1.56675964e+08
0.0850	0.0850	0.0850	2.34382075e+08
0.0850	0.0850	0.0950	6.73181703e+08
0.0850	0.0850	0.1050	3.92943190e+08
0.0850	0.0850	0.1150	1.05346552e+09
0.0850	0.0850	0.1250	6.17002821e+08
0.0850	0.0850	0.1350	5.66515601e+08
0.0850	0.0850	0.1450	9.64051316e+08
0.0850	0.0950	0.0950	7.24917841e+08
0.0850	0.0950	0.1050	3.77610166e+08
0.0850	0.0950	0.1150	1.02063901e+09
0.0850	0.0950	0.1250	6.51383065e+08
0.0850	0.0950	0.1350	8.63167767e+08
0.0850	0.0950	0.1450	1.00679647e+09
0.0850	0.1050	0.1050	3.75372998e+08
0.0850	0.1050	0.1150	4.39394292e+08
0.0850	0.1050	0.1250	7.68311311e+08
0.0850	0.1050	0.1350	8.51208810e+08
0.0850	0.1050	0.1450	3.36862238e+08
0.0850	0.1150	0.1150	8.97907407e+08
0.0850	0.1150	0.1250	4.17692130e+08
0.0850	0.1150	0.1350	7.45225080e+08
0.0850	0.1150	0.1450	5.76552466e+08
0.0850	0.1250	0.1250	4.58341591e+08
0.0850	0.1250	0.1350	2.73175686e+08
0.0850	0.1250	0.1450	5.99928396e+08
0.0850	0.1350	0.1350	6.34479051e+08
0.0850	0.1350	0.1450	4.44085819e+08
0.0850	0.1450	0.1450	6.05300069e+08
0.0950	0.0950	0.0950	3.03382077e+08
0.0950	0.0950	0.1050	1.78490041e+08
0.0950	0.0950	0.1150	7.51535271e+08
0.0950	0.0950	0.1250	4.31493430e+08
0.0950	0.0950	0.1350	7.80473531e+08
0.0950	0.0950	0.1450	5.17123138e+08
0.0950	0.1050	0.1050	5.40564092e+08
0.0950	0.1050	0.1150	5.67180721e+08
0.0950	0.1050	0.1250	7.63612987e+08
0.0950	0.1050	0.1350	5.93905334e+08
0.0950	0.1050	0.1450	4.95362491e+08
0.0950	0.1150	0.1150	9.30722149e+08
0.0950	0.1150	0.1250	5.31392372e+08
0.0950	0.1150	0.1350	5.63538627e+08
0.0950	0.1150	0.1450	5.81547837e+08
0.0950	0.1250	0.1250	6.62121487e+08
0.0950	0.1250	0.1350	5.55744158e+08
0.0950	0.1250	0.1450	5.61068957e+08
0.0950	0.1350	0.1350	6.80963059e+08
0.0950	0.1350	0.1450	5.66856224e+08
0.0950	0.1450	0.1450	8.84166647e+07
0.1050	0.1050	0.1050	2.93395188e+08
0.1050	0.1050	0.1150	5.71357815e+08
0.1050	0.1050	0.1250	8.45872355e+08
0.1050	0.1050	0.1350	5.83727807e+08
0.1050	0.1050	0.1450	7.19120774e+08
0.1050	0.1150	0.1150	5.32699967e+08
0.1050	0.1150	0.1250	5.98802576e+08
0.1050	0.1150	0.1350	6.46546211e+08
0.1050	0.1150	0.1450	4.42644099e+08
0.1050	0.1250	0.1250	4.49913948e+08
0.1050	0.1250	0.1350	4.41815131e+08
0.1050	0.1250	0.1450	4.26151719e+08
0.1050	0.1350	0.1350	4.11996290e+08
0.1050	0.1350	0.1450	4.79512764e+08
0.1050	0.1450	0.1450	4.06001720e+08
0.1150	0.1150	0.1150	5.81699225e+08
0.1150	0.1150	0.1250	4.96248432e+08
0.1150	0.1150	0.1350	6.64166572e+08
0.1150	0.1150	0.1450	5.61778471e+08
0.1150	0.1250	0.1250	6.28574700e+07
0.1150	0.1250	0.1350	3.33826929e+08
0.1150	0.1250	0.1450	3.82304690e+08
0.1150	0.1350	0.1350	4.54250448e+08
0.1150	0.1350	0.1450	2.40306041e+08
0.1150	0.1450	0.1450	9.28444638e+07
0.1250	0.1250	0.1250	2.85485734e+08
0.1250	0.1250	0.1350	3.18055792e+08
0.1250	0.1250	0.1450	3.02787532e+08
0.1250	0.1350	0.1350	3.83603188e+08
0.1250	0.1350	0.1450	3.97853790e+08
0.1250	0.1450	0.1450	2.45509975e+08
0.1350	0.1350	0.1350	3.21830580e+08
0.1350	0.1350	0.1450	2.17609445e+08
0.1350	0.1450	0.1450	4.51130026e+08
0.1450	0.1450	0.1450	2.23579611e+08
