####### Bispectrum of Patchy Simulation 1370 #############
# Patch: ngc
# z-type: z1
# Weights: fkp
# Fiducial Omega_m: 0.310
# Fiducial h: 0.676
# Boxsize: [1350.0, 2450.0, 1400.0]
# Grid: [126, 230, 130]
# k-binning: [0.000, 0.160, 0.010]
# Monte Carlo Simulations: 100
#
# Format: k1 | k2 | k3 | B(k1,k2,k3)
############################################
0.0150	0.0150	0.0150	1.16842688e+10
0.0150	0.0150	0.0250	2.36855674e+10
0.0150	0.0150	0.0350	-1.72275026e+10
0.0150	0.0250	0.0250	9.13271319e+09
0.0150	0.0250	0.0350	5.80303881e+09
0.0150	0.0250	0.0450	1.50026828e+10
0.0150	0.0350	0.0350	1.43245833e+10
0.0150	0.0350	0.0450	9.19413995e+09
0.0150	0.0350	0.0550	9.75408300e+09
0.0150	0.0450	0.0450	8.34784604e+09
0.0150	0.0450	0.0550	6.64919287e+09
0.0150	0.0450	0.0650	3.64775172e+09
0.0150	0.0550	0.0550	6.32045846e+08
0.0150	0.0550	0.0650	7.16937666e+09
0.0150	0.0550	0.0750	4.91689266e+09
0.0150	0.0650	0.0650	4.56339268e+09
0.0150	0.0650	0.0750	4.70588960e+09
0.0150	0.0650	0.0850	-2.41004963e+08
0.0150	0.0750	0.0750	5.26983597e+09
0.0150	0.0750	0.0850	3.14055005e+09
0.0150	0.0750	0.0950	3.13634525e+09
0.0150	0.0850	0.0850	2.20919887e+09
0.0150	0.0850	0.0950	3.31917950e+09
0.0150	0.0850	0.1050	3.52743852e+09
0.0150	0.0950	0.0950	1.42624942e+09
0.0150	0.0950	0.1050	2.49150817e+09
0.0150	0.0950	0.1150	2.55553692e+09
0.0150	0.1050	0.1050	1.03261275e+09
0.0150	0.1050	0.1150	2.16883802e+09
0.0150	0.1050	0.1250	5.08742850e+09
0.0150	0.1150	0.1150	1.19293370e+09
0.0150	0.1150	0.1250	2.48935583e+09
0.0150	0.1150	0.1350	1.60664209e+09
0.0150	0.1250	0.1250	1.05884780e+09
0.0150	0.1250	0.1350	2.04257841e+09
0.0150	0.1250	0.1450	2.34143770e+09
0.0150	0.1350	0.1350	1.29717658e+09
0.0150	0.1350	0.1450	1.38205038e+09
0.0150	0.1450	0.1450	8.84695882e+08
0.0250	0.0250	0.0250	-9.39948448e+09
0.0250	0.0250	0.0350	6.25762932e+09
0.0250	0.0250	0.0450	1.55581872e+10
0.0250	0.0250	0.0550	2.09959510e+10
0.0250	0.0350	0.0350	1.03911868e+10
0.0250	0.0350	0.0450	2.37637043e+09
0.0250	0.0350	0.0550	8.04747810e+09
0.0250	0.0350	0.0650	1.72207856e+10
0.0250	0.0450	0.0450	7.60689414e+09
0.0250	0.0450	0.0550	5.59986399e+09
0.0250	0.0450	0.0650	8.50939444e+09
0.0250	0.0450	0.0750	8.12413694e+09
0.0250	0.0550	0.0550	5.61992009e+09
0.0250	0.0550	0.0650	4.46205194e+09
0.0250	0.0550	0.0750	5.30094962e+09
0.0250	0.0550	0.0850	5.73785104e+09
0.0250	0.0650	0.0650	1.67577424e+09
0.0250	0.0650	0.0750	4.07701186e+09
0.0250	0.0650	0.0850	4.98473605e+09
0.0250	0.0650	0.0950	6.46611386e+09
0.0250	0.0750	0.0750	3.32997125e+09
0.0250	0.0750	0.0850	3.27697603e+09
0.0250	0.0750	0.0950	4.59600402e+09
0.0250	0.0750	0.1050	3.07174582e+09
0.0250	0.0850	0.0850	2.98657153e+09
0.0250	0.0850	0.0950	2.60633034e+09
0.0250	0.0850	0.1050	3.20388643e+09
0.0250	0.0850	0.1150	4.18539825e+09
0.0250	0.0950	0.0950	2.66952393e+09
0.0250	0.0950	0.1050	2.55913169e+09
0.0250	0.0950	0.1150	3.71066196e+09
0.0250	0.0950	0.1250	2.62542080e+09
0.0250	0.1050	0.1050	1.66601250e+09
0.0250	0.1050	0.1150	2.33092810e+09
0.0250	0.1050	0.1250	2.38630946e+09
0.0250	0.1050	0.1350	2.67862016e+09
0.0250	0.1150	0.1150	9.91814651e+08
0.0250	0.1150	0.1250	2.03938198e+09
0.0250	0.1150	0.1350	2.42508807e+09
0.0250	0.1150	0.1450	2.69380775e+09
0.0250	0.1250	0.1250	9.80615571e+08
0.0250	0.1250	0.1350	1.50773949e+09
0.0250	0.1250	0.1450	2.23298361e+09
0.0250	0.1350	0.1350	1.17307440e+09
0.0250	0.1350	0.1450	1.22997123e+09
0.0250	0.1450	0.1450	5.03932689e+08
0.0350	0.0350	0.0350	-2.40676417e+09
0.0350	0.0350	0.0450	2.04076037e+09
0.0350	0.0350	0.0550	9.26195679e+09
0.0350	0.0350	0.0650	7.29750901e+09
0.0350	0.0350	0.0750	1.67339338e+10
0.0350	0.0450	0.0450	6.03826068e+09
0.0350	0.0450	0.0550	1.88796925e+09
0.0350	0.0450	0.0650	4.06034883e+09
0.0350	0.0450	0.0750	4.68362672e+09
0.0350	0.0450	0.0850	4.93531548e+09
0.0350	0.0550	0.0550	4.18557303e+09
0.0350	0.0550	0.0650	2.39716811e+09
0.0350	0.0550	0.0750	4.69201476e+09
0.0350	0.0550	0.0850	4.90664897e+09
0.0350	0.0550	0.0950	1.84680234e+09
0.0350	0.0650	0.0650	4.16314267e+09
0.0350	0.0650	0.0750	2.05629503e+09
0.0350	0.0650	0.0850	3.13919439e+09
0.0350	0.0650	0.0950	3.66025724e+09
0.0350	0.0650	0.1050	4.44777457e+09
0.0350	0.0750	0.0750	3.88486262e+09
0.0350	0.0750	0.0850	2.38859638e+09
0.0350	0.0750	0.0950	2.90125873e+09
0.0350	0.0750	0.1050	3.74060190e+09
0.0350	0.0750	0.1150	4.74161644e+09
0.0350	0.0850	0.0850	2.23999555e+09
0.0350	0.0850	0.0950	1.88817229e+09
0.0350	0.0850	0.1050	2.33371134e+09
0.0350	0.0850	0.1150	2.66318158e+09
0.0350	0.0850	0.1250	2.04786840e+09
0.0350	0.0950	0.0950	2.06140380e+09
0.0350	0.0950	0.1050	2.57674707e+09
0.0350	0.0950	0.1150	1.73434480e+09
0.0350	0.0950	0.1250	2.39000564e+09
0.0350	0.0950	0.1350	3.23208783e+09
0.0350	0.1050	0.1050	1.78148869e+09
0.0350	0.1050	0.1150	1.59237931e+09
0.0350	0.1050	0.1250	2.08765538e+09
0.0350	0.1050	0.1350	1.96696000e+09
0.0350	0.1050	0.1450	2.76568968e+09
0.0350	0.1150	0.1150	1.42076661e+09
0.0350	0.1150	0.1250	1.78060715e+09
0.0350	0.1150	0.1350	1.68909047e+09
0.0350	0.1150	0.1450	1.85812197e+09
0.0350	0.1250	0.1250	1.48241779e+09
0.0350	0.1250	0.1350	1.84261848e+09
0.0350	0.1250	0.1450	1.34284671e+09
0.0350	0.1350	0.1350	9.35375419e+08
0.0350	0.1350	0.1450	1.26740644e+09
0.0350	0.1450	0.1450	1.01900080e+09
0.0450	0.0450	0.0450	7.09906177e+09
0.0450	0.0450	0.0550	2.67006264e+09
0.0450	0.0450	0.0650	2.60497422e+09
0.0450	0.0450	0.0750	4.12686934e+09
0.0450	0.0450	0.0850	2.17879777e+09
0.0450	0.0450	0.0950	1.73392492e+09
0.0450	0.0550	0.0550	1.28926135e+09
0.0450	0.0550	0.0650	3.56928730e+09
0.0450	0.0550	0.0750	3.91853708e+09
0.0450	0.0550	0.0850	3.28707632e+09
0.0450	0.0550	0.0950	4.11193352e+09
0.0450	0.0550	0.1050	2.99278667e+09
0.0450	0.0650	0.0650	3.23480196e+09
0.0450	0.0650	0.0750	2.35032994e+09
0.0450	0.0650	0.0850	2.33846421e+09
0.0450	0.0650	0.0950	2.43043399e+09
0.0450	0.0650	0.1050	2.93793189e+09
0.0450	0.0650	0.1150	3.23857804e+09
0.0450	0.0750	0.0750	2.42762899e+09
0.0450	0.0750	0.0850	2.06068398e+09
0.0450	0.0750	0.0950	3.00805754e+09
0.0450	0.0750	0.1050	2.61400104e+09
0.0450	0.0750	0.1150	3.58393989e+09
0.0450	0.0750	0.1250	1.66909041e+09
0.0450	0.0850	0.0850	4.83535536e+08
0.0450	0.0850	0.0950	1.47877386e+09
0.0450	0.0850	0.1050	1.93146904e+09
0.0450	0.0850	0.1150	1.67276177e+09
0.0450	0.0850	0.1250	2.37043528e+09
0.0450	0.0850	0.1350	1.16499320e+09
0.0450	0.0950	0.0950	1.27155018e+09
0.0450	0.0950	0.1050	1.02964341e+09
0.0450	0.0950	0.1150	1.58223614e+09
0.0450	0.0950	0.1250	1.47354549e+09
0.0450	0.0950	0.1350	1.80462173e+09
0.0450	0.0950	0.1450	1.35892049e+09
0.0450	0.1050	0.1050	1.33572195e+09
0.0450	0.1050	0.1150	1.15088939e+09
0.0450	0.1050	0.1250	1.41111467e+09
0.0450	0.1050	0.1350	1.36408954e+09
0.0450	0.1050	0.1450	1.69482705e+09
0.0450	0.1150	0.1150	1.01967900e+09
0.0450	0.1150	0.1250	1.08527317e+09
0.0450	0.1150	0.1350	1.11348062e+09
0.0450	0.1150	0.1450	1.19985275e+09
0.0450	0.1250	0.1250	8.78532200e+08
0.0450	0.1250	0.1350	1.18983124e+09
0.0450	0.1250	0.1450	9.38013101e+08
0.0450	0.1350	0.1350	9.41777444e+08
0.0450	0.1350	0.1450	9.57567231e+08
0.0450	0.1450	0.1450	9.85332334e+08
0.0550	0.0550	0.0550	2.10005452e+09
0.0550	0.0550	0.0650	4.11526884e+08
0.0550	0.0550	0.0750	2.16361476e+09
0.0550	0.0550	0.0850	2.94065445e+09
0.0550	0.0550	0.0950	2.44017540e+09
0.0550	0.0550	0.1050	3.51130475e+09
0.0550	0.0550	0.1150	3.69668995e+09
0.0550	0.0650	0.0650	2.98203442e+09
0.0550	0.0650	0.0750	2.03587475e+09
0.0550	0.0650	0.0850	1.60238628e+09
0.0550	0.0650	0.0950	2.42688762e+09
0.0550	0.0650	0.1050	2.39915530e+09
0.0550	0.0650	0.1150	2.71994903e+09
0.0550	0.0650	0.1250	2.64859257e+09
0.0550	0.0750	0.0750	1.50476954e+09
0.0550	0.0750	0.0850	1.21542863e+09
0.0550	0.0750	0.0950	1.09101832e+09
0.0550	0.0750	0.1050	1.85457789e+09
0.0550	0.0750	0.1150	1.94413962e+09
0.0550	0.0750	0.1250	2.48166628e+09
0.0550	0.0750	0.1350	1.71710278e+09
0.0550	0.0850	0.0850	1.97092364e+09
0.0550	0.0850	0.0950	1.88298874e+09
0.0550	0.0850	0.1050	1.56791095e+09
0.0550	0.0850	0.1150	1.14466076e+09
0.0550	0.0850	0.1250	1.40229411e+09
0.0550	0.0850	0.1350	1.82835289e+09
0.0550	0.0850	0.1450	2.98268890e+09
0.0550	0.0950	0.0950	1.45809810e+09
0.0550	0.0950	0.1050	1.29657689e+09
0.0550	0.0950	0.1150	1.20658651e+09
0.0550	0.0950	0.1250	1.33442046e+09
0.0550	0.0950	0.1350	1.59570511e+09
0.0550	0.0950	0.1450	1.58140077e+09
0.0550	0.1050	0.1050	1.14659914e+09
0.0550	0.1050	0.1150	9.45397995e+08
0.0550	0.1050	0.1250	1.00180109e+09
0.0550	0.1050	0.1350	1.13610024e+09
0.0550	0.1050	0.1450	9.04509898e+08
0.0550	0.1150	0.1150	1.02477068e+09
0.0550	0.1150	0.1250	1.06713191e+09
0.0550	0.1150	0.1350	7.33330972e+08
0.0550	0.1150	0.1450	1.09469201e+09
0.0550	0.1250	0.1250	8.22339121e+08
0.0550	0.1250	0.1350	9.99133790e+08
0.0550	0.1250	0.1450	8.56182609e+08
0.0550	0.1350	0.1350	3.94930823e+08
0.0550	0.1350	0.1450	8.26707986e+08
0.0550	0.1450	0.1450	7.11399188e+08
0.0650	0.0650	0.0650	2.93184072e+09
0.0650	0.0650	0.0750	1.55741523e+09
0.0650	0.0650	0.0850	1.14011958e+09
0.0650	0.0650	0.0950	1.78344298e+09
0.0650	0.0650	0.1050	1.40712527e+09
0.0650	0.0650	0.1150	1.84408032e+09
0.0650	0.0650	0.1250	1.88355630e+09
0.0650	0.0650	0.1350	8.67248111e+08
0.0650	0.0750	0.0750	2.45466855e+09
0.0650	0.0750	0.0850	1.39000796e+09
0.0650	0.0750	0.0950	8.25549729e+08
0.0650	0.0750	0.1050	1.14291434e+09
0.0650	0.0750	0.1150	1.66821662e+09
0.0650	0.0750	0.1250	1.71330969e+09
0.0650	0.0750	0.1350	2.03221632e+09
0.0650	0.0750	0.1450	1.74369090e+09
0.0650	0.0850	0.0850	8.87654635e+08
0.0650	0.0850	0.0950	1.11516791e+09
0.0650	0.0850	0.1050	1.20871077e+09
0.0650	0.0850	0.1150	7.73247910e+08
0.0650	0.0850	0.1250	1.16225935e+09
0.0650	0.0850	0.1350	1.46407424e+09
0.0650	0.0850	0.1450	1.78887731e+09
0.0650	0.0950	0.0950	1.14158114e+09
0.0650	0.0950	0.1050	8.03938589e+08
0.0650	0.0950	0.1150	1.37509526e+09
0.0650	0.0950	0.1250	1.10010689e+09
0.0650	0.0950	0.1350	1.17644837e+09
0.0650	0.0950	0.1450	1.39267424e+09
0.0650	0.1050	0.1050	7.76522403e+08
0.0650	0.1050	0.1150	8.36865271e+08
0.0650	0.1050	0.1250	1.03289788e+09
0.0650	0.1050	0.1350	7.76291538e+08
0.0650	0.1050	0.1450	1.02656673e+09
0.0650	0.1150	0.1150	9.92647430e+08
0.0650	0.1150	0.1250	7.85041285e+08
0.0650	0.1150	0.1350	7.03660303e+08
0.0650	0.1150	0.1450	7.79813987e+08
0.0650	0.1250	0.1250	9.62435693e+08
0.0650	0.1250	0.1350	8.34398191e+08
0.0650	0.1250	0.1450	7.28439540e+08
0.0650	0.1350	0.1350	6.49932712e+08
0.0650	0.1350	0.1450	7.39145515e+08
0.0650	0.1450	0.1450	6.19597467e+08
0.0750	0.0750	0.0750	2.87605171e+08
0.0750	0.0750	0.0850	8.63323600e+08
0.0750	0.0750	0.0950	1.99061087e+09
0.0750	0.0750	0.1050	1.83995936e+09
0.0750	0.0750	0.1150	1.44009826e+09
0.0750	0.0750	0.1250	1.54076853e+09
0.0750	0.0750	0.1350	1.77336720e+09
0.0750	0.0750	0.1450	2.20220666e+09
0.0750	0.0850	0.0850	9.11329875e+08
0.0750	0.0850	0.0950	1.06546957e+09
0.0750	0.0850	0.1050	1.04807033e+09
0.0750	0.0850	0.1150	1.10011895e+09
0.0750	0.0850	0.1250	1.12184691e+09
0.0750	0.0850	0.1350	9.48364396e+08
0.0750	0.0850	0.1450	1.30276905e+09
0.0750	0.0950	0.0950	9.26056042e+08
0.0750	0.0950	0.1050	8.25916887e+08
0.0750	0.0950	0.1150	7.64151686e+08
0.0750	0.0950	0.1250	1.11254824e+09
0.0750	0.0950	0.1350	1.01475981e+09
0.0750	0.0950	0.1450	9.59201604e+08
0.0750	0.1050	0.1050	1.05439904e+09
0.0750	0.1050	0.1150	6.56966771e+08
0.0750	0.1050	0.1250	8.98484968e+08
0.0750	0.1050	0.1350	7.48939235e+08
0.0750	0.1050	0.1450	7.07570585e+08
0.0750	0.1150	0.1150	7.92009416e+08
0.0750	0.1150	0.1250	6.65960230e+08
0.0750	0.1150	0.1350	6.99636402e+08
0.0750	0.1150	0.1450	7.44212688e+08
0.0750	0.1250	0.1250	8.37040738e+08
0.0750	0.1250	0.1350	7.23356712e+08
0.0750	0.1250	0.1450	6.82889564e+08
0.0750	0.1350	0.1350	7.96080590e+08
0.0750	0.1350	0.1450	4.02960466e+08
0.0750	0.1450	0.1450	5.54418403e+08
0.0850	0.0850	0.0850	1.50042704e+09
0.0850	0.0850	0.0950	4.24517517e+08
0.0850	0.0850	0.1050	7.17995082e+08
0.0850	0.0850	0.1150	6.47701997e+08
0.0850	0.0850	0.1250	6.57149794e+08
0.0850	0.0850	0.1350	8.76402042e+08
0.0850	0.0850	0.1450	9.79822064e+08
0.0850	0.0950	0.0950	1.04603522e+09
0.0850	0.0950	0.1050	8.21395034e+08
0.0850	0.0950	0.1150	6.66196729e+08
0.0850	0.0950	0.1250	8.25211416e+08
0.0850	0.0950	0.1350	7.11529517e+08
0.0850	0.0950	0.1450	6.94033720e+08
0.0850	0.1050	0.1050	5.21458374e+08
0.0850	0.1050	0.1150	6.61429111e+08
0.0850	0.1050	0.1250	7.53188935e+08
0.0850	0.1050	0.1350	5.93060366e+08
0.0850	0.1050	0.1450	6.08418131e+08
0.0850	0.1150	0.1150	7.43037352e+08
0.0850	0.1150	0.1250	5.89282521e+08
0.0850	0.1150	0.1350	3.85176622e+08
0.0850	0.1150	0.1450	5.91477587e+08
0.0850	0.1250	0.1250	4.18975371e+08
0.0850	0.1250	0.1350	5.10776557e+08
0.0850	0.1250	0.1450	6.60479779e+08
0.0850	0.1350	0.1350	6.29684094e+08
0.0850	0.1350	0.1450	5.05143666e+08
0.0850	0.1450	0.1450	4.89869798e+08
0.0950	0.0950	0.0950	1.02576594e+09
0.0950	0.0950	0.1050	5.89768135e+08
0.0950	0.0950	0.1150	8.22459243e+08
0.0950	0.0950	0.1250	5.35815326e+08
0.0950	0.0950	0.1350	8.91023284e+08
0.0950	0.0950	0.1450	7.73402404e+08
0.0950	0.1050	0.1050	5.52352346e+08
0.0950	0.1050	0.1150	8.69781326e+08
0.0950	0.1050	0.1250	6.06220171e+08
0.0950	0.1050	0.1350	5.95205976e+08
0.0950	0.1050	0.1450	4.71592243e+08
0.0950	0.1150	0.1150	4.17038073e+08
0.0950	0.1150	0.1250	4.36684807e+08
0.0950	0.1150	0.1350	5.36865557e+08
0.0950	0.1150	0.1450	4.98039609e+08
0.0950	0.1250	0.1250	6.88107773e+08
0.0950	0.1250	0.1350	5.70872698e+08
0.0950	0.1250	0.1450	5.42050314e+08
0.0950	0.1350	0.1350	4.65362079e+08
0.0950	0.1350	0.1450	4.60973394e+08
0.0950	0.1450	0.1450	4.74835440e+08
0.1050	0.1050	0.1050	7.24506759e+08
0.1050	0.1050	0.1150	5.82197538e+08
0.1050	0.1050	0.1250	6.69718187e+08
0.1050	0.1050	0.1350	5.46624020e+08
0.1050	0.1050	0.1450	5.46575625e+08
0.1050	0.1150	0.1150	5.16361162e+08
0.1050	0.1150	0.1250	5.10565000e+08
0.1050	0.1150	0.1350	5.68805355e+08
0.1050	0.1150	0.1450	5.06578922e+08
0.1050	0.1250	0.1250	3.12661665e+08
0.1050	0.1250	0.1350	3.84369875e+08
0.1050	0.1250	0.1450	3.38634415e+08
0.1050	0.1350	0.1350	4.46873293e+08
0.1050	0.1350	0.1450	4.62437068e+08
0.1050	0.1450	0.1450	4.34172815e+08
0.1150	0.1150	0.1150	7.06128501e+08
0.1150	0.1150	0.1250	4.37458940e+08
0.1150	0.1150	0.1350	4.68670262e+08
0.1150	0.1150	0.1450	3.82759973e+08
0.1150	0.1250	0.1250	3.87511576e+08
0.1150	0.1250	0.1350	4.12077756e+08
0.1150	0.1250	0.1450	4.47032589e+08
0.1150	0.1350	0.1350	4.17529868e+08
0.1150	0.1350	0.1450	3.42031297e+08
0.1150	0.1450	0.1450	3.68596860e+08
0.1250	0.1250	0.1250	4.47682768e+08
0.1250	0.1250	0.1350	3.95876746e+08
0.1250	0.1250	0.1450	3.75749703e+08
0.1250	0.1350	0.1350	4.09485342e+08
0.1250	0.1350	0.1450	3.47270891e+08
0.1250	0.1450	0.1450	3.69290972e+08
0.1350	0.1350	0.1350	6.34483019e+08
0.1350	0.1350	0.1450	3.48652831e+08
0.1350	0.1450	0.1450	3.11485082e+08
0.1450	0.1450	0.1450	1.91998935e+08
