####### Bispectrum of Patchy Simulation 96 #############
# Patch: ngc
# z-type: z3
# Weights: fkp
# Fiducial Omega_m: 0.310
# Fiducial h: 0.676
# Boxsize: [1800.0, 3400.0, 1900.0]
# Grid: [170, 325, 180]
# k-binning: [0.000, 0.160, 0.010]
# Monte Carlo Simulations: 100
#
# Format: k1 | k2 | k3 | B(k1,k2,k3)
############################################
0.0150	0.0150	0.0150	-9.35436268e+09
0.0150	0.0150	0.0250	1.25049619e+10
0.0150	0.0150	0.0350	-2.08090073e+10
0.0150	0.0250	0.0250	6.76512683e+09
0.0150	0.0250	0.0350	1.26367948e+10
0.0150	0.0250	0.0450	2.79270866e+10
0.0150	0.0350	0.0350	2.39997638e+09
0.0150	0.0350	0.0450	9.57429821e+09
0.0150	0.0350	0.0550	9.39353620e+09
0.0150	0.0450	0.0450	7.71823394e+09
0.0150	0.0450	0.0550	9.09960722e+09
0.0150	0.0450	0.0650	9.28039871e+09
0.0150	0.0550	0.0550	1.89954883e+09
0.0150	0.0550	0.0650	5.14170987e+09
0.0150	0.0550	0.0750	6.85068904e+09
0.0150	0.0650	0.0650	1.61306318e+09
0.0150	0.0650	0.0750	5.59899167e+09
0.0150	0.0650	0.0850	7.72369409e+08
0.0150	0.0750	0.0750	4.08680133e+09
0.0150	0.0750	0.0850	3.54050459e+09
0.0150	0.0750	0.0950	6.23001487e+09
0.0150	0.0850	0.0850	4.15641928e+09
0.0150	0.0850	0.0950	4.14373103e+09
0.0150	0.0850	0.1050	4.57095958e+09
0.0150	0.0950	0.0950	2.72372688e+09
0.0150	0.0950	0.1050	3.50325358e+09
0.0150	0.0950	0.1150	4.14144135e+09
0.0150	0.1050	0.1050	2.87355540e+09
0.0150	0.1050	0.1150	3.32049408e+09
0.0150	0.1050	0.1250	3.58769586e+09
0.0150	0.1150	0.1150	3.14847612e+09
0.0150	0.1150	0.1250	2.28798609e+09
0.0150	0.1150	0.1350	4.65225716e+09
0.0150	0.1250	0.1250	1.94161549e+09
0.0150	0.1250	0.1350	2.34125068e+09
0.0150	0.1250	0.1450	3.89138685e+09
0.0150	0.1350	0.1350	2.27664191e+09
0.0150	0.1350	0.1450	2.55515954e+09
0.0150	0.1450	0.1450	1.68236713e+09
0.0250	0.0250	0.0250	8.72745582e+09
0.0250	0.0250	0.0350	4.59131902e+09
0.0250	0.0250	0.0450	1.45192660e+10
0.0250	0.0250	0.0550	8.10116261e+09
0.0250	0.0350	0.0350	2.94463454e+09
0.0250	0.0350	0.0450	9.20942298e+08
0.0250	0.0350	0.0550	5.74067663e+09
0.0250	0.0350	0.0650	6.01206818e+09
0.0250	0.0450	0.0450	7.43984542e+09
0.0250	0.0450	0.0550	4.74285867e+09
0.0250	0.0450	0.0650	7.00957876e+09
0.0250	0.0450	0.0750	3.06774669e+09
0.0250	0.0550	0.0550	-6.74704908e+08
0.0250	0.0550	0.0650	3.16535010e+09
0.0250	0.0550	0.0750	4.49207290e+09
0.0250	0.0550	0.0850	6.69426552e+09
0.0250	0.0650	0.0650	5.47504057e+09
0.0250	0.0650	0.0750	4.19913001e+09
0.0250	0.0650	0.0850	4.54810708e+09
0.0250	0.0650	0.0950	5.12061840e+09
0.0250	0.0750	0.0750	1.77668592e+09
0.0250	0.0750	0.0850	3.36729691e+09
0.0250	0.0750	0.0950	4.01074276e+09
0.0250	0.0750	0.1050	3.60709541e+09
0.0250	0.0850	0.0850	2.84482366e+09
0.0250	0.0850	0.0950	2.40213922e+09
0.0250	0.0850	0.1050	3.30114135e+09
0.0250	0.0850	0.1150	4.39658395e+09
0.0250	0.0950	0.0950	1.97558106e+09
0.0250	0.0950	0.1050	2.01294193e+09
0.0250	0.0950	0.1150	2.85459563e+09
0.0250	0.0950	0.1250	4.01439619e+09
0.0250	0.1050	0.1050	1.90192423e+09
0.0250	0.1050	0.1150	1.61897065e+09
0.0250	0.1050	0.1250	2.58994927e+09
0.0250	0.1050	0.1350	3.36229346e+09
0.0250	0.1150	0.1150	1.29473150e+09
0.0250	0.1150	0.1250	1.74179585e+09
0.0250	0.1150	0.1350	1.71694516e+09
0.0250	0.1150	0.1450	2.98489145e+09
0.0250	0.1250	0.1250	1.78730006e+09
0.0250	0.1250	0.1350	1.84394144e+09
0.0250	0.1250	0.1450	2.01780027e+09
0.0250	0.1350	0.1350	1.10796049e+09
0.0250	0.1350	0.1450	1.40584655e+09
0.0250	0.1450	0.1450	1.28604727e+09
0.0350	0.0350	0.0350	2.26324083e+09
0.0350	0.0350	0.0450	3.07343959e+09
0.0350	0.0350	0.0550	3.09204317e+09
0.0350	0.0350	0.0650	5.43032938e+09
0.0350	0.0350	0.0750	2.78466108e+09
0.0350	0.0450	0.0450	2.28294056e+09
0.0350	0.0450	0.0550	2.61967894e+09
0.0350	0.0450	0.0650	3.69922911e+09
0.0350	0.0450	0.0750	3.85661857e+09
0.0350	0.0450	0.0850	4.51822107e+09
0.0350	0.0550	0.0550	3.83369770e+09
0.0350	0.0550	0.0650	1.17391373e+09
0.0350	0.0550	0.0750	2.39665206e+09
0.0350	0.0550	0.0850	2.93052697e+09
0.0350	0.0550	0.0950	3.70319537e+09
0.0350	0.0650	0.0650	1.76607582e+09
0.0350	0.0650	0.0750	2.07756478e+09
0.0350	0.0650	0.0850	2.66491942e+09
0.0350	0.0650	0.0950	3.64474079e+09
0.0350	0.0650	0.1050	3.28483508e+09
0.0350	0.0750	0.0750	2.83674672e+09
0.0350	0.0750	0.0850	2.75063408e+09
0.0350	0.0750	0.0950	2.59090579e+09
0.0350	0.0750	0.1050	2.99840964e+09
0.0350	0.0750	0.1150	2.07682923e+09
0.0350	0.0850	0.0850	9.64038784e+08
0.0350	0.0850	0.0950	1.39035405e+09
0.0350	0.0850	0.1050	1.87053761e+09
0.0350	0.0850	0.1150	2.15531158e+09
0.0350	0.0850	0.1250	2.49214524e+09
0.0350	0.0950	0.0950	1.18934012e+09
0.0350	0.0950	0.1050	1.90552109e+09
0.0350	0.0950	0.1150	1.70879924e+09
0.0350	0.0950	0.1250	1.91989147e+09
0.0350	0.0950	0.1350	1.86174035e+09
0.0350	0.1050	0.1050	1.72156326e+09
0.0350	0.1050	0.1150	8.85064818e+08
0.0350	0.1050	0.1250	1.40752358e+09
0.0350	0.1050	0.1350	1.79418882e+09
0.0350	0.1050	0.1450	1.18002303e+09
0.0350	0.1150	0.1150	1.65883546e+09
0.0350	0.1150	0.1250	1.23507728e+09
0.0350	0.1150	0.1350	1.43542631e+09
0.0350	0.1150	0.1450	1.43541835e+09
0.0350	0.1250	0.1250	1.02533132e+09
0.0350	0.1250	0.1350	1.29519048e+09
0.0350	0.1250	0.1450	1.12840576e+09
0.0350	0.1350	0.1350	1.16442975e+09
0.0350	0.1350	0.1450	1.17810659e+09
0.0350	0.1450	0.1450	7.14904620e+08
0.0450	0.0450	0.0450	4.57626044e+09
0.0450	0.0450	0.0550	2.54176708e+09
0.0450	0.0450	0.0650	1.72683165e+09
0.0450	0.0450	0.0750	3.22762589e+09
0.0450	0.0450	0.0850	3.90214123e+09
0.0450	0.0450	0.0950	1.84377019e+09
0.0450	0.0550	0.0550	1.53309836e+09
0.0450	0.0550	0.0650	3.03433160e+09
0.0450	0.0550	0.0750	2.56909687e+09
0.0450	0.0550	0.0850	2.15986632e+09
0.0450	0.0550	0.0950	3.67570073e+09
0.0450	0.0550	0.1050	3.87908189e+09
0.0450	0.0650	0.0650	2.21730872e+09
0.0450	0.0650	0.0750	2.39538137e+09
0.0450	0.0650	0.0850	2.83081397e+09
0.0450	0.0650	0.0950	2.03383507e+09
0.0450	0.0650	0.1050	2.83376567e+09
0.0450	0.0650	0.1150	3.20141551e+09
0.0450	0.0750	0.0750	1.06012896e+09
0.0450	0.0750	0.0850	1.83872493e+09
0.0450	0.0750	0.0950	2.05870767e+09
0.0450	0.0750	0.1050	2.17604184e+09
0.0450	0.0750	0.1150	2.69326965e+09
0.0450	0.0750	0.1250	2.70664443e+09
0.0450	0.0850	0.0850	2.32249890e+09
0.0450	0.0850	0.0950	1.27520219e+09
0.0450	0.0850	0.1050	1.52857617e+09
0.0450	0.0850	0.1150	1.97939080e+09
0.0450	0.0850	0.1250	2.51529885e+09
0.0450	0.0850	0.1350	2.01595369e+09
0.0450	0.0950	0.0950	1.15377242e+09
0.0450	0.0950	0.1050	1.17431129e+09
0.0450	0.0950	0.1150	1.22226439e+09
0.0450	0.0950	0.1250	1.59653804e+09
0.0450	0.0950	0.1350	1.74334223e+09
0.0450	0.0950	0.1450	1.93648175e+09
0.0450	0.1050	0.1050	1.32479890e+09
0.0450	0.1050	0.1150	1.26793758e+09
0.0450	0.1050	0.1250	1.34721787e+09
0.0450	0.1050	0.1350	1.32488879e+09
0.0450	0.1050	0.1450	1.76279000e+09
0.0450	0.1150	0.1150	1.12114195e+09
0.0450	0.1150	0.1250	9.01468643e+08
0.0450	0.1150	0.1350	1.54336075e+09
0.0450	0.1150	0.1450	1.07759686e+09
0.0450	0.1250	0.1250	1.10285017e+09
0.0450	0.1250	0.1350	1.19978085e+09
0.0450	0.1250	0.1450	1.01329696e+09
0.0450	0.1350	0.1350	1.18723068e+09
0.0450	0.1350	0.1450	8.53748285e+08
0.0450	0.1450	0.1450	1.16134149e+09
0.0550	0.0550	0.0550	3.31715556e+07
0.0550	0.0550	0.0650	1.67808946e+09
0.0550	0.0550	0.0750	2.38672584e+09
0.0550	0.0550	0.0850	1.85394293e+09
0.0550	0.0550	0.0950	2.73743994e+09
0.0550	0.0550	0.1050	2.31043191e+09
0.0550	0.0550	0.1150	2.19499229e+09
0.0550	0.0650	0.0650	1.09836019e+09
0.0550	0.0650	0.0750	1.84090238e+09
0.0550	0.0650	0.0850	1.47371960e+09
0.0550	0.0650	0.0950	1.27937493e+09
0.0550	0.0650	0.1050	1.97454071e+09
0.0550	0.0650	0.1150	1.69657563e+09
0.0550	0.0650	0.1250	2.92362407e+09
0.0550	0.0750	0.0750	2.13777465e+09
0.0550	0.0750	0.0850	1.26161782e+09
0.0550	0.0750	0.0950	1.58159727e+09
0.0550	0.0750	0.1050	1.23031017e+09
0.0550	0.0750	0.1150	1.94474560e+09
0.0550	0.0750	0.1250	1.89717183e+09
0.0550	0.0750	0.1350	1.68035025e+09
0.0550	0.0850	0.0850	1.73792659e+09
0.0550	0.0850	0.0950	8.66702916e+08
0.0550	0.0850	0.1050	1.64405309e+09
0.0550	0.0850	0.1150	1.23744429e+09
0.0550	0.0850	0.1250	1.77133262e+09
0.0550	0.0850	0.1350	1.60692799e+09
0.0550	0.0850	0.1450	1.00004334e+09
0.0550	0.0950	0.0950	1.29809231e+09
0.0550	0.0950	0.1050	1.04240230e+09
0.0550	0.0950	0.1150	1.13079872e+09
0.0550	0.0950	0.1250	8.69370831e+08
0.0550	0.0950	0.1350	1.41804697e+09
0.0550	0.0950	0.1450	1.45086236e+09
0.0550	0.1050	0.1050	8.21743604e+08
0.0550	0.1050	0.1150	1.06998785e+09
0.0550	0.1050	0.1250	9.39533988e+08
0.0550	0.1050	0.1350	1.13201696e+09
0.0550	0.1050	0.1450	1.18351154e+09
0.0550	0.1150	0.1150	9.74323786e+08
0.0550	0.1150	0.1250	7.56080726e+08
0.0550	0.1150	0.1350	8.90473929e+08
0.0550	0.1150	0.1450	8.80152317e+08
0.0550	0.1250	0.1250	6.18198216e+08
0.0550	0.1250	0.1350	8.05863378e+08
0.0550	0.1250	0.1450	1.04012545e+09
0.0550	0.1350	0.1350	8.57012173e+08
0.0550	0.1350	0.1450	8.87104022e+08
0.0550	0.1450	0.1450	7.23449178e+08
0.0650	0.0650	0.0650	1.64144379e+09
0.0650	0.0650	0.0750	1.56873502e+09
0.0650	0.0650	0.0850	1.80145460e+09
0.0650	0.0650	0.0950	1.47993258e+09
0.0650	0.0650	0.1050	1.49940232e+09
0.0650	0.0650	0.1150	1.64039965e+09
0.0650	0.0650	0.1250	2.27279403e+09
0.0650	0.0650	0.1350	1.37129946e+09
0.0650	0.0750	0.0750	1.35239009e+09
0.0650	0.0750	0.0850	1.49674623e+09
0.0650	0.0750	0.0950	1.62747307e+09
0.0650	0.0750	0.1050	1.37143845e+09
0.0650	0.0750	0.1150	1.19769999e+09
0.0650	0.0750	0.1250	1.51375572e+09
0.0650	0.0750	0.1350	1.79833607e+09
0.0650	0.0750	0.1450	2.23999164e+09
0.0650	0.0850	0.0850	1.54271897e+09
0.0650	0.0850	0.0950	7.87523976e+08
0.0650	0.0850	0.1050	9.42618668e+08
0.0650	0.0850	0.1150	1.39486367e+09
0.0650	0.0850	0.1250	1.16595378e+09
0.0650	0.0850	0.1350	1.53944662e+09
0.0650	0.0850	0.1450	1.66972258e+09
0.0650	0.0950	0.0950	1.20104664e+09
0.0650	0.0950	0.1050	1.07986902e+09
0.0650	0.0950	0.1150	1.14731329e+09
0.0650	0.0950	0.1250	8.11634548e+08
0.0650	0.0950	0.1350	1.09176599e+09
0.0650	0.0950	0.1450	1.25822911e+09
0.0650	0.1050	0.1050	1.37146687e+09
0.0650	0.1050	0.1150	8.59544942e+08
0.0650	0.1050	0.1250	9.44562754e+08
0.0650	0.1050	0.1350	8.31541214e+08
0.0650	0.1050	0.1450	7.69026160e+08
0.0650	0.1150	0.1150	8.39652472e+08
0.0650	0.1150	0.1250	5.85278938e+08
0.0650	0.1150	0.1350	8.17811412e+08
0.0650	0.1150	0.1450	8.47737450e+08
0.0650	0.1250	0.1250	8.93685465e+08
0.0650	0.1250	0.1350	9.97053167e+08
0.0650	0.1250	0.1450	6.57071824e+08
0.0650	0.1350	0.1350	6.79317332e+08
0.0650	0.1350	0.1450	6.40361773e+08
0.0650	0.1450	0.1450	9.46296390e+08
0.0750	0.0750	0.0750	1.49161092e+09
0.0750	0.0750	0.0850	9.96402809e+08
0.0750	0.0750	0.0950	8.94409071e+08
0.0750	0.0750	0.1050	1.83661819e+09
0.0750	0.0750	0.1150	1.15508733e+09
0.0750	0.0750	0.1250	7.87941322e+08
0.0750	0.0750	0.1350	1.58298768e+09
0.0750	0.0750	0.1450	1.64436675e+09
0.0750	0.0850	0.0850	7.23939252e+08
0.0750	0.0850	0.0950	9.57761130e+08
0.0750	0.0850	0.1050	1.05315789e+09
0.0750	0.0850	0.1150	8.43551662e+08
0.0750	0.0850	0.1250	1.39795035e+09
0.0750	0.0850	0.1350	1.02907998e+09
0.0750	0.0850	0.1450	1.16678565e+09
0.0750	0.0950	0.0950	1.10073368e+09
0.0750	0.0950	0.1050	6.85589875e+08
0.0750	0.0950	0.1150	8.43894082e+08
0.0750	0.0950	0.1250	8.92845909e+08
0.0750	0.0950	0.1350	7.09728586e+08
0.0750	0.0950	0.1450	1.06837500e+09
0.0750	0.1050	0.1050	7.35670036e+08
0.0750	0.1050	0.1150	1.01324269e+09
0.0750	0.1050	0.1250	8.47425215e+08
0.0750	0.1050	0.1350	1.05287730e+09
0.0750	0.1050	0.1450	6.22633772e+08
0.0750	0.1150	0.1150	9.31306757e+08
0.0750	0.1150	0.1250	8.03707860e+08
0.0750	0.1150	0.1350	8.37216468e+08
0.0750	0.1150	0.1450	7.18683952e+08
0.0750	0.1250	0.1250	4.58444439e+08
0.0750	0.1250	0.1350	7.95855760e+08
0.0750	0.1250	0.1450	6.64226523e+08
0.0750	0.1350	0.1350	6.54079214e+08
0.0750	0.1350	0.1450	7.67614087e+08
0.0750	0.1450	0.1450	5.98007650e+08
0.0850	0.0850	0.0850	1.14389847e+09
0.0850	0.0850	0.0950	1.23467370e+09
0.0850	0.0850	0.1050	1.16639566e+09
0.0850	0.0850	0.1150	8.97532650e+08
0.0850	0.0850	0.1250	7.59065877e+08
0.0850	0.0850	0.1350	1.19130825e+09
0.0850	0.0850	0.1450	9.28711674e+08
0.0850	0.0950	0.0950	7.51671886e+08
0.0850	0.0950	0.1050	6.78616476e+08
0.0850	0.0950	0.1150	6.88080233e+08
0.0850	0.0950	0.1250	8.98162809e+08
0.0850	0.0950	0.1350	7.19874832e+08
0.0850	0.0950	0.1450	8.32455112e+08
0.0850	0.1050	0.1050	1.20585062e+09
0.0850	0.1050	0.1150	5.70871886e+08
0.0850	0.1050	0.1250	6.45275536e+08
0.0850	0.1050	0.1350	6.65083369e+08
0.0850	0.1050	0.1450	8.07950664e+08
0.0850	0.1150	0.1150	7.85342143e+08
0.0850	0.1150	0.1250	6.93960142e+08
0.0850	0.1150	0.1350	6.34719627e+08
0.0850	0.1150	0.1450	7.52468987e+08
0.0850	0.1250	0.1250	9.31415189e+08
0.0850	0.1250	0.1350	5.48527725e+08
0.0850	0.1250	0.1450	7.29418988e+08
0.0850	0.1350	0.1350	5.14428668e+08
0.0850	0.1350	0.1450	5.56057873e+08
0.0850	0.1450	0.1450	7.01631475e+08
0.0950	0.0950	0.0950	6.78144699e+08
0.0950	0.0950	0.1050	8.32215003e+08
0.0950	0.0950	0.1150	5.27070248e+08
0.0950	0.0950	0.1250	6.64032165e+08
0.0950	0.0950	0.1350	5.81687014e+08
0.0950	0.0950	0.1450	6.25978561e+08
0.0950	0.1050	0.1050	4.73076973e+08
0.0950	0.1050	0.1150	7.18383322e+08
0.0950	0.1050	0.1250	6.26124252e+08
0.0950	0.1050	0.1350	5.86116715e+08
0.0950	0.1050	0.1450	6.44028958e+08
0.0950	0.1150	0.1150	6.48378017e+08
0.0950	0.1150	0.1250	6.19830832e+08
0.0950	0.1150	0.1350	6.02158118e+08
0.0950	0.1150	0.1450	6.22777429e+08
0.0950	0.1250	0.1250	3.50180160e+08
0.0950	0.1250	0.1350	5.42748969e+08
0.0950	0.1250	0.1450	5.32253939e+08
0.0950	0.1350	0.1350	6.76122513e+08
0.0950	0.1350	0.1450	5.49473635e+08
0.0950	0.1450	0.1450	4.48861431e+08
0.1050	0.1050	0.1050	7.34824215e+08
0.1050	0.1050	0.1150	6.60247874e+08
0.1050	0.1050	0.1250	6.24486761e+08
0.1050	0.1050	0.1350	5.89798959e+08
0.1050	0.1050	0.1450	5.71367415e+08
0.1050	0.1150	0.1150	4.64974021e+08
0.1050	0.1150	0.1250	6.03739867e+08
0.1050	0.1150	0.1350	6.05293274e+08
0.1050	0.1150	0.1450	5.07823938e+08
0.1050	0.1250	0.1250	5.56000896e+08
0.1050	0.1250	0.1350	5.50944011e+08
0.1050	0.1250	0.1450	5.77618995e+08
0.1050	0.1350	0.1350	5.36561049e+08
0.1050	0.1350	0.1450	4.54107441e+08
0.1050	0.1450	0.1450	3.74377778e+08
0.1150	0.1150	0.1150	6.35623957e+08
0.1150	0.1150	0.1250	5.70466696e+08
0.1150	0.1150	0.1350	5.41401309e+08
0.1150	0.1150	0.1450	3.78413198e+08
0.1150	0.1250	0.1250	5.27775223e+08
0.1150	0.1250	0.1350	5.15287389e+08
0.1150	0.1250	0.1450	4.43784626e+08
0.1150	0.1350	0.1350	5.36110853e+08
0.1150	0.1350	0.1450	4.93575237e+08
0.1150	0.1450	0.1450	5.93345716e+08
0.1250	0.1250	0.1250	5.21215619e+08
0.1250	0.1250	0.1350	4.39376796e+08
0.1250	0.1250	0.1450	4.04156556e+08
0.1250	0.1350	0.1350	5.01991475e+08
0.1250	0.1350	0.1450	4.01392826e+08
0.1250	0.1450	0.1450	4.03259231e+08
0.1350	0.1350	0.1350	3.79616006e+08
0.1350	0.1350	0.1450	4.21973318e+08
0.1350	0.1450	0.1450	4.21448473e+08
0.1450	0.1450	0.1450	3.22123204e+08
