####### Bispectrum of patchy_s1_ Simulation 2003 #############
# Weights: FKP
# Fiducial Omega_m: 0.310
# Fiducial h: 0.676
# Boxsize: [1000.0, 1900.0, 1100.0]
# Grid: [95, 250, 140]
# k-binning: [0.000, 0.110, 0.010]
# l-max: 4
# Monte Carlo Simulations: 100
#
# Format: k1 | k2 | k3 | B(k1,k2,k3) | B2(k1,k2,k3) | B4(k1,k2,k3)
############################################
0.0150	0.0150	0.0150	-1.65357212e+11	-3.14881380e+10	-1.05110065e+11
0.0150	0.0150	0.0250	5.13255091e+09	-2.01666464e+11	-5.69578739e+10
0.0150	0.0250	0.0250	1.34468647e+10	-6.34716160e+10	-4.17381197e+10
0.0150	0.0250	0.0350	-2.27288810e+09	3.21867928e+10	-3.94572531e+10
0.0150	0.0350	0.0350	2.09473434e+09	-2.23223649e+09	1.13495765e+10
0.0150	0.0350	0.0450	-1.29710709e+09	-1.67772229e+09	1.93612255e+10
0.0150	0.0450	0.0450	1.10246444e+09	2.07930997e+10	1.49481241e+10
0.0150	0.0450	0.0550	-3.62652481e+09	-2.00886090e+10	7.60972637e+09
0.0150	0.0550	0.0550	3.71420264e+09	-1.78986336e+10	5.96318500e+09
0.0150	0.0550	0.0650	9.89952441e+07	1.41236774e+10	-1.46643660e+10
0.0150	0.0650	0.0650	2.92147615e+09	2.71157165e+08	-2.37805377e+09
0.0150	0.0650	0.0750	3.65778242e+09	-4.17910164e+09	-3.98989631e+09
0.0150	0.0750	0.0750	-1.89282279e+09	-7.41068211e+09	-4.51678219e+09
0.0250	0.0250	0.0250	-3.83357723e+10	7.89614732e+10	-4.29752951e+10
0.0250	0.0250	0.0350	5.72235232e+09	-1.35522224e+10	-1.86022444e+10
0.0250	0.0250	0.0450	4.61222211e+10	5.35543877e+10	1.06616807e+11
0.0250	0.0350	0.0350	1.52718269e+10	2.97466848e+10	-4.80084384e+09
0.0250	0.0350	0.0450	5.20548424e+09	1.97441719e+10	1.73385531e+10
0.0250	0.0350	0.0550	4.55862333e+09	-3.35920900e+10	-8.38065088e+09
0.0250	0.0450	0.0450	1.80267029e+09	7.24870483e+09	6.24120624e+09
0.0250	0.0450	0.0550	1.24159790e+10	1.15264767e+10	1.33348370e+10
0.0250	0.0450	0.0650	2.87012135e+09	5.63019392e+09	-2.11178092e+10
0.0250	0.0550	0.0550	1.15787780e+10	1.19059514e+10	-1.79580523e+09
0.0250	0.0550	0.0650	4.04325226e+09	-2.07589850e+09	2.39550342e+09
0.0250	0.0550	0.0750	8.51522725e+09	1.50358338e+09	-1.76209609e+10
0.0250	0.0650	0.0650	1.07455393e+10	3.62743279e+09	-5.08925090e+09
0.0250	0.0650	0.0750	4.77239893e+08	-6.59362845e+08	1.50888475e+07
0.0250	0.0750	0.0750	2.69056604e+09	3.75428172e+09	4.27173077e+09
0.0350	0.0350	0.0350	-9.66370940e+09	-1.35150035e+10	3.20525808e+09
0.0350	0.0350	0.0450	3.96955916e+09	1.06663808e+09	1.85383792e+10
0.0350	0.0350	0.0550	1.44448526e+09	2.54159377e+09	7.30922589e+09
0.0350	0.0350	0.0650	4.38082499e+09	5.01504858e+09	-6.51559340e+09
0.0350	0.0450	0.0450	7.91343304e+09	4.34653943e+09	-5.44484539e+09
0.0350	0.0450	0.0550	3.64359598e+09	-5.13159354e+09	-4.49710015e+09
0.0350	0.0450	0.0650	5.61333532e+09	4.73578083e+08	-4.33224649e+09
0.0350	0.0450	0.0750	5.17881536e+09	5.60993684e+09	1.04446670e+10
0.0350	0.0550	0.0550	4.88529911e+09	1.09818269e+09	-7.50012095e+09
0.0350	0.0550	0.0650	-1.55213971e+09	-3.58176755e+09	1.07671247e+10
0.0350	0.0550	0.0750	2.46263766e+09	-1.04728177e+09	-1.04421341e+10
0.0350	0.0650	0.0650	2.00979022e+09	5.19809963e+09	1.87550721e+09
0.0350	0.0650	0.0750	1.13510864e+09	8.60799668e+08	5.34162641e+08
0.0350	0.0750	0.0750	3.68948401e+09	4.51114130e+09	-1.59034513e+09
0.0450	0.0450	0.0450	-4.08565922e+09	-5.31081470e+09	5.76925167e+09
0.0450	0.0450	0.0550	2.45813110e+09	8.74652539e+08	-3.88255332e+09
0.0450	0.0450	0.0650	9.86173092e+08	6.22544500e+09	2.42347188e+09
0.0450	0.0450	0.0750	3.97378642e+09	-1.15290167e+09	1.96748788e+09
0.0450	0.0550	0.0550	1.49825484e+09	-7.03531337e+09	5.78093114e+09
0.0450	0.0550	0.0650	5.86116319e+09	5.30908724e+09	-6.95245319e+09
0.0450	0.0550	0.0750	2.21225398e+09	-2.70251510e+07	2.73987844e+09
0.0450	0.0650	0.0650	7.97652308e+08	-5.66985961e+09	-6.67027352e+09
0.0450	0.0650	0.0750	2.07252106e+09	5.07370070e+08	-4.79064403e+09
0.0450	0.0750	0.0750	2.36758457e+09	4.58765545e+08	2.18633114e+09
0.0550	0.0550	0.0550	2.33359712e+09	2.36501609e+09	-4.44634649e+09
0.0550	0.0550	0.0650	1.66245742e+09	-6.54108608e+09	-5.71205094e+09
0.0550	0.0550	0.0750	2.39932456e+09	8.82493709e+09	5.43468780e+09
0.0550	0.0650	0.0650	5.30905905e+08	-4.42029568e+08	-3.12610173e+09
0.0550	0.0650	0.0750	3.78799790e+09	-9.28116313e+08	-1.93191147e+09
0.0550	0.0750	0.0750	3.72682156e+08	4.59325167e+08	1.42637476e+09
0.0650	0.0650	0.0650	5.40082881e+08	2.28351495e+09	8.06846031e+08
0.0650	0.0650	0.0750	2.71038767e+09	2.32437021e+09	1.65050485e+09
0.0650	0.0750	0.0750	1.62391408e+09	-5.65416415e+08	1.49830980e+09
0.0750	0.0750	0.0750	1.50524964e+08	-5.73987466e+08	-2.98593850e+09
