####### Bispectrum of patchy_s3_ Simulation 1830 #############
# Weights: FKP
# Fiducial Omega_m: 0.310
# Fiducial h: 0.676
# Boxsize: [1000.0, 2600.0, 1500.0]
# Grid: [95, 250, 140]
# k-binning: [0.000, 0.110, 0.010]
# l-max: 4
# Monte Carlo Simulations: 100
#
# Format: k1 | k2 | k3 | B(k1,k2,k3) | B2(k1,k2,k3) | B4(k1,k2,k3)
############################################
0.0150	0.0150	0.0150	5.78120116e+10	1.27918977e+10	1.16741173e+11
0.0150	0.0150	0.0250	-1.69890726e+10	-1.11961099e+11	-4.55997250e+10
0.0150	0.0250	0.0250	3.95286940e+10	8.02344489e+10	-5.46762721e+10
0.0150	0.0250	0.0350	2.92097967e+10	4.23041835e+10	-6.48723423e+09
0.0150	0.0350	0.0350	2.41863537e+09	2.40524946e+10	-2.13089266e+09
0.0150	0.0350	0.0450	1.67178882e+10	-6.44321363e+09	-1.44974559e+10
0.0150	0.0450	0.0450	-1.18492977e+09	2.51449608e+09	2.88158880e+09
0.0150	0.0450	0.0550	8.11205982e+09	8.94957625e+09	2.25897070e+10
0.0150	0.0550	0.0550	1.14582612e+10	2.83140998e+09	-8.92691371e+09
0.0150	0.0550	0.0650	6.72604753e+09	9.82142888e+09	-7.20837210e+09
0.0150	0.0650	0.0650	2.97640908e+09	6.78159434e+09	3.63034059e+09
0.0150	0.0650	0.0750	3.65210440e+09	-1.50039913e+10	8.82897806e+08
0.0150	0.0750	0.0750	7.03094470e+09	1.15563429e+10	-2.97074195e+10
0.0250	0.0250	0.0250	1.91273487e+08	-3.35976007e+10	-7.30480570e+09
0.0250	0.0250	0.0350	2.11482619e+10	-5.26265945e+09	-1.67939461e+10
0.0250	0.0250	0.0450	1.72383022e+10	2.05853653e+10	-2.58657814e+09
0.0250	0.0350	0.0350	-2.26842660e+09	-1.22985668e+10	1.57969309e+09
0.0250	0.0350	0.0450	5.13113104e+09	1.95872027e+10	-1.43078150e+10
0.0250	0.0350	0.0550	1.25666791e+10	1.01035213e+10	3.28058473e+09
0.0250	0.0450	0.0450	2.15938944e+09	1.07133505e+10	3.45934302e+10
0.0250	0.0450	0.0550	8.83784016e+09	-5.49743054e+09	-9.65314537e+09
0.0250	0.0450	0.0650	5.00836640e+09	-2.02782754e+09	-6.50126499e+09
0.0250	0.0550	0.0550	6.11162687e+09	8.65349201e+09	4.88655964e+09
0.0250	0.0550	0.0650	1.10665634e+09	5.31775849e+09	-4.19884448e+09
0.0250	0.0550	0.0750	9.41043206e+09	9.35926187e+09	4.64880085e+09
0.0250	0.0650	0.0650	5.61596945e+09	-6.24195934e+09	-7.43155716e+09
0.0250	0.0650	0.0750	5.98430075e+09	6.90397767e+09	7.26060996e+09
0.0250	0.0750	0.0750	6.04147194e+09	4.88174803e+08	6.73917113e+09
0.0350	0.0350	0.0350	2.01731417e+10	1.20377871e+10	-2.32749742e+10
0.0350	0.0350	0.0450	2.21503748e+09	-1.31644112e+10	1.59852379e+10
0.0350	0.0350	0.0550	7.60199798e+08	2.26493676e+09	6.77713951e+09
0.0350	0.0350	0.0650	2.68351186e+09	2.89596185e+09	3.92589569e+09
0.0350	0.0450	0.0450	5.35323388e+09	-7.26436735e+09	-2.63400368e+09
0.0350	0.0450	0.0550	3.60486815e+09	2.21308265e+09	-7.67390076e+09
0.0350	0.0450	0.0650	2.53451453e+09	4.78894637e+09	1.68628495e+09
0.0350	0.0450	0.0750	7.66998965e+09	-6.84948037e+09	-1.36296716e+10
0.0350	0.0550	0.0550	2.72624609e+09	-3.96478436e+08	-5.38841944e+09
0.0350	0.0550	0.0650	5.81029334e+09	5.04192128e+09	1.39036641e+10
0.0350	0.0550	0.0750	3.42384649e+09	-2.39326293e+09	4.57665519e+09
0.0350	0.0650	0.0650	9.66976210e+08	-9.12231283e+09	-6.19051740e+08
0.0350	0.0650	0.0750	4.63105540e+09	2.45659710e+09	-2.48595988e+09
0.0350	0.0750	0.0750	1.67333046e+09	-9.72014530e+09	-1.33562416e+09
0.0450	0.0450	0.0450	9.07116697e+09	3.99724823e+09	3.65105978e+09
0.0450	0.0450	0.0550	4.92551455e+09	6.11854140e+08	-2.67140603e+09
0.0450	0.0450	0.0650	2.32955172e+09	-1.55299924e+09	-7.59162901e+09
0.0450	0.0450	0.0750	-3.13914045e+08	-1.47542095e+09	-3.53067942e+09
0.0450	0.0550	0.0550	1.95947709e+09	5.38350398e+09	-1.39992250e+09
0.0450	0.0550	0.0650	-2.53388503e+08	3.44917988e+09	6.24706200e+09
0.0450	0.0550	0.0750	3.88891413e+09	-3.09021288e+08	3.69409625e+09
0.0450	0.0650	0.0650	2.81904914e+09	-3.11600258e+09	-1.82309317e+08
0.0450	0.0650	0.0750	2.28219700e+09	4.18959938e+09	-4.19403450e+09
0.0450	0.0750	0.0750	1.45314888e+09	1.57961056e+09	-2.77984108e+09
0.0550	0.0550	0.0550	4.06961429e+09	9.69429735e+08	3.78198962e+09
0.0550	0.0550	0.0650	2.01774439e+09	-2.84947988e+08	-1.28788371e+10
0.0550	0.0550	0.0750	2.88730051e+09	2.31822807e+09	-4.50925811e+09
0.0550	0.0650	0.0650	9.91297883e+08	-3.46030434e+09	2.01859259e+08
0.0550	0.0650	0.0750	1.90373294e+09	1.06424875e+09	3.00463653e+09
0.0550	0.0750	0.0750	2.37737179e+09	-9.77031808e+08	1.69591416e+09
0.0650	0.0650	0.0650	3.06630743e+09	2.65883428e+09	3.08639291e+09
0.0650	0.0650	0.0750	1.42536591e+09	-1.80311179e+09	-3.99407654e+09
0.0650	0.0750	0.0750	1.14999192e+09	-5.78405505e+08	-7.83076251e+08
0.0750	0.0750	0.0750	4.33065097e+09	5.04993205e+08	-2.81097338e+09
