####### Bispectrum of patchy_n1_ Simulation 414 #############
# Weights: FKP
# Fiducial Omega_m: 0.310
# Fiducial h: 0.676
# Boxsize: [1350.0, 2450.0, 1400.0]
# Grid: [126, 230, 130]
# k-binning: [0.000, 0.110, 0.010]
# l-max: 4
# Monte Carlo Simulations: 100
#
# Format: k1 | k2 | k3 | B(k1,k2,k3) | B2(k1,k2,k3) | B4(k1,k2,k3)
############################################
0.0150	0.0150	0.0150	1.85184235e+10	-3.38398382e+09	3.06493754e+10
0.0150	0.0150	0.0250	2.42761919e+10	-6.83575717e+09	1.47367788e+10
0.0150	0.0250	0.0250	3.50809170e+08	1.58166248e+09	-1.50510904e+10
0.0150	0.0250	0.0350	8.46959508e+09	-5.22915039e+09	-1.45951078e+10
0.0150	0.0350	0.0350	-1.27097047e+09	-1.72470815e+10	2.73673705e+10
0.0150	0.0350	0.0450	5.67508734e+09	-1.28856156e+10	-2.82869183e+10
0.0150	0.0450	0.0450	-1.42785087e+09	-1.08608326e+10	-1.20689889e+10
0.0150	0.0450	0.0550	7.78741456e+09	-1.43571921e+09	-2.95609030e+09
0.0150	0.0550	0.0550	5.97959005e+09	4.50299508e+08	1.22640145e+10
0.0150	0.0550	0.0650	6.74425219e+09	3.89657601e+09	-3.86675835e+09
0.0150	0.0650	0.0650	3.22384992e+09	6.84942861e+09	-1.01734146e+08
0.0150	0.0650	0.0750	6.52958428e+09	3.95202671e+09	7.50314451e+09
0.0150	0.0750	0.0750	6.58356597e+09	5.92817612e+08	-1.99764487e+09
0.0250	0.0250	0.0250	4.90178398e+09	-6.33627415e+09	9.78625604e+09
0.0250	0.0250	0.0350	7.10668455e+09	3.73092071e+09	-6.34098055e+09
0.0250	0.0250	0.0450	1.11281126e+10	5.83641614e+09	-1.44970578e+10
0.0250	0.0350	0.0350	-3.95590241e+08	4.30492299e+09	-8.92735460e+09
0.0250	0.0350	0.0450	6.35931053e+07	-5.08448348e+09	-5.45591717e+09
0.0250	0.0350	0.0550	6.23816476e+09	-1.41629136e+09	3.39258301e+09
0.0250	0.0450	0.0450	4.04135130e+09	3.56517237e+09	-5.75177300e+09
0.0250	0.0450	0.0550	4.85029318e+09	2.20909671e+09	-7.59384693e+09
0.0250	0.0450	0.0650	5.49882152e+09	-9.63880341e+08	4.74452052e+08
0.0250	0.0550	0.0550	-8.27293483e+08	-5.72628309e+09	-2.38112583e+09
0.0250	0.0550	0.0650	2.62191196e+09	2.62533315e+09	2.66274030e+08
0.0250	0.0550	0.0750	3.16914956e+09	1.47999560e+09	1.05546611e+09
0.0250	0.0650	0.0650	1.66355294e+09	-5.74300131e+09	6.71199542e+09
0.0250	0.0650	0.0750	3.35392018e+09	-5.57848990e+08	4.31426432e+08
0.0250	0.0750	0.0750	2.47763506e+09	-3.31716074e+09	-1.31701270e+09
0.0350	0.0350	0.0350	-1.73113896e+09	3.51708140e+08	6.13775145e+08
0.0350	0.0350	0.0450	4.64763839e+09	-4.42805313e+09	3.38315725e+09
0.0350	0.0350	0.0550	6.57666632e+09	2.21073697e+09	-8.51869685e+09
0.0350	0.0350	0.0650	2.81696014e+09	3.82941219e+09	5.64914103e+09
0.0350	0.0450	0.0450	4.16689641e+09	-1.57861155e+09	7.83774065e+08
0.0350	0.0450	0.0550	1.68982303e+09	-5.01951616e+07	-1.05372849e+09
0.0350	0.0450	0.0650	3.89082739e+09	4.31335754e+09	6.60205758e+09
0.0350	0.0450	0.0750	4.69533498e+09	3.71582763e+09	2.16201376e+09
0.0350	0.0550	0.0550	4.30461665e+09	8.76733097e+09	6.76476744e+07
0.0350	0.0550	0.0650	3.15380686e+09	6.38026676e+08	-1.37611138e+09
0.0350	0.0550	0.0750	2.95535391e+09	2.89479243e+09	-1.40622956e+09
0.0350	0.0650	0.0650	9.26404384e+08	4.28789249e+09	-8.94649705e+08
0.0350	0.0650	0.0750	2.18162001e+09	6.16287013e+04	-2.57307622e+09
0.0350	0.0750	0.0750	2.54347482e+09	3.49906910e+08	2.77404214e+09
0.0450	0.0450	0.0450	2.02226828e+09	2.66764759e+08	-1.64703805e+09
0.0450	0.0450	0.0550	1.62681798e+09	3.52216076e+09	-8.36092067e+08
0.0450	0.0450	0.0650	2.55410979e+09	4.67812833e+09	4.78628914e+06
0.0450	0.0450	0.0750	2.03902957e+09	1.50712719e+09	8.97969264e+08
0.0450	0.0550	0.0550	1.02791450e+09	8.97968704e+08	6.78849757e+08
0.0450	0.0550	0.0650	1.66826619e+09	7.07508821e+08	2.77732579e+09
0.0450	0.0550	0.0750	2.73505767e+09	1.56789701e+09	1.54482548e+09
0.0450	0.0650	0.0650	3.53041454e+09	-6.03757296e+08	-1.25609784e+09
0.0450	0.0650	0.0750	1.86447824e+09	2.75282479e+08	2.33599974e+09
0.0450	0.0750	0.0750	2.45808295e+09	1.65390770e+09	-2.32375458e+08
0.0550	0.0550	0.0550	1.23098463e+08	6.92186886e+08	2.60242663e+09
0.0550	0.0550	0.0650	3.59365468e+09	1.96966259e+09	1.62243524e+09
0.0550	0.0550	0.0750	2.49564102e+09	-2.95154246e+09	-1.47677210e+09
0.0550	0.0650	0.0650	6.48027781e+08	-3.54086948e+08	-5.10525952e+08
0.0550	0.0650	0.0750	1.63323016e+09	2.37207141e+09	-4.07916458e+08
0.0550	0.0750	0.0750	1.14836840e+09	-1.18318335e+09	-1.42145487e+09
0.0650	0.0650	0.0650	2.79256812e+09	7.42771967e+08	1.42964970e+09
0.0650	0.0650	0.0750	1.99413785e+09	-2.30339742e+09	-2.08456324e+09
0.0650	0.0750	0.0750	1.04248579e+09	9.16966264e+08	-3.06125958e+08
0.0750	0.0750	0.0750	4.58413535e+08	2.65954287e+08	9.45503124e+08
