####### Bispectrum of Patchy Simulation 2 #############
# Patch: sgc
# z-type: z1
# Weights: fkp
# Fiducial Omega_m: 0.310
# Fiducial h: 0.676
# Boxsize: [1000.0, 1900.0, 1100.0]
# Grid: [95, 180, 105]
# k-binning: [0.000, 0.160, 0.010]
# Monte Carlo Simulations: 100
#
# Format: k1 | k2 | k3 | B(k1,k2,k3)
############################################
0.0150	0.0150	0.0150	-3.87352975e+10
0.0150	0.0150	0.0250	2.72795779e+10
0.0150	0.0150	0.0350	2.50294437e+09
0.0150	0.0250	0.0250	-2.52216819e+10
0.0150	0.0250	0.0350	1.32222521e+10
0.0150	0.0250	0.0450	3.18390429e+10
0.0150	0.0350	0.0350	1.77965178e+09
0.0150	0.0350	0.0450	4.72344237e+09
0.0150	0.0350	0.0550	6.37983114e+09
0.0150	0.0450	0.0450	-2.58101155e+09
0.0150	0.0450	0.0550	5.76168328e+09
0.0150	0.0450	0.0650	-8.05503983e+08
0.0150	0.0550	0.0550	-3.39366357e+09
0.0150	0.0550	0.0650	3.01889235e+09
0.0150	0.0550	0.0750	5.90198900e+09
0.0150	0.0650	0.0650	5.13622529e+09
0.0150	0.0650	0.0750	-1.71162449e+09
0.0150	0.0650	0.0850	7.70532082e+09
0.0150	0.0750	0.0750	2.60848788e+09
0.0150	0.0750	0.0850	1.82157862e+08
0.0150	0.0750	0.0950	1.27997346e+10
0.0150	0.0850	0.0850	2.69091576e+09
0.0150	0.0850	0.0950	2.70905782e+09
0.0150	0.0850	0.1050	4.04197378e+09
0.0150	0.0950	0.0950	1.07904443e+09
0.0150	0.0950	0.1050	2.35996131e+09
0.0150	0.0950	0.1150	1.72911409e+09
0.0150	0.1050	0.1050	2.45773264e+09
0.0150	0.1050	0.1150	2.53005108e+09
0.0150	0.1050	0.1250	-4.43566892e+07
0.0150	0.1150	0.1150	5.38566129e+08
0.0150	0.1150	0.1250	2.13976560e+09
0.0150	0.1150	0.1350	4.13337982e+09
0.0150	0.1250	0.1250	2.39001143e+09
0.0150	0.1250	0.1350	1.11195523e+09
0.0150	0.1250	0.1450	4.10093643e+09
0.0150	0.1350	0.1350	1.92764748e+09
0.0150	0.1350	0.1450	2.75037273e+09
0.0150	0.1450	0.1450	9.65122962e+08
0.0250	0.0250	0.0250	-1.81259967e+10
0.0250	0.0250	0.0350	3.03541687e+09
0.0250	0.0250	0.0450	-4.56651959e+09
0.0250	0.0250	0.0550	3.20159659e+10
0.0250	0.0350	0.0350	1.02513458e+10
0.0250	0.0350	0.0450	1.80687058e+08
0.0250	0.0350	0.0550	1.11177157e+10
0.0250	0.0350	0.0650	1.16348287e+10
0.0250	0.0450	0.0450	3.52336695e+09
0.0250	0.0450	0.0550	4.87730260e+09
0.0250	0.0450	0.0650	4.16432663e+09
0.0250	0.0450	0.0750	1.65539661e+10
0.0250	0.0550	0.0550	-1.47285307e+09
0.0250	0.0550	0.0650	4.51460849e+09
0.0250	0.0550	0.0750	4.20105755e+09
0.0250	0.0550	0.0850	8.84818218e+09
0.0250	0.0650	0.0650	2.59525517e+09
0.0250	0.0650	0.0750	6.40497690e+09
0.0250	0.0650	0.0850	4.30550183e+09
0.0250	0.0650	0.0950	3.91901512e+09
0.0250	0.0750	0.0750	-1.53242570e+09
0.0250	0.0750	0.0850	3.64716375e+09
0.0250	0.0750	0.0950	3.81687037e+09
0.0250	0.0750	0.1050	4.67494575e+09
0.0250	0.0850	0.0850	2.23857950e+09
0.0250	0.0850	0.0950	2.88596417e+09
0.0250	0.0850	0.1050	3.53230548e+09
0.0250	0.0850	0.1150	1.14256793e+09
0.0250	0.0950	0.0950	7.54246534e+08
0.0250	0.0950	0.1050	1.95148792e+09
0.0250	0.0950	0.1150	2.85955306e+09
0.0250	0.0950	0.1250	3.66615271e+09
0.0250	0.1050	0.1050	2.33445364e+09
0.0250	0.1050	0.1150	2.68117685e+09
0.0250	0.1050	0.1250	2.17823031e+09
0.0250	0.1050	0.1350	2.41017494e+09
0.0250	0.1150	0.1150	1.75686668e+09
0.0250	0.1150	0.1250	1.68980995e+09
0.0250	0.1150	0.1350	2.55379599e+09
0.0250	0.1150	0.1450	2.52827653e+09
0.0250	0.1250	0.1250	3.15457380e+07
0.0250	0.1250	0.1350	1.82809711e+09
0.0250	0.1250	0.1450	2.04416807e+09
0.0250	0.1350	0.1350	8.48035876e+08
0.0250	0.1350	0.1450	6.22108247e+08
0.0250	0.1450	0.1450	9.07899947e+08
0.0350	0.0350	0.0350	3.43270186e+09
0.0350	0.0350	0.0450	2.41278803e+09
0.0350	0.0350	0.0550	9.15596336e+09
0.0350	0.0350	0.0650	1.30322527e+10
0.0350	0.0350	0.0750	2.05928352e+09
0.0350	0.0450	0.0450	4.17506599e+09
0.0350	0.0450	0.0550	3.59352538e+08
0.0350	0.0450	0.0650	3.57313132e+09
0.0350	0.0450	0.0750	5.34238508e+09
0.0350	0.0450	0.0850	2.55257818e+09
0.0350	0.0550	0.0550	6.30382306e+09
0.0350	0.0550	0.0650	4.16978165e+09
0.0350	0.0550	0.0750	3.25959005e+09
0.0350	0.0550	0.0850	6.78405161e+09
0.0350	0.0550	0.0950	7.23306477e+09
0.0350	0.0650	0.0650	-5.11675948e+08
0.0350	0.0650	0.0750	2.33223636e+09
0.0350	0.0650	0.0850	1.75696162e+09
0.0350	0.0650	0.0950	-1.73849574e+08
0.0350	0.0650	0.1050	2.93400507e+09
0.0350	0.0750	0.0750	5.96378967e+09
0.0350	0.0750	0.0850	1.77069591e+09
0.0350	0.0750	0.0950	3.25085833e+09
0.0350	0.0750	0.1050	4.04038781e+09
0.0350	0.0750	0.1150	5.02645421e+09
0.0350	0.0850	0.0850	1.47599063e+09
0.0350	0.0850	0.0950	2.06103917e+09
0.0350	0.0850	0.1050	3.04461448e+09
0.0350	0.0850	0.1150	3.62677064e+09
0.0350	0.0850	0.1250	8.98478089e+08
0.0350	0.0950	0.0950	1.61217000e+09
0.0350	0.0950	0.1050	1.99150648e+09
0.0350	0.0950	0.1150	1.28269168e+09
0.0350	0.0950	0.1250	2.52336992e+09
0.0350	0.0950	0.1350	2.37980560e+09
0.0350	0.1050	0.1050	2.22597702e+09
0.0350	0.1050	0.1150	1.66319893e+09
0.0350	0.1050	0.1250	2.25109137e+09
0.0350	0.1050	0.1350	2.63156941e+09
0.0350	0.1050	0.1450	4.34399348e+09
0.0350	0.1150	0.1150	1.26929033e+09
0.0350	0.1150	0.1250	1.05601094e+09
0.0350	0.1150	0.1350	2.13334127e+09
0.0350	0.1150	0.1450	1.29830765e+09
0.0350	0.1250	0.1250	5.90820410e+08
0.0350	0.1250	0.1350	6.85541761e+08
0.0350	0.1250	0.1450	1.56385729e+09
0.0350	0.1350	0.1350	6.22004693e+08
0.0350	0.1350	0.1450	1.16356201e+09
0.0350	0.1450	0.1450	1.31010276e+09
0.0450	0.0450	0.0450	9.25072048e+09
0.0450	0.0450	0.0550	4.56235095e+09
0.0450	0.0450	0.0650	6.30610886e+09
0.0450	0.0450	0.0750	-8.69720328e+08
0.0450	0.0450	0.0850	3.45281658e+09
0.0450	0.0450	0.0950	4.50338994e+09
0.0450	0.0550	0.0550	4.27889432e+09
0.0450	0.0550	0.0650	2.04718368e+09
0.0450	0.0550	0.0750	3.10078381e+09
0.0450	0.0550	0.0850	1.66408923e+09
0.0450	0.0550	0.0950	4.08472289e+09
0.0450	0.0550	0.1050	4.74427032e+09
0.0450	0.0650	0.0650	1.77509940e+09
0.0450	0.0650	0.0750	1.36747790e+09
0.0450	0.0650	0.0850	9.88393867e+08
0.0450	0.0650	0.0950	1.23984247e+09
0.0450	0.0650	0.1050	2.97794790e+09
0.0450	0.0650	0.1150	-1.18015399e+09
0.0450	0.0750	0.0750	1.22600676e+09
0.0450	0.0750	0.0850	3.79301436e+09
0.0450	0.0750	0.0950	1.23937078e+09
0.0450	0.0750	0.1050	1.52935865e+09
0.0450	0.0750	0.1150	3.24908748e+09
0.0450	0.0750	0.1250	4.09817997e+09
0.0450	0.0850	0.0850	2.23988045e+09
0.0450	0.0850	0.0950	1.53860252e+08
0.0450	0.0850	0.1050	2.45297467e+09
0.0450	0.0850	0.1150	1.29893233e+09
0.0450	0.0850	0.1250	1.96860770e+09
0.0450	0.0850	0.1350	1.21497764e+09
0.0450	0.0950	0.0950	1.16451394e+09
0.0450	0.0950	0.1050	1.11745251e+09
0.0450	0.0950	0.1150	2.26653279e+09
0.0450	0.0950	0.1250	1.51350100e+09
0.0450	0.0950	0.1350	1.60671827e+09
0.0450	0.0950	0.1450	2.82343585e+09
0.0450	0.1050	0.1050	-9.64363869e+07
0.0450	0.1050	0.1150	9.95300542e+08
0.0450	0.1050	0.1250	8.98676465e+08
0.0450	0.1050	0.1350	1.35673947e+09
0.0450	0.1050	0.1450	1.66880145e+09
0.0450	0.1150	0.1150	1.05747845e+09
0.0450	0.1150	0.1250	1.01439378e+09
0.0450	0.1150	0.1350	1.79526832e+09
0.0450	0.1150	0.1450	9.30489544e+08
0.0450	0.1250	0.1250	1.14372039e+09
0.0450	0.1250	0.1350	1.11872006e+09
0.0450	0.1250	0.1450	9.70073801e+08
0.0450	0.1350	0.1350	1.11317505e+09
0.0450	0.1350	0.1450	9.52324100e+08
0.0450	0.1450	0.1450	1.04205485e+09
0.0550	0.0550	0.0550	8.96553555e+08
0.0550	0.0550	0.0650	3.35473839e+09
0.0550	0.0550	0.0750	5.49867481e+09
0.0550	0.0550	0.0850	3.93879495e+08
0.0550	0.0550	0.0950	4.64709066e+09
0.0550	0.0550	0.1050	3.08505489e+09
0.0550	0.0550	0.1150	2.84578941e+09
0.0550	0.0650	0.0650	2.14960368e+09
0.0550	0.0650	0.0750	8.20462231e+08
0.0550	0.0650	0.0850	1.46760990e+09
0.0550	0.0650	0.0950	1.12618763e+09
0.0550	0.0650	0.1050	1.99995394e+09
0.0550	0.0650	0.1150	2.80028624e+09
0.0550	0.0650	0.1250	1.79670203e+09
0.0550	0.0750	0.0750	1.36347504e+09
0.0550	0.0750	0.0850	1.46795383e+09
0.0550	0.0750	0.0950	2.30415685e+09
0.0550	0.0750	0.1050	1.96202219e+09
0.0550	0.0750	0.1150	1.50073883e+09
0.0550	0.0750	0.1250	2.22050422e+09
0.0550	0.0750	0.1350	4.30057236e+09
0.0550	0.0850	0.0850	2.07998275e+09
0.0550	0.0850	0.0950	1.33146655e+09
0.0550	0.0850	0.1050	1.43876027e+09
0.0550	0.0850	0.1150	1.94559879e+09
0.0550	0.0850	0.1250	2.07538325e+09
0.0550	0.0850	0.1350	2.27810972e+09
0.0550	0.0850	0.1450	1.82865535e+09
0.0550	0.0950	0.0950	1.29510138e+09
0.0550	0.0950	0.1050	1.36346741e+09
0.0550	0.0950	0.1150	1.93017540e+09
0.0550	0.0950	0.1250	1.39057949e+09
0.0550	0.0950	0.1350	1.39489009e+09
0.0550	0.0950	0.1450	1.96814302e+09
0.0550	0.1050	0.1050	1.48260306e+09
0.0550	0.1050	0.1150	1.41972579e+09
0.0550	0.1050	0.1250	1.30759265e+09
0.0550	0.1050	0.1350	1.02671500e+09
0.0550	0.1050	0.1450	1.28467521e+09
0.0550	0.1150	0.1150	1.03249549e+09
0.0550	0.1150	0.1250	1.19350403e+09
0.0550	0.1150	0.1350	1.26663082e+09
0.0550	0.1150	0.1450	1.00849348e+09
0.0550	0.1250	0.1250	5.28824232e+08
0.0550	0.1250	0.1350	9.57622848e+08
0.0550	0.1250	0.1450	6.72153584e+08
0.0550	0.1350	0.1350	1.31848797e+09
0.0550	0.1350	0.1450	9.33655886e+08
0.0550	0.1450	0.1450	2.90623209e+08
0.0650	0.0650	0.0650	-7.91926713e+08
0.0650	0.0650	0.0750	1.23490058e+09
0.0650	0.0650	0.0850	2.42040600e+09
0.0650	0.0650	0.0950	1.92889021e+09
0.0650	0.0650	0.1050	4.89241119e+08
0.0650	0.0650	0.1150	1.92142647e+09
0.0650	0.0650	0.1250	8.02034372e+08
0.0650	0.0650	0.1350	6.77036891e+08
0.0650	0.0750	0.0750	5.75566243e+08
0.0650	0.0750	0.0850	2.19782636e+09
0.0650	0.0750	0.0950	1.57646729e+09
0.0650	0.0750	0.1050	1.21692236e+09
0.0650	0.0750	0.1150	1.39744460e+09
0.0650	0.0750	0.1250	1.44783610e+09
0.0650	0.0750	0.1350	1.98684014e+09
0.0650	0.0750	0.1450	3.18367961e+09
0.0650	0.0850	0.0850	1.26117252e+09
0.0650	0.0850	0.0950	8.91237935e+08
0.0650	0.0850	0.1050	1.60431597e+09
0.0650	0.0850	0.1150	5.57649995e+08
0.0650	0.0850	0.1250	1.41398016e+09
0.0650	0.0850	0.1350	1.61904047e+09
0.0650	0.0850	0.1450	1.00714398e+09
0.0650	0.0950	0.0950	5.66797940e+08
0.0650	0.0950	0.1050	7.91657175e+08
0.0650	0.0950	0.1150	7.76526108e+08
0.0650	0.0950	0.1250	7.50602110e+08
0.0650	0.0950	0.1350	9.15104995e+08
0.0650	0.0950	0.1450	1.34613668e+09
0.0650	0.1050	0.1050	4.99634036e+08
0.0650	0.1050	0.1150	6.45430408e+08
0.0650	0.1050	0.1250	5.53409793e+08
0.0650	0.1050	0.1350	9.65657786e+08
0.0650	0.1050	0.1450	1.00730034e+09
0.0650	0.1150	0.1150	1.23238969e+09
0.0650	0.1150	0.1250	4.20999279e+08
0.0650	0.1150	0.1350	2.68937509e+08
0.0650	0.1150	0.1450	7.75522924e+08
0.0650	0.1250	0.1250	8.78035102e+08
0.0650	0.1250	0.1350	7.13459967e+08
0.0650	0.1250	0.1450	1.08096219e+09
0.0650	0.1350	0.1350	7.82667391e+08
0.0650	0.1350	0.1450	7.71728055e+08
0.0650	0.1450	0.1450	8.64052301e+08
0.0750	0.0750	0.0750	1.90065979e+09
0.0750	0.0750	0.0850	1.07315989e+09
0.0750	0.0750	0.0950	6.76234805e+08
0.0750	0.0750	0.1050	1.93157280e+09
0.0750	0.0750	0.1150	1.45194727e+09
0.0750	0.0750	0.1250	1.45972252e+09
0.0750	0.0750	0.1350	6.92289995e+08
0.0750	0.0750	0.1450	2.27448511e+09
0.0750	0.0850	0.0850	1.83982098e+09
0.0750	0.0850	0.0950	7.24316871e+08
0.0750	0.0850	0.1050	3.42091107e+08
0.0750	0.0850	0.1150	1.00877004e+09
0.0750	0.0850	0.1250	3.82815218e+08
0.0750	0.0850	0.1350	1.19190929e+09
0.0750	0.0850	0.1450	9.42858604e+08
0.0750	0.0950	0.0950	1.31165388e+09
0.0750	0.0950	0.1050	1.16448413e+09
0.0750	0.0950	0.1150	1.03591255e+09
0.0750	0.0950	0.1250	9.72129131e+08
0.0750	0.0950	0.1350	9.89636493e+08
0.0750	0.0950	0.1450	1.38245201e+09
0.0750	0.1050	0.1050	1.04137969e+09
0.0750	0.1050	0.1150	8.89200073e+08
0.0750	0.1050	0.1250	5.15570091e+08
0.0750	0.1050	0.1350	7.73510524e+08
0.0750	0.1050	0.1450	9.88228757e+08
0.0750	0.1150	0.1150	6.39738247e+08
0.0750	0.1150	0.1250	7.24230075e+08
0.0750	0.1150	0.1350	9.60208609e+08
0.0750	0.1150	0.1450	7.80274654e+08
0.0750	0.1250	0.1250	8.59488428e+08
0.0750	0.1250	0.1350	5.41446909e+08
0.0750	0.1250	0.1450	9.17735627e+08
0.0750	0.1350	0.1350	5.40868779e+08
0.0750	0.1350	0.1450	6.77880844e+08
0.0750	0.1450	0.1450	3.31534351e+08
0.0850	0.0850	0.0850	1.33002939e+09
0.0850	0.0850	0.0950	8.93931693e+08
0.0850	0.0850	0.1050	1.04542262e+09
0.0850	0.0850	0.1150	8.59158538e+08
0.0850	0.0850	0.1250	7.31982607e+08
0.0850	0.0850	0.1350	3.46464670e+08
0.0850	0.0850	0.1450	9.66709870e+08
0.0850	0.0950	0.0950	9.49902364e+07
0.0850	0.0950	0.1050	3.68284449e+08
0.0850	0.0950	0.1150	3.85511538e+08
0.0850	0.0950	0.1250	7.71200341e+08
0.0850	0.0950	0.1350	1.11658682e+09
0.0850	0.0950	0.1450	4.92347109e+08
0.0850	0.1050	0.1050	7.91171768e+08
0.0850	0.1050	0.1150	3.68611443e+08
0.0850	0.1050	0.1250	8.75587213e+08
0.0850	0.1050	0.1350	2.96970532e+08
0.0850	0.1050	0.1450	7.15386549e+08
0.0850	0.1150	0.1150	8.71621119e+08
0.0850	0.1150	0.1250	7.15684719e+08
0.0850	0.1150	0.1350	3.37098546e+08
0.0850	0.1150	0.1450	8.54319000e+08
0.0850	0.1250	0.1250	7.09504600e+08
0.0850	0.1250	0.1350	6.68330301e+08
0.0850	0.1250	0.1450	5.66474963e+08
0.0850	0.1350	0.1350	6.01279450e+08
0.0850	0.1350	0.1450	6.75654925e+08
0.0850	0.1450	0.1450	7.75418787e+08
0.0950	0.0950	0.0950	3.05294267e+08
0.0950	0.0950	0.1050	1.18393459e+09
0.0950	0.0950	0.1150	3.51808001e+08
0.0950	0.0950	0.1250	4.29116635e+08
0.0950	0.0950	0.1350	8.37418882e+08
0.0950	0.0950	0.1450	7.89602778e+08
0.0950	0.1050	0.1050	1.23629888e+09
0.0950	0.1050	0.1150	7.16239677e+08
0.0950	0.1050	0.1250	5.01759943e+08
0.0950	0.1050	0.1350	5.91057926e+08
0.0950	0.1050	0.1450	7.08260230e+08
0.0950	0.1150	0.1150	5.21350886e+08
0.0950	0.1150	0.1250	5.63235550e+08
0.0950	0.1150	0.1350	4.40879788e+08
0.0950	0.1150	0.1450	3.80007292e+08
0.0950	0.1250	0.1250	9.23061803e+08
0.0950	0.1250	0.1350	3.19720115e+08
0.0950	0.1250	0.1450	5.76959267e+08
0.0950	0.1350	0.1350	5.14606887e+08
0.0950	0.1350	0.1450	2.33590694e+08
0.0950	0.1450	0.1450	1.98674678e+08
0.1050	0.1050	0.1050	1.12050627e+09
0.1050	0.1050	0.1150	4.56258670e+08
0.1050	0.1050	0.1250	6.34430933e+08
0.1050	0.1050	0.1350	7.75657040e+08
0.1050	0.1050	0.1450	4.08512871e+08
0.1050	0.1150	0.1150	5.92019059e+08
0.1050	0.1150	0.1250	4.42900669e+08
0.1050	0.1150	0.1350	6.57172569e+08
0.1050	0.1150	0.1450	3.23963560e+08
0.1050	0.1250	0.1250	7.04902690e+08
0.1050	0.1250	0.1350	5.47393267e+08
0.1050	0.1250	0.1450	4.46481181e+08
0.1050	0.1350	0.1350	5.81180862e+08
0.1050	0.1350	0.1450	3.78108829e+08
0.1050	0.1450	0.1450	2.27362069e+08
0.1150	0.1150	0.1150	5.77030066e+08
0.1150	0.1150	0.1250	3.99778912e+08
0.1150	0.1150	0.1350	2.11576697e+08
0.1150	0.1150	0.1450	3.78989933e+08
0.1150	0.1250	0.1250	3.77125658e+08
0.1150	0.1250	0.1350	4.12958554e+08
0.1150	0.1250	0.1450	3.81785615e+08
0.1150	0.1350	0.1350	1.60409320e+08
0.1150	0.1350	0.1450	5.57986408e+08
0.1150	0.1450	0.1450	2.72383070e+08
0.1250	0.1250	0.1250	4.73113830e+08
0.1250	0.1250	0.1350	4.35113710e+08
0.1250	0.1250	0.1450	2.17875445e+08
0.1250	0.1350	0.1350	3.56674142e+08
0.1250	0.1350	0.1450	2.91070980e+08
0.1250	0.1450	0.1450	2.68991580e+08
0.1350	0.1350	0.1350	3.29280538e+08
0.1350	0.1350	0.1450	3.49085175e+08
0.1350	0.1450	0.1450	3.88716241e+08
0.1450	0.1450	0.1450	-4.62551824e+07
