####### Bispectrum of Patchy Simulation 1702 #############
# Patch: sgc
# z-type: z1
# Weights: fkp
# Fiducial Omega_m: 0.310
# Fiducial h: 0.676
# Boxsize: [1000.0, 1900.0, 1100.0]
# Grid: [95, 180, 105]
# k-binning: [0.000, 0.160, 0.010]
# Monte Carlo Simulations: 100
#
# Format: k1 | k2 | k3 | B(k1,k2,k3)
############################################
0.0150	0.0150	0.0150	-8.00980494e+10
0.0150	0.0150	0.0250	5.70127773e+09
0.0150	0.0150	0.0350	-3.58840460e+10
0.0150	0.0250	0.0250	1.75599858e+10
0.0150	0.0250	0.0350	3.37915806e+09
0.0150	0.0250	0.0450	3.44610815e+10
0.0150	0.0350	0.0350	-1.02857487e+10
0.0150	0.0350	0.0450	-6.90087458e+09
0.0150	0.0350	0.0550	1.45818345e+10
0.0150	0.0450	0.0450	-4.64712581e+09
0.0150	0.0450	0.0550	4.38561213e+09
0.0150	0.0450	0.0650	1.36836381e+10
0.0150	0.0550	0.0550	2.61530442e+09
0.0150	0.0550	0.0650	5.60039621e+09
0.0150	0.0550	0.0750	1.53961241e+10
0.0150	0.0650	0.0650	5.56923912e+09
0.0150	0.0650	0.0750	3.27093582e+09
0.0150	0.0650	0.0850	1.13067640e+10
0.0150	0.0750	0.0750	-4.50502252e+08
0.0150	0.0750	0.0850	4.11387259e+09
0.0150	0.0750	0.0950	5.66565954e+09
0.0150	0.0850	0.0850	-4.27136376e+09
0.0150	0.0850	0.0950	5.06402134e+09
0.0150	0.0850	0.1050	6.67019725e+09
0.0150	0.0950	0.0950	3.38320016e+09
0.0150	0.0950	0.1050	1.38700470e+09
0.0150	0.0950	0.1150	4.04303803e+09
0.0150	0.1050	0.1050	1.50507598e+09
0.0150	0.1050	0.1150	2.46443945e+09
0.0150	0.1050	0.1250	2.35978425e+09
0.0150	0.1150	0.1150	7.12243766e+08
0.0150	0.1150	0.1250	2.49453491e+09
0.0150	0.1150	0.1350	3.67303829e+09
0.0150	0.1250	0.1250	1.05504697e+09
0.0150	0.1250	0.1350	1.35358523e+09
0.0150	0.1250	0.1450	2.51901805e+09
0.0150	0.1350	0.1350	1.21636423e+09
0.0150	0.1350	0.1450	2.51256121e+09
0.0150	0.1450	0.1450	-6.77800181e+08
0.0250	0.0250	0.0250	-9.95851605e+09
0.0250	0.0250	0.0350	1.58160450e+10
0.0250	0.0250	0.0450	3.49111520e+09
0.0250	0.0250	0.0550	-3.99143624e+09
0.0250	0.0350	0.0350	3.12212435e+09
0.0250	0.0350	0.0450	7.06048692e+09
0.0250	0.0350	0.0550	2.34561731e+09
0.0250	0.0350	0.0650	1.50666979e+10
0.0250	0.0450	0.0450	9.09082118e+09
0.0250	0.0450	0.0550	3.35162044e+09
0.0250	0.0450	0.0650	5.36637717e+09
0.0250	0.0450	0.0750	2.56057284e+09
0.0250	0.0550	0.0550	1.70886423e+09
0.0250	0.0550	0.0650	2.92365942e+09
0.0250	0.0550	0.0750	6.17070371e+09
0.0250	0.0550	0.0850	4.18931685e+09
0.0250	0.0650	0.0650	2.69772458e+09
0.0250	0.0650	0.0750	3.39350108e+09
0.0250	0.0650	0.0850	4.52988130e+09
0.0250	0.0650	0.0950	5.57297139e+09
0.0250	0.0750	0.0750	3.99958893e+09
0.0250	0.0750	0.0850	2.87350167e+09
0.0250	0.0750	0.0950	5.47715952e+09
0.0250	0.0750	0.1050	6.59363661e+09
0.0250	0.0850	0.0850	3.51441968e+09
0.0250	0.0850	0.0950	2.48625712e+08
0.0250	0.0850	0.1050	2.33812670e+09
0.0250	0.0850	0.1150	3.64420042e+09
0.0250	0.0950	0.0950	3.18103746e+09
0.0250	0.0950	0.1050	2.07461190e+09
0.0250	0.0950	0.1150	2.59367526e+09
0.0250	0.0950	0.1250	1.60143908e+09
0.0250	0.1050	0.1050	1.86880502e+09
0.0250	0.1050	0.1150	2.73675086e+09
0.0250	0.1050	0.1250	3.11877257e+09
0.0250	0.1050	0.1350	-2.07393289e+08
0.0250	0.1150	0.1150	1.89746832e+09
0.0250	0.1150	0.1250	1.86540264e+09
0.0250	0.1150	0.1350	1.54787215e+09
0.0250	0.1150	0.1450	3.76641957e+09
0.0250	0.1250	0.1250	1.47347965e+09
0.0250	0.1250	0.1350	1.62295549e+09
0.0250	0.1250	0.1450	1.95935327e+09
0.0250	0.1350	0.1350	1.42146477e+09
0.0250	0.1350	0.1450	1.61401346e+09
0.0250	0.1450	0.1450	1.46868702e+09
0.0350	0.0350	0.0350	-1.01648529e+10
0.0350	0.0350	0.0450	1.08251675e+08
0.0350	0.0350	0.0550	4.34777765e+09
0.0350	0.0350	0.0650	-1.51283349e+09
0.0350	0.0350	0.0750	1.56607217e+10
0.0350	0.0450	0.0450	8.34787428e+09
0.0350	0.0450	0.0550	2.47046560e+09
0.0350	0.0450	0.0650	4.87154233e+09
0.0350	0.0450	0.0750	4.55135958e+09
0.0350	0.0450	0.0850	2.74411347e+09
0.0350	0.0550	0.0550	5.19899540e+09
0.0350	0.0550	0.0650	2.14635368e+09
0.0350	0.0550	0.0750	2.48792484e+09
0.0350	0.0550	0.0850	2.54922396e+09
0.0350	0.0550	0.0950	1.22004013e+09
0.0350	0.0650	0.0650	-7.25571710e+08
0.0350	0.0650	0.0750	3.00443282e+09
0.0350	0.0650	0.0850	1.80745722e+09
0.0350	0.0650	0.0950	4.56134343e+09
0.0350	0.0650	0.1050	3.68526724e+09
0.0350	0.0750	0.0750	1.31267765e+09
0.0350	0.0750	0.0850	3.71774351e+09
0.0350	0.0750	0.0950	3.76464090e+09
0.0350	0.0750	0.1050	1.90048955e+09
0.0350	0.0750	0.1150	1.92000601e+09
0.0350	0.0850	0.0850	3.23191736e+09
0.0350	0.0850	0.0950	7.73427096e+08
0.0350	0.0850	0.1050	1.98510722e+09
0.0350	0.0850	0.1150	2.54659551e+09
0.0350	0.0850	0.1250	1.36563112e+09
0.0350	0.0950	0.0950	1.20665216e+08
0.0350	0.0950	0.1050	5.29016144e+08
0.0350	0.0950	0.1150	1.32993557e+09
0.0350	0.0950	0.1250	2.19582681e+09
0.0350	0.0950	0.1350	3.64969313e+09
0.0350	0.1050	0.1050	2.18081160e+09
0.0350	0.1050	0.1150	1.79969688e+09
0.0350	0.1050	0.1250	1.17416588e+09
0.0350	0.1050	0.1350	1.07287654e+09
0.0350	0.1050	0.1450	2.26617054e+09
0.0350	0.1150	0.1150	7.38587576e+08
0.0350	0.1150	0.1250	1.40758789e+09
0.0350	0.1150	0.1350	1.25076358e+09
0.0350	0.1150	0.1450	1.82482348e+09
0.0350	0.1250	0.1250	7.94031529e+08
0.0350	0.1250	0.1350	8.62808192e+08
0.0350	0.1250	0.1450	1.88725724e+09
0.0350	0.1350	0.1350	1.52848543e+09
0.0350	0.1350	0.1450	1.17772747e+09
0.0350	0.1450	0.1450	2.66155809e+08
0.0450	0.0450	0.0450	5.26629147e+09
0.0450	0.0450	0.0550	4.48458515e+09
0.0450	0.0450	0.0650	5.12889506e+09
0.0450	0.0450	0.0750	1.01351885e+09
0.0450	0.0450	0.0850	6.65632337e+09
0.0450	0.0450	0.0950	6.35528690e+08
0.0450	0.0550	0.0550	1.74331327e+09
0.0450	0.0550	0.0650	1.01522556e+09
0.0450	0.0550	0.0750	3.92206248e+09
0.0450	0.0550	0.0850	1.74359397e+09
0.0450	0.0550	0.0950	3.41719228e+09
0.0450	0.0550	0.1050	3.74541894e+09
0.0450	0.0650	0.0650	2.77136632e+09
0.0450	0.0650	0.0750	2.79398637e+09
0.0450	0.0650	0.0850	1.46178765e+09
0.0450	0.0650	0.0950	2.38586492e+09
0.0450	0.0650	0.1050	3.56540543e+09
0.0450	0.0650	0.1150	2.80192781e+09
0.0450	0.0750	0.0750	1.15425906e+09
0.0450	0.0750	0.0850	2.52902538e+09
0.0450	0.0750	0.0950	2.62147773e+09
0.0450	0.0750	0.1050	2.39224761e+09
0.0450	0.0750	0.1150	3.61410099e+09
0.0450	0.0750	0.1250	3.80688461e+09
0.0450	0.0850	0.0850	5.16628223e+08
0.0450	0.0850	0.0950	2.13206273e+09
0.0450	0.0850	0.1050	8.23028918e+08
0.0450	0.0850	0.1150	2.83796345e+09
0.0450	0.0850	0.1250	2.59965568e+09
0.0450	0.0850	0.1350	2.36864729e+09
0.0450	0.0950	0.0950	1.72328615e+09
0.0450	0.0950	0.1050	1.53325195e+09
0.0450	0.0950	0.1150	1.23855578e+09
0.0450	0.0950	0.1250	1.85082512e+09
0.0450	0.0950	0.1350	2.33755255e+09
0.0450	0.0950	0.1450	2.25873707e+09
0.0450	0.1050	0.1050	9.08603971e+08
0.0450	0.1050	0.1150	1.25537854e+09
0.0450	0.1050	0.1250	1.51446985e+09
0.0450	0.1050	0.1350	1.31888885e+09
0.0450	0.1050	0.1450	1.87233269e+09
0.0450	0.1150	0.1150	2.12317997e+09
0.0450	0.1150	0.1250	8.85464975e+08
0.0450	0.1150	0.1350	1.60304144e+09
0.0450	0.1150	0.1450	8.38518581e+08
0.0450	0.1250	0.1250	1.51338888e+09
0.0450	0.1250	0.1350	1.56076430e+09
0.0450	0.1250	0.1450	9.13586231e+08
0.0450	0.1350	0.1350	8.17209109e+08
0.0450	0.1350	0.1450	5.26976565e+08
0.0450	0.1450	0.1450	4.83663069e+08
0.0550	0.0550	0.0550	2.92156506e+09
0.0550	0.0550	0.0650	1.20613336e+09
0.0550	0.0550	0.0750	4.55294264e+08
0.0550	0.0550	0.0850	-4.29533706e+08
0.0550	0.0550	0.0950	2.72473200e+09
0.0550	0.0550	0.1050	2.18825708e+09
0.0550	0.0550	0.1150	3.04599006e+09
0.0550	0.0650	0.0650	3.04241622e+09
0.0550	0.0650	0.0750	3.55583339e+09
0.0550	0.0650	0.0850	1.53697925e+09
0.0550	0.0650	0.0950	1.14702382e+09
0.0550	0.0650	0.1050	1.98705565e+09
0.0550	0.0650	0.1150	2.77519603e+09
0.0550	0.0650	0.1250	3.59860875e+09
0.0550	0.0750	0.0750	1.16112350e+09
0.0550	0.0750	0.0850	2.43778881e+09
0.0550	0.0750	0.0950	1.58233747e+09
0.0550	0.0750	0.1050	5.19180347e+08
0.0550	0.0750	0.1150	2.13505451e+09
0.0550	0.0750	0.1250	1.50577275e+09
0.0550	0.0750	0.1350	2.29274041e+09
0.0550	0.0850	0.0850	2.25796536e+08
0.0550	0.0850	0.0950	1.36976979e+09
0.0550	0.0850	0.1050	2.05082866e+09
0.0550	0.0850	0.1150	7.92300631e+08
0.0550	0.0850	0.1250	5.82904078e+08
0.0550	0.0850	0.1350	1.98301317e+09
0.0550	0.0850	0.1450	1.21583294e+09
0.0550	0.0950	0.0950	9.23947703e+08
0.0550	0.0950	0.1050	6.93012117e+08
0.0550	0.0950	0.1150	1.01606294e+09
0.0550	0.0950	0.1250	1.13100931e+09
0.0550	0.0950	0.1350	1.23469682e+09
0.0550	0.0950	0.1450	1.85015481e+09
0.0550	0.1050	0.1050	1.73024232e+09
0.0550	0.1050	0.1150	1.29963163e+09
0.0550	0.1050	0.1250	5.18395725e+08
0.0550	0.1050	0.1350	1.50880647e+09
0.0550	0.1050	0.1450	6.45271094e+08
0.0550	0.1150	0.1150	7.91885786e+07
0.0550	0.1150	0.1250	9.81811896e+08
0.0550	0.1150	0.1350	1.03306001e+09
0.0550	0.1150	0.1450	6.58971098e+08
0.0550	0.1250	0.1250	6.44074370e+08
0.0550	0.1250	0.1350	4.10039244e+08
0.0550	0.1250	0.1450	7.95506735e+08
0.0550	0.1350	0.1350	5.98521400e+08
0.0550	0.1350	0.1450	1.30490695e+09
0.0550	0.1450	0.1450	3.33722771e+08
0.0650	0.0650	0.0650	4.88479829e+09
0.0650	0.0650	0.0750	2.74449818e+09
0.0650	0.0650	0.0850	9.83026264e+08
0.0650	0.0650	0.0950	2.40265741e+09
0.0650	0.0650	0.1050	2.06085681e+09
0.0650	0.0650	0.1150	1.89561589e+09
0.0650	0.0650	0.1250	6.64549201e+08
0.0650	0.0650	0.1350	4.35498071e+09
0.0650	0.0750	0.0750	6.71577881e+08
0.0650	0.0750	0.0850	2.38487473e+09
0.0650	0.0750	0.0950	1.23435423e+09
0.0650	0.0750	0.1050	1.38220824e+09
0.0650	0.0750	0.1150	1.68882396e+09
0.0650	0.0750	0.1250	1.90878221e+09
0.0650	0.0750	0.1350	2.05413951e+09
0.0650	0.0750	0.1450	2.20492613e+09
0.0650	0.0850	0.0850	9.47205132e+08
0.0650	0.0850	0.0950	1.35914934e+09
0.0650	0.0850	0.1050	8.09945710e+08
0.0650	0.0850	0.1150	1.14927485e+09
0.0650	0.0850	0.1250	2.01235180e+09
0.0650	0.0850	0.1350	8.52751308e+08
0.0650	0.0850	0.1450	2.22590440e+09
0.0650	0.0950	0.0950	1.81868297e+09
0.0650	0.0950	0.1050	1.10781782e+09
0.0650	0.0950	0.1150	8.42312692e+08
0.0650	0.0950	0.1250	9.91796713e+08
0.0650	0.0950	0.1350	1.09706230e+09
0.0650	0.0950	0.1450	1.06292916e+09
0.0650	0.1050	0.1050	6.73331566e+08
0.0650	0.1050	0.1150	8.07038612e+08
0.0650	0.1050	0.1250	9.97204476e+08
0.0650	0.1050	0.1350	1.04890961e+09
0.0650	0.1050	0.1450	1.03281154e+09
0.0650	0.1150	0.1150	6.35542352e+08
0.0650	0.1150	0.1250	4.87534057e+08
0.0650	0.1150	0.1350	1.20100041e+09
0.0650	0.1150	0.1450	9.72104303e+08
0.0650	0.1250	0.1250	8.11979434e+08
0.0650	0.1250	0.1350	5.99799954e+08
0.0650	0.1250	0.1450	5.09247795e+08
0.0650	0.1350	0.1350	4.11028341e+08
0.0650	0.1350	0.1450	7.11549357e+08
0.0650	0.1450	0.1450	5.61810170e+08
0.0750	0.0750	0.0750	4.46149383e+09
0.0750	0.0750	0.0850	5.10028744e+08
0.0750	0.0750	0.0950	2.31195888e+09
0.0750	0.0750	0.1050	1.29425967e+09
0.0750	0.0750	0.1150	9.56874934e+08
0.0750	0.0750	0.1250	2.33927109e+09
0.0750	0.0750	0.1350	1.19487379e+09
0.0750	0.0750	0.1450	2.39916094e+09
0.0750	0.0850	0.0850	1.76610426e+09
0.0750	0.0850	0.0950	4.14493161e+08
0.0750	0.0850	0.1050	1.41762963e+09
0.0750	0.0850	0.1150	1.29523428e+09
0.0750	0.0850	0.1250	1.55716757e+09
0.0750	0.0850	0.1350	1.20021636e+09
0.0750	0.0850	0.1450	1.46916954e+09
0.0750	0.0950	0.0950	1.53852843e+09
0.0750	0.0950	0.1050	1.04518577e+09
0.0750	0.0950	0.1150	1.13139631e+09
0.0750	0.0950	0.1250	3.25888368e+08
0.0750	0.0950	0.1350	1.06121488e+09
0.0750	0.0950	0.1450	7.82748138e+08
0.0750	0.1050	0.1050	5.81807746e+08
0.0750	0.1050	0.1150	7.00656539e+08
0.0750	0.1050	0.1250	7.88767074e+08
0.0750	0.1050	0.1350	7.54417445e+08
0.0750	0.1050	0.1450	8.55482396e+08
0.0750	0.1150	0.1150	1.02275348e+09
0.0750	0.1150	0.1250	6.35070944e+08
0.0750	0.1150	0.1350	6.35991803e+08
0.0750	0.1150	0.1450	9.61738562e+08
0.0750	0.1250	0.1250	6.66008878e+08
0.0750	0.1250	0.1350	8.85705979e+08
0.0750	0.1250	0.1450	6.78236167e+08
0.0750	0.1350	0.1350	3.03082729e+08
0.0750	0.1350	0.1450	7.79344789e+08
0.0750	0.1450	0.1450	1.23134278e+09
0.0850	0.0850	0.0850	4.96269849e+08
0.0850	0.0850	0.0950	1.70644103e+09
0.0850	0.0850	0.1050	6.76063233e+08
0.0850	0.0850	0.1150	7.26581334e+08
0.0850	0.0850	0.1250	1.11091331e+09
0.0850	0.0850	0.1350	1.23558334e+09
0.0850	0.0850	0.1450	7.82869495e+08
0.0850	0.0950	0.0950	9.38580283e+08
0.0850	0.0950	0.1050	1.09922247e+09
0.0850	0.0950	0.1150	4.26079872e+08
0.0850	0.0950	0.1250	5.31374569e+08
0.0850	0.0950	0.1350	8.23641186e+08
0.0850	0.0950	0.1450	1.23641166e+09
0.0850	0.1050	0.1050	7.63812395e+08
0.0850	0.1050	0.1150	8.43523519e+08
0.0850	0.1050	0.1250	1.24198604e+09
0.0850	0.1050	0.1350	5.27501513e+08
0.0850	0.1050	0.1450	8.02507133e+08
0.0850	0.1150	0.1150	1.15808912e+09
0.0850	0.1150	0.1250	5.11663621e+08
0.0850	0.1150	0.1350	6.84251820e+08
0.0850	0.1150	0.1450	6.35831244e+08
0.0850	0.1250	0.1250	5.47123145e+08
0.0850	0.1250	0.1350	6.07270334e+08
0.0850	0.1250	0.1450	4.77897940e+08
0.0850	0.1350	0.1350	3.59466901e+08
0.0850	0.1350	0.1450	5.58204304e+08
0.0850	0.1450	0.1450	1.36799329e+08
0.0950	0.0950	0.0950	1.80026942e+09
0.0950	0.0950	0.1050	5.23143427e+08
0.0950	0.0950	0.1150	3.72498202e+08
0.0950	0.0950	0.1250	1.07803915e+09
0.0950	0.0950	0.1350	7.87317125e+08
0.0950	0.0950	0.1450	4.50152345e+08
0.0950	0.1050	0.1050	1.22890788e+09
0.0950	0.1050	0.1150	2.13849640e+08
0.0950	0.1050	0.1250	7.95646573e+08
0.0950	0.1050	0.1350	6.55363606e+08
0.0950	0.1050	0.1450	6.15509814e+08
0.0950	0.1150	0.1150	2.45162238e+08
0.0950	0.1150	0.1250	6.49289438e+08
0.0950	0.1150	0.1350	6.08160288e+08
0.0950	0.1150	0.1450	4.08349023e+08
0.0950	0.1250	0.1250	7.05473357e+08
0.0950	0.1250	0.1350	2.84303898e+08
0.0950	0.1250	0.1450	6.17291525e+08
0.0950	0.1350	0.1350	7.49769755e+08
0.0950	0.1350	0.1450	4.73451557e+08
0.0950	0.1450	0.1450	4.50690868e+08
0.1050	0.1050	0.1050	2.05168172e+08
0.1050	0.1050	0.1150	8.89367087e+08
0.1050	0.1050	0.1250	6.96232487e+08
0.1050	0.1050	0.1350	6.12384584e+08
0.1050	0.1050	0.1450	3.24142897e+08
0.1050	0.1150	0.1150	3.75410924e+08
0.1050	0.1150	0.1250	3.45818960e+08
0.1050	0.1150	0.1350	5.07014340e+08
0.1050	0.1150	0.1450	5.91374513e+08
0.1050	0.1250	0.1250	4.49866728e+08
0.1050	0.1250	0.1350	5.00463679e+08
0.1050	0.1250	0.1450	2.85867863e+08
0.1050	0.1350	0.1350	4.60814448e+08
0.1050	0.1350	0.1450	2.68627202e+08
0.1050	0.1450	0.1450	4.69703401e+08
0.1150	0.1150	0.1150	5.51705922e+08
0.1150	0.1150	0.1250	8.56957086e+08
0.1150	0.1150	0.1350	7.32488141e+08
0.1150	0.1150	0.1450	1.43358916e+08
0.1150	0.1250	0.1250	2.70173862e+08
0.1150	0.1250	0.1350	5.00577384e+08
0.1150	0.1250	0.1450	3.63568396e+08
0.1150	0.1350	0.1350	5.18031462e+08
0.1150	0.1350	0.1450	5.48382069e+08
0.1150	0.1450	0.1450	5.41212379e+08
0.1250	0.1250	0.1250	6.53631818e+08
0.1250	0.1250	0.1350	4.57147017e+08
0.1250	0.1250	0.1450	2.49105167e+08
0.1250	0.1350	0.1350	3.50612965e+08
0.1250	0.1350	0.1450	4.81242172e+08
0.1250	0.1450	0.1450	4.81524976e+08
0.1350	0.1350	0.1350	3.69479045e+08
0.1350	0.1350	0.1450	2.46834913e+08
0.1350	0.1450	0.1450	1.10423081e+08
0.1450	0.1450	0.1450	4.38785355e+08
