####### Bispectrum of patchy_s3_ Simulation 888 #############
# Weights: FKP
# Fiducial Omega_m: 0.310
# Fiducial h: 0.676
# Boxsize: [1000.0, 2600.0, 1500.0]
# Grid: [95, 250, 140]
# k-binning: [0.000, 0.110, 0.010]
# l-max: 4
# Monte Carlo Simulations: 100
#
# Format: k1 | k2 | k3 | B(k1,k2,k3) | B2(k1,k2,k3) | B4(k1,k2,k3)
############################################
0.0150	0.0150	0.0150	6.83517345e+10	-1.16450828e+11	-5.33035094e+10
0.0150	0.0150	0.0250	-6.89043699e+10	-6.33339815e+10	1.01277349e+10
0.0150	0.0250	0.0250	7.14517372e+10	6.81195131e+10	-5.41165699e+10
0.0150	0.0250	0.0350	-8.76014434e+09	-2.12414989e+09	5.73890110e+10
0.0150	0.0350	0.0350	1.94134647e+09	-1.40104409e+10	-5.30668641e+10
0.0150	0.0350	0.0450	1.28534102e+10	-2.34336903e+10	-1.19575763e+09
0.0150	0.0450	0.0450	6.49001807e+09	5.55945416e+10	6.06828460e+10
0.0150	0.0450	0.0550	1.49286129e+09	-3.93948847e+09	-1.35678294e+10
0.0150	0.0550	0.0550	5.29559027e+09	1.96239051e+10	-1.16386525e+10
0.0150	0.0550	0.0650	1.02174198e+10	1.17803960e+10	1.96379343e+10
0.0150	0.0650	0.0650	6.45158155e+09	-1.93408380e+09	-6.75415700e+09
0.0150	0.0650	0.0750	6.07100599e+09	3.65664411e+09	1.46100024e+10
0.0150	0.0750	0.0750	3.53600213e+09	-5.68423600e+09	-1.46727880e+10
0.0250	0.0250	0.0250	-6.23887765e+10	-4.86604780e+09	-7.93787217e+08
0.0250	0.0250	0.0350	1.84063075e+10	1.37078745e+10	2.65121320e+10
0.0250	0.0250	0.0450	-1.70807525e+10	-3.10512940e+10	-2.24046831e+10
0.0250	0.0350	0.0350	5.78623536e+07	1.78885571e+10	5.60132726e+09
0.0250	0.0350	0.0450	1.39999765e+10	1.29315224e+10	-1.82081259e+10
0.0250	0.0350	0.0550	9.29417531e+09	1.53068002e+10	4.94642179e+09
0.0250	0.0450	0.0450	3.52679375e+09	-3.53653372e+10	-2.16069317e+10
0.0250	0.0450	0.0550	4.58935436e+09	2.36607712e+09	1.41663932e+10
0.0250	0.0450	0.0650	8.65477728e+09	3.01766565e+09	2.49527681e+10
0.0250	0.0550	0.0550	4.42863053e+09	1.15295262e+10	2.64621248e+10
0.0250	0.0550	0.0650	6.40071805e+09	6.08939505e+09	-1.49922515e+10
0.0250	0.0550	0.0750	4.87166569e+09	-3.04584092e+09	-1.50664597e+09
0.0250	0.0650	0.0650	2.46087908e+09	-8.85343150e+09	-2.23936948e+09
0.0250	0.0650	0.0750	7.49114091e+09	1.14328918e+09	6.25671313e+09
0.0250	0.0750	0.0750	2.36865976e+09	-3.78388969e+09	1.81075300e+08
0.0350	0.0350	0.0350	1.18993161e+10	7.65855146e+08	-1.23305047e+10
0.0350	0.0350	0.0450	1.07525922e+09	-2.88283777e+10	1.13314713e+10
0.0350	0.0350	0.0550	1.02341915e+09	-1.48176486e+09	-1.13463930e+10
0.0350	0.0350	0.0650	4.82329456e+09	9.16117802e+09	-1.01522678e+10
0.0350	0.0450	0.0450	4.01825227e+09	-9.65952709e+09	-1.22062560e+10
0.0350	0.0450	0.0550	6.33531193e+09	5.13414153e+09	7.70346369e+09
0.0350	0.0450	0.0650	4.34655127e+09	7.10506392e+09	1.14730956e+10
0.0350	0.0450	0.0750	4.13776229e+09	6.57719380e+09	-5.25155092e+09
0.0350	0.0550	0.0550	5.26831904e+09	6.58687713e+09	-2.64251157e+09
0.0350	0.0550	0.0650	2.61595438e+09	-4.52989191e+09	-8.41622600e+09
0.0350	0.0550	0.0750	1.86304340e+09	2.68089051e+09	-1.10850626e+09
0.0350	0.0650	0.0650	9.94122315e+08	5.98959342e+09	2.77274846e+09
0.0350	0.0650	0.0750	3.37712034e+09	5.18392116e+09	-3.13829120e+09
0.0350	0.0750	0.0750	8.27503327e+08	6.10870555e+09	2.56129331e+09
0.0450	0.0450	0.0450	1.37915881e+10	-2.79107894e+09	-4.31014419e+09
0.0450	0.0450	0.0550	-3.61019383e+09	-1.49310650e+09	-3.95033794e+09
0.0450	0.0450	0.0650	3.40896585e+09	-7.26131282e+08	-3.86853296e+09
0.0450	0.0450	0.0750	1.95028876e+09	-1.57844484e+09	1.16282277e+10
0.0450	0.0550	0.0550	6.83351665e+09	4.39120671e+09	2.61756635e+09
0.0450	0.0550	0.0650	1.81324354e+09	2.67529734e+09	5.50742608e+08
0.0450	0.0550	0.0750	3.87835576e+09	6.64278399e+09	5.56231955e+08
0.0450	0.0650	0.0650	2.49911392e+09	5.90100032e+08	-4.13165264e+09
0.0450	0.0650	0.0750	8.37172771e+08	1.52889421e+09	-4.45977055e+08
0.0450	0.0750	0.0750	6.19513241e+09	3.00661081e+09	2.48768959e+09
0.0550	0.0550	0.0550	2.85304718e+09	2.88119851e+09	3.45885434e+09
0.0550	0.0550	0.0650	1.26738434e+09	-4.95629254e+08	3.06125188e+09
0.0550	0.0550	0.0750	2.68557380e+09	-2.13634679e+09	-4.23478124e+09
0.0550	0.0650	0.0650	1.42947373e+09	6.95733884e+08	-2.93336135e+09
0.0550	0.0650	0.0750	1.19188423e+09	-3.34281446e+06	-3.44071071e+09
0.0550	0.0750	0.0750	1.23039594e+09	3.11520185e+09	-1.11502827e+09
0.0650	0.0650	0.0650	3.75268751e+09	1.17179638e+09	5.04299911e+08
0.0650	0.0650	0.0750	2.06154480e+09	3.54006076e+08	-7.54559197e+08
0.0650	0.0750	0.0750	3.72079266e+09	2.09553723e+09	-2.87535094e+08
0.0750	0.0750	0.0750	-1.05950756e+08	2.36505610e+08	-7.24419318e+08
