####### Bispectrum of Patchy Simulation 551 #############
# Patch: ngc
# z-type: z3
# Weights: fkp
# Fiducial Omega_m: 0.310
# Fiducial h: 0.676
# Boxsize: [1800.0, 3400.0, 1900.0]
# Grid: [170, 325, 180]
# k-binning: [0.000, 0.160, 0.010]
# Monte Carlo Simulations: 100
#
# Format: k1 | k2 | k3 | B(k1,k2,k3)
############################################
0.0150	0.0150	0.0150	-4.17968561e+10
0.0150	0.0150	0.0250	3.29068975e+10
0.0150	0.0150	0.0350	3.84217558e+10
0.0150	0.0250	0.0250	1.73323046e+10
0.0150	0.0250	0.0350	1.07200959e+10
0.0150	0.0250	0.0450	8.38752939e+09
0.0150	0.0350	0.0350	1.62945267e+10
0.0150	0.0350	0.0450	1.14017033e+10
0.0150	0.0350	0.0550	1.87211276e+10
0.0150	0.0450	0.0450	5.95671734e+09
0.0150	0.0450	0.0550	5.52306545e+09
0.0150	0.0450	0.0650	1.21443361e+10
0.0150	0.0550	0.0550	2.32003242e+09
0.0150	0.0550	0.0650	5.27843028e+09
0.0150	0.0550	0.0750	4.95180210e+09
0.0150	0.0650	0.0650	3.33907841e+09
0.0150	0.0650	0.0750	3.32196467e+09
0.0150	0.0650	0.0850	5.84002615e+09
0.0150	0.0750	0.0750	-1.20766435e+09
0.0150	0.0750	0.0850	3.80466199e+09
0.0150	0.0750	0.0950	5.40299376e+09
0.0150	0.0850	0.0850	1.28442158e+09
0.0150	0.0850	0.0950	3.18331931e+09
0.0150	0.0850	0.1050	3.34091147e+09
0.0150	0.0950	0.0950	1.18577871e+09
0.0150	0.0950	0.1050	2.43050431e+09
0.0150	0.0950	0.1150	3.16529539e+09
0.0150	0.1050	0.1050	1.34093854e+09
0.0150	0.1050	0.1150	1.91093776e+09
0.0150	0.1050	0.1250	2.62311149e+09
0.0150	0.1150	0.1150	1.26104853e+09
0.0150	0.1150	0.1250	1.54611822e+09
0.0150	0.1150	0.1350	3.54606688e+09
0.0150	0.1250	0.1250	7.16380864e+08
0.0150	0.1250	0.1350	1.82347350e+09
0.0150	0.1250	0.1450	3.16555922e+09
0.0150	0.1350	0.1350	2.17827675e+09
0.0150	0.1350	0.1450	1.55889187e+09
0.0150	0.1450	0.1450	1.50049903e+09
0.0250	0.0250	0.0250	-9.55059677e+09
0.0250	0.0250	0.0350	1.03096201e+10
0.0250	0.0250	0.0450	1.53899325e+10
0.0250	0.0250	0.0550	1.52109514e+10
0.0250	0.0350	0.0350	5.63206803e+09
0.0250	0.0350	0.0450	8.67521521e+09
0.0250	0.0350	0.0550	7.98797234e+09
0.0250	0.0350	0.0650	1.02573288e+10
0.0250	0.0450	0.0450	5.86286671e+09
0.0250	0.0450	0.0550	2.38736967e+09
0.0250	0.0450	0.0650	4.78744763e+09
0.0250	0.0450	0.0750	9.91908599e+09
0.0250	0.0550	0.0550	9.15915849e+08
0.0250	0.0550	0.0650	4.61917538e+09
0.0250	0.0550	0.0750	5.10484715e+09
0.0250	0.0550	0.0850	5.79664609e+09
0.0250	0.0650	0.0650	3.35099842e+09
0.0250	0.0650	0.0750	3.54082107e+09
0.0250	0.0650	0.0850	4.70430145e+09
0.0250	0.0650	0.0950	3.33899460e+09
0.0250	0.0750	0.0750	2.90075220e+09
0.0250	0.0750	0.0850	2.84175865e+09
0.0250	0.0750	0.0950	4.25316790e+09
0.0250	0.0750	0.1050	2.81794240e+09
0.0250	0.0850	0.0850	2.35230730e+09
0.0250	0.0850	0.0950	3.07184720e+09
0.0250	0.0850	0.1050	3.44586460e+09
0.0250	0.0850	0.1150	4.01311016e+09
0.0250	0.0950	0.0950	2.42649618e+09
0.0250	0.0950	0.1050	2.31448846e+09
0.0250	0.0950	0.1150	3.16554857e+09
0.0250	0.0950	0.1250	3.21647580e+09
0.0250	0.1050	0.1050	1.21548895e+09
0.0250	0.1050	0.1150	2.34416033e+09
0.0250	0.1050	0.1250	2.17147972e+09
0.0250	0.1050	0.1350	3.25312923e+09
0.0250	0.1150	0.1150	2.93942297e+09
0.0250	0.1150	0.1250	2.04565503e+09
0.0250	0.1150	0.1350	2.20771336e+09
0.0250	0.1150	0.1450	3.34081578e+09
0.0250	0.1250	0.1250	1.72623007e+09
0.0250	0.1250	0.1350	2.13146626e+09
0.0250	0.1250	0.1450	2.36777114e+09
0.0250	0.1350	0.1350	1.13902958e+09
0.0250	0.1350	0.1450	1.29638375e+09
0.0250	0.1450	0.1450	1.58105274e+09
0.0350	0.0350	0.0350	1.87302499e+10
0.0350	0.0350	0.0450	5.61395633e+09
0.0350	0.0350	0.0550	4.94453204e+09
0.0350	0.0350	0.0650	8.44250045e+09
0.0350	0.0350	0.0750	9.21614139e+09
0.0350	0.0450	0.0450	4.19162792e+09
0.0350	0.0450	0.0550	3.92515546e+09
0.0350	0.0450	0.0650	4.41359553e+09
0.0350	0.0450	0.0750	4.07631155e+09
0.0350	0.0450	0.0850	4.93854153e+09
0.0350	0.0550	0.0550	2.00229417e+09
0.0350	0.0550	0.0650	3.47570734e+09
0.0350	0.0550	0.0750	3.65201740e+09
0.0350	0.0550	0.0850	3.40863872e+09
0.0350	0.0550	0.0950	2.83547548e+09
0.0350	0.0650	0.0650	8.51601170e+08
0.0350	0.0650	0.0750	2.57945607e+09
0.0350	0.0650	0.0850	2.25325241e+09
0.0350	0.0650	0.0950	4.15599609e+09
0.0350	0.0650	0.1050	4.23437222e+09
0.0350	0.0750	0.0750	2.33877685e+09
0.0350	0.0750	0.0850	2.81244566e+09
0.0350	0.0750	0.0950	2.38358955e+09
0.0350	0.0750	0.1050	3.04190181e+09
0.0350	0.0750	0.1150	2.88616331e+09
0.0350	0.0850	0.0850	2.28910658e+09
0.0350	0.0850	0.0950	1.95267389e+09
0.0350	0.0850	0.1050	2.20034497e+09
0.0350	0.0850	0.1150	2.74317446e+09
0.0350	0.0850	0.1250	1.82435174e+09
0.0350	0.0950	0.0950	2.40751697e+09
0.0350	0.0950	0.1050	2.22884178e+09
0.0350	0.0950	0.1150	2.07323452e+09
0.0350	0.0950	0.1250	2.95832524e+09
0.0350	0.0950	0.1350	2.28870406e+09
0.0350	0.1050	0.1050	1.88785995e+09
0.0350	0.1050	0.1150	1.13981145e+09
0.0350	0.1050	0.1250	2.00183659e+09
0.0350	0.1050	0.1350	1.75706944e+09
0.0350	0.1050	0.1450	1.84594110e+09
0.0350	0.1150	0.1150	1.49933083e+09
0.0350	0.1150	0.1250	1.47768284e+09
0.0350	0.1150	0.1350	1.81329982e+09
0.0350	0.1150	0.1450	1.86950408e+09
0.0350	0.1250	0.1250	1.63311448e+09
0.0350	0.1250	0.1350	1.30060442e+09
0.0350	0.1250	0.1450	1.60547718e+09
0.0350	0.1350	0.1350	9.51598620e+08
0.0350	0.1350	0.1450	1.18335860e+09
0.0350	0.1450	0.1450	9.21668264e+08
0.0450	0.0450	0.0450	5.70710255e+09
0.0450	0.0450	0.0550	1.80825292e+09
0.0450	0.0450	0.0650	4.24713271e+09
0.0450	0.0450	0.0750	1.15915388e+09
0.0450	0.0450	0.0850	3.63673100e+09
0.0450	0.0450	0.0950	4.63674779e+09
0.0450	0.0550	0.0550	2.49667728e+09
0.0450	0.0550	0.0650	1.27201683e+09
0.0450	0.0550	0.0750	2.99160794e+09
0.0450	0.0550	0.0850	3.31476958e+09
0.0450	0.0550	0.0950	3.37275079e+09
0.0450	0.0550	0.1050	2.73261254e+09
0.0450	0.0650	0.0650	3.06315301e+09
0.0450	0.0650	0.0750	1.55624226e+09
0.0450	0.0650	0.0850	2.06185005e+09
0.0450	0.0650	0.0950	2.31747062e+09
0.0450	0.0650	0.1050	2.58414439e+09
0.0450	0.0650	0.1150	5.33660757e+09
0.0450	0.0750	0.0750	2.66646347e+09
0.0450	0.0750	0.0850	1.34380827e+09
0.0450	0.0750	0.0950	2.07977713e+09
0.0450	0.0750	0.1050	2.75326742e+09
0.0450	0.0750	0.1150	2.41860182e+09
0.0450	0.0750	0.1250	3.00690075e+09
0.0450	0.0850	0.0850	2.03795297e+09
0.0450	0.0850	0.0950	1.58657856e+09
0.0450	0.0850	0.1050	1.38893826e+09
0.0450	0.0850	0.1150	1.84046779e+09
0.0450	0.0850	0.1250	2.23247712e+09
0.0450	0.0850	0.1350	2.16856069e+09
0.0450	0.0950	0.0950	5.20472964e+08
0.0450	0.0950	0.1050	1.59839089e+09
0.0450	0.0950	0.1150	1.43956304e+09
0.0450	0.0950	0.1250	1.56260378e+09
0.0450	0.0950	0.1350	1.95446564e+09
0.0450	0.0950	0.1450	1.69308024e+09
0.0450	0.1050	0.1050	8.81606921e+08
0.0450	0.1050	0.1150	1.33792812e+09
0.0450	0.1050	0.1250	9.00526368e+08
0.0450	0.1050	0.1350	1.38239826e+09
0.0450	0.1050	0.1450	1.48307795e+09
0.0450	0.1150	0.1150	1.33145580e+09
0.0450	0.1150	0.1250	1.08700196e+09
0.0450	0.1150	0.1350	1.33775116e+09
0.0450	0.1150	0.1450	1.47920324e+09
0.0450	0.1250	0.1250	1.12886475e+09
0.0450	0.1250	0.1350	1.08419222e+09
0.0450	0.1250	0.1450	9.77592759e+08
0.0450	0.1350	0.1350	1.04522720e+09
0.0450	0.1350	0.1450	9.06365477e+08
0.0450	0.1450	0.1450	7.29405950e+08
0.0550	0.0550	0.0550	2.38655548e+09
0.0550	0.0550	0.0650	1.00115696e+09
0.0550	0.0550	0.0750	1.71009894e+09
0.0550	0.0550	0.0850	1.90914598e+09
0.0550	0.0550	0.0950	2.52441433e+09
0.0550	0.0550	0.1050	1.55796756e+09
0.0550	0.0550	0.1150	2.92039176e+09
0.0550	0.0650	0.0650	1.60282042e+09
0.0550	0.0650	0.0750	1.82895862e+09
0.0550	0.0650	0.0850	1.60130481e+09
0.0550	0.0650	0.0950	1.01999417e+09
0.0550	0.0650	0.1050	2.01148649e+09
0.0550	0.0650	0.1150	2.19669809e+09
0.0550	0.0650	0.1250	3.05444598e+09
0.0550	0.0750	0.0750	1.22422708e+09
0.0550	0.0750	0.0850	2.05241051e+09
0.0550	0.0750	0.0950	1.25799758e+09
0.0550	0.0750	0.1050	1.16793260e+09
0.0550	0.0750	0.1150	2.01821595e+09
0.0550	0.0750	0.1250	1.85184059e+09
0.0550	0.0750	0.1350	2.23128983e+09
0.0550	0.0850	0.0850	1.09150586e+09
0.0550	0.0850	0.0950	1.11312449e+09
0.0550	0.0850	0.1050	1.48007270e+09
0.0550	0.0850	0.1150	1.64211496e+09
0.0550	0.0850	0.1250	1.79719826e+09
0.0550	0.0850	0.1350	1.98608086e+09
0.0550	0.0850	0.1450	1.46438896e+09
0.0550	0.0950	0.0950	1.43491558e+09
0.0550	0.0950	0.1050	8.52530012e+08
0.0550	0.0950	0.1150	1.20244492e+09
0.0550	0.0950	0.1250	9.74698045e+08
0.0550	0.0950	0.1350	1.05423337e+09
0.0550	0.0950	0.1450	1.50787886e+09
0.0550	0.1050	0.1050	8.34512975e+08
0.0550	0.1050	0.1150	1.25552920e+09
0.0550	0.1050	0.1250	1.00929375e+09
0.0550	0.1050	0.1350	1.34145661e+09
0.0550	0.1050	0.1450	1.00252807e+09
0.0550	0.1150	0.1150	1.01198134e+09
0.0550	0.1150	0.1250	8.93423031e+08
0.0550	0.1150	0.1350	7.92444701e+08
0.0550	0.1150	0.1450	9.81356170e+08
0.0550	0.1250	0.1250	7.64476471e+08
0.0550	0.1250	0.1350	9.46780270e+08
0.0550	0.1250	0.1450	7.25788244e+08
0.0550	0.1350	0.1350	7.18972755e+08
0.0550	0.1350	0.1450	6.73979187e+08
0.0550	0.1450	0.1450	6.36200119e+08
0.0650	0.0650	0.0650	2.33502032e+09
0.0650	0.0650	0.0750	1.46267310e+09
0.0650	0.0650	0.0850	1.00881729e+09
0.0650	0.0650	0.0950	1.17110022e+09
0.0650	0.0650	0.1050	1.84706754e+09
0.0650	0.0650	0.1150	1.48776758e+09
0.0650	0.0650	0.1250	2.58937143e+09
0.0650	0.0650	0.1350	2.31591811e+09
0.0650	0.0750	0.0750	1.11036063e+09
0.0650	0.0750	0.0850	1.61486198e+09
0.0650	0.0750	0.0950	1.32839826e+09
0.0650	0.0750	0.1050	1.46147391e+09
0.0650	0.0750	0.1150	1.66106651e+09
0.0650	0.0750	0.1250	1.25027150e+09
0.0650	0.0750	0.1350	1.63762017e+09
0.0650	0.0750	0.1450	1.78855191e+09
0.0650	0.0850	0.0850	1.07262321e+09
0.0650	0.0850	0.0950	7.73449523e+08
0.0650	0.0850	0.1050	8.40588099e+08
0.0650	0.0850	0.1150	1.15792341e+09
0.0650	0.0850	0.1250	1.19434036e+09
0.0650	0.0850	0.1350	1.34788301e+09
0.0650	0.0850	0.1450	1.79148960e+09
0.0650	0.0950	0.0950	1.05986216e+09
0.0650	0.0950	0.1050	1.19620765e+09
0.0650	0.0950	0.1150	8.76294754e+08
0.0650	0.0950	0.1250	1.23896508e+09
0.0650	0.0950	0.1350	1.21492314e+09
0.0650	0.0950	0.1450	1.11129713e+09
0.0650	0.1050	0.1050	1.13725076e+09
0.0650	0.1050	0.1150	7.20839704e+08
0.0650	0.1050	0.1250	8.78650422e+08
0.0650	0.1050	0.1350	7.35397340e+08
0.0650	0.1050	0.1450	7.63904012e+08
0.0650	0.1150	0.1150	8.19647891e+08
0.0650	0.1150	0.1250	7.84152749e+08
0.0650	0.1150	0.1350	7.95105493e+08
0.0650	0.1150	0.1450	8.65130972e+08
0.0650	0.1250	0.1250	9.81233109e+08
0.0650	0.1250	0.1350	5.42456807e+08
0.0650	0.1250	0.1450	7.99257570e+08
0.0650	0.1350	0.1350	7.32856343e+08
0.0650	0.1350	0.1450	6.26317142e+08
0.0650	0.1450	0.1450	6.45341869e+08
0.0750	0.0750	0.0750	1.62633665e+09
0.0750	0.0750	0.0850	8.86524216e+08
0.0750	0.0750	0.0950	1.17745781e+09
0.0750	0.0750	0.1050	9.45910987e+08
0.0750	0.0750	0.1150	1.17154408e+09
0.0750	0.0750	0.1250	1.25674650e+09
0.0750	0.0750	0.1350	1.39059075e+09
0.0750	0.0750	0.1450	1.74828139e+09
0.0750	0.0850	0.0850	1.40177386e+09
0.0750	0.0850	0.0950	9.33327791e+08
0.0750	0.0850	0.1050	1.23669269e+09
0.0750	0.0850	0.1150	1.20560008e+09
0.0750	0.0850	0.1250	9.57918423e+08
0.0750	0.0850	0.1350	1.01359090e+09
0.0750	0.0850	0.1450	1.23774280e+09
0.0750	0.0950	0.0950	7.66388330e+08
0.0750	0.0950	0.1050	7.91081926e+08
0.0750	0.0950	0.1150	9.17246850e+08
0.0750	0.0950	0.1250	1.11806532e+09
0.0750	0.0950	0.1350	1.02529985e+09
0.0750	0.0950	0.1450	1.03377462e+09
0.0750	0.1050	0.1050	9.67958649e+08
0.0750	0.1050	0.1150	8.77301974e+08
0.0750	0.1050	0.1250	8.35965863e+08
0.0750	0.1050	0.1350	8.98208775e+08
0.0750	0.1050	0.1450	7.62683476e+08
0.0750	0.1150	0.1150	8.26665224e+08
0.0750	0.1150	0.1250	8.12733320e+08
0.0750	0.1150	0.1350	7.77627660e+08
0.0750	0.1150	0.1450	8.23268310e+08
0.0750	0.1250	0.1250	8.36967387e+08
0.0750	0.1250	0.1350	8.58636851e+08
0.0750	0.1250	0.1450	5.94849671e+08
0.0750	0.1350	0.1350	6.84327116e+08
0.0750	0.1350	0.1450	6.92215309e+08
0.0750	0.1450	0.1450	6.82990084e+08
0.0850	0.0850	0.0850	2.00855519e+09
0.0850	0.0850	0.0950	7.68697122e+08
0.0850	0.0850	0.1050	8.87037214e+08
0.0850	0.0850	0.1150	1.01433719e+09
0.0850	0.0850	0.1250	1.08687107e+09
0.0850	0.0850	0.1350	9.67521687e+08
0.0850	0.0850	0.1450	6.90203073e+08
0.0850	0.0950	0.0950	9.12564612e+08
0.0850	0.0950	0.1050	8.81305232e+08
0.0850	0.0950	0.1150	7.86947250e+08
0.0850	0.0950	0.1250	7.41768472e+08
0.0850	0.0950	0.1350	7.25467613e+08
0.0850	0.0950	0.1450	9.25944326e+08
0.0850	0.1050	0.1050	5.64181676e+08
0.0850	0.1050	0.1150	8.56002066e+08
0.0850	0.1050	0.1250	5.89945915e+08
0.0850	0.1050	0.1350	7.18714482e+08
0.0850	0.1050	0.1450	7.36065118e+08
0.0850	0.1150	0.1150	8.65263953e+08
0.0850	0.1150	0.1250	6.36962996e+08
0.0850	0.1150	0.1350	9.00354405e+08
0.0850	0.1150	0.1450	6.02998619e+08
0.0850	0.1250	0.1250	9.29804606e+08
0.0850	0.1250	0.1350	6.94212524e+08
0.0850	0.1250	0.1450	6.33089214e+08
0.0850	0.1350	0.1350	4.80799249e+08
0.0850	0.1350	0.1450	6.71812766e+08
0.0850	0.1450	0.1450	4.16121811e+08
0.0950	0.0950	0.0950	7.26344662e+08
0.0950	0.0950	0.1050	1.09974817e+09
0.0950	0.0950	0.1150	4.51387298e+08
0.0950	0.0950	0.1250	7.63611053e+08
0.0950	0.0950	0.1350	9.39236879e+08
0.0950	0.0950	0.1450	7.01932778e+08
0.0950	0.1050	0.1050	3.74330512e+08
0.0950	0.1050	0.1150	8.05161750e+08
0.0950	0.1050	0.1250	5.69224936e+08
0.0950	0.1050	0.1350	6.99967039e+08
0.0950	0.1050	0.1450	7.08919628e+08
0.0950	0.1150	0.1150	6.54772114e+08
0.0950	0.1150	0.1250	7.35530582e+08
0.0950	0.1150	0.1350	7.08231435e+08
0.0950	0.1150	0.1450	5.34854983e+08
0.0950	0.1250	0.1250	6.51004188e+08
0.0950	0.1250	0.1350	6.37970623e+08
0.0950	0.1250	0.1450	5.16631520e+08
0.0950	0.1350	0.1350	5.87835290e+08
0.0950	0.1350	0.1450	4.47216775e+08
0.0950	0.1450	0.1450	5.57575249e+08
0.1050	0.1050	0.1050	6.12544374e+08
0.1050	0.1050	0.1150	6.13436662e+08
0.1050	0.1050	0.1250	7.15857160e+08
0.1050	0.1050	0.1350	5.31905857e+08
0.1050	0.1050	0.1450	5.19152086e+08
0.1050	0.1150	0.1150	4.67444847e+08
0.1050	0.1150	0.1250	5.04159021e+08
0.1050	0.1150	0.1350	6.32360518e+08
0.1050	0.1150	0.1450	5.79272351e+08
0.1050	0.1250	0.1250	3.87115899e+08
0.1050	0.1250	0.1350	6.05619297e+08
0.1050	0.1250	0.1450	5.64643923e+08
0.1050	0.1350	0.1350	4.63736489e+08
0.1050	0.1350	0.1450	3.54215118e+08
0.1050	0.1450	0.1450	4.58750623e+08
0.1150	0.1150	0.1150	6.63369762e+08
0.1150	0.1150	0.1250	5.23495723e+08
0.1150	0.1150	0.1350	6.16925043e+08
0.1150	0.1150	0.1450	4.53605606e+08
0.1150	0.1250	0.1250	6.30264275e+08
0.1150	0.1250	0.1350	4.50538982e+08
0.1150	0.1250	0.1450	4.45414557e+08
0.1150	0.1350	0.1350	4.59689140e+08
0.1150	0.1350	0.1450	5.19857874e+08
0.1150	0.1450	0.1450	3.71738011e+08
0.1250	0.1250	0.1250	3.66876173e+08
0.1250	0.1250	0.1350	5.43050584e+08
0.1250	0.1250	0.1450	4.80280643e+08
0.1250	0.1350	0.1350	6.03478030e+08
0.1250	0.1350	0.1450	5.12671099e+08
0.1250	0.1450	0.1450	3.22711964e+08
0.1350	0.1350	0.1350	3.12802139e+08
0.1350	0.1350	0.1450	4.50500664e+08
0.1350	0.1450	0.1450	3.39326273e+08
0.1450	0.1450	0.1450	3.61171639e+08
