####### Bispectrum of patchy_s1_ Simulation 1287 #############
# Weights: FKP
# Fiducial Omega_m: 0.310
# Fiducial h: 0.676
# Boxsize: [1000.0, 1900.0, 1100.0]
# Grid: [95, 250, 140]
# k-binning: [0.000, 0.110, 0.010]
# l-max: 4
# Monte Carlo Simulations: 100
#
# Format: k1 | k2 | k3 | B(k1,k2,k3) | B2(k1,k2,k3) | B4(k1,k2,k3)
############################################
0.0150	0.0150	0.0150	-5.19347496e+09	-1.57542410e+10	-7.50130296e+10
0.0150	0.0150	0.0250	-1.08493789e+10	1.41760384e+11	1.81085681e+11
0.0150	0.0250	0.0250	3.12117893e+10	-4.32241223e+10	-7.83425210e+10
0.0150	0.0250	0.0350	-1.72481636e+09	-4.72212150e+10	2.71453994e+10
0.0150	0.0350	0.0350	1.33054001e+10	-2.16304537e+10	1.57569590e+10
0.0150	0.0350	0.0450	8.67353525e+09	-7.26980780e+09	-5.53808009e+09
0.0150	0.0450	0.0450	9.57014586e+09	4.13525309e+10	5.07115891e+09
0.0150	0.0450	0.0550	4.56790007e+09	1.06806607e+10	1.28492745e+10
0.0150	0.0550	0.0550	-1.73370412e+09	-2.40964610e+09	-6.33161963e+09
0.0150	0.0550	0.0650	4.84478159e+09	1.31037196e+10	1.07445197e+10
0.0150	0.0650	0.0650	7.24076286e+09	-7.60773157e+09	4.21025295e+09
0.0150	0.0650	0.0750	1.56928888e+09	1.00456350e+10	9.66325634e+09
0.0150	0.0750	0.0750	3.78309405e+09	-1.98423662e+09	-1.93457141e+10
0.0250	0.0250	0.0250	-3.39776361e+10	4.05032980e+09	-1.07958921e+10
0.0250	0.0250	0.0350	1.33714786e+10	-3.44656624e+10	2.34261285e+10
0.0250	0.0250	0.0450	9.14583049e+09	2.72806079e+10	3.40360943e+10
0.0250	0.0350	0.0350	1.46332058e+10	-1.33782535e+10	1.34017624e+10
0.0250	0.0350	0.0450	9.78865027e+09	9.52731027e+09	1.13657449e+10
0.0250	0.0350	0.0550	1.30646763e+09	1.50403390e+09	-1.56200227e+10
0.0250	0.0450	0.0450	-5.25511070e+09	-1.84395228e+10	-2.68863044e+09
0.0250	0.0450	0.0550	-8.07138946e+08	4.71910669e+09	-8.15571468e+09
0.0250	0.0450	0.0650	6.82735753e+09	-7.16870825e+08	-8.77652215e+09
0.0250	0.0550	0.0550	1.66789719e+10	8.62392282e+09	-5.63402674e+09
0.0250	0.0550	0.0650	6.44297320e+08	-1.07570070e+10	-8.70224745e+09
0.0250	0.0550	0.0750	6.63980079e+09	8.42059479e+09	-6.31896999e+08
0.0250	0.0650	0.0650	3.98849835e+09	1.71204867e+09	-6.06403083e+09
0.0250	0.0650	0.0750	3.63569306e+09	3.68374769e+09	1.43734909e+09
0.0250	0.0750	0.0750	1.50941350e+09	-7.01602437e+08	1.12931310e+09
0.0350	0.0350	0.0350	6.17856575e+09	-1.93632935e+10	-4.02420665e+09
0.0350	0.0350	0.0450	-1.58361033e+09	-1.90689352e+10	-1.33765997e+10
0.0350	0.0350	0.0550	4.06341982e+09	-5.92072633e+08	-1.72539716e+10
0.0350	0.0350	0.0650	5.39162243e+08	2.11881276e+10	-1.09671338e+10
0.0350	0.0450	0.0450	1.16151030e+10	3.42679961e+09	8.96250623e+08
0.0350	0.0450	0.0550	6.35909787e+09	6.39495904e+09	-2.69077146e+09
0.0350	0.0450	0.0650	6.08694218e+09	-3.95668962e+09	1.66336296e+09
0.0350	0.0450	0.0750	2.13827843e+09	-5.23519960e+09	2.14208270e+09
0.0350	0.0550	0.0550	7.58367623e+09	1.37233961e+10	1.07835986e+10
0.0350	0.0550	0.0650	1.13627331e+09	3.01293759e+09	-3.62623881e+09
0.0350	0.0550	0.0750	5.98634816e+09	2.31405266e+09	1.35102173e+09
0.0350	0.0650	0.0650	3.19618032e+09	3.01415424e+09	-4.28113456e+09
0.0350	0.0650	0.0750	2.61090053e+09	4.62308758e+09	-4.83104300e+09
0.0350	0.0750	0.0750	1.20324689e+09	1.22792502e+09	-1.46134785e+08
0.0450	0.0450	0.0450	3.21813055e+09	8.93344911e+09	-1.60890693e+09
0.0450	0.0450	0.0550	-2.46987724e+09	6.62443606e+09	9.35556966e+09
0.0450	0.0450	0.0650	4.91370121e+09	-5.76513441e+09	-3.27039612e+09
0.0450	0.0450	0.0750	3.48000275e+09	4.64341628e+09	-1.10864324e+10
0.0450	0.0550	0.0550	1.79090918e+09	-3.59999653e+09	-4.26721355e+09
0.0450	0.0550	0.0650	1.77307392e+09	6.75106499e+09	-6.51699542e+09
0.0450	0.0550	0.0750	2.36208277e+09	1.50000776e+09	-3.95176960e+09
0.0450	0.0650	0.0650	2.29627701e+09	7.80423609e+08	1.04735577e+09
0.0450	0.0650	0.0750	3.33851936e+09	-1.58582928e+09	3.96531168e+09
0.0450	0.0750	0.0750	1.12467644e+09	1.20635085e+09	-4.02199947e+08
0.0550	0.0550	0.0550	2.51355395e+09	-4.59625839e+08	8.59199796e+08
0.0550	0.0550	0.0650	3.66676117e+09	-2.93990945e+09	-3.87314417e+08
0.0550	0.0550	0.0750	2.80743819e+09	9.90329727e+08	-4.75895616e+09
0.0550	0.0650	0.0650	1.66758267e+09	-2.82733985e+09	-2.48659356e+09
0.0550	0.0650	0.0750	1.52888338e+09	1.74014594e+09	1.27303950e+09
0.0550	0.0750	0.0750	7.11806615e+08	-7.00301200e+08	-7.72379348e+08
0.0650	0.0650	0.0650	1.32830543e+09	5.38339022e+09	4.11813314e+09
0.0650	0.0650	0.0750	1.75885290e+09	3.91003518e+08	4.79563104e+09
0.0650	0.0750	0.0750	1.61308150e+09	-1.22251908e+09	2.50934788e+08
0.0750	0.0750	0.0750	2.08144434e+09	9.89137095e+08	-2.77083702e+08
