####### Bispectrum of patchy_n1_ Simulation 789 #############
# Weights: FKP
# Fiducial Omega_m: 0.310
# Fiducial h: 0.676
# Boxsize: [1350.0, 2450.0, 1400.0]
# Grid: [126, 230, 130]
# k-binning: [0.000, 0.110, 0.010]
# l-max: 4
# Monte Carlo Simulations: 100
#
# Format: k1 | k2 | k3 | B(k1,k2,k3) | B2(k1,k2,k3) | B4(k1,k2,k3)
############################################
0.0150	0.0150	0.0150	-4.40153666e+10	-4.86637004e+10	5.67893811e+10
0.0150	0.0150	0.0250	-6.08418133e+09	5.38789503e+10	7.86664432e+10
0.0150	0.0250	0.0250	2.51423725e+10	-1.62681937e+10	-3.44947858e+09
0.0150	0.0250	0.0350	9.10494271e+09	-3.25743034e+09	-1.01673238e+10
0.0150	0.0350	0.0350	1.41926188e+10	4.85760989e+09	-1.74967210e+10
0.0150	0.0350	0.0450	1.06634300e+10	8.71656560e+09	1.75909264e+10
0.0150	0.0450	0.0450	1.41010007e+10	1.38141736e+10	-1.16562331e+10
0.0150	0.0450	0.0550	5.55333884e+09	8.47367024e+09	-4.72762283e+09
0.0150	0.0550	0.0550	4.18038144e+09	1.31931969e+10	-8.65362066e+09
0.0150	0.0550	0.0650	9.42751201e+09	4.81494432e+09	-1.42077111e+09
0.0150	0.0650	0.0650	3.55367438e+09	-3.11255130e+08	5.40092565e+09
0.0150	0.0650	0.0750	5.97676790e+09	5.16968748e+09	2.32414696e+09
0.0150	0.0750	0.0750	3.72794123e+09	5.45039614e+09	8.32184663e+09
0.0250	0.0250	0.0250	1.22702758e+10	-8.34301070e+09	1.10339071e+10
0.0250	0.0250	0.0350	-6.61490788e+09	2.18856598e+10	5.71832883e+09
0.0250	0.0250	0.0450	7.54075844e+09	1.92990210e+09	-4.11275399e+09
0.0250	0.0350	0.0350	6.26790333e+09	5.47138508e+09	-4.15011579e+09
0.0250	0.0350	0.0450	4.97658703e+09	1.38170525e+10	1.11612833e+10
0.0250	0.0350	0.0550	9.45749258e+09	8.94475062e+09	-1.38391607e+10
0.0250	0.0450	0.0450	2.74658227e+09	-9.04724246e+09	-2.86593532e+09
0.0250	0.0450	0.0550	4.01127241e+09	2.66243287e+09	6.25476063e+09
0.0250	0.0450	0.0650	4.14905513e+09	-1.34608914e+09	-1.96133894e+09
0.0250	0.0550	0.0550	4.03203072e+09	-1.72126326e+09	2.24210016e+09
0.0250	0.0550	0.0650	2.24120715e+09	1.31825933e+09	8.28716852e+08
0.0250	0.0550	0.0750	5.33669412e+09	5.21056616e+09	1.22918441e+09
0.0250	0.0650	0.0650	3.73201918e+09	-1.19073115e+08	-5.87031421e+09
0.0250	0.0650	0.0750	2.16142338e+09	4.03967771e+09	-9.75136110e+08
0.0250	0.0750	0.0750	3.25974154e+09	2.73705751e+09	-9.58116152e+08
0.0350	0.0350	0.0350	3.35067780e+08	3.12777999e+09	-2.36874554e+09
0.0350	0.0350	0.0450	5.32556309e+09	-5.97580328e+09	-7.00536361e+09
0.0350	0.0350	0.0550	6.23183894e+09	-1.96353269e+09	1.42773217e+09
0.0350	0.0350	0.0650	3.48673879e+09	3.31885387e+09	5.26759869e+09
0.0350	0.0450	0.0450	2.20739366e+09	-1.29951148e+09	-3.35197534e+09
0.0350	0.0450	0.0550	5.60667374e+09	4.92637404e+09	-6.42868395e+08
0.0350	0.0450	0.0650	2.41198632e+09	5.88520852e+09	2.73765894e+09
0.0350	0.0450	0.0750	5.01757898e+09	2.43781711e+09	3.90848654e+09
0.0350	0.0550	0.0550	3.31629639e+09	1.59551346e+09	1.63225016e+08
0.0350	0.0550	0.0650	3.06007185e+09	-9.78877329e+08	-2.29476163e+09
0.0350	0.0550	0.0750	1.63599402e+09	4.56051967e+08	-7.64196709e+07
0.0350	0.0650	0.0650	3.52730731e+09	4.14960954e+09	1.97732580e+09
0.0350	0.0650	0.0750	2.99166460e+09	-1.59718128e+09	1.37825070e+09
0.0350	0.0750	0.0750	3.15079024e+09	2.56239661e+09	3.03493485e+09
0.0450	0.0450	0.0450	5.78153984e+09	4.67145190e+09	-3.33289263e+09
0.0450	0.0450	0.0550	5.63248717e+09	-5.88848461e+09	-2.46595949e+09
0.0450	0.0450	0.0650	2.17819218e+09	-1.95704432e+09	2.56801105e+08
0.0450	0.0450	0.0750	5.24716635e+09	2.99531113e+09	9.55451177e+08
0.0450	0.0550	0.0550	1.72664515e+09	1.51072193e+09	1.70312437e+08
0.0450	0.0550	0.0650	2.83745028e+09	4.10694266e+09	4.02713749e+09
0.0450	0.0550	0.0750	2.80272234e+09	2.63149313e+09	-1.50819419e+09
0.0450	0.0650	0.0650	1.97839532e+09	3.74472428e+09	1.68410136e+09
0.0450	0.0650	0.0750	2.39498276e+09	3.46780611e+08	-5.46226084e+08
0.0450	0.0750	0.0750	1.82364951e+09	-1.39075157e+09	6.75882015e+08
0.0550	0.0550	0.0550	1.97706525e+09	2.82467791e+09	1.73925544e+09
0.0550	0.0550	0.0650	7.88767325e+08	-2.44794374e+09	-2.62748381e+09
0.0550	0.0550	0.0750	1.35195727e+09	6.63918262e+08	5.80617551e+08
0.0550	0.0650	0.0650	2.04796301e+09	1.68981683e+09	-6.87818466e+08
0.0550	0.0650	0.0750	1.45507790e+09	-5.02571003e+08	-1.69516439e+09
0.0550	0.0750	0.0750	1.56469307e+09	7.06907737e+08	-8.92852081e+08
0.0650	0.0650	0.0650	2.35890168e+09	1.24212656e+09	1.34930618e+08
0.0650	0.0650	0.0750	1.14683625e+09	-5.24768097e+08	1.55021703e+09
0.0650	0.0750	0.0750	2.04263596e+09	8.91423391e+08	1.31193210e+09
0.0750	0.0750	0.0750	-4.84921925e+07	3.23186039e+08	3.92726741e+08
