####### Bispectrum of patchy_n3_ Simulation 961 #############
# Weights: FKP
# Fiducial Omega_m: 0.310
# Fiducial h: 0.676
# Boxsize: [1800.0, 3400.0, 1900.0]
# Grid: [170, 325, 180]
# k-binning: [0.000, 0.110, 0.010]
# l-max: 4
# Monte Carlo Simulations: 100
#
# Format: k1 | k2 | k3 | B(k1,k2,k3) | B2(k1,k2,k3) | B4(k1,k2,k3)
############################################
0.0150	0.0150	0.0150	1.68344718e+10	-2.80606234e+10	-3.91413133e+10
0.0150	0.0150	0.0250	1.15569836e+09	-3.95978743e+10	-1.82788658e+10
0.0150	0.0250	0.0250	2.31685636e+10	1.76685444e+10	-2.01879156e+10
0.0150	0.0250	0.0350	-2.83312270e+09	-1.12178764e+10	7.51724344e+09
0.0150	0.0350	0.0350	6.16848975e+09	1.23512408e+10	1.92192754e+10
0.0150	0.0350	0.0450	6.59786391e+09	-4.11691311e+09	1.54699224e+09
0.0150	0.0450	0.0450	2.16465834e+09	9.06656596e+09	4.98127301e+09
0.0150	0.0450	0.0550	5.12493033e+09	6.43471153e+09	-4.32456751e+09
0.0150	0.0550	0.0550	1.19806974e+09	-2.71915040e+09	3.13880615e+09
0.0150	0.0550	0.0650	3.49285304e+09	2.72039637e+09	-1.18653182e+10
0.0150	0.0650	0.0650	3.16943756e+09	-3.21476326e+09	2.98887681e+09
0.0150	0.0650	0.0750	2.69476692e+09	1.02356327e+08	-2.29623654e+09
0.0150	0.0750	0.0750	1.43696982e+09	1.51814656e+09	1.04041899e+06
0.0250	0.0250	0.0250	-1.84167659e+09	-8.09487443e+09	-7.85448158e+09
0.0250	0.0250	0.0350	1.29435193e+10	2.71824502e+10	-3.95187454e+08
0.0250	0.0250	0.0450	1.31168820e+10	7.93756326e+09	1.52170982e+10
0.0250	0.0350	0.0350	1.12243503e+09	-3.02657045e+09	-7.94301702e+09
0.0250	0.0350	0.0450	2.75517532e+09	4.24845210e+09	8.10429649e+09
0.0250	0.0350	0.0550	4.99385823e+09	3.35760049e+09	-2.20513161e+09
0.0250	0.0450	0.0450	7.60461895e+09	7.23257253e+09	5.28987790e+09
0.0250	0.0450	0.0550	1.43860581e+09	-2.93681172e+09	3.17390238e+09
0.0250	0.0450	0.0650	3.68221129e+09	3.68781206e+09	1.17411727e+09
0.0250	0.0550	0.0550	6.10797335e+09	4.88124806e+09	-1.96087909e+09
0.0250	0.0550	0.0650	4.97275528e+09	1.72923141e+09	4.03429872e+09
0.0250	0.0550	0.0750	2.89124191e+09	5.01865823e+09	6.96673694e+09
0.0250	0.0650	0.0650	2.84461955e+09	1.79954478e+07	2.41028602e+08
0.0250	0.0650	0.0750	4.10923369e+09	2.82826328e+09	-4.60524789e+08
0.0250	0.0750	0.0750	4.07744985e+09	-7.18835312e+08	1.28557741e+09
0.0350	0.0350	0.0350	6.50820965e+09	5.06804470e+09	2.28970964e+09
0.0350	0.0350	0.0450	4.62168222e+09	1.66394946e+09	-7.57708767e+08
0.0350	0.0350	0.0550	4.44252197e+09	-1.30863052e+09	2.40728322e+09
0.0350	0.0350	0.0650	2.92810678e+09	4.85539396e+09	5.98835370e+09
0.0350	0.0450	0.0450	4.23701671e+09	3.88040849e+09	6.53109896e+08
0.0350	0.0450	0.0550	8.03738078e+08	-2.11542249e+09	1.44062529e+09
0.0350	0.0450	0.0650	4.19146440e+09	1.64806766e+09	1.05471034e+09
0.0350	0.0450	0.0750	5.52835922e+09	6.32047842e+09	-3.32300319e+09
0.0350	0.0550	0.0550	2.51861357e+09	-2.96847013e+09	-6.35745278e+08
0.0350	0.0550	0.0650	3.36927943e+09	-5.41363307e+07	-3.66851943e+08
0.0350	0.0550	0.0750	2.60502660e+09	2.52639242e+09	1.83909433e+09
0.0350	0.0650	0.0650	6.08465873e+08	2.86037672e+08	-7.76703051e+08
0.0350	0.0650	0.0750	3.30923619e+09	5.36571428e+09	1.56511460e+09
0.0350	0.0750	0.0750	1.05600523e+09	-1.13341730e+09	3.85361278e+08
0.0450	0.0450	0.0450	-3.44854009e+09	-5.18620074e+09	-4.66744367e+09
0.0450	0.0450	0.0550	3.93341063e+09	6.18155392e+09	-2.35243998e+09
0.0450	0.0450	0.0650	1.30053784e+09	-1.88723286e+09	8.81000739e+08
0.0450	0.0450	0.0750	2.85463932e+09	2.51446535e+09	1.89040105e+09
0.0450	0.0550	0.0550	9.88917787e+08	-2.79835346e+09	-4.65634605e+08
0.0450	0.0550	0.0650	2.15417623e+09	7.40141996e+08	1.48424159e+08
0.0450	0.0550	0.0750	2.78416254e+09	5.12997628e+08	-1.86527755e+09
0.0450	0.0650	0.0650	3.52885095e+09	4.68757661e+07	-5.87430730e+08
0.0450	0.0650	0.0750	1.50970391e+09	1.16767692e+09	2.13686701e+09
0.0450	0.0750	0.0750	1.91071595e+09	1.99522040e+08	1.12246937e+09
0.0550	0.0550	0.0550	-1.57762944e+08	-5.76588556e+08	1.52709228e+08
0.0550	0.0550	0.0650	9.31171766e+08	-1.71498070e+09	-3.11983258e+08
0.0550	0.0550	0.0750	1.85872558e+09	-5.75145515e+08	-4.83484302e+08
0.0550	0.0650	0.0650	2.12360888e+09	9.88747690e+08	4.40713964e+08
0.0550	0.0650	0.0750	1.39758896e+09	3.49346317e+08	1.49617684e+09
0.0550	0.0750	0.0750	1.84939974e+09	2.62914939e+08	-6.55773915e+08
0.0650	0.0650	0.0650	1.51842825e+09	-6.45609279e+08	5.51078941e+08
0.0650	0.0650	0.0750	2.58572851e+09	1.06879740e+09	1.61070473e+09
0.0650	0.0750	0.0750	2.11456462e+09	4.03794969e+08	-4.75191486e+08
0.0750	0.0750	0.0750	1.71159945e+09	5.34189202e+08	1.94162894e+08
