####### Bispectrum of Patchy Simulation 1590 #############
# Patch: ngc
# z-type: z3
# Weights: fkp
# Fiducial Omega_m: 0.310
# Fiducial h: 0.676
# Boxsize: [1800.0, 3400.0, 1900.0]
# Grid: [170, 325, 180]
# k-binning: [0.000, 0.160, 0.010]
# Monte Carlo Simulations: 100
#
# Format: k1 | k2 | k3 | B(k1,k2,k3)
############################################
0.0150	0.0150	0.0150	-7.84153314e+09
0.0150	0.0150	0.0250	2.82071939e+09
0.0150	0.0150	0.0350	4.66767987e+10
0.0150	0.0250	0.0250	1.58282149e+09
0.0150	0.0250	0.0350	4.21523960e+09
0.0150	0.0250	0.0450	2.07609411e+10
0.0150	0.0350	0.0350	1.17001339e+10
0.0150	0.0350	0.0450	6.31690738e+09
0.0150	0.0350	0.0550	1.90731132e+10
0.0150	0.0450	0.0450	3.99032833e+09
0.0150	0.0450	0.0550	5.82201740e+09
0.0150	0.0450	0.0650	9.19133525e+09
0.0150	0.0550	0.0550	4.35429392e+09
0.0150	0.0550	0.0650	3.58069575e+09
0.0150	0.0550	0.0750	5.53030389e+09
0.0150	0.0650	0.0650	9.13821710e+08
0.0150	0.0650	0.0750	5.11539356e+09
0.0150	0.0650	0.0850	8.62031874e+09
0.0150	0.0750	0.0750	1.28823331e+09
0.0150	0.0750	0.0850	3.16225772e+09
0.0150	0.0750	0.0950	5.15560767e+09
0.0150	0.0850	0.0850	3.91095650e+09
0.0150	0.0850	0.0950	3.15789044e+09
0.0150	0.0850	0.1050	5.02477608e+09
0.0150	0.0950	0.0950	2.55514694e+09
0.0150	0.0950	0.1050	1.54159819e+09
0.0150	0.0950	0.1150	3.99055218e+09
0.0150	0.1050	0.1050	2.55570293e+09
0.0150	0.1050	0.1150	2.50849243e+09
0.0150	0.1050	0.1250	2.66319517e+09
0.0150	0.1150	0.1150	2.41648152e+09
0.0150	0.1150	0.1250	1.61933328e+09
0.0150	0.1150	0.1350	2.23539579e+09
0.0150	0.1250	0.1250	1.88132673e+09
0.0150	0.1250	0.1350	1.58267582e+09
0.0150	0.1250	0.1450	4.09824892e+09
0.0150	0.1350	0.1350	1.68754633e+09
0.0150	0.1350	0.1450	1.75730846e+09
0.0150	0.1450	0.1450	1.01283795e+09
0.0250	0.0250	0.0250	5.69540932e+09
0.0250	0.0250	0.0350	7.68519869e+09
0.0250	0.0250	0.0450	8.87949314e+09
0.0250	0.0250	0.0550	1.22431097e+10
0.0250	0.0350	0.0350	3.46999018e+09
0.0250	0.0350	0.0450	2.74922702e+09
0.0250	0.0350	0.0550	7.03394802e+09
0.0250	0.0350	0.0650	6.02374759e+09
0.0250	0.0450	0.0450	6.38500533e+09
0.0250	0.0450	0.0550	4.25545374e+09
0.0250	0.0450	0.0650	6.78800445e+09
0.0250	0.0450	0.0750	2.81959677e+09
0.0250	0.0550	0.0550	3.35317840e+09
0.0250	0.0550	0.0650	4.08231028e+09
0.0250	0.0550	0.0750	3.52848613e+09
0.0250	0.0550	0.0850	3.36741184e+09
0.0250	0.0650	0.0650	2.27250147e+09
0.0250	0.0650	0.0750	2.85999602e+09
0.0250	0.0650	0.0850	3.36783151e+09
0.0250	0.0650	0.0950	5.59347961e+09
0.0250	0.0750	0.0750	3.65089822e+09
0.0250	0.0750	0.0850	2.03074641e+09
0.0250	0.0750	0.0950	3.04359574e+09
0.0250	0.0750	0.1050	3.24751337e+09
0.0250	0.0850	0.0850	2.07081594e+09
0.0250	0.0850	0.0950	2.81967081e+09
0.0250	0.0850	0.1050	2.97595027e+09
0.0250	0.0850	0.1150	4.47592914e+09
0.0250	0.0950	0.0950	1.27213714e+09
0.0250	0.0950	0.1050	2.57886148e+09
0.0250	0.0950	0.1150	2.62286436e+09
0.0250	0.0950	0.1250	3.30436348e+09
0.0250	0.1050	0.1050	8.63062317e+08
0.0250	0.1050	0.1150	2.38553743e+09
0.0250	0.1050	0.1250	2.30796978e+09
0.0250	0.1050	0.1350	5.64199087e+08
0.0250	0.1150	0.1150	1.19333842e+09
0.0250	0.1150	0.1250	1.49852878e+09
0.0250	0.1150	0.1350	2.12405274e+09
0.0250	0.1150	0.1450	3.09278876e+09
0.0250	0.1250	0.1250	1.79675376e+09
0.0250	0.1250	0.1350	2.00561196e+09
0.0250	0.1250	0.1450	1.47229114e+09
0.0250	0.1350	0.1350	1.47953421e+09
0.0250	0.1350	0.1450	1.31082028e+09
0.0250	0.1450	0.1450	1.52363651e+09
0.0350	0.0350	0.0350	6.90345957e+09
0.0350	0.0350	0.0450	5.89163563e+09
0.0350	0.0350	0.0550	4.00682630e+09
0.0350	0.0350	0.0650	9.42041282e+09
0.0350	0.0350	0.0750	9.11997823e+09
0.0350	0.0450	0.0450	8.20897571e+08
0.0350	0.0450	0.0550	4.02337623e+09
0.0350	0.0450	0.0650	4.41444477e+09
0.0350	0.0450	0.0750	4.97366002e+09
0.0350	0.0450	0.0850	4.04640310e+09
0.0350	0.0550	0.0550	3.97265914e+09
0.0350	0.0550	0.0650	1.62151614e+09
0.0350	0.0550	0.0750	3.40404843e+09
0.0350	0.0550	0.0850	3.39423521e+09
0.0350	0.0550	0.0950	6.16012198e+09
0.0350	0.0650	0.0650	3.65170115e+09
0.0350	0.0650	0.0750	1.63065600e+09
0.0350	0.0650	0.0850	2.14282454e+09
0.0350	0.0650	0.0950	3.47760347e+09
0.0350	0.0650	0.1050	4.37361684e+09
0.0350	0.0750	0.0750	1.17663362e+09
0.0350	0.0750	0.0850	2.65869884e+09
0.0350	0.0750	0.0950	2.55155312e+09
0.0350	0.0750	0.1050	2.99373751e+09
0.0350	0.0750	0.1150	3.15450566e+09
0.0350	0.0850	0.0850	2.12739997e+09
0.0350	0.0850	0.0950	2.09539600e+09
0.0350	0.0850	0.1050	2.49154462e+09
0.0350	0.0850	0.1150	2.84522290e+09
0.0350	0.0850	0.1250	3.50155786e+09
0.0350	0.0950	0.0950	1.54762909e+09
0.0350	0.0950	0.1050	1.45624850e+09
0.0350	0.0950	0.1150	1.70059318e+09
0.0350	0.0950	0.1250	2.01795679e+09
0.0350	0.0950	0.1350	2.40628643e+09
0.0350	0.1050	0.1050	1.40874699e+09
0.0350	0.1050	0.1150	1.31878651e+09
0.0350	0.1050	0.1250	1.91622464e+09
0.0350	0.1050	0.1350	2.17669553e+09
0.0350	0.1050	0.1450	2.32366350e+09
0.0350	0.1150	0.1150	1.18597696e+09
0.0350	0.1150	0.1250	1.68769600e+09
0.0350	0.1150	0.1350	1.54576821e+09
0.0350	0.1150	0.1450	1.74179111e+09
0.0350	0.1250	0.1250	1.07038260e+09
0.0350	0.1250	0.1350	9.99035015e+08
0.0350	0.1250	0.1450	1.51442968e+09
0.0350	0.1350	0.1350	1.23763000e+09
0.0350	0.1350	0.1450	1.16677956e+09
0.0350	0.1450	0.1450	9.75898580e+08
0.0450	0.0450	0.0450	3.47292768e+09
0.0450	0.0450	0.0550	4.03893738e+09
0.0450	0.0450	0.0650	3.73831708e+09
0.0450	0.0450	0.0750	2.54563038e+09
0.0450	0.0450	0.0850	3.00904371e+09
0.0450	0.0450	0.0950	1.62780268e+09
0.0450	0.0550	0.0550	2.75891031e+09
0.0450	0.0550	0.0650	1.12171901e+09
0.0450	0.0550	0.0750	1.92766318e+09
0.0450	0.0550	0.0850	2.32695308e+09
0.0450	0.0550	0.0950	3.59395321e+09
0.0450	0.0550	0.1050	2.59214106e+09
0.0450	0.0650	0.0650	1.36116978e+09
0.0450	0.0650	0.0750	8.40298429e+08
0.0450	0.0650	0.0850	1.91230896e+09
0.0450	0.0650	0.0950	1.92706875e+09
0.0450	0.0650	0.1050	2.47606800e+09
0.0450	0.0650	0.1150	2.82645539e+09
0.0450	0.0750	0.0750	1.44211185e+09
0.0450	0.0750	0.0850	1.86351400e+09
0.0450	0.0750	0.0950	1.88920577e+09
0.0450	0.0750	0.1050	2.38821823e+09
0.0450	0.0750	0.1150	2.50537658e+09
0.0450	0.0750	0.1250	2.59223042e+09
0.0450	0.0850	0.0850	9.87814808e+08
0.0450	0.0850	0.0950	1.23405302e+09
0.0450	0.0850	0.1050	1.28306970e+09
0.0450	0.0850	0.1150	1.98231346e+09
0.0450	0.0850	0.1250	2.43917733e+09
0.0450	0.0850	0.1350	1.89361430e+09
0.0450	0.0950	0.0950	1.24256765e+09
0.0450	0.0950	0.1050	1.45008323e+09
0.0450	0.0950	0.1150	1.36290456e+09
0.0450	0.0950	0.1250	1.53049510e+09
0.0450	0.0950	0.1350	1.82203558e+09
0.0450	0.0950	0.1450	1.75599306e+09
0.0450	0.1050	0.1050	8.96055031e+08
0.0450	0.1050	0.1150	1.19232217e+09
0.0450	0.1050	0.1250	1.54636693e+09
0.0450	0.1050	0.1350	1.42437701e+09
0.0450	0.1050	0.1450	1.42556133e+09
0.0450	0.1150	0.1150	9.31083571e+08
0.0450	0.1150	0.1250	8.89384481e+08
0.0450	0.1150	0.1350	1.19160667e+09
0.0450	0.1150	0.1450	1.17839571e+09
0.0450	0.1250	0.1250	1.15915441e+09
0.0450	0.1250	0.1350	1.11370294e+09
0.0450	0.1250	0.1450	1.07306284e+09
0.0450	0.1350	0.1350	6.93915920e+08
0.0450	0.1350	0.1450	9.14765478e+08
0.0450	0.1450	0.1450	9.16700861e+08
0.0550	0.0550	0.0550	1.39975414e+09
0.0550	0.0550	0.0650	2.02952541e+09
0.0550	0.0550	0.0750	1.88121795e+09
0.0550	0.0550	0.0850	1.52471638e+09
0.0550	0.0550	0.0950	2.30822146e+09
0.0550	0.0550	0.1050	2.48491991e+09
0.0550	0.0550	0.1150	4.38971735e+09
0.0550	0.0650	0.0650	2.07220793e+09
0.0550	0.0650	0.0750	2.14930445e+09
0.0550	0.0650	0.0850	1.30829155e+09
0.0550	0.0650	0.0950	1.16364787e+09
0.0550	0.0650	0.1050	2.12453293e+09
0.0550	0.0650	0.1150	2.33734838e+09
0.0550	0.0650	0.1250	1.60624721e+09
0.0550	0.0750	0.0750	1.03604645e+09
0.0550	0.0750	0.0850	1.44707979e+09
0.0550	0.0750	0.0950	1.62199145e+09
0.0550	0.0750	0.1050	1.27889127e+09
0.0550	0.0750	0.1150	1.54970524e+09
0.0550	0.0750	0.1250	2.26871286e+09
0.0550	0.0750	0.1350	2.37666338e+09
0.0550	0.0850	0.0850	1.24384741e+09
0.0550	0.0850	0.0950	1.06885556e+09
0.0550	0.0850	0.1050	1.35540928e+09
0.0550	0.0850	0.1150	1.77674940e+09
0.0550	0.0850	0.1250	1.30506680e+09
0.0550	0.0850	0.1350	1.66943437e+09
0.0550	0.0850	0.1450	2.10199052e+09
0.0550	0.0950	0.0950	8.70796305e+08
0.0550	0.0950	0.1050	1.02632923e+09
0.0550	0.0950	0.1150	1.04126616e+09
0.0550	0.0950	0.1250	9.27162876e+08
0.0550	0.0950	0.1350	1.24140321e+09
0.0550	0.0950	0.1450	1.47973728e+09
0.0550	0.1050	0.1050	5.44620315e+08
0.0550	0.1050	0.1150	1.28979160e+09
0.0550	0.1050	0.1250	1.17736486e+09
0.0550	0.1050	0.1350	1.06622001e+09
0.0550	0.1050	0.1450	9.04715816e+08
0.0550	0.1150	0.1150	1.02778383e+09
0.0550	0.1150	0.1250	4.42029247e+08
0.0550	0.1150	0.1350	1.05444518e+09
0.0550	0.1150	0.1450	8.29510384e+08
0.0550	0.1250	0.1250	8.45147125e+08
0.0550	0.1250	0.1350	8.86301124e+08
0.0550	0.1250	0.1450	9.19780108e+08
0.0550	0.1350	0.1350	8.16058087e+08
0.0550	0.1350	0.1450	8.36591369e+08
0.0550	0.1450	0.1450	5.84847873e+08
0.0650	0.0650	0.0650	1.01825079e+09
0.0650	0.0650	0.0750	1.27352928e+09
0.0650	0.0650	0.0850	1.20577814e+09
0.0650	0.0650	0.0950	1.92458071e+09
0.0650	0.0650	0.1050	1.47994230e+09
0.0650	0.0650	0.1150	1.21166751e+09
0.0650	0.0650	0.1250	1.76256240e+09
0.0650	0.0650	0.1350	7.05402377e+08
0.0650	0.0750	0.0750	1.10089590e+09
0.0650	0.0750	0.0850	1.49270950e+09
0.0650	0.0750	0.0950	1.20964588e+09
0.0650	0.0750	0.1050	1.12430428e+09
0.0650	0.0750	0.1150	1.33150404e+09
0.0650	0.0750	0.1250	1.31965512e+09
0.0650	0.0750	0.1350	1.85592055e+09
0.0650	0.0750	0.1450	2.46860297e+09
0.0650	0.0850	0.0850	2.00322418e+09
0.0650	0.0850	0.0950	1.14135280e+09
0.0650	0.0850	0.1050	1.18985938e+09
0.0650	0.0850	0.1150	1.01905873e+09
0.0650	0.0850	0.1250	1.07742854e+09
0.0650	0.0850	0.1350	1.37165912e+09
0.0650	0.0850	0.1450	1.45649627e+09
0.0650	0.0950	0.0950	9.76767023e+08
0.0650	0.0950	0.1050	9.50116666e+08
0.0650	0.0950	0.1150	9.62347106e+08
0.0650	0.0950	0.1250	1.09392228e+09
0.0650	0.0950	0.1350	1.26661256e+09
0.0650	0.0950	0.1450	8.80902289e+08
0.0650	0.1050	0.1050	1.31207776e+09
0.0650	0.1050	0.1150	9.10932839e+08
0.0650	0.1050	0.1250	8.29501838e+08
0.0650	0.1050	0.1350	9.29757002e+08
0.0650	0.1050	0.1450	1.06070465e+09
0.0650	0.1150	0.1150	6.40129429e+08
0.0650	0.1150	0.1250	7.78715342e+08
0.0650	0.1150	0.1350	1.00351982e+09
0.0650	0.1150	0.1450	1.02658913e+09
0.0650	0.1250	0.1250	7.73144655e+08
0.0650	0.1250	0.1350	7.50882906e+08
0.0650	0.1250	0.1450	5.86527810e+08
0.0650	0.1350	0.1350	9.45644700e+08
0.0650	0.1350	0.1450	6.95289565e+08
0.0650	0.1450	0.1450	7.22034725e+08
0.0750	0.0750	0.0750	1.29239818e+09
0.0750	0.0750	0.0850	1.21269541e+09
0.0750	0.0750	0.0950	1.22108042e+09
0.0750	0.0750	0.1050	9.72390579e+08
0.0750	0.0750	0.1150	1.04130750e+09
0.0750	0.0750	0.1250	8.70647134e+08
0.0750	0.0750	0.1350	1.28281345e+09
0.0750	0.0750	0.1450	1.58400414e+09
0.0750	0.0850	0.0850	1.00122137e+09
0.0750	0.0850	0.0950	8.48031397e+08
0.0750	0.0850	0.1050	8.43855767e+08
0.0750	0.0850	0.1150	1.13166240e+09
0.0750	0.0850	0.1250	1.04954841e+09
0.0750	0.0850	0.1350	1.15753105e+09
0.0750	0.0850	0.1450	1.19954270e+09
0.0750	0.0950	0.0950	5.46905817e+08
0.0750	0.0950	0.1050	8.99210257e+08
0.0750	0.0950	0.1150	9.39746793e+08
0.0750	0.0950	0.1250	9.93834603e+08
0.0750	0.0950	0.1350	9.28736884e+08
0.0750	0.0950	0.1450	9.44021342e+08
0.0750	0.1050	0.1050	6.19250349e+08
0.0750	0.1050	0.1150	7.06406702e+08
0.0750	0.1050	0.1250	7.85217025e+08
0.0750	0.1050	0.1350	9.27419870e+08
0.0750	0.1050	0.1450	6.91857890e+08
0.0750	0.1150	0.1150	5.39846576e+08
0.0750	0.1150	0.1250	7.54436737e+08
0.0750	0.1150	0.1350	7.30250789e+08
0.0750	0.1150	0.1450	6.11750422e+08
0.0750	0.1250	0.1250	5.40408207e+08
0.0750	0.1250	0.1350	7.34535630e+08
0.0750	0.1250	0.1450	6.54804457e+08
0.0750	0.1350	0.1350	6.58633721e+08
0.0750	0.1350	0.1450	6.19049438e+08
0.0750	0.1450	0.1450	4.66232867e+08
0.0850	0.0850	0.0850	1.18095641e+09
0.0850	0.0850	0.0950	8.77161882e+08
0.0850	0.0850	0.1050	9.12610280e+08
0.0850	0.0850	0.1150	9.77529734e+08
0.0850	0.0850	0.1250	7.33251271e+08
0.0850	0.0850	0.1350	8.38008694e+08
0.0850	0.0850	0.1450	6.91954489e+08
0.0850	0.0950	0.0950	7.46483441e+08
0.0850	0.0950	0.1050	8.96583095e+08
0.0850	0.0950	0.1150	6.17246889e+08
0.0850	0.0950	0.1250	7.83202016e+08
0.0850	0.0950	0.1350	7.41985390e+08
0.0850	0.0950	0.1450	9.71890686e+08
0.0850	0.1050	0.1050	7.68592579e+08
0.0850	0.1050	0.1150	7.49136801e+08
0.0850	0.1050	0.1250	6.19205541e+08
0.0850	0.1050	0.1350	5.98235014e+08
0.0850	0.1050	0.1450	4.98575428e+08
0.0850	0.1150	0.1150	7.41929021e+08
0.0850	0.1150	0.1250	8.15862621e+08
0.0850	0.1150	0.1350	6.83083034e+08
0.0850	0.1150	0.1450	6.10796312e+08
0.0850	0.1250	0.1250	5.98013048e+08
0.0850	0.1250	0.1350	5.64344577e+08
0.0850	0.1250	0.1450	5.75247510e+08
0.0850	0.1350	0.1350	6.24176259e+08
0.0850	0.1350	0.1450	6.31315320e+08
0.0850	0.1450	0.1450	6.08484082e+08
0.0950	0.0950	0.0950	5.35388284e+08
0.0950	0.0950	0.1050	6.16505607e+08
0.0950	0.0950	0.1150	7.09886619e+08
0.0950	0.0950	0.1250	5.41558712e+08
0.0950	0.0950	0.1350	6.03597178e+08
0.0950	0.0950	0.1450	4.21014885e+08
0.0950	0.1050	0.1050	8.54418923e+08
0.0950	0.1050	0.1150	5.04020168e+08
0.0950	0.1050	0.1250	7.43442853e+08
0.0950	0.1050	0.1350	6.37247534e+08
0.0950	0.1050	0.1450	6.51704373e+08
0.0950	0.1150	0.1150	7.09651951e+08
0.0950	0.1150	0.1250	5.11166373e+08
0.0950	0.1150	0.1350	6.51488281e+08
0.0950	0.1150	0.1450	5.00716832e+08
0.0950	0.1250	0.1250	5.79325892e+08
0.0950	0.1250	0.1350	5.35695596e+08
0.0950	0.1250	0.1450	5.01406841e+08
0.0950	0.1350	0.1350	7.26422197e+08
0.0950	0.1350	0.1450	4.57679672e+08
0.0950	0.1450	0.1450	4.38074608e+08
0.1050	0.1050	0.1050	7.67584389e+08
0.1050	0.1050	0.1150	6.93128202e+08
0.1050	0.1050	0.1250	5.61599604e+08
0.1050	0.1050	0.1350	5.57393918e+08
0.1050	0.1050	0.1450	5.82633953e+08
0.1050	0.1150	0.1150	4.66992518e+08
0.1050	0.1150	0.1250	5.32602679e+08
0.1050	0.1150	0.1350	5.75817269e+08
0.1050	0.1150	0.1450	5.60990312e+08
0.1050	0.1250	0.1250	6.52613197e+08
0.1050	0.1250	0.1350	4.99090802e+08
0.1050	0.1250	0.1450	5.17913358e+08
0.1050	0.1350	0.1350	4.87724201e+08
0.1050	0.1350	0.1450	4.61547339e+08
0.1050	0.1450	0.1450	5.56286768e+08
0.1150	0.1150	0.1150	2.81878488e+08
0.1150	0.1150	0.1250	6.12023252e+08
0.1150	0.1150	0.1350	4.93430635e+08
0.1150	0.1150	0.1450	5.08768799e+08
0.1150	0.1250	0.1250	2.88453906e+08
0.1150	0.1250	0.1350	4.75691334e+08
0.1150	0.1250	0.1450	4.57838551e+08
0.1150	0.1350	0.1350	4.59957481e+08
0.1150	0.1350	0.1450	4.59631118e+08
0.1150	0.1450	0.1450	3.88040517e+08
0.1250	0.1250	0.1250	4.06682027e+08
0.1250	0.1250	0.1350	5.72237287e+08
0.1250	0.1250	0.1450	4.73431923e+08
0.1250	0.1350	0.1350	5.26876904e+08
0.1250	0.1350	0.1450	3.88905957e+08
0.1250	0.1450	0.1450	3.99606492e+08
0.1350	0.1350	0.1350	6.12597796e+07
0.1350	0.1350	0.1450	4.71737737e+08
0.1350	0.1450	0.1450	2.88218356e+08
0.1450	0.1450	0.1450	2.06792874e+08
