####### Bispectrum of Patchy Simulation 974 #############
# Patch: sgc
# z-type: z1
# Weights: fkp
# Fiducial Omega_m: 0.310
# Fiducial h: 0.676
# Boxsize: [1000.0, 1900.0, 1100.0]
# Grid: [95, 180, 105]
# k-binning: [0.000, 0.160, 0.010]
# Monte Carlo Simulations: 100
#
# Format: k1 | k2 | k3 | B(k1,k2,k3)
############################################
0.0150	0.0150	0.0150	2.35379687e+09
0.0150	0.0150	0.0250	1.67882779e+10
0.0150	0.0150	0.0350	2.86285984e+09
0.0150	0.0250	0.0250	8.76764741e+09
0.0150	0.0250	0.0350	5.97562020e+09
0.0150	0.0250	0.0450	1.54812916e+10
0.0150	0.0350	0.0350	-2.31230433e+09
0.0150	0.0350	0.0450	4.49541944e+09
0.0150	0.0350	0.0550	5.73028101e+09
0.0150	0.0450	0.0450	-5.09734390e+09
0.0150	0.0450	0.0550	6.87318531e+09
0.0150	0.0450	0.0650	-4.55632025e+09
0.0150	0.0550	0.0550	1.82577278e+09
0.0150	0.0550	0.0650	-1.75369369e+09
0.0150	0.0550	0.0750	9.91353770e+09
0.0150	0.0650	0.0650	5.19955987e+09
0.0150	0.0650	0.0750	2.81476029e+08
0.0150	0.0650	0.0850	-3.72437335e+09
0.0150	0.0750	0.0750	-4.55280325e+09
0.0150	0.0750	0.0850	5.04368761e+09
0.0150	0.0750	0.0950	-2.35406631e+09
0.0150	0.0850	0.0850	3.88040474e+08
0.0150	0.0850	0.0950	1.79171374e+09
0.0150	0.0850	0.1050	-1.76390420e+08
0.0150	0.0950	0.0950	9.85717437e+08
0.0150	0.0950	0.1050	2.15684232e+09
0.0150	0.0950	0.1150	3.20729299e+09
0.0150	0.1050	0.1050	3.06425934e+07
0.0150	0.1050	0.1150	2.56720739e+09
0.0150	0.1050	0.1250	3.57387308e+08
0.0150	0.1150	0.1150	1.62975773e+09
0.0150	0.1150	0.1250	1.56570897e+09
0.0150	0.1150	0.1350	2.16914183e+09
0.0150	0.1250	0.1250	1.14553007e+09
0.0150	0.1250	0.1350	1.12947042e+09
0.0150	0.1250	0.1450	1.05230056e+09
0.0150	0.1350	0.1350	1.02480254e+09
0.0150	0.1350	0.1450	1.29246782e+09
0.0150	0.1450	0.1450	6.78836942e+08
0.0250	0.0250	0.0250	-1.65386379e+10
0.0250	0.0250	0.0350	2.40721974e+10
0.0250	0.0250	0.0450	1.47733353e+10
0.0250	0.0250	0.0550	2.49875455e+10
0.0250	0.0350	0.0350	1.29609954e+10
0.0250	0.0350	0.0450	-1.97435643e+09
0.0250	0.0350	0.0550	1.22613278e+10
0.0250	0.0350	0.0650	4.64028271e+09
0.0250	0.0450	0.0450	1.64953556e+10
0.0250	0.0450	0.0550	8.76753467e+09
0.0250	0.0450	0.0650	1.00081439e+10
0.0250	0.0450	0.0750	8.05769725e+09
0.0250	0.0550	0.0550	1.06636996e+10
0.0250	0.0550	0.0650	6.46204226e+09
0.0250	0.0550	0.0750	6.48890374e+09
0.0250	0.0550	0.0850	8.27986932e+09
0.0250	0.0650	0.0650	2.94944213e+09
0.0250	0.0650	0.0750	6.80526264e+09
0.0250	0.0650	0.0850	7.00849844e+09
0.0250	0.0650	0.0950	7.38129791e+08
0.0250	0.0750	0.0750	5.34782092e+09
0.0250	0.0750	0.0850	2.75017416e+09
0.0250	0.0750	0.0950	8.19268014e+09
0.0250	0.0750	0.1050	5.51069122e+08
0.0250	0.0850	0.0850	1.64958802e+09
0.0250	0.0850	0.0950	2.55474065e+09
0.0250	0.0850	0.1050	3.63974234e+09
0.0250	0.0850	0.1150	4.00795986e+09
0.0250	0.0950	0.0950	4.02173832e+09
0.0250	0.0950	0.1050	2.31814014e+09
0.0250	0.0950	0.1150	3.86490834e+09
0.0250	0.0950	0.1250	4.13312058e+08
0.0250	0.1050	0.1050	4.67082139e+08
0.0250	0.1050	0.1150	3.90499215e+09
0.0250	0.1050	0.1250	4.11598791e+09
0.0250	0.1050	0.1350	1.82780918e+09
0.0250	0.1150	0.1150	2.46598774e+09
0.0250	0.1150	0.1250	1.85941644e+09
0.0250	0.1150	0.1350	2.58835647e+09
0.0250	0.1150	0.1450	3.32891366e+09
0.0250	0.1250	0.1250	1.59353173e+09
0.0250	0.1250	0.1350	2.67067647e+09
0.0250	0.1250	0.1450	3.06377287e+09
0.0250	0.1350	0.1350	1.44535898e+09
0.0250	0.1350	0.1450	2.14354887e+09
0.0250	0.1450	0.1450	1.50331011e+09
0.0350	0.0350	0.0350	1.36042264e+10
0.0350	0.0350	0.0450	1.50526610e+10
0.0350	0.0350	0.0550	9.75157264e+09
0.0350	0.0350	0.0650	6.01323070e+09
0.0350	0.0350	0.0750	1.83412099e+10
0.0350	0.0450	0.0450	2.08000546e+09
0.0350	0.0450	0.0550	4.01619146e+09
0.0350	0.0450	0.0650	3.62829235e+09
0.0350	0.0450	0.0750	6.42682851e+09
0.0350	0.0450	0.0850	2.28851015e+07
0.0350	0.0550	0.0550	6.36791009e+09
0.0350	0.0550	0.0650	2.15670351e+09
0.0350	0.0550	0.0750	3.05193872e+09
0.0350	0.0550	0.0850	2.74155571e+09
0.0350	0.0550	0.0950	7.28791028e+09
0.0350	0.0650	0.0650	2.96017786e+09
0.0350	0.0650	0.0750	2.25008801e+09
0.0350	0.0650	0.0850	2.37051741e+09
0.0350	0.0650	0.0950	3.19596828e+09
0.0350	0.0650	0.1050	7.38794637e+09
0.0350	0.0750	0.0750	2.90716606e+08
0.0350	0.0750	0.0850	3.88024081e+09
0.0350	0.0750	0.0950	2.79611252e+09
0.0350	0.0750	0.1050	4.11333901e+09
0.0350	0.0750	0.1150	3.99053519e+09
0.0350	0.0850	0.0850	1.68696331e+09
0.0350	0.0850	0.0950	7.41662673e+08
0.0350	0.0850	0.1050	2.16518402e+09
0.0350	0.0850	0.1150	1.71409775e+09
0.0350	0.0850	0.1250	3.20457495e+09
0.0350	0.0950	0.0950	2.44295910e+09
0.0350	0.0950	0.1050	1.53997461e+09
0.0350	0.0950	0.1150	1.63334904e+09
0.0350	0.0950	0.1250	1.99121915e+09
0.0350	0.0950	0.1350	2.42805465e+09
0.0350	0.1050	0.1050	1.24030413e+09
0.0350	0.1050	0.1150	1.59583967e+09
0.0350	0.1050	0.1250	1.50058416e+09
0.0350	0.1050	0.1350	1.55319176e+09
0.0350	0.1050	0.1450	4.14845122e+09
0.0350	0.1150	0.1150	1.29991087e+09
0.0350	0.1150	0.1250	1.31574641e+09
0.0350	0.1150	0.1350	1.31504961e+09
0.0350	0.1150	0.1450	1.67896839e+09
0.0350	0.1250	0.1250	2.09934764e+09
0.0350	0.1250	0.1350	1.59547486e+09
0.0350	0.1250	0.1450	1.24317609e+09
0.0350	0.1350	0.1350	5.03492389e+08
0.0350	0.1350	0.1450	1.35076811e+09
0.0350	0.1450	0.1450	1.04396563e+09
0.0450	0.0450	0.0450	8.69620884e+09
0.0450	0.0450	0.0550	6.38655518e+09
0.0450	0.0450	0.0650	1.96126515e+09
0.0450	0.0450	0.0750	6.08739012e+09
0.0450	0.0450	0.0850	1.43210903e+09
0.0450	0.0450	0.0950	4.46403986e+09
0.0450	0.0550	0.0550	3.10880152e+09
0.0450	0.0550	0.0650	3.97427600e+09
0.0450	0.0550	0.0750	9.07945204e+08
0.0450	0.0550	0.0850	3.21594568e+09
0.0450	0.0550	0.0950	3.83275135e+09
0.0450	0.0550	0.1050	4.41091363e+09
0.0450	0.0650	0.0650	1.72330805e+09
0.0450	0.0650	0.0750	2.19074532e+09
0.0450	0.0650	0.0850	2.33220786e+09
0.0450	0.0650	0.0950	3.32219081e+09
0.0450	0.0650	0.1050	3.24366680e+09
0.0450	0.0650	0.1150	4.75830540e+09
0.0450	0.0750	0.0750	2.33277872e+09
0.0450	0.0750	0.0850	1.20012794e+09
0.0450	0.0750	0.0950	2.53287626e+09
0.0450	0.0750	0.1050	2.40779537e+08
0.0450	0.0750	0.1150	1.74258156e+09
0.0450	0.0750	0.1250	2.27866248e+09
0.0450	0.0850	0.0850	1.65811901e+09
0.0450	0.0850	0.0950	2.45842418e+09
0.0450	0.0850	0.1050	1.11098704e+09
0.0450	0.0850	0.1150	1.69915542e+09
0.0450	0.0850	0.1250	2.09676082e+09
0.0450	0.0850	0.1350	2.52876791e+09
0.0450	0.0950	0.0950	2.11792287e+09
0.0450	0.0950	0.1050	4.13920703e+08
0.0450	0.0950	0.1150	1.57287854e+09
0.0450	0.0950	0.1250	1.19462946e+09
0.0450	0.0950	0.1350	2.18381143e+09
0.0450	0.0950	0.1450	9.46833938e+08
0.0450	0.1050	0.1050	1.66663086e+09
0.0450	0.1050	0.1150	1.26600108e+09
0.0450	0.1050	0.1250	9.28729504e+08
0.0450	0.1050	0.1350	2.05469334e+09
0.0450	0.1050	0.1450	1.56691883e+09
0.0450	0.1150	0.1150	-5.13843863e+07
0.0450	0.1150	0.1250	8.29220980e+08
0.0450	0.1150	0.1350	1.60885974e+09
0.0450	0.1150	0.1450	1.15937210e+09
0.0450	0.1250	0.1250	9.62381355e+08
0.0450	0.1250	0.1350	1.12504571e+09
0.0450	0.1250	0.1450	1.27936230e+09
0.0450	0.1350	0.1350	1.06033746e+09
0.0450	0.1350	0.1450	8.14146280e+08
0.0450	0.1450	0.1450	9.89430430e+08
0.0550	0.0550	0.0550	5.18791797e+09
0.0550	0.0550	0.0650	2.49080966e+09
0.0550	0.0550	0.0750	4.23507202e+09
0.0550	0.0550	0.0850	9.76244663e+08
0.0550	0.0550	0.0950	1.88198483e+09
0.0550	0.0550	0.1050	4.87983104e+09
0.0550	0.0550	0.1150	1.46018241e+09
0.0550	0.0650	0.0650	1.42046929e+09
0.0550	0.0650	0.0750	2.51625051e+09
0.0550	0.0650	0.0850	2.89776430e+09
0.0550	0.0650	0.0950	6.32691260e+08
0.0550	0.0650	0.1050	2.81330311e+09
0.0550	0.0650	0.1150	3.31400160e+09
0.0550	0.0650	0.1250	3.94820939e+09
0.0550	0.0750	0.0750	2.27234425e+09
0.0550	0.0750	0.0850	2.18155786e+09
0.0550	0.0750	0.0950	1.43735659e+09
0.0550	0.0750	0.1050	1.95047363e+09
0.0550	0.0750	0.1150	1.76676312e+09
0.0550	0.0750	0.1250	2.04414267e+09
0.0550	0.0750	0.1350	2.14835539e+09
0.0550	0.0850	0.0850	1.33081732e+08
0.0550	0.0850	0.0950	1.44254368e+09
0.0550	0.0850	0.1050	8.74583920e+08
0.0550	0.0850	0.1150	1.69120815e+09
0.0550	0.0850	0.1250	1.74828043e+09
0.0550	0.0850	0.1350	2.68042878e+09
0.0550	0.0850	0.1450	1.19576639e+09
0.0550	0.0950	0.0950	1.04229414e+09
0.0550	0.0950	0.1050	8.32257596e+08
0.0550	0.0950	0.1150	1.55954715e+09
0.0550	0.0950	0.1250	1.30157282e+09
0.0550	0.0950	0.1350	1.41656408e+09
0.0550	0.0950	0.1450	1.63517280e+09
0.0550	0.1050	0.1050	3.46092128e+07
0.0550	0.1050	0.1150	1.12437818e+09
0.0550	0.1050	0.1250	9.44222116e+08
0.0550	0.1050	0.1350	1.45013822e+09
0.0550	0.1050	0.1450	8.09183563e+08
0.0550	0.1150	0.1150	1.37336667e+09
0.0550	0.1150	0.1250	1.06257804e+09
0.0550	0.1150	0.1350	9.63795711e+08
0.0550	0.1150	0.1450	1.38971392e+09
0.0550	0.1250	0.1250	1.07556467e+09
0.0550	0.1250	0.1350	8.33280679e+08
0.0550	0.1250	0.1450	7.46450828e+08
0.0550	0.1350	0.1350	5.56005190e+08
0.0550	0.1350	0.1450	9.12872391e+08
0.0550	0.1450	0.1450	9.91839834e+08
0.0650	0.0650	0.0650	-1.67823632e+09
0.0650	0.0650	0.0750	1.47161348e+09
0.0650	0.0650	0.0850	-4.04395990e+08
0.0650	0.0650	0.0950	2.24716778e+09
0.0650	0.0650	0.1050	1.73509675e+09
0.0650	0.0650	0.1150	2.35389992e+09
0.0650	0.0650	0.1250	2.19603902e+09
0.0650	0.0650	0.1350	1.22830111e+09
0.0650	0.0750	0.0750	2.43232152e+09
0.0650	0.0750	0.0850	3.89714334e+08
0.0650	0.0750	0.0950	1.77922667e+09
0.0650	0.0750	0.1050	7.56466590e+08
0.0650	0.0750	0.1150	1.35580350e+09
0.0650	0.0750	0.1250	1.26738001e+09
0.0650	0.0750	0.1350	2.14710407e+09
0.0650	0.0750	0.1450	1.47041037e+09
0.0650	0.0850	0.0850	1.24763768e+09
0.0650	0.0850	0.0950	8.40895838e+08
0.0650	0.0850	0.1050	8.92501614e+08
0.0650	0.0850	0.1150	1.00859150e+09
0.0650	0.0850	0.1250	1.68141897e+09
0.0650	0.0850	0.1350	1.64694561e+09
0.0650	0.0850	0.1450	1.45182191e+09
0.0650	0.0950	0.0950	1.47721462e+09
0.0650	0.0950	0.1050	7.53777617e+08
0.0650	0.0950	0.1150	1.07395888e+09
0.0650	0.0950	0.1250	1.14407503e+09
0.0650	0.0950	0.1350	8.92661728e+08
0.0650	0.0950	0.1450	8.90321325e+08
0.0650	0.1050	0.1050	1.17299987e+09
0.0650	0.1050	0.1150	8.67964668e+08
0.0650	0.1050	0.1250	9.47811090e+08
0.0650	0.1050	0.1350	3.88801860e+08
0.0650	0.1050	0.1450	1.39796951e+09
0.0650	0.1150	0.1150	6.92931130e+08
0.0650	0.1150	0.1250	1.16818758e+09
0.0650	0.1150	0.1350	5.90067436e+08
0.0650	0.1150	0.1450	6.52465987e+08
0.0650	0.1250	0.1250	8.20929017e+08
0.0650	0.1250	0.1350	8.19317697e+08
0.0650	0.1250	0.1450	1.02609462e+09
0.0650	0.1350	0.1350	8.54780231e+08
0.0650	0.1350	0.1450	6.36080515e+08
0.0650	0.1450	0.1450	7.54904938e+08
0.0750	0.0750	0.0750	1.03957576e+09
0.0750	0.0750	0.0850	1.39992040e+09
0.0750	0.0750	0.0950	7.22112298e+08
0.0750	0.0750	0.1050	1.94228678e+09
0.0750	0.0750	0.1150	2.05922195e+09
0.0750	0.0750	0.1250	2.10995306e+09
0.0750	0.0750	0.1350	1.70956409e+09
0.0750	0.0750	0.1450	1.48799275e+09
0.0750	0.0850	0.0850	8.00258020e+08
0.0750	0.0850	0.0950	5.08731001e+08
0.0750	0.0850	0.1050	9.09810627e+08
0.0750	0.0850	0.1150	1.08758513e+09
0.0750	0.0850	0.1250	5.93433821e+08
0.0750	0.0850	0.1350	8.03258293e+08
0.0750	0.0850	0.1450	1.06869504e+09
0.0750	0.0950	0.0950	8.02337105e+08
0.0750	0.0950	0.1050	4.54470631e+08
0.0750	0.0950	0.1150	7.08068604e+08
0.0750	0.0950	0.1250	8.62704506e+08
0.0750	0.0950	0.1350	1.18444507e+09
0.0750	0.0950	0.1450	1.16402025e+09
0.0750	0.1050	0.1050	2.22668027e+08
0.0750	0.1050	0.1150	7.18685200e+08
0.0750	0.1050	0.1250	7.66974045e+08
0.0750	0.1050	0.1350	1.00379202e+09
0.0750	0.1050	0.1450	7.82577941e+08
0.0750	0.1150	0.1150	3.20897462e+08
0.0750	0.1150	0.1250	8.97250458e+08
0.0750	0.1150	0.1350	7.31443865e+08
0.0750	0.1150	0.1450	1.18088660e+09
0.0750	0.1250	0.1250	6.89166617e+08
0.0750	0.1250	0.1350	5.46495161e+08
0.0750	0.1250	0.1450	6.76792070e+08
0.0750	0.1350	0.1350	5.76305268e+08
0.0750	0.1350	0.1450	8.96901510e+08
0.0750	0.1450	0.1450	4.09075724e+08
0.0850	0.0850	0.0850	6.04816754e+08
0.0850	0.0850	0.0950	1.25278811e+09
0.0850	0.0850	0.1050	1.44628741e+08
0.0850	0.0850	0.1150	9.64548721e+08
0.0850	0.0850	0.1250	1.00479171e+09
0.0850	0.0850	0.1350	2.34169102e+08
0.0850	0.0850	0.1450	2.12672065e+08
0.0850	0.0950	0.0950	1.10700702e+09
0.0850	0.0950	0.1050	9.61359313e+08
0.0850	0.0950	0.1150	5.62683829e+08
0.0850	0.0950	0.1250	8.53360696e+08
0.0850	0.0950	0.1350	7.89942232e+08
0.0850	0.0950	0.1450	8.25477492e+08
0.0850	0.1050	0.1050	4.85673627e+08
0.0850	0.1050	0.1150	7.75731923e+08
0.0850	0.1050	0.1250	3.63903522e+08
0.0850	0.1050	0.1350	4.79179348e+08
0.0850	0.1050	0.1450	6.79279250e+08
0.0850	0.1150	0.1150	5.66733911e+08
0.0850	0.1150	0.1250	4.71359512e+08
0.0850	0.1150	0.1350	4.84388651e+08
0.0850	0.1150	0.1450	6.07263623e+08
0.0850	0.1250	0.1250	4.66041626e+08
0.0850	0.1250	0.1350	4.30537547e+08
0.0850	0.1250	0.1450	6.60545028e+08
0.0850	0.1350	0.1350	4.85463599e+08
0.0850	0.1350	0.1450	6.33883778e+08
0.0850	0.1450	0.1450	5.33648864e+07
0.0950	0.0950	0.0950	8.79097436e+08
0.0950	0.0950	0.1050	3.48637406e+08
0.0950	0.0950	0.1150	1.19102475e+09
0.0950	0.0950	0.1250	6.07904315e+08
0.0950	0.0950	0.1350	7.18057329e+08
0.0950	0.0950	0.1450	7.08776450e+08
0.0950	0.1050	0.1050	6.45844404e+08
0.0950	0.1050	0.1150	3.31378340e+08
0.0950	0.1050	0.1250	5.34334640e+08
0.0950	0.1050	0.1350	5.28651600e+08
0.0950	0.1050	0.1450	4.90701534e+08
0.0950	0.1150	0.1150	9.64708028e+08
0.0950	0.1150	0.1250	5.07482091e+08
0.0950	0.1150	0.1350	6.49264863e+08
0.0950	0.1150	0.1450	6.90236136e+08
0.0950	0.1250	0.1250	9.46142206e+08
0.0950	0.1250	0.1350	5.16125440e+08
0.0950	0.1250	0.1450	5.84560881e+08
0.0950	0.1350	0.1350	5.99313323e+08
0.0950	0.1350	0.1450	5.71880531e+08
0.0950	0.1450	0.1450	6.04755246e+08
0.1050	0.1050	0.1050	4.66324737e+08
0.1050	0.1050	0.1150	4.25875287e+08
0.1050	0.1050	0.1250	4.33830848e+08
0.1050	0.1050	0.1350	6.76217597e+08
0.1050	0.1050	0.1450	3.32373848e+08
0.1050	0.1150	0.1150	3.81216570e+08
0.1050	0.1150	0.1250	5.17051045e+08
0.1050	0.1150	0.1350	4.34729502e+08
0.1050	0.1150	0.1450	4.80768675e+08
0.1050	0.1250	0.1250	4.65229995e+08
0.1050	0.1250	0.1350	5.31271303e+08
0.1050	0.1250	0.1450	3.06779927e+08
0.1050	0.1350	0.1350	7.22169187e+08
0.1050	0.1350	0.1450	3.49698264e+08
0.1050	0.1450	0.1450	4.49947840e+08
0.1150	0.1150	0.1150	-5.43396473e+08
0.1150	0.1150	0.1250	5.97367902e+08
0.1150	0.1150	0.1350	3.46910799e+08
0.1150	0.1150	0.1450	5.85713213e+08
0.1150	0.1250	0.1250	6.06009282e+08
0.1150	0.1250	0.1350	1.76586849e+08
0.1150	0.1250	0.1450	2.87357290e+08
0.1150	0.1350	0.1350	2.43744849e+08
0.1150	0.1350	0.1450	3.46841689e+08
0.1150	0.1450	0.1450	1.24466339e+08
0.1250	0.1250	0.1250	6.72390306e+08
0.1250	0.1250	0.1350	6.12328484e+08
0.1250	0.1250	0.1450	6.14333064e+08
0.1250	0.1350	0.1350	4.67748582e+08
0.1250	0.1350	0.1450	4.38467314e+08
0.1250	0.1450	0.1450	3.45077218e+08
0.1350	0.1350	0.1350	4.86844155e+08
0.1350	0.1350	0.1450	2.40396607e+08
0.1350	0.1450	0.1450	1.42294876e+08
0.1450	0.1450	0.1450	5.23410122e+08
