####### Bispectrum of patchy_s1_ Simulation 1868 #############
# Weights: FKP
# Fiducial Omega_m: 0.310
# Fiducial h: 0.676
# Boxsize: [1000.0, 1900.0, 1100.0]
# Grid: [95, 250, 140]
# k-binning: [0.000, 0.110, 0.010]
# l-max: 4
# Monte Carlo Simulations: 100
#
# Format: k1 | k2 | k3 | B(k1,k2,k3) | B2(k1,k2,k3) | B4(k1,k2,k3)
############################################
0.0150	0.0150	0.0150	-7.00689544e+10	-1.79629983e+10	-1.17781491e+11
0.0150	0.0150	0.0250	3.31147686e+10	-9.02657365e+10	-1.51969132e+11
0.0150	0.0250	0.0250	7.29523215e+08	-1.60561076e+10	-3.49510489e+09
0.0150	0.0250	0.0350	1.06490970e+10	2.48648731e+09	3.29694240e+10
0.0150	0.0350	0.0350	-2.60757777e+10	-6.05124034e+09	7.98235590e+10
0.0150	0.0350	0.0450	9.55310064e+09	-2.22552955e+10	-4.59986252e+10
0.0150	0.0450	0.0450	-1.43148259e+09	-6.43229859e+09	2.74499848e+10
0.0150	0.0450	0.0550	7.68910082e+09	-6.72170088e+09	-5.85038783e+09
0.0150	0.0550	0.0550	-1.72052583e+09	-2.25437169e+10	-1.96138513e+10
0.0150	0.0550	0.0650	1.13151492e+10	5.05543592e+09	4.90256865e+08
0.0150	0.0650	0.0650	2.52024277e+09	-1.03596182e+09	-2.58482818e+09
0.0150	0.0650	0.0750	1.51247095e+09	-1.96361946e+09	3.06306597e+09
0.0150	0.0750	0.0750	-1.63006604e+08	2.12442991e+10	-1.20769354e+08
0.0250	0.0250	0.0250	-6.65472344e+09	2.27998172e+10	-4.90127987e+09
0.0250	0.0250	0.0350	2.40965375e+10	2.00027139e+10	9.08309589e+10
0.0250	0.0250	0.0450	1.83616207e+07	1.17613116e+10	2.27433373e+10
0.0250	0.0350	0.0350	-3.84522441e+08	-9.40950138e+09	-1.23033117e+10
0.0250	0.0350	0.0450	9.07950728e+09	6.98886759e+09	3.04913092e+10
0.0250	0.0350	0.0550	8.70619111e+09	2.73545339e+10	-2.22208694e+10
0.0250	0.0450	0.0450	3.12585175e+08	1.20288808e+10	-1.45968930e+10
0.0250	0.0450	0.0550	2.81879385e+09	-3.21511042e+09	7.75416811e+09
0.0250	0.0450	0.0650	4.46106471e+09	-4.85990002e+09	8.01158954e+09
0.0250	0.0550	0.0550	5.35574271e+09	1.05146752e+10	-5.63593274e+09
0.0250	0.0550	0.0650	1.78276206e+09	1.99102158e+09	9.63079312e+09
0.0250	0.0550	0.0750	4.30049861e+09	8.00363821e+09	1.88012442e+09
0.0250	0.0650	0.0650	2.44524542e+09	-7.31420833e+09	2.88005997e+09
0.0250	0.0650	0.0750	2.97543308e+09	3.86918854e+09	9.82946513e+09
0.0250	0.0750	0.0750	3.56294753e+09	1.69708678e+09	-8.28141466e+09
0.0350	0.0350	0.0350	-4.57141601e+09	5.90403503e+08	-6.95533328e+09
0.0350	0.0350	0.0450	-9.25047054e+08	1.26217162e+10	2.30137987e+10
0.0350	0.0350	0.0550	8.28864618e+09	-3.63882745e+09	1.35297386e+10
0.0350	0.0350	0.0650	1.07974041e+10	1.79071038e+10	1.26801664e+10
0.0350	0.0450	0.0450	1.64368515e+09	-3.96354994e+09	-3.85541125e+09
0.0350	0.0450	0.0550	7.13493252e+09	-7.56332399e+06	-1.39169740e+09
0.0350	0.0450	0.0650	4.13487781e+09	1.21513450e+09	-1.31606349e+09
0.0350	0.0450	0.0750	5.99750008e+09	8.61438475e+09	4.06160577e+09
0.0350	0.0550	0.0550	4.07378910e+09	4.65979396e+09	-6.95978634e+08
0.0350	0.0550	0.0650	1.43144359e+09	-4.43086746e+09	-3.38013535e+09
0.0350	0.0550	0.0750	2.93046780e+09	6.65392499e+09	7.09183851e+08
0.0350	0.0650	0.0650	3.12305285e+09	-5.33367497e+08	7.50764586e+09
0.0350	0.0650	0.0750	1.35404992e+09	-6.21390492e+08	-1.13643518e+10
0.0350	0.0750	0.0750	2.74248144e+09	4.19416326e+09	7.44334165e+09
0.0450	0.0450	0.0450	4.08850240e+09	3.36031943e+09	5.95614043e+08
0.0450	0.0450	0.0550	7.31778438e+08	6.21364050e+09	-9.09526191e+09
0.0450	0.0450	0.0650	2.41336838e+09	-1.30919600e+09	-3.84574721e+09
0.0450	0.0450	0.0750	5.42121604e+09	-1.18921851e+09	-7.84602824e+09
0.0450	0.0550	0.0550	1.58470502e+09	5.19690700e+09	2.61413989e+09
0.0450	0.0550	0.0650	3.52349651e+09	4.07102138e+08	2.93921277e+09
0.0450	0.0550	0.0750	1.80022932e+09	4.83248318e+09	2.50176068e+08
0.0450	0.0650	0.0650	-1.82395679e+09	-7.29890801e+08	-2.45531400e+09
0.0450	0.0650	0.0750	2.63660096e+09	2.32887592e+09	-3.60358325e+09
0.0450	0.0750	0.0750	2.20829986e+09	-7.11231813e+08	-1.23238734e+09
0.0550	0.0550	0.0550	-1.36381013e+09	5.29133460e+09	-1.53722962e+09
0.0550	0.0550	0.0650	-8.68733358e+08	-5.41328951e+09	-5.30026756e+09
0.0550	0.0550	0.0750	5.33321562e+09	4.10067460e+08	7.72355695e+08
0.0550	0.0650	0.0650	3.00207010e+09	2.78190035e+09	1.56797183e+09
0.0550	0.0650	0.0750	5.96879874e+07	1.35192196e+09	-6.63604175e+09
0.0550	0.0750	0.0750	3.10297416e+09	1.42809428e+09	1.03308591e+09
0.0650	0.0650	0.0650	2.13142749e+09	7.42129686e+08	-4.59972341e+08
0.0650	0.0650	0.0750	2.83348424e+09	5.28288746e+07	-5.89132351e+09
0.0650	0.0750	0.0750	-2.89095701e+08	-1.32075734e+09	5.32688930e+08
0.0750	0.0750	0.0750	2.74109705e+09	1.60963448e+09	-2.35106430e+06
