####### Bispectrum of patchy_s3_ Simulation 1999 #############
# Weights: FKP
# Fiducial Omega_m: 0.310
# Fiducial h: 0.676
# Boxsize: [1000.0, 2600.0, 1500.0]
# Grid: [95, 250, 140]
# k-binning: [0.000, 0.110, 0.010]
# l-max: 4
# Monte Carlo Simulations: 100
#
# Format: k1 | k2 | k3 | B(k1,k2,k3) | B2(k1,k2,k3) | B4(k1,k2,k3)
############################################
0.0150	0.0150	0.0150	-8.05875371e+10	-1.29595571e+10	9.45821444e+09
0.0150	0.0150	0.0250	-1.49853553e+10	-3.39935036e+10	5.51463227e+10
0.0150	0.0250	0.0250	-2.34319089e+10	3.62193644e+09	-5.35466337e+10
0.0150	0.0250	0.0350	1.75159004e+10	-3.18817449e+10	-7.29980136e+10
0.0150	0.0350	0.0350	-2.05310418e+10	1.65611397e+10	-1.43586982e+10
0.0150	0.0350	0.0450	4.07710208e+09	-1.34163755e+10	-2.28501125e+10
0.0150	0.0450	0.0450	-3.33751087e+09	-2.61192788e+10	-3.94924540e+08
0.0150	0.0450	0.0550	3.19892205e+09	2.24856553e+09	4.53032369e+09
0.0150	0.0550	0.0550	6.33823849e+09	5.87472239e+09	2.29489058e+10
0.0150	0.0550	0.0650	-4.63217358e+09	-1.00333213e+10	-8.60843142e+09
0.0150	0.0650	0.0650	1.46490600e+09	8.58390370e+09	1.39666383e+10
0.0150	0.0650	0.0750	8.03173455e+09	6.57616077e+09	-3.85894718e+09
0.0150	0.0750	0.0750	-2.70023225e+09	-2.22743345e+09	-9.82613674e+09
0.0250	0.0250	0.0250	8.02440947e+10	4.59560342e+10	1.29149118e+10
0.0250	0.0250	0.0350	-1.21243321e+10	-4.55346197e+10	-3.35518311e+10
0.0250	0.0250	0.0450	2.00827839e+10	5.64162302e+10	6.26647911e+10
0.0250	0.0350	0.0350	4.25062899e+09	3.21140625e+09	-8.45150076e+09
0.0250	0.0350	0.0450	7.13622095e+09	2.86454189e+09	3.13127406e+09
0.0250	0.0350	0.0550	-2.11069394e+09	-2.04538603e+10	3.67038519e+09
0.0250	0.0450	0.0450	8.39061303e+09	4.67363721e+09	6.63011585e+09
0.0250	0.0450	0.0550	5.96972496e+09	6.72662342e+09	-3.76964158e+09
0.0250	0.0450	0.0650	9.39162823e+09	1.58495209e+10	9.92812174e+09
0.0250	0.0550	0.0550	3.01809049e+09	-1.40796111e+10	-5.03337647e+09
0.0250	0.0550	0.0650	4.48722827e+09	1.13282585e+10	6.21422592e+08
0.0250	0.0550	0.0750	4.20043462e+09	6.14378255e+09	-8.17632526e+09
0.0250	0.0650	0.0650	6.93368775e+09	2.71303941e+09	3.11508507e+09
0.0250	0.0650	0.0750	4.61586885e+09	4.39187141e+09	-1.65078325e+09
0.0250	0.0750	0.0750	4.52284879e+09	-3.16870756e+09	-1.40907237e+09
0.0350	0.0350	0.0350	-5.83218849e+09	-1.12378352e+09	-3.88149204e+09
0.0350	0.0350	0.0450	6.81819662e+09	-8.14202210e+09	-2.49455951e+10
0.0350	0.0350	0.0550	1.13860088e+10	1.33120882e+10	-7.49119789e+08
0.0350	0.0350	0.0650	1.24590719e+10	-2.96100476e+09	5.33650310e+09
0.0350	0.0450	0.0450	-2.95087528e+09	5.92819807e+09	7.56436106e+07
0.0350	0.0450	0.0550	5.13448761e+09	-1.22921725e+09	3.85883633e+09
0.0350	0.0450	0.0650	1.33093155e+09	-2.05845757e+09	1.30141200e+09
0.0350	0.0450	0.0750	4.16041820e+09	3.36516628e+09	3.61529445e+09
0.0350	0.0550	0.0550	3.47962671e+09	2.66905729e+09	-3.55601223e+08
0.0350	0.0550	0.0650	4.29298130e+09	3.66862411e+08	-4.37779617e+09
0.0350	0.0550	0.0750	2.86730549e+09	2.91341195e+09	2.86376197e+09
0.0350	0.0650	0.0650	4.03154925e+09	4.32103164e+09	-4.15547672e+09
0.0350	0.0650	0.0750	3.30759481e+09	5.85632018e+08	1.68799875e+09
0.0350	0.0750	0.0750	3.15861944e+09	4.43007038e+09	-1.56117647e+08
0.0450	0.0450	0.0450	8.23163223e+09	6.40389820e+09	2.26176405e+09
0.0450	0.0450	0.0550	2.76967550e+09	9.25489959e+08	1.37018515e+10
0.0450	0.0450	0.0650	1.90650316e+09	5.21424120e+09	-9.70792929e+09
0.0450	0.0450	0.0750	1.40522118e+09	2.02992093e+09	1.82311623e+09
0.0450	0.0550	0.0550	3.79291411e+09	-2.41600770e+09	-2.40896821e+06
0.0450	0.0550	0.0650	5.24245897e+09	-3.75044001e+08	3.06649155e+09
0.0450	0.0550	0.0750	2.37400649e+09	-2.27459661e+09	-4.52480700e+09
0.0450	0.0650	0.0650	-9.45393665e+08	-9.52128652e+09	-4.80733745e+08
0.0450	0.0650	0.0750	1.62529896e+09	1.03022410e+09	-3.47492007e+09
0.0450	0.0750	0.0750	4.14572785e+09	9.14106207e+08	1.46813253e+09
0.0550	0.0550	0.0550	2.65734136e+09	-4.21708597e+09	2.99394226e+08
0.0550	0.0550	0.0650	3.05921582e+09	3.83988106e+09	-1.90580100e+09
0.0550	0.0550	0.0750	2.85047564e+09	2.25833079e+09	-2.91643503e+09
0.0550	0.0650	0.0650	1.07834723e+09	-1.30133536e+08	3.55692439e+09
0.0550	0.0650	0.0750	1.46208044e+09	-8.19455903e+07	1.14346702e+09
0.0550	0.0750	0.0750	2.08708943e+09	2.26640514e+09	7.75504494e+07
0.0650	0.0650	0.0650	2.24434019e+09	6.55122261e+08	-2.66368639e+08
0.0650	0.0650	0.0750	2.93530537e+09	3.49958980e+09	-5.95016610e+09
0.0650	0.0750	0.0750	3.38590371e+09	2.36328243e+09	-7.33326390e+08
0.0750	0.0750	0.0750	2.13502888e+09	1.44466586e+09	-4.12320842e+08
