####### Bispectrum of patchy_s1_ Simulation 266 #############
# Weights: FKP
# Fiducial Omega_m: 0.310
# Fiducial h: 0.676
# Boxsize: [1000.0, 1900.0, 1100.0]
# Grid: [95, 250, 140]
# k-binning: [0.000, 0.110, 0.010]
# l-max: 4
# Monte Carlo Simulations: 100
#
# Format: k1 | k2 | k3 | B(k1,k2,k3) | B2(k1,k2,k3) | B4(k1,k2,k3)
############################################
0.0150	0.0150	0.0150	1.40981879e+11	1.12687240e+11	-1.81205325e+11
0.0150	0.0150	0.0250	9.23490812e+10	-6.75673028e+10	2.72662780e+11
0.0150	0.0250	0.0250	-1.02046350e+10	-1.24201674e+10	-9.14121478e+10
0.0150	0.0250	0.0350	1.60309133e+10	6.59021655e+09	-9.03406039e+10
0.0150	0.0350	0.0350	6.12728837e+10	7.30855950e+08	2.68408175e+09
0.0150	0.0350	0.0450	5.98622373e+09	-2.02573664e+10	2.77365565e+10
0.0150	0.0450	0.0450	2.55073385e+10	-9.44045487e+09	5.32407573e+10
0.0150	0.0450	0.0550	3.96064847e+09	-2.87142016e+09	-1.44676007e+10
0.0150	0.0550	0.0550	1.50178840e+10	-2.46813591e+07	-1.39505352e+10
0.0150	0.0550	0.0650	5.54414774e+09	-9.07023980e+09	-1.02961324e+10
0.0150	0.0650	0.0650	1.38858081e+10	1.67501432e+10	1.18457903e+10
0.0150	0.0650	0.0750	3.58777535e+09	-2.37673964e+09	-8.60493638e+09
0.0150	0.0750	0.0750	8.92882034e+09	-1.20897840e+10	1.89555500e+10
0.0250	0.0250	0.0250	4.29863030e+10	-5.82467723e+09	-3.73804439e+10
0.0250	0.0250	0.0350	-2.10977875e+08	2.23850335e+10	-1.95640719e+09
0.0250	0.0250	0.0450	8.30806177e+09	5.69220255e+09	-3.22754395e+10
0.0250	0.0350	0.0350	-5.15431015e+09	-1.75445014e+10	-6.52693964e+09
0.0250	0.0350	0.0450	5.55728013e+09	-1.09270257e+10	-5.06727715e+09
0.0250	0.0350	0.0550	7.25865204e+09	1.19267270e+10	1.18153545e+10
0.0250	0.0450	0.0450	4.19647248e+09	1.33112533e+10	-7.96878926e+08
0.0250	0.0450	0.0550	3.32318763e+09	3.93756273e+09	-1.48576142e+09
0.0250	0.0450	0.0650	1.30691056e+10	2.58538551e+09	-1.10702976e+10
0.0250	0.0550	0.0550	2.30202502e+09	-6.00440612e+09	-2.62365589e+09
0.0250	0.0550	0.0650	1.16843971e+09	-1.66850416e+09	-5.17937823e+09
0.0250	0.0550	0.0750	2.77570175e+09	8.73512120e+08	5.01828041e+09
0.0250	0.0650	0.0650	1.38113371e+09	1.26483178e+09	-1.57146793e+09
0.0250	0.0650	0.0750	3.16365054e+09	-4.44011596e+09	7.07763080e+09
0.0250	0.0750	0.0750	-6.46285277e+07	5.18777469e+09	2.28656765e+09
0.0350	0.0350	0.0350	2.30211861e+10	4.57513327e+09	9.90611644e+07
0.0350	0.0350	0.0450	5.33365436e+08	-7.05273395e+09	1.81407394e+10
0.0350	0.0350	0.0550	2.17013612e+09	7.31062087e+09	-1.23587245e+10
0.0350	0.0350	0.0650	9.54691870e+09	1.10985195e+10	9.35831812e+09
0.0350	0.0450	0.0450	8.01398940e+09	-1.15850312e+10	-5.63988982e+09
0.0350	0.0450	0.0550	2.71289075e+09	1.21440736e+09	1.56465425e+09
0.0350	0.0450	0.0650	-1.05849343e+09	-1.05112578e+09	2.44595720e+09
0.0350	0.0450	0.0750	4.27579662e+09	3.41386559e+09	2.24496517e+09
0.0350	0.0550	0.0550	4.50157629e+08	-6.01951153e+08	-3.16959819e+09
0.0350	0.0550	0.0650	4.41920131e+09	8.50216285e+09	-3.28046471e+09
0.0350	0.0550	0.0750	3.76048798e+09	3.24025119e+09	8.11670746e+08
0.0350	0.0650	0.0650	7.28345177e+09	-1.03040185e+09	2.81199031e+08
0.0350	0.0650	0.0750	3.53259133e+09	-2.02948797e+09	-5.01464957e+09
0.0350	0.0750	0.0750	4.98878594e+09	3.24983266e+09	-2.70445790e+09
0.0450	0.0450	0.0450	5.88290209e+09	8.86065269e+09	6.79965998e+09
0.0450	0.0450	0.0550	-1.74731175e+08	4.33418028e+08	6.96546368e+09
0.0450	0.0450	0.0650	1.61310370e+09	-2.39588005e+09	1.90049384e+09
0.0450	0.0450	0.0750	2.89926275e+09	3.39892778e+09	-7.04296417e+09
0.0450	0.0550	0.0550	2.88675985e+09	1.50161109e+09	1.87276117e+09
0.0450	0.0550	0.0650	1.42368737e+09	1.12076117e+09	7.52039871e+08
0.0450	0.0550	0.0750	1.43747787e+09	-4.26223320e+08	7.16854240e+09
0.0450	0.0650	0.0650	8.71010133e+08	-3.41048403e+09	2.95852747e+09
0.0450	0.0650	0.0750	1.78979102e+09	4.74965586e+08	-5.86665999e+09
0.0450	0.0750	0.0750	3.03772864e+09	5.64667063e+09	-2.65617603e+08
0.0550	0.0550	0.0550	5.34400679e+09	8.94400926e+08	6.37708116e+07
0.0550	0.0550	0.0650	2.11675677e+09	8.97733933e+08	-2.51125007e+09
0.0550	0.0550	0.0750	2.84950349e+09	-3.38768083e+09	2.27380426e+09
0.0550	0.0650	0.0650	1.01668448e+09	2.70583807e+09	-7.76507372e+08
0.0550	0.0650	0.0750	1.47900330e+09	2.71562763e+09	-2.67686296e+09
0.0550	0.0750	0.0750	1.98854849e+09	2.15329690e+09	1.41247954e+09
0.0650	0.0650	0.0650	-2.17082793e+09	-2.16368321e+09	-2.06964203e+08
0.0650	0.0650	0.0750	2.20706265e+09	1.60729298e+09	1.51645254e+09
0.0650	0.0750	0.0750	7.00719751e+08	1.48370182e+09	1.53975112e+09
0.0750	0.0750	0.0750	6.47466720e+08	-8.28227613e+07	1.56360756e+08
