####### Bispectrum of Patchy Simulation 253 #############
# Patch: sgc
# z-type: z1
# Weights: fkp
# Fiducial Omega_m: 0.310
# Fiducial h: 0.676
# Boxsize: [1000.0, 1900.0, 1100.0]
# Grid: [95, 180, 105]
# k-binning: [0.000, 0.160, 0.010]
# Monte Carlo Simulations: 100
#
# Format: k1 | k2 | k3 | B(k1,k2,k3)
############################################
0.0150	0.0150	0.0150	1.94675760e+09
0.0150	0.0150	0.0250	1.39556510e+10
0.0150	0.0150	0.0350	2.38877166e+09
0.0150	0.0250	0.0250	-2.99213670e+10
0.0150	0.0250	0.0350	4.94806893e+09
0.0150	0.0250	0.0450	1.39260387e+10
0.0150	0.0350	0.0350	2.16393718e+10
0.0150	0.0350	0.0450	6.38786815e+09
0.0150	0.0350	0.0550	4.01106101e+08
0.0150	0.0450	0.0450	-5.32392399e+09
0.0150	0.0450	0.0550	2.73619639e+09
0.0150	0.0450	0.0650	-6.37259507e+08
0.0150	0.0550	0.0550	4.29934348e+09
0.0150	0.0550	0.0650	6.41212815e+09
0.0150	0.0550	0.0750	1.77378860e+10
0.0150	0.0650	0.0650	3.45321635e+06
0.0150	0.0650	0.0750	3.19758681e+09
0.0150	0.0650	0.0850	4.23315772e+08
0.0150	0.0750	0.0750	2.99738743e+09
0.0150	0.0750	0.0850	1.31300376e+09
0.0150	0.0750	0.0950	8.95878589e+09
0.0150	0.0850	0.0850	3.54171584e+07
0.0150	0.0850	0.0950	2.77005844e+09
0.0150	0.0850	0.1050	2.29862936e+09
0.0150	0.0950	0.0950	1.99055620e+08
0.0150	0.0950	0.1050	9.42367845e+08
0.0150	0.0950	0.1150	5.98310309e+09
0.0150	0.1050	0.1050	1.32904123e+09
0.0150	0.1050	0.1150	2.03809186e+09
0.0150	0.1050	0.1250	4.57852741e+09
0.0150	0.1150	0.1150	7.26761720e+08
0.0150	0.1150	0.1250	2.60347624e+09
0.0150	0.1150	0.1350	1.23092441e+09
0.0150	0.1250	0.1250	1.96110508e+09
0.0150	0.1250	0.1350	2.71370703e+09
0.0150	0.1250	0.1450	1.92228001e+09
0.0150	0.1350	0.1350	4.08493460e+08
0.0150	0.1350	0.1450	2.05433055e+09
0.0150	0.1450	0.1450	1.38362909e+09
0.0250	0.0250	0.0250	2.96406136e+10
0.0250	0.0250	0.0350	-8.96674529e+09
0.0250	0.0250	0.0450	2.37900007e+10
0.0250	0.0250	0.0550	7.24851605e+09
0.0250	0.0350	0.0350	-1.04145863e+10
0.0250	0.0350	0.0450	1.43577035e+10
0.0250	0.0350	0.0550	8.23264121e+09
0.0250	0.0350	0.0650	1.10998744e+09
0.0250	0.0450	0.0450	1.39581983e+10
0.0250	0.0450	0.0550	4.20981053e+09
0.0250	0.0450	0.0650	4.96493003e+09
0.0250	0.0450	0.0750	4.31692685e+09
0.0250	0.0550	0.0550	-1.84142241e+09
0.0250	0.0550	0.0650	2.62895762e+09
0.0250	0.0550	0.0750	4.18261446e+09
0.0250	0.0550	0.0850	4.08364001e+09
0.0250	0.0650	0.0650	6.79775545e+09
0.0250	0.0650	0.0750	9.95561741e+08
0.0250	0.0650	0.0850	6.07419483e+09
0.0250	0.0650	0.0950	6.80404153e+09
0.0250	0.0750	0.0750	3.65966429e+09
0.0250	0.0750	0.0850	4.50189134e+09
0.0250	0.0750	0.0950	4.08203794e+09
0.0250	0.0750	0.1050	7.51598706e+09
0.0250	0.0850	0.0850	2.31181413e+09
0.0250	0.0850	0.0950	3.61670474e+09
0.0250	0.0850	0.1050	4.48920813e+09
0.0250	0.0850	0.1150	8.63300351e+09
0.0250	0.0950	0.0950	2.87108465e+09
0.0250	0.0950	0.1050	3.72983342e+09
0.0250	0.0950	0.1150	1.89852790e+09
0.0250	0.0950	0.1250	4.09194976e+09
0.0250	0.1050	0.1050	1.06478482e+09
0.0250	0.1050	0.1150	1.83009634e+09
0.0250	0.1050	0.1250	2.09414757e+09
0.0250	0.1050	0.1350	2.91676315e+09
0.0250	0.1150	0.1150	1.24966737e+09
0.0250	0.1150	0.1250	1.65022064e+09
0.0250	0.1150	0.1350	3.67257720e+09
0.0250	0.1150	0.1450	8.49744410e+08
0.0250	0.1250	0.1250	1.54250393e+09
0.0250	0.1250	0.1350	6.79387934e+08
0.0250	0.1250	0.1450	2.12695703e+09
0.0250	0.1350	0.1350	1.06116642e+09
0.0250	0.1350	0.1450	2.24405334e+09
0.0250	0.1450	0.1450	1.85231032e+09
0.0350	0.0350	0.0350	1.66996471e+10
0.0350	0.0350	0.0450	7.53440010e+09
0.0350	0.0350	0.0550	1.51561799e+09
0.0350	0.0350	0.0650	1.57770193e+10
0.0350	0.0350	0.0750	2.64620640e+10
0.0350	0.0450	0.0450	3.02440964e+08
0.0350	0.0450	0.0550	1.50409351e+09
0.0350	0.0450	0.0650	2.88555368e+09
0.0350	0.0450	0.0750	8.55607683e+09
0.0350	0.0450	0.0850	-2.02324137e+09
0.0350	0.0550	0.0550	-2.14190579e+07
0.0350	0.0550	0.0650	2.10496081e+09
0.0350	0.0550	0.0750	3.33310721e+09
0.0350	0.0550	0.0850	3.68953996e+09
0.0350	0.0550	0.0950	4.96164037e+09
0.0350	0.0650	0.0650	5.00096067e+09
0.0350	0.0650	0.0750	2.68420991e+09
0.0350	0.0650	0.0850	4.58799016e+09
0.0350	0.0650	0.0950	3.93507499e+09
0.0350	0.0650	0.1050	6.09787388e+09
0.0350	0.0750	0.0750	3.42694405e+09
0.0350	0.0750	0.0850	1.45162962e+09
0.0350	0.0750	0.0950	1.27260387e+09
0.0350	0.0750	0.1050	5.69679569e+09
0.0350	0.0750	0.1150	1.44084541e+09
0.0350	0.0850	0.0850	3.98219178e+09
0.0350	0.0850	0.0950	1.46061981e+09
0.0350	0.0850	0.1050	2.58205305e+09
0.0350	0.0850	0.1150	3.33119574e+09
0.0350	0.0850	0.1250	4.59616466e+09
0.0350	0.0950	0.0950	2.71198961e+09
0.0350	0.0950	0.1050	3.32935154e+09
0.0350	0.0950	0.1150	2.62841967e+09
0.0350	0.0950	0.1250	2.97843542e+09
0.0350	0.0950	0.1350	4.00719651e+09
0.0350	0.1050	0.1050	1.03321661e+09
0.0350	0.1050	0.1150	1.47765420e+09
0.0350	0.1050	0.1250	1.71608136e+09
0.0350	0.1050	0.1350	1.55482320e+09
0.0350	0.1050	0.1450	2.14765047e+09
0.0350	0.1150	0.1150	2.43988846e+09
0.0350	0.1150	0.1250	2.27186448e+09
0.0350	0.1150	0.1350	1.86340880e+09
0.0350	0.1150	0.1450	2.22876782e+09
0.0350	0.1250	0.1250	1.45163524e+09
0.0350	0.1250	0.1350	1.56248438e+09
0.0350	0.1250	0.1450	1.84871465e+09
0.0350	0.1350	0.1350	1.40066991e+09
0.0350	0.1350	0.1450	6.68804995e+08
0.0350	0.1450	0.1450	1.60659933e+09
0.0450	0.0450	0.0450	-2.11910676e+09
0.0450	0.0450	0.0550	-2.70864318e+09
0.0450	0.0450	0.0650	4.24339341e+09
0.0450	0.0450	0.0750	4.30164068e+08
0.0450	0.0450	0.0850	5.40486598e+09
0.0450	0.0450	0.0950	6.99808806e+09
0.0450	0.0550	0.0550	-1.98711883e+08
0.0450	0.0550	0.0650	2.78849905e+09
0.0450	0.0550	0.0750	1.61713360e+09
0.0450	0.0550	0.0850	1.96154848e+09
0.0450	0.0550	0.0950	2.85823419e+09
0.0450	0.0550	0.1050	7.76997407e+08
0.0450	0.0650	0.0650	2.62582566e+09
0.0450	0.0650	0.0750	7.31630602e+08
0.0450	0.0650	0.0850	4.20990372e+09
0.0450	0.0650	0.0950	2.22782605e+09
0.0450	0.0650	0.1050	2.08200243e+09
0.0450	0.0650	0.1150	1.39764147e+09
0.0450	0.0750	0.0750	1.72931259e+09
0.0450	0.0750	0.0850	1.59349336e+09
0.0450	0.0750	0.0950	1.12701948e+09
0.0450	0.0750	0.1050	2.56163831e+09
0.0450	0.0750	0.1150	3.09078032e+09
0.0450	0.0750	0.1250	3.75885909e+09
0.0450	0.0850	0.0850	-4.86180662e+08
0.0450	0.0850	0.0950	1.81515514e+09
0.0450	0.0850	0.1050	2.06824412e+09
0.0450	0.0850	0.1150	9.18978026e+08
0.0450	0.0850	0.1250	2.17762192e+09
0.0450	0.0850	0.1350	2.39711255e+09
0.0450	0.0950	0.0950	5.56888123e+08
0.0450	0.0950	0.1050	1.54429837e+09
0.0450	0.0950	0.1150	1.03399141e+09
0.0450	0.0950	0.1250	2.02594472e+09
0.0450	0.0950	0.1350	2.09308752e+09
0.0450	0.0950	0.1450	2.50348894e+08
0.0450	0.1050	0.1050	1.35815483e+09
0.0450	0.1050	0.1150	4.69400138e+08
0.0450	0.1050	0.1250	1.43714824e+09
0.0450	0.1050	0.1350	1.28308193e+09
0.0450	0.1050	0.1450	1.78910971e+09
0.0450	0.1150	0.1150	1.34502293e+09
0.0450	0.1150	0.1250	1.04885424e+09
0.0450	0.1150	0.1350	1.29284806e+09
0.0450	0.1150	0.1450	1.37060304e+09
0.0450	0.1250	0.1250	2.71695175e+08
0.0450	0.1250	0.1350	1.05953330e+09
0.0450	0.1250	0.1450	9.74767822e+08
0.0450	0.1350	0.1350	5.85252653e+08
0.0450	0.1350	0.1450	1.17704868e+09
0.0450	0.1450	0.1450	4.89434763e+08
0.0550	0.0550	0.0550	8.76960463e+09
0.0550	0.0550	0.0650	8.15269824e+08
0.0550	0.0550	0.0750	2.96705594e+09
0.0550	0.0550	0.0850	3.01274424e+09
0.0550	0.0550	0.0950	2.97432072e+09
0.0550	0.0550	0.1050	3.67627143e+09
0.0550	0.0550	0.1150	-5.89748621e+08
0.0550	0.0650	0.0650	2.44807883e+09
0.0550	0.0650	0.0750	1.76801107e+09
0.0550	0.0650	0.0850	1.93813309e+09
0.0550	0.0650	0.0950	2.09341408e+09
0.0550	0.0650	0.1050	2.05107876e+09
0.0550	0.0650	0.1150	3.47327280e+09
0.0550	0.0650	0.1250	2.79749395e+09
0.0550	0.0750	0.0750	1.79039117e+09
0.0550	0.0750	0.0850	1.42293456e+09
0.0550	0.0750	0.0950	1.96747207e+09
0.0550	0.0750	0.1050	1.82188278e+09
0.0550	0.0750	0.1150	1.54991573e+09
0.0550	0.0750	0.1250	2.65026721e+09
0.0550	0.0750	0.1350	3.72604972e+08
0.0550	0.0850	0.0850	2.56299006e+09
0.0550	0.0850	0.0950	1.36391534e+09
0.0550	0.0850	0.1050	6.71168916e+08
0.0550	0.0850	0.1150	1.04440608e+09
0.0550	0.0850	0.1250	1.41973409e+09
0.0550	0.0850	0.1350	2.00757299e+09
0.0550	0.0850	0.1450	1.33448511e+09
0.0550	0.0950	0.0950	9.29602095e+08
0.0550	0.0950	0.1050	1.40199203e+09
0.0550	0.0950	0.1150	6.23507031e+08
0.0550	0.0950	0.1250	1.14286557e+09
0.0550	0.0950	0.1350	1.49089391e+09
0.0550	0.0950	0.1450	1.53666951e+09
0.0550	0.1050	0.1050	6.68661256e+08
0.0550	0.1050	0.1150	8.56721398e+08
0.0550	0.1050	0.1250	7.45249511e+08
0.0550	0.1050	0.1350	1.15056402e+09
0.0550	0.1050	0.1450	1.39976086e+09
0.0550	0.1150	0.1150	1.95120457e+09
0.0550	0.1150	0.1250	9.73240450e+08
0.0550	0.1150	0.1350	6.97380382e+08
0.0550	0.1150	0.1450	7.52392215e+08
0.0550	0.1250	0.1250	7.59439486e+08
0.0550	0.1250	0.1350	1.01412019e+09
0.0550	0.1250	0.1450	7.49058349e+08
0.0550	0.1350	0.1350	6.53563455e+08
0.0550	0.1350	0.1450	7.81684298e+08
0.0550	0.1450	0.1450	3.45261953e+08
0.0650	0.0650	0.0650	3.30846914e+09
0.0650	0.0650	0.0750	1.99226320e+09
0.0650	0.0650	0.0850	1.47579441e+09
0.0650	0.0650	0.0950	7.85921460e+08
0.0650	0.0650	0.1050	8.37282337e+08
0.0650	0.0650	0.1150	2.97996901e+09
0.0650	0.0650	0.1250	2.12695081e+09
0.0650	0.0650	0.1350	2.13771384e+09
0.0650	0.0750	0.0750	2.18521171e+09
0.0650	0.0750	0.0850	1.47385630e+09
0.0650	0.0750	0.0950	1.50981328e+09
0.0650	0.0750	0.1050	1.91247416e+09
0.0650	0.0750	0.1150	1.00375676e+09
0.0650	0.0750	0.1250	1.97715659e+09
0.0650	0.0750	0.1350	2.75142652e+09
0.0650	0.0750	0.1450	2.86847083e+09
0.0650	0.0850	0.0850	-1.60661840e+08
0.0650	0.0850	0.0950	1.19534787e+09
0.0650	0.0850	0.1050	1.38538060e+09
0.0650	0.0850	0.1150	1.42560526e+09
0.0650	0.0850	0.1250	1.48182572e+09
0.0650	0.0850	0.1350	2.01652162e+09
0.0650	0.0850	0.1450	1.19515833e+09
0.0650	0.0950	0.0950	1.41790395e+09
0.0650	0.0950	0.1050	3.05120951e+08
0.0650	0.0950	0.1150	8.71918456e+08
0.0650	0.0950	0.1250	1.35539065e+09
0.0650	0.0950	0.1350	9.28092457e+08
0.0650	0.0950	0.1450	9.17140997e+08
0.0650	0.1050	0.1050	1.31481185e+09
0.0650	0.1050	0.1150	1.38658185e+09
0.0650	0.1050	0.1250	6.91908482e+08
0.0650	0.1050	0.1350	1.28777292e+09
0.0650	0.1050	0.1450	9.61581264e+08
0.0650	0.1150	0.1150	4.92931765e+08
0.0650	0.1150	0.1250	6.57549238e+08
0.0650	0.1150	0.1350	9.71472267e+08
0.0650	0.1150	0.1450	1.10229662e+09
0.0650	0.1250	0.1250	9.75290700e+08
0.0650	0.1250	0.1350	9.77434517e+08
0.0650	0.1250	0.1450	8.31391075e+08
0.0650	0.1350	0.1350	3.83700339e+08
0.0650	0.1350	0.1450	7.06258899e+08
0.0650	0.1450	0.1450	9.34223527e+08
0.0750	0.0750	0.0750	2.55402102e+09
0.0750	0.0750	0.0850	8.03895049e+08
0.0750	0.0750	0.0950	1.78157633e+09
0.0750	0.0750	0.1050	1.94598495e+09
0.0750	0.0750	0.1150	1.42824877e+09
0.0750	0.0750	0.1250	1.69477831e+09
0.0750	0.0750	0.1350	1.57299539e+09
0.0750	0.0750	0.1450	1.25067732e+09
0.0750	0.0850	0.0850	1.24251955e+09
0.0750	0.0850	0.0950	7.11224241e+08
0.0750	0.0850	0.1050	9.48724695e+08
0.0750	0.0850	0.1150	1.04578011e+09
0.0750	0.0850	0.1250	8.82194020e+08
0.0750	0.0850	0.1350	1.37822193e+09
0.0750	0.0850	0.1450	1.49110827e+09
0.0750	0.0950	0.0950	5.43669015e+08
0.0750	0.0950	0.1050	6.11632797e+08
0.0750	0.0950	0.1150	1.03372079e+09
0.0750	0.0950	0.1250	1.36362782e+09
0.0750	0.0950	0.1350	1.19045735e+09
0.0750	0.0950	0.1450	1.11960767e+09
0.0750	0.1050	0.1050	6.31369648e+08
0.0750	0.1050	0.1150	9.09672142e+08
0.0750	0.1050	0.1250	7.37560262e+08
0.0750	0.1050	0.1350	8.01022546e+08
0.0750	0.1050	0.1450	5.53954045e+08
0.0750	0.1150	0.1150	2.92579145e+07
0.0750	0.1150	0.1250	1.30666291e+09
0.0750	0.1150	0.1350	5.75632659e+08
0.0750	0.1150	0.1450	6.66952324e+08
0.0750	0.1250	0.1250	8.14794402e+08
0.0750	0.1250	0.1350	6.60729057e+08
0.0750	0.1250	0.1450	5.00202857e+08
0.0750	0.1350	0.1350	6.27982558e+08
0.0750	0.1350	0.1450	8.64247826e+08
0.0750	0.1450	0.1450	4.49265635e+08
0.0850	0.0850	0.0850	-1.28786744e+08
0.0850	0.0850	0.0950	7.76085722e+07
0.0850	0.0850	0.1050	6.80302751e+08
0.0850	0.0850	0.1150	9.19297487e+08
0.0850	0.0850	0.1250	6.30569856e+08
0.0850	0.0850	0.1350	7.22449877e+08
0.0850	0.0850	0.1450	1.31438963e+09
0.0850	0.0950	0.0950	1.16319238e+09
0.0850	0.0950	0.1050	6.73698537e+08
0.0850	0.0950	0.1150	6.68512318e+08
0.0850	0.0950	0.1250	7.52503106e+08
0.0850	0.0950	0.1350	6.89515754e+08
0.0850	0.0950	0.1450	8.17106800e+08
0.0850	0.1050	0.1050	1.02434039e+09
0.0850	0.1050	0.1150	7.13524665e+08
0.0850	0.1050	0.1250	7.55629336e+08
0.0850	0.1050	0.1350	4.11624127e+08
0.0850	0.1050	0.1450	9.27585945e+08
0.0850	0.1150	0.1150	5.71556238e+08
0.0850	0.1150	0.1250	8.36374141e+08
0.0850	0.1150	0.1350	5.56681763e+08
0.0850	0.1150	0.1450	5.98063834e+08
0.0850	0.1250	0.1250	3.64735026e+08
0.0850	0.1250	0.1350	5.13513042e+08
0.0850	0.1250	0.1450	6.93255055e+08
0.0850	0.1350	0.1350	6.45627619e+08
0.0850	0.1350	0.1450	5.03134647e+08
0.0850	0.1450	0.1450	2.00985727e+08
0.0950	0.0950	0.0950	4.76010189e+08
0.0950	0.0950	0.1050	7.27334395e+08
0.0950	0.0950	0.1150	6.90048419e+08
0.0950	0.0950	0.1250	1.93538342e+08
0.0950	0.0950	0.1350	4.83484228e+08
0.0950	0.0950	0.1450	5.18621179e+08
0.0950	0.1050	0.1050	6.57983423e+08
0.0950	0.1050	0.1150	4.53708212e+08
0.0950	0.1050	0.1250	7.01946401e+08
0.0950	0.1050	0.1350	6.73344503e+08
0.0950	0.1050	0.1450	6.23676405e+08
0.0950	0.1150	0.1150	5.21027687e+08
0.0950	0.1150	0.1250	5.64906820e+08
0.0950	0.1150	0.1350	5.58054219e+08
0.0950	0.1150	0.1450	6.20494290e+08
0.0950	0.1250	0.1250	-9.38711000e+07
0.0950	0.1250	0.1350	6.36569591e+08
0.0950	0.1250	0.1450	7.30285587e+08
0.0950	0.1350	0.1350	3.55299322e+08
0.0950	0.1350	0.1450	5.12119662e+08
0.0950	0.1450	0.1450	3.81866367e+08
0.1050	0.1050	0.1050	5.73273152e+08
0.1050	0.1050	0.1150	4.99075992e+08
0.1050	0.1050	0.1250	5.78183641e+08
0.1050	0.1050	0.1350	5.89302745e+08
0.1050	0.1050	0.1450	1.66080979e+08
0.1050	0.1150	0.1150	6.84985500e+08
0.1050	0.1150	0.1250	8.95595573e+08
0.1050	0.1150	0.1350	3.82959848e+08
0.1050	0.1150	0.1450	5.84522755e+08
0.1050	0.1250	0.1250	4.86720699e+08
0.1050	0.1250	0.1350	5.14413334e+08
0.1050	0.1250	0.1450	4.10828779e+08
0.1050	0.1350	0.1350	6.35455884e+08
0.1050	0.1350	0.1450	2.76357724e+08
0.1050	0.1450	0.1450	4.18440178e+08
0.1150	0.1150	0.1150	5.06466000e+08
0.1150	0.1150	0.1250	2.75616827e+08
0.1150	0.1150	0.1350	3.50617820e+08
0.1150	0.1150	0.1450	5.30302416e+08
0.1150	0.1250	0.1250	7.22297626e+08
0.1150	0.1250	0.1350	4.38443448e+08
0.1150	0.1250	0.1450	3.32971341e+08
0.1150	0.1350	0.1350	3.79781977e+08
0.1150	0.1350	0.1450	2.89388099e+08
0.1150	0.1450	0.1450	4.62589386e+08
0.1250	0.1250	0.1250	1.17588588e+09
0.1250	0.1250	0.1350	4.37836328e+08
0.1250	0.1250	0.1450	1.48647867e+08
0.1250	0.1350	0.1350	2.76585692e+08
0.1250	0.1350	0.1450	6.03474431e+08
0.1250	0.1450	0.1450	5.00812697e+08
0.1350	0.1350	0.1350	2.44744397e+08
0.1350	0.1350	0.1450	3.64299838e+08
0.1350	0.1450	0.1450	4.36324864e+08
0.1450	0.1450	0.1450	1.14058510e+08
