####### Bispectrum of Patchy Simulation 2030 #############
# Patch: ngc
# z-type: z1
# Weights: fkp
# Fiducial Omega_m: 0.310
# Fiducial h: 0.676
# Boxsize: [1350.0, 2450.0, 1400.0]
# Grid: [126, 230, 130]
# k-binning: [0.000, 0.160, 0.010]
# Monte Carlo Simulations: 100
#
# Format: k1 | k2 | k3 | B(k1,k2,k3)
############################################
0.0150	0.0150	0.0150	-2.14851943e+10
0.0150	0.0150	0.0250	-1.79218073e+09
0.0150	0.0150	0.0350	-1.26381051e+10
0.0150	0.0250	0.0250	4.90914351e+09
0.0150	0.0250	0.0350	1.82575539e+09
0.0150	0.0250	0.0450	1.71645589e+10
0.0150	0.0350	0.0350	4.69804539e+09
0.0150	0.0350	0.0450	5.44399433e+09
0.0150	0.0350	0.0550	1.45483432e+10
0.0150	0.0450	0.0450	7.79121815e+08
0.0150	0.0450	0.0550	5.36532647e+09
0.0150	0.0450	0.0650	5.64590482e+09
0.0150	0.0550	0.0550	3.89140457e+09
0.0150	0.0550	0.0650	4.18714892e+09
0.0150	0.0550	0.0750	1.54406565e+10
0.0150	0.0650	0.0650	4.59537071e+09
0.0150	0.0650	0.0750	2.86909235e+09
0.0150	0.0650	0.0850	5.10593081e+09
0.0150	0.0750	0.0750	1.16012854e+09
0.0150	0.0750	0.0850	3.07650601e+09
0.0150	0.0750	0.0950	7.89069149e+09
0.0150	0.0850	0.0850	8.76675370e+08
0.0150	0.0850	0.0950	2.02815389e+09
0.0150	0.0850	0.1050	1.31212834e+10
0.0150	0.0950	0.0950	2.48145797e+09
0.0150	0.0950	0.1050	1.56764338e+09
0.0150	0.0950	0.1150	2.88092742e+09
0.0150	0.1050	0.1050	3.63936571e+08
0.0150	0.1050	0.1150	2.12662655e+09
0.0150	0.1050	0.1250	5.71105280e+09
0.0150	0.1150	0.1150	1.23768618e+09
0.0150	0.1150	0.1250	2.67248309e+09
0.0150	0.1150	0.1350	3.38174341e+09
0.0150	0.1250	0.1250	1.85239237e+09
0.0150	0.1250	0.1350	2.05453376e+09
0.0150	0.1250	0.1450	3.44070063e+09
0.0150	0.1350	0.1350	1.66655686e+09
0.0150	0.1350	0.1450	2.04882130e+09
0.0150	0.1450	0.1450	1.26626699e+09
0.0250	0.0250	0.0250	-6.19873958e+09
0.0250	0.0250	0.0350	9.78068617e+09
0.0250	0.0250	0.0450	1.33692210e+10
0.0250	0.0250	0.0550	9.01014368e+09
0.0250	0.0350	0.0350	1.06200522e+10
0.0250	0.0350	0.0450	6.77884100e+09
0.0250	0.0350	0.0550	8.40508092e+09
0.0250	0.0350	0.0650	1.10857466e+10
0.0250	0.0450	0.0450	5.17413533e+09
0.0250	0.0450	0.0550	2.81219963e+09
0.0250	0.0450	0.0650	4.22813336e+09
0.0250	0.0450	0.0750	1.27540504e+10
0.0250	0.0550	0.0550	5.34429250e+09
0.0250	0.0550	0.0650	5.94963978e+09
0.0250	0.0550	0.0750	4.65358138e+09
0.0250	0.0550	0.0850	6.51258931e+09
0.0250	0.0650	0.0650	2.17173801e+07
0.0250	0.0650	0.0750	3.82676080e+09
0.0250	0.0650	0.0850	5.72847760e+09
0.0250	0.0650	0.0950	5.30143314e+09
0.0250	0.0750	0.0750	4.84981021e+09
0.0250	0.0750	0.0850	2.78132977e+09
0.0250	0.0750	0.0950	4.92975131e+09
0.0250	0.0750	0.1050	6.23734291e+08
0.0250	0.0850	0.0850	3.36217567e+09
0.0250	0.0850	0.0950	2.38909885e+09
0.0250	0.0850	0.1050	4.56539949e+09
0.0250	0.0850	0.1150	2.67274662e+09
0.0250	0.0950	0.0950	2.31577234e+09
0.0250	0.0950	0.1050	2.46519575e+09
0.0250	0.0950	0.1150	3.27030369e+09
0.0250	0.0950	0.1250	2.58801665e+09
0.0250	0.1050	0.1050	2.13644051e+09
0.0250	0.1050	0.1150	1.97879089e+09
0.0250	0.1050	0.1250	2.42015809e+09
0.0250	0.1050	0.1350	1.45076720e+09
0.0250	0.1150	0.1150	1.85915161e+09
0.0250	0.1150	0.1250	2.00519327e+09
0.0250	0.1150	0.1350	2.63076229e+09
0.0250	0.1150	0.1450	1.83179578e+09
0.0250	0.1250	0.1250	1.57087437e+09
0.0250	0.1250	0.1350	2.14972662e+09
0.0250	0.1250	0.1450	2.71188918e+09
0.0250	0.1350	0.1350	1.69129216e+09
0.0250	0.1350	0.1450	1.88593640e+09
0.0250	0.1450	0.1450	1.29424771e+09
0.0350	0.0350	0.0350	1.29383418e+09
0.0350	0.0350	0.0450	4.79558532e+09
0.0350	0.0350	0.0550	5.97501980e+09
0.0350	0.0350	0.0650	6.08361451e+09
0.0350	0.0350	0.0750	8.54595852e+09
0.0350	0.0450	0.0450	3.72177919e+09
0.0350	0.0450	0.0550	3.11163906e+09
0.0350	0.0450	0.0650	3.13268311e+09
0.0350	0.0450	0.0750	5.27406908e+09
0.0350	0.0450	0.0850	3.72046621e+09
0.0350	0.0550	0.0550	1.24695733e+09
0.0350	0.0550	0.0650	2.97681424e+09
0.0350	0.0550	0.0750	3.42461508e+09
0.0350	0.0550	0.0850	4.32768211e+09
0.0350	0.0550	0.0950	5.48220642e+09
0.0350	0.0650	0.0650	3.54903674e+09
0.0350	0.0650	0.0750	2.46799007e+09
0.0350	0.0650	0.0850	1.63961838e+09
0.0350	0.0650	0.0950	3.27228734e+09
0.0350	0.0650	0.1050	5.05049573e+09
0.0350	0.0750	0.0750	1.65270503e+09
0.0350	0.0750	0.0850	2.66493953e+09
0.0350	0.0750	0.0950	2.87201046e+09
0.0350	0.0750	0.1050	3.46285580e+09
0.0350	0.0750	0.1150	5.23010147e+09
0.0350	0.0850	0.0850	2.83169539e+09
0.0350	0.0850	0.0950	1.36220783e+09
0.0350	0.0850	0.1050	2.24556074e+09
0.0350	0.0850	0.1150	3.03268238e+09
0.0350	0.0850	0.1250	2.42930572e+09
0.0350	0.0950	0.0950	1.49147268e+09
0.0350	0.0950	0.1050	2.10376998e+09
0.0350	0.0950	0.1150	2.35302070e+09
0.0350	0.0950	0.1250	2.78805487e+09
0.0350	0.0950	0.1350	1.84848737e+09
0.0350	0.1050	0.1050	1.59925394e+09
0.0350	0.1050	0.1150	1.62470756e+09
0.0350	0.1050	0.1250	1.84456067e+09
0.0350	0.1050	0.1350	1.76997296e+09
0.0350	0.1050	0.1450	2.21772291e+09
0.0350	0.1150	0.1150	1.10606570e+09
0.0350	0.1150	0.1250	1.22195133e+09
0.0350	0.1150	0.1350	1.57397819e+09
0.0350	0.1150	0.1450	1.84392013e+09
0.0350	0.1250	0.1250	1.31854822e+09
0.0350	0.1250	0.1350	8.21482563e+08
0.0350	0.1250	0.1450	1.57160480e+09
0.0350	0.1350	0.1350	1.38827001e+09
0.0350	0.1350	0.1450	1.27097418e+09
0.0350	0.1450	0.1450	1.20234439e+09
0.0450	0.0450	0.0450	-2.16329226e+09
0.0450	0.0450	0.0550	6.76791042e+08
0.0450	0.0450	0.0650	1.65978464e+09
0.0450	0.0450	0.0750	3.15099657e+09
0.0450	0.0450	0.0850	3.85144121e+09
0.0450	0.0450	0.0950	2.79339267e+09
0.0450	0.0550	0.0550	3.96592359e+09
0.0450	0.0550	0.0650	1.85191269e+09
0.0450	0.0550	0.0750	2.66589119e+09
0.0450	0.0550	0.0850	1.96701356e+09
0.0450	0.0550	0.0950	4.03119836e+09
0.0450	0.0550	0.1050	2.95829814e+09
0.0450	0.0650	0.0650	2.27067473e+09
0.0450	0.0650	0.0750	2.22997869e+09
0.0450	0.0650	0.0850	2.52475851e+09
0.0450	0.0650	0.0950	2.11205976e+09
0.0450	0.0650	0.1050	3.30094106e+09
0.0450	0.0650	0.1150	2.47115646e+09
0.0450	0.0750	0.0750	9.25085795e+08
0.0450	0.0750	0.0850	1.97306178e+09
0.0450	0.0750	0.0950	1.58562866e+09
0.0450	0.0750	0.1050	2.18285938e+09
0.0450	0.0750	0.1150	2.83143805e+09
0.0450	0.0750	0.1250	2.51554599e+09
0.0450	0.0850	0.0850	1.82841553e+09
0.0450	0.0850	0.0950	1.38867323e+09
0.0450	0.0850	0.1050	2.02792953e+09
0.0450	0.0850	0.1150	1.35532539e+09
0.0450	0.0850	0.1250	2.45247585e+09
0.0450	0.0850	0.1350	2.34664764e+09
0.0450	0.0950	0.0950	1.74256417e+09
0.0450	0.0950	0.1050	1.34058966e+09
0.0450	0.0950	0.1150	1.36197488e+09
0.0450	0.0950	0.1250	1.28255953e+09
0.0450	0.0950	0.1350	1.93495005e+09
0.0450	0.0950	0.1450	2.10987109e+09
0.0450	0.1050	0.1050	1.37150259e+09
0.0450	0.1050	0.1150	5.63478076e+08
0.0450	0.1050	0.1250	1.65428890e+09
0.0450	0.1050	0.1350	1.51378308e+09
0.0450	0.1050	0.1450	1.41590568e+09
0.0450	0.1150	0.1150	1.33342373e+09
0.0450	0.1150	0.1250	1.27281192e+09
0.0450	0.1150	0.1350	1.10742917e+09
0.0450	0.1150	0.1450	1.07783452e+09
0.0450	0.1250	0.1250	6.87096072e+08
0.0450	0.1250	0.1350	1.45760476e+09
0.0450	0.1250	0.1450	8.41929138e+08
0.0450	0.1350	0.1350	1.04353308e+09
0.0450	0.1350	0.1450	8.63025665e+08
0.0450	0.1450	0.1450	1.04045287e+09
0.0550	0.0550	0.0550	1.63943067e+09
0.0550	0.0550	0.0650	3.69689361e+09
0.0550	0.0550	0.0750	1.33829680e+09
0.0550	0.0550	0.0850	2.44681370e+09
0.0550	0.0550	0.0950	1.73413976e+09
0.0550	0.0550	0.1050	2.58959654e+09
0.0550	0.0550	0.1150	2.53430867e+09
0.0550	0.0650	0.0650	9.79771091e+08
0.0550	0.0650	0.0750	2.49636614e+09
0.0550	0.0650	0.0850	1.86213767e+09
0.0550	0.0650	0.0950	2.00021474e+09
0.0550	0.0650	0.1050	2.06534819e+09
0.0550	0.0650	0.1150	2.12964650e+09
0.0550	0.0650	0.1250	2.75253718e+09
0.0550	0.0750	0.0750	1.55042859e+09
0.0550	0.0750	0.0850	1.05360148e+09
0.0550	0.0750	0.0950	1.04655232e+09
0.0550	0.0750	0.1050	1.75845409e+09
0.0550	0.0750	0.1150	1.76810772e+09
0.0550	0.0750	0.1250	2.18222347e+09
0.0550	0.0750	0.1350	3.21906942e+09
0.0550	0.0850	0.0850	1.50999868e+09
0.0550	0.0850	0.0950	1.09337738e+09
0.0550	0.0850	0.1050	1.37943398e+09
0.0550	0.0850	0.1150	1.15794193e+09
0.0550	0.0850	0.1250	1.75048800e+09
0.0550	0.0850	0.1350	2.09857592e+09
0.0550	0.0850	0.1450	2.17545923e+09
0.0550	0.0950	0.0950	1.17752030e+09
0.0550	0.0950	0.1050	1.32310219e+09
0.0550	0.0950	0.1150	1.04189624e+09
0.0550	0.0950	0.1250	1.12884994e+09
0.0550	0.0950	0.1350	1.39294810e+09
0.0550	0.0950	0.1450	1.35532861e+09
0.0550	0.1050	0.1050	1.12416151e+09
0.0550	0.1050	0.1150	9.12894874e+08
0.0550	0.1050	0.1250	9.60322001e+08
0.0550	0.1050	0.1350	1.25675416e+09
0.0550	0.1050	0.1450	1.47111742e+09
0.0550	0.1150	0.1150	9.23447585e+08
0.0550	0.1150	0.1250	1.06318641e+09
0.0550	0.1150	0.1350	6.42024443e+08
0.0550	0.1150	0.1450	9.48871489e+08
0.0550	0.1250	0.1250	9.27927077e+08
0.0550	0.1250	0.1350	1.05962492e+09
0.0550	0.1250	0.1450	8.85721111e+08
0.0550	0.1350	0.1350	5.10097664e+08
0.0550	0.1350	0.1450	9.69681490e+08
0.0550	0.1450	0.1450	5.48972489e+08
0.0650	0.0650	0.0650	-5.87172439e+08
0.0650	0.0650	0.0750	1.24890790e+09
0.0650	0.0650	0.0850	1.83055743e+09
0.0650	0.0650	0.0950	2.11014266e+09
0.0650	0.0650	0.1050	1.67622637e+09
0.0650	0.0650	0.1150	2.34129756e+09
0.0650	0.0650	0.1250	2.25533787e+09
0.0650	0.0650	0.1350	1.65375669e+09
0.0650	0.0750	0.0750	9.27318784e+08
0.0650	0.0750	0.0850	1.71150578e+09
0.0650	0.0750	0.0950	1.50650836e+09
0.0650	0.0750	0.1050	1.73527419e+09
0.0650	0.0750	0.1150	1.52894476e+09
0.0650	0.0750	0.1250	1.68679151e+09
0.0650	0.0750	0.1350	1.95131529e+09
0.0650	0.0750	0.1450	1.73370653e+09
0.0650	0.0850	0.0850	1.38782605e+09
0.0650	0.0850	0.0950	9.71226300e+08
0.0650	0.0850	0.1050	1.14537816e+09
0.0650	0.0850	0.1150	1.12335154e+09
0.0650	0.0850	0.1250	1.37796246e+09
0.0650	0.0850	0.1350	1.23020563e+09
0.0650	0.0850	0.1450	1.64358573e+09
0.0650	0.0950	0.0950	8.87631897e+08
0.0650	0.0950	0.1050	1.36682233e+09
0.0650	0.0950	0.1150	6.98969873e+08
0.0650	0.0950	0.1250	9.95919531e+08
0.0650	0.0950	0.1350	1.25033006e+09
0.0650	0.0950	0.1450	1.47126048e+09
0.0650	0.1050	0.1050	1.00726321e+09
0.0650	0.1050	0.1150	7.19451262e+08
0.0650	0.1050	0.1250	7.55667234e+08
0.0650	0.1050	0.1350	1.06553364e+09
0.0650	0.1050	0.1450	9.31589674e+08
0.0650	0.1150	0.1150	1.23750430e+09
0.0650	0.1150	0.1250	7.73809591e+08
0.0650	0.1150	0.1350	9.68558569e+08
0.0650	0.1150	0.1450	7.33954371e+08
0.0650	0.1250	0.1250	6.51139798e+08
0.0650	0.1250	0.1350	8.32627709e+08
0.0650	0.1250	0.1450	7.76386637e+08
0.0650	0.1350	0.1350	6.45058574e+08
0.0650	0.1350	0.1450	7.86987216e+08
0.0650	0.1450	0.1450	6.93160643e+08
0.0750	0.0750	0.0750	2.41949041e+09
0.0750	0.0750	0.0850	9.62379633e+08
0.0750	0.0750	0.0950	1.28812453e+09
0.0750	0.0750	0.1050	1.61198263e+09
0.0750	0.0750	0.1150	1.89085738e+09
0.0750	0.0750	0.1250	1.42859362e+09
0.0750	0.0750	0.1350	1.70007386e+09
0.0750	0.0750	0.1450	1.89148207e+09
0.0750	0.0850	0.0850	8.21218310e+08
0.0750	0.0850	0.0950	8.26765469e+08
0.0750	0.0850	0.1050	1.15039555e+09
0.0750	0.0850	0.1150	1.16276150e+09
0.0750	0.0850	0.1250	1.17154239e+09
0.0750	0.0850	0.1350	1.18116801e+09
0.0750	0.0850	0.1450	1.45492536e+09
0.0750	0.0950	0.0950	1.33044296e+09
0.0750	0.0950	0.1050	7.98009238e+08
0.0750	0.0950	0.1150	8.54711201e+08
0.0750	0.0950	0.1250	8.59526809e+08
0.0750	0.0950	0.1350	1.05561390e+09
0.0750	0.0950	0.1450	8.95224685e+08
0.0750	0.1050	0.1050	8.02195860e+08
0.0750	0.1050	0.1150	6.92752220e+08
0.0750	0.1050	0.1250	9.76000350e+08
0.0750	0.1050	0.1350	1.04068439e+09
0.0750	0.1050	0.1450	8.77386742e+08
0.0750	0.1150	0.1150	3.67862071e+08
0.0750	0.1150	0.1250	7.14306054e+08
0.0750	0.1150	0.1350	7.96027719e+08
0.0750	0.1150	0.1450	7.06914651e+08
0.0750	0.1250	0.1250	7.52647716e+08
0.0750	0.1250	0.1350	8.82162265e+08
0.0750	0.1250	0.1450	8.17088818e+08
0.0750	0.1350	0.1350	7.09514009e+08
0.0750	0.1350	0.1450	5.90811467e+08
0.0750	0.1450	0.1450	4.16603232e+08
0.0850	0.0850	0.0850	6.96103126e+08
0.0850	0.0850	0.0950	1.25495551e+09
0.0850	0.0850	0.1050	1.03207812e+09
0.0850	0.0850	0.1150	8.72302105e+08
0.0850	0.0850	0.1250	1.08725916e+09
0.0850	0.0850	0.1350	1.15056749e+09
0.0850	0.0850	0.1450	1.05450157e+09
0.0850	0.0950	0.0950	1.05203305e+09
0.0850	0.0950	0.1050	1.09943562e+09
0.0850	0.0950	0.1150	7.75328227e+08
0.0850	0.0950	0.1250	6.58918433e+08
0.0850	0.0950	0.1350	7.05140745e+08
0.0850	0.0950	0.1450	8.63912528e+08
0.0850	0.1050	0.1050	5.93690664e+08
0.0850	0.1050	0.1150	7.76700082e+08
0.0850	0.1050	0.1250	6.34788728e+08
0.0850	0.1050	0.1350	7.13946237e+08
0.0850	0.1050	0.1450	7.74371540e+08
0.0850	0.1150	0.1150	7.95260835e+08
0.0850	0.1150	0.1250	6.64787826e+08
0.0850	0.1150	0.1350	7.00977661e+08
0.0850	0.1150	0.1450	6.75703737e+08
0.0850	0.1250	0.1250	5.22394532e+08
0.0850	0.1250	0.1350	5.84273467e+08
0.0850	0.1250	0.1450	3.93926479e+08
0.0850	0.1350	0.1350	6.39922549e+08
0.0850	0.1350	0.1450	6.50118575e+08
0.0850	0.1450	0.1450	4.39098582e+08
0.0950	0.0950	0.0950	3.44436822e+08
0.0950	0.0950	0.1050	3.62006419e+08
0.0950	0.0950	0.1150	4.98815316e+08
0.0950	0.0950	0.1250	7.48084910e+08
0.0950	0.0950	0.1350	5.73624720e+08
0.0950	0.0950	0.1450	6.39801519e+08
0.0950	0.1050	0.1050	7.22814462e+08
0.0950	0.1050	0.1150	7.21027144e+08
0.0950	0.1050	0.1250	7.13796149e+08
0.0950	0.1050	0.1350	6.94379496e+08
0.0950	0.1050	0.1450	4.79403991e+08
0.0950	0.1150	0.1150	4.15683121e+08
0.0950	0.1150	0.1250	4.65034214e+08
0.0950	0.1150	0.1350	6.63604641e+08
0.0950	0.1150	0.1450	4.73658105e+08
0.0950	0.1250	0.1250	6.48799765e+08
0.0950	0.1250	0.1350	4.84239507e+08
0.0950	0.1250	0.1450	6.63716973e+08
0.0950	0.1350	0.1350	6.35166797e+08
0.0950	0.1350	0.1450	4.64834637e+08
0.0950	0.1450	0.1450	4.35498299e+08
0.1050	0.1050	0.1050	7.49297837e+08
0.1050	0.1050	0.1150	7.13788999e+08
0.1050	0.1050	0.1250	4.58589857e+08
0.1050	0.1050	0.1350	6.35790778e+08
0.1050	0.1050	0.1450	4.61272749e+08
0.1050	0.1150	0.1150	4.11540280e+08
0.1050	0.1150	0.1250	3.74921220e+08
0.1050	0.1150	0.1350	5.37016945e+08
0.1050	0.1150	0.1450	5.38444721e+08
0.1050	0.1250	0.1250	5.35311153e+08
0.1050	0.1250	0.1350	5.75060416e+08
0.1050	0.1250	0.1450	3.91317438e+08
0.1050	0.1350	0.1350	3.99596723e+08
0.1050	0.1350	0.1450	4.97067313e+08
0.1050	0.1450	0.1450	4.45024524e+08
0.1150	0.1150	0.1150	2.29534147e+08
0.1150	0.1150	0.1250	6.27464366e+08
0.1150	0.1150	0.1350	3.69232709e+08
0.1150	0.1150	0.1450	4.06597293e+08
0.1150	0.1250	0.1250	4.39025085e+08
0.1150	0.1250	0.1350	4.72042307e+08
0.1150	0.1250	0.1450	4.54498512e+08
0.1150	0.1350	0.1350	4.68180801e+08
0.1150	0.1350	0.1450	4.38427425e+08
0.1150	0.1450	0.1450	3.76077851e+08
0.1250	0.1250	0.1250	2.83144826e+08
0.1250	0.1250	0.1350	4.50676812e+08
0.1250	0.1250	0.1450	4.53523513e+08
0.1250	0.1350	0.1350	3.71779661e+08
0.1250	0.1350	0.1450	4.44285109e+08
0.1250	0.1450	0.1450	3.71134572e+08
0.1350	0.1350	0.1350	3.78429842e+08
0.1350	0.1350	0.1450	3.61826995e+08
0.1350	0.1450	0.1450	4.36964329e+08
0.1450	0.1450	0.1450	1.83019697e+08
