####### Bispectrum of Patchy Simulation 168 #############
# Patch: sgc
# z-type: z1
# Weights: fkp
# Fiducial Omega_m: 0.310
# Fiducial h: 0.676
# Boxsize: [1000.0, 1900.0, 1100.0]
# Grid: [95, 180, 105]
# k-binning: [0.000, 0.160, 0.010]
# Monte Carlo Simulations: 100
#
# Format: k1 | k2 | k3 | B(k1,k2,k3)
############################################
0.0150	0.0150	0.0150	1.20938322e+10
0.0150	0.0150	0.0250	-3.38730352e+09
0.0150	0.0150	0.0350	-7.12195174e+09
0.0150	0.0250	0.0250	1.49486139e+10
0.0150	0.0250	0.0350	2.38166260e+10
0.0150	0.0250	0.0450	8.97834565e+09
0.0150	0.0350	0.0350	1.96243469e+10
0.0150	0.0350	0.0450	1.44868820e+10
0.0150	0.0350	0.0550	-4.48035648e+09
0.0150	0.0450	0.0450	-2.02554059e+09
0.0150	0.0450	0.0550	2.29901965e+08
0.0150	0.0450	0.0650	-4.75067299e+09
0.0150	0.0550	0.0550	8.51473392e+09
0.0150	0.0550	0.0650	3.95345176e+09
0.0150	0.0550	0.0750	-2.72910641e+09
0.0150	0.0650	0.0650	1.54314459e+09
0.0150	0.0650	0.0750	2.70996283e+09
0.0150	0.0650	0.0850	1.07391389e+10
0.0150	0.0750	0.0750	5.30303541e+08
0.0150	0.0750	0.0850	5.75860907e+09
0.0150	0.0750	0.0950	2.63614530e+09
0.0150	0.0850	0.0850	3.10015878e+09
0.0150	0.0850	0.0950	1.65834109e+09
0.0150	0.0850	0.1050	2.87787805e+09
0.0150	0.0950	0.0950	4.59748655e+09
0.0150	0.0950	0.1050	1.47588488e+09
0.0150	0.0950	0.1150	4.44970615e+09
0.0150	0.1050	0.1050	2.60816677e+09
0.0150	0.1050	0.1150	8.59188371e+08
0.0150	0.1050	0.1250	2.25181889e+09
0.0150	0.1150	0.1150	2.18234761e+09
0.0150	0.1150	0.1250	2.19073806e+09
0.0150	0.1150	0.1350	8.33182123e+08
0.0150	0.1250	0.1250	1.19870677e+09
0.0150	0.1250	0.1350	1.64127435e+09
0.0150	0.1250	0.1450	1.78856651e+09
0.0150	0.1350	0.1350	2.20807365e+09
0.0150	0.1350	0.1450	9.81824864e+08
0.0150	0.1450	0.1450	6.05590373e+08
0.0250	0.0250	0.0250	-5.81034038e+10
0.0250	0.0250	0.0350	-1.87726250e+09
0.0250	0.0250	0.0450	8.75931065e+09
0.0250	0.0250	0.0550	5.65962381e+10
0.0250	0.0350	0.0350	1.12047486e+10
0.0250	0.0350	0.0450	1.15113617e+10
0.0250	0.0350	0.0550	8.52740188e+09
0.0250	0.0350	0.0650	1.30373994e+10
0.0250	0.0450	0.0450	5.68046037e+09
0.0250	0.0450	0.0550	9.59478755e+09
0.0250	0.0450	0.0650	5.95461400e+09
0.0250	0.0450	0.0750	1.03591656e+10
0.0250	0.0550	0.0550	3.95889185e+09
0.0250	0.0550	0.0650	4.57522100e+09
0.0250	0.0550	0.0750	9.37404571e+09
0.0250	0.0550	0.0850	7.97421791e+09
0.0250	0.0650	0.0650	1.60685529e+09
0.0250	0.0650	0.0750	3.55861041e+09
0.0250	0.0650	0.0850	2.22943618e+09
0.0250	0.0650	0.0950	4.62280150e+09
0.0250	0.0750	0.0750	4.93661741e+09
0.0250	0.0750	0.0850	7.31753454e+08
0.0250	0.0750	0.0950	4.59138910e+09
0.0250	0.0750	0.1050	1.05146100e+10
0.0250	0.0850	0.0850	3.66162394e+09
0.0250	0.0850	0.0950	4.38076142e+09
0.0250	0.0850	0.1050	1.83720965e+09
0.0250	0.0850	0.1150	1.87009668e+09
0.0250	0.0950	0.0950	2.05556876e+09
0.0250	0.0950	0.1050	1.28392733e+09
0.0250	0.0950	0.1150	3.86772275e+09
0.0250	0.0950	0.1250	4.79698469e+09
0.0250	0.1050	0.1050	9.56369160e+08
0.0250	0.1050	0.1150	1.29959696e+09
0.0250	0.1050	0.1250	2.96797888e+09
0.0250	0.1050	0.1350	5.23751714e+09
0.0250	0.1150	0.1150	2.89461259e+09
0.0250	0.1150	0.1250	8.98368177e+08
0.0250	0.1150	0.1350	3.14682963e+09
0.0250	0.1150	0.1450	3.52120089e+09
0.0250	0.1250	0.1250	1.34716465e+09
0.0250	0.1250	0.1350	2.24961526e+09
0.0250	0.1250	0.1450	2.06502610e+09
0.0250	0.1350	0.1350	5.09373404e+08
0.0250	0.1350	0.1450	1.67104794e+09
0.0250	0.1450	0.1450	1.45678253e+09
0.0350	0.0350	0.0350	1.19349184e+10
0.0350	0.0350	0.0450	3.87446759e+09
0.0350	0.0350	0.0550	6.96198446e+09
0.0350	0.0350	0.0650	1.28958240e+10
0.0350	0.0350	0.0750	4.02801743e+09
0.0350	0.0450	0.0450	1.01642194e+09
0.0350	0.0450	0.0550	2.51402758e+09
0.0350	0.0450	0.0650	2.73817412e+09
0.0350	0.0450	0.0750	3.02307179e+09
0.0350	0.0450	0.0850	1.06623297e+09
0.0350	0.0550	0.0550	2.29435422e+09
0.0350	0.0550	0.0650	1.94498194e+09
0.0350	0.0550	0.0750	5.40854288e+09
0.0350	0.0550	0.0850	7.52122874e+09
0.0350	0.0550	0.0950	1.96657528e+09
0.0350	0.0650	0.0650	-5.81890635e+08
0.0350	0.0650	0.0750	2.13993738e+09
0.0350	0.0650	0.0850	3.77169891e+09
0.0350	0.0650	0.0950	4.53120257e+09
0.0350	0.0650	0.1050	2.53778182e+09
0.0350	0.0750	0.0750	2.07072629e+09
0.0350	0.0750	0.0850	2.87279641e+09
0.0350	0.0750	0.0950	2.00343975e+09
0.0350	0.0750	0.1050	3.04509867e+09
0.0350	0.0750	0.1150	2.80916871e+09
0.0350	0.0850	0.0850	1.06993777e+09
0.0350	0.0850	0.0950	2.81775135e+09
0.0350	0.0850	0.1050	1.13100103e+09
0.0350	0.0850	0.1150	4.20238169e+09
0.0350	0.0850	0.1250	9.88115993e+08
0.0350	0.0950	0.0950	2.06242860e+09
0.0350	0.0950	0.1050	1.93154930e+09
0.0350	0.0950	0.1150	1.47131200e+09
0.0350	0.0950	0.1250	3.04633724e+09
0.0350	0.0950	0.1350	2.05531132e+09
0.0350	0.1050	0.1050	2.25216817e+09
0.0350	0.1050	0.1150	1.25207634e+09
0.0350	0.1050	0.1250	1.42246273e+09
0.0350	0.1050	0.1350	2.92541982e+09
0.0350	0.1050	0.1450	1.36008127e+09
0.0350	0.1150	0.1150	1.27870697e+09
0.0350	0.1150	0.1250	1.41397628e+09
0.0350	0.1150	0.1350	9.88404595e+08
0.0350	0.1150	0.1450	2.54375948e+09
0.0350	0.1250	0.1250	2.07239740e+09
0.0350	0.1250	0.1350	1.38946769e+09
0.0350	0.1250	0.1450	1.23959359e+09
0.0350	0.1350	0.1350	1.87969782e+09
0.0350	0.1350	0.1450	1.07368706e+09
0.0350	0.1450	0.1450	1.49003329e+09
0.0450	0.0450	0.0450	-1.95003635e+09
0.0450	0.0450	0.0550	1.96154915e+09
0.0450	0.0450	0.0650	2.51068465e+09
0.0450	0.0450	0.0750	2.26706553e+09
0.0450	0.0450	0.0850	1.89121285e+09
0.0450	0.0450	0.0950	4.28297710e+09
0.0450	0.0550	0.0550	-3.28406718e+09
0.0450	0.0550	0.0650	3.49581852e+09
0.0450	0.0550	0.0750	3.14879797e+09
0.0450	0.0550	0.0850	1.65093792e+09
0.0450	0.0550	0.0950	3.68679107e+09
0.0450	0.0550	0.1050	4.33014216e+09
0.0450	0.0650	0.0650	4.23995301e+08
0.0450	0.0650	0.0750	1.47634728e+09
0.0450	0.0650	0.0850	1.11570826e+09
0.0450	0.0650	0.0950	1.86781039e+09
0.0450	0.0650	0.1050	2.48861950e+09
0.0450	0.0650	0.1150	2.50733413e+09
0.0450	0.0750	0.0750	1.90157909e+09
0.0450	0.0750	0.0850	1.05975358e+09
0.0450	0.0750	0.0950	1.73688757e+09
0.0450	0.0750	0.1050	1.94382339e+09
0.0450	0.0750	0.1150	2.37950775e+09
0.0450	0.0750	0.1250	3.64460180e+09
0.0450	0.0850	0.0850	1.79277565e+09
0.0450	0.0850	0.0950	1.24740826e+09
0.0450	0.0850	0.1050	9.92779701e+08
0.0450	0.0850	0.1150	5.79843664e+08
0.0450	0.0850	0.1250	1.86046146e+09
0.0450	0.0850	0.1350	7.67815365e+08
0.0450	0.0950	0.0950	1.83938361e+09
0.0450	0.0950	0.1050	3.23252694e+08
0.0450	0.0950	0.1150	2.00691319e+09
0.0450	0.0950	0.1250	1.40317630e+09
0.0450	0.0950	0.1350	1.84158645e+09
0.0450	0.0950	0.1450	2.30233639e+09
0.0450	0.1050	0.1050	5.81104482e+08
0.0450	0.1050	0.1150	7.01926736e+08
0.0450	0.1050	0.1250	8.60015833e+08
0.0450	0.1050	0.1350	1.27212278e+09
0.0450	0.1050	0.1450	1.08247721e+09
0.0450	0.1150	0.1150	1.17397495e+09
0.0450	0.1150	0.1250	1.02338412e+09
0.0450	0.1150	0.1350	8.50833520e+08
0.0450	0.1150	0.1450	1.15811355e+09
0.0450	0.1250	0.1250	6.96142785e+08
0.0450	0.1250	0.1350	7.81096010e+08
0.0450	0.1250	0.1450	1.05385116e+09
0.0450	0.1350	0.1350	7.52823675e+08
0.0450	0.1350	0.1450	6.38473235e+08
0.0450	0.1450	0.1450	7.65254807e+08
0.0550	0.0550	0.0550	8.67987453e+09
0.0550	0.0550	0.0650	3.87323484e+08
0.0550	0.0550	0.0750	4.07494192e+09
0.0550	0.0550	0.0850	4.67955174e+09
0.0550	0.0550	0.0950	1.35865644e+09
0.0550	0.0550	0.1050	2.10365848e+09
0.0550	0.0550	0.1150	2.92466730e+09
0.0550	0.0650	0.0650	1.33239758e+09
0.0550	0.0650	0.0750	1.53503144e+09
0.0550	0.0650	0.0850	-6.22426648e+08
0.0550	0.0650	0.0950	2.79261531e+09
0.0550	0.0650	0.1050	1.92964810e+09
0.0550	0.0650	0.1150	2.21334213e+09
0.0550	0.0650	0.1250	1.24994671e+09
0.0550	0.0750	0.0750	8.79311656e+07
0.0550	0.0750	0.0850	1.97763839e+09
0.0550	0.0750	0.0950	1.51192507e+09
0.0550	0.0750	0.1050	1.62840572e+09
0.0550	0.0750	0.1150	1.73772558e+09
0.0550	0.0750	0.1250	3.06603897e+09
0.0550	0.0750	0.1350	2.39202991e+09
0.0550	0.0850	0.0850	3.98917385e+08
0.0550	0.0850	0.0950	1.60464744e+09
0.0550	0.0850	0.1050	8.29460787e+08
0.0550	0.0850	0.1150	1.70276633e+09
0.0550	0.0850	0.1250	1.49318771e+09
0.0550	0.0850	0.1350	2.62219351e+09
0.0550	0.0850	0.1450	1.85349864e+09
0.0550	0.0950	0.0950	1.56789964e+09
0.0550	0.0950	0.1050	1.08167134e+09
0.0550	0.0950	0.1150	8.83539335e+08
0.0550	0.0950	0.1250	1.25372779e+09
0.0550	0.0950	0.1350	1.53732211e+09
0.0550	0.0950	0.1450	1.97910444e+09
0.0550	0.1050	0.1050	6.93261627e+08
0.0550	0.1050	0.1150	7.71016583e+08
0.0550	0.1050	0.1250	8.56043305e+08
0.0550	0.1050	0.1350	1.09298862e+09
0.0550	0.1050	0.1450	1.24684270e+09
0.0550	0.1150	0.1150	7.35575550e+08
0.0550	0.1150	0.1250	6.57367130e+08
0.0550	0.1150	0.1350	1.12764687e+09
0.0550	0.1150	0.1450	9.95187524e+08
0.0550	0.1250	0.1250	1.19680610e+09
0.0550	0.1250	0.1350	1.02978089e+09
0.0550	0.1250	0.1450	1.27081970e+09
0.0550	0.1350	0.1350	1.49385623e+09
0.0550	0.1350	0.1450	7.50267154e+08
0.0550	0.1450	0.1450	6.53985758e+08
0.0650	0.0650	0.0650	-5.48231767e+08
0.0650	0.0650	0.0750	2.39179408e+09
0.0650	0.0650	0.0850	2.06730841e+09
0.0650	0.0650	0.0950	3.69875035e+08
0.0650	0.0650	0.1050	1.83929919e+09
0.0650	0.0650	0.1150	9.57584928e+08
0.0650	0.0650	0.1250	1.78998279e+09
0.0650	0.0650	0.1350	9.35717264e+08
0.0650	0.0750	0.0750	1.48913836e+09
0.0650	0.0750	0.0850	1.00422479e+09
0.0650	0.0750	0.0950	8.25799388e+08
0.0650	0.0750	0.1050	1.19607712e+09
0.0650	0.0750	0.1150	1.00101799e+09
0.0650	0.0750	0.1250	1.82732601e+09
0.0650	0.0750	0.1350	1.57587996e+09
0.0650	0.0750	0.1450	1.23024137e+09
0.0650	0.0850	0.0850	1.03930785e+09
0.0650	0.0850	0.0950	1.51417091e+09
0.0650	0.0850	0.1050	1.14131897e+09
0.0650	0.0850	0.1150	1.25596610e+09
0.0650	0.0850	0.1250	1.52351564e+09
0.0650	0.0850	0.1350	1.20518065e+09
0.0650	0.0850	0.1450	1.48023295e+09
0.0650	0.0950	0.0950	7.58378186e+08
0.0650	0.0950	0.1050	1.89789519e+08
0.0650	0.0950	0.1150	1.31909228e+09
0.0650	0.0950	0.1250	8.68060961e+08
0.0650	0.0950	0.1350	7.00703779e+08
0.0650	0.0950	0.1450	1.17847114e+09
0.0650	0.1050	0.1050	1.27376725e+09
0.0650	0.1050	0.1150	6.76604752e+08
0.0650	0.1050	0.1250	5.46058540e+08
0.0650	0.1050	0.1350	7.96382839e+08
0.0650	0.1050	0.1450	8.07848825e+08
0.0650	0.1150	0.1150	1.10626646e+09
0.0650	0.1150	0.1250	7.85545711e+08
0.0650	0.1150	0.1350	3.93811026e+08
0.0650	0.1150	0.1450	7.89426383e+08
0.0650	0.1250	0.1250	6.72158993e+08
0.0650	0.1250	0.1350	4.67683715e+08
0.0650	0.1250	0.1450	7.21946211e+08
0.0650	0.1350	0.1350	5.67456183e+08
0.0650	0.1350	0.1450	7.50859662e+08
0.0650	0.1450	0.1450	4.58357411e+08
0.0750	0.0750	0.0750	3.14674966e+09
0.0750	0.0750	0.0850	6.97907327e+08
0.0750	0.0750	0.0950	1.41838813e+09
0.0750	0.0750	0.1050	1.72621392e+08
0.0750	0.0750	0.1150	1.26664568e+09
0.0750	0.0750	0.1250	1.19073753e+09
0.0750	0.0750	0.1350	1.36243369e+09
0.0750	0.0750	0.1450	1.76929987e+09
0.0750	0.0850	0.0850	1.64435132e+09
0.0750	0.0850	0.0950	6.20886645e+08
0.0750	0.0850	0.1050	5.62007434e+08
0.0750	0.0850	0.1150	1.08300248e+09
0.0750	0.0850	0.1250	7.29936452e+08
0.0750	0.0850	0.1350	9.47664147e+08
0.0750	0.0850	0.1450	9.18711559e+08
0.0750	0.0950	0.0950	1.66363935e+09
0.0750	0.0950	0.1050	4.77201253e+08
0.0750	0.0950	0.1150	8.23888659e+08
0.0750	0.0950	0.1250	1.15229417e+09
0.0750	0.0950	0.1350	9.27527025e+08
0.0750	0.0950	0.1450	1.04069567e+09
0.0750	0.1050	0.1050	7.28025668e+08
0.0750	0.1050	0.1150	3.64895974e+08
0.0750	0.1050	0.1250	7.64238868e+08
0.0750	0.1050	0.1350	2.15962336e+08
0.0750	0.1050	0.1450	9.22154460e+08
0.0750	0.1150	0.1150	6.87578301e+08
0.0750	0.1150	0.1250	7.82839094e+08
0.0750	0.1150	0.1350	1.03808067e+09
0.0750	0.1150	0.1450	7.78108225e+08
0.0750	0.1250	0.1250	1.81990889e+08
0.0750	0.1250	0.1350	7.19237054e+08
0.0750	0.1250	0.1450	6.88767521e+08
0.0750	0.1350	0.1350	2.98078545e+08
0.0750	0.1350	0.1450	8.76828165e+08
0.0750	0.1450	0.1450	6.14385577e+08
0.0850	0.0850	0.0850	2.66237234e+09
0.0850	0.0850	0.0950	7.78913018e+08
0.0850	0.0850	0.1050	7.18126361e+07
0.0850	0.0850	0.1150	4.83137604e+08
0.0850	0.0850	0.1250	3.98142651e+08
0.0850	0.0850	0.1350	1.21598843e+09
0.0850	0.0850	0.1450	7.36100442e+08
0.0850	0.0950	0.0950	7.68897019e+08
0.0850	0.0950	0.1050	1.18489928e+09
0.0850	0.0950	0.1150	8.04922767e+08
0.0850	0.0950	0.1250	6.56995231e+08
0.0850	0.0950	0.1350	6.17161826e+08
0.0850	0.0950	0.1450	7.89011789e+08
0.0850	0.1050	0.1050	3.87945396e+08
0.0850	0.1050	0.1150	8.82407457e+08
0.0850	0.1050	0.1250	6.26594537e+08
0.0850	0.1050	0.1350	9.50302223e+08
0.0850	0.1050	0.1450	4.70627353e+08
0.0850	0.1150	0.1150	6.55936190e+08
0.0850	0.1150	0.1250	7.18364650e+08
0.0850	0.1150	0.1350	4.67501821e+08
0.0850	0.1150	0.1450	7.91418792e+08
0.0850	0.1250	0.1250	9.92033062e+08
0.0850	0.1250	0.1350	7.61582093e+08
0.0850	0.1250	0.1450	3.50345690e+08
0.0850	0.1350	0.1350	6.25566626e+08
0.0850	0.1350	0.1450	7.18815802e+08
0.0850	0.1450	0.1450	4.85743846e+08
0.0950	0.0950	0.0950	1.08947824e+09
0.0950	0.0950	0.1050	9.00275626e+08
0.0950	0.0950	0.1150	7.07497111e+08
0.0950	0.0950	0.1250	7.57435941e+08
0.0950	0.0950	0.1350	6.21055237e+08
0.0950	0.0950	0.1450	1.16179207e+09
0.0950	0.1050	0.1050	1.68881789e+08
0.0950	0.1050	0.1150	4.52285493e+08
0.0950	0.1050	0.1250	5.92655535e+08
0.0950	0.1050	0.1350	4.83713626e+08
0.0950	0.1050	0.1450	4.12922898e+08
0.0950	0.1150	0.1150	5.01260763e+08
0.0950	0.1150	0.1250	7.27524217e+08
0.0950	0.1150	0.1350	5.78249864e+08
0.0950	0.1150	0.1450	4.15652486e+08
0.0950	0.1250	0.1250	2.52753517e+08
0.0950	0.1250	0.1350	5.05009809e+08
0.0950	0.1250	0.1450	8.74750744e+08
0.0950	0.1350	0.1350	4.57630824e+08
0.0950	0.1350	0.1450	3.75575177e+08
0.0950	0.1450	0.1450	3.32008861e+08
0.1050	0.1050	0.1050	1.12704742e+09
0.1050	0.1050	0.1150	1.88670033e+08
0.1050	0.1050	0.1250	3.87704396e+08
0.1050	0.1050	0.1350	7.11178112e+08
0.1050	0.1050	0.1450	5.88896531e+08
0.1050	0.1150	0.1150	6.93944759e+08
0.1050	0.1150	0.1250	5.25279224e+08
0.1050	0.1150	0.1350	4.21538713e+08
0.1050	0.1150	0.1450	4.68167787e+08
0.1050	0.1250	0.1250	7.99694537e+08
0.1050	0.1250	0.1350	3.29249296e+08
0.1050	0.1250	0.1450	3.25376577e+08
0.1050	0.1350	0.1350	6.18123911e+08
0.1050	0.1350	0.1450	4.42761804e+08
0.1050	0.1450	0.1450	4.88167393e+08
0.1150	0.1150	0.1150	2.69272764e+08
0.1150	0.1150	0.1250	5.93236928e+08
0.1150	0.1150	0.1350	6.56197771e+08
0.1150	0.1150	0.1450	5.17216716e+08
0.1150	0.1250	0.1250	5.94691317e+08
0.1150	0.1250	0.1350	2.79844978e+08
0.1150	0.1250	0.1450	5.29150202e+08
0.1150	0.1350	0.1350	4.81936953e+08
0.1150	0.1350	0.1450	2.70588981e+08
0.1150	0.1450	0.1450	3.79417034e+08
0.1250	0.1250	0.1250	5.68784347e+08
0.1250	0.1250	0.1350	3.75079958e+08
0.1250	0.1250	0.1450	5.67564040e+08
0.1250	0.1350	0.1350	3.96984476e+08
0.1250	0.1350	0.1450	3.76932032e+08
0.1250	0.1450	0.1450	3.30898190e+08
0.1350	0.1350	0.1350	4.68994764e+08
0.1350	0.1350	0.1450	3.20685306e+08
0.1350	0.1450	0.1450	4.72685461e+08
0.1450	0.1450	0.1450	6.56133832e+08
