####### Bispectrum of patchy_s1_ Simulation 252 #############
# Weights: FKP
# Fiducial Omega_m: 0.310
# Fiducial h: 0.676
# Boxsize: [1000.0, 1900.0, 1100.0]
# Grid: [95, 250, 140]
# k-binning: [0.000, 0.110, 0.010]
# l-max: 4
# Monte Carlo Simulations: 100
#
# Format: k1 | k2 | k3 | B(k1,k2,k3) | B2(k1,k2,k3) | B4(k1,k2,k3)
############################################
0.0150	0.0150	0.0150	-9.63504066e+09	7.10550304e+10	5.48024598e+10
0.0150	0.0150	0.0250	9.58011316e+08	-4.88068112e+10	-1.98726200e+09
0.0150	0.0250	0.0250	3.33576461e+09	2.28665163e+10	1.05864423e+10
0.0150	0.0250	0.0350	8.10000585e+08	9.70638185e+09	-1.53011776e+10
0.0150	0.0350	0.0350	1.46193027e+10	-3.11111278e+10	1.01182633e+10
0.0150	0.0350	0.0450	4.33087986e+08	6.22375835e+09	-2.18792738e+10
0.0150	0.0450	0.0450	-1.67697711e+07	1.78678711e+10	-2.58646290e+09
0.0150	0.0450	0.0550	5.70233112e+09	1.29383245e+10	-1.75778717e+09
0.0150	0.0550	0.0550	9.66116436e+09	-9.84862046e+09	-1.29923189e+10
0.0150	0.0550	0.0650	2.87690177e+09	-8.69338526e+08	-3.85782491e+08
0.0150	0.0650	0.0650	4.31096266e+09	5.83185696e+09	1.32629798e+10
0.0150	0.0650	0.0750	4.38944862e+09	-5.36392843e+09	5.40208522e+08
0.0150	0.0750	0.0750	-8.35442827e+08	-3.87815839e+09	1.21486908e+10
0.0250	0.0250	0.0250	-6.00540604e+10	-2.36102875e+10	-1.17925922e+10
0.0250	0.0250	0.0350	2.25685169e+10	-3.59826465e+08	-4.38444560e+10
0.0250	0.0250	0.0450	6.26507329e+09	-3.56472983e+10	-5.87657403e+10
0.0250	0.0350	0.0350	-4.21127840e+08	-2.43339889e+09	2.07105324e+09
0.0250	0.0350	0.0450	8.86398564e+09	7.87251518e+09	1.71734992e+10
0.0250	0.0350	0.0550	3.59689430e+09	5.96234435e+09	-2.60826650e+10
0.0250	0.0450	0.0450	3.52718859e+09	3.73983616e+08	-1.32075578e+10
0.0250	0.0450	0.0550	4.17740824e+09	-3.27098653e+09	1.10229862e+10
0.0250	0.0450	0.0650	9.15534207e+09	9.57683186e+09	1.22329526e+10
0.0250	0.0550	0.0550	3.52343061e+09	4.07517883e+09	-8.90367559e+09
0.0250	0.0550	0.0650	9.29413590e+09	5.23452512e+09	-9.47327126e+09
0.0250	0.0550	0.0750	3.78889925e+09	3.77386117e+09	-1.84544676e+09
0.0250	0.0650	0.0650	-2.90641259e+09	-8.53780408e+08	9.63280486e+09
0.0250	0.0650	0.0750	2.55224856e+09	3.35384764e+09	-6.68194022e+09
0.0250	0.0750	0.0750	1.88294759e+09	-4.46726495e+09	7.57261934e+09
0.0350	0.0350	0.0350	1.60409268e+10	1.84671940e+10	-2.31176561e+10
0.0350	0.0350	0.0450	-2.66489057e+09	2.15775060e+09	8.12082742e+09
0.0350	0.0350	0.0550	8.90597365e+09	1.07889623e+10	7.28678777e+09
0.0350	0.0350	0.0650	5.05897849e+08	5.09844701e+09	-1.78141429e+10
0.0350	0.0450	0.0450	8.71344842e+09	-2.19467422e+09	7.81327358e+09
0.0350	0.0450	0.0550	6.45197423e+09	-7.46461858e+09	-2.59829541e+09
0.0350	0.0450	0.0650	5.87914443e+09	4.16970214e+09	2.79769546e+08
0.0350	0.0450	0.0750	9.80277358e+09	2.28130231e+09	-6.91157017e+09
0.0350	0.0550	0.0550	3.68440458e+09	5.94336427e+09	1.00139052e+09
0.0350	0.0550	0.0650	2.67193807e+09	1.13359484e+09	1.21720962e+09
0.0350	0.0550	0.0750	3.34125207e+09	4.41286774e+08	1.87077720e+08
0.0350	0.0650	0.0650	4.98431045e+09	2.71484748e+09	-4.15047520e+09
0.0350	0.0650	0.0750	2.39588353e+09	9.71500393e+08	-2.95195817e+09
0.0350	0.0750	0.0750	3.58494928e+09	3.76167605e+09	3.19011687e+09
0.0450	0.0450	0.0450	6.03441670e+09	1.37627633e+09	-5.83162047e+09
0.0450	0.0450	0.0550	1.13804826e+09	-3.72877105e+09	-1.43717796e+10
0.0450	0.0450	0.0650	4.47673088e+09	-1.12575192e+09	-6.79653673e+09
0.0450	0.0450	0.0750	1.87762437e+09	7.42721162e+08	1.29861060e+10
0.0450	0.0550	0.0550	1.64766723e+09	4.46308248e+08	8.13423465e+08
0.0450	0.0550	0.0650	3.28851562e+09	7.33071990e+08	2.59725820e+09
0.0450	0.0550	0.0750	2.94764007e+09	2.30412286e+09	-1.63194943e+09
0.0450	0.0650	0.0650	-1.26464057e+08	3.52622371e+08	-2.27749081e+09
0.0450	0.0650	0.0750	2.67392971e+09	-1.12545342e+09	4.11222190e+08
0.0450	0.0750	0.0750	7.44622573e+08	1.99944659e+09	3.32001103e+09
0.0550	0.0550	0.0550	-3.02600404e+09	1.76636879e+09	-2.71430218e+09
0.0550	0.0550	0.0650	4.22483723e+09	6.58477871e+09	1.83791144e+09
0.0550	0.0550	0.0750	1.34823286e+09	-3.52633855e+09	-5.86924658e+09
0.0550	0.0650	0.0650	1.80600676e+09	-3.61325437e+09	-5.49613946e+08
0.0550	0.0650	0.0750	1.50983664e+09	2.31929302e+09	3.86182565e+09
0.0550	0.0750	0.0750	1.56330119e+09	-1.55097659e+09	7.51915620e+08
0.0650	0.0650	0.0650	-4.85997198e+08	9.03544142e+08	9.08698015e+08
0.0650	0.0650	0.0750	2.05078130e+09	-2.59790070e+07	3.45057208e+09
0.0650	0.0750	0.0750	8.27857395e+08	-1.46279290e+09	-1.99342868e+09
0.0750	0.0750	0.0750	-8.26727414e+07	-2.15149830e+09	-6.67025756e+08
