####### Bispectrum of patchy_s1_ Simulation 854 #############
# Weights: FKP
# Fiducial Omega_m: 0.310
# Fiducial h: 0.676
# Boxsize: [1000.0, 1900.0, 1100.0]
# Grid: [95, 250, 140]
# k-binning: [0.000, 0.110, 0.010]
# l-max: 4
# Monte Carlo Simulations: 100
#
# Format: k1 | k2 | k3 | B(k1,k2,k3) | B2(k1,k2,k3) | B4(k1,k2,k3)
############################################
0.0150	0.0150	0.0150	5.45564845e+10	-9.73699813e+10	9.64807057e+10
0.0150	0.0150	0.0250	-2.45911965e+10	4.04656650e+10	2.24414257e+10
0.0150	0.0250	0.0250	-1.38011778e+10	-3.57101334e+10	2.54666874e+10
0.0150	0.0250	0.0350	3.21954061e+08	1.10237592e+10	2.42938255e+10
0.0150	0.0350	0.0350	4.61680148e+09	-2.81564454e+10	4.14624652e+09
0.0150	0.0350	0.0450	1.08887295e+10	2.11233188e+09	-1.75143716e+10
0.0150	0.0450	0.0450	9.98043606e+09	3.39432033e+10	5.38417643e+10
0.0150	0.0450	0.0550	4.16543442e+09	-1.50705775e+10	-1.03612010e+10
0.0150	0.0550	0.0550	1.04550824e+09	8.63271897e+08	7.36980831e+09
0.0150	0.0550	0.0650	1.78693100e+09	-5.04072761e+09	4.30143702e+09
0.0150	0.0650	0.0650	7.61052970e+09	6.44413776e+09	-2.32720935e+10
0.0150	0.0650	0.0750	4.87772915e+09	-3.15139409e+09	5.23743982e+09
0.0150	0.0750	0.0750	4.74899305e+09	1.48646950e+10	7.33027382e+09
0.0250	0.0250	0.0250	2.62338136e+10	7.61202675e+09	2.43122539e+10
0.0250	0.0250	0.0350	-1.38206554e+09	4.14761057e+10	-2.33607938e+10
0.0250	0.0250	0.0450	7.73183388e+09	1.66852402e+10	5.83382968e+10
0.0250	0.0350	0.0350	3.44704485e+09	5.72914779e+09	1.35828779e+10
0.0250	0.0350	0.0450	6.52296698e+09	2.44225426e+10	-8.51622186e+09
0.0250	0.0350	0.0550	3.07704094e+09	7.55943745e+09	-6.77310406e+09
0.0250	0.0450	0.0450	1.10640765e+09	-6.10754448e+09	1.33226219e+10
0.0250	0.0450	0.0550	3.39319940e+09	-2.89448105e+09	3.75584610e+09
0.0250	0.0450	0.0650	4.67876915e+09	-1.41658063e+09	1.65355025e+09
0.0250	0.0550	0.0550	2.64520280e+09	1.49496883e+09	5.59375803e+09
0.0250	0.0550	0.0650	1.23717585e+09	-3.59013168e+09	-1.83617087e+08
0.0250	0.0550	0.0750	4.78487812e+09	3.45454460e+09	-3.71986417e+09
0.0250	0.0650	0.0650	3.02486967e+09	9.17029611e+08	1.87155689e+08
0.0250	0.0650	0.0750	3.28054925e+09	3.34122851e+09	-1.20301192e+09
0.0250	0.0750	0.0750	2.20867123e+09	4.55912522e+09	3.22194876e+09
0.0350	0.0350	0.0350	-1.60673637e+09	-1.03108790e+10	-1.18175047e+10
0.0350	0.0350	0.0450	7.07572680e+09	7.66512068e+09	-4.74505152e+09
0.0350	0.0350	0.0550	3.42207575e+09	1.55830402e+09	3.18850403e+09
0.0350	0.0350	0.0650	5.53379432e+09	-6.90508178e+09	-7.61371039e+09
0.0350	0.0450	0.0450	7.56727906e+09	1.42745238e+10	8.67215360e+09
0.0350	0.0450	0.0550	2.85282191e+09	-3.08237648e+09	-1.06306284e+10
0.0350	0.0450	0.0650	4.63488083e+09	5.87659681e+09	1.02044652e+10
0.0350	0.0450	0.0750	2.07320211e+09	-5.98469296e+08	5.90088272e+09
0.0350	0.0550	0.0550	2.76284656e+09	-6.92273371e+07	-3.83204187e+09
0.0350	0.0550	0.0650	3.12651124e+09	3.35859948e+09	1.40839187e+09
0.0350	0.0550	0.0750	3.98118663e+09	4.44422311e+09	-6.09034273e+09
0.0350	0.0650	0.0650	2.88070554e+09	4.34692335e+09	1.61846174e+09
0.0350	0.0650	0.0750	4.66558782e+09	8.45599646e+08	3.13380466e+09
0.0350	0.0750	0.0750	1.85547861e+09	-2.51053284e+09	3.91202476e+09
0.0450	0.0450	0.0450	9.62854565e+09	-1.71334989e+09	9.13737534e+09
0.0450	0.0450	0.0550	1.88495919e+09	-5.57727568e+09	3.12972497e+09
0.0450	0.0450	0.0650	4.08495916e+09	4.35651235e+09	-4.26577553e+09
0.0450	0.0450	0.0750	3.78300516e+09	-3.07586687e+09	2.61843824e+09
0.0450	0.0550	0.0550	3.57064412e+09	4.69936723e+09	2.74721226e+09
0.0450	0.0550	0.0650	3.08087361e+09	7.64313294e+09	1.46812658e+08
0.0450	0.0550	0.0750	3.76429477e+09	2.48875264e+09	-3.57843637e+09
0.0450	0.0650	0.0650	5.52888150e+08	-6.02363811e+09	-5.03890719e+09
0.0450	0.0650	0.0750	1.67477700e+09	4.14980227e+09	-6.86587212e+09
0.0450	0.0750	0.0750	2.87439402e+09	-9.50167160e+08	-4.82232351e+08
0.0550	0.0550	0.0550	6.05233400e+09	-2.67803375e+09	-3.60785367e+09
0.0550	0.0550	0.0650	1.97609356e+09	1.83590977e+09	-6.90628502e+09
0.0550	0.0550	0.0750	2.59232895e+09	-1.30772410e+09	-2.50211867e+09
0.0550	0.0650	0.0650	2.64367056e+09	4.61511037e+08	1.35531896e+09
0.0550	0.0650	0.0750	2.02353099e+09	3.36639380e+08	-3.10748665e+09
0.0550	0.0750	0.0750	1.32535094e+09	9.27995668e+08	-3.83667082e+08
0.0650	0.0650	0.0650	4.10372669e+09	-3.60049212e+08	8.03600028e+08
0.0650	0.0650	0.0750	1.16105798e+09	-2.77165544e+09	-2.44243669e+09
0.0650	0.0750	0.0750	2.51537160e+09	1.81123069e+09	-1.58647590e+09
0.0750	0.0750	0.0750	-3.58072815e+08	-5.10171264e+08	1.21144310e+09
