####### Bispectrum of Patchy Simulation 1555 #############
# Patch: sgc
# z-type: z1
# Weights: fkp
# Fiducial Omega_m: 0.310
# Fiducial h: 0.676
# Boxsize: [1000.0, 1900.0, 1100.0]
# Grid: [95, 180, 105]
# k-binning: [0.000, 0.160, 0.010]
# Monte Carlo Simulations: 100
#
# Format: k1 | k2 | k3 | B(k1,k2,k3)
############################################
0.0150	0.0150	0.0150	-1.92984306e+10
0.0150	0.0150	0.0250	-1.98316711e+10
0.0150	0.0150	0.0350	-4.32666503e+10
0.0150	0.0250	0.0250	9.56372327e+09
0.0150	0.0250	0.0350	-1.91238542e+09
0.0150	0.0250	0.0450	2.85346560e+10
0.0150	0.0350	0.0350	9.20315464e+09
0.0150	0.0350	0.0450	5.75027341e+09
0.0150	0.0350	0.0550	1.66632576e+10
0.0150	0.0450	0.0450	-6.87467170e+09
0.0150	0.0450	0.0550	9.58455432e+09
0.0150	0.0450	0.0650	1.77362101e+09
0.0150	0.0550	0.0550	1.31686149e+10
0.0150	0.0550	0.0650	1.21643767e+10
0.0150	0.0550	0.0750	1.41603268e+09
0.0150	0.0650	0.0650	3.34462019e+09
0.0150	0.0650	0.0750	4.40050448e+09
0.0150	0.0650	0.0850	1.08836965e+10
0.0150	0.0750	0.0750	6.20518371e+09
0.0150	0.0750	0.0850	1.72088813e+09
0.0150	0.0750	0.0950	8.74620002e+09
0.0150	0.0850	0.0850	2.49706091e+09
0.0150	0.0850	0.0950	4.32901598e+09
0.0150	0.0850	0.1050	3.25239377e+09
0.0150	0.0950	0.0950	2.87445202e+09
0.0150	0.0950	0.1050	3.92568031e+09
0.0150	0.0950	0.1150	6.94420158e+09
0.0150	0.1050	0.1050	3.86963146e+09
0.0150	0.1050	0.1150	1.89398545e+09
0.0150	0.1050	0.1250	1.25426887e+09
0.0150	0.1150	0.1150	2.62607898e+09
0.0150	0.1150	0.1250	2.82806158e+09
0.0150	0.1150	0.1350	5.38879847e+09
0.0150	0.1250	0.1250	1.05142451e+09
0.0150	0.1250	0.1350	2.37793618e+09
0.0150	0.1250	0.1450	3.63635600e+09
0.0150	0.1350	0.1350	2.83324863e+09
0.0150	0.1350	0.1450	1.40079749e+09
0.0150	0.1450	0.1450	1.81527165e+09
0.0250	0.0250	0.0250	1.66570131e+09
0.0250	0.0250	0.0350	1.37417107e+10
0.0250	0.0250	0.0450	-1.58147239e+09
0.0250	0.0250	0.0550	3.04147237e+10
0.0250	0.0350	0.0350	-9.79467726e+09
0.0250	0.0350	0.0450	7.50563295e+09
0.0250	0.0350	0.0550	-5.34391742e+08
0.0250	0.0350	0.0650	1.79743528e+10
0.0250	0.0450	0.0450	-2.09297849e+09
0.0250	0.0450	0.0550	1.52713967e+10
0.0250	0.0450	0.0650	4.60693436e+09
0.0250	0.0450	0.0750	1.96180611e+09
0.0250	0.0550	0.0550	1.83264173e+08
0.0250	0.0550	0.0650	5.61673159e+09
0.0250	0.0550	0.0750	2.37258076e+09
0.0250	0.0550	0.0850	4.17445638e+09
0.0250	0.0650	0.0650	5.86539021e+08
0.0250	0.0650	0.0750	2.95493175e+09
0.0250	0.0650	0.0850	3.33313516e+09
0.0250	0.0650	0.0950	6.11219160e+09
0.0250	0.0750	0.0750	2.62297319e+09
0.0250	0.0750	0.0850	2.78722566e+09
0.0250	0.0750	0.0950	4.60951440e+09
0.0250	0.0750	0.1050	4.43869716e+09
0.0250	0.0850	0.0850	3.60798411e+09
0.0250	0.0850	0.0950	2.86193115e+09
0.0250	0.0850	0.1050	1.81787792e+09
0.0250	0.0850	0.1150	2.67402104e+09
0.0250	0.0950	0.0950	3.11783386e+09
0.0250	0.0950	0.1050	9.01643273e+08
0.0250	0.0950	0.1150	3.04408249e+09
0.0250	0.0950	0.1250	4.06366546e+09
0.0250	0.1050	0.1050	1.14161856e+09
0.0250	0.1050	0.1150	1.18841514e+09
0.0250	0.1050	0.1250	2.31385612e+09
0.0250	0.1050	0.1350	3.20154387e+09
0.0250	0.1150	0.1150	3.47754279e+09
0.0250	0.1150	0.1250	1.54080685e+09
0.0250	0.1150	0.1350	1.02656186e+09
0.0250	0.1150	0.1450	2.47555248e+09
0.0250	0.1250	0.1250	1.56715558e+09
0.0250	0.1250	0.1350	1.17313000e+09
0.0250	0.1250	0.1450	1.90433981e+09
0.0250	0.1350	0.1350	1.50132060e+09
0.0250	0.1350	0.1450	1.93626329e+09
0.0250	0.1450	0.1450	1.44769816e+09
0.0350	0.0350	0.0350	1.03397600e+10
0.0350	0.0350	0.0450	1.02098916e+10
0.0350	0.0350	0.0550	8.05317696e+09
0.0350	0.0350	0.0650	3.92467823e+09
0.0350	0.0350	0.0750	-2.99757934e+09
0.0350	0.0450	0.0450	9.68874571e+09
0.0350	0.0450	0.0550	-2.78763627e+09
0.0350	0.0450	0.0650	7.48369845e+09
0.0350	0.0450	0.0750	3.58618747e+09
0.0350	0.0450	0.0850	-1.69744242e+09
0.0350	0.0550	0.0550	9.12687387e+09
0.0350	0.0550	0.0650	7.56517615e+08
0.0350	0.0550	0.0750	5.81963349e+09
0.0350	0.0550	0.0850	5.85204235e+09
0.0350	0.0550	0.0950	4.20834528e+09
0.0350	0.0650	0.0650	-3.97508468e+08
0.0350	0.0650	0.0750	-2.85746272e+08
0.0350	0.0650	0.0850	1.37121408e+09
0.0350	0.0650	0.0950	2.50547245e+09
0.0350	0.0650	0.1050	2.05493074e+09
0.0350	0.0750	0.0750	1.39693869e+09
0.0350	0.0750	0.0850	3.35723454e+09
0.0350	0.0750	0.0950	1.80542782e+09
0.0350	0.0750	0.1050	3.28140681e+09
0.0350	0.0750	0.1150	1.20519287e+09
0.0350	0.0850	0.0850	6.13848559e+07
0.0350	0.0850	0.0950	2.71385071e+09
0.0350	0.0850	0.1050	1.71331310e+09
0.0350	0.0850	0.1150	3.00327593e+09
0.0350	0.0850	0.1250	3.39574077e+09
0.0350	0.0950	0.0950	7.98038539e+08
0.0350	0.0950	0.1050	1.49037358e+09
0.0350	0.0950	0.1150	1.86395278e+09
0.0350	0.0950	0.1250	2.41303209e+09
0.0350	0.0950	0.1350	1.11167615e+09
0.0350	0.1050	0.1050	2.56474338e+09
0.0350	0.1050	0.1150	2.07073624e+09
0.0350	0.1050	0.1250	1.20887934e+09
0.0350	0.1050	0.1350	2.79311561e+09
0.0350	0.1050	0.1450	2.25661570e+09
0.0350	0.1150	0.1150	7.16487167e+08
0.0350	0.1150	0.1250	1.64906124e+09
0.0350	0.1150	0.1350	1.80183229e+09
0.0350	0.1150	0.1450	1.69414021e+09
0.0350	0.1250	0.1250	7.88597105e+08
0.0350	0.1250	0.1350	1.11081477e+09
0.0350	0.1250	0.1450	1.22128628e+09
0.0350	0.1350	0.1350	9.75006306e+08
0.0350	0.1350	0.1450	7.65758421e+08
0.0350	0.1450	0.1450	1.45240758e+09
0.0450	0.0450	0.0450	-6.85277406e+09
0.0450	0.0450	0.0550	1.08342050e+10
0.0450	0.0450	0.0650	3.96918628e+09
0.0450	0.0450	0.0750	1.91290433e+09
0.0450	0.0450	0.0850	6.85549028e+09
0.0450	0.0450	0.0950	5.76480029e+09
0.0450	0.0550	0.0550	3.55887028e+09
0.0450	0.0550	0.0650	2.65303505e+09
0.0450	0.0550	0.0750	3.69767173e+09
0.0450	0.0550	0.0850	1.88011764e+09
0.0450	0.0550	0.0950	4.08561899e+09
0.0450	0.0550	0.1050	6.38269708e+09
0.0450	0.0650	0.0650	3.31299866e+09
0.0450	0.0650	0.0750	3.56470803e+09
0.0450	0.0650	0.0850	3.31354023e+09
0.0450	0.0650	0.0950	2.55459675e+09
0.0450	0.0650	0.1050	2.56247829e+09
0.0450	0.0650	0.1150	3.88336059e+09
0.0450	0.0750	0.0750	3.99845154e+09
0.0450	0.0750	0.0850	1.27152354e+09
0.0450	0.0750	0.0950	2.91816907e+09
0.0450	0.0750	0.1050	2.59399759e+09
0.0450	0.0750	0.1150	2.69542133e+09
0.0450	0.0750	0.1250	3.03818890e+09
0.0450	0.0850	0.0850	1.68584212e+09
0.0450	0.0850	0.0950	2.18161026e+09
0.0450	0.0850	0.1050	2.58181326e+09
0.0450	0.0850	0.1150	2.12178730e+09
0.0450	0.0850	0.1250	3.27733541e+09
0.0450	0.0850	0.1350	8.42422783e+08
0.0450	0.0950	0.0950	1.56403414e+09
0.0450	0.0950	0.1050	1.58778948e+09
0.0450	0.0950	0.1150	1.65720809e+09
0.0450	0.0950	0.1250	1.60028262e+09
0.0450	0.0950	0.1350	2.22293521e+09
0.0450	0.0950	0.1450	2.63787881e+09
0.0450	0.1050	0.1050	2.07671564e+09
0.0450	0.1050	0.1150	1.80452865e+09
0.0450	0.1050	0.1250	1.41679293e+09
0.0450	0.1050	0.1350	1.98658955e+09
0.0450	0.1050	0.1450	2.16791120e+09
0.0450	0.1150	0.1150	1.12650354e+09
0.0450	0.1150	0.1250	1.90249461e+09
0.0450	0.1150	0.1350	1.17655371e+09
0.0450	0.1150	0.1450	1.58264313e+09
0.0450	0.1250	0.1250	1.33466214e+09
0.0450	0.1250	0.1350	6.85374343e+08
0.0450	0.1250	0.1450	1.26583299e+09
0.0450	0.1350	0.1350	9.19134060e+08
0.0450	0.1350	0.1450	8.99099494e+08
0.0450	0.1450	0.1450	1.20242897e+09
0.0550	0.0550	0.0550	5.34482426e+08
0.0550	0.0550	0.0650	1.16577902e+09
0.0550	0.0550	0.0750	2.62038936e+09
0.0550	0.0550	0.0850	5.15502097e+08
0.0550	0.0550	0.0950	2.99282212e+09
0.0550	0.0550	0.1050	3.09963590e+09
0.0550	0.0550	0.1150	1.30403220e+09
0.0550	0.0650	0.0650	3.03913924e+09
0.0550	0.0650	0.0750	1.29138519e+09
0.0550	0.0650	0.0850	2.00338757e+09
0.0550	0.0650	0.0950	2.44931014e+09
0.0550	0.0650	0.1050	2.06118634e+09
0.0550	0.0650	0.1150	2.54651855e+09
0.0550	0.0650	0.1250	2.10080912e+09
0.0550	0.0750	0.0750	2.91326704e+09
0.0550	0.0750	0.0850	2.38719953e+09
0.0550	0.0750	0.0950	1.99716990e+09
0.0550	0.0750	0.1050	1.90407180e+09
0.0550	0.0750	0.1150	1.34172406e+09
0.0550	0.0750	0.1250	2.06719523e+09
0.0550	0.0750	0.1350	1.93467577e+09
0.0550	0.0850	0.0850	2.01652656e+09
0.0550	0.0850	0.0950	9.82031617e+08
0.0550	0.0850	0.1050	1.31312202e+09
0.0550	0.0850	0.1150	1.47072342e+09
0.0550	0.0850	0.1250	1.15144058e+09
0.0550	0.0850	0.1350	1.39182612e+09
0.0550	0.0850	0.1450	2.30264138e+09
0.0550	0.0950	0.0950	1.00563806e+09
0.0550	0.0950	0.1050	1.00411066e+09
0.0550	0.0950	0.1150	1.71922060e+09
0.0550	0.0950	0.1250	1.27275102e+09
0.0550	0.0950	0.1350	1.62446568e+09
0.0550	0.0950	0.1450	2.07967644e+09
0.0550	0.1050	0.1050	1.98926453e+09
0.0550	0.1050	0.1150	1.14053414e+09
0.0550	0.1050	0.1250	1.16698116e+09
0.0550	0.1050	0.1350	1.01807056e+09
0.0550	0.1050	0.1450	7.89027824e+08
0.0550	0.1150	0.1150	6.05403466e+08
0.0550	0.1150	0.1250	4.97557467e+08
0.0550	0.1150	0.1350	1.27180935e+09
0.0550	0.1150	0.1450	9.53651662e+08
0.0550	0.1250	0.1250	4.57179088e+08
0.0550	0.1250	0.1350	1.00020182e+09
0.0550	0.1250	0.1450	9.38413751e+08
0.0550	0.1350	0.1350	1.19715387e+09
0.0550	0.1350	0.1450	1.20262660e+09
0.0550	0.1450	0.1450	6.36448559e+08
0.0650	0.0650	0.0650	1.84440992e+08
0.0650	0.0650	0.0750	-7.05764474e+07
0.0650	0.0650	0.0850	1.61726433e+09
0.0650	0.0650	0.0950	1.45460128e+09
0.0650	0.0650	0.1050	2.28268782e+09
0.0650	0.0650	0.1150	2.17588497e+09
0.0650	0.0650	0.1250	2.87939842e+09
0.0650	0.0650	0.1350	2.96096073e+09
0.0650	0.0750	0.0750	2.44908007e+09
0.0650	0.0750	0.0850	1.42968063e+09
0.0650	0.0750	0.0950	2.01129583e+09
0.0650	0.0750	0.1050	7.02683554e+08
0.0650	0.0750	0.1150	1.10601979e+09
0.0650	0.0750	0.1250	8.21160179e+08
0.0650	0.0750	0.1350	1.40858096e+09
0.0650	0.0750	0.1450	1.44760015e+09
0.0650	0.0850	0.0850	1.49978641e+09
0.0650	0.0850	0.0950	9.41871621e+08
0.0650	0.0850	0.1050	1.39685851e+09
0.0650	0.0850	0.1150	1.70837277e+09
0.0650	0.0850	0.1250	1.23110607e+09
0.0650	0.0850	0.1350	1.76374151e+09
0.0650	0.0850	0.1450	1.71101936e+09
0.0650	0.0950	0.0950	8.49745262e+08
0.0650	0.0950	0.1050	1.15984537e+09
0.0650	0.0950	0.1150	9.10622154e+08
0.0650	0.0950	0.1250	4.88493852e+08
0.0650	0.0950	0.1350	1.18572130e+09
0.0650	0.0950	0.1450	1.11360115e+09
0.0650	0.1050	0.1050	4.31782789e+08
0.0650	0.1050	0.1150	9.35074019e+08
0.0650	0.1050	0.1250	8.18642659e+08
0.0650	0.1050	0.1350	7.32308048e+08
0.0650	0.1050	0.1450	9.81138686e+08
0.0650	0.1150	0.1150	1.29927113e+09
0.0650	0.1150	0.1250	5.76158338e+08
0.0650	0.1150	0.1350	6.13382639e+08
0.0650	0.1150	0.1450	9.32281752e+08
0.0650	0.1250	0.1250	1.17545640e+09
0.0650	0.1250	0.1350	9.00921679e+08
0.0650	0.1250	0.1450	7.91349598e+08
0.0650	0.1350	0.1350	8.50967576e+08
0.0650	0.1350	0.1450	4.80453014e+08
0.0650	0.1450	0.1450	6.59759351e+08
0.0750	0.0750	0.0750	2.32237540e+08
0.0750	0.0750	0.0850	1.85448944e+08
0.0750	0.0750	0.0950	7.82274609e+08
0.0750	0.0750	0.1050	1.52618426e+09
0.0750	0.0750	0.1150	1.90075517e+09
0.0750	0.0750	0.1250	8.24170650e+08
0.0750	0.0750	0.1350	1.67348987e+09
0.0750	0.0750	0.1450	1.11505014e+09
0.0750	0.0850	0.0850	2.39614619e+09
0.0750	0.0850	0.0950	1.14859235e+09
0.0750	0.0850	0.1050	1.08498561e+09
0.0750	0.0850	0.1150	6.78921480e+08
0.0750	0.0850	0.1250	1.09951178e+09
0.0750	0.0850	0.1350	1.21222190e+09
0.0750	0.0850	0.1450	1.12514296e+09
0.0750	0.0950	0.0950	5.89763672e+08
0.0750	0.0950	0.1050	8.71626912e+08
0.0750	0.0950	0.1150	1.00799196e+09
0.0750	0.0950	0.1250	5.86817377e+08
0.0750	0.0950	0.1350	1.31548240e+09
0.0750	0.0950	0.1450	9.28016965e+08
0.0750	0.1050	0.1050	1.10925792e+09
0.0750	0.1050	0.1150	7.91714053e+08
0.0750	0.1050	0.1250	7.10644308e+08
0.0750	0.1050	0.1350	1.07492817e+09
0.0750	0.1050	0.1450	7.39943143e+08
0.0750	0.1150	0.1150	4.43516533e+08
0.0750	0.1150	0.1250	6.48852684e+08
0.0750	0.1150	0.1350	9.16529921e+08
0.0750	0.1150	0.1450	6.71559321e+08
0.0750	0.1250	0.1250	7.06047640e+08
0.0750	0.1250	0.1350	6.26597853e+08
0.0750	0.1250	0.1450	6.14992885e+08
0.0750	0.1350	0.1350	2.47960722e+08
0.0750	0.1350	0.1450	9.80023749e+08
0.0750	0.1450	0.1450	3.09270023e+07
0.0850	0.0850	0.0850	7.61307419e+08
0.0850	0.0850	0.0950	7.38344648e+08
0.0850	0.0850	0.1050	1.12103332e+09
0.0850	0.0850	0.1150	6.63377013e+08
0.0850	0.0850	0.1250	3.14662310e+08
0.0850	0.0850	0.1350	5.54266007e+08
0.0850	0.0850	0.1450	6.88177115e+08
0.0850	0.0950	0.0950	1.43964903e+09
0.0850	0.0950	0.1050	6.98668563e+08
0.0850	0.0950	0.1150	2.27634643e+08
0.0850	0.0950	0.1250	7.85842926e+08
0.0850	0.0950	0.1350	6.47190168e+08
0.0850	0.0950	0.1450	7.68153988e+08
0.0850	0.1050	0.1050	6.75644115e+08
0.0850	0.1050	0.1150	5.46358640e+08
0.0850	0.1050	0.1250	5.68650258e+08
0.0850	0.1050	0.1350	6.94850276e+08
0.0850	0.1050	0.1450	8.61647130e+08
0.0850	0.1150	0.1150	5.34328859e+08
0.0850	0.1150	0.1250	4.71093955e+08
0.0850	0.1150	0.1350	7.60360796e+08
0.0850	0.1150	0.1450	5.08654375e+08
0.0850	0.1250	0.1250	2.19246799e+08
0.0850	0.1250	0.1350	5.23916662e+08
0.0850	0.1250	0.1450	6.58797461e+08
0.0850	0.1350	0.1350	3.09253988e+08
0.0850	0.1350	0.1450	4.36451082e+08
0.0850	0.1450	0.1450	4.96533794e+08
0.0950	0.0950	0.0950	1.37623591e+07
0.0950	0.0950	0.1050	9.67217291e+08
0.0950	0.0950	0.1150	4.94778848e+08
0.0950	0.0950	0.1250	7.02303480e+08
0.0950	0.0950	0.1350	3.46971924e+08
0.0950	0.0950	0.1450	6.09554118e+08
0.0950	0.1050	0.1050	8.29596760e+08
0.0950	0.1050	0.1150	7.86213608e+08
0.0950	0.1050	0.1250	8.69834762e+08
0.0950	0.1050	0.1350	8.44982146e+08
0.0950	0.1050	0.1450	7.14546065e+08
0.0950	0.1150	0.1150	7.37391513e+08
0.0950	0.1150	0.1250	4.82379511e+08
0.0950	0.1150	0.1350	3.72618474e+08
0.0950	0.1150	0.1450	4.22289815e+08
0.0950	0.1250	0.1250	4.95164534e+08
0.0950	0.1250	0.1350	5.77101221e+08
0.0950	0.1250	0.1450	3.88700649e+08
0.0950	0.1350	0.1350	5.28696716e+08
0.0950	0.1350	0.1450	5.15129321e+08
0.0950	0.1450	0.1450	3.70062673e+08
0.1050	0.1050	0.1050	7.89191644e+08
0.1050	0.1050	0.1150	4.71459313e+08
0.1050	0.1050	0.1250	4.16995505e+08
0.1050	0.1050	0.1350	3.83265641e+08
0.1050	0.1050	0.1450	5.04492589e+08
0.1050	0.1150	0.1150	4.11770992e+08
0.1050	0.1150	0.1250	2.60663178e+08
0.1050	0.1150	0.1350	5.64804095e+08
0.1050	0.1150	0.1450	3.40308382e+08
0.1050	0.1250	0.1250	3.92501581e+08
0.1050	0.1250	0.1350	3.41533376e+08
0.1050	0.1250	0.1450	4.86576719e+08
0.1050	0.1350	0.1350	4.48183482e+08
0.1050	0.1350	0.1450	4.61138612e+08
0.1050	0.1450	0.1450	3.55584671e+08
0.1150	0.1150	0.1150	7.44232921e+08
0.1150	0.1150	0.1250	3.43810078e+08
0.1150	0.1150	0.1350	7.12681941e+08
0.1150	0.1150	0.1450	6.31481548e+08
0.1150	0.1250	0.1250	3.54006798e+08
0.1150	0.1250	0.1350	3.11702086e+08
0.1150	0.1250	0.1450	2.86284415e+08
0.1150	0.1350	0.1350	6.61028759e+08
0.1150	0.1350	0.1450	3.74429428e+08
0.1150	0.1450	0.1450	3.41070142e+08
0.1250	0.1250	0.1250	2.54153688e+08
0.1250	0.1250	0.1350	4.64782329e+08
0.1250	0.1250	0.1450	3.06973868e+08
0.1250	0.1350	0.1350	2.21376012e+08
0.1250	0.1350	0.1450	4.03959992e+08
0.1250	0.1450	0.1450	2.63316536e+08
0.1350	0.1350	0.1350	3.73912125e+08
0.1350	0.1350	0.1450	4.10987994e+08
0.1350	0.1450	0.1450	2.12483762e+08
0.1450	0.1450	0.1450	2.48168144e+08
