####### Bispectrum of Patchy Simulation 1322 #############
# Patch: ngc
# z-type: z1
# Weights: fkp
# Fiducial Omega_m: 0.310
# Fiducial h: 0.676
# Boxsize: [1350.0, 2450.0, 1400.0]
# Grid: [126, 230, 130]
# k-binning: [0.000, 0.160, 0.010]
# Monte Carlo Simulations: 100
#
# Format: k1 | k2 | k3 | B(k1,k2,k3)
############################################
0.0150	0.0150	0.0150	-2.19635484e+09
0.0150	0.0150	0.0250	1.99400583e+10
0.0150	0.0150	0.0350	-7.01248784e+09
0.0150	0.0250	0.0250	9.28496606e+09
0.0150	0.0250	0.0350	2.02755208e+10
0.0150	0.0250	0.0450	-5.44585393e+08
0.0150	0.0350	0.0350	8.64210664e+09
0.0150	0.0350	0.0450	9.81939036e+09
0.0150	0.0350	0.0550	-3.32254872e+09
0.0150	0.0450	0.0450	6.50355542e+09
0.0150	0.0450	0.0550	7.56950372e+09
0.0150	0.0450	0.0650	6.41347333e+09
0.0150	0.0550	0.0550	4.39242583e+09
0.0150	0.0550	0.0650	6.31400381e+09
0.0150	0.0550	0.0750	1.05517599e+10
0.0150	0.0650	0.0650	2.50537933e+09
0.0150	0.0650	0.0750	5.91967795e+09
0.0150	0.0650	0.0850	2.07929555e+09
0.0150	0.0750	0.0750	4.09076448e+09
0.0150	0.0750	0.0850	6.19681857e+09
0.0150	0.0750	0.0950	7.47165658e+09
0.0150	0.0850	0.0850	3.52590612e+09
0.0150	0.0850	0.0950	3.48659059e+09
0.0150	0.0850	0.1050	5.65248999e+09
0.0150	0.0950	0.0950	3.77165232e+09
0.0150	0.0950	0.1050	3.28725717e+09
0.0150	0.0950	0.1150	4.02502705e+09
0.0150	0.1050	0.1050	1.61417561e+09
0.0150	0.1050	0.1150	3.56685214e+09
0.0150	0.1050	0.1250	2.89741939e+09
0.0150	0.1150	0.1150	9.96402304e+08
0.0150	0.1150	0.1250	2.88074641e+09
0.0150	0.1150	0.1350	1.83523708e+09
0.0150	0.1250	0.1250	2.41806768e+09
0.0150	0.1250	0.1350	2.21195676e+09
0.0150	0.1250	0.1450	1.81858439e+09
0.0150	0.1350	0.1350	1.87773174e+09
0.0150	0.1350	0.1450	2.48020713e+09
0.0150	0.1450	0.1450	1.64537705e+09
0.0250	0.0250	0.0250	1.26844188e+09
0.0250	0.0250	0.0350	-5.83044123e+09
0.0250	0.0250	0.0450	1.04948519e+10
0.0250	0.0250	0.0550	1.30499772e+10
0.0250	0.0350	0.0350	1.73237444e+10
0.0250	0.0350	0.0450	7.94581854e+09
0.0250	0.0350	0.0550	7.79728503e+09
0.0250	0.0350	0.0650	7.63465380e+09
0.0250	0.0450	0.0450	4.55374374e+09
0.0250	0.0450	0.0550	4.48978262e+09
0.0250	0.0450	0.0650	4.55729745e+09
0.0250	0.0450	0.0750	9.96418328e+09
0.0250	0.0550	0.0550	4.08227590e+09
0.0250	0.0550	0.0650	5.20377498e+09
0.0250	0.0550	0.0750	3.71507233e+09
0.0250	0.0550	0.0850	2.27856848e+09
0.0250	0.0650	0.0650	3.74130471e+09
0.0250	0.0650	0.0750	3.39572592e+09
0.0250	0.0650	0.0850	4.40631167e+09
0.0250	0.0650	0.0950	6.11550725e+09
0.0250	0.0750	0.0750	2.46042242e+09
0.0250	0.0750	0.0850	4.37737674e+09
0.0250	0.0750	0.0950	6.11101453e+09
0.0250	0.0750	0.1050	5.29623648e+09
0.0250	0.0850	0.0850	1.87517026e+09
0.0250	0.0850	0.0950	2.24111132e+09
0.0250	0.0850	0.1050	3.21301863e+09
0.0250	0.0850	0.1150	3.38255729e+09
0.0250	0.0950	0.0950	2.14189485e+09
0.0250	0.0950	0.1050	2.47488817e+09
0.0250	0.0950	0.1150	3.23791997e+09
0.0250	0.0950	0.1250	2.75619853e+09
0.0250	0.1050	0.1050	2.25993591e+09
0.0250	0.1050	0.1150	1.24168402e+09
0.0250	0.1050	0.1250	2.63059516e+09
0.0250	0.1050	0.1350	1.94547100e+09
0.0250	0.1150	0.1150	1.55217155e+09
0.0250	0.1150	0.1250	1.75225808e+09
0.0250	0.1150	0.1350	2.11047219e+09
0.0250	0.1150	0.1450	3.45227381e+09
0.0250	0.1250	0.1250	1.64639492e+09
0.0250	0.1250	0.1350	1.63230747e+09
0.0250	0.1250	0.1450	2.49087159e+09
0.0250	0.1350	0.1350	9.89714507e+08
0.0250	0.1350	0.1450	1.26675153e+09
0.0250	0.1450	0.1450	1.54593905e+09
0.0350	0.0350	0.0350	2.62660307e+09
0.0350	0.0350	0.0450	3.94169192e+09
0.0350	0.0350	0.0550	3.99676470e+09
0.0350	0.0350	0.0650	4.97245625e+09
0.0350	0.0350	0.0750	4.01780795e+09
0.0350	0.0450	0.0450	4.50608192e+09
0.0350	0.0450	0.0550	2.92105442e+09
0.0350	0.0450	0.0650	2.75178161e+09
0.0350	0.0450	0.0750	4.49466640e+09
0.0350	0.0450	0.0850	2.37731773e+09
0.0350	0.0550	0.0550	4.12941342e+09
0.0350	0.0550	0.0650	4.18087230e+09
0.0350	0.0550	0.0750	3.24099171e+09
0.0350	0.0550	0.0850	4.75355064e+09
0.0350	0.0550	0.0950	5.24176233e+09
0.0350	0.0650	0.0650	3.44948070e+09
0.0350	0.0650	0.0750	1.22433941e+09
0.0350	0.0650	0.0850	2.51521879e+09
0.0350	0.0650	0.0950	2.77956063e+09
0.0350	0.0650	0.1050	5.23891371e+09
0.0350	0.0750	0.0750	2.31970426e+09
0.0350	0.0750	0.0850	2.19462997e+09
0.0350	0.0750	0.0950	3.67114250e+09
0.0350	0.0750	0.1050	3.48316258e+09
0.0350	0.0750	0.1150	2.69430314e+09
0.0350	0.0850	0.0850	2.80872603e+09
0.0350	0.0850	0.0950	1.06785883e+09
0.0350	0.0850	0.1050	2.33246277e+09
0.0350	0.0850	0.1150	3.05412070e+09
0.0350	0.0850	0.1250	2.74826246e+09
0.0350	0.0950	0.0950	1.89139004e+09
0.0350	0.0950	0.1050	1.38808816e+09
0.0350	0.0950	0.1150	2.36116913e+09
0.0350	0.0950	0.1250	2.08989600e+09
0.0350	0.0950	0.1350	2.19431807e+09
0.0350	0.1050	0.1050	1.72024689e+09
0.0350	0.1050	0.1150	1.57521375e+09
0.0350	0.1050	0.1250	1.44751863e+09
0.0350	0.1050	0.1350	1.62165931e+09
0.0350	0.1050	0.1450	2.75345237e+09
0.0350	0.1150	0.1150	1.64858250e+09
0.0350	0.1150	0.1250	1.18458006e+09
0.0350	0.1150	0.1350	1.51643190e+09
0.0350	0.1150	0.1450	1.91414279e+09
0.0350	0.1250	0.1250	9.37976647e+08
0.0350	0.1250	0.1350	1.21045708e+09
0.0350	0.1250	0.1450	1.11393822e+09
0.0350	0.1350	0.1350	8.24062518e+08
0.0350	0.1350	0.1450	1.30069918e+09
0.0350	0.1450	0.1450	9.10922906e+08
0.0450	0.0450	0.0450	4.89473818e+08
0.0450	0.0450	0.0550	4.69120658e+08
0.0450	0.0450	0.0650	4.02040402e+09
0.0450	0.0450	0.0750	3.46162961e+09
0.0450	0.0450	0.0850	4.82581658e+09
0.0450	0.0450	0.0950	9.03096470e+09
0.0450	0.0550	0.0550	3.40156692e+09
0.0450	0.0550	0.0650	1.72990402e+09
0.0450	0.0550	0.0750	1.32404607e+09
0.0450	0.0550	0.0850	2.49444696e+09
0.0450	0.0550	0.0950	3.02348768e+09
0.0450	0.0550	0.1050	3.03382144e+09
0.0450	0.0650	0.0650	2.70558358e+09
0.0450	0.0650	0.0750	2.57048051e+09
0.0450	0.0650	0.0850	2.03514268e+09
0.0450	0.0650	0.0950	2.22114194e+09
0.0450	0.0650	0.1050	2.82418584e+09
0.0450	0.0650	0.1150	3.13083000e+09
0.0450	0.0750	0.0750	2.29519827e+09
0.0450	0.0750	0.0850	2.38942949e+09
0.0450	0.0750	0.0950	1.93477875e+09
0.0450	0.0750	0.1050	1.60909330e+09
0.0450	0.0750	0.1150	3.10026270e+09
0.0450	0.0750	0.1250	2.61687180e+09
0.0450	0.0850	0.0850	7.60546081e+08
0.0450	0.0850	0.0950	1.85365741e+09
0.0450	0.0850	0.1050	1.05207437e+09
0.0450	0.0850	0.1150	1.86212340e+09
0.0450	0.0850	0.1250	1.77492270e+09
0.0450	0.0850	0.1350	9.67516425e+08
0.0450	0.0950	0.0950	1.15427797e+09
0.0450	0.0950	0.1050	1.01439703e+09
0.0450	0.0950	0.1150	1.42552949e+09
0.0450	0.0950	0.1250	1.38370864e+09
0.0450	0.0950	0.1350	2.20169802e+09
0.0450	0.0950	0.1450	2.27683974e+09
0.0450	0.1050	0.1050	9.29778963e+08
0.0450	0.1050	0.1150	9.53560806e+08
0.0450	0.1050	0.1250	9.12499712e+08
0.0450	0.1050	0.1350	1.43834150e+09
0.0450	0.1050	0.1450	1.52192018e+09
0.0450	0.1150	0.1150	1.18277475e+09
0.0450	0.1150	0.1250	1.20718240e+09
0.0450	0.1150	0.1350	9.14895319e+08
0.0450	0.1150	0.1450	1.27021675e+09
0.0450	0.1250	0.1250	8.36293471e+08
0.0450	0.1250	0.1350	1.06919226e+09
0.0450	0.1250	0.1450	8.89935836e+08
0.0450	0.1350	0.1350	9.37396290e+08
0.0450	0.1350	0.1450	8.64448988e+08
0.0450	0.1450	0.1450	9.85719398e+08
0.0550	0.0550	0.0550	4.09653152e+09
0.0550	0.0550	0.0650	1.99152736e+09
0.0550	0.0550	0.0750	7.20977101e+08
0.0550	0.0550	0.0850	1.45112296e+09
0.0550	0.0550	0.0950	1.57177541e+09
0.0550	0.0550	0.1050	3.30396194e+09
0.0550	0.0550	0.1150	2.59210461e+09
0.0550	0.0650	0.0650	3.32888915e+09
0.0550	0.0650	0.0750	1.55709652e+09
0.0550	0.0650	0.0850	1.56776089e+09
0.0550	0.0650	0.0950	1.84667722e+09
0.0550	0.0650	0.1050	1.97840211e+09
0.0550	0.0650	0.1150	2.18407263e+09
0.0550	0.0650	0.1250	2.62823211e+09
0.0550	0.0750	0.0750	2.16385880e+09
0.0550	0.0750	0.0850	1.40030794e+09
0.0550	0.0750	0.0950	1.86869738e+09
0.0550	0.0750	0.1050	1.43708143e+09
0.0550	0.0750	0.1150	1.59669796e+09
0.0550	0.0750	0.1250	2.26691433e+09
0.0550	0.0750	0.1350	1.66414050e+09
0.0550	0.0850	0.0850	6.80088595e+08
0.0550	0.0850	0.0950	1.17687841e+09
0.0550	0.0850	0.1050	1.21755591e+09
0.0550	0.0850	0.1150	1.37223260e+09
0.0550	0.0850	0.1250	1.60119567e+09
0.0550	0.0850	0.1350	1.68614949e+09
0.0550	0.0850	0.1450	1.70001071e+09
0.0550	0.0950	0.0950	9.07364334e+08
0.0550	0.0950	0.1050	1.18198247e+09
0.0550	0.0950	0.1150	1.34803859e+09
0.0550	0.0950	0.1250	9.85143480e+08
0.0550	0.0950	0.1350	1.40210053e+09
0.0550	0.0950	0.1450	1.81648896e+09
0.0550	0.1050	0.1050	8.10503829e+08
0.0550	0.1050	0.1150	1.03849430e+09
0.0550	0.1050	0.1250	9.44301288e+08
0.0550	0.1050	0.1350	1.40327263e+09
0.0550	0.1050	0.1450	8.24404152e+08
0.0550	0.1150	0.1150	1.11918060e+09
0.0550	0.1150	0.1250	8.80512507e+08
0.0550	0.1150	0.1350	9.04935105e+08
0.0550	0.1150	0.1450	9.82750476e+08
0.0550	0.1250	0.1250	6.98559463e+08
0.0550	0.1250	0.1350	9.71965723e+08
0.0550	0.1250	0.1450	8.75422434e+08
0.0550	0.1350	0.1350	6.14996859e+08
0.0550	0.1350	0.1450	7.19273690e+08
0.0550	0.1450	0.1450	6.04509597e+08
0.0650	0.0650	0.0650	1.88987303e+09
0.0650	0.0650	0.0750	1.70242447e+09
0.0650	0.0650	0.0850	2.01349569e+09
0.0650	0.0650	0.0950	1.68312555e+09
0.0650	0.0650	0.1050	1.69405382e+09
0.0650	0.0650	0.1150	2.74766743e+09
0.0650	0.0650	0.1250	2.37386500e+09
0.0650	0.0650	0.1350	1.57406292e+09
0.0650	0.0750	0.0750	1.94233962e+09
0.0650	0.0750	0.0850	1.05535001e+09
0.0650	0.0750	0.0950	1.43338851e+09
0.0650	0.0750	0.1050	1.07911844e+09
0.0650	0.0750	0.1150	1.66391641e+09
0.0650	0.0750	0.1250	1.93510886e+09
0.0650	0.0750	0.1350	2.01245512e+09
0.0650	0.0750	0.1450	1.27255738e+09
0.0650	0.0850	0.0850	1.29631360e+09
0.0650	0.0850	0.0950	9.02095224e+08
0.0650	0.0850	0.1050	1.06606010e+09
0.0650	0.0850	0.1150	8.86882161e+08
0.0650	0.0850	0.1250	9.45097798e+08
0.0650	0.0850	0.1350	1.60725843e+09
0.0650	0.0850	0.1450	1.50864400e+09
0.0650	0.0950	0.0950	1.10948098e+09
0.0650	0.0950	0.1050	8.04981867e+08
0.0650	0.0950	0.1150	9.96273194e+08
0.0650	0.0950	0.1250	9.74587057e+08
0.0650	0.0950	0.1350	1.05379339e+09
0.0650	0.0950	0.1450	1.35917565e+09
0.0650	0.1050	0.1050	8.12585598e+08
0.0650	0.1050	0.1150	6.81295634e+08
0.0650	0.1050	0.1250	1.05775716e+09
0.0650	0.1050	0.1350	1.00883502e+09
0.0650	0.1050	0.1450	8.76986418e+08
0.0650	0.1150	0.1150	8.79634880e+08
0.0650	0.1150	0.1250	5.96154142e+08
0.0650	0.1150	0.1350	6.37662378e+08
0.0650	0.1150	0.1450	1.10344357e+09
0.0650	0.1250	0.1250	8.13366955e+08
0.0650	0.1250	0.1350	8.23039955e+08
0.0650	0.1250	0.1450	7.41213885e+08
0.0650	0.1350	0.1350	4.69222089e+08
0.0650	0.1350	0.1450	7.97651219e+08
0.0650	0.1450	0.1450	8.35849928e+08
0.0750	0.0750	0.0750	6.59514767e+08
0.0750	0.0750	0.0850	1.25070774e+09
0.0750	0.0750	0.0950	8.66108802e+08
0.0750	0.0750	0.1050	9.33519762e+08
0.0750	0.0750	0.1150	7.62546214e+08
0.0750	0.0750	0.1250	1.24199069e+09
0.0750	0.0750	0.1350	1.38229360e+09
0.0750	0.0750	0.1450	1.71489261e+09
0.0750	0.0850	0.0850	8.74603876e+08
0.0750	0.0850	0.0950	8.74959228e+08
0.0750	0.0850	0.1050	6.61483631e+08
0.0750	0.0850	0.1150	9.40430679e+08
0.0750	0.0850	0.1250	8.57388766e+08
0.0750	0.0850	0.1350	1.04624967e+09
0.0750	0.0850	0.1450	1.21767590e+09
0.0750	0.0950	0.0950	1.11953942e+09
0.0750	0.0950	0.1050	7.10782668e+08
0.0750	0.0950	0.1150	7.59232710e+08
0.0750	0.0950	0.1250	7.49301928e+08
0.0750	0.0950	0.1350	8.70220957e+08
0.0750	0.0950	0.1450	1.17220542e+09
0.0750	0.1050	0.1050	8.20038767e+08
0.0750	0.1050	0.1150	8.08557516e+08
0.0750	0.1050	0.1250	7.21998074e+08
0.0750	0.1050	0.1350	7.60699865e+08
0.0750	0.1050	0.1450	5.59021373e+08
0.0750	0.1150	0.1150	6.91184674e+08
0.0750	0.1150	0.1250	6.75925948e+08
0.0750	0.1150	0.1350	7.59544865e+08
0.0750	0.1150	0.1450	7.41188689e+08
0.0750	0.1250	0.1250	7.48705955e+08
0.0750	0.1250	0.1350	6.28486398e+08
0.0750	0.1250	0.1450	6.00664032e+08
0.0750	0.1350	0.1350	6.16779104e+08
0.0750	0.1350	0.1450	4.11333028e+08
0.0750	0.1450	0.1450	6.33018002e+08
0.0850	0.0850	0.0850	8.87550436e+08
0.0850	0.0850	0.0950	6.02773497e+08
0.0850	0.0850	0.1050	8.41242330e+08
0.0850	0.0850	0.1150	1.02512877e+09
0.0850	0.0850	0.1250	8.24838187e+08
0.0850	0.0850	0.1350	5.25019398e+08
0.0850	0.0850	0.1450	1.17636268e+09
0.0850	0.0950	0.0950	1.00850781e+09
0.0850	0.0950	0.1050	8.55145046e+08
0.0850	0.0950	0.1150	8.15287783e+08
0.0850	0.0950	0.1250	6.73606455e+08
0.0850	0.0950	0.1350	8.43540284e+08
0.0850	0.0950	0.1450	8.35557768e+08
0.0850	0.1050	0.1050	6.28918430e+08
0.0850	0.1050	0.1150	5.95303116e+08
0.0850	0.1050	0.1250	6.61916511e+08
0.0850	0.1050	0.1350	6.24006238e+08
0.0850	0.1050	0.1450	4.51135465e+08
0.0850	0.1150	0.1150	4.66216044e+08
0.0850	0.1150	0.1250	6.02126872e+08
0.0850	0.1150	0.1350	5.57444668e+08
0.0850	0.1150	0.1450	5.86516975e+08
0.0850	0.1250	0.1250	5.50640087e+08
0.0850	0.1250	0.1350	4.30561278e+08
0.0850	0.1250	0.1450	6.62908117e+08
0.0850	0.1350	0.1350	6.01232135e+08
0.0850	0.1350	0.1450	4.67952380e+08
0.0850	0.1450	0.1450	3.85763833e+08
0.0950	0.0950	0.0950	1.02643715e+09
0.0950	0.0950	0.1050	6.85590110e+08
0.0950	0.0950	0.1150	6.95554527e+08
0.0950	0.0950	0.1250	8.91820596e+08
0.0950	0.0950	0.1350	3.59389340e+08
0.0950	0.0950	0.1450	9.31268470e+08
0.0950	0.1050	0.1050	5.05976985e+08
0.0950	0.1050	0.1150	5.08456447e+08
0.0950	0.1050	0.1250	5.32204920e+08
0.0950	0.1050	0.1350	6.42397277e+08
0.0950	0.1050	0.1450	5.54511059e+08
0.0950	0.1150	0.1150	6.53183741e+08
0.0950	0.1150	0.1250	4.44525975e+08
0.0950	0.1150	0.1350	6.07191014e+08
0.0950	0.1150	0.1450	4.32287410e+08
0.0950	0.1250	0.1250	6.03872699e+08
0.0950	0.1250	0.1350	5.14010175e+08
0.0950	0.1250	0.1450	5.04531057e+08
0.0950	0.1350	0.1350	4.45636968e+08
0.0950	0.1350	0.1450	4.97341092e+08
0.0950	0.1450	0.1450	4.00191565e+08
0.1050	0.1050	0.1050	1.98763074e+08
0.1050	0.1050	0.1150	3.76122105e+08
0.1050	0.1050	0.1250	4.14808627e+08
0.1050	0.1050	0.1350	3.09555957e+08
0.1050	0.1050	0.1450	4.99213012e+08
0.1050	0.1150	0.1150	3.96352926e+08
0.1050	0.1150	0.1250	2.96300350e+08
0.1050	0.1150	0.1350	5.07862271e+08
0.1050	0.1150	0.1450	4.64639766e+08
0.1050	0.1250	0.1250	3.83124124e+08
0.1050	0.1250	0.1350	5.24857526e+08
0.1050	0.1250	0.1450	3.97544764e+08
0.1050	0.1350	0.1350	3.28810470e+08
0.1050	0.1350	0.1450	4.36031277e+08
0.1050	0.1450	0.1450	2.29188957e+08
0.1150	0.1150	0.1150	7.37185346e+08
0.1150	0.1150	0.1250	3.35569788e+08
0.1150	0.1150	0.1350	3.94596731e+08
0.1150	0.1150	0.1450	4.32613780e+08
0.1150	0.1250	0.1250	5.25300487e+08
0.1150	0.1250	0.1350	3.23015419e+08
0.1150	0.1250	0.1450	3.24677257e+08
0.1150	0.1350	0.1350	2.61336440e+08
0.1150	0.1350	0.1450	2.80892158e+08
0.1150	0.1450	0.1450	3.19450584e+08
0.1250	0.1250	0.1250	2.29715958e+08
0.1250	0.1250	0.1350	4.94822709e+08
0.1250	0.1250	0.1450	4.08010842e+08
0.1250	0.1350	0.1350	4.91725408e+08
0.1250	0.1350	0.1450	3.93668039e+08
0.1250	0.1450	0.1450	3.58800406e+08
0.1350	0.1350	0.1350	3.95971503e+08
0.1350	0.1350	0.1450	3.87365711e+08
0.1350	0.1450	0.1450	2.09556546e+08
0.1450	0.1450	0.1450	3.31017761e+08
