####### Bispectrum of Patchy Simulation 687 #############
# Patch: sgc
# z-type: z1
# Weights: fkp
# Fiducial Omega_m: 0.310
# Fiducial h: 0.676
# Boxsize: [1000.0, 1900.0, 1100.0]
# Grid: [95, 180, 105]
# k-binning: [0.000, 0.160, 0.010]
# Monte Carlo Simulations: 100
#
# Format: k1 | k2 | k3 | B(k1,k2,k3)
############################################
0.0150	0.0150	0.0150	3.75268611e+10
0.0150	0.0150	0.0250	-8.40980907e+09
0.0150	0.0150	0.0350	2.37878947e+10
0.0150	0.0250	0.0250	9.30441743e+09
0.0150	0.0250	0.0350	-7.50401353e+07
0.0150	0.0250	0.0450	-1.15831076e+10
0.0150	0.0350	0.0350	-3.80368285e+09
0.0150	0.0350	0.0450	1.36382286e+10
0.0150	0.0350	0.0550	1.57112586e+10
0.0150	0.0450	0.0450	-3.15825827e+08
0.0150	0.0450	0.0550	4.80897098e+09
0.0150	0.0450	0.0650	7.58245369e+09
0.0150	0.0550	0.0550	1.79189096e+09
0.0150	0.0550	0.0650	7.63326478e+09
0.0150	0.0550	0.0750	-5.05188715e+09
0.0150	0.0650	0.0650	4.92544115e+09
0.0150	0.0650	0.0750	4.28985558e+09
0.0150	0.0650	0.0850	8.47512365e+09
0.0150	0.0750	0.0750	1.16825548e+09
0.0150	0.0750	0.0850	3.49399859e+09
0.0150	0.0750	0.0950	2.32228978e+09
0.0150	0.0850	0.0850	1.32093727e+09
0.0150	0.0850	0.0950	2.03999199e+09
0.0150	0.0850	0.1050	4.95839916e+09
0.0150	0.0950	0.0950	7.54538930e+08
0.0150	0.0950	0.1050	6.12091936e+08
0.0150	0.0950	0.1150	5.94584625e+09
0.0150	0.1050	0.1050	1.78492206e+09
0.0150	0.1050	0.1150	1.88914062e+09
0.0150	0.1050	0.1250	7.44392212e+08
0.0150	0.1150	0.1150	7.28435793e+08
0.0150	0.1150	0.1250	2.53144397e+09
0.0150	0.1150	0.1350	2.52322588e+09
0.0150	0.1250	0.1250	1.65721389e+09
0.0150	0.1250	0.1350	2.04355708e+09
0.0150	0.1250	0.1450	2.29180766e+09
0.0150	0.1350	0.1350	1.01319802e+09
0.0150	0.1350	0.1450	1.34095779e+09
0.0150	0.1450	0.1450	1.65226986e+09
0.0250	0.0250	0.0250	-2.57221951e+10
0.0250	0.0250	0.0350	3.35368831e+10
0.0250	0.0250	0.0450	4.18684620e+08
0.0250	0.0250	0.0550	-5.33253979e+09
0.0250	0.0350	0.0350	6.78643870e+09
0.0250	0.0350	0.0450	8.46282198e+09
0.0250	0.0350	0.0550	5.50357879e+09
0.0250	0.0350	0.0650	1.05410918e+10
0.0250	0.0450	0.0450	-1.31356140e+09
0.0250	0.0450	0.0550	8.42614161e+09
0.0250	0.0450	0.0650	2.89932309e+09
0.0250	0.0450	0.0750	-5.16391027e+09
0.0250	0.0550	0.0550	5.00008090e+09
0.0250	0.0550	0.0650	3.10814755e+09
0.0250	0.0550	0.0750	5.06169293e+09
0.0250	0.0550	0.0850	1.03672686e+10
0.0250	0.0650	0.0650	1.98057394e+09
0.0250	0.0650	0.0750	3.38793618e+09
0.0250	0.0650	0.0850	2.07287995e+09
0.0250	0.0650	0.0950	1.80191068e+09
0.0250	0.0750	0.0750	3.49330953e+09
0.0250	0.0750	0.0850	2.90433954e+09
0.0250	0.0750	0.0950	2.60639954e+09
0.0250	0.0750	0.1050	3.27446579e+09
0.0250	0.0850	0.0850	2.43111405e+09
0.0250	0.0850	0.0950	2.82128571e+09
0.0250	0.0850	0.1050	1.08619274e+09
0.0250	0.0850	0.1150	2.20383555e+09
0.0250	0.0950	0.0950	7.70765554e+08
0.0250	0.0950	0.1050	1.69402517e+09
0.0250	0.0950	0.1150	2.78076128e+09
0.0250	0.0950	0.1250	2.07870446e+09
0.0250	0.1050	0.1050	9.26411503e+08
0.0250	0.1050	0.1150	2.69513351e+09
0.0250	0.1050	0.1250	2.29536742e+09
0.0250	0.1050	0.1350	2.99538357e+09
0.0250	0.1150	0.1150	1.47560956e+09
0.0250	0.1150	0.1250	1.59000757e+09
0.0250	0.1150	0.1350	1.92916103e+09
0.0250	0.1150	0.1450	1.50448592e+09
0.0250	0.1250	0.1250	1.65511437e+09
0.0250	0.1250	0.1350	1.50266667e+09
0.0250	0.1250	0.1450	2.36639531e+09
0.0250	0.1350	0.1350	1.15216956e+09
0.0250	0.1350	0.1450	1.63063102e+09
0.0250	0.1450	0.1450	1.00037307e+09
0.0350	0.0350	0.0350	-6.71843492e+09
0.0350	0.0350	0.0450	-2.72871462e+09
0.0350	0.0350	0.0550	-5.40235027e+08
0.0350	0.0350	0.0650	-7.90241456e+08
0.0350	0.0350	0.0750	2.52352393e+10
0.0350	0.0450	0.0450	6.63964198e+09
0.0350	0.0450	0.0550	1.14498104e+09
0.0350	0.0450	0.0650	3.19064764e+09
0.0350	0.0450	0.0750	6.34791391e+09
0.0350	0.0450	0.0850	4.49585477e+09
0.0350	0.0550	0.0550	4.45324308e+09
0.0350	0.0550	0.0650	1.14077339e+09
0.0350	0.0550	0.0750	8.42659210e+08
0.0350	0.0550	0.0850	6.90751061e+09
0.0350	0.0550	0.0950	2.81108403e+09
0.0350	0.0650	0.0650	2.01681780e+09
0.0350	0.0650	0.0750	2.90357651e+09
0.0350	0.0650	0.0850	3.28256110e+09
0.0350	0.0650	0.0950	3.52064610e+09
0.0350	0.0650	0.1050	5.54609835e+09
0.0350	0.0750	0.0750	2.36815037e+09
0.0350	0.0750	0.0850	1.84811803e+09
0.0350	0.0750	0.0950	1.76152318e+09
0.0350	0.0750	0.1050	3.52889805e+09
0.0350	0.0750	0.1150	4.94460093e+09
0.0350	0.0850	0.0850	8.90235392e+08
0.0350	0.0850	0.0950	1.76897301e+09
0.0350	0.0850	0.1050	1.72238094e+09
0.0350	0.0850	0.1150	2.68224720e+09
0.0350	0.0850	0.1250	5.32995983e+09
0.0350	0.0950	0.0950	1.52802614e+09
0.0350	0.0950	0.1050	1.60149801e+09
0.0350	0.0950	0.1150	2.06806171e+09
0.0350	0.0950	0.1250	1.81355599e+09
0.0350	0.0950	0.1350	6.96853381e+08
0.0350	0.1050	0.1050	1.75055137e+09
0.0350	0.1050	0.1150	1.38089325e+09
0.0350	0.1050	0.1250	1.71196020e+09
0.0350	0.1050	0.1350	2.63173431e+09
0.0350	0.1050	0.1450	3.86427619e+09
0.0350	0.1150	0.1150	9.62699205e+08
0.0350	0.1150	0.1250	1.31470906e+09
0.0350	0.1150	0.1350	7.76807660e+08
0.0350	0.1150	0.1450	1.99402351e+09
0.0350	0.1250	0.1250	1.44466865e+09
0.0350	0.1250	0.1350	1.20435929e+09
0.0350	0.1250	0.1450	1.51650902e+09
0.0350	0.1350	0.1350	1.14692346e+09
0.0350	0.1350	0.1450	6.87048408e+08
0.0350	0.1450	0.1450	1.47757505e+09
0.0450	0.0450	0.0450	1.18158369e+10
0.0450	0.0450	0.0550	-3.23466097e+09
0.0450	0.0450	0.0650	6.12707112e+09
0.0450	0.0450	0.0750	1.60433983e+09
0.0450	0.0450	0.0850	1.50867693e+09
0.0450	0.0450	0.0950	1.13569249e+09
0.0450	0.0550	0.0550	2.57067356e+09
0.0450	0.0550	0.0650	3.20447635e+09
0.0450	0.0550	0.0750	3.15887100e+09
0.0450	0.0550	0.0850	1.69052532e+09
0.0450	0.0550	0.0950	3.52430975e+09
0.0450	0.0550	0.1050	2.64550558e+09
0.0450	0.0650	0.0650	2.97898261e+09
0.0450	0.0650	0.0750	2.47914517e+08
0.0450	0.0650	0.0850	2.86667726e+09
0.0450	0.0650	0.0950	2.60924480e+09
0.0450	0.0650	0.1050	1.30597357e+09
0.0450	0.0650	0.1150	4.91828452e+09
0.0450	0.0750	0.0750	2.57757054e+09
0.0450	0.0750	0.0850	4.02371746e+09
0.0450	0.0750	0.0950	1.47400540e+09
0.0450	0.0750	0.1050	1.62218804e+09
0.0450	0.0750	0.1150	2.14203329e+09
0.0450	0.0750	0.1250	8.79972158e+08
0.0450	0.0850	0.0850	-6.88418155e+08
0.0450	0.0850	0.0950	1.70501966e+09
0.0450	0.0850	0.1050	2.05768794e+09
0.0450	0.0850	0.1150	2.15246797e+09
0.0450	0.0850	0.1250	2.50969033e+09
0.0450	0.0850	0.1350	1.40213197e+09
0.0450	0.0950	0.0950	1.96375410e+09
0.0450	0.0950	0.1050	6.65189149e+08
0.0450	0.0950	0.1150	4.19675564e+08
0.0450	0.0950	0.1250	1.07443432e+09
0.0450	0.0950	0.1350	9.04736492e+08
0.0450	0.0950	0.1450	1.37987967e+09
0.0450	0.1050	0.1050	1.30178550e+09
0.0450	0.1050	0.1150	1.08517653e+09
0.0450	0.1050	0.1250	1.35394178e+09
0.0450	0.1050	0.1350	1.56889235e+09
0.0450	0.1050	0.1450	1.67828290e+09
0.0450	0.1150	0.1150	8.17022335e+08
0.0450	0.1150	0.1250	8.63381153e+08
0.0450	0.1150	0.1350	7.36820434e+08
0.0450	0.1150	0.1450	8.40493851e+08
0.0450	0.1250	0.1250	5.78729569e+08
0.0450	0.1250	0.1350	6.79605946e+08
0.0450	0.1250	0.1450	1.08170211e+09
0.0450	0.1350	0.1350	5.89239598e+08
0.0450	0.1350	0.1450	7.24442599e+08
0.0450	0.1450	0.1450	5.36525123e+08
0.0550	0.0550	0.0550	5.51925848e+09
0.0550	0.0550	0.0650	3.83498087e+08
0.0550	0.0550	0.0750	1.25149493e+09
0.0550	0.0550	0.0850	4.11133383e+09
0.0550	0.0550	0.0950	3.33511145e+09
0.0550	0.0550	0.1050	3.54714604e+09
0.0550	0.0550	0.1150	1.80553080e+09
0.0550	0.0650	0.0650	1.03294004e+09
0.0550	0.0650	0.0750	2.35283110e+09
0.0550	0.0650	0.0850	5.40891315e+07
0.0550	0.0650	0.0950	9.31042069e+08
0.0550	0.0650	0.1050	3.30109151e+09
0.0550	0.0650	0.1150	2.63187207e+09
0.0550	0.0650	0.1250	3.28801693e+09
0.0550	0.0750	0.0750	4.09650563e+08
0.0550	0.0750	0.0850	1.45458443e+09
0.0550	0.0750	0.0950	2.38343407e+09
0.0550	0.0750	0.1050	1.27880037e+09
0.0550	0.0750	0.1150	1.23028983e+09
0.0550	0.0750	0.1250	2.87955561e+09
0.0550	0.0750	0.1350	3.47084187e+09
0.0550	0.0850	0.0850	6.51135206e+08
0.0550	0.0850	0.0950	1.08750296e+09
0.0550	0.0850	0.1050	6.26390050e+08
0.0550	0.0850	0.1150	1.79378583e+09
0.0550	0.0850	0.1250	1.15126174e+09
0.0550	0.0850	0.1350	2.75023487e+09
0.0550	0.0850	0.1450	2.26096677e+09
0.0550	0.0950	0.0950	9.80258716e+08
0.0550	0.0950	0.1050	1.01690696e+09
0.0550	0.0950	0.1150	1.02847559e+09
0.0550	0.0950	0.1250	1.24807517e+09
0.0550	0.0950	0.1350	1.52948778e+09
0.0550	0.0950	0.1450	1.38560356e+09
0.0550	0.1050	0.1050	1.48961558e+09
0.0550	0.1050	0.1150	9.96771808e+08
0.0550	0.1050	0.1250	1.13982255e+09
0.0550	0.1050	0.1350	1.29704965e+09
0.0550	0.1050	0.1450	1.52119872e+09
0.0550	0.1150	0.1150	8.77074925e+08
0.0550	0.1150	0.1250	6.55878282e+08
0.0550	0.1150	0.1350	9.56415107e+08
0.0550	0.1150	0.1450	1.16927306e+09
0.0550	0.1250	0.1250	9.70838301e+08
0.0550	0.1250	0.1350	6.31288104e+08
0.0550	0.1250	0.1450	8.54153376e+08
0.0550	0.1350	0.1350	6.63515637e+08
0.0550	0.1350	0.1450	7.23009155e+08
0.0550	0.1450	0.1450	7.69679253e+08
0.0650	0.0650	0.0650	1.22697101e+09
0.0650	0.0650	0.0750	2.30043567e+09
0.0650	0.0650	0.0850	3.15480266e+09
0.0650	0.0650	0.0950	9.38543903e+07
0.0650	0.0650	0.1050	1.42636453e+09
0.0650	0.0650	0.1150	9.55226357e+08
0.0650	0.0650	0.1250	1.91090818e+09
0.0650	0.0650	0.1350	1.64276060e+09
0.0650	0.0750	0.0750	1.57542983e+09
0.0650	0.0750	0.0850	7.17373790e+08
0.0650	0.0750	0.0950	1.84547748e+09
0.0650	0.0750	0.1050	1.06087379e+09
0.0650	0.0750	0.1150	1.41717949e+09
0.0650	0.0750	0.1250	1.04603017e+09
0.0650	0.0750	0.1350	2.15096239e+09
0.0650	0.0750	0.1450	1.33092761e+09
0.0650	0.0850	0.0850	1.75792612e+09
0.0650	0.0850	0.0950	1.34597000e+09
0.0650	0.0850	0.1050	1.06822846e+09
0.0650	0.0850	0.1150	1.17057996e+09
0.0650	0.0850	0.1250	1.50359148e+09
0.0650	0.0850	0.1350	1.20037977e+09
0.0650	0.0850	0.1450	1.63050663e+09
0.0650	0.0950	0.0950	4.11969971e+08
0.0650	0.0950	0.1050	1.31047238e+09
0.0650	0.0950	0.1150	1.01023969e+09
0.0650	0.0950	0.1250	1.31007129e+09
0.0650	0.0950	0.1350	8.08436199e+08
0.0650	0.0950	0.1450	9.58963244e+08
0.0650	0.1050	0.1050	1.15269629e+09
0.0650	0.1050	0.1150	8.85623655e+08
0.0650	0.1050	0.1250	8.60662241e+08
0.0650	0.1050	0.1350	9.43883617e+08
0.0650	0.1050	0.1450	1.17869042e+09
0.0650	0.1150	0.1150	7.94140399e+08
0.0650	0.1150	0.1250	1.13819520e+09
0.0650	0.1150	0.1350	6.95869138e+08
0.0650	0.1150	0.1450	6.25835196e+08
0.0650	0.1250	0.1250	5.01108897e+08
0.0650	0.1250	0.1350	6.66103313e+08
0.0650	0.1250	0.1450	1.08076857e+09
0.0650	0.1350	0.1350	5.74971294e+08
0.0650	0.1350	0.1450	5.32630555e+08
0.0650	0.1450	0.1450	5.70852713e+08
0.0750	0.0750	0.0750	1.72437134e+09
0.0750	0.0750	0.0850	1.23564010e+09
0.0750	0.0750	0.0950	8.85139832e+08
0.0750	0.0750	0.1050	1.59983794e+09
0.0750	0.0750	0.1150	6.69820534e+08
0.0750	0.0750	0.1250	1.29172013e+09
0.0750	0.0750	0.1350	8.74874909e+08
0.0750	0.0750	0.1450	1.77491751e+09
0.0750	0.0850	0.0850	7.25380468e+08
0.0750	0.0850	0.0950	6.75432488e+08
0.0750	0.0850	0.1050	7.19208134e+08
0.0750	0.0850	0.1150	1.19934264e+09
0.0750	0.0850	0.1250	9.77611034e+08
0.0750	0.0850	0.1350	1.31989758e+09
0.0750	0.0850	0.1450	1.08817180e+09
0.0750	0.0950	0.0950	1.07630416e+09
0.0750	0.0950	0.1050	2.45294232e+08
0.0750	0.0950	0.1150	9.16986194e+08
0.0750	0.0950	0.1250	8.21547546e+08
0.0750	0.0950	0.1350	7.05412106e+08
0.0750	0.0950	0.1450	9.78069419e+08
0.0750	0.1050	0.1050	-4.88093355e+06
0.0750	0.1050	0.1150	8.95647416e+08
0.0750	0.1050	0.1250	9.21858128e+08
0.0750	0.1050	0.1350	6.47552527e+08
0.0750	0.1050	0.1450	6.88246374e+08
0.0750	0.1150	0.1150	5.11942431e+08
0.0750	0.1150	0.1250	5.85597654e+08
0.0750	0.1150	0.1350	7.29224885e+08
0.0750	0.1150	0.1450	6.96943109e+08
0.0750	0.1250	0.1250	4.50815051e+08
0.0750	0.1250	0.1350	7.55524804e+08
0.0750	0.1250	0.1450	7.57624390e+08
0.0750	0.1350	0.1350	5.49924198e+08
0.0750	0.1350	0.1450	7.24083200e+08
0.0750	0.1450	0.1450	5.93208469e+08
0.0850	0.0850	0.0850	6.25219776e+08
0.0850	0.0850	0.0950	1.32726960e+09
0.0850	0.0850	0.1050	1.05195343e+07
0.0850	0.0850	0.1150	8.43271355e+08
0.0850	0.0850	0.1250	1.02879255e+09
0.0850	0.0850	0.1350	9.70387452e+08
0.0850	0.0850	0.1450	9.69918983e+08
0.0850	0.0950	0.0950	2.28135894e+08
0.0850	0.0950	0.1050	1.18317297e+09
0.0850	0.0950	0.1150	6.09905564e+08
0.0850	0.0950	0.1250	8.65223087e+08
0.0850	0.0950	0.1350	1.16736208e+09
0.0850	0.0950	0.1450	9.53645075e+08
0.0850	0.1050	0.1050	3.49421259e+08
0.0850	0.1050	0.1150	6.71272349e+08
0.0850	0.1050	0.1250	2.48276093e+08
0.0850	0.1050	0.1350	5.39193055e+08
0.0850	0.1050	0.1450	7.34768305e+08
0.0850	0.1150	0.1150	5.56952591e+08
0.0850	0.1150	0.1250	3.90234157e+08
0.0850	0.1150	0.1350	5.18781449e+08
0.0850	0.1150	0.1450	5.30755859e+08
0.0850	0.1250	0.1250	1.02828038e+09
0.0850	0.1250	0.1350	4.83224364e+08
0.0850	0.1250	0.1450	3.29705500e+08
0.0850	0.1350	0.1350	5.77241433e+08
0.0850	0.1350	0.1450	3.41812187e+08
0.0850	0.1450	0.1450	6.12384740e+08
0.0950	0.0950	0.0950	7.78368707e+08
0.0950	0.0950	0.1050	3.64794825e+08
0.0950	0.0950	0.1150	5.49744963e+08
0.0950	0.0950	0.1250	4.64095904e+08
0.0950	0.0950	0.1350	4.35222255e+08
0.0950	0.0950	0.1450	5.60202384e+08
0.0950	0.1050	0.1050	8.99285485e+08
0.0950	0.1050	0.1150	3.99518657e+08
0.0950	0.1050	0.1250	6.74588239e+08
0.0950	0.1050	0.1350	1.39387267e+08
0.0950	0.1050	0.1450	5.15606249e+08
0.0950	0.1150	0.1150	6.57991234e+08
0.0950	0.1150	0.1250	7.09796254e+08
0.0950	0.1150	0.1350	8.86563837e+08
0.0950	0.1150	0.1450	7.53800820e+08
0.0950	0.1250	0.1250	4.72111589e+07
0.0950	0.1250	0.1350	4.31292006e+08
0.0950	0.1250	0.1450	5.00627908e+08
0.0950	0.1350	0.1350	4.29688301e+08
0.0950	0.1350	0.1450	5.36578432e+08
0.0950	0.1450	0.1450	4.53263352e+08
0.1050	0.1050	0.1050	5.60712891e+08
0.1050	0.1050	0.1150	3.86442350e+08
0.1050	0.1050	0.1250	3.93773943e+08
0.1050	0.1050	0.1350	5.12656936e+08
0.1050	0.1050	0.1450	5.38594887e+08
0.1050	0.1150	0.1150	5.62545698e+08
0.1050	0.1150	0.1250	4.35146841e+08
0.1050	0.1150	0.1350	5.81153074e+08
0.1050	0.1150	0.1450	2.37693357e+08
0.1050	0.1250	0.1250	6.13901747e+08
0.1050	0.1250	0.1350	5.48922190e+08
0.1050	0.1250	0.1450	3.40452725e+08
0.1050	0.1350	0.1350	5.23292285e+08
0.1050	0.1350	0.1450	3.73147807e+08
0.1050	0.1450	0.1450	3.96229478e+08
0.1150	0.1150	0.1150	1.51627498e+08
0.1150	0.1150	0.1250	3.49261163e+08
0.1150	0.1150	0.1350	2.68375644e+08
0.1150	0.1150	0.1450	4.10458933e+08
0.1150	0.1250	0.1250	7.43019743e+08
0.1150	0.1250	0.1350	3.09591022e+08
0.1150	0.1250	0.1450	5.30876765e+08
0.1150	0.1350	0.1350	4.57051955e+08
0.1150	0.1350	0.1450	3.03029431e+08
0.1150	0.1450	0.1450	4.29934957e+08
0.1250	0.1250	0.1250	9.08996318e+08
0.1250	0.1250	0.1350	4.38627047e+08
0.1250	0.1250	0.1450	3.43934916e+08
0.1250	0.1350	0.1350	2.28272661e+08
0.1250	0.1350	0.1450	4.10695556e+08
0.1250	0.1450	0.1450	4.75411434e+08
0.1350	0.1350	0.1350	8.75916563e+07
0.1350	0.1350	0.1450	3.64540735e+08
0.1350	0.1450	0.1450	2.36816505e+08
0.1450	0.1450	0.1450	6.52819259e+08
