####### Bispectrum of Patchy Simulation 581 #############
# Patch: ngc
# z-type: z1
# Weights: fkp
# Fiducial Omega_m: 0.310
# Fiducial h: 0.676
# Boxsize: [1350.0, 2450.0, 1400.0]
# Grid: [126, 230, 130]
# k-binning: [0.000, 0.160, 0.010]
# Monte Carlo Simulations: 100
#
# Format: k1 | k2 | k3 | B(k1,k2,k3)
############################################
0.0150	0.0150	0.0150	-7.81235375e+10
0.0150	0.0150	0.0250	2.03373789e+10
0.0150	0.0150	0.0350	-2.64604601e+10
0.0150	0.0250	0.0250	1.05077528e+10
0.0150	0.0250	0.0350	1.10129014e+10
0.0150	0.0250	0.0450	1.30948857e+10
0.0150	0.0350	0.0350	1.14264832e+10
0.0150	0.0350	0.0450	9.50684998e+09
0.0150	0.0350	0.0550	4.90486265e+09
0.0150	0.0450	0.0450	-1.16483788e+08
0.0150	0.0450	0.0550	7.31938370e+09
0.0150	0.0450	0.0650	8.61030769e+09
0.0150	0.0550	0.0550	1.41714212e+09
0.0150	0.0550	0.0650	7.99797157e+09
0.0150	0.0550	0.0750	3.14199594e+09
0.0150	0.0650	0.0650	2.82534585e+09
0.0150	0.0650	0.0750	7.56074389e+09
0.0150	0.0650	0.0850	4.20552977e+09
0.0150	0.0750	0.0750	1.44315435e+09
0.0150	0.0750	0.0850	2.97921736e+09
0.0150	0.0750	0.0950	5.24974232e+09
0.0150	0.0850	0.0850	2.62890210e+09
0.0150	0.0850	0.0950	4.55839416e+09
0.0150	0.0850	0.1050	5.67965663e+09
0.0150	0.0950	0.0950	1.67397433e+09
0.0150	0.0950	0.1050	3.32271402e+09
0.0150	0.0950	0.1150	5.61743688e+09
0.0150	0.1050	0.1050	2.12936278e+08
0.0150	0.1050	0.1150	2.31460140e+09
0.0150	0.1050	0.1250	3.47602125e+09
0.0150	0.1150	0.1150	1.57205739e+09
0.0150	0.1150	0.1250	2.02518155e+09
0.0150	0.1150	0.1350	2.92570492e+09
0.0150	0.1250	0.1250	2.07196062e+09
0.0150	0.1250	0.1350	2.15487511e+09
0.0150	0.1250	0.1450	2.26442864e+09
0.0150	0.1350	0.1350	1.24052498e+09
0.0150	0.1350	0.1450	2.06208536e+09
0.0150	0.1450	0.1450	8.49413948e+08
0.0250	0.0250	0.0250	1.63559368e+10
0.0250	0.0250	0.0350	8.86326318e+09
0.0250	0.0250	0.0450	7.70568159e+09
0.0250	0.0250	0.0550	4.55291678e+09
0.0250	0.0350	0.0350	1.56715017e+10
0.0250	0.0350	0.0450	3.58009718e+09
0.0250	0.0350	0.0550	5.95542611e+09
0.0250	0.0350	0.0650	1.16787431e+10
0.0250	0.0450	0.0450	5.88746958e+09
0.0250	0.0450	0.0550	2.85781776e+09
0.0250	0.0450	0.0650	6.11569040e+09
0.0250	0.0450	0.0750	8.07087862e+09
0.0250	0.0550	0.0550	3.60927093e+09
0.0250	0.0550	0.0650	5.50694136e+09
0.0250	0.0550	0.0750	4.90130841e+09
0.0250	0.0550	0.0850	1.47525115e+09
0.0250	0.0650	0.0650	8.51635605e+09
0.0250	0.0650	0.0750	3.71094131e+09
0.0250	0.0650	0.0850	6.65901541e+09
0.0250	0.0650	0.0950	3.45316289e+09
0.0250	0.0750	0.0750	3.18088421e+09
0.0250	0.0750	0.0850	3.42940491e+09
0.0250	0.0750	0.0950	5.01514876e+09
0.0250	0.0750	0.1050	3.67196570e+09
0.0250	0.0850	0.0850	3.58007734e+09
0.0250	0.0850	0.0950	3.24657304e+09
0.0250	0.0850	0.1050	4.21421775e+09
0.0250	0.0850	0.1150	4.61637670e+09
0.0250	0.0950	0.0950	3.09661044e+09
0.0250	0.0950	0.1050	2.64564465e+09
0.0250	0.0950	0.1150	3.48663058e+09
0.0250	0.0950	0.1250	3.08382451e+09
0.0250	0.1050	0.1050	1.51175119e+09
0.0250	0.1050	0.1150	2.59654671e+09
0.0250	0.1050	0.1250	2.93971078e+09
0.0250	0.1050	0.1350	1.89127171e+09
0.0250	0.1150	0.1150	2.29486601e+09
0.0250	0.1150	0.1250	1.88006525e+09
0.0250	0.1150	0.1350	2.89631765e+09
0.0250	0.1150	0.1450	2.45875985e+09
0.0250	0.1250	0.1250	2.16699184e+09
0.0250	0.1250	0.1350	1.60271680e+09
0.0250	0.1250	0.1450	2.70305225e+09
0.0250	0.1350	0.1350	1.59126826e+09
0.0250	0.1350	0.1450	1.61095231e+09
0.0250	0.1450	0.1450	1.28254835e+09
0.0350	0.0350	0.0350	8.68018751e+08
0.0350	0.0350	0.0450	5.56118989e+09
0.0350	0.0350	0.0550	9.88769701e+09
0.0350	0.0350	0.0650	3.79463733e+09
0.0350	0.0350	0.0750	1.77201065e+09
0.0350	0.0450	0.0450	2.78683436e+09
0.0350	0.0450	0.0550	5.53271997e+09
0.0350	0.0450	0.0650	4.81495159e+09
0.0350	0.0450	0.0750	5.17045585e+09
0.0350	0.0450	0.0850	4.07332855e+09
0.0350	0.0550	0.0550	4.19454072e+09
0.0350	0.0550	0.0650	2.80882713e+09
0.0350	0.0550	0.0750	2.71233545e+09
0.0350	0.0550	0.0850	4.16210319e+09
0.0350	0.0550	0.0950	2.43246406e+09
0.0350	0.0650	0.0650	2.61402965e+09
0.0350	0.0650	0.0750	2.50888931e+09
0.0350	0.0650	0.0850	2.71193521e+09
0.0350	0.0650	0.0950	3.55984393e+09
0.0350	0.0650	0.1050	3.55133363e+09
0.0350	0.0750	0.0750	3.01789180e+09
0.0350	0.0750	0.0850	2.66524160e+09
0.0350	0.0750	0.0950	2.57483506e+09
0.0350	0.0750	0.1050	3.68822244e+09
0.0350	0.0750	0.1150	4.07108451e+09
0.0350	0.0850	0.0850	1.89726579e+09
0.0350	0.0850	0.0950	2.29724507e+09
0.0350	0.0850	0.1050	2.49601182e+09
0.0350	0.0850	0.1150	3.38162146e+09
0.0350	0.0850	0.1250	1.68654077e+09
0.0350	0.0950	0.0950	2.46890710e+09
0.0350	0.0950	0.1050	1.41385675e+09
0.0350	0.0950	0.1150	1.91054103e+09
0.0350	0.0950	0.1250	2.25978357e+09
0.0350	0.0950	0.1350	2.35706043e+09
0.0350	0.1050	0.1050	1.60054611e+09
0.0350	0.1050	0.1150	1.25727680e+09
0.0350	0.1050	0.1250	1.47170433e+09
0.0350	0.1050	0.1350	1.90354188e+09
0.0350	0.1050	0.1450	2.37551091e+09
0.0350	0.1150	0.1150	1.07804734e+09
0.0350	0.1150	0.1250	1.48048512e+09
0.0350	0.1150	0.1350	1.58249507e+09
0.0350	0.1150	0.1450	2.09692557e+09
0.0350	0.1250	0.1250	1.49502577e+09
0.0350	0.1250	0.1350	1.35326225e+09
0.0350	0.1250	0.1450	1.23446341e+09
0.0350	0.1350	0.1350	1.01501686e+09
0.0350	0.1350	0.1450	1.09372828e+09
0.0350	0.1450	0.1450	1.42014639e+09
0.0450	0.0450	0.0450	4.40484236e+09
0.0450	0.0450	0.0550	2.23789978e+09
0.0450	0.0450	0.0650	4.26178519e+08
0.0450	0.0450	0.0750	5.31477896e+09
0.0450	0.0450	0.0850	4.09263814e+09
0.0450	0.0450	0.0950	5.72891094e+09
0.0450	0.0550	0.0550	3.64295638e+09
0.0450	0.0550	0.0650	2.11222800e+09
0.0450	0.0550	0.0750	2.80527576e+09
0.0450	0.0550	0.0850	2.44759377e+09
0.0450	0.0550	0.0950	3.03478349e+09
0.0450	0.0550	0.1050	1.56665402e+09
0.0450	0.0650	0.0650	1.35518358e+09
0.0450	0.0650	0.0750	1.86622316e+09
0.0450	0.0650	0.0850	1.98439767e+09
0.0450	0.0650	0.0950	2.81652261e+09
0.0450	0.0650	0.1050	3.10776353e+09
0.0450	0.0650	0.1150	3.53802800e+09
0.0450	0.0750	0.0750	2.38725572e+09
0.0450	0.0750	0.0850	1.40904402e+09
0.0450	0.0750	0.0950	2.18629515e+09
0.0450	0.0750	0.1050	2.30688002e+09
0.0450	0.0750	0.1150	2.34557201e+09
0.0450	0.0750	0.1250	3.63139832e+09
0.0450	0.0850	0.0850	2.22557915e+09
0.0450	0.0850	0.0950	1.39531955e+09
0.0450	0.0850	0.1050	1.33009196e+09
0.0450	0.0850	0.1150	1.82367991e+09
0.0450	0.0850	0.1250	2.28002565e+09
0.0450	0.0850	0.1350	2.05149649e+09
0.0450	0.0950	0.0950	1.29456585e+09
0.0450	0.0950	0.1050	1.25492071e+09
0.0450	0.0950	0.1150	1.13031212e+09
0.0450	0.0950	0.1250	1.41896958e+09
0.0450	0.0950	0.1350	1.88165337e+09
0.0450	0.0950	0.1450	3.05403533e+09
0.0450	0.1050	0.1050	1.38884751e+09
0.0450	0.1050	0.1150	1.02394540e+09
0.0450	0.1050	0.1250	9.00689004e+08
0.0450	0.1050	0.1350	1.22526842e+09
0.0450	0.1050	0.1450	1.60529302e+09
0.0450	0.1150	0.1150	1.39088836e+09
0.0450	0.1150	0.1250	1.23642804e+09
0.0450	0.1150	0.1350	1.23059797e+09
0.0450	0.1150	0.1450	1.42352105e+09
0.0450	0.1250	0.1250	9.65357855e+08
0.0450	0.1250	0.1350	7.82278645e+08
0.0450	0.1250	0.1450	1.00719268e+09
0.0450	0.1350	0.1350	8.49161449e+08
0.0450	0.1350	0.1450	8.87216875e+08
0.0450	0.1450	0.1450	8.22849299e+08
0.0550	0.0550	0.0550	1.74671957e+09
0.0550	0.0550	0.0650	2.12503837e+09
0.0550	0.0550	0.0750	6.91998931e+08
0.0550	0.0550	0.0850	1.89706045e+09
0.0550	0.0550	0.0950	2.78366135e+09
0.0550	0.0550	0.1050	3.13550193e+09
0.0550	0.0550	0.1150	3.79373928e+09
0.0550	0.0650	0.0650	2.69772479e+09
0.0550	0.0650	0.0750	1.93531223e+09
0.0550	0.0650	0.0850	2.03944278e+09
0.0550	0.0650	0.0950	1.38815835e+09
0.0550	0.0650	0.1050	2.04102504e+09
0.0550	0.0650	0.1150	2.80770641e+09
0.0550	0.0650	0.1250	2.71462586e+09
0.0550	0.0750	0.0750	1.78166114e+09
0.0550	0.0750	0.0850	1.84456199e+09
0.0550	0.0750	0.0950	1.68158252e+09
0.0550	0.0750	0.1050	1.53345333e+09
0.0550	0.0750	0.1150	1.84355294e+09
0.0550	0.0750	0.1250	2.36873996e+09
0.0550	0.0750	0.1350	2.64325690e+09
0.0550	0.0850	0.0850	9.94841381e+08
0.0550	0.0850	0.0950	1.50951187e+09
0.0550	0.0850	0.1050	9.14341380e+08
0.0550	0.0850	0.1150	1.61391328e+09
0.0550	0.0850	0.1250	1.38239274e+09
0.0550	0.0850	0.1350	1.75231045e+09
0.0550	0.0850	0.1450	2.34704638e+09
0.0550	0.0950	0.0950	1.22879360e+09
0.0550	0.0950	0.1050	1.08835079e+09
0.0550	0.0950	0.1150	1.21348016e+09
0.0550	0.0950	0.1250	1.10306783e+09
0.0550	0.0950	0.1350	1.28401949e+09
0.0550	0.0950	0.1450	1.55578924e+09
0.0550	0.1050	0.1050	1.05177951e+09
0.0550	0.1050	0.1150	1.08419979e+09
0.0550	0.1050	0.1250	1.02211253e+09
0.0550	0.1050	0.1350	1.07234680e+09
0.0550	0.1050	0.1450	9.91080415e+08
0.0550	0.1150	0.1150	8.89791133e+08
0.0550	0.1150	0.1250	9.89442580e+08
0.0550	0.1150	0.1350	9.22136444e+08
0.0550	0.1150	0.1450	1.04065786e+09
0.0550	0.1250	0.1250	1.06770374e+09
0.0550	0.1250	0.1350	7.96927928e+08
0.0550	0.1250	0.1450	9.50226634e+08
0.0550	0.1350	0.1350	6.50338892e+08
0.0550	0.1350	0.1450	7.99622316e+08
0.0550	0.1450	0.1450	4.72489465e+08
0.0650	0.0650	0.0650	2.95319521e+09
0.0650	0.0650	0.0750	1.31283409e+09
0.0650	0.0650	0.0850	1.46010974e+09
0.0650	0.0650	0.0950	2.19967812e+09
0.0650	0.0650	0.1050	1.46882916e+09
0.0650	0.0650	0.1150	2.44029125e+09
0.0650	0.0650	0.1250	2.43177600e+09
0.0650	0.0650	0.1350	2.77118079e+09
0.0650	0.0750	0.0750	1.85598754e+09
0.0650	0.0750	0.0850	1.57985621e+09
0.0650	0.0750	0.0950	1.19157476e+09
0.0650	0.0750	0.1050	1.47755458e+09
0.0650	0.0750	0.1150	1.36226900e+09
0.0650	0.0750	0.1250	1.54364262e+09
0.0650	0.0750	0.1350	2.15546846e+09
0.0650	0.0750	0.1450	2.32225965e+09
0.0650	0.0850	0.0850	1.68704510e+09
0.0650	0.0850	0.0950	9.28813885e+08
0.0650	0.0850	0.1050	1.32202744e+09
0.0650	0.0850	0.1150	1.57371873e+09
0.0650	0.0850	0.1250	1.61822540e+09
0.0650	0.0850	0.1350	1.43839490e+09
0.0650	0.0850	0.1450	1.65543306e+09
0.0650	0.0950	0.0950	8.64159850e+08
0.0650	0.0950	0.1050	7.69145077e+08
0.0650	0.0950	0.1150	9.64135886e+08
0.0650	0.0950	0.1250	1.07887543e+09
0.0650	0.0950	0.1350	1.10564380e+09
0.0650	0.0950	0.1450	1.33543352e+09
0.0650	0.1050	0.1050	6.59056035e+08
0.0650	0.1050	0.1150	9.80368485e+08
0.0650	0.1050	0.1250	8.32128962e+08
0.0650	0.1050	0.1350	8.39187438e+08
0.0650	0.1050	0.1450	9.75274078e+08
0.0650	0.1150	0.1150	5.78539224e+08
0.0650	0.1150	0.1250	9.03068997e+08
0.0650	0.1150	0.1350	1.06564740e+09
0.0650	0.1150	0.1450	9.43244252e+08
0.0650	0.1250	0.1250	7.93592931e+08
0.0650	0.1250	0.1350	7.81115097e+08
0.0650	0.1250	0.1450	8.36636254e+08
0.0650	0.1350	0.1350	9.17546742e+08
0.0650	0.1350	0.1450	6.34909096e+08
0.0650	0.1450	0.1450	5.99358496e+08
0.0750	0.0750	0.0750	1.74211772e+09
0.0750	0.0750	0.0850	6.91675634e+08
0.0750	0.0750	0.0950	1.27505067e+09
0.0750	0.0750	0.1050	1.00441256e+09
0.0750	0.0750	0.1150	1.17587694e+09
0.0750	0.0750	0.1250	1.51830925e+09
0.0750	0.0750	0.1350	1.58353678e+09
0.0750	0.0750	0.1450	1.94001597e+09
0.0750	0.0850	0.0850	1.62471516e+09
0.0750	0.0850	0.0950	1.19507976e+09
0.0750	0.0850	0.1050	1.01218193e+09
0.0750	0.0850	0.1150	7.78297228e+08
0.0750	0.0850	0.1250	1.04525114e+09
0.0750	0.0850	0.1350	1.17747181e+09
0.0750	0.0850	0.1450	1.25568186e+09
0.0750	0.0950	0.0950	8.16969209e+08
0.0750	0.0950	0.1050	6.87035307e+08
0.0750	0.0950	0.1150	9.36082139e+08
0.0750	0.0950	0.1250	7.76405551e+08
0.0750	0.0950	0.1350	6.66544194e+08
0.0750	0.0950	0.1450	1.00831693e+09
0.0750	0.1050	0.1050	6.85178949e+08
0.0750	0.1050	0.1150	9.32400728e+08
0.0750	0.1050	0.1250	8.54504657e+08
0.0750	0.1050	0.1350	8.27425308e+08
0.0750	0.1050	0.1450	8.21763910e+08
0.0750	0.1150	0.1150	7.55429516e+08
0.0750	0.1150	0.1250	5.68328691e+08
0.0750	0.1150	0.1350	6.54141724e+08
0.0750	0.1150	0.1450	7.59841787e+08
0.0750	0.1250	0.1250	6.36792150e+08
0.0750	0.1250	0.1350	5.09958524e+08
0.0750	0.1250	0.1450	7.21673743e+08
0.0750	0.1350	0.1350	6.35013150e+08
0.0750	0.1350	0.1450	5.38391280e+08
0.0750	0.1450	0.1450	4.76198550e+08
0.0850	0.0850	0.0850	4.15543156e+08
0.0850	0.0850	0.0950	5.82722901e+08
0.0850	0.0850	0.1050	5.10634215e+08
0.0850	0.0850	0.1150	5.11930082e+08
0.0850	0.0850	0.1250	6.99261215e+08
0.0850	0.0850	0.1350	9.54709104e+08
0.0850	0.0850	0.1450	8.44980611e+08
0.0850	0.0950	0.0950	9.69911714e+08
0.0850	0.0950	0.1050	9.96757768e+08
0.0850	0.0950	0.1150	8.26090036e+08
0.0850	0.0950	0.1250	7.77434649e+08
0.0850	0.0950	0.1350	6.31535935e+08
0.0850	0.0950	0.1450	7.26469174e+08
0.0850	0.1050	0.1050	8.47408405e+08
0.0850	0.1050	0.1150	6.87762022e+08
0.0850	0.1050	0.1250	8.34488065e+08
0.0850	0.1050	0.1350	8.20558804e+08
0.0850	0.1050	0.1450	6.46794874e+08
0.0850	0.1150	0.1150	3.77753351e+08
0.0850	0.1150	0.1250	7.21597826e+08
0.0850	0.1150	0.1350	5.16757486e+08
0.0850	0.1150	0.1450	6.29842595e+08
0.0850	0.1250	0.1250	6.71161417e+08
0.0850	0.1250	0.1350	5.95035681e+08
0.0850	0.1250	0.1450	5.43522068e+08
0.0850	0.1350	0.1350	4.52340024e+08
0.0850	0.1350	0.1450	5.53722666e+08
0.0850	0.1450	0.1450	4.18206115e+08
0.0950	0.0950	0.0950	4.86183378e+08
0.0950	0.0950	0.1050	7.16261525e+08
0.0950	0.0950	0.1150	9.57267930e+08
0.0950	0.0950	0.1250	6.47959094e+08
0.0950	0.0950	0.1350	4.49244950e+08
0.0950	0.0950	0.1450	7.45694586e+08
0.0950	0.1050	0.1050	6.20835512e+08
0.0950	0.1050	0.1150	5.52632690e+08
0.0950	0.1050	0.1250	3.95647083e+08
0.0950	0.1050	0.1350	4.56052783e+08
0.0950	0.1050	0.1450	5.71637232e+08
0.0950	0.1150	0.1150	6.34938533e+08
0.0950	0.1150	0.1250	4.81141081e+08
0.0950	0.1150	0.1350	5.85918467e+08
0.0950	0.1150	0.1450	4.77068549e+08
0.0950	0.1250	0.1250	6.13864341e+08
0.0950	0.1250	0.1350	4.86931308e+08
0.0950	0.1250	0.1450	4.34474240e+08
0.0950	0.1350	0.1350	5.33607683e+08
0.0950	0.1350	0.1450	5.37127917e+08
0.0950	0.1450	0.1450	4.05693851e+08
0.1050	0.1050	0.1050	6.69862858e+08
0.1050	0.1050	0.1150	3.54604852e+08
0.1050	0.1050	0.1250	3.84724129e+08
0.1050	0.1050	0.1350	5.00334371e+08
0.1050	0.1050	0.1450	4.39605906e+08
0.1050	0.1150	0.1150	5.26059797e+08
0.1050	0.1150	0.1250	4.37779121e+08
0.1050	0.1150	0.1350	4.06203188e+08
0.1050	0.1150	0.1450	5.13536662e+08
0.1050	0.1250	0.1250	5.13113789e+08
0.1050	0.1250	0.1350	4.93256108e+08
0.1050	0.1250	0.1450	4.05549438e+08
0.1050	0.1350	0.1350	4.01627573e+08
0.1050	0.1350	0.1450	4.63272144e+08
0.1050	0.1450	0.1450	4.61225829e+08
0.1150	0.1150	0.1150	7.69884067e+08
0.1150	0.1150	0.1250	3.96193498e+08
0.1150	0.1150	0.1350	5.08765407e+08
0.1150	0.1150	0.1450	4.62685511e+08
0.1150	0.1250	0.1250	5.28216076e+08
0.1150	0.1250	0.1350	4.17416432e+08
0.1150	0.1250	0.1450	3.81178849e+08
0.1150	0.1350	0.1350	4.34724140e+08
0.1150	0.1350	0.1450	3.97925258e+08
0.1150	0.1450	0.1450	2.81778412e+08
0.1250	0.1250	0.1250	2.32153179e+08
0.1250	0.1250	0.1350	3.67368890e+08
0.1250	0.1250	0.1450	3.83533222e+08
0.1250	0.1350	0.1350	4.53494267e+08
0.1250	0.1350	0.1450	4.00991796e+08
0.1250	0.1450	0.1450	4.34232641e+08
0.1350	0.1350	0.1350	3.61894243e+08
0.1350	0.1350	0.1450	3.19277004e+08
0.1350	0.1450	0.1450	3.82347165e+08
0.1450	0.1450	0.1450	1.48145521e+08
