####### Bispectrum of Patchy Simulation 439 #############
# Patch: sgc
# z-type: z1
# Weights: fkp
# Fiducial Omega_m: 0.310
# Fiducial h: 0.676
# Boxsize: [1000.0, 1900.0, 1100.0]
# Grid: [95, 180, 105]
# k-binning: [0.000, 0.160, 0.010]
# Monte Carlo Simulations: 100
#
# Format: k1 | k2 | k3 | B(k1,k2,k3)
############################################
0.0150	0.0150	0.0150	2.30960198e+10
0.0150	0.0150	0.0250	2.12817632e+10
0.0150	0.0150	0.0350	1.45858689e+10
0.0150	0.0250	0.0250	3.41799966e+09
0.0150	0.0250	0.0350	5.52040555e+09
0.0150	0.0250	0.0450	3.82706023e+10
0.0150	0.0350	0.0350	1.78405399e+10
0.0150	0.0350	0.0450	6.61741951e+09
0.0150	0.0350	0.0550	1.09526690e+10
0.0150	0.0450	0.0450	1.28747330e+10
0.0150	0.0450	0.0550	2.20423530e+09
0.0150	0.0450	0.0650	2.91383619e+10
0.0150	0.0550	0.0550	5.42685404e+09
0.0150	0.0550	0.0650	5.48644126e+09
0.0150	0.0550	0.0750	3.97462456e+09
0.0150	0.0650	0.0650	5.64774721e+09
0.0150	0.0650	0.0750	3.12630287e+09
0.0150	0.0650	0.0850	4.57369786e+09
0.0150	0.0750	0.0750	-1.46496001e+08
0.0150	0.0750	0.0850	6.86349584e+09
0.0150	0.0750	0.0950	7.21249384e+09
0.0150	0.0850	0.0850	5.78759453e+09
0.0150	0.0850	0.0950	1.31857026e+09
0.0150	0.0850	0.1050	9.09230067e+09
0.0150	0.0950	0.0950	2.37122818e+09
0.0150	0.0950	0.1050	1.32625383e+09
0.0150	0.0950	0.1150	2.08554528e+09
0.0150	0.1050	0.1050	8.21270428e+08
0.0150	0.1050	0.1150	3.48624502e+09
0.0150	0.1050	0.1250	3.33581960e+09
0.0150	0.1150	0.1150	2.18661463e+09
0.0150	0.1150	0.1250	1.74327361e+09
0.0150	0.1150	0.1350	3.37282303e+09
0.0150	0.1250	0.1250	1.11884015e+09
0.0150	0.1250	0.1350	2.67919732e+09
0.0150	0.1250	0.1450	2.52103412e+09
0.0150	0.1350	0.1350	4.44913322e+08
0.0150	0.1350	0.1450	1.84933115e+09
0.0150	0.1450	0.1450	2.88041096e+09
0.0250	0.0250	0.0250	-2.85718871e+10
0.0250	0.0250	0.0350	1.83926135e+10
0.0250	0.0250	0.0450	5.16683204e+09
0.0250	0.0250	0.0550	-1.59390310e+10
0.0250	0.0350	0.0350	5.46703683e+09
0.0250	0.0350	0.0450	7.32659508e+09
0.0250	0.0350	0.0550	6.97170988e+09
0.0250	0.0350	0.0650	2.49194810e+09
0.0250	0.0450	0.0450	6.05683336e+09
0.0250	0.0450	0.0550	7.13967914e+09
0.0250	0.0450	0.0650	9.17818649e+09
0.0250	0.0450	0.0750	7.50188126e+09
0.0250	0.0550	0.0550	-1.53547993e+09
0.0250	0.0550	0.0650	5.93254969e+08
0.0250	0.0550	0.0750	4.47343044e+09
0.0250	0.0550	0.0850	2.64183774e+09
0.0250	0.0650	0.0650	-5.61117351e+08
0.0250	0.0650	0.0750	3.77890762e+09
0.0250	0.0650	0.0850	3.31621417e+09
0.0250	0.0650	0.0950	6.20971495e+09
0.0250	0.0750	0.0750	3.29456466e+09
0.0250	0.0750	0.0850	7.00667449e+08
0.0250	0.0750	0.0950	4.87243959e+09
0.0250	0.0750	0.1050	1.66975963e+09
0.0250	0.0850	0.0850	1.16798536e+09
0.0250	0.0850	0.0950	3.63062167e+09
0.0250	0.0850	0.1050	2.26266918e+09
0.0250	0.0850	0.1150	4.41243130e+09
0.0250	0.0950	0.0950	8.31304908e+08
0.0250	0.0950	0.1050	1.90389800e+09
0.0250	0.0950	0.1150	3.77160609e+09
0.0250	0.0950	0.1250	3.63125486e+09
0.0250	0.1050	0.1050	2.41443140e+09
0.0250	0.1050	0.1150	1.45166943e+09
0.0250	0.1050	0.1250	2.43749706e+09
0.0250	0.1050	0.1350	8.64941616e+08
0.0250	0.1150	0.1150	5.03008730e+08
0.0250	0.1150	0.1250	2.03771326e+09
0.0250	0.1150	0.1350	2.25506751e+09
0.0250	0.1150	0.1450	3.71872246e+09
0.0250	0.1250	0.1250	1.48400350e+09
0.0250	0.1250	0.1350	1.81662708e+09
0.0250	0.1250	0.1450	2.21080121e+09
0.0250	0.1350	0.1350	1.03516391e+09
0.0250	0.1350	0.1450	1.66649205e+09
0.0250	0.1450	0.1450	7.19286836e+08
0.0350	0.0350	0.0350	-8.71637311e+08
0.0350	0.0350	0.0450	9.52865151e+09
0.0350	0.0350	0.0550	-6.01710132e+08
0.0350	0.0350	0.0650	8.76801180e+09
0.0350	0.0350	0.0750	-4.66892686e+09
0.0350	0.0450	0.0450	7.02875421e+09
0.0350	0.0450	0.0550	3.76116022e+09
0.0350	0.0450	0.0650	5.86646928e+09
0.0350	0.0450	0.0750	7.96853672e+09
0.0350	0.0450	0.0850	1.60009914e+10
0.0350	0.0550	0.0550	7.59718588e+08
0.0350	0.0550	0.0650	9.25496607e+09
0.0350	0.0550	0.0750	1.99644345e+09
0.0350	0.0550	0.0850	2.43479290e+09
0.0350	0.0550	0.0950	3.78824361e+09
0.0350	0.0650	0.0650	1.30265289e+09
0.0350	0.0650	0.0750	5.28804582e+08
0.0350	0.0650	0.0850	4.42943183e+09
0.0350	0.0650	0.0950	1.03134107e+09
0.0350	0.0650	0.1050	1.09154916e+10
0.0350	0.0750	0.0750	6.45325130e+09
0.0350	0.0750	0.0850	7.80310220e+08
0.0350	0.0750	0.0950	3.78525115e+09
0.0350	0.0750	0.1050	3.49041158e+09
0.0350	0.0750	0.1150	5.69329647e+09
0.0350	0.0850	0.0850	4.14264886e+09
0.0350	0.0850	0.0950	2.87910265e+09
0.0350	0.0850	0.1050	1.53926992e+09
0.0350	0.0850	0.1150	2.88718568e+09
0.0350	0.0850	0.1250	1.99647699e+09
0.0350	0.0950	0.0950	1.61677578e+09
0.0350	0.0950	0.1050	9.59149774e+08
0.0350	0.0950	0.1150	3.01342366e+09
0.0350	0.0950	0.1250	2.40643442e+09
0.0350	0.0950	0.1350	4.27151574e+09
0.0350	0.1050	0.1050	1.44113704e+09
0.0350	0.1050	0.1150	1.50091323e+09
0.0350	0.1050	0.1250	1.42908788e+09
0.0350	0.1050	0.1350	1.96126346e+09
0.0350	0.1050	0.1450	2.35380450e+09
0.0350	0.1150	0.1150	2.42990947e+09
0.0350	0.1150	0.1250	1.27565026e+09
0.0350	0.1150	0.1350	1.77482571e+09
0.0350	0.1150	0.1450	1.70811948e+09
0.0350	0.1250	0.1250	8.88611034e+08
0.0350	0.1250	0.1350	1.07891395e+09
0.0350	0.1250	0.1450	1.79783112e+09
0.0350	0.1350	0.1350	1.28698852e+09
0.0350	0.1350	0.1450	1.58436332e+09
0.0350	0.1450	0.1450	2.56700608e+08
0.0450	0.0450	0.0450	1.32500470e+10
0.0450	0.0450	0.0550	2.35214549e+09
0.0450	0.0450	0.0650	-1.77113732e+08
0.0450	0.0450	0.0750	4.02903228e+09
0.0450	0.0450	0.0850	4.17365268e+09
0.0450	0.0450	0.0950	9.03033186e+09
0.0450	0.0550	0.0550	1.87114097e+09
0.0450	0.0550	0.0650	2.02374947e+09
0.0450	0.0550	0.0750	2.57253885e+09
0.0450	0.0550	0.0850	4.59790616e+09
0.0450	0.0550	0.0950	2.87354523e+09
0.0450	0.0550	0.1050	3.24224081e+09
0.0450	0.0650	0.0650	4.90757287e+09
0.0450	0.0650	0.0750	1.25499912e+09
0.0450	0.0650	0.0850	2.44313077e+09
0.0450	0.0650	0.0950	8.10641307e+08
0.0450	0.0650	0.1050	4.57702146e+09
0.0450	0.0650	0.1150	2.57746268e+09
0.0450	0.0750	0.0750	4.61681289e+09
0.0450	0.0750	0.0850	2.88212454e+09
0.0450	0.0750	0.0950	3.29713231e+09
0.0450	0.0750	0.1050	1.96154774e+09
0.0450	0.0750	0.1150	2.87532522e+09
0.0450	0.0750	0.1250	4.00705248e+09
0.0450	0.0850	0.0850	2.12223163e+08
0.0450	0.0850	0.0950	1.83076955e+09
0.0450	0.0850	0.1050	1.20330584e+09
0.0450	0.0850	0.1150	2.21603931e+09
0.0450	0.0850	0.1250	2.01243568e+09
0.0450	0.0850	0.1350	3.08560860e+09
0.0450	0.0950	0.0950	3.01826807e+09
0.0450	0.0950	0.1050	1.16955306e+09
0.0450	0.0950	0.1150	1.60112587e+09
0.0450	0.0950	0.1250	1.58994369e+09
0.0450	0.0950	0.1350	2.38959113e+09
0.0450	0.0950	0.1450	1.99125760e+09
0.0450	0.1050	0.1050	1.34625062e+09
0.0450	0.1050	0.1150	1.08298835e+09
0.0450	0.1050	0.1250	1.10876331e+09
0.0450	0.1050	0.1350	1.81545719e+09
0.0450	0.1050	0.1450	1.46154502e+09
0.0450	0.1150	0.1150	8.54890104e+08
0.0450	0.1150	0.1250	1.87332297e+09
0.0450	0.1150	0.1350	1.25470706e+09
0.0450	0.1150	0.1450	1.70342272e+09
0.0450	0.1250	0.1250	1.34740553e+09
0.0450	0.1250	0.1350	9.78035590e+08
0.0450	0.1250	0.1450	7.38041194e+08
0.0450	0.1350	0.1350	1.14555377e+09
0.0450	0.1350	0.1450	7.68879507e+08
0.0450	0.1450	0.1450	7.38262905e+08
0.0550	0.0550	0.0550	4.06338421e+09
0.0550	0.0550	0.0650	9.88529634e+08
0.0550	0.0550	0.0750	1.72409145e+09
0.0550	0.0550	0.0850	2.15264741e+09
0.0550	0.0550	0.0950	9.22042540e+08
0.0550	0.0550	0.1050	3.88382160e+09
0.0550	0.0550	0.1150	5.05966304e+09
0.0550	0.0650	0.0650	1.78493335e+09
0.0550	0.0650	0.0750	1.63627039e+09
0.0550	0.0650	0.0850	7.62837708e+08
0.0550	0.0650	0.0950	3.96841330e+09
0.0550	0.0650	0.1050	2.07505245e+09
0.0550	0.0650	0.1150	2.23639105e+09
0.0550	0.0650	0.1250	1.10440166e+09
0.0550	0.0750	0.0750	1.19960483e+09
0.0550	0.0750	0.0850	9.64874725e+08
0.0550	0.0750	0.0950	1.59214575e+09
0.0550	0.0750	0.1050	1.51184998e+09
0.0550	0.0750	0.1150	2.43045842e+09
0.0550	0.0750	0.1250	2.13656372e+09
0.0550	0.0750	0.1350	4.73408615e+08
0.0550	0.0850	0.0850	2.49802376e+09
0.0550	0.0850	0.0950	1.56662237e+09
0.0550	0.0850	0.1050	1.06966476e+09
0.0550	0.0850	0.1150	1.77373977e+09
0.0550	0.0850	0.1250	1.26014581e+09
0.0550	0.0850	0.1350	2.07278116e+09
0.0550	0.0850	0.1450	9.80854200e+08
0.0550	0.0950	0.0950	7.65574405e+08
0.0550	0.0950	0.1050	1.31448599e+09
0.0550	0.0950	0.1150	1.15903371e+09
0.0550	0.0950	0.1250	1.39379015e+09
0.0550	0.0950	0.1350	1.48289692e+09
0.0550	0.0950	0.1450	2.22033397e+09
0.0550	0.1050	0.1050	4.80895489e+08
0.0550	0.1050	0.1150	1.65809954e+09
0.0550	0.1050	0.1250	1.12049871e+09
0.0550	0.1050	0.1350	1.57720006e+09
0.0550	0.1050	0.1450	8.16944926e+08
0.0550	0.1150	0.1150	9.68201363e+08
0.0550	0.1150	0.1250	8.76053334e+08
0.0550	0.1150	0.1350	1.16252411e+09
0.0550	0.1150	0.1450	5.00121589e+08
0.0550	0.1250	0.1250	1.01185199e+09
0.0550	0.1250	0.1350	6.66692797e+08
0.0550	0.1250	0.1450	1.03454011e+09
0.0550	0.1350	0.1350	2.84802159e+08
0.0550	0.1350	0.1450	8.87887581e+08
0.0550	0.1450	0.1450	7.30543958e+08
0.0650	0.0650	0.0650	1.32898611e+09
0.0650	0.0650	0.0750	1.14123805e+09
0.0650	0.0650	0.0850	-3.16218363e+08
0.0650	0.0650	0.0950	1.20883898e+09
0.0650	0.0650	0.1050	5.64167571e+08
0.0650	0.0650	0.1150	1.45345881e+09
0.0650	0.0650	0.1250	2.60754583e+09
0.0650	0.0650	0.1350	3.28213238e+09
0.0650	0.0750	0.0750	1.50890255e+09
0.0650	0.0750	0.0850	4.24269242e+08
0.0650	0.0750	0.0950	2.00826254e+09
0.0650	0.0750	0.1050	1.01608154e+09
0.0650	0.0750	0.1150	1.71537432e+09
0.0650	0.0750	0.1250	2.62489463e+09
0.0650	0.0750	0.1350	1.63331272e+09
0.0650	0.0750	0.1450	2.54453607e+09
0.0650	0.0850	0.0850	6.79418309e+08
0.0650	0.0850	0.0950	1.97525450e+09
0.0650	0.0850	0.1050	8.57293513e+08
0.0650	0.0850	0.1150	1.23017823e+09
0.0650	0.0850	0.1250	9.44894559e+08
0.0650	0.0850	0.1350	1.43137301e+09
0.0650	0.0850	0.1450	1.39125835e+09
0.0650	0.0950	0.0950	4.95588577e+08
0.0650	0.0950	0.1050	1.28483777e+09
0.0650	0.0950	0.1150	3.95962895e+08
0.0650	0.0950	0.1250	9.75164105e+08
0.0650	0.0950	0.1350	9.38947976e+08
0.0650	0.0950	0.1450	1.11838896e+09
0.0650	0.1050	0.1050	1.34340871e+09
0.0650	0.1050	0.1150	6.61820473e+08
0.0650	0.1050	0.1250	6.53494503e+08
0.0650	0.1050	0.1350	8.36189113e+08
0.0650	0.1050	0.1450	8.92876120e+08
0.0650	0.1150	0.1150	7.48341838e+08
0.0650	0.1150	0.1250	8.06692096e+08
0.0650	0.1150	0.1350	8.76075671e+08
0.0650	0.1150	0.1450	9.59004406e+08
0.0650	0.1250	0.1250	9.62926459e+08
0.0650	0.1250	0.1350	8.10813113e+08
0.0650	0.1250	0.1450	5.93203541e+08
0.0650	0.1350	0.1350	3.74331489e+08
0.0650	0.1350	0.1450	7.31440123e+08
0.0650	0.1450	0.1450	6.11638920e+08
0.0750	0.0750	0.0750	1.55316616e+09
0.0750	0.0750	0.0850	6.87260888e+08
0.0750	0.0750	0.0950	1.84134108e+09
0.0750	0.0750	0.1050	4.37709067e+08
0.0750	0.0750	0.1150	1.75575657e+09
0.0750	0.0750	0.1250	7.25752023e+08
0.0750	0.0750	0.1350	1.96916776e+09
0.0750	0.0750	0.1450	1.16660315e+09
0.0750	0.0850	0.0850	1.31410596e+09
0.0750	0.0850	0.0950	1.20655992e+09
0.0750	0.0850	0.1050	7.07246652e+08
0.0750	0.0850	0.1150	1.27469618e+09
0.0750	0.0850	0.1250	7.72855645e+08
0.0750	0.0850	0.1350	6.81939338e+08
0.0750	0.0850	0.1450	1.32484983e+09
0.0750	0.0950	0.0950	1.00790152e+09
0.0750	0.0950	0.1050	7.63431641e+08
0.0750	0.0950	0.1150	1.48481328e+09
0.0750	0.0950	0.1250	9.42695112e+08
0.0750	0.0950	0.1350	9.41218847e+08
0.0750	0.0950	0.1450	7.32170792e+08
0.0750	0.1050	0.1050	6.92434817e+08
0.0750	0.1050	0.1150	7.67335599e+08
0.0750	0.1050	0.1250	1.22370585e+09
0.0750	0.1050	0.1350	8.41912446e+08
0.0750	0.1050	0.1450	7.13544760e+08
0.0750	0.1150	0.1150	8.59209038e+07
0.0750	0.1150	0.1250	8.56012629e+08
0.0750	0.1150	0.1350	6.41079817e+08
0.0750	0.1150	0.1450	4.68310102e+08
0.0750	0.1250	0.1250	4.32994937e+08
0.0750	0.1250	0.1350	6.18781723e+08
0.0750	0.1250	0.1450	7.22151298e+08
0.0750	0.1350	0.1350	6.53087427e+08
0.0750	0.1350	0.1450	6.46919786e+08
0.0750	0.1450	0.1450	4.12047485e+08
0.0850	0.0850	0.0850	1.00307172e+09
0.0850	0.0850	0.0950	3.34934356e+08
0.0850	0.0850	0.1050	9.65892298e+08
0.0850	0.0850	0.1150	4.33316283e+08
0.0850	0.0850	0.1250	6.86416513e+08
0.0850	0.0850	0.1350	1.23393877e+09
0.0850	0.0850	0.1450	7.73713185e+08
0.0850	0.0950	0.0950	1.11259510e+09
0.0850	0.0950	0.1050	5.39000461e+08
0.0850	0.0950	0.1150	5.37120833e+08
0.0850	0.0950	0.1250	6.29059365e+08
0.0850	0.0950	0.1350	6.61175695e+08
0.0850	0.0950	0.1450	6.57148773e+08
0.0850	0.1050	0.1050	6.41559202e+08
0.0850	0.1050	0.1150	1.01079665e+09
0.0850	0.1050	0.1250	4.30706455e+08
0.0850	0.1050	0.1350	7.48536449e+08
0.0850	0.1050	0.1450	6.29745321e+08
0.0850	0.1150	0.1150	1.02763537e+09
0.0850	0.1150	0.1250	5.17940054e+08
0.0850	0.1150	0.1350	4.99699441e+08
0.0850	0.1150	0.1450	2.49025010e+08
0.0850	0.1250	0.1250	9.22906887e+08
0.0850	0.1250	0.1350	5.35606133e+08
0.0850	0.1250	0.1450	3.64738070e+08
0.0850	0.1350	0.1350	3.90219841e+08
0.0850	0.1350	0.1450	3.35607588e+08
0.0850	0.1450	0.1450	4.45279211e+08
0.0950	0.0950	0.0950	1.44946835e+09
0.0950	0.0950	0.1050	1.11677266e+09
0.0950	0.0950	0.1150	6.42286188e+08
0.0950	0.0950	0.1250	4.72647590e+08
0.0950	0.0950	0.1350	5.07704685e+08
0.0950	0.0950	0.1450	5.90771141e+08
0.0950	0.1050	0.1050	1.60130178e+08
0.0950	0.1050	0.1150	1.02468900e+09
0.0950	0.1050	0.1250	4.81465289e+08
0.0950	0.1050	0.1350	4.49545493e+08
0.0950	0.1050	0.1450	7.41808296e+08
0.0950	0.1150	0.1150	4.05503253e+08
0.0950	0.1150	0.1250	7.16088064e+08
0.0950	0.1150	0.1350	5.41688870e+08
0.0950	0.1150	0.1450	9.07115910e+08
0.0950	0.1250	0.1250	3.10508522e+08
0.0950	0.1250	0.1350	6.56154828e+08
0.0950	0.1250	0.1450	4.95184468e+08
0.0950	0.1350	0.1350	4.10858267e+08
0.0950	0.1350	0.1450	6.81625369e+08
0.0950	0.1450	0.1450	3.57153556e+08
0.1050	0.1050	0.1050	-2.13921697e+08
0.1050	0.1050	0.1150	5.08578186e+08
0.1050	0.1050	0.1250	7.00608878e+08
0.1050	0.1050	0.1350	5.05787006e+08
0.1050	0.1050	0.1450	4.85071785e+08
0.1050	0.1150	0.1150	1.10381072e+09
0.1050	0.1150	0.1250	4.76158260e+08
0.1050	0.1150	0.1350	6.21558144e+08
0.1050	0.1150	0.1450	4.26482641e+08
0.1050	0.1250	0.1250	4.45464317e+08
0.1050	0.1250	0.1350	3.79442888e+08
0.1050	0.1250	0.1450	2.05670727e+08
0.1050	0.1350	0.1350	4.42802021e+08
0.1050	0.1350	0.1450	4.52143629e+08
0.1050	0.1450	0.1450	2.11479248e+08
0.1150	0.1150	0.1150	3.71147476e+08
0.1150	0.1150	0.1250	6.34952996e+08
0.1150	0.1150	0.1350	3.98350233e+08
0.1150	0.1150	0.1450	5.39692811e+08
0.1150	0.1250	0.1250	5.85131882e+08
0.1150	0.1250	0.1350	4.82453490e+08
0.1150	0.1250	0.1450	3.27143965e+08
0.1150	0.1350	0.1350	5.23352824e+08
0.1150	0.1350	0.1450	3.82261621e+08
0.1150	0.1450	0.1450	4.63187266e+08
0.1250	0.1250	0.1250	-7.04632144e+07
0.1250	0.1250	0.1350	5.32632452e+08
0.1250	0.1250	0.1450	2.18119190e+08
0.1250	0.1350	0.1350	3.16551275e+08
0.1250	0.1350	0.1450	2.99038336e+08
0.1250	0.1450	0.1450	2.83283538e+08
0.1350	0.1350	0.1350	8.37000542e+08
0.1350	0.1350	0.1450	2.56735982e+08
0.1350	0.1450	0.1450	3.10283629e+08
0.1450	0.1450	0.1450	2.14393308e+08
