####### Bispectrum of Patchy Simulation 1469 #############
# Patch: ngc
# z-type: z1
# Weights: fkp
# Fiducial Omega_m: 0.310
# Fiducial h: 0.676
# Boxsize: [1350.0, 2450.0, 1400.0]
# Grid: [126, 230, 130]
# k-binning: [0.000, 0.160, 0.010]
# Monte Carlo Simulations: 100
#
# Format: k1 | k2 | k3 | B(k1,k2,k3)
############################################
0.0150	0.0150	0.0150	3.23017104e+10
0.0150	0.0150	0.0250	7.48172003e+09
0.0150	0.0150	0.0350	1.00239543e+11
0.0150	0.0250	0.0250	1.68494909e+09
0.0150	0.0250	0.0350	1.31540918e+10
0.0150	0.0250	0.0450	2.30626225e+10
0.0150	0.0350	0.0350	1.24760772e+10
0.0150	0.0350	0.0450	7.42186512e+09
0.0150	0.0350	0.0550	-3.14223158e+09
0.0150	0.0450	0.0450	7.51362415e+09
0.0150	0.0450	0.0550	9.06519299e+09
0.0150	0.0450	0.0650	9.25628782e+09
0.0150	0.0550	0.0550	6.79366335e+09
0.0150	0.0550	0.0650	5.59986406e+09
0.0150	0.0550	0.0750	1.64029841e+10
0.0150	0.0650	0.0650	3.80190068e+09
0.0150	0.0650	0.0750	4.68313289e+09
0.0150	0.0650	0.0850	8.18097219e+09
0.0150	0.0750	0.0750	3.13509829e+09
0.0150	0.0750	0.0850	3.82323398e+09
0.0150	0.0750	0.0950	1.01437140e+10
0.0150	0.0850	0.0850	3.70188615e+09
0.0150	0.0850	0.0950	5.08110720e+09
0.0150	0.0850	0.1050	5.11797429e+09
0.0150	0.0950	0.0950	1.91576279e+09
0.0150	0.0950	0.1050	3.33427622e+09
0.0150	0.0950	0.1150	7.59029785e+09
0.0150	0.1050	0.1050	2.97323464e+09
0.0150	0.1050	0.1150	3.77763636e+09
0.0150	0.1050	0.1250	4.42384698e+09
0.0150	0.1150	0.1150	2.52915261e+09
0.0150	0.1150	0.1250	2.19606040e+09
0.0150	0.1150	0.1350	5.55493078e+09
0.0150	0.1250	0.1250	1.22438124e+09
0.0150	0.1250	0.1350	2.57039343e+09
0.0150	0.1250	0.1450	3.22249921e+09
0.0150	0.1350	0.1350	1.01395108e+09
0.0150	0.1350	0.1450	2.19947362e+09
0.0150	0.1450	0.1450	1.49265004e+09
0.0250	0.0250	0.0250	-7.51592596e+09
0.0250	0.0250	0.0350	1.36111185e+10
0.0250	0.0250	0.0450	2.56833889e+10
0.0250	0.0250	0.0550	2.36448883e+10
0.0250	0.0350	0.0350	3.41222924e+09
0.0250	0.0350	0.0450	9.32036120e+09
0.0250	0.0350	0.0550	7.78375477e+09
0.0250	0.0350	0.0650	1.02768197e+10
0.0250	0.0450	0.0450	5.09549250e+09
0.0250	0.0450	0.0550	6.13144460e+09
0.0250	0.0450	0.0650	8.60491031e+09
0.0250	0.0450	0.0750	3.25709594e+09
0.0250	0.0550	0.0550	2.55491791e+09
0.0250	0.0550	0.0650	4.39995480e+09
0.0250	0.0550	0.0750	7.10038449e+09
0.0250	0.0550	0.0850	6.29275492e+09
0.0250	0.0650	0.0650	4.57820115e+09
0.0250	0.0650	0.0750	4.32472184e+09
0.0250	0.0650	0.0850	6.65812720e+09
0.0250	0.0650	0.0950	6.50947390e+09
0.0250	0.0750	0.0750	1.18767179e+09
0.0250	0.0750	0.0850	5.10208003e+09
0.0250	0.0750	0.0950	5.53357824e+09
0.0250	0.0750	0.1050	5.10143258e+09
0.0250	0.0850	0.0850	1.24543186e+09
0.0250	0.0850	0.0950	3.09597553e+09
0.0250	0.0850	0.1050	4.93873823e+09
0.0250	0.0850	0.1150	3.52391806e+09
0.0250	0.0950	0.0950	2.58971554e+09
0.0250	0.0950	0.1050	3.24997781e+09
0.0250	0.0950	0.1150	3.14181414e+09
0.0250	0.0950	0.1250	5.18380066e+09
0.0250	0.1050	0.1050	2.21135790e+09
0.0250	0.1050	0.1150	2.58777544e+09
0.0250	0.1050	0.1250	3.53514163e+09
0.0250	0.1050	0.1350	2.57987552e+09
0.0250	0.1150	0.1150	1.41123519e+09
0.0250	0.1150	0.1250	2.11805386e+09
0.0250	0.1150	0.1350	2.98653013e+09
0.0250	0.1150	0.1450	4.35029309e+09
0.0250	0.1250	0.1250	1.51314966e+09
0.0250	0.1250	0.1350	2.16516926e+09
0.0250	0.1250	0.1450	3.01485334e+09
0.0250	0.1350	0.1350	1.77259701e+09
0.0250	0.1350	0.1450	1.98644100e+09
0.0250	0.1450	0.1450	1.96971470e+09
0.0350	0.0350	0.0350	2.60751703e+09
0.0350	0.0350	0.0450	3.11821749e+09
0.0350	0.0350	0.0550	4.96170741e+09
0.0350	0.0350	0.0650	4.21455433e+09
0.0350	0.0350	0.0750	1.62185909e+08
0.0350	0.0450	0.0450	1.67182719e+09
0.0350	0.0450	0.0550	2.49709761e+09
0.0350	0.0450	0.0650	3.79307402e+09
0.0350	0.0450	0.0750	4.52963548e+09
0.0350	0.0450	0.0850	2.92132754e+09
0.0350	0.0550	0.0550	3.40017358e+09
0.0350	0.0550	0.0650	-4.53437437e+07
0.0350	0.0550	0.0750	1.88885011e+09
0.0350	0.0550	0.0850	3.28189953e+09
0.0350	0.0550	0.0950	-1.57775097e+09
0.0350	0.0650	0.0650	2.45137774e+09
0.0350	0.0650	0.0750	2.49225801e+09
0.0350	0.0650	0.0850	2.67560943e+09
0.0350	0.0650	0.0950	2.95142193e+09
0.0350	0.0650	0.1050	2.39839323e+09
0.0350	0.0750	0.0750	1.72885601e+09
0.0350	0.0750	0.0850	2.38534489e+09
0.0350	0.0750	0.0950	1.43774055e+09
0.0350	0.0750	0.1050	3.14657954e+09
0.0350	0.0750	0.1150	3.06263663e+09
0.0350	0.0850	0.0850	1.83402212e+09
0.0350	0.0850	0.0950	2.20103274e+09
0.0350	0.0850	0.1050	1.88154242e+09
0.0350	0.0850	0.1150	3.50828829e+09
0.0350	0.0850	0.1250	1.66623743e+09
0.0350	0.0950	0.0950	1.37357383e+09
0.0350	0.0950	0.1050	1.72910901e+09
0.0350	0.0950	0.1150	1.44431946e+09
0.0350	0.0950	0.1250	2.42293969e+09
0.0350	0.0950	0.1350	2.02242802e+09
0.0350	0.1050	0.1050	5.32285479e+08
0.0350	0.1050	0.1150	1.65189051e+09
0.0350	0.1050	0.1250	1.40193142e+09
0.0350	0.1050	0.1350	1.81345128e+09
0.0350	0.1050	0.1450	2.37242969e+09
0.0350	0.1150	0.1150	1.09431017e+09
0.0350	0.1150	0.1250	9.76766301e+08
0.0350	0.1150	0.1350	1.67615487e+09
0.0350	0.1150	0.1450	1.36982247e+09
0.0350	0.1250	0.1250	1.32368346e+09
0.0350	0.1250	0.1350	1.05827852e+09
0.0350	0.1250	0.1450	1.34835882e+09
0.0350	0.1350	0.1350	1.01284369e+09
0.0350	0.1350	0.1450	9.41415966e+08
0.0350	0.1450	0.1450	1.33329725e+09
0.0450	0.0450	0.0450	1.68194681e+08
0.0450	0.0450	0.0550	2.53082393e+09
0.0450	0.0450	0.0650	3.40381701e+09
0.0450	0.0450	0.0750	2.64075288e+09
0.0450	0.0450	0.0850	3.13429170e+09
0.0450	0.0450	0.0950	2.88527564e+09
0.0450	0.0550	0.0550	2.82748640e+09
0.0450	0.0550	0.0650	2.39922896e+09
0.0450	0.0550	0.0750	2.58026421e+09
0.0450	0.0550	0.0850	3.40372323e+09
0.0450	0.0550	0.0950	3.13690171e+09
0.0450	0.0550	0.1050	2.72692735e+09
0.0450	0.0650	0.0650	3.01950814e+09
0.0450	0.0650	0.0750	1.92433750e+09
0.0450	0.0650	0.0850	1.89257574e+09
0.0450	0.0650	0.0950	2.45876711e+09
0.0450	0.0650	0.1050	3.04336625e+09
0.0450	0.0650	0.1150	2.11889559e+09
0.0450	0.0750	0.0750	1.70712759e+09
0.0450	0.0750	0.0850	1.10685050e+09
0.0450	0.0750	0.0950	1.92453123e+09
0.0450	0.0750	0.1050	2.64444428e+09
0.0450	0.0750	0.1150	2.44307123e+09
0.0450	0.0750	0.1250	3.55231007e+09
0.0450	0.0850	0.0850	1.64422892e+09
0.0450	0.0850	0.0950	8.84097667e+08
0.0450	0.0850	0.1050	1.24047568e+09
0.0450	0.0850	0.1150	2.18530370e+09
0.0450	0.0850	0.1250	2.35791584e+09
0.0450	0.0850	0.1350	1.22742095e+09
0.0450	0.0950	0.0950	1.45561019e+09
0.0450	0.0950	0.1050	1.48986569e+09
0.0450	0.0950	0.1150	1.03051046e+09
0.0450	0.0950	0.1250	1.70811180e+09
0.0450	0.0950	0.1350	1.80298041e+09
0.0450	0.0950	0.1450	1.73537663e+09
0.0450	0.1050	0.1050	1.21649268e+09
0.0450	0.1050	0.1150	1.03023994e+09
0.0450	0.1050	0.1250	1.38502417e+09
0.0450	0.1050	0.1350	1.46732794e+09
0.0450	0.1050	0.1450	1.51116255e+09
0.0450	0.1150	0.1150	1.23970102e+09
0.0450	0.1150	0.1250	1.02765269e+09
0.0450	0.1150	0.1350	1.10972820e+09
0.0450	0.1150	0.1450	1.29704840e+09
0.0450	0.1250	0.1250	1.31082519e+09
0.0450	0.1250	0.1350	1.00929705e+09
0.0450	0.1250	0.1450	9.06722666e+08
0.0450	0.1350	0.1350	1.05083484e+09
0.0450	0.1350	0.1450	9.78495062e+08
0.0450	0.1450	0.1450	7.08589691e+08
0.0550	0.0550	0.0550	1.52957924e+09
0.0550	0.0550	0.0650	3.37361557e+09
0.0550	0.0550	0.0750	1.90345103e+09
0.0550	0.0550	0.0850	2.24655784e+09
0.0550	0.0550	0.0950	1.87033985e+09
0.0550	0.0550	0.1050	2.39717710e+09
0.0550	0.0550	0.1150	3.13024910e+09
0.0550	0.0650	0.0650	1.11879493e+09
0.0550	0.0650	0.0750	2.34980411e+09
0.0550	0.0650	0.0850	1.24730603e+09
0.0550	0.0650	0.0950	1.72410265e+09
0.0550	0.0650	0.1050	1.88207507e+09
0.0550	0.0650	0.1150	2.44887331e+09
0.0550	0.0650	0.1250	1.32479645e+09
0.0550	0.0750	0.0750	1.46794542e+09
0.0550	0.0750	0.0850	1.76214693e+09
0.0550	0.0750	0.0950	1.62833284e+09
0.0550	0.0750	0.1050	1.50970010e+09
0.0550	0.0750	0.1150	2.07253107e+09
0.0550	0.0750	0.1250	1.81364712e+09
0.0550	0.0750	0.1350	2.86101774e+09
0.0550	0.0850	0.0850	1.06197216e+09
0.0550	0.0850	0.0950	1.02868736e+09
0.0550	0.0850	0.1050	1.18602042e+09
0.0550	0.0850	0.1150	9.90728651e+08
0.0550	0.0850	0.1250	1.49985816e+09
0.0550	0.0850	0.1350	1.90188185e+09
0.0550	0.0850	0.1450	1.82027275e+09
0.0550	0.0950	0.0950	1.16053592e+09
0.0550	0.0950	0.1050	8.96417131e+08
0.0550	0.0950	0.1150	1.02587076e+09
0.0550	0.0950	0.1250	1.12720917e+09
0.0550	0.0950	0.1350	1.26110069e+09
0.0550	0.0950	0.1450	1.48983620e+09
0.0550	0.1050	0.1050	1.08222013e+09
0.0550	0.1050	0.1150	7.81449383e+08
0.0550	0.1050	0.1250	7.66571290e+08
0.0550	0.1050	0.1350	1.20150523e+09
0.0550	0.1050	0.1450	1.07566237e+09
0.0550	0.1150	0.1150	1.09415191e+09
0.0550	0.1150	0.1250	7.09453553e+08
0.0550	0.1150	0.1350	7.50566772e+08
0.0550	0.1150	0.1450	9.98011277e+08
0.0550	0.1250	0.1250	7.89339662e+08
0.0550	0.1250	0.1350	8.91303251e+08
0.0550	0.1250	0.1450	7.25072610e+08
0.0550	0.1350	0.1350	8.83356025e+08
0.0550	0.1350	0.1450	8.07981081e+08
0.0550	0.1450	0.1450	8.44236687e+08
0.0650	0.0650	0.0650	1.71510070e+09
0.0650	0.0650	0.0750	1.14572183e+09
0.0650	0.0650	0.0850	2.24511771e+09
0.0650	0.0650	0.0950	1.38922199e+09
0.0650	0.0650	0.1050	2.27998444e+09
0.0650	0.0650	0.1150	1.74754431e+09
0.0650	0.0650	0.1250	2.21872355e+09
0.0650	0.0650	0.1350	1.79487526e+09
0.0650	0.0750	0.0750	1.08719580e+09
0.0650	0.0750	0.0850	1.28950223e+09
0.0650	0.0750	0.0950	1.10867173e+09
0.0650	0.0750	0.1050	1.11247702e+09
0.0650	0.0750	0.1150	1.62899374e+09
0.0650	0.0750	0.1250	1.43864289e+09
0.0650	0.0750	0.1350	2.13234520e+09
0.0650	0.0750	0.1450	2.19610424e+09
0.0650	0.0850	0.0850	8.81010453e+08
0.0650	0.0850	0.0950	9.18642553e+08
0.0650	0.0850	0.1050	1.25727027e+09
0.0650	0.0850	0.1150	1.07672715e+09
0.0650	0.0850	0.1250	1.33118600e+09
0.0650	0.0850	0.1350	1.75284630e+09
0.0650	0.0850	0.1450	1.68754271e+09
0.0650	0.0950	0.0950	1.14113832e+09
0.0650	0.0950	0.1050	9.13540806e+08
0.0650	0.0950	0.1150	9.75283280e+08
0.0650	0.0950	0.1250	9.42806695e+08
0.0650	0.0950	0.1350	8.31775173e+08
0.0650	0.0950	0.1450	1.18529110e+09
0.0650	0.1050	0.1050	1.01016984e+09
0.0650	0.1050	0.1150	6.15917865e+08
0.0650	0.1050	0.1250	9.91516880e+08
0.0650	0.1050	0.1350	8.13646481e+08
0.0650	0.1050	0.1450	9.99991716e+08
0.0650	0.1150	0.1150	9.63486352e+08
0.0650	0.1150	0.1250	9.67789545e+08
0.0650	0.1150	0.1350	8.20380124e+08
0.0650	0.1150	0.1450	1.03366876e+09
0.0650	0.1250	0.1250	8.38333413e+08
0.0650	0.1250	0.1350	6.33258835e+08
0.0650	0.1250	0.1450	8.13222992e+08
0.0650	0.1350	0.1350	9.34956320e+08
0.0650	0.1350	0.1450	6.94825667e+08
0.0650	0.1450	0.1450	6.44583110e+08
0.0750	0.0750	0.0750	3.74798197e+08
0.0750	0.0750	0.0850	1.69412984e+09
0.0750	0.0750	0.0950	1.38159765e+09
0.0750	0.0750	0.1050	1.72963772e+09
0.0750	0.0750	0.1150	1.38279011e+09
0.0750	0.0750	0.1250	1.47354526e+09
0.0750	0.0750	0.1350	1.38718369e+09
0.0750	0.0750	0.1450	1.74001187e+09
0.0750	0.0850	0.0850	1.46028016e+09
0.0750	0.0850	0.0950	7.28170585e+08
0.0750	0.0850	0.1050	6.46280463e+08
0.0750	0.0850	0.1150	1.09163454e+09
0.0750	0.0850	0.1250	1.32582019e+09
0.0750	0.0850	0.1350	1.13721592e+09
0.0750	0.0850	0.1450	1.33821532e+09
0.0750	0.0950	0.0950	1.05260569e+09
0.0750	0.0950	0.1050	8.13016969e+08
0.0750	0.0950	0.1150	8.30935353e+08
0.0750	0.0950	0.1250	1.03759733e+09
0.0750	0.0950	0.1350	8.00038568e+08
0.0750	0.0950	0.1450	1.07388076e+09
0.0750	0.1050	0.1050	4.34182264e+08
0.0750	0.1050	0.1150	9.74437815e+08
0.0750	0.1050	0.1250	8.77834284e+08
0.0750	0.1050	0.1350	7.53547214e+08
0.0750	0.1050	0.1450	1.01540895e+09
0.0750	0.1150	0.1150	4.93883409e+08
0.0750	0.1150	0.1250	7.10623404e+08
0.0750	0.1150	0.1350	7.21329213e+08
0.0750	0.1150	0.1450	6.74050730e+08
0.0750	0.1250	0.1250	7.26694356e+08
0.0750	0.1250	0.1350	6.25361290e+08
0.0750	0.1250	0.1450	6.45134053e+08
0.0750	0.1350	0.1350	5.87046512e+08
0.0750	0.1350	0.1450	5.28766545e+08
0.0750	0.1450	0.1450	7.10678602e+08
0.0850	0.0850	0.0850	1.04657892e+09
0.0850	0.0850	0.0950	9.49726281e+08
0.0850	0.0850	0.1050	4.90952033e+08
0.0850	0.0850	0.1150	7.17765653e+08
0.0850	0.0850	0.1250	1.12809704e+09
0.0850	0.0850	0.1350	9.25034617e+08
0.0850	0.0850	0.1450	7.52039160e+08
0.0850	0.0950	0.0950	8.03818610e+08
0.0850	0.0950	0.1050	5.69292319e+08
0.0850	0.0950	0.1150	6.45860083e+08
0.0850	0.0950	0.1250	8.45559711e+08
0.0850	0.0950	0.1350	6.52221600e+08
0.0850	0.0950	0.1450	9.38666793e+08
0.0850	0.1050	0.1050	5.88107799e+08
0.0850	0.1050	0.1150	6.99638494e+08
0.0850	0.1050	0.1250	5.68002464e+08
0.0850	0.1050	0.1350	4.49692800e+08
0.0850	0.1050	0.1450	6.92973632e+08
0.0850	0.1150	0.1150	5.95980820e+08
0.0850	0.1150	0.1250	6.60371117e+08
0.0850	0.1150	0.1350	6.90346512e+08
0.0850	0.1150	0.1450	5.74143444e+08
0.0850	0.1250	0.1250	4.75183474e+08
0.0850	0.1250	0.1350	5.02738431e+08
0.0850	0.1250	0.1450	5.64256324e+08
0.0850	0.1350	0.1350	3.77558914e+08
0.0850	0.1350	0.1450	4.43141454e+08
0.0850	0.1450	0.1450	6.89942872e+08
0.0950	0.0950	0.0950	5.60669634e+08
0.0950	0.0950	0.1050	7.63187474e+08
0.0950	0.0950	0.1150	5.02368094e+08
0.0950	0.0950	0.1250	3.41631663e+08
0.0950	0.0950	0.1350	6.34633828e+08
0.0950	0.0950	0.1450	5.81916128e+08
0.0950	0.1050	0.1050	9.18913346e+08
0.0950	0.1050	0.1150	6.42124736e+08
0.0950	0.1050	0.1250	6.58629349e+08
0.0950	0.1050	0.1350	5.46901439e+08
0.0950	0.1050	0.1450	7.10944492e+08
0.0950	0.1150	0.1150	6.25547086e+08
0.0950	0.1150	0.1250	5.49914738e+08
0.0950	0.1150	0.1350	3.93769174e+08
0.0950	0.1150	0.1450	5.46753360e+08
0.0950	0.1250	0.1250	7.57463702e+08
0.0950	0.1250	0.1350	6.12044200e+08
0.0950	0.1250	0.1450	5.14442458e+08
0.0950	0.1350	0.1350	5.74855321e+08
0.0950	0.1350	0.1450	3.88106963e+08
0.0950	0.1450	0.1450	3.23857885e+08
0.1050	0.1050	0.1050	6.19818677e+08
0.1050	0.1050	0.1150	6.41165418e+08
0.1050	0.1050	0.1250	4.62067255e+08
0.1050	0.1050	0.1350	7.10419956e+08
0.1050	0.1050	0.1450	4.75016130e+08
0.1050	0.1150	0.1150	4.05663140e+08
0.1050	0.1150	0.1250	5.47610751e+08
0.1050	0.1150	0.1350	4.54425683e+08
0.1050	0.1150	0.1450	4.97092223e+08
0.1050	0.1250	0.1250	5.07864291e+08
0.1050	0.1250	0.1350	4.75859636e+08
0.1050	0.1250	0.1450	5.40897911e+08
0.1050	0.1350	0.1350	5.77117179e+08
0.1050	0.1350	0.1450	3.64873037e+08
0.1050	0.1450	0.1450	3.60032724e+08
0.1150	0.1150	0.1150	9.63423795e+08
0.1150	0.1150	0.1250	4.40298964e+08
0.1150	0.1150	0.1350	3.59712790e+08
0.1150	0.1150	0.1450	3.27563148e+08
0.1150	0.1250	0.1250	3.39841310e+08
0.1150	0.1250	0.1350	4.11597197e+08
0.1150	0.1250	0.1450	4.34630571e+08
0.1150	0.1350	0.1350	3.72670890e+08
0.1150	0.1350	0.1450	3.84226829e+08
0.1150	0.1450	0.1450	4.05453243e+08
0.1250	0.1250	0.1250	6.56072031e+08
0.1250	0.1250	0.1350	5.73949447e+08
0.1250	0.1250	0.1450	3.64810143e+08
0.1250	0.1350	0.1350	3.57773103e+08
0.1250	0.1350	0.1450	3.79210234e+08
0.1250	0.1450	0.1450	3.39524095e+08
0.1350	0.1350	0.1350	3.57559124e+08
0.1350	0.1350	0.1450	3.60747726e+08
0.1350	0.1450	0.1450	2.85978470e+08
0.1450	0.1450	0.1450	3.35643503e+08
