####### Bispectrum of Patchy Simulation 381 #############
# Patch: ngc
# z-type: z3
# Weights: fkp
# Fiducial Omega_m: 0.310
# Fiducial h: 0.676
# Boxsize: [1800.0, 3400.0, 1900.0]
# Grid: [170, 325, 180]
# k-binning: [0.000, 0.160, 0.010]
# Monte Carlo Simulations: 100
#
# Format: k1 | k2 | k3 | B(k1,k2,k3)
############################################
0.0150	0.0150	0.0150	3.10535172e+10
0.0150	0.0150	0.0250	1.11727434e+10
0.0150	0.0150	0.0350	3.48570041e+10
0.0150	0.0250	0.0250	1.76684138e+10
0.0150	0.0250	0.0350	2.24706351e+09
0.0150	0.0250	0.0450	-3.89824833e+09
0.0150	0.0350	0.0350	7.89588225e+09
0.0150	0.0350	0.0450	4.44514141e+09
0.0150	0.0350	0.0550	1.31827065e+10
0.0150	0.0450	0.0450	9.05595484e+09
0.0150	0.0450	0.0550	2.86877025e+09
0.0150	0.0450	0.0650	1.49437078e+10
0.0150	0.0550	0.0550	2.92667382e+09
0.0150	0.0550	0.0650	3.70459332e+09
0.0150	0.0550	0.0750	9.22667799e+09
0.0150	0.0650	0.0650	4.38262767e+09
0.0150	0.0650	0.0750	2.97617668e+09
0.0150	0.0650	0.0850	8.57843471e+09
0.0150	0.0750	0.0750	7.43891504e+09
0.0150	0.0750	0.0850	4.89346749e+09
0.0150	0.0750	0.0950	6.67128081e+09
0.0150	0.0850	0.0850	2.48957355e+09
0.0150	0.0850	0.0950	3.48474130e+09
0.0150	0.0850	0.1050	3.58772301e+09
0.0150	0.0950	0.0950	2.69344735e+09
0.0150	0.0950	0.1050	3.42995477e+09
0.0150	0.0950	0.1150	2.73036279e+09
0.0150	0.1050	0.1050	3.11407846e+09
0.0150	0.1050	0.1150	3.90196657e+09
0.0150	0.1050	0.1250	2.44241162e+09
0.0150	0.1150	0.1150	2.31845169e+09
0.0150	0.1150	0.1250	2.91067234e+09
0.0150	0.1150	0.1350	3.06774679e+09
0.0150	0.1250	0.1250	1.56259460e+09
0.0150	0.1250	0.1350	2.04346008e+09
0.0150	0.1250	0.1450	3.86524641e+09
0.0150	0.1350	0.1350	2.11035447e+09
0.0150	0.1350	0.1450	2.09472018e+09
0.0150	0.1450	0.1450	1.88828290e+09
0.0250	0.0250	0.0250	-2.40951386e+09
0.0250	0.0250	0.0350	4.27098117e+09
0.0250	0.0250	0.0450	1.21900696e+10
0.0250	0.0250	0.0550	5.48796563e+09
0.0250	0.0350	0.0350	3.52984072e+09
0.0250	0.0350	0.0450	7.69097362e+09
0.0250	0.0350	0.0550	6.15104360e+09
0.0250	0.0350	0.0650	7.24125758e+09
0.0250	0.0450	0.0450	7.28950401e+08
0.0250	0.0450	0.0550	5.10788553e+09
0.0250	0.0450	0.0650	2.87075190e+09
0.0250	0.0450	0.0750	1.04454788e+10
0.0250	0.0550	0.0550	2.94029173e+09
0.0250	0.0550	0.0650	5.60982835e+09
0.0250	0.0550	0.0750	3.57024972e+09
0.0250	0.0550	0.0850	5.41487319e+09
0.0250	0.0650	0.0650	2.59719254e+09
0.0250	0.0650	0.0750	2.21259357e+09
0.0250	0.0650	0.0850	3.47059090e+09
0.0250	0.0650	0.0950	5.08649300e+09
0.0250	0.0750	0.0750	3.94626054e+09
0.0250	0.0750	0.0850	2.81450871e+09
0.0250	0.0750	0.0950	2.73923369e+09
0.0250	0.0750	0.1050	3.94614481e+09
0.0250	0.0850	0.0850	2.82272401e+09
0.0250	0.0850	0.0950	2.26354649e+09
0.0250	0.0850	0.1050	3.26599247e+09
0.0250	0.0850	0.1150	2.19500983e+09
0.0250	0.0950	0.0950	1.97651437e+09
0.0250	0.0950	0.1050	2.17246818e+09
0.0250	0.0950	0.1150	2.36167014e+09
0.0250	0.0950	0.1250	5.13167668e+08
0.0250	0.1050	0.1050	5.68792074e+08
0.0250	0.1050	0.1150	1.75080806e+09
0.0250	0.1050	0.1250	2.75539992e+09
0.0250	0.1050	0.1350	1.73047350e+09
0.0250	0.1150	0.1150	9.96172665e+08
0.0250	0.1150	0.1250	1.52295638e+09
0.0250	0.1150	0.1350	1.66328980e+09
0.0250	0.1150	0.1450	2.54571606e+09
0.0250	0.1250	0.1250	1.43982053e+09
0.0250	0.1250	0.1350	1.65467544e+09
0.0250	0.1250	0.1450	1.61519198e+09
0.0250	0.1350	0.1350	1.07858278e+09
0.0250	0.1350	0.1450	1.36198746e+09
0.0250	0.1450	0.1450	1.36373937e+09
0.0350	0.0350	0.0350	1.31471073e+10
0.0350	0.0350	0.0450	3.68891203e+09
0.0350	0.0350	0.0550	3.85097065e+09
0.0350	0.0350	0.0650	9.91236449e+09
0.0350	0.0350	0.0750	9.92587285e+09
0.0350	0.0450	0.0450	3.92980227e+09
0.0350	0.0450	0.0550	2.31124349e+09
0.0350	0.0450	0.0650	3.99281703e+09
0.0350	0.0450	0.0750	3.68232823e+09
0.0350	0.0450	0.0850	4.44668831e+09
0.0350	0.0550	0.0550	2.61351536e+09
0.0350	0.0550	0.0650	3.72650606e+09
0.0350	0.0550	0.0750	2.78487667e+09
0.0350	0.0550	0.0850	3.36940916e+09
0.0350	0.0550	0.0950	5.01519204e+09
0.0350	0.0650	0.0650	3.60753773e+09
0.0350	0.0650	0.0750	2.34135239e+09
0.0350	0.0650	0.0850	2.47645513e+09
0.0350	0.0650	0.0950	3.24183559e+09
0.0350	0.0650	0.1050	4.74895136e+09
0.0350	0.0750	0.0750	2.57245993e+09
0.0350	0.0750	0.0850	2.89172323e+09
0.0350	0.0750	0.0950	2.33760240e+09
0.0350	0.0750	0.1050	3.03209767e+09
0.0350	0.0750	0.1150	3.54135564e+09
0.0350	0.0850	0.0850	1.10108839e+09
0.0350	0.0850	0.0950	2.34305312e+09
0.0350	0.0850	0.1050	2.17057840e+09
0.0350	0.0850	0.1150	2.39496299e+09
0.0350	0.0850	0.1250	2.65687920e+09
0.0350	0.0950	0.0950	2.12431089e+09
0.0350	0.0950	0.1050	1.86008048e+09
0.0350	0.0950	0.1150	1.97808384e+09
0.0350	0.0950	0.1250	2.20544999e+09
0.0350	0.0950	0.1350	2.34453240e+09
0.0350	0.1050	0.1050	1.32469017e+09
0.0350	0.1050	0.1150	1.43078470e+09
0.0350	0.1050	0.1250	2.15179360e+09
0.0350	0.1050	0.1350	1.82313577e+09
0.0350	0.1050	0.1450	2.18619537e+09
0.0350	0.1150	0.1150	1.75256389e+09
0.0350	0.1150	0.1250	1.09826255e+09
0.0350	0.1150	0.1350	1.61033792e+09
0.0350	0.1150	0.1450	1.64807333e+09
0.0350	0.1250	0.1250	1.51183715e+09
0.0350	0.1250	0.1350	1.16532557e+09
0.0350	0.1250	0.1450	1.27621246e+09
0.0350	0.1350	0.1350	1.05695643e+09
0.0350	0.1350	0.1450	1.28882500e+09
0.0350	0.1450	0.1450	1.02874900e+09
0.0450	0.0450	0.0450	1.61138746e+08
0.0450	0.0450	0.0550	4.76309356e+09
0.0450	0.0450	0.0650	1.47680298e+09
0.0450	0.0450	0.0750	2.45391060e+09
0.0450	0.0450	0.0850	4.33545788e+09
0.0450	0.0450	0.0950	5.50977768e+09
0.0450	0.0550	0.0550	2.16240198e+09
0.0450	0.0550	0.0650	2.85369021e+09
0.0450	0.0550	0.0750	3.05226441e+09
0.0450	0.0550	0.0850	1.80918944e+09
0.0450	0.0550	0.0950	2.98177938e+09
0.0450	0.0550	0.1050	3.44855296e+09
0.0450	0.0650	0.0650	1.41512807e+09
0.0450	0.0650	0.0750	1.76239340e+09
0.0450	0.0650	0.0850	2.63220102e+09
0.0450	0.0650	0.0950	2.25175385e+09
0.0450	0.0650	0.1050	2.73340811e+09
0.0450	0.0650	0.1150	3.33118030e+09
0.0450	0.0750	0.0750	1.74744249e+09
0.0450	0.0750	0.0850	1.73651272e+09
0.0450	0.0750	0.0950	1.55824053e+09
0.0450	0.0750	0.1050	2.57342984e+09
0.0450	0.0750	0.1150	2.58387664e+09
0.0450	0.0750	0.1250	2.49399058e+09
0.0450	0.0850	0.0850	1.52529567e+09
0.0450	0.0850	0.0950	1.43200724e+09
0.0450	0.0850	0.1050	1.77628980e+09
0.0450	0.0850	0.1150	1.37593018e+09
0.0450	0.0850	0.1250	2.30682056e+09
0.0450	0.0850	0.1350	2.15397137e+09
0.0450	0.0950	0.0950	1.08795940e+09
0.0450	0.0950	0.1050	1.08539961e+09
0.0450	0.0950	0.1150	1.23694386e+09
0.0450	0.0950	0.1250	1.33154702e+09
0.0450	0.0950	0.1350	1.67340652e+09
0.0450	0.0950	0.1450	1.45565433e+09
0.0450	0.1050	0.1050	1.55913753e+09
0.0450	0.1050	0.1150	1.18105933e+09
0.0450	0.1050	0.1250	8.92858500e+08
0.0450	0.1050	0.1350	1.27439861e+09
0.0450	0.1050	0.1450	1.71455071e+09
0.0450	0.1150	0.1150	1.52600217e+09
0.0450	0.1150	0.1250	1.10979627e+09
0.0450	0.1150	0.1350	1.02248585e+09
0.0450	0.1150	0.1450	1.31263079e+09
0.0450	0.1250	0.1250	7.75027986e+08
0.0450	0.1250	0.1350	9.53157398e+08
0.0450	0.1250	0.1450	1.25611790e+09
0.0450	0.1350	0.1350	8.76846282e+08
0.0450	0.1350	0.1450	8.02134623e+08
0.0450	0.1450	0.1450	1.04341704e+09
0.0550	0.0550	0.0550	2.05180715e+09
0.0550	0.0550	0.0650	1.89011482e+09
0.0550	0.0550	0.0750	2.56503226e+09
0.0550	0.0550	0.0850	1.89926082e+09
0.0550	0.0550	0.0950	1.58571293e+09
0.0550	0.0550	0.1050	2.74650641e+09
0.0550	0.0550	0.1150	4.16452076e+09
0.0550	0.0650	0.0650	1.26919042e+09
0.0550	0.0650	0.0750	2.01188811e+09
0.0550	0.0650	0.0850	2.04972423e+09
0.0550	0.0650	0.0950	2.02571054e+09
0.0550	0.0650	0.1050	2.54098776e+09
0.0550	0.0650	0.1150	1.79969070e+09
0.0550	0.0650	0.1250	3.44049268e+09
0.0550	0.0750	0.0750	1.50597082e+09
0.0550	0.0750	0.0850	1.72902957e+09
0.0550	0.0750	0.0950	1.71784638e+09
0.0550	0.0750	0.1050	1.45043940e+09
0.0550	0.0750	0.1150	1.40923891e+09
0.0550	0.0750	0.1250	2.07869053e+09
0.0550	0.0750	0.1350	1.42988007e+09
0.0550	0.0850	0.0850	1.28622071e+09
0.0550	0.0850	0.0950	1.18997443e+09
0.0550	0.0850	0.1050	1.61350670e+09
0.0550	0.0850	0.1150	1.52894556e+09
0.0550	0.0850	0.1250	1.85116570e+09
0.0550	0.0850	0.1350	1.69244036e+09
0.0550	0.0850	0.1450	2.46850145e+09
0.0550	0.0950	0.0950	1.07960847e+09
0.0550	0.0950	0.1050	9.45397597e+08
0.0550	0.0950	0.1150	8.48123451e+08
0.0550	0.0950	0.1250	1.19392439e+09
0.0550	0.0950	0.1350	1.58740239e+09
0.0550	0.0950	0.1450	1.64817451e+09
0.0550	0.1050	0.1050	1.29212293e+09
0.0550	0.1050	0.1150	9.60469865e+08
0.0550	0.1050	0.1250	1.15749877e+09
0.0550	0.1050	0.1350	9.78680783e+08
0.0550	0.1050	0.1450	1.19566565e+09
0.0550	0.1150	0.1150	1.02961485e+09
0.0550	0.1150	0.1250	9.77652076e+08
0.0550	0.1150	0.1350	1.07608341e+09
0.0550	0.1150	0.1450	1.10113277e+09
0.0550	0.1250	0.1250	8.90182798e+08
0.0550	0.1250	0.1350	9.07846714e+08
0.0550	0.1250	0.1450	7.05759998e+08
0.0550	0.1350	0.1350	8.87450021e+08
0.0550	0.1350	0.1450	9.00496160e+08
0.0550	0.1450	0.1450	7.35446304e+08
0.0650	0.0650	0.0650	1.79257196e+08
0.0650	0.0650	0.0750	1.87672504e+09
0.0650	0.0650	0.0850	1.68090597e+09
0.0650	0.0650	0.0950	1.80146456e+09
0.0650	0.0650	0.1050	1.37223516e+09
0.0650	0.0650	0.1150	2.46070708e+09
0.0650	0.0650	0.1250	2.41715497e+09
0.0650	0.0650	0.1350	1.37631745e+09
0.0650	0.0750	0.0750	1.04927957e+09
0.0650	0.0750	0.0850	1.59231276e+09
0.0650	0.0750	0.0950	1.46313235e+09
0.0650	0.0750	0.1050	1.10010617e+09
0.0650	0.0750	0.1150	1.48128771e+09
0.0650	0.0750	0.1250	1.77595443e+09
0.0650	0.0750	0.1350	1.96410864e+09
0.0650	0.0750	0.1450	2.27297732e+09
0.0650	0.0850	0.0850	1.04537443e+09
0.0650	0.0850	0.0950	1.25456987e+09
0.0650	0.0850	0.1050	1.32614641e+09
0.0650	0.0850	0.1150	1.13785545e+09
0.0650	0.0850	0.1250	1.14137802e+09
0.0650	0.0850	0.1350	1.23094921e+09
0.0650	0.0850	0.1450	1.55826991e+09
0.0650	0.0950	0.0950	9.34341372e+08
0.0650	0.0950	0.1050	8.96920936e+08
0.0650	0.0950	0.1150	7.62081505e+08
0.0650	0.0950	0.1250	9.72064677e+08
0.0650	0.0950	0.1350	1.18614280e+09
0.0650	0.0950	0.1450	1.23836669e+09
0.0650	0.1050	0.1050	1.36279822e+09
0.0650	0.1050	0.1150	9.64771711e+08
0.0650	0.1050	0.1250	8.86730899e+08
0.0650	0.1050	0.1350	9.68237592e+08
0.0650	0.1050	0.1450	1.06113634e+09
0.0650	0.1150	0.1150	9.07822837e+08
0.0650	0.1150	0.1250	8.78537090e+08
0.0650	0.1150	0.1350	9.47527050e+08
0.0650	0.1150	0.1450	8.37422898e+08
0.0650	0.1250	0.1250	6.70116832e+08
0.0650	0.1250	0.1350	8.71939351e+08
0.0650	0.1250	0.1450	7.42290063e+08
0.0650	0.1350	0.1350	8.85807514e+08
0.0650	0.1350	0.1450	6.67243597e+08
0.0650	0.1450	0.1450	5.80234749e+08
0.0750	0.0750	0.0750	1.60790975e+09
0.0750	0.0750	0.0850	4.87437002e+08
0.0750	0.0750	0.0950	1.21084807e+09
0.0750	0.0750	0.1050	1.07201238e+09
0.0750	0.0750	0.1150	7.71529123e+08
0.0750	0.0750	0.1250	1.36438806e+09
0.0750	0.0750	0.1350	1.19169840e+09
0.0750	0.0750	0.1450	1.42980515e+09
0.0750	0.0850	0.0850	1.31662151e+09
0.0750	0.0850	0.0950	6.67402830e+08
0.0750	0.0850	0.1050	9.02852267e+08
0.0750	0.0850	0.1150	8.35529154e+08
0.0750	0.0850	0.1250	8.89833085e+08
0.0750	0.0850	0.1350	1.25124580e+09
0.0750	0.0850	0.1450	1.39685746e+09
0.0750	0.0950	0.0950	1.32617884e+09
0.0750	0.0950	0.1050	7.96443554e+08
0.0750	0.0950	0.1150	9.26656743e+08
0.0750	0.0950	0.1250	9.42096641e+08
0.0750	0.0950	0.1350	9.45738564e+08
0.0750	0.0950	0.1450	8.83876560e+08
0.0750	0.1050	0.1050	6.67436789e+08
0.0750	0.1050	0.1150	5.95079741e+08
0.0750	0.1050	0.1250	8.79276712e+08
0.0750	0.1050	0.1350	8.16919671e+08
0.0750	0.1050	0.1450	7.59174194e+08
0.0750	0.1150	0.1150	8.20098025e+08
0.0750	0.1150	0.1250	7.29112823e+08
0.0750	0.1150	0.1350	6.63477250e+08
0.0750	0.1150	0.1450	7.46594167e+08
0.0750	0.1250	0.1250	7.04011337e+08
0.0750	0.1250	0.1350	7.97863743e+08
0.0750	0.1250	0.1450	7.92843797e+08
0.0750	0.1350	0.1350	7.29692036e+08
0.0750	0.1350	0.1450	6.99613797e+08
0.0750	0.1450	0.1450	4.45547053e+08
0.0850	0.0850	0.0850	8.58073977e+08
0.0850	0.0850	0.0950	8.01844854e+08
0.0850	0.0850	0.1050	1.05987823e+09
0.0850	0.0850	0.1150	9.60001437e+08
0.0850	0.0850	0.1250	7.21789192e+08
0.0850	0.0850	0.1350	7.71104820e+08
0.0850	0.0850	0.1450	1.01936673e+09
0.0850	0.0950	0.0950	2.87205689e+08
0.0850	0.0950	0.1050	6.33539843e+08
0.0850	0.0950	0.1150	7.50929520e+08
0.0850	0.0950	0.1250	7.64189909e+08
0.0850	0.0950	0.1350	7.53439954e+08
0.0850	0.0950	0.1450	7.99452873e+08
0.0850	0.1050	0.1050	6.11102923e+08
0.0850	0.1050	0.1150	6.00985103e+08
0.0850	0.1050	0.1250	6.11244679e+08
0.0850	0.1050	0.1350	7.56664599e+08
0.0850	0.1050	0.1450	7.51218410e+08
0.0850	0.1150	0.1150	7.87897080e+08
0.0850	0.1150	0.1250	7.03226276e+08
0.0850	0.1150	0.1350	6.95938919e+08
0.0850	0.1150	0.1450	6.23555803e+08
0.0850	0.1250	0.1250	6.18567643e+08
0.0850	0.1250	0.1350	4.79377888e+08
0.0850	0.1250	0.1450	5.27804202e+08
0.0850	0.1350	0.1350	4.33801537e+08
0.0850	0.1350	0.1450	5.22174444e+08
0.0850	0.1450	0.1450	5.20548630e+08
0.0950	0.0950	0.0950	7.08407595e+08
0.0950	0.0950	0.1050	6.79217702e+08
0.0950	0.0950	0.1150	5.48663066e+08
0.0950	0.0950	0.1250	8.69733121e+08
0.0950	0.0950	0.1350	5.27401626e+08
0.0950	0.0950	0.1450	4.77406327e+08
0.0950	0.1050	0.1050	6.90647681e+08
0.0950	0.1050	0.1150	5.84340566e+08
0.0950	0.1050	0.1250	6.91665619e+08
0.0950	0.1050	0.1350	6.05463887e+08
0.0950	0.1050	0.1450	6.54875146e+08
0.0950	0.1150	0.1150	4.27230646e+08
0.0950	0.1150	0.1250	5.53187627e+08
0.0950	0.1150	0.1350	5.84240827e+08
0.0950	0.1150	0.1450	5.62115699e+08
0.0950	0.1250	0.1250	6.59811115e+08
0.0950	0.1250	0.1350	4.66179092e+08
0.0950	0.1250	0.1450	5.13508844e+08
0.0950	0.1350	0.1350	7.07416587e+08
0.0950	0.1350	0.1450	5.10439770e+08
0.0950	0.1450	0.1450	5.19635376e+08
0.1050	0.1050	0.1050	8.43048296e+08
0.1050	0.1050	0.1150	8.21130401e+08
0.1050	0.1050	0.1250	3.70686209e+08
0.1050	0.1050	0.1350	6.72835054e+08
0.1050	0.1050	0.1450	4.52537786e+08
0.1050	0.1150	0.1150	6.09862805e+08
0.1050	0.1150	0.1250	5.69900883e+08
0.1050	0.1150	0.1350	4.47858142e+08
0.1050	0.1150	0.1450	5.96489698e+08
0.1050	0.1250	0.1250	5.20647317e+08
0.1050	0.1250	0.1350	6.53590478e+08
0.1050	0.1250	0.1450	4.98496454e+08
0.1050	0.1350	0.1350	4.57398539e+08
0.1050	0.1350	0.1450	4.74537184e+08
0.1050	0.1450	0.1450	4.54368412e+08
0.1150	0.1150	0.1150	4.70865349e+08
0.1150	0.1150	0.1250	6.91260400e+08
0.1150	0.1150	0.1350	6.10819516e+08
0.1150	0.1150	0.1450	4.80478045e+08
0.1150	0.1250	0.1250	3.63413583e+08
0.1150	0.1250	0.1350	4.76493573e+08
0.1150	0.1250	0.1450	5.02602043e+08
0.1150	0.1350	0.1350	5.28100371e+08
0.1150	0.1350	0.1450	4.66493947e+08
0.1150	0.1450	0.1450	4.12546740e+08
0.1250	0.1250	0.1250	4.01668053e+08
0.1250	0.1250	0.1350	4.87883806e+08
0.1250	0.1250	0.1450	4.11269087e+08
0.1250	0.1350	0.1350	4.55951970e+08
0.1250	0.1350	0.1450	4.40324093e+08
0.1250	0.1450	0.1450	4.00815128e+08
0.1350	0.1350	0.1350	2.24447175e+08
0.1350	0.1350	0.1450	5.49668247e+08
0.1350	0.1450	0.1450	3.23527097e+08
0.1450	0.1450	0.1450	3.72812875e+08
