####### Bispectrum of Patchy Simulation 84 #############
# Patch: ngc
# z-type: z3
# Weights: fkp
# Fiducial Omega_m: 0.310
# Fiducial h: 0.676
# Boxsize: [1800.0, 3400.0, 1900.0]
# Grid: [170, 325, 180]
# k-binning: [0.000, 0.160, 0.010]
# Monte Carlo Simulations: 100
#
# Format: k1 | k2 | k3 | B(k1,k2,k3)
############################################
0.0150	0.0150	0.0150	1.76327739e+10
0.0150	0.0150	0.0250	-7.17373706e+09
0.0150	0.0150	0.0350	9.89293292e+10
0.0150	0.0250	0.0250	8.09448252e+09
0.0150	0.0250	0.0350	1.16455448e+10
0.0150	0.0250	0.0450	4.85574912e+09
0.0150	0.0350	0.0350	6.15924243e+09
0.0150	0.0350	0.0450	5.80541345e+09
0.0150	0.0350	0.0550	9.89725859e+09
0.0150	0.0450	0.0450	5.70888217e+09
0.0150	0.0450	0.0550	9.62276780e+09
0.0150	0.0450	0.0650	1.06227828e+10
0.0150	0.0550	0.0550	3.30240813e+09
0.0150	0.0550	0.0650	5.16945076e+09
0.0150	0.0550	0.0750	4.74035440e+09
0.0150	0.0650	0.0650	6.53179393e+09
0.0150	0.0650	0.0750	4.15724083e+09
0.0150	0.0650	0.0850	7.03426504e+09
0.0150	0.0750	0.0750	1.25701297e+09
0.0150	0.0750	0.0850	3.74622867e+09
0.0150	0.0750	0.0950	4.04741939e+09
0.0150	0.0850	0.0850	2.75320512e+09
0.0150	0.0850	0.0950	4.66893539e+09
0.0150	0.0850	0.1050	3.43608513e+09
0.0150	0.0950	0.0950	1.11330233e+09
0.0150	0.0950	0.1050	3.42766905e+09
0.0150	0.0950	0.1150	2.45007874e+09
0.0150	0.1050	0.1050	1.27624101e+09
0.0150	0.1050	0.1150	3.05904031e+09
0.0150	0.1050	0.1250	8.87780972e+08
0.0150	0.1150	0.1150	1.95258480e+09
0.0150	0.1150	0.1250	2.63780913e+09
0.0150	0.1150	0.1350	2.33187591e+09
0.0150	0.1250	0.1250	1.45353009e+09
0.0150	0.1250	0.1350	2.21950119e+09
0.0150	0.1250	0.1450	2.19751162e+09
0.0150	0.1350	0.1350	2.04936525e+09
0.0150	0.1350	0.1450	2.59288049e+09
0.0150	0.1450	0.1450	1.08470067e+09
0.0250	0.0250	0.0250	-7.45656149e+09
0.0250	0.0250	0.0350	1.30589166e+10
0.0250	0.0250	0.0450	5.48100586e+09
0.0250	0.0250	0.0550	1.72777646e+10
0.0250	0.0350	0.0350	4.76241045e+09
0.0250	0.0350	0.0450	3.14276473e+09
0.0250	0.0350	0.0550	5.07672742e+09
0.0250	0.0350	0.0650	1.15186943e+10
0.0250	0.0450	0.0450	8.56644791e+09
0.0250	0.0450	0.0550	2.56941514e+09
0.0250	0.0450	0.0650	4.45186960e+09
0.0250	0.0450	0.0750	7.54496686e+09
0.0250	0.0550	0.0550	4.36999094e+09
0.0250	0.0550	0.0650	4.03992721e+09
0.0250	0.0550	0.0750	4.76167518e+09
0.0250	0.0550	0.0850	2.82433861e+09
0.0250	0.0650	0.0650	2.91356956e+09
0.0250	0.0650	0.0750	2.53365888e+09
0.0250	0.0650	0.0850	3.93670309e+09
0.0250	0.0650	0.0950	2.70667140e+09
0.0250	0.0750	0.0750	4.99919071e+09
0.0250	0.0750	0.0850	2.51616409e+09
0.0250	0.0750	0.0950	3.91216878e+09
0.0250	0.0750	0.1050	3.77305147e+09
0.0250	0.0850	0.0850	2.89401419e+09
0.0250	0.0850	0.0950	1.54469066e+09
0.0250	0.0850	0.1050	3.30734126e+09
0.0250	0.0850	0.1150	3.54208455e+09
0.0250	0.0950	0.0950	2.26544259e+09
0.0250	0.0950	0.1050	2.29386032e+09
0.0250	0.0950	0.1150	2.47172230e+09
0.0250	0.0950	0.1250	1.90453387e+09
0.0250	0.1050	0.1050	1.18652344e+09
0.0250	0.1050	0.1150	1.78858917e+09
0.0250	0.1050	0.1250	2.16522212e+09
0.0250	0.1050	0.1350	1.48500752e+09
0.0250	0.1150	0.1150	1.55965315e+09
0.0250	0.1150	0.1250	1.15753354e+09
0.0250	0.1150	0.1350	1.44329049e+09
0.0250	0.1150	0.1450	2.59388714e+09
0.0250	0.1250	0.1250	1.08636885e+09
0.0250	0.1250	0.1350	1.39898930e+09
0.0250	0.1250	0.1450	1.61550803e+09
0.0250	0.1350	0.1350	1.65548653e+09
0.0250	0.1350	0.1450	1.26401832e+09
0.0250	0.1450	0.1450	9.18481777e+08
0.0350	0.0350	0.0350	6.78966019e+09
0.0350	0.0350	0.0450	3.17807173e+09
0.0350	0.0350	0.0550	2.09417039e+09
0.0350	0.0350	0.0650	6.61875171e+09
0.0350	0.0350	0.0750	9.60409550e+09
0.0350	0.0450	0.0450	6.44314083e+08
0.0350	0.0450	0.0550	4.48898695e+09
0.0350	0.0450	0.0650	2.50643969e+09
0.0350	0.0450	0.0750	4.68398314e+09
0.0350	0.0450	0.0850	3.16056346e+09
0.0350	0.0550	0.0550	2.64084299e+09
0.0350	0.0550	0.0650	2.24297359e+09
0.0350	0.0550	0.0750	3.39768626e+09
0.0350	0.0550	0.0850	3.88400968e+09
0.0350	0.0550	0.0950	5.18625901e+09
0.0350	0.0650	0.0650	2.37983521e+09
0.0350	0.0650	0.0750	3.82463342e+09
0.0350	0.0650	0.0850	1.66867727e+09
0.0350	0.0650	0.0950	4.66935412e+09
0.0350	0.0650	0.1050	3.31377738e+09
0.0350	0.0750	0.0750	3.28660585e+08
0.0350	0.0750	0.0850	2.78053672e+09
0.0350	0.0750	0.0950	2.71592014e+09
0.0350	0.0750	0.1050	3.47003022e+09
0.0350	0.0750	0.1150	2.97289771e+09
0.0350	0.0850	0.0850	2.30861486e+09
0.0350	0.0850	0.0950	1.95785517e+09
0.0350	0.0850	0.1050	3.10782437e+09
0.0350	0.0850	0.1150	2.66904896e+09
0.0350	0.0850	0.1250	3.62813205e+09
0.0350	0.0950	0.0950	1.63120904e+09
0.0350	0.0950	0.1050	1.37529678e+09
0.0350	0.0950	0.1150	1.87042727e+09
0.0350	0.0950	0.1250	2.12869003e+09
0.0350	0.0950	0.1350	2.38704341e+09
0.0350	0.1050	0.1050	1.07179759e+09
0.0350	0.1050	0.1150	1.49143111e+09
0.0350	0.1050	0.1250	1.65049951e+09
0.0350	0.1050	0.1350	2.14045872e+09
0.0350	0.1050	0.1450	2.90774190e+09
0.0350	0.1150	0.1150	1.74825125e+09
0.0350	0.1150	0.1250	1.22597673e+09
0.0350	0.1150	0.1350	1.45462051e+09
0.0350	0.1150	0.1450	1.77582844e+09
0.0350	0.1250	0.1250	1.44686415e+09
0.0350	0.1250	0.1350	1.06654585e+09
0.0350	0.1250	0.1450	1.09993734e+09
0.0350	0.1350	0.1350	1.23246704e+09
0.0350	0.1350	0.1450	1.42845069e+09
0.0350	0.1450	0.1450	1.02824000e+09
0.0450	0.0450	0.0450	4.64554385e+09
0.0450	0.0450	0.0550	9.35582021e+08
0.0450	0.0450	0.0650	4.44405785e+09
0.0450	0.0450	0.0750	2.10386372e+09
0.0450	0.0450	0.0850	3.59394669e+09
0.0450	0.0450	0.0950	5.67614891e+09
0.0450	0.0550	0.0550	6.08474760e+09
0.0450	0.0550	0.0650	2.04821861e+09
0.0450	0.0550	0.0750	3.17382749e+09
0.0450	0.0550	0.0850	2.19651857e+09
0.0450	0.0550	0.0950	2.86188778e+09
0.0450	0.0550	0.1050	4.47989150e+09
0.0450	0.0650	0.0650	2.57243210e+09
0.0450	0.0650	0.0750	2.07086679e+09
0.0450	0.0650	0.0850	3.20620332e+09
0.0450	0.0650	0.0950	2.13915566e+09
0.0450	0.0650	0.1050	2.54891955e+09
0.0450	0.0650	0.1150	3.64467652e+09
0.0450	0.0750	0.0750	2.37425249e+09
0.0450	0.0750	0.0850	2.12221992e+09
0.0450	0.0750	0.0950	1.65846443e+09
0.0450	0.0750	0.1050	2.14966256e+09
0.0450	0.0750	0.1150	2.62006936e+09
0.0450	0.0750	0.1250	2.73852142e+09
0.0450	0.0850	0.0850	1.30466171e+09
0.0450	0.0850	0.0950	1.74098358e+09
0.0450	0.0850	0.1050	1.20641294e+09
0.0450	0.0850	0.1150	1.80710778e+09
0.0450	0.0850	0.1250	2.12373938e+09
0.0450	0.0850	0.1350	2.22799574e+09
0.0450	0.0950	0.0950	6.47951980e+08
0.0450	0.0950	0.1050	1.69518982e+09
0.0450	0.0950	0.1150	8.01166349e+08
0.0450	0.0950	0.1250	1.81289047e+09
0.0450	0.0950	0.1350	1.58689345e+09
0.0450	0.0950	0.1450	2.77757013e+09
0.0450	0.1050	0.1050	1.60985308e+09
0.0450	0.1050	0.1150	1.31350635e+09
0.0450	0.1050	0.1250	1.02130264e+09
0.0450	0.1050	0.1350	1.15361027e+09
0.0450	0.1050	0.1450	1.54489130e+09
0.0450	0.1150	0.1150	1.34625966e+09
0.0450	0.1150	0.1250	9.16767082e+08
0.0450	0.1150	0.1350	9.43520458e+08
0.0450	0.1150	0.1450	1.26678143e+09
0.0450	0.1250	0.1250	8.70304668e+08
0.0450	0.1250	0.1350	1.16837011e+09
0.0450	0.1250	0.1450	1.04302888e+09
0.0450	0.1350	0.1350	7.22819666e+08
0.0450	0.1350	0.1450	9.51069294e+08
0.0450	0.1450	0.1450	1.11807845e+09
0.0550	0.0550	0.0550	-4.34185256e+08
0.0550	0.0550	0.0650	1.27730128e+09
0.0550	0.0550	0.0750	2.49972254e+09
0.0550	0.0550	0.0850	2.38033992e+09
0.0550	0.0550	0.0950	2.11411688e+09
0.0550	0.0550	0.1050	3.23704850e+09
0.0550	0.0550	0.1150	2.88079458e+09
0.0550	0.0650	0.0650	5.41605452e+08
0.0550	0.0650	0.0750	2.70024550e+09
0.0550	0.0650	0.0850	2.08169108e+09
0.0550	0.0650	0.0950	2.44495746e+09
0.0550	0.0650	0.1050	2.07266682e+09
0.0550	0.0650	0.1150	2.46456751e+09
0.0550	0.0650	0.1250	1.63496612e+09
0.0550	0.0750	0.0750	1.84346745e+09
0.0550	0.0750	0.0850	1.51120003e+09
0.0550	0.0750	0.0950	1.51930939e+09
0.0550	0.0750	0.1050	1.99752752e+09
0.0550	0.0750	0.1150	1.52162964e+09
0.0550	0.0750	0.1250	2.07748332e+09
0.0550	0.0750	0.1350	2.31441875e+09
0.0550	0.0850	0.0850	1.67916247e+09
0.0550	0.0850	0.0950	1.44425324e+09
0.0550	0.0850	0.1050	1.72773346e+09
0.0550	0.0850	0.1150	1.50285307e+09
0.0550	0.0850	0.1250	1.61295334e+09
0.0550	0.0850	0.1350	2.04286887e+09
0.0550	0.0850	0.1450	1.62493968e+09
0.0550	0.0950	0.0950	1.27524611e+09
0.0550	0.0950	0.1050	1.02660575e+09
0.0550	0.0950	0.1150	1.34046842e+09
0.0550	0.0950	0.1250	1.51617953e+09
0.0550	0.0950	0.1350	1.45970827e+09
0.0550	0.0950	0.1450	1.81962205e+09
0.0550	0.1050	0.1050	4.07082319e+08
0.0550	0.1050	0.1150	7.55020196e+08
0.0550	0.1050	0.1250	1.24480997e+09
0.0550	0.1050	0.1350	1.10201521e+09
0.0550	0.1050	0.1450	1.17557417e+09
0.0550	0.1150	0.1150	1.45431225e+09
0.0550	0.1150	0.1250	8.44736953e+08
0.0550	0.1150	0.1350	9.87435226e+08
0.0550	0.1150	0.1450	1.03840484e+09
0.0550	0.1250	0.1250	1.00053058e+09
0.0550	0.1250	0.1350	9.48109052e+08
0.0550	0.1250	0.1450	8.21193784e+08
0.0550	0.1350	0.1350	7.76915097e+08
0.0550	0.1350	0.1450	8.46549064e+08
0.0550	0.1450	0.1450	1.01672310e+09
0.0650	0.0650	0.0650	2.16477915e+09
0.0650	0.0650	0.0750	2.04450470e+09
0.0650	0.0650	0.0850	8.67825175e+08
0.0650	0.0650	0.0950	1.85232856e+09
0.0650	0.0650	0.1050	2.01392504e+09
0.0650	0.0650	0.1150	1.09026902e+09
0.0650	0.0650	0.1250	2.09877335e+09
0.0650	0.0650	0.1350	1.60686451e+09
0.0650	0.0750	0.0750	1.25260281e+09
0.0650	0.0750	0.0850	1.72357482e+09
0.0650	0.0750	0.0950	1.53962008e+09
0.0650	0.0750	0.1050	1.04447006e+09
0.0650	0.0750	0.1150	1.31651360e+09
0.0650	0.0750	0.1250	1.64015238e+09
0.0650	0.0750	0.1350	1.88328779e+09
0.0650	0.0750	0.1450	1.94893087e+09
0.0650	0.0850	0.0850	9.40696563e+08
0.0650	0.0850	0.0950	1.31323212e+09
0.0650	0.0850	0.1050	1.22316641e+09
0.0650	0.0850	0.1150	1.55657074e+09
0.0650	0.0850	0.1250	1.05304874e+09
0.0650	0.0850	0.1350	1.57114829e+09
0.0650	0.0850	0.1450	1.71301697e+09
0.0650	0.0950	0.0950	8.04688796e+08
0.0650	0.0950	0.1050	8.38822860e+08
0.0650	0.0950	0.1150	8.84007032e+08
0.0650	0.0950	0.1250	1.10119486e+09
0.0650	0.0950	0.1350	1.21180294e+09
0.0650	0.0950	0.1450	1.07818566e+09
0.0650	0.1050	0.1050	9.60250125e+08
0.0650	0.1050	0.1150	1.29305799e+09
0.0650	0.1050	0.1250	9.70452151e+08
0.0650	0.1050	0.1350	1.09011896e+09
0.0650	0.1050	0.1450	8.14561881e+08
0.0650	0.1150	0.1150	8.35972059e+08
0.0650	0.1150	0.1250	6.81702663e+08
0.0650	0.1150	0.1350	9.40840058e+08
0.0650	0.1150	0.1450	9.35565751e+08
0.0650	0.1250	0.1250	7.09344311e+08
0.0650	0.1250	0.1350	9.00139047e+08
0.0650	0.1250	0.1450	8.98634363e+08
0.0650	0.1350	0.1350	8.60656574e+08
0.0650	0.1350	0.1450	6.97964352e+08
0.0650	0.1450	0.1450	5.69414665e+08
0.0750	0.0750	0.0750	2.36561135e+09
0.0750	0.0750	0.0850	8.68906261e+08
0.0750	0.0750	0.0950	1.12701623e+09
0.0750	0.0750	0.1050	1.39375938e+09
0.0750	0.0750	0.1150	1.63306875e+09
0.0750	0.0750	0.1250	9.93081038e+08
0.0750	0.0750	0.1350	1.20332326e+09
0.0750	0.0750	0.1450	1.28248905e+09
0.0750	0.0850	0.0850	1.58856307e+09
0.0750	0.0850	0.0950	8.04788428e+08
0.0750	0.0850	0.1050	1.13773944e+09
0.0750	0.0850	0.1150	1.33520653e+09
0.0750	0.0850	0.1250	1.20210100e+09
0.0750	0.0850	0.1350	1.27879835e+09
0.0750	0.0850	0.1450	1.27251608e+09
0.0750	0.0950	0.0950	6.93695492e+08
0.0750	0.0950	0.1050	6.83061978e+08
0.0750	0.0950	0.1150	9.08074845e+08
0.0750	0.0950	0.1250	9.62146525e+08
0.0750	0.0950	0.1350	8.96594588e+08
0.0750	0.0950	0.1450	9.43042717e+08
0.0750	0.1050	0.1050	7.16325301e+08
0.0750	0.1050	0.1150	8.08636692e+08
0.0750	0.1050	0.1250	8.38774568e+08
0.0750	0.1050	0.1350	8.54378828e+08
0.0750	0.1050	0.1450	1.02798392e+09
0.0750	0.1150	0.1150	1.08496121e+09
0.0750	0.1150	0.1250	7.60673011e+08
0.0750	0.1150	0.1350	9.85026695e+08
0.0750	0.1150	0.1450	7.33294104e+08
0.0750	0.1250	0.1250	8.65678823e+08
0.0750	0.1250	0.1350	4.45890785e+08
0.0750	0.1250	0.1450	7.53238615e+08
0.0750	0.1350	0.1350	6.68248814e+08
0.0750	0.1350	0.1450	6.16943798e+08
0.0750	0.1450	0.1450	5.35347588e+08
0.0850	0.0850	0.0850	1.82255683e+09
0.0850	0.0850	0.0950	8.34675313e+08
0.0850	0.0850	0.1050	1.64670821e+09
0.0850	0.0850	0.1150	7.60177898e+08
0.0850	0.0850	0.1250	9.84332010e+08
0.0850	0.0850	0.1350	9.17763092e+08
0.0850	0.0850	0.1450	1.16652981e+09
0.0850	0.0950	0.0950	9.75723301e+08
0.0850	0.0950	0.1050	5.74992908e+08
0.0850	0.0950	0.1150	7.20169223e+08
0.0850	0.0950	0.1250	6.70042267e+08
0.0850	0.0950	0.1350	9.18049604e+08
0.0850	0.0950	0.1450	7.95707084e+08
0.0850	0.1050	0.1050	1.01863424e+09
0.0850	0.1050	0.1150	7.70822105e+08
0.0850	0.1050	0.1250	7.77089886e+08
0.0850	0.1050	0.1350	8.23972152e+08
0.0850	0.1050	0.1450	6.68555506e+08
0.0850	0.1150	0.1150	6.37844739e+08
0.0850	0.1150	0.1250	7.21879674e+08
0.0850	0.1150	0.1350	4.38528876e+08
0.0850	0.1150	0.1450	6.66764586e+08
0.0850	0.1250	0.1250	4.02601877e+08
0.0850	0.1250	0.1350	8.51597579e+08
0.0850	0.1250	0.1450	6.26353005e+08
0.0850	0.1350	0.1350	6.63782888e+08
0.0850	0.1350	0.1450	5.26515863e+08
0.0850	0.1450	0.1450	5.59948340e+08
0.0950	0.0950	0.0950	1.01571399e+09
0.0950	0.0950	0.1050	8.57358094e+08
0.0950	0.0950	0.1150	5.69401051e+08
0.0950	0.0950	0.1250	8.71910504e+08
0.0950	0.0950	0.1350	4.24086884e+08
0.0950	0.0950	0.1450	7.31291807e+08
0.0950	0.1050	0.1050	7.04266131e+08
0.0950	0.1050	0.1150	7.05023868e+08
0.0950	0.1050	0.1250	6.06950847e+08
0.0950	0.1050	0.1350	7.64387045e+08
0.0950	0.1050	0.1450	6.46989635e+08
0.0950	0.1150	0.1150	6.64417429e+08
0.0950	0.1150	0.1250	5.51130335e+08
0.0950	0.1150	0.1350	5.36107386e+08
0.0950	0.1150	0.1450	6.34144703e+08
0.0950	0.1250	0.1250	4.47442453e+08
0.0950	0.1250	0.1350	5.87364429e+08
0.0950	0.1250	0.1450	5.68057681e+08
0.0950	0.1350	0.1350	6.22349469e+08
0.0950	0.1350	0.1450	6.72532273e+08
0.0950	0.1450	0.1450	3.22647397e+08
0.1050	0.1050	0.1050	6.92024358e+08
0.1050	0.1050	0.1150	6.77825454e+08
0.1050	0.1050	0.1250	6.02578776e+08
0.1050	0.1050	0.1350	5.77287484e+08
0.1050	0.1050	0.1450	5.14843344e+08
0.1050	0.1150	0.1150	5.58068920e+08
0.1050	0.1150	0.1250	5.83702060e+08
0.1050	0.1150	0.1350	6.57352799e+08
0.1050	0.1150	0.1450	5.73738483e+08
0.1050	0.1250	0.1250	5.61850772e+08
0.1050	0.1250	0.1350	4.18758700e+08
0.1050	0.1250	0.1450	4.86990695e+08
0.1050	0.1350	0.1350	6.60183250e+08
0.1050	0.1350	0.1450	4.63988888e+08
0.1050	0.1450	0.1450	5.54654309e+08
0.1150	0.1150	0.1150	8.56155388e+08
0.1150	0.1150	0.1250	4.59260766e+08
0.1150	0.1150	0.1350	5.06712476e+08
0.1150	0.1150	0.1450	5.63055089e+08
0.1150	0.1250	0.1250	6.18347178e+08
0.1150	0.1250	0.1350	4.87768932e+08
0.1150	0.1250	0.1450	5.18778405e+08
0.1150	0.1350	0.1350	5.49088951e+08
0.1150	0.1350	0.1450	5.64744533e+08
0.1150	0.1450	0.1450	4.43467377e+08
0.1250	0.1250	0.1250	4.99191340e+08
0.1250	0.1250	0.1350	5.63505224e+08
0.1250	0.1250	0.1450	3.53443542e+08
0.1250	0.1350	0.1350	7.03677398e+08
0.1250	0.1350	0.1450	3.67906424e+08
0.1250	0.1450	0.1450	4.26318234e+08
0.1350	0.1350	0.1350	2.15967541e+08
0.1350	0.1350	0.1450	4.81670788e+08
0.1350	0.1450	0.1450	4.76814301e+08
0.1450	0.1450	0.1450	2.02211749e+08
