####### Bispectrum of patchy_s3_ Simulation 1782 #############
# Weights: FKP
# Fiducial Omega_m: 0.310
# Fiducial h: 0.676
# Boxsize: [1000.0, 2600.0, 1500.0]
# Grid: [95, 250, 140]
# k-binning: [0.000, 0.110, 0.010]
# l-max: 4
# Monte Carlo Simulations: 100
#
# Format: k1 | k2 | k3 | B(k1,k2,k3) | B2(k1,k2,k3) | B4(k1,k2,k3)
############################################
0.0150	0.0150	0.0150	3.00361649e+10	1.60730760e+11	1.70052340e+11
0.0150	0.0150	0.0250	1.17481533e+10	-1.23228631e+11	-7.52706546e+10
0.0150	0.0250	0.0250	3.41751833e+10	-1.71063835e+09	-3.52054944e+10
0.0150	0.0250	0.0350	-2.77649123e+09	-3.00440315e+10	2.22307307e+10
0.0150	0.0350	0.0350	1.96505197e+10	5.21576046e+10	-1.39533147e+09
0.0150	0.0350	0.0450	8.87667603e+09	1.94133117e+08	-4.36963314e+10
0.0150	0.0450	0.0450	-3.34166703e+09	-1.18863126e+10	7.01199168e+09
0.0150	0.0450	0.0550	9.04656779e+09	1.56932642e+10	1.42849382e+09
0.0150	0.0550	0.0550	2.17569936e+10	1.80785412e+10	1.92200459e+10
0.0150	0.0550	0.0650	5.33039477e+09	-1.11531181e+10	-1.06192048e+10
0.0150	0.0650	0.0650	5.31073135e+09	2.12713748e+09	-1.19149638e+10
0.0150	0.0650	0.0750	2.90093960e+09	-9.31429118e+09	1.35535943e+10
0.0150	0.0750	0.0750	3.99013668e+09	-1.13577037e+08	-1.07308671e+10
0.0250	0.0250	0.0250	-5.04295234e+10	-2.59568944e+10	8.35122384e+08
0.0250	0.0250	0.0350	1.94726643e+10	6.88598753e+09	-1.35391913e+10
0.0250	0.0250	0.0450	9.92312245e+09	1.63494305e+10	-4.07005276e+09
0.0250	0.0350	0.0350	1.14409947e+10	7.58801859e+09	3.00612870e+09
0.0250	0.0350	0.0450	5.42057312e+09	-8.61079883e+09	-2.03908559e+10
0.0250	0.0350	0.0550	9.74590168e+09	3.22649858e+09	-1.76430981e+09
0.0250	0.0450	0.0450	1.45481017e+09	-6.01534302e+09	-1.33142051e+10
0.0250	0.0450	0.0550	1.14267482e+10	9.77025642e+09	1.98929754e+10
0.0250	0.0450	0.0650	5.50387607e+09	1.27867494e+09	3.67302474e+09
0.0250	0.0550	0.0550	2.53606600e+09	-1.11578295e+09	-1.10670568e+10
0.0250	0.0550	0.0650	3.63656190e+09	-7.19582173e+08	-2.34387173e+09
0.0250	0.0550	0.0750	7.18169933e+09	1.48744818e+10	1.23883607e+10
0.0250	0.0650	0.0650	4.36230388e+09	-2.08252365e+09	2.03079497e+10
0.0250	0.0650	0.0750	3.45035413e+09	-2.77661994e+09	2.49475277e+09
0.0250	0.0750	0.0750	4.47566194e+09	4.02102372e+09	4.69644398e+09
0.0350	0.0350	0.0350	-1.66719225e+10	-5.46210370e+09	-6.43682856e+09
0.0350	0.0350	0.0450	2.62222126e+09	6.26073981e+09	5.90076817e+09
0.0350	0.0350	0.0550	7.89357377e+09	5.33367021e+09	9.84890116e+09
0.0350	0.0350	0.0650	3.53089277e+09	-4.98591119e+09	1.31477595e+10
0.0350	0.0450	0.0450	-1.91304613e+09	-1.90239047e+08	-1.66648359e+09
0.0350	0.0450	0.0550	5.15408886e+09	6.59621184e+09	-6.73598386e+09
0.0350	0.0450	0.0650	5.52752903e+09	-1.22275713e+09	-5.54265278e+09
0.0350	0.0450	0.0750	7.88380180e+08	-2.92690590e+09	3.73678135e+09
0.0350	0.0550	0.0550	5.73449294e+09	3.54325030e+09	3.99978413e+09
0.0350	0.0550	0.0650	2.47711478e+09	-1.76039466e+09	-2.24072854e+09
0.0350	0.0550	0.0750	4.83199667e+09	3.25469921e+09	3.10604794e+09
0.0350	0.0650	0.0650	3.19541132e+09	-3.74031919e+09	-3.69438767e+09
0.0350	0.0650	0.0750	3.14076130e+09	-3.72337658e+09	-1.92191671e+09
0.0350	0.0750	0.0750	4.35188409e+09	6.36553867e+09	2.14662886e+09
0.0450	0.0450	0.0450	2.08762615e+09	2.98522444e+09	3.56101528e+09
0.0450	0.0450	0.0550	5.22812989e+09	-5.55718813e+09	-6.52153890e+09
0.0450	0.0450	0.0650	1.82487257e+09	1.60862941e+09	6.71657873e+09
0.0450	0.0450	0.0750	3.49545605e+09	-1.12602154e+09	-5.36686436e+09
0.0450	0.0550	0.0550	3.20141445e+09	7.23749350e+09	-6.43912349e+07
0.0450	0.0550	0.0650	3.41046663e+09	2.70140790e+09	1.54557534e+09
0.0450	0.0550	0.0750	3.16038875e+09	4.43318850e+09	7.66716836e+09
0.0450	0.0650	0.0650	1.92313205e+09	-4.15938210e+09	-2.02740710e+09
0.0450	0.0650	0.0750	-7.37751694e+08	-1.62898440e+09	-1.43152964e+08
0.0450	0.0750	0.0750	2.28698088e+09	8.00578572e+08	-1.18129091e+09
0.0550	0.0550	0.0550	5.44909834e+08	-3.44209319e+09	-1.50576316e+09
0.0550	0.0550	0.0650	2.00126854e+09	-1.03557267e+09	-2.38046165e+09
0.0550	0.0550	0.0750	5.61427894e+09	-6.04326950e+09	-6.28664830e+09
0.0550	0.0650	0.0650	1.59045999e+09	3.99042289e+09	1.65527566e+09
0.0550	0.0650	0.0750	1.86094648e+09	1.46499957e+09	4.34201363e+09
0.0550	0.0750	0.0750	2.29803385e+09	-1.01606470e+09	1.02535986e+09
0.0650	0.0650	0.0650	2.68639121e+09	-6.10377786e+08	8.61802716e+08
0.0650	0.0650	0.0750	9.19479230e+08	-3.01553754e+09	-1.08338319e+09
0.0650	0.0750	0.0750	1.77656243e+09	-4.10291193e+08	-1.43688557e+09
0.0750	0.0750	0.0750	4.90798875e+08	1.64142531e+09	1.33742332e+09
