####### Bispectrum of Patchy Simulation 396 #############
# Patch: sgc
# z-type: z3
# Weights: fkp
# Fiducial Omega_m: 0.310
# Fiducial h: 0.676
# Boxsize: [1000.0, 2600.0, 1500.0]
# Grid: [95, 250, 140]
# k-binning: [0.000, 0.160, 0.010]
# Monte Carlo Simulations: 100
#
# Format: k1 | k2 | k3 | B(k1,k2,k3)
############################################
0.0150	0.0150	0.0150	-1.43513562e+10
0.0150	0.0150	0.0250	4.63740874e+10
0.0150	0.0150	0.0350	-1.70076100e+10
0.0150	0.0250	0.0250	-5.59663117e+09
0.0150	0.0250	0.0350	-1.54685811e+09
0.0150	0.0250	0.0450	3.83377095e+09
0.0150	0.0350	0.0350	3.33627706e+07
0.0150	0.0350	0.0450	1.54455595e+09
0.0150	0.0350	0.0550	2.64784851e+10
0.0150	0.0450	0.0450	6.12657369e+09
0.0150	0.0450	0.0550	5.23485097e+09
0.0150	0.0450	0.0650	1.50789475e+10
0.0150	0.0550	0.0550	-3.88321260e+08
0.0150	0.0550	0.0650	-1.18620250e+09
0.0150	0.0550	0.0750	1.17323331e+10
0.0150	0.0650	0.0650	1.03931899e+09
0.0150	0.0650	0.0750	6.42680934e+09
0.0150	0.0650	0.0850	7.04667271e+09
0.0150	0.0750	0.0750	1.46912994e+09
0.0150	0.0750	0.0850	2.10760861e+09
0.0150	0.0750	0.0950	6.86309724e+09
0.0150	0.0850	0.0850	4.39336030e+09
0.0150	0.0850	0.0950	3.11339167e+09
0.0150	0.0850	0.1050	8.46239217e+09
0.0150	0.0950	0.0950	3.25232157e+09
0.0150	0.0950	0.1050	9.89814483e+08
0.0150	0.0950	0.1150	7.27454674e+09
0.0150	0.1050	0.1050	-1.18189264e+07
0.0150	0.1050	0.1150	5.63654070e+08
0.0150	0.1050	0.1250	3.04556323e+09
0.0150	0.1150	0.1150	2.15381428e+09
0.0150	0.1150	0.1250	1.61405517e+09
0.0150	0.1150	0.1350	3.79355528e+09
0.0150	0.1250	0.1250	4.26677781e+08
0.0150	0.1250	0.1350	2.06502734e+09
0.0150	0.1250	0.1450	8.23089513e+08
0.0150	0.1350	0.1350	1.34999470e+09
0.0150	0.1350	0.1450	2.90510577e+09
0.0150	0.1450	0.1450	-9.56690937e+07
0.0250	0.0250	0.0250	-1.78320692e+10
0.0250	0.0250	0.0350	1.02745122e+10
0.0250	0.0250	0.0450	7.96888415e+08
0.0250	0.0250	0.0550	1.43349109e+10
0.0250	0.0350	0.0350	9.49710741e+09
0.0250	0.0350	0.0450	8.64267325e+09
0.0250	0.0350	0.0550	4.27309145e+09
0.0250	0.0350	0.0650	1.42122890e+10
0.0250	0.0450	0.0450	-3.83299760e+09
0.0250	0.0450	0.0550	4.66513436e+08
0.0250	0.0450	0.0650	5.86433072e+09
0.0250	0.0450	0.0750	8.35817675e+09
0.0250	0.0550	0.0550	5.05947164e+09
0.0250	0.0550	0.0650	5.47824934e+09
0.0250	0.0550	0.0750	4.27199000e+09
0.0250	0.0550	0.0850	6.25196571e+09
0.0250	0.0650	0.0650	3.65104810e+09
0.0250	0.0650	0.0750	3.54392722e+08
0.0250	0.0650	0.0850	1.12932132e+09
0.0250	0.0650	0.0950	4.65947879e+09
0.0250	0.0750	0.0750	4.01098393e+09
0.0250	0.0750	0.0850	3.36067836e+09
0.0250	0.0750	0.0950	3.21428104e+09
0.0250	0.0750	0.1050	3.14635723e+09
0.0250	0.0850	0.0850	4.63404097e+09
0.0250	0.0850	0.0950	1.81400048e+09
0.0250	0.0850	0.1050	4.57901921e+09
0.0250	0.0850	0.1150	2.76807789e+09
0.0250	0.0950	0.0950	1.42610953e+09
0.0250	0.0950	0.1050	1.05500655e+09
0.0250	0.0950	0.1150	2.46156753e+09
0.0250	0.0950	0.1250	4.22042976e+09
0.0250	0.1050	0.1050	1.98257351e+09
0.0250	0.1050	0.1150	2.15378930e+09
0.0250	0.1050	0.1250	1.93969125e+09
0.0250	0.1050	0.1350	1.63837326e+09
0.0250	0.1150	0.1150	9.34384603e+08
0.0250	0.1150	0.1250	2.14927765e+09
0.0250	0.1150	0.1350	1.48710397e+09
0.0250	0.1150	0.1450	4.38080500e+08
0.0250	0.1250	0.1250	1.83360642e+09
0.0250	0.1250	0.1350	1.75905456e+09
0.0250	0.1250	0.1450	1.93498748e+09
0.0250	0.1350	0.1350	1.24204057e+09
0.0250	0.1350	0.1450	1.60804247e+09
0.0250	0.1450	0.1450	9.73772738e+08
0.0350	0.0350	0.0350	-7.41018748e+09
0.0350	0.0350	0.0450	9.20256133e+09
0.0350	0.0350	0.0550	-9.16218593e+08
0.0350	0.0350	0.0650	6.26945833e+09
0.0350	0.0350	0.0750	2.54100882e+09
0.0350	0.0450	0.0450	1.04738226e+10
0.0350	0.0450	0.0550	3.78972044e+09
0.0350	0.0450	0.0650	4.29818800e+09
0.0350	0.0450	0.0750	7.76830697e+09
0.0350	0.0450	0.0850	5.91149731e+08
0.0350	0.0550	0.0550	2.32287781e+09
0.0350	0.0550	0.0650	1.86853543e+09
0.0350	0.0550	0.0750	2.51271742e+09
0.0350	0.0550	0.0850	4.35073211e+09
0.0350	0.0550	0.0950	3.10891242e+09
0.0350	0.0650	0.0650	2.05792417e+09
0.0350	0.0650	0.0750	3.62458814e+09
0.0350	0.0650	0.0850	1.84877968e+09
0.0350	0.0650	0.0950	3.21709104e+09
0.0350	0.0650	0.1050	2.90776702e+09
0.0350	0.0750	0.0750	3.29986262e+09
0.0350	0.0750	0.0850	1.84227570e+08
0.0350	0.0750	0.0950	3.86417685e+09
0.0350	0.0750	0.1050	3.28969914e+09
0.0350	0.0750	0.1150	4.29056921e+09
0.0350	0.0850	0.0850	3.11481531e+09
0.0350	0.0850	0.0950	2.62161834e+09
0.0350	0.0850	0.1050	1.65146840e+09
0.0350	0.0850	0.1150	2.98177419e+09
0.0350	0.0850	0.1250	4.18336728e+09
0.0350	0.0950	0.0950	8.97777153e+08
0.0350	0.0950	0.1050	2.05661558e+09
0.0350	0.0950	0.1150	2.69993255e+09
0.0350	0.0950	0.1250	2.18437008e+09
0.0350	0.0950	0.1350	2.82569525e+09
0.0350	0.1050	0.1050	2.60803274e+09
0.0350	0.1050	0.1150	5.19517130e+08
0.0350	0.1050	0.1250	1.88440900e+09
0.0350	0.1050	0.1350	2.44658142e+09
0.0350	0.1050	0.1450	2.92863384e+09
0.0350	0.1150	0.1150	1.07738699e+09
0.0350	0.1150	0.1250	9.52086611e+08
0.0350	0.1150	0.1350	1.85188322e+09
0.0350	0.1150	0.1450	1.82979769e+09
0.0350	0.1250	0.1250	1.61238158e+09
0.0350	0.1250	0.1350	1.34777751e+09
0.0350	0.1250	0.1450	1.54652543e+09
0.0350	0.1350	0.1350	1.14611003e+09
0.0350	0.1350	0.1450	1.34971409e+09
0.0350	0.1450	0.1450	7.71274504e+08
0.0450	0.0450	0.0450	-4.78210745e+09
0.0450	0.0450	0.0550	4.38174857e+09
0.0450	0.0450	0.0650	4.01299178e+09
0.0450	0.0450	0.0750	5.68022731e+09
0.0450	0.0450	0.0850	5.18999242e+09
0.0450	0.0450	0.0950	5.48563725e+09
0.0450	0.0550	0.0550	5.54619722e+09
0.0450	0.0550	0.0650	8.89861370e+08
0.0450	0.0550	0.0750	4.93969844e+09
0.0450	0.0550	0.0850	4.31947181e+09
0.0450	0.0550	0.0950	3.48511137e+09
0.0450	0.0550	0.1050	7.43119830e+08
0.0450	0.0650	0.0650	4.73176064e+09
0.0450	0.0650	0.0750	8.97027121e+08
0.0450	0.0650	0.0850	2.71640687e+09
0.0450	0.0650	0.0950	1.89081261e+09
0.0450	0.0650	0.1050	3.60067618e+09
0.0450	0.0650	0.1150	4.49847658e+09
0.0450	0.0750	0.0750	2.10833683e+09
0.0450	0.0750	0.0850	2.90052555e+09
0.0450	0.0750	0.0950	1.64636208e+09
0.0450	0.0750	0.1050	1.85676192e+09
0.0450	0.0750	0.1150	3.11331552e+09
0.0450	0.0750	0.1250	3.86452715e+09
0.0450	0.0850	0.0850	4.76594073e+08
0.0450	0.0850	0.0950	2.34470762e+09
0.0450	0.0850	0.1050	1.84151416e+09
0.0450	0.0850	0.1150	2.07823084e+09
0.0450	0.0850	0.1250	2.20434563e+09
0.0450	0.0850	0.1350	2.21592762e+09
0.0450	0.0950	0.0950	1.36712672e+09
0.0450	0.0950	0.1050	1.20538533e+09
0.0450	0.0950	0.1150	8.97769965e+08
0.0450	0.0950	0.1250	2.16601302e+09
0.0450	0.0950	0.1350	1.79939760e+09
0.0450	0.0950	0.1450	2.70720813e+09
0.0450	0.1050	0.1050	3.06209249e+08
0.0450	0.1050	0.1150	1.99648649e+09
0.0450	0.1050	0.1250	1.82900285e+09
0.0450	0.1050	0.1350	1.80412171e+09
0.0450	0.1050	0.1450	1.25072284e+09
0.0450	0.1150	0.1150	9.64913521e+08
0.0450	0.1150	0.1250	1.00231089e+09
0.0450	0.1150	0.1350	1.31422968e+09
0.0450	0.1150	0.1450	1.34589059e+09
0.0450	0.1250	0.1250	1.30555452e+09
0.0450	0.1250	0.1350	1.03488367e+09
0.0450	0.1250	0.1450	7.33277549e+08
0.0450	0.1350	0.1350	1.24896614e+09
0.0450	0.1350	0.1450	1.01662552e+09
0.0450	0.1450	0.1450	7.43697386e+08
0.0550	0.0550	0.0550	1.59700851e+09
0.0550	0.0550	0.0650	5.51650379e+09
0.0550	0.0550	0.0750	-5.00580994e+08
0.0550	0.0550	0.0850	1.60411782e+09
0.0550	0.0550	0.0950	1.45640668e+09
0.0550	0.0550	0.1050	3.51200863e+09
0.0550	0.0550	0.1150	8.67914570e+08
0.0550	0.0650	0.0650	1.36932926e+09
0.0550	0.0650	0.0750	2.02462092e+09
0.0550	0.0650	0.0850	1.66930890e+09
0.0550	0.0650	0.0950	1.36360043e+09
0.0550	0.0650	0.1050	3.38986134e+09
0.0550	0.0650	0.1150	2.66148075e+09
0.0550	0.0650	0.1250	4.08201522e+09
0.0550	0.0750	0.0750	1.92779692e+09
0.0550	0.0750	0.0850	2.40632690e+09
0.0550	0.0750	0.0950	6.22337832e+08
0.0550	0.0750	0.1050	2.30998185e+09
0.0550	0.0750	0.1150	2.41529381e+09
0.0550	0.0750	0.1250	2.50572329e+09
0.0550	0.0750	0.1350	1.03647211e+09
0.0550	0.0850	0.0850	1.97358202e+09
0.0550	0.0850	0.0950	1.91447480e+09
0.0550	0.0850	0.1050	1.23866944e+09
0.0550	0.0850	0.1150	1.19488172e+09
0.0550	0.0850	0.1250	1.95614170e+09
0.0550	0.0850	0.1350	2.24050470e+09
0.0550	0.0850	0.1450	1.14599553e+09
0.0550	0.0950	0.0950	7.87724302e+08
0.0550	0.0950	0.1050	1.22877276e+09
0.0550	0.0950	0.1150	1.78366111e+09
0.0550	0.0950	0.1250	1.27729945e+09
0.0550	0.0950	0.1350	1.06067058e+09
0.0550	0.0950	0.1450	1.56684527e+09
0.0550	0.1050	0.1050	1.04374282e+09
0.0550	0.1050	0.1150	1.12781504e+09
0.0550	0.1050	0.1250	1.09394900e+09
0.0550	0.1050	0.1350	1.47333329e+09
0.0550	0.1050	0.1450	1.21804632e+09
0.0550	0.1150	0.1150	8.37707470e+08
0.0550	0.1150	0.1250	1.39537561e+09
0.0550	0.1150	0.1350	1.07698025e+09
0.0550	0.1150	0.1450	1.07797976e+09
0.0550	0.1250	0.1250	1.24843007e+09
0.0550	0.1250	0.1350	1.03471610e+09
0.0550	0.1250	0.1450	1.14311232e+09
0.0550	0.1350	0.1350	1.18708647e+09
0.0550	0.1350	0.1450	9.53654388e+08
0.0550	0.1450	0.1450	1.10431622e+09
0.0650	0.0650	0.0650	2.24309218e+09
0.0650	0.0650	0.0750	2.97024422e+09
0.0650	0.0650	0.0850	1.80866144e+08
0.0650	0.0650	0.0950	1.95970831e+09
0.0650	0.0650	0.1050	1.79728844e+09
0.0650	0.0650	0.1150	1.77572870e+09
0.0650	0.0650	0.1250	3.01314669e+09
0.0650	0.0650	0.1350	1.75555124e+09
0.0650	0.0750	0.0750	2.14931391e+09
0.0650	0.0750	0.0850	1.42838024e+09
0.0650	0.0750	0.0950	1.57243241e+09
0.0650	0.0750	0.1050	1.39158698e+09
0.0650	0.0750	0.1150	1.62429927e+09
0.0650	0.0750	0.1250	1.66461065e+09
0.0650	0.0750	0.1350	2.48156612e+09
0.0650	0.0750	0.1450	1.95446179e+09
0.0650	0.0850	0.0850	1.67891314e+09
0.0650	0.0850	0.0950	9.37453352e+08
0.0650	0.0850	0.1050	7.59719874e+08
0.0650	0.0850	0.1150	9.44043244e+08
0.0650	0.0850	0.1250	1.45718273e+09
0.0650	0.0850	0.1350	1.35864942e+09
0.0650	0.0850	0.1450	1.54956285e+09
0.0650	0.0950	0.0950	7.90396834e+08
0.0650	0.0950	0.1050	1.66086633e+09
0.0650	0.0950	0.1150	8.97601163e+08
0.0650	0.0950	0.1250	8.96443079e+08
0.0650	0.0950	0.1350	1.44641831e+09
0.0650	0.0950	0.1450	1.48025179e+09
0.0650	0.1050	0.1050	2.20367162e+08
0.0650	0.1050	0.1150	8.70885298e+08
0.0650	0.1050	0.1250	1.14627558e+09
0.0650	0.1050	0.1350	9.76772564e+08
0.0650	0.1050	0.1450	1.32895790e+09
0.0650	0.1150	0.1150	1.15231452e+09
0.0650	0.1150	0.1250	8.19165663e+08
0.0650	0.1150	0.1350	9.02693898e+08
0.0650	0.1150	0.1450	8.79389608e+08
0.0650	0.1250	0.1250	1.11831099e+09
0.0650	0.1250	0.1350	1.09990510e+09
0.0650	0.1250	0.1450	8.66211107e+08
0.0650	0.1350	0.1350	9.83743335e+08
0.0650	0.1350	0.1450	5.45464339e+08
0.0650	0.1450	0.1450	1.19073625e+09
0.0750	0.0750	0.0750	7.18164302e+07
0.0750	0.0750	0.0850	2.15312885e+09
0.0750	0.0750	0.0950	2.66412310e+08
0.0750	0.0750	0.1050	1.10961704e+09
0.0750	0.0750	0.1150	1.54096593e+09
0.0750	0.0750	0.1250	1.59947502e+09
0.0750	0.0750	0.1350	2.02429518e+09
0.0750	0.0750	0.1450	1.58684317e+09
0.0750	0.0850	0.0850	1.64891280e+09
0.0750	0.0850	0.0950	1.28991444e+09
0.0750	0.0850	0.1050	1.23000482e+09
0.0750	0.0850	0.1150	1.16648764e+09
0.0750	0.0850	0.1250	9.34368378e+08
0.0750	0.0850	0.1350	7.49424665e+08
0.0750	0.0850	0.1450	1.01315824e+09
0.0750	0.0950	0.0950	1.17644496e+09
0.0750	0.0950	0.1050	1.35657478e+09
0.0750	0.0950	0.1150	1.25728338e+09
0.0750	0.0950	0.1250	1.44720921e+09
0.0750	0.0950	0.1350	1.16805950e+09
0.0750	0.0950	0.1450	1.63599983e+09
0.0750	0.1050	0.1050	1.26364943e+09
0.0750	0.1050	0.1150	8.01280779e+08
0.0750	0.1050	0.1250	3.40516481e+08
0.0750	0.1050	0.1350	1.00807003e+09
0.0750	0.1050	0.1450	1.14992944e+09
0.0750	0.1150	0.1150	8.55792111e+08
0.0750	0.1150	0.1250	1.10245340e+09
0.0750	0.1150	0.1350	1.04986325e+09
0.0750	0.1150	0.1450	6.43329843e+08
0.0750	0.1250	0.1250	6.35455433e+08
0.0750	0.1250	0.1350	4.55337410e+08
0.0750	0.1250	0.1450	6.90686751e+08
0.0750	0.1350	0.1350	1.26061783e+09
0.0750	0.1350	0.1450	6.17138711e+08
0.0750	0.1450	0.1450	7.66318766e+08
0.0850	0.0850	0.0850	5.91691876e+08
0.0850	0.0850	0.0950	9.23311212e+08
0.0850	0.0850	0.1050	5.65193118e+08
0.0850	0.0850	0.1150	4.82115902e+08
0.0850	0.0850	0.1250	1.11927531e+09
0.0850	0.0850	0.1350	1.11561389e+09
0.0850	0.0850	0.1450	4.35725031e+08
0.0850	0.0950	0.0950	6.29982220e+08
0.0850	0.0950	0.1050	8.20257005e+08
0.0850	0.0950	0.1150	8.19773832e+08
0.0850	0.0950	0.1250	4.84262657e+08
0.0850	0.0950	0.1350	6.52819852e+08
0.0850	0.0950	0.1450	9.30701894e+08
0.0850	0.1050	0.1050	6.54793275e+08
0.0850	0.1050	0.1150	8.69877754e+08
0.0850	0.1050	0.1250	9.83274577e+08
0.0850	0.1050	0.1350	7.13918415e+08
0.0850	0.1050	0.1450	5.80173878e+08
0.0850	0.1150	0.1150	8.30977695e+08
0.0850	0.1150	0.1250	5.67837787e+08
0.0850	0.1150	0.1350	6.03619277e+08
0.0850	0.1150	0.1450	7.84656565e+08
0.0850	0.1250	0.1250	5.88678547e+08
0.0850	0.1250	0.1350	5.24488495e+08
0.0850	0.1250	0.1450	8.19827531e+08
0.0850	0.1350	0.1350	5.47860978e+08
0.0850	0.1350	0.1450	5.82014959e+08
0.0850	0.1450	0.1450	5.63704122e+08
0.0950	0.0950	0.0950	5.20520330e+08
0.0950	0.0950	0.1050	1.11758818e+09
0.0950	0.0950	0.1150	1.09040820e+09
0.0950	0.0950	0.1250	8.19949323e+08
0.0950	0.0950	0.1350	8.62720095e+08
0.0950	0.0950	0.1450	1.07653094e+09
0.0950	0.1050	0.1050	4.43621588e+08
0.0950	0.1050	0.1150	9.36327282e+08
0.0950	0.1050	0.1250	6.79124407e+08
0.0950	0.1050	0.1350	6.97756055e+08
0.0950	0.1050	0.1450	5.44546592e+08
0.0950	0.1150	0.1150	7.66496641e+08
0.0950	0.1150	0.1250	5.98699411e+08
0.0950	0.1150	0.1350	7.98619047e+08
0.0950	0.1150	0.1450	7.00386008e+08
0.0950	0.1250	0.1250	6.80122459e+08
0.0950	0.1250	0.1350	9.52816857e+08
0.0950	0.1250	0.1450	4.47184119e+08
0.0950	0.1350	0.1350	4.49210775e+08
0.0950	0.1350	0.1450	5.14304780e+08
0.0950	0.1450	0.1450	5.08157838e+08
0.1050	0.1050	0.1050	2.04521394e+09
0.1050	0.1050	0.1150	4.61563770e+08
0.1050	0.1050	0.1250	4.74100525e+08
0.1050	0.1050	0.1350	5.31091104e+08
0.1050	0.1050	0.1450	6.33241553e+08
0.1050	0.1150	0.1150	9.05220011e+08
0.1050	0.1150	0.1250	6.48487961e+08
0.1050	0.1150	0.1350	6.87765108e+08
0.1050	0.1150	0.1450	6.52603772e+08
0.1050	0.1250	0.1250	3.24189646e+08
0.1050	0.1250	0.1350	6.01217900e+08
0.1050	0.1250	0.1450	4.73375320e+08
0.1050	0.1350	0.1350	6.47170429e+08
0.1050	0.1350	0.1450	7.74805862e+08
0.1050	0.1450	0.1450	4.94475599e+08
0.1150	0.1150	0.1150	4.34202145e+07
0.1150	0.1150	0.1250	3.84084940e+08
0.1150	0.1150	0.1350	7.05666658e+08
0.1150	0.1150	0.1450	4.23041878e+08
0.1150	0.1250	0.1250	1.63063012e+08
0.1150	0.1250	0.1350	2.96547891e+08
0.1150	0.1250	0.1450	5.77027659e+08
0.1150	0.1350	0.1350	6.71436686e+08
0.1150	0.1350	0.1450	4.09828487e+08
0.1150	0.1450	0.1450	3.95248259e+08
0.1250	0.1250	0.1250	1.12881640e+09
0.1250	0.1250	0.1350	4.20419049e+08
0.1250	0.1250	0.1450	3.26933750e+08
0.1250	0.1350	0.1350	4.94432564e+08
0.1250	0.1350	0.1450	4.54924654e+08
0.1250	0.1450	0.1450	6.87209725e+08
0.1350	0.1350	0.1350	5.80221156e+08
0.1350	0.1350	0.1450	5.79144115e+08
0.1350	0.1450	0.1450	4.15777508e+08
0.1450	0.1450	0.1450	3.93290946e+08
