####### Bispectrum of Patchy Simulation 1797 #############
# Patch: ngc
# z-type: z1
# Weights: fkp
# Fiducial Omega_m: 0.310
# Fiducial h: 0.676
# Boxsize: [1350.0, 2450.0, 1400.0]
# Grid: [126, 230, 130]
# k-binning: [0.000, 0.160, 0.010]
# Monte Carlo Simulations: 100
#
# Format: k1 | k2 | k3 | B(k1,k2,k3)
############################################
0.0150	0.0150	0.0150	-1.77584527e+10
0.0150	0.0150	0.0250	2.33221047e+09
0.0150	0.0150	0.0350	-1.72458857e+10
0.0150	0.0250	0.0250	-6.46930258e+09
0.0150	0.0250	0.0350	6.63334064e+09
0.0150	0.0250	0.0450	1.31776722e+10
0.0150	0.0350	0.0350	1.38439075e+10
0.0150	0.0350	0.0450	2.02064271e+09
0.0150	0.0350	0.0550	8.04006061e+09
0.0150	0.0450	0.0450	5.81723776e+09
0.0150	0.0450	0.0550	6.61882319e+09
0.0150	0.0450	0.0650	-1.28246786e+09
0.0150	0.0550	0.0550	2.91596496e+09
0.0150	0.0550	0.0650	4.23128101e+09
0.0150	0.0550	0.0750	1.25055904e+10
0.0150	0.0650	0.0650	2.59359670e+09
0.0150	0.0650	0.0750	2.70955892e+09
0.0150	0.0650	0.0850	7.49150412e+09
0.0150	0.0750	0.0750	2.25217045e+09
0.0150	0.0750	0.0850	3.58775658e+09
0.0150	0.0750	0.0950	4.57506791e+09
0.0150	0.0850	0.0850	2.53756234e+09
0.0150	0.0850	0.0950	2.85702072e+09
0.0150	0.0850	0.1050	6.51391901e+09
0.0150	0.0950	0.0950	1.72275591e+09
0.0150	0.0950	0.1050	3.29009239e+09
0.0150	0.0950	0.1150	5.53640635e+09
0.0150	0.1050	0.1050	9.09466233e+08
0.0150	0.1050	0.1150	2.82049545e+09
0.0150	0.1050	0.1250	2.91346151e+09
0.0150	0.1150	0.1150	1.35458733e+09
0.0150	0.1150	0.1250	1.55721429e+09
0.0150	0.1150	0.1350	2.97021121e+09
0.0150	0.1250	0.1250	1.74925952e+09
0.0150	0.1250	0.1350	1.63817859e+09
0.0150	0.1250	0.1450	2.84637304e+09
0.0150	0.1350	0.1350	1.44188535e+09
0.0150	0.1350	0.1450	1.57269462e+09
0.0150	0.1450	0.1450	1.62890770e+09
0.0250	0.0250	0.0250	-1.72539861e+09
0.0250	0.0250	0.0350	8.28822734e+09
0.0250	0.0250	0.0450	9.42657366e+09
0.0250	0.0250	0.0550	3.40185344e+09
0.0250	0.0350	0.0350	1.34118983e+09
0.0250	0.0350	0.0450	4.55238293e+09
0.0250	0.0350	0.0550	7.42232778e+09
0.0250	0.0350	0.0650	7.04588203e+09
0.0250	0.0450	0.0450	5.67644103e+09
0.0250	0.0450	0.0550	1.43749015e+09
0.0250	0.0450	0.0650	6.41885956e+09
0.0250	0.0450	0.0750	4.33462017e+09
0.0250	0.0550	0.0550	2.80729928e+09
0.0250	0.0550	0.0650	5.44476010e+09
0.0250	0.0550	0.0750	3.66310843e+09
0.0250	0.0550	0.0850	6.93299557e+09
0.0250	0.0650	0.0650	4.00045368e+09
0.0250	0.0650	0.0750	3.47838055e+09
0.0250	0.0650	0.0850	4.10938876e+09
0.0250	0.0650	0.0950	5.73478814e+09
0.0250	0.0750	0.0750	3.44644976e+09
0.0250	0.0750	0.0850	2.74294184e+09
0.0250	0.0750	0.0950	3.15666962e+09
0.0250	0.0750	0.1050	3.72853361e+09
0.0250	0.0850	0.0850	2.47417610e+09
0.0250	0.0850	0.0950	3.25808121e+09
0.0250	0.0850	0.1050	3.28617145e+09
0.0250	0.0850	0.1150	3.58786270e+09
0.0250	0.0950	0.0950	2.39710902e+09
0.0250	0.0950	0.1050	1.79930229e+09
0.0250	0.0950	0.1150	2.04971765e+09
0.0250	0.0950	0.1250	3.29292561e+09
0.0250	0.1050	0.1050	1.43551369e+09
0.0250	0.1050	0.1150	1.21896193e+09
0.0250	0.1050	0.1250	2.06145575e+09
0.0250	0.1050	0.1350	1.83971016e+09
0.0250	0.1150	0.1150	2.00019154e+09
0.0250	0.1150	0.1250	1.66425936e+09
0.0250	0.1150	0.1350	2.41463293e+09
0.0250	0.1150	0.1450	1.87509758e+09
0.0250	0.1250	0.1250	1.40066632e+09
0.0250	0.1250	0.1350	1.19838260e+09
0.0250	0.1250	0.1450	1.91070902e+09
0.0250	0.1350	0.1350	1.41067550e+09
0.0250	0.1350	0.1450	1.16186454e+09
0.0250	0.1450	0.1450	1.47372784e+09
0.0350	0.0350	0.0350	7.13248620e+09
0.0350	0.0350	0.0450	1.95201675e+09
0.0350	0.0350	0.0550	5.77894358e+09
0.0350	0.0350	0.0650	4.24878150e+09
0.0350	0.0350	0.0750	6.17974343e+09
0.0350	0.0450	0.0450	8.25555227e+09
0.0350	0.0450	0.0550	3.24774373e+09
0.0350	0.0450	0.0650	2.91620122e+09
0.0350	0.0450	0.0750	5.90497227e+09
0.0350	0.0450	0.0850	7.05984506e+09
0.0350	0.0550	0.0550	2.80485246e+09
0.0350	0.0550	0.0650	3.31296262e+09
0.0350	0.0550	0.0750	4.86976941e+09
0.0350	0.0550	0.0850	3.91302876e+09
0.0350	0.0550	0.0950	3.81663885e+09
0.0350	0.0650	0.0650	1.57426497e+09
0.0350	0.0650	0.0750	1.57555241e+09
0.0350	0.0650	0.0850	3.20815650e+09
0.0350	0.0650	0.0950	4.30474139e+09
0.0350	0.0650	0.1050	4.13759940e+09
0.0350	0.0750	0.0750	1.79829424e+09
0.0350	0.0750	0.0850	3.07362169e+09
0.0350	0.0750	0.0950	2.65703812e+09
0.0350	0.0750	0.1050	3.42882109e+09
0.0350	0.0750	0.1150	2.63964440e+09
0.0350	0.0850	0.0850	2.71212890e+09
0.0350	0.0850	0.0950	2.07711346e+09
0.0350	0.0850	0.1050	1.23032348e+09
0.0350	0.0850	0.1150	3.32382352e+09
0.0350	0.0850	0.1250	2.74246135e+09
0.0350	0.0950	0.0950	2.36109184e+09
0.0350	0.0950	0.1050	2.03581259e+09
0.0350	0.0950	0.1150	2.26088995e+09
0.0350	0.0950	0.1250	2.26338891e+09
0.0350	0.0950	0.1350	2.32038574e+09
0.0350	0.1050	0.1050	1.33285939e+09
0.0350	0.1050	0.1150	1.33318869e+09
0.0350	0.1050	0.1250	1.77885624e+09
0.0350	0.1050	0.1350	2.12475364e+09
0.0350	0.1050	0.1450	2.31032686e+09
0.0350	0.1150	0.1150	1.64258547e+09
0.0350	0.1150	0.1250	1.51685253e+09
0.0350	0.1150	0.1350	1.45614358e+09
0.0350	0.1150	0.1450	1.64638555e+09
0.0350	0.1250	0.1250	9.51633520e+08
0.0350	0.1250	0.1350	1.47553517e+09
0.0350	0.1250	0.1450	1.05883619e+09
0.0350	0.1350	0.1350	9.93027066e+08
0.0350	0.1350	0.1450	1.56874286e+09
0.0350	0.1450	0.1450	1.04719350e+09
0.0450	0.0450	0.0450	2.24188080e+09
0.0450	0.0450	0.0550	3.30048796e+09
0.0450	0.0450	0.0650	2.69556732e+09
0.0450	0.0450	0.0750	3.21037187e+09
0.0450	0.0450	0.0850	5.51613575e+09
0.0450	0.0450	0.0950	4.01710290e+09
0.0450	0.0550	0.0550	2.18111647e+09
0.0450	0.0550	0.0650	2.63778134e+09
0.0450	0.0550	0.0750	2.46872407e+09
0.0450	0.0550	0.0850	1.93112360e+09
0.0450	0.0550	0.0950	3.64868631e+09
0.0450	0.0550	0.1050	3.26671818e+09
0.0450	0.0650	0.0650	3.71782309e+09
0.0450	0.0650	0.0750	2.83776350e+09
0.0450	0.0650	0.0850	2.85682656e+09
0.0450	0.0650	0.0950	2.61169988e+09
0.0450	0.0650	0.1050	2.96622295e+09
0.0450	0.0650	0.1150	3.86447379e+09
0.0450	0.0750	0.0750	2.99261336e+09
0.0450	0.0750	0.0850	2.16754585e+09
0.0450	0.0750	0.0950	2.00274385e+09
0.0450	0.0750	0.1050	1.67126699e+09
0.0450	0.0750	0.1150	2.79507505e+09
0.0450	0.0750	0.1250	3.66285808e+09
0.0450	0.0850	0.0850	2.52587092e+09
0.0450	0.0850	0.0950	1.67000858e+09
0.0450	0.0850	0.1050	1.83709528e+09
0.0450	0.0850	0.1150	2.12135219e+09
0.0450	0.0850	0.1250	2.24267779e+09
0.0450	0.0850	0.1350	2.45440975e+09
0.0450	0.0950	0.0950	1.23317262e+09
0.0450	0.0950	0.1050	1.67625253e+09
0.0450	0.0950	0.1150	1.48314291e+09
0.0450	0.0950	0.1250	1.70958620e+09
0.0450	0.0950	0.1350	2.17851714e+09
0.0450	0.0950	0.1450	1.39074770e+09
0.0450	0.1050	0.1050	1.25687507e+09
0.0450	0.1050	0.1150	1.28184188e+09
0.0450	0.1050	0.1250	1.39504809e+09
0.0450	0.1050	0.1350	1.30100858e+09
0.0450	0.1050	0.1450	1.75753103e+09
0.0450	0.1150	0.1150	1.64112521e+09
0.0450	0.1150	0.1250	1.23258011e+09
0.0450	0.1150	0.1350	1.36224007e+09
0.0450	0.1150	0.1450	1.38924771e+09
0.0450	0.1250	0.1250	1.12765485e+09
0.0450	0.1250	0.1350	9.41308946e+08
0.0450	0.1250	0.1450	1.10505616e+09
0.0450	0.1350	0.1350	9.74832726e+08
0.0450	0.1350	0.1450	1.10006564e+09
0.0450	0.1450	0.1450	7.69511869e+08
0.0550	0.0550	0.0550	-9.83579522e+08
0.0550	0.0550	0.0650	2.12110604e+09
0.0550	0.0550	0.0750	1.66441746e+09
0.0550	0.0550	0.0850	1.80316929e+09
0.0550	0.0550	0.0950	2.87658674e+09
0.0550	0.0550	0.1050	2.90972103e+09
0.0550	0.0550	0.1150	2.07300449e+09
0.0550	0.0650	0.0650	2.40280637e+09
0.0550	0.0650	0.0750	2.13895109e+09
0.0550	0.0650	0.0850	1.66148375e+09
0.0550	0.0650	0.0950	2.40198088e+09
0.0550	0.0650	0.1050	2.26094019e+09
0.0550	0.0650	0.1150	1.83391241e+09
0.0550	0.0650	0.1250	2.64417293e+09
0.0550	0.0750	0.0750	7.28627223e+08
0.0550	0.0750	0.0850	1.89313814e+09
0.0550	0.0750	0.0950	1.47175862e+09
0.0550	0.0750	0.1050	1.55854289e+09
0.0550	0.0750	0.1150	1.86823709e+09
0.0550	0.0750	0.1250	1.92462987e+09
0.0550	0.0750	0.1350	1.39812541e+09
0.0550	0.0850	0.0850	1.21728014e+09
0.0550	0.0850	0.0950	1.12260719e+09
0.0550	0.0850	0.1050	1.38506618e+09
0.0550	0.0850	0.1150	1.39865694e+09
0.0550	0.0850	0.1250	1.66668406e+09
0.0550	0.0850	0.1350	1.67465539e+09
0.0550	0.0850	0.1450	1.80790058e+09
0.0550	0.0950	0.0950	1.10896342e+09
0.0550	0.0950	0.1050	9.26980735e+08
0.0550	0.0950	0.1150	1.14086947e+09
0.0550	0.0950	0.1250	1.03539760e+09
0.0550	0.0950	0.1350	1.34390344e+09
0.0550	0.0950	0.1450	1.58675047e+09
0.0550	0.1050	0.1050	8.57050542e+08
0.0550	0.1050	0.1150	8.94842100e+08
0.0550	0.1050	0.1250	9.61123261e+08
0.0550	0.1050	0.1350	1.28030344e+09
0.0550	0.1050	0.1450	1.02717923e+09
0.0550	0.1150	0.1150	6.59797499e+08
0.0550	0.1150	0.1250	7.56760025e+08
0.0550	0.1150	0.1350	8.36171035e+08
0.0550	0.1150	0.1450	1.25669695e+09
0.0550	0.1250	0.1250	8.23604252e+08
0.0550	0.1250	0.1350	8.60076232e+08
0.0550	0.1250	0.1450	5.88150211e+08
0.0550	0.1350	0.1350	6.79839781e+08
0.0550	0.1350	0.1450	6.78962003e+08
0.0550	0.1450	0.1450	7.24652597e+08
0.0650	0.0650	0.0650	3.34327639e+09
0.0650	0.0650	0.0750	1.99246301e+09
0.0650	0.0650	0.0850	1.10239581e+09
0.0650	0.0650	0.0950	1.08953225e+09
0.0650	0.0650	0.1050	1.59158608e+09
0.0650	0.0650	0.1150	2.33076223e+09
0.0650	0.0650	0.1250	2.08190417e+09
0.0650	0.0650	0.1350	2.32637555e+09
0.0650	0.0750	0.0750	1.29846426e+09
0.0650	0.0750	0.0850	1.41543476e+09
0.0650	0.0750	0.0950	1.75912992e+09
0.0650	0.0750	0.1050	1.32767857e+09
0.0650	0.0750	0.1150	1.83070410e+09
0.0650	0.0750	0.1250	1.57374531e+09
0.0650	0.0750	0.1350	1.76982045e+09
0.0650	0.0750	0.1450	1.90511744e+09
0.0650	0.0850	0.0850	1.25536262e+09
0.0650	0.0850	0.0950	1.44721856e+09
0.0650	0.0850	0.1050	1.23480665e+09
0.0650	0.0850	0.1150	9.32913339e+08
0.0650	0.0850	0.1250	1.25550271e+09
0.0650	0.0850	0.1350	1.61528100e+09
0.0650	0.0850	0.1450	1.60963593e+09
0.0650	0.0950	0.0950	1.06607993e+09
0.0650	0.0950	0.1050	9.64509890e+08
0.0650	0.0950	0.1150	9.01837244e+08
0.0650	0.0950	0.1250	1.20306120e+09
0.0650	0.0950	0.1350	1.08757793e+09
0.0650	0.0950	0.1450	1.48204466e+09
0.0650	0.1050	0.1050	1.12044116e+09
0.0650	0.1050	0.1150	1.05670604e+09
0.0650	0.1050	0.1250	9.80058232e+08
0.0650	0.1050	0.1350	7.19037647e+08
0.0650	0.1050	0.1450	9.38961342e+08
0.0650	0.1150	0.1150	1.02079056e+09
0.0650	0.1150	0.1250	7.66164631e+08
0.0650	0.1150	0.1350	6.63844704e+08
0.0650	0.1150	0.1450	9.64337634e+08
0.0650	0.1250	0.1250	5.62709721e+08
0.0650	0.1250	0.1350	7.03458334e+08
0.0650	0.1250	0.1450	6.47239255e+08
0.0650	0.1350	0.1350	9.78796203e+08
0.0650	0.1350	0.1450	8.05589679e+08
0.0650	0.1450	0.1450	5.09575131e+08
0.0750	0.0750	0.0750	1.00819050e+09
0.0750	0.0750	0.0850	1.48896722e+09
0.0750	0.0750	0.0950	9.42980438e+08
0.0750	0.0750	0.1050	1.56321088e+09
0.0750	0.0750	0.1150	1.50217329e+09
0.0750	0.0750	0.1250	1.43439352e+09
0.0750	0.0750	0.1350	1.21982299e+09
0.0750	0.0750	0.1450	1.75261854e+09
0.0750	0.0850	0.0850	6.93924733e+08
0.0750	0.0850	0.0950	1.04180401e+09
0.0750	0.0850	0.1050	9.94889997e+08
0.0750	0.0850	0.1150	1.17475469e+09
0.0750	0.0850	0.1250	9.30691032e+08
0.0750	0.0850	0.1350	1.19365792e+09
0.0750	0.0850	0.1450	1.46061411e+09
0.0750	0.0950	0.0950	9.80038609e+08
0.0750	0.0950	0.1050	9.14025543e+08
0.0750	0.0950	0.1150	1.00554394e+09
0.0750	0.0950	0.1250	8.48551106e+08
0.0750	0.0950	0.1350	9.65221398e+08
0.0750	0.0950	0.1450	1.18575361e+09
0.0750	0.1050	0.1050	7.49526633e+08
0.0750	0.1050	0.1150	5.24382198e+08
0.0750	0.1050	0.1250	1.04586277e+09
0.0750	0.1050	0.1350	5.98293561e+08
0.0750	0.1050	0.1450	8.81175951e+08
0.0750	0.1150	0.1150	7.78905992e+08
0.0750	0.1150	0.1250	7.96896946e+08
0.0750	0.1150	0.1350	8.01294500e+08
0.0750	0.1150	0.1450	8.02795358e+08
0.0750	0.1250	0.1250	7.31651042e+08
0.0750	0.1250	0.1350	5.11091468e+08
0.0750	0.1250	0.1450	6.50789772e+08
0.0750	0.1350	0.1350	5.34712259e+08
0.0750	0.1350	0.1450	6.40337778e+08
0.0750	0.1450	0.1450	4.49531641e+08
0.0850	0.0850	0.0850	7.25252591e+08
0.0850	0.0850	0.0950	1.03626539e+09
0.0850	0.0850	0.1050	5.31149132e+08
0.0850	0.0850	0.1150	9.60870531e+08
0.0850	0.0850	0.1250	9.05190564e+08
0.0850	0.0850	0.1350	7.62884476e+08
0.0850	0.0850	0.1450	1.23612892e+09
0.0850	0.0950	0.0950	5.75175203e+08
0.0850	0.0950	0.1050	9.08277171e+08
0.0850	0.0950	0.1150	7.61143527e+08
0.0850	0.0950	0.1250	6.47006917e+08
0.0850	0.0950	0.1350	9.25721468e+08
0.0850	0.0950	0.1450	9.55226441e+08
0.0850	0.1050	0.1050	7.88947557e+08
0.0850	0.1050	0.1150	5.33387953e+08
0.0850	0.1050	0.1250	7.01818410e+08
0.0850	0.1050	0.1350	7.19251669e+08
0.0850	0.1050	0.1450	6.86446498e+08
0.0850	0.1150	0.1150	7.80202294e+08
0.0850	0.1150	0.1250	6.13161334e+08
0.0850	0.1150	0.1350	7.60056154e+08
0.0850	0.1150	0.1450	5.98306816e+08
0.0850	0.1250	0.1250	4.08848048e+08
0.0850	0.1250	0.1350	6.38482050e+08
0.0850	0.1250	0.1450	6.47469590e+08
0.0850	0.1350	0.1350	5.43085436e+08
0.0850	0.1350	0.1450	5.75491094e+08
0.0850	0.1450	0.1450	4.39367859e+08
0.0950	0.0950	0.0950	8.11914091e+08
0.0950	0.0950	0.1050	6.32902378e+08
0.0950	0.0950	0.1150	4.88617727e+08
0.0950	0.0950	0.1250	7.03728421e+08
0.0950	0.0950	0.1350	7.72950865e+08
0.0950	0.0950	0.1450	5.24936307e+08
0.0950	0.1050	0.1050	7.31083924e+08
0.0950	0.1050	0.1150	6.04650035e+08
0.0950	0.1050	0.1250	7.99094488e+08
0.0950	0.1050	0.1350	5.48730706e+08
0.0950	0.1050	0.1450	4.97489169e+08
0.0950	0.1150	0.1150	4.34231912e+08
0.0950	0.1150	0.1250	5.07918911e+08
0.0950	0.1150	0.1350	5.41395259e+08
0.0950	0.1150	0.1450	4.69720767e+08
0.0950	0.1250	0.1250	4.19669567e+08
0.0950	0.1250	0.1350	5.00277609e+08
0.0950	0.1250	0.1450	5.06047939e+08
0.0950	0.1350	0.1350	4.57832133e+08
0.0950	0.1350	0.1450	4.77637796e+08
0.0950	0.1450	0.1450	4.37507947e+08
0.1050	0.1050	0.1050	4.43928579e+08
0.1050	0.1050	0.1150	5.23198927e+08
0.1050	0.1050	0.1250	5.06774006e+08
0.1050	0.1050	0.1350	4.29361890e+08
0.1050	0.1050	0.1450	5.36334905e+08
0.1050	0.1150	0.1150	3.81743661e+08
0.1050	0.1150	0.1250	5.11684818e+08
0.1050	0.1150	0.1350	4.95023140e+08
0.1050	0.1150	0.1450	3.57565057e+08
0.1050	0.1250	0.1250	3.50430793e+08
0.1050	0.1250	0.1350	4.43983448e+08
0.1050	0.1250	0.1450	4.47556664e+08
0.1050	0.1350	0.1350	4.84032805e+08
0.1050	0.1350	0.1450	3.83868153e+08
0.1050	0.1450	0.1450	3.40735876e+08
0.1150	0.1150	0.1150	5.51794788e+08
0.1150	0.1150	0.1250	4.96620942e+08
0.1150	0.1150	0.1350	3.87505662e+08
0.1150	0.1150	0.1450	5.16154346e+08
0.1150	0.1250	0.1250	4.68726261e+08
0.1150	0.1250	0.1350	5.60782834e+08
0.1150	0.1250	0.1450	4.41321991e+08
0.1150	0.1350	0.1350	4.05091814e+08
0.1150	0.1350	0.1450	3.40154379e+08
0.1150	0.1450	0.1450	4.42984957e+08
0.1250	0.1250	0.1250	3.94785906e+08
0.1250	0.1250	0.1350	1.99531112e+08
0.1250	0.1250	0.1450	2.61490543e+08
0.1250	0.1350	0.1350	4.17887431e+08
0.1250	0.1350	0.1450	4.37350648e+08
0.1250	0.1450	0.1450	3.24132725e+08
0.1350	0.1350	0.1350	3.74496162e+08
0.1350	0.1350	0.1450	3.54518180e+08
0.1350	0.1450	0.1450	2.97120178e+08
0.1450	0.1450	0.1450	2.45818693e+08
