####### Bispectrum of patchy_s1_ Simulation 1478 #############
# Weights: FKP
# Fiducial Omega_m: 0.310
# Fiducial h: 0.676
# Boxsize: [1000.0, 1900.0, 1100.0]
# Grid: [95, 250, 140]
# k-binning: [0.000, 0.110, 0.010]
# l-max: 4
# Monte Carlo Simulations: 100
#
# Format: k1 | k2 | k3 | B(k1,k2,k3) | B2(k1,k2,k3) | B4(k1,k2,k3)
############################################
0.0150	0.0150	0.0150	-4.78898534e+10	-6.17452559e+10	-5.58402891e+10
0.0150	0.0150	0.0250	7.85457701e+10	9.99562694e+10	6.70460692e+10
0.0150	0.0250	0.0250	-2.38532914e+10	4.18565467e+10	1.01899432e+10
0.0150	0.0250	0.0350	1.15955040e+10	-3.93608456e+10	4.34636009e+10
0.0150	0.0350	0.0350	-1.86930677e+10	-2.40669488e+10	1.15788466e+10
0.0150	0.0350	0.0450	-4.20684757e+09	-1.45934868e+10	-2.07964314e+10
0.0150	0.0450	0.0450	8.03687336e+09	-1.98448294e+10	2.19679823e+10
0.0150	0.0450	0.0550	7.05063804e+09	-2.56358215e+09	1.40391318e+10
0.0150	0.0550	0.0550	-1.86741416e+07	-7.95549755e+09	1.12802592e+10
0.0150	0.0550	0.0650	1.35509532e+10	1.60821304e+10	1.29681967e+10
0.0150	0.0650	0.0650	6.32002068e+09	9.77697105e+09	-9.72065498e+08
0.0150	0.0650	0.0750	5.05965524e+09	-4.59322671e+09	-7.82828454e+09
0.0150	0.0750	0.0750	4.14200413e+09	2.48497519e+09	1.00829405e+10
0.0250	0.0250	0.0250	8.87235753e+09	4.98643397e+10	3.77908873e+09
0.0250	0.0250	0.0350	-3.03651607e+09	4.67794411e+10	5.85266010e+10
0.0250	0.0250	0.0450	8.95410894e+09	5.49224499e+10	6.65456584e+10
0.0250	0.0350	0.0350	1.25586721e+10	-9.18628207e+08	-5.57070302e+09
0.0250	0.0350	0.0450	1.19434146e+10	1.31880862e+10	1.99738737e+10
0.0250	0.0350	0.0550	2.42643691e+09	1.44079318e+10	1.91158241e+10
0.0250	0.0450	0.0450	1.01642682e+10	7.75674208e+09	2.36223917e+09
0.0250	0.0450	0.0550	2.15117361e+09	3.53939212e+09	-1.90778439e+10
0.0250	0.0450	0.0650	1.11281962e+10	7.90910675e+09	9.72399055e+08
0.0250	0.0550	0.0550	1.81218414e+09	-1.17021967e+10	2.95426735e+09
0.0250	0.0550	0.0650	7.39372986e+09	2.62447582e+09	-1.12441162e+09
0.0250	0.0550	0.0750	6.22389820e+09	7.27387469e+09	5.13141050e+09
0.0250	0.0650	0.0650	1.08599622e+09	4.66770672e+09	5.08281543e+09
0.0250	0.0650	0.0750	2.40538412e+09	-2.11461363e+08	-1.06798018e+09
0.0250	0.0750	0.0750	4.47010815e+09	8.58706389e+08	2.63219053e+08
0.0350	0.0350	0.0350	-5.65584168e+09	5.56870871e+07	4.36958185e+09
0.0350	0.0350	0.0450	-6.09950455e+08	5.87572992e+09	-1.20799667e+10
0.0350	0.0350	0.0550	-4.64466053e+08	-3.46777631e+08	2.31183195e+10
0.0350	0.0350	0.0650	6.80329092e+09	-6.76810490e+09	1.49550892e+09
0.0350	0.0450	0.0450	2.55501361e+09	-1.03516511e+10	-1.75472664e+09
0.0350	0.0450	0.0550	-3.73842383e+09	-2.40228196e+09	7.01298153e+09
0.0350	0.0450	0.0650	4.83789666e+09	3.66221867e+09	1.44904359e+09
0.0350	0.0450	0.0750	4.62568175e+09	2.68346431e+09	2.64921133e+09
0.0350	0.0550	0.0550	6.24796981e+09	8.27179846e+09	-1.80206068e+07
0.0350	0.0550	0.0650	2.47048118e+09	-1.58166297e+09	8.69222540e+08
0.0350	0.0550	0.0750	1.27319023e+09	7.69332246e+08	5.07507831e+09
0.0350	0.0650	0.0650	1.66135948e+09	4.58854368e+09	-5.54994369e+05
0.0350	0.0650	0.0750	3.63901598e+09	-4.03472407e+09	-2.78357713e+09
0.0350	0.0750	0.0750	1.60426667e+09	3.53337779e+09	3.35973883e+09
0.0450	0.0450	0.0450	7.20439503e+09	7.37581734e+09	-3.10747774e+09
0.0450	0.0450	0.0550	5.91266428e+09	3.91045849e+09	7.92256134e+09
0.0450	0.0450	0.0650	6.67077719e+09	8.89196439e+09	9.53852465e+09
0.0450	0.0450	0.0750	2.88411891e+09	-3.81303763e+09	-1.02863307e+09
0.0450	0.0550	0.0550	2.61996165e+07	-9.82327751e+08	2.19677838e+07
0.0450	0.0550	0.0650	4.36485643e+09	2.16301951e+08	-1.31137984e+09
0.0450	0.0550	0.0750	1.42128559e+09	-3.00693987e+09	-9.51866021e+06
0.0450	0.0650	0.0650	3.55087981e+09	3.34895997e+09	3.98482716e+09
0.0450	0.0650	0.0750	2.44864537e+09	2.93686784e+09	-3.33005129e+09
0.0450	0.0750	0.0750	2.52558008e+09	-3.73699350e+08	3.25042155e+09
0.0550	0.0550	0.0550	5.33295938e+09	1.48605580e+09	-1.21633647e+09
0.0550	0.0550	0.0650	7.86099389e+08	1.53317562e+09	-2.01629815e+09
0.0550	0.0550	0.0750	1.06107310e+09	2.18962524e+09	-1.93887418e+08
0.0550	0.0650	0.0650	3.71540401e+09	2.74151105e+09	-1.70847126e+09
0.0550	0.0650	0.0750	1.35445550e+09	3.08725112e+08	2.79835749e+09
0.0550	0.0750	0.0750	5.54951886e+08	-1.89490770e+09	-1.51263063e+09
0.0650	0.0650	0.0650	3.54591973e+09	-7.33699453e+07	1.09743358e+09
0.0650	0.0650	0.0750	1.90358888e+09	-1.87654257e+09	4.31439942e+09
0.0650	0.0750	0.0750	4.65734537e+08	1.80749721e+09	1.28136718e+09
0.0750	0.0750	0.0750	-6.14810906e+08	-5.72812916e+08	-3.60424116e+08
