####### Bispectrum of patchy_s1_ Simulation 1019 #############
# Weights: FKP
# Fiducial Omega_m: 0.310
# Fiducial h: 0.676
# Boxsize: [1000.0, 1900.0, 1100.0]
# Grid: [95, 250, 140]
# k-binning: [0.000, 0.110, 0.010]
# l-max: 4
# Monte Carlo Simulations: 100
#
# Format: k1 | k2 | k3 | B(k1,k2,k3) | B2(k1,k2,k3) | B4(k1,k2,k3)
############################################
0.0150	0.0150	0.0150	1.87956895e+10	7.86117519e+09	-4.61881712e+09
0.0150	0.0150	0.0250	5.37358404e+09	-3.03823569e+10	9.01876256e+10
0.0150	0.0250	0.0250	-5.31698791e+09	-4.39143492e+10	-4.81752052e+10
0.0150	0.0250	0.0350	1.27315735e+10	1.59489558e+10	-4.77458515e+10
0.0150	0.0350	0.0350	9.19292175e+09	-2.99196642e+10	2.55810600e+10
0.0150	0.0350	0.0450	3.51797958e+09	-9.04911645e+09	3.76145417e+10
0.0150	0.0450	0.0450	6.23279851e+09	7.03804799e+09	2.24127562e+10
0.0150	0.0450	0.0550	9.92567378e+09	1.13289850e+10	-7.11880901e+09
0.0150	0.0550	0.0550	2.42324397e+09	1.18378485e+10	-2.15244537e+09
0.0150	0.0550	0.0650	3.71592681e+09	5.29720932e+08	-1.42965102e+09
0.0150	0.0650	0.0650	9.39215592e+07	3.37109871e+09	6.69126090e+09
0.0150	0.0650	0.0750	3.60868973e+09	-2.70237364e+09	2.27817768e+09
0.0150	0.0750	0.0750	5.39424348e+09	1.07782270e+10	-5.95621234e+09
0.0250	0.0250	0.0250	9.03611743e+09	1.93092299e+10	2.04859885e+10
0.0250	0.0250	0.0350	1.42317898e+10	-8.32241326e+09	3.00366062e+10
0.0250	0.0250	0.0450	1.44627441e+10	-1.85854341e+10	-5.55306343e+10
0.0250	0.0350	0.0350	8.18382751e+09	-1.06018184e+10	-9.25555069e+09
0.0250	0.0350	0.0450	-2.14866313e+09	-3.97734915e+09	9.25039128e+09
0.0250	0.0350	0.0550	1.27643763e+10	1.61838960e+10	4.29866306e+09
0.0250	0.0450	0.0450	5.10141657e+09	1.91673291e+10	-6.78883498e+09
0.0250	0.0450	0.0550	7.59385004e+09	-3.00266873e+09	4.57652340e+09
0.0250	0.0450	0.0650	6.75830854e+09	1.56095057e+10	5.88552687e+09
0.0250	0.0550	0.0550	6.89746292e+09	-1.29748486e+10	-9.92017016e+09
0.0250	0.0550	0.0650	5.92271757e+09	1.48147376e+10	2.14281933e+10
0.0250	0.0550	0.0750	3.34078059e+09	2.40868935e+09	-1.20781415e+10
0.0250	0.0650	0.0650	3.00754025e+08	-9.56228229e+09	-8.99112515e+08
0.0250	0.0650	0.0750	6.03840707e+08	-3.90155648e+09	-1.46135365e+09
0.0250	0.0750	0.0750	9.22434903e+08	3.18337059e+07	4.11519790e+09
0.0350	0.0350	0.0350	-8.99269743e+09	6.55526461e+09	8.71168567e+09
0.0350	0.0350	0.0450	9.34194210e+09	-1.57510487e+09	-1.67666067e+10
0.0350	0.0350	0.0550	8.13487116e+09	-2.23728708e+09	5.07376712e+09
0.0350	0.0350	0.0650	6.84011916e+09	6.38139217e+09	-1.15984265e+10
0.0350	0.0450	0.0450	6.15593120e+09	2.13000746e+09	1.40763216e+10
0.0350	0.0450	0.0550	3.29846975e+09	-4.94161078e+09	-6.73892411e+09
0.0350	0.0450	0.0650	3.77631069e+09	3.43698422e+09	-7.06052934e+09
0.0350	0.0450	0.0750	5.57494464e+09	-1.36445740e+09	4.74028867e+09
0.0350	0.0550	0.0550	5.41899139e+09	-1.33341545e+09	1.20434073e+09
0.0350	0.0550	0.0650	1.05571167e+09	-3.42816510e+09	-3.41495045e+09
0.0350	0.0550	0.0750	3.88143195e+09	1.77553764e+09	5.52793335e+08
0.0350	0.0650	0.0650	2.80841536e+09	3.82811444e+09	4.09729016e+09
0.0350	0.0650	0.0750	3.53979915e+09	2.71989299e+09	1.23042696e+09
0.0350	0.0750	0.0750	2.85047695e+09	1.79159157e+09	-2.18089427e+09
0.0450	0.0450	0.0450	-1.56731492e+09	2.90064743e+08	4.62858411e+09
0.0450	0.0450	0.0550	2.61687945e+09	1.69054941e+09	-1.44390274e+10
0.0450	0.0450	0.0650	3.30487159e+09	3.98781877e+09	1.76048907e+10
0.0450	0.0450	0.0750	4.10754449e+09	5.74404186e+09	-8.12433515e+09
0.0450	0.0550	0.0550	2.09206539e+09	1.20988727e+09	8.35323412e+08
0.0450	0.0550	0.0650	1.87324122e+09	-6.45566172e+08	-4.52002685e+09
0.0450	0.0550	0.0750	4.88944945e+09	6.32235438e+08	-5.47529759e+09
0.0450	0.0650	0.0650	2.20284635e+09	1.26761973e+09	2.39946255e+09
0.0450	0.0650	0.0750	8.80642760e+08	1.73456358e+09	5.74600139e+08
0.0450	0.0750	0.0750	1.86421130e+09	-1.47537204e+09	-2.15588706e+08
0.0550	0.0550	0.0550	2.64314730e+09	-1.15058740e+08	6.69619966e+08
0.0550	0.0550	0.0650	8.71266889e+08	-5.78487786e+08	-8.96862880e+09
0.0550	0.0550	0.0750	1.21080883e+09	1.95634191e+09	-3.24209860e+09
0.0550	0.0650	0.0650	2.06410819e+09	-1.55416316e+09	-2.23907053e+09
0.0550	0.0650	0.0750	1.28590419e+09	7.04362009e+08	2.35017816e+09
0.0550	0.0750	0.0750	3.26511914e+09	3.05826528e+08	-2.03647608e+09
0.0650	0.0650	0.0650	9.23804492e+08	-1.16801017e+09	-1.42286934e+09
0.0650	0.0650	0.0750	1.41608220e+09	-2.55821478e+08	2.98078734e+09
0.0650	0.0750	0.0750	1.46855232e+09	1.24897803e+09	1.34286796e+09
0.0750	0.0750	0.0750	5.99235687e+08	-1.61036262e+09	-2.57402149e+08
