####### Bispectrum of Patchy Simulation 1489 #############
# Patch: ngc
# z-type: z3
# Weights: fkp
# Fiducial Omega_m: 0.310
# Fiducial h: 0.676
# Boxsize: [1800.0, 3400.0, 1900.0]
# Grid: [170, 325, 180]
# k-binning: [0.000, 0.160, 0.010]
# Monte Carlo Simulations: 100
#
# Format: k1 | k2 | k3 | B(k1,k2,k3)
############################################
0.0150	0.0150	0.0150	-1.98933962e+10
0.0150	0.0150	0.0250	2.01562537e+10
0.0150	0.0150	0.0350	-2.06675664e+10
0.0150	0.0250	0.0250	8.56240020e+09
0.0150	0.0250	0.0350	7.63241878e+09
0.0150	0.0250	0.0450	3.23829750e+10
0.0150	0.0350	0.0350	3.18031013e+08
0.0150	0.0350	0.0450	8.62088567e+09
0.0150	0.0350	0.0550	-3.42913428e+09
0.0150	0.0450	0.0450	5.80669752e+09
0.0150	0.0450	0.0550	2.56125076e+09
0.0150	0.0450	0.0650	3.12600393e+09
0.0150	0.0550	0.0550	4.37005213e+09
0.0150	0.0550	0.0650	6.62838879e+09
0.0150	0.0550	0.0750	3.32751668e+09
0.0150	0.0650	0.0650	3.08949858e+09
0.0150	0.0650	0.0750	2.60776369e+09
0.0150	0.0650	0.0850	5.50880117e+09
0.0150	0.0750	0.0750	3.16567783e+07
0.0150	0.0750	0.0850	3.75027074e+09
0.0150	0.0750	0.0950	6.08163807e+09
0.0150	0.0850	0.0850	2.04544786e+09
0.0150	0.0850	0.0950	2.82302203e+09
0.0150	0.0850	0.1050	-9.97236193e+08
0.0150	0.0950	0.0950	3.87676547e+08
0.0150	0.0950	0.1050	2.98615919e+09
0.0150	0.0950	0.1150	3.33846343e+09
0.0150	0.1050	0.1050	1.52938383e+09
0.0150	0.1050	0.1150	2.07594900e+09
0.0150	0.1050	0.1250	2.68762859e+09
0.0150	0.1150	0.1150	1.18452943e+09
0.0150	0.1150	0.1250	2.44841175e+09
0.0150	0.1150	0.1350	2.41022018e+09
0.0150	0.1250	0.1250	1.51170819e+09
0.0150	0.1250	0.1350	1.76659254e+09
0.0150	0.1250	0.1450	1.52411233e+09
0.0150	0.1350	0.1350	2.11658544e+09
0.0150	0.1350	0.1450	1.99874434e+09
0.0150	0.1450	0.1450	1.36923342e+09
0.0250	0.0250	0.0250	8.95251533e+09
0.0250	0.0250	0.0350	1.76449343e+10
0.0250	0.0250	0.0450	5.04009287e+09
0.0250	0.0250	0.0550	5.11503209e+09
0.0250	0.0350	0.0350	7.32509245e+08
0.0250	0.0350	0.0450	5.37741907e+09
0.0250	0.0350	0.0550	7.64201412e+09
0.0250	0.0350	0.0650	1.25023188e+10
0.0250	0.0450	0.0450	9.13422208e+09
0.0250	0.0450	0.0550	3.25552029e+09
0.0250	0.0450	0.0650	3.88347398e+09
0.0250	0.0450	0.0750	6.39556477e+09
0.0250	0.0550	0.0550	4.66872284e+09
0.0250	0.0550	0.0650	3.77476588e+09
0.0250	0.0550	0.0750	4.73059436e+09
0.0250	0.0550	0.0850	2.57553279e+09
0.0250	0.0650	0.0650	4.02339908e+09
0.0250	0.0650	0.0750	2.77016114e+09
0.0250	0.0650	0.0850	3.19484695e+09
0.0250	0.0650	0.0950	6.99440841e+09
0.0250	0.0750	0.0750	2.11890457e+09
0.0250	0.0750	0.0850	3.71580607e+09
0.0250	0.0750	0.0950	3.60712300e+09
0.0250	0.0750	0.1050	2.69615377e+09
0.0250	0.0850	0.0850	2.84817793e+09
0.0250	0.0850	0.0950	2.45338614e+09
0.0250	0.0850	0.1050	3.81638213e+09
0.0250	0.0850	0.1150	3.65832102e+09
0.0250	0.0950	0.0950	2.67722705e+09
0.0250	0.0950	0.1050	2.11974076e+09
0.0250	0.0950	0.1150	2.61811889e+09
0.0250	0.0950	0.1250	2.48262832e+09
0.0250	0.1050	0.1050	1.80433905e+09
0.0250	0.1050	0.1150	1.64007484e+09
0.0250	0.1050	0.1250	2.34289022e+09
0.0250	0.1050	0.1350	2.96492555e+09
0.0250	0.1150	0.1150	1.72758780e+09
0.0250	0.1150	0.1250	1.42195983e+09
0.0250	0.1150	0.1350	1.87340258e+09
0.0250	0.1150	0.1450	3.88826206e+09
0.0250	0.1250	0.1250	2.15078380e+09
0.0250	0.1250	0.1350	2.03720427e+09
0.0250	0.1250	0.1450	1.94432412e+09
0.0250	0.1350	0.1350	1.12815177e+09
0.0250	0.1350	0.1450	1.37696077e+09
0.0250	0.1450	0.1450	1.28043286e+09
0.0350	0.0350	0.0350	-2.38034575e+09
0.0350	0.0350	0.0450	5.98470124e+09
0.0350	0.0350	0.0550	2.30378234e+09
0.0350	0.0350	0.0650	2.64439395e+09
0.0350	0.0350	0.0750	5.66371333e+09
0.0350	0.0450	0.0450	9.73606372e+07
0.0350	0.0450	0.0550	3.73466475e+09
0.0350	0.0450	0.0650	4.50921940e+09
0.0350	0.0450	0.0750	4.81717678e+09
0.0350	0.0450	0.0850	6.58949717e+09
0.0350	0.0550	0.0550	2.67937281e+08
0.0350	0.0550	0.0650	3.65743972e+09
0.0350	0.0550	0.0750	2.68876384e+09
0.0350	0.0550	0.0850	1.89468683e+09
0.0350	0.0550	0.0950	5.21527817e+09
0.0350	0.0650	0.0650	2.48341439e+09
0.0350	0.0650	0.0750	2.12449344e+09
0.0350	0.0650	0.0850	3.23885406e+09
0.0350	0.0650	0.0950	2.07116457e+09
0.0350	0.0650	0.1050	2.30943279e+09
0.0350	0.0750	0.0750	8.46374703e+08
0.0350	0.0750	0.0850	2.21231542e+09
0.0350	0.0750	0.0950	1.94824872e+09
0.0350	0.0750	0.1050	2.82221771e+09
0.0350	0.0750	0.1150	2.83676799e+09
0.0350	0.0850	0.0850	1.20060715e+09
0.0350	0.0850	0.0950	1.84027700e+09
0.0350	0.0850	0.1050	2.49905872e+09
0.0350	0.0850	0.1150	2.41523115e+09
0.0350	0.0850	0.1250	2.05308932e+09
0.0350	0.0950	0.0950	1.95008896e+09
0.0350	0.0950	0.1050	1.43683600e+09
0.0350	0.0950	0.1150	2.00548571e+09
0.0350	0.0950	0.1250	2.31742430e+09
0.0350	0.0950	0.1350	1.87316018e+09
0.0350	0.1050	0.1050	1.33507059e+09
0.0350	0.1050	0.1150	1.54027106e+09
0.0350	0.1050	0.1250	1.63182674e+09
0.0350	0.1050	0.1350	1.64491648e+09
0.0350	0.1050	0.1450	2.47442417e+09
0.0350	0.1150	0.1150	1.49570102e+09
0.0350	0.1150	0.1250	1.39783476e+09
0.0350	0.1150	0.1350	1.79415795e+09
0.0350	0.1150	0.1450	1.60460582e+09
0.0350	0.1250	0.1250	1.05782199e+09
0.0350	0.1250	0.1350	9.22693871e+08
0.0350	0.1250	0.1450	9.90904799e+08
0.0350	0.1350	0.1350	1.31792413e+09
0.0350	0.1350	0.1450	1.32303560e+09
0.0350	0.1450	0.1450	9.84183624e+08
0.0450	0.0450	0.0450	6.42813457e+09
0.0450	0.0450	0.0550	-7.43304179e+07
0.0450	0.0450	0.0650	2.44681832e+09
0.0450	0.0450	0.0750	4.01468662e+09
0.0450	0.0450	0.0850	3.08210635e+09
0.0450	0.0450	0.0950	4.68392085e+09
0.0450	0.0550	0.0550	3.36431106e+09
0.0450	0.0550	0.0650	3.29017333e+09
0.0450	0.0550	0.0750	2.99723931e+09
0.0450	0.0550	0.0850	2.58799047e+09
0.0450	0.0550	0.0950	2.55579994e+09
0.0450	0.0550	0.1050	4.34632109e+09
0.0450	0.0650	0.0650	2.80008555e+09
0.0450	0.0650	0.0750	2.66550135e+09
0.0450	0.0650	0.0850	2.64801502e+09
0.0450	0.0650	0.0950	2.27263109e+09
0.0450	0.0650	0.1050	2.65058990e+09
0.0450	0.0650	0.1150	3.95135737e+09
0.0450	0.0750	0.0750	1.98220487e+09
0.0450	0.0750	0.0850	9.25578366e+08
0.0450	0.0750	0.0950	2.22443686e+09
0.0450	0.0750	0.1050	1.70525997e+09
0.0450	0.0750	0.1150	2.47072122e+09
0.0450	0.0750	0.1250	2.76470580e+09
0.0450	0.0850	0.0850	1.43482797e+09
0.0450	0.0850	0.0950	1.04766488e+09
0.0450	0.0850	0.1050	1.20003709e+09
0.0450	0.0850	0.1150	1.86220047e+09
0.0450	0.0850	0.1250	1.98735615e+09
0.0450	0.0850	0.1350	2.17086024e+09
0.0450	0.0950	0.0950	1.41354225e+09
0.0450	0.0950	0.1050	1.50367736e+09
0.0450	0.0950	0.1150	1.38926788e+09
0.0450	0.0950	0.1250	1.55961442e+09
0.0450	0.0950	0.1350	1.87227509e+09
0.0450	0.0950	0.1450	2.30191087e+09
0.0450	0.1050	0.1050	1.27549546e+09
0.0450	0.1050	0.1150	1.20802466e+09
0.0450	0.1050	0.1250	9.07620545e+08
0.0450	0.1050	0.1350	1.13897379e+09
0.0450	0.1050	0.1450	1.40297701e+09
0.0450	0.1150	0.1150	1.12932542e+09
0.0450	0.1150	0.1250	1.03961304e+09
0.0450	0.1150	0.1350	1.18998977e+09
0.0450	0.1150	0.1450	1.30694467e+09
0.0450	0.1250	0.1250	8.57549909e+08
0.0450	0.1250	0.1350	1.11412492e+09
0.0450	0.1250	0.1450	9.38015826e+08
0.0450	0.1350	0.1350	1.11789837e+09
0.0450	0.1350	0.1450	8.00716568e+08
0.0450	0.1450	0.1450	7.65452956e+08
0.0550	0.0550	0.0550	4.97756664e+09
0.0550	0.0550	0.0650	4.19896289e+08
0.0550	0.0550	0.0750	2.10248095e+09
0.0550	0.0550	0.0850	1.87148939e+09
0.0550	0.0550	0.0950	2.58335625e+09
0.0550	0.0550	0.1050	2.89530555e+09
0.0550	0.0550	0.1150	4.50672345e+09
0.0550	0.0650	0.0650	5.65895351e+08
0.0550	0.0650	0.0750	1.78775748e+09
0.0550	0.0650	0.0850	1.54845904e+09
0.0550	0.0650	0.0950	1.87723326e+09
0.0550	0.0650	0.1050	2.04101418e+09
0.0550	0.0650	0.1150	2.26341724e+09
0.0550	0.0650	0.1250	2.68412005e+09
0.0550	0.0750	0.0750	2.26796852e+09
0.0550	0.0750	0.0850	1.23300734e+09
0.0550	0.0750	0.0950	1.28679270e+09
0.0550	0.0750	0.1050	1.44665964e+09
0.0550	0.0750	0.1150	1.62895072e+09
0.0550	0.0750	0.1250	2.24109150e+09
0.0550	0.0750	0.1350	2.18493220e+09
0.0550	0.0850	0.0850	1.24141237e+09
0.0550	0.0850	0.0950	1.35999644e+09
0.0550	0.0850	0.1050	1.49774651e+09
0.0550	0.0850	0.1150	1.71280226e+09
0.0550	0.0850	0.1250	1.58374312e+09
0.0550	0.0850	0.1350	1.67742776e+09
0.0550	0.0850	0.1450	2.02561110e+09
0.0550	0.0950	0.0950	1.41855686e+09
0.0550	0.0950	0.1050	1.44969284e+09
0.0550	0.0950	0.1150	8.55401682e+08
0.0550	0.0950	0.1250	1.27450654e+09
0.0550	0.0950	0.1350	1.42599263e+09
0.0550	0.0950	0.1450	1.58250268e+09
0.0550	0.1050	0.1050	5.63254932e+08
0.0550	0.1050	0.1150	1.02659178e+09
0.0550	0.1050	0.1250	1.26227335e+09
0.0550	0.1050	0.1350	1.13431250e+09
0.0550	0.1050	0.1450	1.13933796e+09
0.0550	0.1150	0.1150	1.23756917e+09
0.0550	0.1150	0.1250	9.08644278e+08
0.0550	0.1150	0.1350	8.92081084e+08
0.0550	0.1150	0.1450	1.15283491e+09
0.0550	0.1250	0.1250	7.43520002e+08
0.0550	0.1250	0.1350	9.94001568e+08
0.0550	0.1250	0.1450	1.00513724e+09
0.0550	0.1350	0.1350	3.80369754e+08
0.0550	0.1350	0.1450	8.89644106e+08
0.0550	0.1450	0.1450	7.13320739e+08
0.0650	0.0650	0.0650	8.50454879e+08
0.0650	0.0650	0.0750	1.27809725e+09
0.0650	0.0650	0.0850	1.15901349e+09
0.0650	0.0650	0.0950	1.96510682e+09
0.0650	0.0650	0.1050	1.45697035e+09
0.0650	0.0650	0.1150	2.25369745e+09
0.0650	0.0650	0.1250	1.45069880e+09
0.0650	0.0650	0.1350	1.64993387e+09
0.0650	0.0750	0.0750	1.46113201e+09
0.0650	0.0750	0.0850	1.46941719e+09
0.0650	0.0750	0.0950	1.33954620e+09
0.0650	0.0750	0.1050	1.53751714e+09
0.0650	0.0750	0.1150	1.54383065e+09
0.0650	0.0750	0.1250	1.37192567e+09
0.0650	0.0750	0.1350	2.07028995e+09
0.0650	0.0750	0.1450	1.74655966e+09
0.0650	0.0850	0.0850	7.68360435e+08
0.0650	0.0850	0.0950	1.24822137e+09
0.0650	0.0850	0.1050	1.12988824e+09
0.0650	0.0850	0.1150	1.07176980e+09
0.0650	0.0850	0.1250	1.26905157e+09
0.0650	0.0850	0.1350	1.24562592e+09
0.0650	0.0850	0.1450	1.64266915e+09
0.0650	0.0950	0.0950	7.26415312e+08
0.0650	0.0950	0.1050	7.84182412e+08
0.0650	0.0950	0.1150	9.15812879e+08
0.0650	0.0950	0.1250	9.55085397e+08
0.0650	0.0950	0.1350	1.17372285e+09
0.0650	0.0950	0.1450	1.23602424e+09
0.0650	0.1050	0.1050	1.32450496e+09
0.0650	0.1050	0.1150	8.72616239e+08
0.0650	0.1050	0.1250	9.21822089e+08
0.0650	0.1050	0.1350	8.75538660e+08
0.0650	0.1050	0.1450	9.78588822e+08
0.0650	0.1150	0.1150	7.40907652e+08
0.0650	0.1150	0.1250	8.80507271e+08
0.0650	0.1150	0.1350	7.79455737e+08
0.0650	0.1150	0.1450	9.24500657e+08
0.0650	0.1250	0.1250	6.71015553e+08
0.0650	0.1250	0.1350	6.54711846e+08
0.0650	0.1250	0.1450	7.33492443e+08
0.0650	0.1350	0.1350	9.71982958e+08
0.0650	0.1350	0.1450	6.17071563e+08
0.0650	0.1450	0.1450	5.73880342e+08
0.0750	0.0750	0.0750	2.80758046e+09
0.0750	0.0750	0.0850	3.80620271e+08
0.0750	0.0750	0.0950	6.42844081e+08
0.0750	0.0750	0.1050	1.02462901e+09
0.0750	0.0750	0.1150	1.12179227e+09
0.0750	0.0750	0.1250	1.32682462e+09
0.0750	0.0750	0.1350	1.28170309e+09
0.0750	0.0750	0.1450	1.83179126e+09
0.0750	0.0850	0.0850	1.31088730e+09
0.0750	0.0850	0.0950	1.05477687e+09
0.0750	0.0850	0.1050	8.41784018e+08
0.0750	0.0850	0.1150	1.06585345e+09
0.0750	0.0850	0.1250	1.02546830e+09
0.0750	0.0850	0.1350	1.05468452e+09
0.0750	0.0850	0.1450	1.30265324e+09
0.0750	0.0950	0.0950	8.38953235e+08
0.0750	0.0950	0.1050	7.09073435e+08
0.0750	0.0950	0.1150	9.45209224e+08
0.0750	0.0950	0.1250	8.53297865e+08
0.0750	0.0950	0.1350	9.68962482e+08
0.0750	0.0950	0.1450	7.82716530e+08
0.0750	0.1050	0.1050	8.07020594e+08
0.0750	0.1050	0.1150	9.13217622e+08
0.0750	0.1050	0.1250	7.27668785e+08
0.0750	0.1050	0.1350	8.01183083e+08
0.0750	0.1050	0.1450	7.70684035e+08
0.0750	0.1150	0.1150	7.67522910e+08
0.0750	0.1150	0.1250	5.90423439e+08
0.0750	0.1150	0.1350	7.81195301e+08
0.0750	0.1150	0.1450	7.77588817e+08
0.0750	0.1250	0.1250	8.74354325e+08
0.0750	0.1250	0.1350	6.57541186e+08
0.0750	0.1250	0.1450	7.11578773e+08
0.0750	0.1350	0.1350	8.61456865e+08
0.0750	0.1350	0.1450	6.42838775e+08
0.0750	0.1450	0.1450	4.78221843e+08
0.0850	0.0850	0.0850	9.30046996e+08
0.0850	0.0850	0.0950	5.21997103e+08
0.0850	0.0850	0.1050	8.07234774e+08
0.0850	0.0850	0.1150	7.36565298e+08
0.0850	0.0850	0.1250	5.69817937e+08
0.0850	0.0850	0.1350	6.52765209e+08
0.0850	0.0850	0.1450	6.74035646e+08
0.0850	0.0950	0.0950	6.17948976e+08
0.0850	0.0950	0.1050	9.32106871e+08
0.0850	0.0950	0.1150	6.26122072e+08
0.0850	0.0950	0.1250	8.08859977e+08
0.0850	0.0950	0.1350	9.21451938e+08
0.0850	0.0950	0.1450	9.08970724e+08
0.0850	0.1050	0.1050	6.87667084e+08
0.0850	0.1050	0.1150	7.86183381e+08
0.0850	0.1050	0.1250	5.65707904e+08
0.0850	0.1050	0.1350	5.62761695e+08
0.0850	0.1050	0.1450	6.02132587e+08
0.0850	0.1150	0.1150	8.36701962e+08
0.0850	0.1150	0.1250	5.54667914e+08
0.0850	0.1150	0.1350	7.16706186e+08
0.0850	0.1150	0.1450	6.29821573e+08
0.0850	0.1250	0.1250	6.50112308e+08
0.0850	0.1250	0.1350	6.50531038e+08
0.0850	0.1250	0.1450	6.54912439e+08
0.0850	0.1350	0.1350	4.31856060e+08
0.0850	0.1350	0.1450	5.22913835e+08
0.0850	0.1450	0.1450	3.73702570e+08
0.0950	0.0950	0.0950	8.95649488e+08
0.0950	0.0950	0.1050	7.33870525e+08
0.0950	0.0950	0.1150	5.48425987e+08
0.0950	0.0950	0.1250	7.29750603e+08
0.0950	0.0950	0.1350	7.60602247e+08
0.0950	0.0950	0.1450	5.81791589e+08
0.0950	0.1050	0.1050	6.19716854e+08
0.0950	0.1050	0.1150	5.12730945e+08
0.0950	0.1050	0.1250	6.32849767e+08
0.0950	0.1050	0.1350	6.85592598e+08
0.0950	0.1050	0.1450	4.28297121e+08
0.0950	0.1150	0.1150	7.97831997e+08
0.0950	0.1150	0.1250	7.02173995e+08
0.0950	0.1150	0.1350	5.80486030e+08
0.0950	0.1150	0.1450	4.86831494e+08
0.0950	0.1250	0.1250	4.53970669e+08
0.0950	0.1250	0.1350	5.93910924e+08
0.0950	0.1250	0.1450	5.15016930e+08
0.0950	0.1350	0.1350	4.97287174e+08
0.0950	0.1350	0.1450	5.19000487e+08
0.0950	0.1450	0.1450	4.08051397e+08
0.1050	0.1050	0.1050	5.26965133e+08
0.1050	0.1050	0.1150	8.80423309e+08
0.1050	0.1050	0.1250	5.74129501e+08
0.1050	0.1050	0.1350	4.11614997e+08
0.1050	0.1050	0.1450	5.88323147e+08
0.1050	0.1150	0.1150	5.61827505e+08
0.1050	0.1150	0.1250	5.98185140e+08
0.1050	0.1150	0.1350	6.01996940e+08
0.1050	0.1150	0.1450	5.21057162e+08
0.1050	0.1250	0.1250	4.90776275e+08
0.1050	0.1250	0.1350	3.57044908e+08
0.1050	0.1250	0.1450	4.42199882e+08
0.1050	0.1350	0.1350	5.99702653e+08
0.1050	0.1350	0.1450	4.41280055e+08
0.1050	0.1450	0.1450	3.69192849e+08
0.1150	0.1150	0.1150	3.38636017e+08
0.1150	0.1150	0.1250	7.03985558e+08
0.1150	0.1150	0.1350	3.28005246e+08
0.1150	0.1150	0.1450	6.72292067e+08
0.1150	0.1250	0.1250	4.02185828e+08
0.1150	0.1250	0.1350	5.77495852e+08
0.1150	0.1250	0.1450	4.96923925e+08
0.1150	0.1350	0.1350	4.01758426e+08
0.1150	0.1350	0.1450	4.29645410e+08
0.1150	0.1450	0.1450	4.06031789e+08
0.1250	0.1250	0.1250	8.61968518e+08
0.1250	0.1250	0.1350	4.08709724e+08
0.1250	0.1250	0.1450	4.37057179e+08
0.1250	0.1350	0.1350	5.47480075e+08
0.1250	0.1350	0.1450	3.79753573e+08
0.1250	0.1450	0.1450	3.99434850e+08
0.1350	0.1350	0.1350	5.22511412e+08
0.1350	0.1350	0.1450	4.22657064e+08
0.1350	0.1450	0.1450	3.52131999e+08
0.1450	0.1450	0.1450	3.37344110e+08
