####### Bispectrum of Patchy Simulation 32 #############
# Patch: sgc
# z-type: z3
# Weights: fkp
# Fiducial Omega_m: 0.310
# Fiducial h: 0.676
# Boxsize: [1000.0, 2600.0, 1500.0]
# Grid: [95, 250, 140]
# k-binning: [0.000, 0.160, 0.010]
# Monte Carlo Simulations: 100
#
# Format: k1 | k2 | k3 | B(k1,k2,k3)
############################################
0.0150	0.0150	0.0150	-4.75037338e+10
0.0150	0.0150	0.0250	3.61433296e+10
0.0150	0.0150	0.0350	3.16086158e+10
0.0150	0.0250	0.0250	-7.89937088e+09
0.0150	0.0250	0.0350	2.78862056e+10
0.0150	0.0250	0.0450	2.19057700e+09
0.0150	0.0350	0.0350	2.40665145e+10
0.0150	0.0350	0.0450	7.95482735e+09
0.0150	0.0350	0.0550	1.64731324e+10
0.0150	0.0450	0.0450	4.27503544e+09
0.0150	0.0450	0.0550	3.31119723e+09
0.0150	0.0450	0.0650	-3.66912568e+09
0.0150	0.0550	0.0550	3.21931008e+09
0.0150	0.0550	0.0650	1.25768632e+10
0.0150	0.0550	0.0750	1.06929454e+10
0.0150	0.0650	0.0650	2.97139105e+09
0.0150	0.0650	0.0750	8.01580149e+09
0.0150	0.0650	0.0850	7.91881369e+09
0.0150	0.0750	0.0750	2.19934000e+09
0.0150	0.0750	0.0850	7.71003315e+09
0.0150	0.0750	0.0950	1.25553112e+10
0.0150	0.0850	0.0850	7.01218989e+09
0.0150	0.0850	0.0950	4.98856792e+09
0.0150	0.0850	0.1050	6.44209810e+09
0.0150	0.0950	0.0950	2.99357211e+09
0.0150	0.0950	0.1050	5.19219638e+09
0.0150	0.0950	0.1150	4.15759143e+09
0.0150	0.1050	0.1050	1.44040484e+09
0.0150	0.1050	0.1150	5.15400787e+09
0.0150	0.1050	0.1250	2.92593311e+09
0.0150	0.1150	0.1150	5.03790226e+09
0.0150	0.1150	0.1250	2.54861948e+09
0.0150	0.1150	0.1350	1.07259511e+09
0.0150	0.1250	0.1250	1.57407692e+09
0.0150	0.1250	0.1350	3.42826555e+09
0.0150	0.1250	0.1450	4.63443112e+09
0.0150	0.1350	0.1350	2.60533866e+09
0.0150	0.1350	0.1450	2.82524226e+09
0.0150	0.1450	0.1450	2.06361912e+09
0.0250	0.0250	0.0250	1.47356595e+10
0.0250	0.0250	0.0350	9.35585513e+09
0.0250	0.0250	0.0450	-5.67104370e+09
0.0250	0.0250	0.0550	-1.67331999e+10
0.0250	0.0350	0.0350	8.00455979e+09
0.0250	0.0350	0.0450	3.09447162e+09
0.0250	0.0350	0.0550	9.87572844e+09
0.0250	0.0350	0.0650	1.81386935e+10
0.0250	0.0450	0.0450	-6.27310139e+09
0.0250	0.0450	0.0550	1.01776596e+10
0.0250	0.0450	0.0650	5.48980945e+09
0.0250	0.0450	0.0750	9.48319536e+09
0.0250	0.0550	0.0550	-1.98624780e+09
0.0250	0.0550	0.0650	1.61471798e+09
0.0250	0.0550	0.0750	4.41976633e+09
0.0250	0.0550	0.0850	9.27113052e+08
0.0250	0.0650	0.0650	-9.00985905e+08
0.0250	0.0650	0.0750	5.09472423e+09
0.0250	0.0650	0.0850	4.15359756e+09
0.0250	0.0650	0.0950	7.21857076e+09
0.0250	0.0750	0.0750	3.79413163e+09
0.0250	0.0750	0.0850	1.14878410e+09
0.0250	0.0750	0.0950	4.97698124e+09
0.0250	0.0750	0.1050	2.62209555e+09
0.0250	0.0850	0.0850	3.40185687e+09
0.0250	0.0850	0.0950	2.44964354e+07
0.0250	0.0850	0.1050	4.57739927e+09
0.0250	0.0850	0.1150	2.25728899e+09
0.0250	0.0950	0.0950	2.00008856e+09
0.0250	0.0950	0.1050	1.73088897e+09
0.0250	0.0950	0.1150	2.63008108e+09
0.0250	0.0950	0.1250	4.40751799e+09
0.0250	0.1050	0.1050	3.60195561e+08
0.0250	0.1050	0.1150	2.54904662e+09
0.0250	0.1050	0.1250	2.16704750e+09
0.0250	0.1050	0.1350	3.02006647e+09
0.0250	0.1150	0.1150	1.91983669e+09
0.0250	0.1150	0.1250	1.33902746e+09
0.0250	0.1150	0.1350	2.99387989e+09
0.0250	0.1150	0.1450	2.72355449e+09
0.0250	0.1250	0.1250	1.54772487e+09
0.0250	0.1250	0.1350	1.68392084e+09
0.0250	0.1250	0.1450	1.57514851e+09
0.0250	0.1350	0.1350	1.33150439e+09
0.0250	0.1350	0.1450	1.30332571e+09
0.0250	0.1450	0.1450	5.57492173e+08
0.0350	0.0350	0.0350	6.42645914e+09
0.0350	0.0350	0.0450	4.09342229e+09
0.0350	0.0350	0.0550	9.27089470e+09
0.0350	0.0350	0.0650	-3.06431958e+07
0.0350	0.0350	0.0750	9.42668770e+09
0.0350	0.0450	0.0450	5.70901059e+09
0.0350	0.0450	0.0550	3.30633193e+09
0.0350	0.0450	0.0650	6.21502558e+09
0.0350	0.0450	0.0750	5.02761927e+09
0.0350	0.0450	0.0850	1.18816250e+10
0.0350	0.0550	0.0550	5.04073828e+08
0.0350	0.0550	0.0650	4.74114801e+09
0.0350	0.0550	0.0750	5.41953228e+09
0.0350	0.0550	0.0850	5.52074440e+09
0.0350	0.0550	0.0950	6.25691294e+09
0.0350	0.0650	0.0650	2.00616736e+09
0.0350	0.0650	0.0750	3.52035171e+09
0.0350	0.0650	0.0850	2.66992099e+09
0.0350	0.0650	0.0950	3.10774944e+09
0.0350	0.0650	0.1050	4.69823893e+09
0.0350	0.0750	0.0750	1.93691287e+09
0.0350	0.0750	0.0850	4.24270160e+09
0.0350	0.0750	0.0950	3.92223420e+09
0.0350	0.0750	0.1050	4.91956255e+09
0.0350	0.0750	0.1150	4.68222107e+09
0.0350	0.0850	0.0850	1.38526693e+09
0.0350	0.0850	0.0950	3.45559358e+09
0.0350	0.0850	0.1050	2.89916441e+09
0.0350	0.0850	0.1150	3.50525634e+09
0.0350	0.0850	0.1250	3.34291041e+09
0.0350	0.0950	0.0950	2.58334340e+09
0.0350	0.0950	0.1050	2.11896488e+09
0.0350	0.0950	0.1150	2.39841366e+09
0.0350	0.0950	0.1250	2.02478528e+09
0.0350	0.0950	0.1350	3.94936355e+09
0.0350	0.1050	0.1050	3.10142977e+09
0.0350	0.1050	0.1150	1.02150933e+09
0.0350	0.1050	0.1250	2.48033330e+09
0.0350	0.1050	0.1350	2.55882149e+09
0.0350	0.1050	0.1450	2.36432614e+09
0.0350	0.1150	0.1150	2.98508600e+09
0.0350	0.1150	0.1250	1.98326476e+09
0.0350	0.1150	0.1350	2.04331489e+09
0.0350	0.1150	0.1450	2.38154783e+09
0.0350	0.1250	0.1250	1.21947894e+09
0.0350	0.1250	0.1350	9.30174128e+08
0.0350	0.1250	0.1450	2.12436567e+09
0.0350	0.1350	0.1350	1.83924160e+09
0.0350	0.1350	0.1450	1.74878745e+09
0.0350	0.1450	0.1450	1.14926258e+09
0.0450	0.0450	0.0450	3.60142834e+09
0.0450	0.0450	0.0550	3.68107354e+09
0.0450	0.0450	0.0650	2.82795991e+09
0.0450	0.0450	0.0750	3.42989349e+09
0.0450	0.0450	0.0850	3.25541068e+09
0.0450	0.0450	0.0950	-5.15915896e+08
0.0450	0.0550	0.0550	7.81444482e+09
0.0450	0.0550	0.0650	2.61096692e+09
0.0450	0.0550	0.0750	2.79732898e+09
0.0450	0.0550	0.0850	2.39207408e+09
0.0450	0.0550	0.0950	3.32038177e+09
0.0450	0.0550	0.1050	3.19373338e+09
0.0450	0.0650	0.0650	3.31791661e+09
0.0450	0.0650	0.0750	1.71193902e+09
0.0450	0.0650	0.0850	1.00538387e+09
0.0450	0.0650	0.0950	2.32412350e+09
0.0450	0.0650	0.1050	2.56779238e+09
0.0450	0.0650	0.1150	4.02847274e+09
0.0450	0.0750	0.0750	2.83057803e+09
0.0450	0.0750	0.0850	2.74151942e+09
0.0450	0.0750	0.0950	2.00559788e+09
0.0450	0.0750	0.1050	1.89706177e+09
0.0450	0.0750	0.1150	3.87409854e+09
0.0450	0.0750	0.1250	1.69245957e+09
0.0450	0.0850	0.0850	1.82296181e+09
0.0450	0.0850	0.0950	1.32661581e+09
0.0450	0.0850	0.1050	1.54361684e+09
0.0450	0.0850	0.1150	2.23247718e+09
0.0450	0.0850	0.1250	1.61456722e+09
0.0450	0.0850	0.1350	2.72522447e+09
0.0450	0.0950	0.0950	1.71320771e+09
0.0450	0.0950	0.1050	1.67160498e+09
0.0450	0.0950	0.1150	1.71978268e+09
0.0450	0.0950	0.1250	2.04144814e+09
0.0450	0.0950	0.1350	2.17042735e+09
0.0450	0.0950	0.1450	4.22515981e+09
0.0450	0.1050	0.1050	1.91693850e+09
0.0450	0.1050	0.1150	1.21264391e+09
0.0450	0.1050	0.1250	1.55971156e+09
0.0450	0.1050	0.1350	1.52347920e+09
0.0450	0.1050	0.1450	1.47171971e+09
0.0450	0.1150	0.1150	1.72601826e+09
0.0450	0.1150	0.1250	1.66705584e+09
0.0450	0.1150	0.1350	1.32027565e+09
0.0450	0.1150	0.1450	1.43753186e+09
0.0450	0.1250	0.1250	1.40974138e+09
0.0450	0.1250	0.1350	1.77276826e+09
0.0450	0.1250	0.1450	9.44721515e+08
0.0450	0.1350	0.1350	2.62884306e+08
0.0450	0.1350	0.1450	1.06071687e+09
0.0450	0.1450	0.1450	1.88798325e+09
0.0550	0.0550	0.0550	-4.24009015e+08
0.0550	0.0550	0.0650	1.62065988e+09
0.0550	0.0550	0.0750	3.86925746e+09
0.0550	0.0550	0.0850	1.86891597e+09
0.0550	0.0550	0.0950	2.32208390e+09
0.0550	0.0550	0.1050	3.26206330e+09
0.0550	0.0550	0.1150	2.51488224e+09
0.0550	0.0650	0.0650	1.66529492e+09
0.0550	0.0650	0.0750	1.77795266e+09
0.0550	0.0650	0.0850	2.36449249e+09
0.0550	0.0650	0.0950	2.29226325e+09
0.0550	0.0650	0.1050	3.06814667e+09
0.0550	0.0650	0.1150	2.69206646e+09
0.0550	0.0650	0.1250	8.90320673e+08
0.0550	0.0750	0.0750	2.13025927e+09
0.0550	0.0750	0.0850	1.28851592e+09
0.0550	0.0750	0.0950	3.24189509e+09
0.0550	0.0750	0.1050	9.78482081e+08
0.0550	0.0750	0.1150	2.29754767e+09
0.0550	0.0750	0.1250	2.88672134e+09
0.0550	0.0750	0.1350	2.88535780e+09
0.0550	0.0850	0.0850	2.58032993e+09
0.0550	0.0850	0.0950	1.03077051e+09
0.0550	0.0850	0.1050	1.88873915e+09
0.0550	0.0850	0.1150	8.59955547e+08
0.0550	0.0850	0.1250	1.58980789e+09
0.0550	0.0850	0.1350	2.04102236e+09
0.0550	0.0850	0.1450	1.81724598e+09
0.0550	0.0950	0.0950	1.11623263e+09
0.0550	0.0950	0.1050	1.53589418e+09
0.0550	0.0950	0.1150	4.38180095e+08
0.0550	0.0950	0.1250	1.99717866e+09
0.0550	0.0950	0.1350	1.94668947e+09
0.0550	0.0950	0.1450	1.63447620e+09
0.0550	0.1050	0.1050	1.04769182e+09
0.0550	0.1050	0.1150	1.55365296e+09
0.0550	0.1050	0.1250	9.86390617e+08
0.0550	0.1050	0.1350	1.48787552e+09
0.0550	0.1050	0.1450	9.88457153e+08
0.0550	0.1150	0.1150	1.58033125e+09
0.0550	0.1150	0.1250	1.27436908e+09
0.0550	0.1150	0.1350	1.40630998e+09
0.0550	0.1150	0.1450	1.43304977e+09
0.0550	0.1250	0.1250	7.35322036e+08
0.0550	0.1250	0.1350	6.50579581e+08
0.0550	0.1250	0.1450	1.31849216e+09
0.0550	0.1350	0.1350	1.32062527e+09
0.0550	0.1350	0.1450	9.61359845e+08
0.0550	0.1450	0.1450	8.16604210e+08
0.0650	0.0650	0.0650	-9.82867691e+08
0.0650	0.0650	0.0750	1.81525117e+09
0.0650	0.0650	0.0850	1.75883795e+09
0.0650	0.0650	0.0950	1.73174000e+09
0.0650	0.0650	0.1050	9.89175212e+08
0.0650	0.0650	0.1150	1.43445023e+09
0.0650	0.0650	0.1250	3.74219129e+09
0.0650	0.0650	0.1350	3.26898514e+09
0.0650	0.0750	0.0750	9.42699692e+08
0.0650	0.0750	0.0850	2.89704606e+09
0.0650	0.0750	0.0950	1.06987249e+09
0.0650	0.0750	0.1050	1.89118702e+09
0.0650	0.0750	0.1150	1.68600013e+09
0.0650	0.0750	0.1250	1.19127963e+09
0.0650	0.0750	0.1350	2.02510193e+09
0.0650	0.0750	0.1450	2.45667394e+09
0.0650	0.0850	0.0850	8.30853718e+07
0.0650	0.0850	0.0950	1.04736670e+09
0.0650	0.0850	0.1050	1.24096397e+09
0.0650	0.0850	0.1150	1.57014486e+09
0.0650	0.0850	0.1250	8.24816481e+08
0.0650	0.0850	0.1350	1.94787345e+09
0.0650	0.0850	0.1450	1.49281078e+09
0.0650	0.0950	0.0950	5.20146684e+08
0.0650	0.0950	0.1050	1.17980697e+09
0.0650	0.0950	0.1150	1.40506457e+09
0.0650	0.0950	0.1250	5.46726790e+08
0.0650	0.0950	0.1350	8.80907707e+08
0.0650	0.0950	0.1450	1.59798215e+09
0.0650	0.1050	0.1050	1.10387758e+09
0.0650	0.1050	0.1150	1.03617822e+09
0.0650	0.1050	0.1250	7.84644211e+08
0.0650	0.1050	0.1350	8.90872255e+08
0.0650	0.1050	0.1450	9.05092353e+08
0.0650	0.1150	0.1150	4.55026285e+08
0.0650	0.1150	0.1250	1.21463130e+09
0.0650	0.1150	0.1350	9.40305243e+08
0.0650	0.1150	0.1450	4.88020473e+08
0.0650	0.1250	0.1250	8.74059950e+08
0.0650	0.1250	0.1350	5.21134543e+08
0.0650	0.1250	0.1450	1.02109004e+09
0.0650	0.1350	0.1350	1.01054160e+09
0.0650	0.1350	0.1450	8.41198457e+08
0.0650	0.1450	0.1450	5.73976986e+08
0.0750	0.0750	0.0750	1.06728914e+09
0.0750	0.0750	0.0850	7.65278816e+08
0.0750	0.0750	0.0950	1.08397727e+09
0.0750	0.0750	0.1050	1.92943466e+09
0.0750	0.0750	0.1150	1.59445527e+09
0.0750	0.0750	0.1250	1.95306176e+09
0.0750	0.0750	0.1350	1.77984406e+09
0.0750	0.0750	0.1450	2.06922111e+09
0.0750	0.0850	0.0850	1.74231545e+09
0.0750	0.0850	0.0950	1.96379107e+09
0.0750	0.0850	0.1050	1.39783531e+09
0.0750	0.0850	0.1150	1.43993591e+09
0.0750	0.0850	0.1250	1.51482286e+09
0.0750	0.0850	0.1350	1.14756148e+09
0.0750	0.0850	0.1450	9.37493633e+08
0.0750	0.0950	0.0950	1.21774192e+09
0.0750	0.0950	0.1050	1.34052290e+09
0.0750	0.0950	0.1150	8.38034111e+08
0.0750	0.0950	0.1250	9.65181885e+08
0.0750	0.0950	0.1350	1.07563146e+09
0.0750	0.0950	0.1450	1.14218753e+09
0.0750	0.1050	0.1050	8.64034381e+08
0.0750	0.1050	0.1150	1.03463914e+09
0.0750	0.1050	0.1250	1.09724422e+09
0.0750	0.1050	0.1350	1.04497545e+09
0.0750	0.1050	0.1450	9.75036670e+08
0.0750	0.1150	0.1150	1.11444039e+09
0.0750	0.1150	0.1250	9.44170265e+08
0.0750	0.1150	0.1350	6.58548654e+08
0.0750	0.1150	0.1450	1.10757154e+09
0.0750	0.1250	0.1250	9.26115510e+08
0.0750	0.1250	0.1350	6.20604220e+08
0.0750	0.1250	0.1450	9.17552000e+08
0.0750	0.1350	0.1350	4.63605253e+08
0.0750	0.1350	0.1450	1.03121471e+09
0.0750	0.1450	0.1450	9.19107696e+08
0.0850	0.0850	0.0850	1.72262248e+09
0.0850	0.0850	0.0950	7.56783853e+08
0.0850	0.0850	0.1050	6.01406384e+08
0.0850	0.0850	0.1150	6.44030142e+08
0.0850	0.0850	0.1250	1.40137619e+09
0.0850	0.0850	0.1350	1.43617002e+09
0.0850	0.0850	0.1450	1.33799023e+09
0.0850	0.0950	0.0950	1.08098013e+09
0.0850	0.0950	0.1050	9.87106483e+08
0.0850	0.0950	0.1150	1.09954521e+09
0.0850	0.0950	0.1250	1.12207724e+09
0.0850	0.0950	0.1350	9.19930554e+08
0.0850	0.0950	0.1450	1.01562791e+09
0.0850	0.1050	0.1050	7.75017610e+08
0.0850	0.1050	0.1150	1.00103471e+09
0.0850	0.1050	0.1250	9.00135203e+08
0.0850	0.1050	0.1350	1.08324541e+09
0.0850	0.1050	0.1450	4.38537256e+08
0.0850	0.1150	0.1150	9.46702710e+08
0.0850	0.1150	0.1250	5.91490138e+08
0.0850	0.1150	0.1350	1.08062753e+09
0.0850	0.1150	0.1450	5.79547027e+08
0.0850	0.1250	0.1250	7.06309797e+08
0.0850	0.1250	0.1350	7.38934680e+08
0.0850	0.1250	0.1450	7.71057078e+08
0.0850	0.1350	0.1350	7.03001100e+08
0.0850	0.1350	0.1450	5.50070022e+08
0.0850	0.1450	0.1450	4.62437723e+08
0.0950	0.0950	0.0950	1.00267963e+09
0.0950	0.0950	0.1050	1.59582101e+09
0.0950	0.0950	0.1150	1.86876473e+07
0.0950	0.0950	0.1250	1.02643298e+09
0.0950	0.0950	0.1350	6.10757872e+08
0.0950	0.0950	0.1450	9.33146009e+08
0.0950	0.1050	0.1050	5.01760716e+08
0.0950	0.1050	0.1150	5.14564482e+08
0.0950	0.1050	0.1250	7.21823828e+08
0.0950	0.1050	0.1350	3.74515001e+08
0.0950	0.1050	0.1450	9.25375614e+08
0.0950	0.1150	0.1150	6.67719153e+08
0.0950	0.1150	0.1250	1.09384533e+09
0.0950	0.1150	0.1350	4.59872880e+08
0.0950	0.1150	0.1450	7.37643619e+08
0.0950	0.1250	0.1250	4.51990670e+08
0.0950	0.1250	0.1350	5.99273272e+08
0.0950	0.1250	0.1450	6.89090086e+08
0.0950	0.1350	0.1350	5.63129985e+08
0.0950	0.1350	0.1450	6.82414976e+08
0.0950	0.1450	0.1450	2.89085235e+08
0.1050	0.1050	0.1050	1.21720993e+09
0.1050	0.1050	0.1150	3.99530789e+08
0.1050	0.1050	0.1250	8.66269142e+08
0.1050	0.1050	0.1350	6.30326672e+08
0.1050	0.1050	0.1450	5.87677196e+08
0.1050	0.1150	0.1150	6.86854200e+08
0.1050	0.1150	0.1250	8.88136604e+08
0.1050	0.1150	0.1350	7.05569428e+08
0.1050	0.1150	0.1450	6.22891958e+08
0.1050	0.1250	0.1250	2.88071599e+08
0.1050	0.1250	0.1350	5.48191184e+08
0.1050	0.1250	0.1450	5.66264480e+08
0.1050	0.1350	0.1350	4.66580377e+08
0.1050	0.1350	0.1450	6.18095407e+08
0.1050	0.1450	0.1450	7.55631360e+08
0.1150	0.1150	0.1150	4.92115610e+08
0.1150	0.1150	0.1250	5.72573350e+08
0.1150	0.1150	0.1350	4.45748855e+08
0.1150	0.1150	0.1450	5.05273826e+08
0.1150	0.1250	0.1250	6.12945073e+08
0.1150	0.1250	0.1350	5.89678069e+08
0.1150	0.1250	0.1450	4.12380340e+08
0.1150	0.1350	0.1350	4.06732082e+08
0.1150	0.1350	0.1450	4.13392928e+08
0.1150	0.1450	0.1450	4.63375066e+08
0.1250	0.1250	0.1250	8.70572456e+08
0.1250	0.1250	0.1350	2.47396174e+08
0.1250	0.1250	0.1450	6.91658344e+08
0.1250	0.1350	0.1350	7.82741877e+08
0.1250	0.1350	0.1450	6.24976422e+08
0.1250	0.1450	0.1450	6.02063764e+08
0.1350	0.1350	0.1350	7.48975615e+08
0.1350	0.1350	0.1450	3.56281775e+08
0.1350	0.1450	0.1450	4.95369782e+08
0.1450	0.1450	0.1450	4.78633586e+08
