####### Bispectrum of patchy_s1_ Simulation 162 #############
# Weights: FKP
# Fiducial Omega_m: 0.310
# Fiducial h: 0.676
# Boxsize: [1000.0, 1900.0, 1100.0]
# Grid: [95, 250, 140]
# k-binning: [0.000, 0.110, 0.010]
# l-max: 4
# Monte Carlo Simulations: 100
#
# Format: k1 | k2 | k3 | B(k1,k2,k3) | B2(k1,k2,k3) | B4(k1,k2,k3)
############################################
0.0150	0.0150	0.0150	-1.79506508e+10	-5.15969636e+10	4.27029297e+10
0.0150	0.0150	0.0250	5.72994088e+10	4.04518343e+10	1.58188200e+11
0.0150	0.0250	0.0250	-1.60170027e+10	1.35588944e+10	7.70769547e+09
0.0150	0.0250	0.0350	2.00574018e+10	-7.79145064e+10	2.17124354e+10
0.0150	0.0350	0.0350	1.38015260e+10	3.95616276e+10	-8.31045766e+09
0.0150	0.0350	0.0450	1.47786586e+10	-7.11287769e+09	-1.06040014e+10
0.0150	0.0450	0.0450	5.75583652e+08	-1.47027593e+09	9.95612700e+09
0.0150	0.0450	0.0550	2.79679530e+09	4.10422136e+09	1.08686700e+10
0.0150	0.0550	0.0550	5.39046804e+09	5.41102762e+09	4.25326972e+09
0.0150	0.0550	0.0650	1.22043492e+10	3.32882219e+09	-1.10782473e+10
0.0150	0.0650	0.0650	6.53207475e+09	7.62628590e+09	1.82544260e+08
0.0150	0.0650	0.0750	3.04043201e+09	-6.27644062e+09	1.70025838e+09
0.0150	0.0750	0.0750	4.53512381e+09	9.05182200e+09	-7.35967248e+09
0.0250	0.0250	0.0250	1.27654269e+10	4.15268343e+09	-5.80236498e+10
0.0250	0.0250	0.0350	5.57701558e+09	1.63574510e+10	-3.11409798e+09
0.0250	0.0250	0.0450	6.10015881e+09	-1.59244312e+09	-7.30360579e+09
0.0250	0.0350	0.0350	1.40720310e+10	-1.37538987e+10	-9.76691525e+09
0.0250	0.0350	0.0450	6.01949540e+09	-1.08487234e+10	1.79947284e+10
0.0250	0.0350	0.0550	1.25487730e+10	3.32029374e+09	9.84696840e+09
0.0250	0.0450	0.0450	6.09017107e+09	1.83716055e+10	-1.36741191e+10
0.0250	0.0450	0.0550	1.17406096e+09	-3.09899202e+09	-1.91201596e+10
0.0250	0.0450	0.0650	4.36649440e+09	-7.35166675e+09	-3.82259492e+09
0.0250	0.0550	0.0550	3.95316825e+09	6.90691614e+09	1.76497915e+10
0.0250	0.0550	0.0650	6.40956680e+09	-5.24535584e+09	4.90883677e+09
0.0250	0.0550	0.0750	1.96320756e+09	-2.46949222e+09	-1.05506342e+10
0.0250	0.0650	0.0650	2.47444684e+09	5.23461566e+09	-6.57998521e+09
0.0250	0.0650	0.0750	6.33450541e+09	1.29256101e+09	8.34819222e+08
0.0250	0.0750	0.0750	4.20725601e+09	3.74307710e+09	1.42053537e+09
0.0350	0.0350	0.0350	-4.66198858e+09	-9.31973902e+09	8.22434999e+09
0.0350	0.0350	0.0450	8.93179240e+07	-8.47621279e+08	1.24742741e+09
0.0350	0.0350	0.0550	2.72292961e+09	1.38899668e+10	1.40867852e+10
0.0350	0.0350	0.0650	5.41991306e+09	9.59292118e+09	-2.95878600e+09
0.0350	0.0450	0.0450	6.30756199e+07	3.44538092e+09	-6.01731024e+09
0.0350	0.0450	0.0550	4.84814375e+09	1.21985297e+09	8.47662465e+09
0.0350	0.0450	0.0650	3.74758891e+09	-8.91111156e+08	-3.87563496e+08
0.0350	0.0450	0.0750	3.95454425e+09	2.04796537e+09	-1.25045858e+09
0.0350	0.0550	0.0550	3.03079992e+09	9.47019666e+08	-1.29463721e+10
0.0350	0.0550	0.0650	2.28020434e+09	-1.05217337e+08	-2.35101999e+09
0.0350	0.0550	0.0750	6.03023528e+08	1.50648969e+08	8.37603796e+09
0.0350	0.0650	0.0650	2.75741212e+09	-8.42304576e+08	-1.36105483e+10
0.0350	0.0650	0.0750	1.98769324e+09	2.43711026e+09	7.30226900e+09
0.0350	0.0750	0.0750	1.06230986e+09	2.50707787e+09	-2.47793979e+09
0.0450	0.0450	0.0450	1.05896360e+08	-1.03151717e+10	-9.56225832e+09
0.0450	0.0450	0.0550	5.89020367e+09	5.15008562e+09	1.08885208e+10
0.0450	0.0450	0.0650	2.34389247e+09	3.07593627e+09	8.31168778e+09
0.0450	0.0450	0.0750	2.73137074e+08	6.15478400e+08	-5.64752446e+09
0.0450	0.0550	0.0550	2.36799985e+09	-5.24283743e+08	-1.95347538e+08
0.0450	0.0550	0.0650	2.30517085e+09	3.14041846e+09	6.00793306e+09
0.0450	0.0550	0.0750	4.52654127e+09	2.10571828e+09	-3.57826497e+09
0.0450	0.0650	0.0650	1.72857855e+09	4.62523981e+08	2.23499587e+09
0.0450	0.0650	0.0750	4.38647228e+09	-5.88295906e+08	-3.06787433e+09
0.0450	0.0750	0.0750	9.95609113e+07	2.44533014e+09	2.86159156e+09
0.0550	0.0550	0.0550	7.07728228e+09	3.52493113e+09	7.22241999e+08
0.0550	0.0550	0.0650	-7.38537413e+08	-5.93414154e+09	-1.33379394e+10
0.0550	0.0550	0.0750	1.34842699e+09	4.70758721e+09	1.48836061e+09
0.0550	0.0650	0.0650	2.22107103e+09	-3.78088681e+08	-2.90783752e+09
0.0550	0.0650	0.0750	2.22201258e+09	4.86077105e+09	2.79436503e+09
0.0550	0.0750	0.0750	1.57190484e+09	-1.01769862e+09	-1.52456294e+09
0.0650	0.0650	0.0650	-9.73085235e+08	1.64483857e+09	-8.59966217e+08
0.0650	0.0650	0.0750	7.57702602e+08	-1.61695486e+09	-3.30803694e+09
0.0650	0.0750	0.0750	1.90251338e+09	-4.23600172e+08	-1.14422661e+07
0.0750	0.0750	0.0750	3.43014212e+07	-2.56205518e+08	-4.66701411e+08
