####### Bispectrum of Patchy Simulation 1128 #############
# Patch: ngc
# z-type: z1
# Weights: fkp
# Fiducial Omega_m: 0.310
# Fiducial h: 0.676
# Boxsize: [1350.0, 2450.0, 1400.0]
# Grid: [126, 230, 130]
# k-binning: [0.000, 0.160, 0.010]
# Monte Carlo Simulations: 100
#
# Format: k1 | k2 | k3 | B(k1,k2,k3)
############################################
0.0150	0.0150	0.0150	-4.20759206e+10
0.0150	0.0150	0.0250	2.18488016e+10
0.0150	0.0150	0.0350	4.61525649e+10
0.0150	0.0250	0.0250	1.33174029e+10
0.0150	0.0250	0.0350	1.59226095e+10
0.0150	0.0250	0.0450	1.92923495e+10
0.0150	0.0350	0.0350	1.29270332e+10
0.0150	0.0350	0.0450	9.66893898e+09
0.0150	0.0350	0.0550	7.60342098e+09
0.0150	0.0450	0.0450	8.96985106e+09
0.0150	0.0450	0.0550	7.80862091e+09
0.0150	0.0450	0.0650	7.07141898e+09
0.0150	0.0550	0.0550	4.53264341e+09
0.0150	0.0550	0.0650	6.03430924e+09
0.0150	0.0550	0.0750	3.22071428e+09
0.0150	0.0650	0.0650	5.57675142e+09
0.0150	0.0650	0.0750	4.38433842e+09
0.0150	0.0650	0.0850	4.86170831e+09
0.0150	0.0750	0.0750	3.96201269e+09
0.0150	0.0750	0.0850	4.34999029e+09
0.0150	0.0750	0.0950	6.64921513e+09
0.0150	0.0850	0.0850	3.63514686e+09
0.0150	0.0850	0.0950	3.75953878e+09
0.0150	0.0850	0.1050	5.52843657e+09
0.0150	0.0950	0.0950	3.91189158e+09
0.0150	0.0950	0.1050	2.45711572e+09
0.0150	0.0950	0.1150	3.17803873e+09
0.0150	0.1050	0.1050	1.88012865e+09
0.0150	0.1050	0.1150	2.12339760e+09
0.0150	0.1050	0.1250	2.32215548e+09
0.0150	0.1150	0.1150	1.45610463e+09
0.0150	0.1150	0.1250	1.90622766e+09
0.0150	0.1150	0.1350	3.61727842e+09
0.0150	0.1250	0.1250	1.52675648e+09
0.0150	0.1250	0.1350	1.91870679e+09
0.0150	0.1250	0.1450	3.95877803e+09
0.0150	0.1350	0.1350	1.27061840e+09
0.0150	0.1350	0.1450	1.90859570e+09
0.0150	0.1450	0.1450	1.55232853e+09
0.0250	0.0250	0.0250	1.07609522e+10
0.0250	0.0250	0.0350	5.73970359e+09
0.0250	0.0250	0.0450	7.99808971e+09
0.0250	0.0250	0.0550	-5.32440569e+09
0.0250	0.0350	0.0350	1.34738840e+10
0.0250	0.0350	0.0450	5.45831387e+09
0.0250	0.0350	0.0550	1.02291931e+10
0.0250	0.0350	0.0650	3.14976000e+09
0.0250	0.0450	0.0450	8.59299087e+09
0.0250	0.0450	0.0550	7.19391086e+09
0.0250	0.0450	0.0650	6.69505554e+09
0.0250	0.0450	0.0750	1.22600783e+10
0.0250	0.0550	0.0550	2.04002299e+09
0.0250	0.0550	0.0650	3.06664164e+09
0.0250	0.0550	0.0750	7.10019501e+09
0.0250	0.0550	0.0850	5.37739119e+09
0.0250	0.0650	0.0650	-8.20997088e+08
0.0250	0.0650	0.0750	4.08005741e+09
0.0250	0.0650	0.0850	5.59802995e+09
0.0250	0.0650	0.0950	5.88166808e+09
0.0250	0.0750	0.0750	4.15629044e+09
0.0250	0.0750	0.0850	3.23993666e+09
0.0250	0.0750	0.0950	4.28451101e+09
0.0250	0.0750	0.1050	5.95118633e+09
0.0250	0.0850	0.0850	4.41933359e+09
0.0250	0.0850	0.0950	2.45001436e+09
0.0250	0.0850	0.1050	3.87477181e+09
0.0250	0.0850	0.1150	4.47197133e+09
0.0250	0.0950	0.0950	1.17854326e+09
0.0250	0.0950	0.1050	1.04004153e+09
0.0250	0.0950	0.1150	3.57483524e+09
0.0250	0.0950	0.1250	2.20512215e+09
0.0250	0.1050	0.1050	1.80731603e+09
0.0250	0.1050	0.1150	1.64006873e+09
0.0250	0.1050	0.1250	2.45411140e+09
0.0250	0.1050	0.1350	2.95999256e+09
0.0250	0.1150	0.1150	1.99036322e+09
0.0250	0.1150	0.1250	1.95643220e+09
0.0250	0.1150	0.1350	2.58704461e+09
0.0250	0.1150	0.1450	2.79269851e+09
0.0250	0.1250	0.1250	1.53657094e+09
0.0250	0.1250	0.1350	1.20834534e+09
0.0250	0.1250	0.1450	2.34923537e+09
0.0250	0.1350	0.1350	2.78853252e+09
0.0250	0.1350	0.1450	1.57005218e+09
0.0250	0.1450	0.1450	5.50906421e+08
0.0350	0.0350	0.0350	1.30160849e+10
0.0350	0.0350	0.0450	2.74754542e+09
0.0350	0.0350	0.0550	6.39820773e+09
0.0350	0.0350	0.0650	6.00165722e+09
0.0350	0.0350	0.0750	9.88417678e+09
0.0350	0.0450	0.0450	4.06624459e+09
0.0350	0.0450	0.0550	5.95854671e+09
0.0350	0.0450	0.0650	4.65046008e+09
0.0350	0.0450	0.0750	4.45894371e+09
0.0350	0.0450	0.0850	7.34997021e+09
0.0350	0.0550	0.0550	2.84088272e+09
0.0350	0.0550	0.0650	4.62858030e+09
0.0350	0.0550	0.0750	4.42166878e+09
0.0350	0.0550	0.0850	4.44486495e+09
0.0350	0.0550	0.0950	5.46138417e+09
0.0350	0.0650	0.0650	1.72837018e+09
0.0350	0.0650	0.0750	3.26478921e+09
0.0350	0.0650	0.0850	2.86081597e+09
0.0350	0.0650	0.0950	4.34344719e+09
0.0350	0.0650	0.1050	2.36490793e+09
0.0350	0.0750	0.0750	2.71403405e+09
0.0350	0.0750	0.0850	3.56885716e+09
0.0350	0.0750	0.0950	2.65266855e+09
0.0350	0.0750	0.1050	4.20491896e+09
0.0350	0.0750	0.1150	4.03759424e+09
0.0350	0.0850	0.0850	2.11652866e+09
0.0350	0.0850	0.0950	2.17311613e+09
0.0350	0.0850	0.1050	2.33989994e+09
0.0350	0.0850	0.1150	3.26175312e+09
0.0350	0.0850	0.1250	2.02757693e+09
0.0350	0.0950	0.0950	1.95756727e+09
0.0350	0.0950	0.1050	1.32124769e+09
0.0350	0.0950	0.1150	2.01062399e+09
0.0350	0.0950	0.1250	2.67220524e+09
0.0350	0.0950	0.1350	3.30889547e+09
0.0350	0.1050	0.1050	1.88267911e+09
0.0350	0.1050	0.1150	9.65224327e+08
0.0350	0.1050	0.1250	2.33239043e+09
0.0350	0.1050	0.1350	2.41018543e+09
0.0350	0.1050	0.1450	2.50922701e+09
0.0350	0.1150	0.1150	1.89094707e+09
0.0350	0.1150	0.1250	1.29208400e+09
0.0350	0.1150	0.1350	1.80265980e+09
0.0350	0.1150	0.1450	1.82573114e+09
0.0350	0.1250	0.1250	1.04349122e+09
0.0350	0.1250	0.1350	1.65710002e+09
0.0350	0.1250	0.1450	1.82522027e+09
0.0350	0.1350	0.1350	1.49549377e+09
0.0350	0.1350	0.1450	1.39713266e+09
0.0350	0.1450	0.1450	1.47084105e+09
0.0450	0.0450	0.0450	4.76925651e+09
0.0450	0.0450	0.0550	4.31856411e+09
0.0450	0.0450	0.0650	1.40829966e+09
0.0450	0.0450	0.0750	3.89856040e+09
0.0450	0.0450	0.0850	4.75156080e+09
0.0450	0.0450	0.0950	3.16982642e+09
0.0450	0.0550	0.0550	3.85027613e+09
0.0450	0.0550	0.0650	2.06671831e+09
0.0450	0.0550	0.0750	2.32191918e+09
0.0450	0.0550	0.0850	3.41431254e+09
0.0450	0.0550	0.0950	2.97957799e+09
0.0450	0.0550	0.1050	2.54647311e+09
0.0450	0.0650	0.0650	2.85170096e+09
0.0450	0.0650	0.0750	2.06742374e+09
0.0450	0.0650	0.0850	2.12065462e+09
0.0450	0.0650	0.0950	1.74119730e+09
0.0450	0.0650	0.1050	4.17660825e+09
0.0450	0.0650	0.1150	2.62544274e+09
0.0450	0.0750	0.0750	1.03759742e+09
0.0450	0.0750	0.0850	2.59987265e+09
0.0450	0.0750	0.0950	1.55932331e+09
0.0450	0.0750	0.1050	2.22224413e+09
0.0450	0.0750	0.1150	2.51806925e+09
0.0450	0.0750	0.1250	2.04937634e+09
0.0450	0.0850	0.0850	8.11975592e+08
0.0450	0.0850	0.0950	7.66260393e+08
0.0450	0.0850	0.1050	1.60573291e+09
0.0450	0.0850	0.1150	1.61794277e+09
0.0450	0.0850	0.1250	1.91835928e+09
0.0450	0.0850	0.1350	2.44353437e+09
0.0450	0.0950	0.0950	1.10283174e+09
0.0450	0.0950	0.1050	1.18873271e+09
0.0450	0.0950	0.1150	1.05429733e+09
0.0450	0.0950	0.1250	1.50994016e+09
0.0450	0.0950	0.1350	1.96452812e+09
0.0450	0.0950	0.1450	2.32938150e+09
0.0450	0.1050	0.1050	1.22228393e+09
0.0450	0.1050	0.1150	9.85772464e+08
0.0450	0.1050	0.1250	1.35435808e+09
0.0450	0.1050	0.1350	1.52798991e+09
0.0450	0.1050	0.1450	1.29898787e+09
0.0450	0.1150	0.1150	1.18368193e+09
0.0450	0.1150	0.1250	1.30625739e+09
0.0450	0.1150	0.1350	1.22190993e+09
0.0450	0.1150	0.1450	1.40770136e+09
0.0450	0.1250	0.1250	1.34200302e+09
0.0450	0.1250	0.1350	9.13023667e+08
0.0450	0.1250	0.1450	1.00585706e+09
0.0450	0.1350	0.1350	8.72070624e+08
0.0450	0.1350	0.1450	1.14811707e+09
0.0450	0.1450	0.1450	9.24754048e+08
0.0550	0.0550	0.0550	9.34595922e+08
0.0550	0.0550	0.0650	2.91945259e+09
0.0550	0.0550	0.0750	1.60117263e+09
0.0550	0.0550	0.0850	2.80629831e+09
0.0550	0.0550	0.0950	2.54567434e+09
0.0550	0.0550	0.1050	3.76761825e+09
0.0550	0.0550	0.1150	3.66743415e+09
0.0550	0.0650	0.0650	8.87741041e+08
0.0550	0.0650	0.0750	2.10937163e+09
0.0550	0.0650	0.0850	1.63982175e+09
0.0550	0.0650	0.0950	1.73667561e+09
0.0550	0.0650	0.1050	1.86818272e+09
0.0550	0.0650	0.1150	3.05008644e+09
0.0550	0.0650	0.1250	1.98207574e+09
0.0550	0.0750	0.0750	2.93127159e+09
0.0550	0.0750	0.0850	1.21559874e+09
0.0550	0.0750	0.0950	1.57910905e+09
0.0550	0.0750	0.1050	1.94870527e+09
0.0550	0.0750	0.1150	2.44237093e+09
0.0550	0.0750	0.1250	2.40856781e+09
0.0550	0.0750	0.1350	2.41488697e+09
0.0550	0.0850	0.0850	8.81146991e+08
0.0550	0.0850	0.0950	1.25432376e+09
0.0550	0.0850	0.1050	1.04255848e+09
0.0550	0.0850	0.1150	1.32995672e+09
0.0550	0.0850	0.1250	1.46745542e+09
0.0550	0.0850	0.1350	2.00508731e+09
0.0550	0.0850	0.1450	3.02027076e+09
0.0550	0.0950	0.0950	1.68547956e+09
0.0550	0.0950	0.1050	1.28728687e+09
0.0550	0.0950	0.1150	1.50338060e+09
0.0550	0.0950	0.1250	1.15523925e+09
0.0550	0.0950	0.1350	1.33874703e+09
0.0550	0.0950	0.1450	1.72140626e+09
0.0550	0.1050	0.1050	1.20018416e+09
0.0550	0.1050	0.1150	9.09238350e+08
0.0550	0.1050	0.1250	8.78162443e+08
0.0550	0.1050	0.1350	1.33842686e+09
0.0550	0.1050	0.1450	1.24824855e+09
0.0550	0.1150	0.1150	9.02051820e+08
0.0550	0.1150	0.1250	1.09023611e+09
0.0550	0.1150	0.1350	8.93371238e+08
0.0550	0.1150	0.1450	1.22331150e+09
0.0550	0.1250	0.1250	7.22394607e+08
0.0550	0.1250	0.1350	9.71016066e+08
0.0550	0.1250	0.1450	9.23624875e+08
0.0550	0.1350	0.1350	8.43568318e+08
0.0550	0.1350	0.1450	7.22351498e+08
0.0550	0.1450	0.1450	6.51059246e+08
0.0650	0.0650	0.0650	1.16293120e+09
0.0650	0.0650	0.0750	1.38635584e+09
0.0650	0.0650	0.0850	2.09414462e+09
0.0650	0.0650	0.0950	1.80149525e+09
0.0650	0.0650	0.1050	2.41742155e+09
0.0650	0.0650	0.1150	1.52844525e+09
0.0650	0.0650	0.1250	2.56238747e+09
0.0650	0.0650	0.1350	3.36790417e+09
0.0650	0.0750	0.0750	1.73839834e+09
0.0650	0.0750	0.0850	1.36064370e+09
0.0650	0.0750	0.0950	1.13587972e+09
0.0650	0.0750	0.1050	1.39145529e+09
0.0650	0.0750	0.1150	1.42029149e+09
0.0650	0.0750	0.1250	1.82068477e+09
0.0650	0.0750	0.1350	1.69884280e+09
0.0650	0.0750	0.1450	1.78561892e+09
0.0650	0.0850	0.0850	1.18306843e+09
0.0650	0.0850	0.0950	9.89994679e+08
0.0650	0.0850	0.1050	7.60115115e+08
0.0650	0.0850	0.1150	1.45062336e+09
0.0650	0.0850	0.1250	1.08214333e+09
0.0650	0.0850	0.1350	1.60918097e+09
0.0650	0.0850	0.1450	1.62531684e+09
0.0650	0.0950	0.0950	1.34539886e+09
0.0650	0.0950	0.1050	7.34183386e+08
0.0650	0.0950	0.1150	1.03837512e+09
0.0650	0.0950	0.1250	1.25698947e+09
0.0650	0.0950	0.1350	1.08099069e+09
0.0650	0.0950	0.1450	1.35823846e+09
0.0650	0.1050	0.1050	1.25470695e+09
0.0650	0.1050	0.1150	1.01862859e+09
0.0650	0.1050	0.1250	1.01492496e+09
0.0650	0.1050	0.1350	8.73754846e+08
0.0650	0.1050	0.1450	7.67865253e+08
0.0650	0.1150	0.1150	7.20979724e+08
0.0650	0.1150	0.1250	8.87565373e+08
0.0650	0.1150	0.1350	8.27479930e+08
0.0650	0.1150	0.1450	1.06160164e+09
0.0650	0.1250	0.1250	8.10776392e+08
0.0650	0.1250	0.1350	5.60395468e+08
0.0650	0.1250	0.1450	8.37948473e+08
0.0650	0.1350	0.1350	8.33421548e+08
0.0650	0.1350	0.1450	6.16982006e+08
0.0650	0.1450	0.1450	8.50095365e+08
0.0750	0.0750	0.0750	2.15006306e+09
0.0750	0.0750	0.0850	8.94263213e+08
0.0750	0.0750	0.0950	1.04298173e+09
0.0750	0.0750	0.1050	1.44582088e+09
0.0750	0.0750	0.1150	1.32464092e+09
0.0750	0.0750	0.1250	1.49744706e+09
0.0750	0.0750	0.1350	1.87461659e+09
0.0750	0.0750	0.1450	1.85005019e+09
0.0750	0.0850	0.0850	1.03480496e+09
0.0750	0.0850	0.0950	1.24820206e+09
0.0750	0.0850	0.1050	1.20196002e+09
0.0750	0.0850	0.1150	9.34847091e+08
0.0750	0.0850	0.1250	1.04627876e+09
0.0750	0.0850	0.1350	1.05693639e+09
0.0750	0.0850	0.1450	1.37055987e+09
0.0750	0.0950	0.0950	8.98061591e+08
0.0750	0.0950	0.1050	7.79946265e+08
0.0750	0.0950	0.1150	8.15992906e+08
0.0750	0.0950	0.1250	9.31426669e+08
0.0750	0.0950	0.1350	7.68885405e+08
0.0750	0.0950	0.1450	1.07544956e+09
0.0750	0.1050	0.1050	7.70846375e+08
0.0750	0.1050	0.1150	9.97355280e+08
0.0750	0.1050	0.1250	5.41733894e+08
0.0750	0.1050	0.1350	6.80571246e+08
0.0750	0.1050	0.1450	8.78658197e+08
0.0750	0.1150	0.1150	3.73436504e+08
0.0750	0.1150	0.1250	7.92740391e+08
0.0750	0.1150	0.1350	6.82179059e+08
0.0750	0.1150	0.1450	7.57729340e+08
0.0750	0.1250	0.1250	8.80543228e+08
0.0750	0.1250	0.1350	8.53588025e+08
0.0750	0.1250	0.1450	6.09567343e+08
0.0750	0.1350	0.1350	8.61388495e+08
0.0750	0.1350	0.1450	5.69534511e+08
0.0750	0.1450	0.1450	5.66214976e+08
0.0850	0.0850	0.0850	8.41719835e+08
0.0850	0.0850	0.0950	6.87837675e+08
0.0850	0.0850	0.1050	8.11313047e+08
0.0850	0.0850	0.1150	1.04064530e+09
0.0850	0.0850	0.1250	6.31092800e+08
0.0850	0.0850	0.1350	8.37500470e+08
0.0850	0.0850	0.1450	1.00267246e+09
0.0850	0.0950	0.0950	9.15563418e+08
0.0850	0.0950	0.1050	6.78326153e+08
0.0850	0.0950	0.1150	6.55986288e+08
0.0850	0.0950	0.1250	8.23963761e+08
0.0850	0.0950	0.1350	8.58209103e+08
0.0850	0.0950	0.1450	8.83549969e+08
0.0850	0.1050	0.1050	5.94178657e+08
0.0850	0.1050	0.1150	6.01638515e+08
0.0850	0.1050	0.1250	6.67006191e+08
0.0850	0.1050	0.1350	6.30418193e+08
0.0850	0.1050	0.1450	5.76646905e+08
0.0850	0.1150	0.1150	7.12811351e+08
0.0850	0.1150	0.1250	5.81399742e+08
0.0850	0.1150	0.1350	5.67320208e+08
0.0850	0.1150	0.1450	5.66102373e+08
0.0850	0.1250	0.1250	5.70994350e+08
0.0850	0.1250	0.1350	6.53261678e+08
0.0850	0.1250	0.1450	5.08115907e+08
0.0850	0.1350	0.1350	5.46134305e+08
0.0850	0.1350	0.1450	4.96274089e+08
0.0850	0.1450	0.1450	3.06429271e+08
0.0950	0.0950	0.0950	4.59233943e+08
0.0950	0.0950	0.1050	8.63799330e+08
0.0950	0.0950	0.1150	5.87298132e+08
0.0950	0.0950	0.1250	7.68512291e+08
0.0950	0.0950	0.1350	4.72635242e+08
0.0950	0.0950	0.1450	5.57771809e+08
0.0950	0.1050	0.1050	4.27711231e+08
0.0950	0.1050	0.1150	5.23956084e+08
0.0950	0.1050	0.1250	4.47841007e+08
0.0950	0.1050	0.1350	3.98293502e+08
0.0950	0.1050	0.1450	6.57458163e+08
0.0950	0.1150	0.1150	6.42681358e+08
0.0950	0.1150	0.1250	7.19279203e+08
0.0950	0.1150	0.1350	5.81062816e+08
0.0950	0.1150	0.1450	3.84648849e+08
0.0950	0.1250	0.1250	4.63270856e+08
0.0950	0.1250	0.1350	3.91991241e+08
0.0950	0.1250	0.1450	4.93516220e+08
0.0950	0.1350	0.1350	4.25161915e+08
0.0950	0.1350	0.1450	5.70882135e+08
0.0950	0.1450	0.1450	3.92136716e+08
0.1050	0.1050	0.1050	5.83321666e+08
0.1050	0.1050	0.1150	6.91071424e+08
0.1050	0.1050	0.1250	5.97706550e+08
0.1050	0.1050	0.1350	5.69792940e+08
0.1050	0.1050	0.1450	5.09879503e+08
0.1050	0.1150	0.1150	4.08483380e+08
0.1050	0.1150	0.1250	6.52057380e+08
0.1050	0.1150	0.1350	4.47925235e+08
0.1050	0.1150	0.1450	4.41301238e+08
0.1050	0.1250	0.1250	3.26495357e+08
0.1050	0.1250	0.1350	4.82868073e+08
0.1050	0.1250	0.1450	4.23428097e+08
0.1050	0.1350	0.1350	5.24463985e+08
0.1050	0.1350	0.1450	3.37593074e+08
0.1050	0.1450	0.1450	4.71275224e+08
0.1150	0.1150	0.1150	4.38996370e+08
0.1150	0.1150	0.1250	4.52647557e+08
0.1150	0.1150	0.1350	4.15792751e+08
0.1150	0.1150	0.1450	4.82475547e+08
0.1150	0.1250	0.1250	6.19577335e+08
0.1150	0.1250	0.1350	4.01077731e+08
0.1150	0.1250	0.1450	5.50589113e+08
0.1150	0.1350	0.1350	3.98502515e+08
0.1150	0.1350	0.1450	4.34474183e+08
0.1150	0.1450	0.1450	3.76715834e+08
0.1250	0.1250	0.1250	4.57189494e+08
0.1250	0.1250	0.1350	5.28942688e+08
0.1250	0.1250	0.1450	4.40786300e+08
0.1250	0.1350	0.1350	3.96875122e+08
0.1250	0.1350	0.1450	4.17042245e+08
0.1250	0.1450	0.1450	2.77327361e+08
0.1350	0.1350	0.1350	2.84724597e+08
0.1350	0.1350	0.1450	2.96100586e+08
0.1350	0.1450	0.1450	3.22572846e+08
0.1450	0.1450	0.1450	4.13644045e+08
