####### Bispectrum of Patchy Simulation 1922 #############
# Patch: ngc
# z-type: z3
# Weights: fkp
# Fiducial Omega_m: 0.310
# Fiducial h: 0.676
# Boxsize: [1800.0, 3400.0, 1900.0]
# Grid: [170, 325, 180]
# k-binning: [0.000, 0.160, 0.010]
# Monte Carlo Simulations: 100
#
# Format: k1 | k2 | k3 | B(k1,k2,k3)
############################################
0.0150	0.0150	0.0150	6.70125471e+09
0.0150	0.0150	0.0250	1.51670308e+10
0.0150	0.0150	0.0350	4.40740302e+10
0.0150	0.0250	0.0250	-7.09338127e+08
0.0150	0.0250	0.0350	1.07979351e+10
0.0150	0.0250	0.0450	9.37932815e+09
0.0150	0.0350	0.0350	8.41243829e+09
0.0150	0.0350	0.0450	4.75657568e+09
0.0150	0.0350	0.0550	1.18247785e+10
0.0150	0.0450	0.0450	2.94130823e+09
0.0150	0.0450	0.0550	5.30356698e+09
0.0150	0.0450	0.0650	9.98904229e+09
0.0150	0.0550	0.0550	4.01150452e+09
0.0150	0.0550	0.0650	2.90003640e+09
0.0150	0.0550	0.0750	6.49332964e+09
0.0150	0.0650	0.0650	4.27275338e+09
0.0150	0.0650	0.0750	1.87465131e+09
0.0150	0.0650	0.0850	1.05109040e+10
0.0150	0.0750	0.0750	4.69907624e+09
0.0150	0.0750	0.0850	3.60351083e+09
0.0150	0.0750	0.0950	3.97216372e+09
0.0150	0.0850	0.0850	2.31358171e+09
0.0150	0.0850	0.0950	3.55970843e+09
0.0150	0.0850	0.1050	4.93676754e+09
0.0150	0.0950	0.0950	1.81506010e+09
0.0150	0.0950	0.1050	3.56078094e+09
0.0150	0.0950	0.1150	5.80224345e+09
0.0150	0.1050	0.1050	2.00451876e+09
0.0150	0.1050	0.1150	2.65061627e+09
0.0150	0.1050	0.1250	3.69521546e+09
0.0150	0.1150	0.1150	2.24783697e+09
0.0150	0.1150	0.1250	1.40282104e+09
0.0150	0.1150	0.1350	3.18445314e+09
0.0150	0.1250	0.1250	1.01294376e+09
0.0150	0.1250	0.1350	2.70535726e+09
0.0150	0.1250	0.1450	1.68721241e+09
0.0150	0.1350	0.1350	1.58650354e+09
0.0150	0.1350	0.1450	1.98748855e+09
0.0150	0.1450	0.1450	1.80861192e+09
0.0250	0.0250	0.0250	1.66383940e+10
0.0250	0.0250	0.0350	1.97272263e+09
0.0250	0.0250	0.0450	1.09602087e+10
0.0250	0.0250	0.0550	1.40097140e+10
0.0250	0.0350	0.0350	1.20540390e+09
0.0250	0.0350	0.0450	5.47706367e+09
0.0250	0.0350	0.0550	4.19350844e+09
0.0250	0.0350	0.0650	6.68225330e+09
0.0250	0.0450	0.0450	5.50812718e+09
0.0250	0.0450	0.0550	2.58002667e+09
0.0250	0.0450	0.0650	6.73260300e+09
0.0250	0.0450	0.0750	8.10837938e+09
0.0250	0.0550	0.0550	4.31320462e+09
0.0250	0.0550	0.0650	4.02099799e+09
0.0250	0.0550	0.0750	4.00385406e+09
0.0250	0.0550	0.0850	2.48906919e+09
0.0250	0.0650	0.0650	2.16171179e+09
0.0250	0.0650	0.0750	2.58351457e+09
0.0250	0.0650	0.0850	4.19401277e+09
0.0250	0.0650	0.0950	5.17932857e+09
0.0250	0.0750	0.0750	2.50372111e+09
0.0250	0.0750	0.0850	2.93157471e+09
0.0250	0.0750	0.0950	3.64177191e+09
0.0250	0.0750	0.1050	3.60965699e+09
0.0250	0.0850	0.0850	2.41181149e+09
0.0250	0.0850	0.0950	2.88949859e+09
0.0250	0.0850	0.1050	3.87666139e+09
0.0250	0.0850	0.1150	3.47503879e+09
0.0250	0.0950	0.0950	1.20034272e+09
0.0250	0.0950	0.1050	1.83853283e+09
0.0250	0.0950	0.1150	2.72312754e+09
0.0250	0.0950	0.1250	2.13148322e+09
0.0250	0.1050	0.1050	1.63093856e+09
0.0250	0.1050	0.1150	1.53807201e+09
0.0250	0.1050	0.1250	2.23261296e+09
0.0250	0.1050	0.1350	2.53928306e+09
0.0250	0.1150	0.1150	1.51009964e+09
0.0250	0.1150	0.1250	1.48142022e+09
0.0250	0.1150	0.1350	1.83085318e+09
0.0250	0.1150	0.1450	2.95807550e+09
0.0250	0.1250	0.1250	1.47290540e+09
0.0250	0.1250	0.1350	1.71149303e+09
0.0250	0.1250	0.1450	1.75360421e+09
0.0250	0.1350	0.1350	1.60110877e+09
0.0250	0.1350	0.1450	1.35589323e+09
0.0250	0.1450	0.1450	1.16546371e+09
0.0350	0.0350	0.0350	7.84498806e+09
0.0350	0.0350	0.0450	2.28479382e+08
0.0350	0.0350	0.0550	3.14660194e+09
0.0350	0.0350	0.0650	6.54686261e+09
0.0350	0.0350	0.0750	5.38434986e+09
0.0350	0.0450	0.0450	3.68589615e+09
0.0350	0.0450	0.0550	1.64046671e+09
0.0350	0.0450	0.0650	3.19905899e+09
0.0350	0.0450	0.0750	4.64594807e+09
0.0350	0.0450	0.0850	5.88392946e+09
0.0350	0.0550	0.0550	4.44777677e+08
0.0350	0.0550	0.0650	4.15367822e+09
0.0350	0.0550	0.0750	3.01770508e+09
0.0350	0.0550	0.0850	3.82867890e+09
0.0350	0.0550	0.0950	5.59435378e+09
0.0350	0.0650	0.0650	1.23695529e+09
0.0350	0.0650	0.0750	3.46440912e+09
0.0350	0.0650	0.0850	3.38244232e+09
0.0350	0.0650	0.0950	3.44806894e+09
0.0350	0.0650	0.1050	2.68474772e+09
0.0350	0.0750	0.0750	4.91092902e+08
0.0350	0.0750	0.0850	1.88933497e+09
0.0350	0.0750	0.0950	2.50036747e+09
0.0350	0.0750	0.1050	3.03272499e+09
0.0350	0.0750	0.1150	2.85608566e+09
0.0350	0.0850	0.0850	1.72141268e+09
0.0350	0.0850	0.0950	1.77197555e+09
0.0350	0.0850	0.1050	2.07847600e+09
0.0350	0.0850	0.1150	2.99029865e+09
0.0350	0.0850	0.1250	3.17047713e+09
0.0350	0.0950	0.0950	1.79157138e+09
0.0350	0.0950	0.1050	1.16679354e+09
0.0350	0.0950	0.1150	1.45627250e+09
0.0350	0.0950	0.1250	2.16692543e+09
0.0350	0.0950	0.1350	2.31709917e+09
0.0350	0.1050	0.1050	1.80004020e+09
0.0350	0.1050	0.1150	1.45017387e+09
0.0350	0.1050	0.1250	1.71074630e+09
0.0350	0.1050	0.1350	1.78014117e+09
0.0350	0.1050	0.1450	2.48029323e+09
0.0350	0.1150	0.1150	1.92473310e+09
0.0350	0.1150	0.1250	1.32306779e+09
0.0350	0.1150	0.1350	1.66451559e+09
0.0350	0.1150	0.1450	2.13830369e+09
0.0350	0.1250	0.1250	1.35855436e+09
0.0350	0.1250	0.1350	1.49886763e+09
0.0350	0.1250	0.1450	1.36647178e+09
0.0350	0.1350	0.1350	1.34590935e+09
0.0350	0.1350	0.1450	1.17405137e+09
0.0350	0.1450	0.1450	1.08401659e+09
0.0450	0.0450	0.0450	3.72908668e+09
0.0450	0.0450	0.0550	2.86896734e+09
0.0450	0.0450	0.0650	1.26810894e+09
0.0450	0.0450	0.0750	2.72368361e+09
0.0450	0.0450	0.0850	2.48263299e+09
0.0450	0.0450	0.0950	3.11211059e+09
0.0450	0.0550	0.0550	2.02237272e+09
0.0450	0.0550	0.0650	2.76351569e+09
0.0450	0.0550	0.0750	1.95116646e+09
0.0450	0.0550	0.0850	2.55562294e+09
0.0450	0.0550	0.0950	2.78928890e+09
0.0450	0.0550	0.1050	2.45649149e+09
0.0450	0.0650	0.0650	1.80397659e+09
0.0450	0.0650	0.0750	2.33732815e+09
0.0450	0.0650	0.0850	1.74299869e+09
0.0450	0.0650	0.0950	1.89244321e+09
0.0450	0.0650	0.1050	2.59593363e+09
0.0450	0.0650	0.1150	2.51188510e+09
0.0450	0.0750	0.0750	2.12883497e+09
0.0450	0.0750	0.0850	1.36477218e+09
0.0450	0.0750	0.0950	2.33641157e+09
0.0450	0.0750	0.1050	1.76886855e+09
0.0450	0.0750	0.1150	2.71942601e+09
0.0450	0.0750	0.1250	1.96449226e+09
0.0450	0.0850	0.0850	2.71021932e+09
0.0450	0.0850	0.0950	1.85825705e+09
0.0450	0.0850	0.1050	1.07556068e+09
0.0450	0.0850	0.1150	1.76458375e+09
0.0450	0.0850	0.1250	2.35304217e+09
0.0450	0.0850	0.1350	2.10686584e+09
0.0450	0.0950	0.0950	1.23915179e+09
0.0450	0.0950	0.1050	1.53496616e+09
0.0450	0.0950	0.1150	1.64180234e+09
0.0450	0.0950	0.1250	1.30940324e+09
0.0450	0.0950	0.1350	1.87892711e+09
0.0450	0.0950	0.1450	8.39225644e+08
0.0450	0.1050	0.1050	7.81855462e+08
0.0450	0.1050	0.1150	1.28668480e+09
0.0450	0.1050	0.1250	1.19155381e+09
0.0450	0.1050	0.1350	1.33448811e+09
0.0450	0.1050	0.1450	1.42754387e+09
0.0450	0.1150	0.1150	8.20434569e+08
0.0450	0.1150	0.1250	1.37260627e+09
0.0450	0.1150	0.1350	1.23390299e+09
0.0450	0.1150	0.1450	1.37066257e+09
0.0450	0.1250	0.1250	9.82875710e+08
0.0450	0.1250	0.1350	8.76730649e+08
0.0450	0.1250	0.1450	1.05466960e+09
0.0450	0.1350	0.1350	1.02355864e+09
0.0450	0.1350	0.1450	7.49586703e+08
0.0450	0.1450	0.1450	1.01628322e+09
0.0550	0.0550	0.0550	-4.05767343e+08
0.0550	0.0550	0.0650	1.01729801e+09
0.0550	0.0550	0.0750	2.21590426e+09
0.0550	0.0550	0.0850	1.85115362e+09
0.0550	0.0550	0.0950	2.32329754e+09
0.0550	0.0550	0.1050	1.80087317e+09
0.0550	0.0550	0.1150	2.38144764e+09
0.0550	0.0650	0.0650	8.64368361e+08
0.0550	0.0650	0.0750	2.05166552e+09
0.0550	0.0650	0.0850	1.68745862e+09
0.0550	0.0650	0.0950	1.63574817e+09
0.0550	0.0650	0.1050	2.01813231e+09
0.0550	0.0650	0.1150	2.09260820e+09
0.0550	0.0650	0.1250	2.43041884e+09
0.0550	0.0750	0.0750	1.33775946e+09
0.0550	0.0750	0.0850	1.55025106e+09
0.0550	0.0750	0.0950	1.20734019e+09
0.0550	0.0750	0.1050	1.32191742e+09
0.0550	0.0750	0.1150	1.49392058e+09
0.0550	0.0750	0.1250	2.39418120e+09
0.0550	0.0750	0.1350	2.03690195e+09
0.0550	0.0850	0.0850	1.26127658e+09
0.0550	0.0850	0.0950	8.83284304e+08
0.0550	0.0850	0.1050	1.17604022e+09
0.0550	0.0850	0.1150	1.09980334e+09
0.0550	0.0850	0.1250	1.09941328e+09
0.0550	0.0850	0.1350	1.49320830e+09
0.0550	0.0850	0.1450	2.31075399e+09
0.0550	0.0950	0.0950	4.93471122e+08
0.0550	0.0950	0.1050	1.34248174e+09
0.0550	0.0950	0.1150	1.05469853e+09
0.0550	0.0950	0.1250	1.04722031e+09
0.0550	0.0950	0.1350	1.29579699e+09
0.0550	0.0950	0.1450	1.21340779e+09
0.0550	0.1050	0.1050	3.77853187e+08
0.0550	0.1050	0.1150	1.04353543e+09
0.0550	0.1050	0.1250	8.22654640e+08
0.0550	0.1050	0.1350	9.21412058e+08
0.0550	0.1050	0.1450	1.09077427e+09
0.0550	0.1150	0.1150	1.02647177e+09
0.0550	0.1150	0.1250	1.01092474e+09
0.0550	0.1150	0.1350	8.97303841e+08
0.0550	0.1150	0.1450	8.67653414e+08
0.0550	0.1250	0.1250	5.13733486e+08
0.0550	0.1250	0.1350	9.50784804e+08
0.0550	0.1250	0.1450	7.81198067e+08
0.0550	0.1350	0.1350	7.51189270e+08
0.0550	0.1350	0.1450	8.67415421e+08
0.0550	0.1450	0.1450	5.29464991e+08
0.0650	0.0650	0.0650	3.32045679e+09
0.0650	0.0650	0.0750	2.25397665e+08
0.0650	0.0650	0.0850	1.23190048e+09
0.0650	0.0650	0.0950	1.11561802e+09
0.0650	0.0650	0.1050	1.07060869e+09
0.0650	0.0650	0.1150	1.35413779e+09
0.0650	0.0650	0.1250	2.04720589e+09
0.0650	0.0650	0.1350	2.11183986e+09
0.0650	0.0750	0.0750	1.89605499e+09
0.0650	0.0750	0.0850	1.44979113e+09
0.0650	0.0750	0.0950	1.30444289e+09
0.0650	0.0750	0.1050	1.51843393e+09
0.0650	0.0750	0.1150	1.36700763e+09
0.0650	0.0750	0.1250	1.82704247e+09
0.0650	0.0750	0.1350	1.93775683e+09
0.0650	0.0750	0.1450	1.81434814e+09
0.0650	0.0850	0.0850	1.30149417e+09
0.0650	0.0850	0.0950	1.45803576e+09
0.0650	0.0850	0.1050	8.67301278e+08
0.0650	0.0850	0.1150	1.58253088e+09
0.0650	0.0850	0.1250	1.19822225e+09
0.0650	0.0850	0.1350	1.69848516e+09
0.0650	0.0850	0.1450	1.54381454e+09
0.0650	0.0950	0.0950	1.19623361e+09
0.0650	0.0950	0.1050	8.26590037e+08
0.0650	0.0950	0.1150	9.43650951e+08
0.0650	0.0950	0.1250	1.04930537e+09
0.0650	0.0950	0.1350	1.20205048e+09
0.0650	0.0950	0.1450	1.15102149e+09
0.0650	0.1050	0.1050	1.20399716e+09
0.0650	0.1050	0.1150	8.76753646e+08
0.0650	0.1050	0.1250	9.20276880e+08
0.0650	0.1050	0.1350	1.20196481e+09
0.0650	0.1050	0.1450	9.11462566e+08
0.0650	0.1150	0.1150	1.23591388e+09
0.0650	0.1150	0.1250	9.30704342e+08
0.0650	0.1150	0.1350	8.65742850e+08
0.0650	0.1150	0.1450	8.88039073e+08
0.0650	0.1250	0.1250	9.76735658e+08
0.0650	0.1250	0.1350	8.54788723e+08
0.0650	0.1250	0.1450	1.00228680e+09
0.0650	0.1350	0.1350	7.01617726e+08
0.0650	0.1350	0.1450	7.24515962e+08
0.0650	0.1450	0.1450	6.66972829e+08
0.0750	0.0750	0.0750	1.95649868e+09
0.0750	0.0750	0.0850	6.58507062e+08
0.0750	0.0750	0.0950	1.40098604e+09
0.0750	0.0750	0.1050	1.23185909e+09
0.0750	0.0750	0.1150	1.43640053e+09
0.0750	0.0750	0.1250	1.43020233e+09
0.0750	0.0750	0.1350	1.16404756e+09
0.0750	0.0750	0.1450	1.52042404e+09
0.0750	0.0850	0.0850	1.48523945e+09
0.0750	0.0850	0.0950	6.96489709e+08
0.0750	0.0850	0.1050	9.03361628e+08
0.0750	0.0850	0.1150	1.09884291e+09
0.0750	0.0850	0.1250	1.12303215e+09
0.0750	0.0850	0.1350	1.03653387e+09
0.0750	0.0850	0.1450	1.36757849e+09
0.0750	0.0950	0.0950	1.01866375e+09
0.0750	0.0950	0.1050	1.00234194e+09
0.0750	0.0950	0.1150	9.93802680e+08
0.0750	0.0950	0.1250	9.16383215e+08
0.0750	0.0950	0.1350	6.64139388e+08
0.0750	0.0950	0.1450	8.59795734e+08
0.0750	0.1050	0.1050	4.39927089e+08
0.0750	0.1050	0.1150	8.15429140e+08
0.0750	0.1050	0.1250	9.30228440e+08
0.0750	0.1050	0.1350	9.15513377e+08
0.0750	0.1050	0.1450	7.31609828e+08
0.0750	0.1150	0.1150	6.70839940e+08
0.0750	0.1150	0.1250	6.54437855e+08
0.0750	0.1150	0.1350	6.48087387e+08
0.0750	0.1150	0.1450	8.21052126e+08
0.0750	0.1250	0.1250	9.96595401e+08
0.0750	0.1250	0.1350	7.69203895e+08
0.0750	0.1250	0.1450	6.01955144e+08
0.0750	0.1350	0.1350	4.94115696e+08
0.0750	0.1350	0.1450	6.58213188e+08
0.0750	0.1450	0.1450	7.10188854e+08
0.0850	0.0850	0.0850	-8.38990983e+07
0.0850	0.0850	0.0950	5.70387837e+08
0.0850	0.0850	0.1050	6.74861313e+08
0.0850	0.0850	0.1150	1.09949736e+09
0.0850	0.0850	0.1250	8.94175435e+08
0.0850	0.0850	0.1350	7.38971582e+08
0.0850	0.0850	0.1450	9.23419287e+08
0.0850	0.0950	0.0950	1.01600238e+09
0.0850	0.0950	0.1050	5.28484969e+08
0.0850	0.0950	0.1150	6.26699069e+08
0.0850	0.0950	0.1250	7.92506514e+08
0.0850	0.0950	0.1350	8.48176833e+08
0.0850	0.0950	0.1450	9.80264054e+08
0.0850	0.1050	0.1050	9.20459889e+08
0.0850	0.1050	0.1150	6.05748221e+08
0.0850	0.1050	0.1250	6.75807056e+08
0.0850	0.1050	0.1350	7.50056433e+08
0.0850	0.1050	0.1450	7.62496347e+08
0.0850	0.1150	0.1150	5.63526243e+08
0.0850	0.1150	0.1250	6.84301780e+08
0.0850	0.1150	0.1350	6.03460033e+08
0.0850	0.1150	0.1450	7.16844144e+08
0.0850	0.1250	0.1250	7.65749278e+08
0.0850	0.1250	0.1350	6.46147326e+08
0.0850	0.1250	0.1450	6.48381016e+08
0.0850	0.1350	0.1350	5.14289477e+08
0.0850	0.1350	0.1450	5.52917592e+08
0.0850	0.1450	0.1450	6.89722331e+08
0.0950	0.0950	0.0950	1.07287046e+09
0.0950	0.0950	0.1050	1.10783945e+09
0.0950	0.0950	0.1150	7.93087886e+08
0.0950	0.0950	0.1250	8.58777337e+08
0.0950	0.0950	0.1350	7.31134268e+08
0.0950	0.0950	0.1450	4.83450305e+08
0.0950	0.1050	0.1050	7.22720965e+08
0.0950	0.1050	0.1150	5.39533029e+08
0.0950	0.1050	0.1250	5.28158600e+08
0.0950	0.1050	0.1350	4.10040134e+08
0.0950	0.1050	0.1450	8.07574647e+08
0.0950	0.1150	0.1150	7.50704105e+08
0.0950	0.1150	0.1250	5.05636659e+08
0.0950	0.1150	0.1350	6.20217348e+08
0.0950	0.1150	0.1450	5.07335611e+08
0.0950	0.1250	0.1250	6.16483248e+08
0.0950	0.1250	0.1350	6.14836556e+08
0.0950	0.1250	0.1450	6.93014060e+08
0.0950	0.1350	0.1350	5.85857229e+08
0.0950	0.1350	0.1450	5.32888515e+08
0.0950	0.1450	0.1450	4.86220060e+08
0.1050	0.1050	0.1050	3.96388707e+08
0.1050	0.1050	0.1150	4.47110400e+08
0.1050	0.1050	0.1250	6.54893265e+08
0.1050	0.1050	0.1350	5.42956333e+08
0.1050	0.1050	0.1450	3.13082661e+08
0.1050	0.1150	0.1150	7.29635813e+08
0.1050	0.1150	0.1250	5.55905142e+08
0.1050	0.1150	0.1350	4.69787465e+08
0.1050	0.1150	0.1450	5.24724193e+08
0.1050	0.1250	0.1250	5.49572182e+08
0.1050	0.1250	0.1350	5.29584468e+08
0.1050	0.1250	0.1450	3.44572783e+08
0.1050	0.1350	0.1350	4.88486817e+08
0.1050	0.1350	0.1450	5.21984438e+08
0.1050	0.1450	0.1450	4.09882521e+08
0.1150	0.1150	0.1150	5.53570676e+08
0.1150	0.1150	0.1250	7.87260655e+08
0.1150	0.1150	0.1350	4.86864485e+08
0.1150	0.1150	0.1450	5.56027931e+08
0.1150	0.1250	0.1250	3.75280253e+08
0.1150	0.1250	0.1350	5.35006359e+08
0.1150	0.1250	0.1450	4.88916624e+08
0.1150	0.1350	0.1350	3.46516738e+08
0.1150	0.1350	0.1450	4.60402586e+08
0.1150	0.1450	0.1450	4.01175452e+08
0.1250	0.1250	0.1250	6.20597143e+08
0.1250	0.1250	0.1350	5.04417042e+08
0.1250	0.1250	0.1450	3.85409975e+08
0.1250	0.1350	0.1350	5.39395729e+08
0.1250	0.1350	0.1450	3.45997215e+08
0.1250	0.1450	0.1450	4.51818870e+08
0.1350	0.1350	0.1350	2.78506606e+08
0.1350	0.1350	0.1450	5.12321154e+08
0.1350	0.1450	0.1450	3.85226525e+08
0.1450	0.1450	0.1450	2.31134292e+08
