####### Bispectrum of Patchy Simulation 1210 #############
# Patch: ngc
# z-type: z3
# Weights: fkp
# Fiducial Omega_m: 0.310
# Fiducial h: 0.676
# Boxsize: [1800.0, 3400.0, 1900.0]
# Grid: [170, 325, 180]
# k-binning: [0.000, 0.160, 0.010]
# Monte Carlo Simulations: 100
#
# Format: k1 | k2 | k3 | B(k1,k2,k3)
############################################
0.0150	0.0150	0.0150	-1.99469706e+10
0.0150	0.0150	0.0250	8.79541722e+09
0.0150	0.0150	0.0350	3.44488956e+10
0.0150	0.0250	0.0250	-3.51609334e+09
0.0150	0.0250	0.0350	1.08648700e+10
0.0150	0.0250	0.0450	2.39188459e+09
0.0150	0.0350	0.0350	1.37622980e+10
0.0150	0.0350	0.0450	1.00344465e+10
0.0150	0.0350	0.0550	1.47049321e+10
0.0150	0.0450	0.0450	1.84357116e+09
0.0150	0.0450	0.0550	8.51685876e+09
0.0150	0.0450	0.0650	4.75995504e+09
0.0150	0.0550	0.0550	2.82740141e+09
0.0150	0.0550	0.0650	5.36231706e+09
0.0150	0.0550	0.0750	1.22379191e+10
0.0150	0.0650	0.0650	5.35935456e+09
0.0150	0.0650	0.0750	4.36711859e+09
0.0150	0.0650	0.0850	8.56910863e+09
0.0150	0.0750	0.0750	2.97151529e+09
0.0150	0.0750	0.0850	4.88524392e+09
0.0150	0.0750	0.0950	5.02633204e+09
0.0150	0.0850	0.0850	2.93133633e+09
0.0150	0.0850	0.0950	3.01500190e+09
0.0150	0.0850	0.1050	2.66191388e+09
0.0150	0.0950	0.0950	2.46083785e+09
0.0150	0.0950	0.1050	2.98951325e+09
0.0150	0.0950	0.1150	4.41809328e+09
0.0150	0.1050	0.1050	1.56664340e+09
0.0150	0.1050	0.1150	2.89474229e+09
0.0150	0.1050	0.1250	2.45062713e+09
0.0150	0.1150	0.1150	2.26247820e+09
0.0150	0.1150	0.1250	2.19302356e+09
0.0150	0.1150	0.1350	4.15229664e+09
0.0150	0.1250	0.1250	7.19907008e+08
0.0150	0.1250	0.1350	2.58899572e+09
0.0150	0.1250	0.1450	3.44055406e+09
0.0150	0.1350	0.1350	2.99012006e+09
0.0150	0.1350	0.1450	2.25686846e+09
0.0150	0.1450	0.1450	1.56988945e+09
0.0250	0.0250	0.0250	1.55830549e+10
0.0250	0.0250	0.0350	2.63881974e+09
0.0250	0.0250	0.0450	6.65869776e+09
0.0250	0.0250	0.0550	2.77244750e+09
0.0250	0.0350	0.0350	6.80239829e+08
0.0250	0.0350	0.0450	8.86358756e+09
0.0250	0.0350	0.0550	3.87726728e+09
0.0250	0.0350	0.0650	6.85080181e+09
0.0250	0.0450	0.0450	3.40107862e+09
0.0250	0.0450	0.0550	2.53990374e+09
0.0250	0.0450	0.0650	5.06248500e+09
0.0250	0.0450	0.0750	4.71260741e+09
0.0250	0.0550	0.0550	2.91902247e+09
0.0250	0.0550	0.0650	4.03519571e+09
0.0250	0.0550	0.0750	4.27534402e+09
0.0250	0.0550	0.0850	4.98309735e+09
0.0250	0.0650	0.0650	1.85091925e+09
0.0250	0.0650	0.0750	3.12727162e+09
0.0250	0.0650	0.0850	4.09933937e+09
0.0250	0.0650	0.0950	3.94194694e+09
0.0250	0.0750	0.0750	1.84907777e+09
0.0250	0.0750	0.0850	1.80223051e+09
0.0250	0.0750	0.0950	3.39650547e+09
0.0250	0.0750	0.1050	4.66574694e+09
0.0250	0.0850	0.0850	1.90796208e+09
0.0250	0.0850	0.0950	1.63033182e+09
0.0250	0.0850	0.1050	2.50130089e+09
0.0250	0.0850	0.1150	2.84284621e+09
0.0250	0.0950	0.0950	1.47453881e+09
0.0250	0.0950	0.1050	1.89775333e+09
0.0250	0.0950	0.1150	2.16357441e+09
0.0250	0.0950	0.1250	3.57309596e+09
0.0250	0.1050	0.1050	1.62556711e+09
0.0250	0.1050	0.1150	1.50027890e+09
0.0250	0.1050	0.1250	2.49394505e+09
0.0250	0.1050	0.1350	2.64347643e+09
0.0250	0.1150	0.1150	9.06447409e+08
0.0250	0.1150	0.1250	1.62025016e+09
0.0250	0.1150	0.1350	2.08257552e+09
0.0250	0.1150	0.1450	1.65074903e+09
0.0250	0.1250	0.1250	2.57918146e+09
0.0250	0.1250	0.1350	1.42094870e+09
0.0250	0.1250	0.1450	1.95593441e+09
0.0250	0.1350	0.1350	1.23611231e+09
0.0250	0.1350	0.1450	1.48110022e+09
0.0250	0.1450	0.1450	1.47663493e+09
0.0350	0.0350	0.0350	1.60204945e+10
0.0350	0.0350	0.0450	6.71671088e+09
0.0350	0.0350	0.0550	4.14005437e+09
0.0350	0.0350	0.0650	7.13361480e+09
0.0350	0.0350	0.0750	6.85813704e+09
0.0350	0.0450	0.0450	1.47402974e+09
0.0350	0.0450	0.0550	4.45452632e+09
0.0350	0.0450	0.0650	4.55810350e+09
0.0350	0.0450	0.0750	4.07766246e+09
0.0350	0.0450	0.0850	3.83244143e+09
0.0350	0.0550	0.0550	4.34117376e+09
0.0350	0.0550	0.0650	3.37532826e+09
0.0350	0.0550	0.0750	2.63117678e+09
0.0350	0.0550	0.0850	3.76683793e+09
0.0350	0.0550	0.0950	3.83839920e+09
0.0350	0.0650	0.0650	4.47077335e+09
0.0350	0.0650	0.0750	2.37293024e+09
0.0350	0.0650	0.0850	1.94897621e+09
0.0350	0.0650	0.0950	3.36460604e+09
0.0350	0.0650	0.1050	4.03947610e+09
0.0350	0.0750	0.0750	1.04209980e+09
0.0350	0.0750	0.0850	2.82807161e+09
0.0350	0.0750	0.0950	3.23158021e+09
0.0350	0.0750	0.1050	2.87208021e+09
0.0350	0.0750	0.1150	3.92898659e+09
0.0350	0.0850	0.0850	1.90569372e+09
0.0350	0.0850	0.0950	2.61229951e+09
0.0350	0.0850	0.1050	2.20363319e+09
0.0350	0.0850	0.1150	3.47435300e+09
0.0350	0.0850	0.1250	1.89323813e+09
0.0350	0.0950	0.0950	2.14824014e+09
0.0350	0.0950	0.1050	1.94259421e+09
0.0350	0.0950	0.1150	1.91571259e+09
0.0350	0.0950	0.1250	2.07898059e+09
0.0350	0.0950	0.1350	3.04999974e+09
0.0350	0.1050	0.1050	1.43084444e+09
0.0350	0.1050	0.1150	1.52822415e+09
0.0350	0.1050	0.1250	1.55350564e+09
0.0350	0.1050	0.1350	2.01938493e+09
0.0350	0.1050	0.1450	1.58242838e+09
0.0350	0.1150	0.1150	1.66615794e+09
0.0350	0.1150	0.1250	8.69310498e+08
0.0350	0.1150	0.1350	1.43514405e+09
0.0350	0.1150	0.1450	1.71697224e+09
0.0350	0.1250	0.1250	1.17918046e+09
0.0350	0.1250	0.1350	1.13183317e+09
0.0350	0.1250	0.1450	1.40811275e+09
0.0350	0.1350	0.1350	9.78926022e+08
0.0350	0.1350	0.1450	1.23394600e+09
0.0350	0.1450	0.1450	1.22614775e+09
0.0450	0.0450	0.0450	4.23478336e+09
0.0450	0.0450	0.0550	7.69407257e+08
0.0450	0.0450	0.0650	1.22462656e+09
0.0450	0.0450	0.0750	2.60079759e+09
0.0450	0.0450	0.0850	2.77026979e+09
0.0450	0.0450	0.0950	1.11042354e+09
0.0450	0.0550	0.0550	3.61450625e+09
0.0450	0.0550	0.0650	1.77071705e+09
0.0450	0.0550	0.0750	1.78710208e+09
0.0450	0.0550	0.0850	2.34006634e+09
0.0450	0.0550	0.0950	3.45191126e+09
0.0450	0.0550	0.1050	3.98398438e+09
0.0450	0.0650	0.0650	1.25802951e+09
0.0450	0.0650	0.0750	1.72254169e+09
0.0450	0.0650	0.0850	2.14072216e+09
0.0450	0.0650	0.0950	2.90789229e+09
0.0450	0.0650	0.1050	2.91561709e+09
0.0450	0.0650	0.1150	3.62258202e+09
0.0450	0.0750	0.0750	1.74596076e+09
0.0450	0.0750	0.0850	2.12926038e+09
0.0450	0.0750	0.0950	2.18982710e+09
0.0450	0.0750	0.1050	1.65409818e+09
0.0450	0.0750	0.1150	2.54514603e+09
0.0450	0.0750	0.1250	2.53746919e+09
0.0450	0.0850	0.0850	1.90091264e+09
0.0450	0.0850	0.0950	1.47125402e+09
0.0450	0.0850	0.1050	9.95095804e+08
0.0450	0.0850	0.1150	1.77752199e+09
0.0450	0.0850	0.1250	2.21552892e+09
0.0450	0.0850	0.1350	9.02468375e+08
0.0450	0.0950	0.0950	1.45292742e+09
0.0450	0.0950	0.1050	1.25643647e+09
0.0450	0.0950	0.1150	1.40262552e+09
0.0450	0.0950	0.1250	1.41102334e+09
0.0450	0.0950	0.1350	1.78884090e+09
0.0450	0.0950	0.1450	2.12164137e+09
0.0450	0.1050	0.1050	1.29045716e+09
0.0450	0.1050	0.1150	1.15922678e+09
0.0450	0.1050	0.1250	1.18537932e+09
0.0450	0.1050	0.1350	1.22770732e+09
0.0450	0.1050	0.1450	1.54063281e+09
0.0450	0.1150	0.1150	1.36949401e+09
0.0450	0.1150	0.1250	1.29796505e+09
0.0450	0.1150	0.1350	1.24293211e+09
0.0450	0.1150	0.1450	1.22401375e+09
0.0450	0.1250	0.1250	8.87636520e+08
0.0450	0.1250	0.1350	8.78795926e+08
0.0450	0.1250	0.1450	1.11350625e+09
0.0450	0.1350	0.1350	1.16523388e+09
0.0450	0.1350	0.1450	8.72745460e+08
0.0450	0.1450	0.1450	7.92644992e+08
0.0550	0.0550	0.0550	4.33716146e+09
0.0550	0.0550	0.0650	2.37482291e+09
0.0550	0.0550	0.0750	2.57705214e+09
0.0550	0.0550	0.0850	3.07292665e+09
0.0550	0.0550	0.0950	1.88155201e+09
0.0550	0.0550	0.1050	2.52466259e+09
0.0550	0.0550	0.1150	3.67242963e+09
0.0550	0.0650	0.0650	1.73257096e+09
0.0550	0.0650	0.0750	1.53353078e+09
0.0550	0.0650	0.0850	1.61780756e+09
0.0550	0.0650	0.0950	1.50228332e+09
0.0550	0.0650	0.1050	1.78346461e+09
0.0550	0.0650	0.1150	2.31517786e+09
0.0550	0.0650	0.1250	2.43093226e+09
0.0550	0.0750	0.0750	2.14176591e+09
0.0550	0.0750	0.0850	1.27594901e+09
0.0550	0.0750	0.0950	1.28361665e+09
0.0550	0.0750	0.1050	1.44825740e+09
0.0550	0.0750	0.1150	2.03813782e+09
0.0550	0.0750	0.1250	2.26039177e+09
0.0550	0.0750	0.1350	2.10450870e+09
0.0550	0.0850	0.0850	7.05613423e+08
0.0550	0.0850	0.0950	1.50194086e+09
0.0550	0.0850	0.1050	1.45924437e+09
0.0550	0.0850	0.1150	1.13721210e+09
0.0550	0.0850	0.1250	1.45084144e+09
0.0550	0.0850	0.1350	1.78580888e+09
0.0550	0.0850	0.1450	1.81480508e+09
0.0550	0.0950	0.0950	1.63745462e+09
0.0550	0.0950	0.1050	1.08193332e+09
0.0550	0.0950	0.1150	1.50049164e+09
0.0550	0.0950	0.1250	1.07566986e+09
0.0550	0.0950	0.1350	1.38805561e+09
0.0550	0.0950	0.1450	1.68015128e+09
0.0550	0.1050	0.1050	6.39145123e+08
0.0550	0.1050	0.1150	9.20469342e+08
0.0550	0.1050	0.1250	1.00476801e+09
0.0550	0.1050	0.1350	1.18141100e+09
0.0550	0.1050	0.1450	1.19778054e+09
0.0550	0.1150	0.1150	1.48605269e+09
0.0550	0.1150	0.1250	8.24508111e+08
0.0550	0.1150	0.1350	8.61194808e+08
0.0550	0.1150	0.1450	9.78702115e+08
0.0550	0.1250	0.1250	7.83746025e+08
0.0550	0.1250	0.1350	8.72711886e+08
0.0550	0.1250	0.1450	9.00237470e+08
0.0550	0.1350	0.1350	8.75166807e+08
0.0550	0.1350	0.1450	7.25789609e+08
0.0550	0.1450	0.1450	7.34779054e+08
0.0650	0.0650	0.0650	2.90648113e+09
0.0650	0.0650	0.0750	1.36876814e+09
0.0650	0.0650	0.0850	6.17466063e+08
0.0650	0.0650	0.0950	1.95967790e+09
0.0650	0.0650	0.1050	1.82993362e+09
0.0650	0.0650	0.1150	2.12728589e+09
0.0650	0.0650	0.1250	2.73719784e+09
0.0650	0.0650	0.1350	2.01584269e+09
0.0650	0.0750	0.0750	6.69228622e+08
0.0650	0.0750	0.0850	2.10333895e+09
0.0650	0.0750	0.0950	1.28703152e+09
0.0650	0.0750	0.1050	1.22118946e+09
0.0650	0.0750	0.1150	1.22031332e+09
0.0650	0.0750	0.1250	1.25877737e+09
0.0650	0.0750	0.1350	2.00493319e+09
0.0650	0.0750	0.1450	1.75780053e+09
0.0650	0.0850	0.0850	1.07507609e+09
0.0650	0.0850	0.0950	1.20623932e+09
0.0650	0.0850	0.1050	1.27349031e+09
0.0650	0.0850	0.1150	1.37787437e+09
0.0650	0.0850	0.1250	1.23356894e+09
0.0650	0.0850	0.1350	1.51360109e+09
0.0650	0.0850	0.1450	1.71493516e+09
0.0650	0.0950	0.0950	8.88386134e+08
0.0650	0.0950	0.1050	1.20453819e+09
0.0650	0.0950	0.1150	7.65496344e+08
0.0650	0.0950	0.1250	1.19118588e+09
0.0650	0.0950	0.1350	9.86445780e+08
0.0650	0.0950	0.1450	1.09710422e+09
0.0650	0.1050	0.1050	1.06653004e+09
0.0650	0.1050	0.1150	9.91366279e+08
0.0650	0.1050	0.1250	6.83638793e+08
0.0650	0.1050	0.1350	9.66414132e+08
0.0650	0.1050	0.1450	9.98829600e+08
0.0650	0.1150	0.1150	4.67023882e+08
0.0650	0.1150	0.1250	9.18946574e+08
0.0650	0.1150	0.1350	9.05798599e+08
0.0650	0.1150	0.1450	9.69536780e+08
0.0650	0.1250	0.1250	8.54753428e+08
0.0650	0.1250	0.1350	5.69183123e+08
0.0650	0.1250	0.1450	8.22187636e+08
0.0650	0.1350	0.1350	1.10532213e+09
0.0650	0.1350	0.1450	6.22199044e+08
0.0650	0.1450	0.1450	5.57546159e+08
0.0750	0.0750	0.0750	2.34709012e+09
0.0750	0.0750	0.0850	8.96037523e+08
0.0750	0.0750	0.0950	8.31219985e+08
0.0750	0.0750	0.1050	9.08699975e+08
0.0750	0.0750	0.1150	1.11417625e+09
0.0750	0.0750	0.1250	1.29112782e+09
0.0750	0.0750	0.1350	1.59833535e+09
0.0750	0.0750	0.1450	1.94626830e+09
0.0750	0.0850	0.0850	1.32251068e+09
0.0750	0.0850	0.0950	1.00676215e+09
0.0750	0.0850	0.1050	1.16640041e+09
0.0750	0.0850	0.1150	1.01743638e+09
0.0750	0.0850	0.1250	1.20133089e+09
0.0750	0.0850	0.1350	1.02385967e+09
0.0750	0.0850	0.1450	1.06875866e+09
0.0750	0.0950	0.0950	1.09879778e+09
0.0750	0.0950	0.1050	1.08434395e+09
0.0750	0.0950	0.1150	8.43548212e+08
0.0750	0.0950	0.1250	8.61364510e+08
0.0750	0.0950	0.1350	1.18987531e+09
0.0750	0.0950	0.1450	1.03981169e+09
0.0750	0.1050	0.1050	2.06170733e+08
0.0750	0.1050	0.1150	1.07358780e+09
0.0750	0.1050	0.1250	7.36749327e+08
0.0750	0.1050	0.1350	7.99928293e+08
0.0750	0.1050	0.1450	6.32734272e+08
0.0750	0.1150	0.1150	9.41929182e+08
0.0750	0.1150	0.1250	7.90243231e+08
0.0750	0.1150	0.1350	7.52133148e+08
0.0750	0.1150	0.1450	6.40031400e+08
0.0750	0.1250	0.1250	6.36760171e+08
0.0750	0.1250	0.1350	8.13088225e+08
0.0750	0.1250	0.1450	6.02498992e+08
0.0750	0.1350	0.1350	7.57982329e+08
0.0750	0.1350	0.1450	7.92110549e+08
0.0750	0.1450	0.1450	4.79935419e+08
0.0850	0.0850	0.0850	1.56349038e+09
0.0850	0.0850	0.0950	1.36527225e+09
0.0850	0.0850	0.1050	1.00324369e+09
0.0850	0.0850	0.1150	1.11705006e+09
0.0850	0.0850	0.1250	5.18024610e+08
0.0850	0.0850	0.1350	1.18084915e+09
0.0850	0.0850	0.1450	9.54284659e+08
0.0850	0.0950	0.0950	6.24072785e+08
0.0850	0.0950	0.1050	7.91762406e+08
0.0850	0.0950	0.1150	7.11002820e+08
0.0850	0.0950	0.1250	8.85052182e+08
0.0850	0.0950	0.1350	8.95426333e+08
0.0850	0.0950	0.1450	7.97232544e+08
0.0850	0.1050	0.1050	1.01081689e+09
0.0850	0.1050	0.1150	6.02040044e+08
0.0850	0.1050	0.1250	6.83790677e+08
0.0850	0.1050	0.1350	7.29893109e+08
0.0850	0.1050	0.1450	5.80653140e+08
0.0850	0.1150	0.1150	7.14946625e+08
0.0850	0.1150	0.1250	7.33137384e+08
0.0850	0.1150	0.1350	7.69948100e+08
0.0850	0.1150	0.1450	7.77208108e+08
0.0850	0.1250	0.1250	5.19642118e+08
0.0850	0.1250	0.1350	5.66043930e+08
0.0850	0.1250	0.1450	6.92712959e+08
0.0850	0.1350	0.1350	5.64814349e+08
0.0850	0.1350	0.1450	6.04332893e+08
0.0850	0.1450	0.1450	5.70123337e+08
0.0950	0.0950	0.0950	1.37028337e+09
0.0950	0.0950	0.1050	7.79971925e+08
0.0950	0.0950	0.1150	7.05204849e+08
0.0950	0.0950	0.1250	5.55076038e+08
0.0950	0.0950	0.1350	6.68380106e+08
0.0950	0.0950	0.1450	5.34681210e+08
0.0950	0.1050	0.1050	5.82129463e+08
0.0950	0.1050	0.1150	6.67923427e+08
0.0950	0.1050	0.1250	5.66615606e+08
0.0950	0.1050	0.1350	7.22454590e+08
0.0950	0.1050	0.1450	8.13756815e+08
0.0950	0.1150	0.1150	7.64869996e+08
0.0950	0.1150	0.1250	7.07355566e+08
0.0950	0.1150	0.1350	7.43765462e+08
0.0950	0.1150	0.1450	3.56673481e+08
0.0950	0.1250	0.1250	5.40534898e+08
0.0950	0.1250	0.1350	5.40699849e+08
0.0950	0.1250	0.1450	6.87403038e+08
0.0950	0.1350	0.1350	6.65853072e+08
0.0950	0.1350	0.1450	4.96310736e+08
0.0950	0.1450	0.1450	5.13292370e+08
0.1050	0.1050	0.1050	9.47099558e+08
0.1050	0.1050	0.1150	4.72786736e+08
0.1050	0.1050	0.1250	6.50151665e+08
0.1050	0.1050	0.1350	4.83066464e+08
0.1050	0.1050	0.1450	5.23378038e+08
0.1050	0.1150	0.1150	6.76877708e+08
0.1050	0.1150	0.1250	4.19038747e+08
0.1050	0.1150	0.1350	6.80512848e+08
0.1050	0.1150	0.1450	5.49783473e+08
0.1050	0.1250	0.1250	5.92369320e+08
0.1050	0.1250	0.1350	4.89456096e+08
0.1050	0.1250	0.1450	4.66765599e+08
0.1050	0.1350	0.1350	4.99834987e+08
0.1050	0.1350	0.1450	4.70025061e+08
0.1050	0.1450	0.1450	3.66087753e+08
0.1150	0.1150	0.1150	5.59538397e+08
0.1150	0.1150	0.1250	7.37981317e+08
0.1150	0.1150	0.1350	4.63800972e+08
0.1150	0.1150	0.1450	6.67433694e+08
0.1150	0.1250	0.1250	4.25497024e+08
0.1150	0.1250	0.1350	5.21692844e+08
0.1150	0.1250	0.1450	3.66951809e+08
0.1150	0.1350	0.1350	4.07569114e+08
0.1150	0.1350	0.1450	5.58309177e+08
0.1150	0.1450	0.1450	4.35853219e+08
0.1250	0.1250	0.1250	4.62476754e+08
0.1250	0.1250	0.1350	5.50012990e+08
0.1250	0.1250	0.1450	4.00644989e+08
0.1250	0.1350	0.1350	4.61509957e+08
0.1250	0.1350	0.1450	4.23873810e+08
0.1250	0.1450	0.1450	4.37170046e+08
0.1350	0.1350	0.1350	2.98197204e+08
0.1350	0.1350	0.1450	4.04795042e+08
0.1350	0.1450	0.1450	4.28332433e+08
0.1450	0.1450	0.1450	3.09003362e+08
