####### Bispectrum of Patchy Simulation 879 #############
# Patch: ngc
# z-type: z3
# Weights: fkp
# Fiducial Omega_m: 0.310
# Fiducial h: 0.676
# Boxsize: [1800.0, 3400.0, 1900.0]
# Grid: [170, 325, 180]
# k-binning: [0.000, 0.160, 0.010]
# Monte Carlo Simulations: 100
#
# Format: k1 | k2 | k3 | B(k1,k2,k3)
############################################
0.0150	0.0150	0.0150	-1.34669545e+10
0.0150	0.0150	0.0250	1.29291699e+10
0.0150	0.0150	0.0350	5.74524088e+09
0.0150	0.0250	0.0250	-9.45600369e+09
0.0150	0.0250	0.0350	1.29232743e+10
0.0150	0.0250	0.0450	-1.96650684e+09
0.0150	0.0350	0.0350	1.15408361e+09
0.0150	0.0350	0.0450	5.16836817e+09
0.0150	0.0350	0.0550	-5.31299616e+09
0.0150	0.0450	0.0450	6.57629547e+09
0.0150	0.0450	0.0550	7.21018278e+09
0.0150	0.0450	0.0650	1.84393009e+09
0.0150	0.0550	0.0550	5.60978808e+09
0.0150	0.0550	0.0650	7.10294999e+08
0.0150	0.0550	0.0750	4.70354513e+09
0.0150	0.0650	0.0650	5.72517125e+09
0.0150	0.0650	0.0750	3.93409745e+09
0.0150	0.0650	0.0850	5.19461148e+09
0.0150	0.0750	0.0750	2.52367589e+09
0.0150	0.0750	0.0850	1.52398041e+09
0.0150	0.0750	0.0950	2.91513047e+09
0.0150	0.0850	0.0850	2.02799565e+09
0.0150	0.0850	0.0950	3.19915620e+09
0.0150	0.0850	0.1050	2.38676608e+09
0.0150	0.0950	0.0950	1.90316716e+09
0.0150	0.0950	0.1050	3.14514460e+09
0.0150	0.0950	0.1150	2.02360797e+09
0.0150	0.1050	0.1050	2.22790420e+09
0.0150	0.1050	0.1150	3.10746593e+09
0.0150	0.1050	0.1250	8.53680117e+08
0.0150	0.1150	0.1150	3.00558880e+09
0.0150	0.1150	0.1250	1.82726990e+09
0.0150	0.1150	0.1350	1.88758426e+09
0.0150	0.1250	0.1250	7.57633672e+08
0.0150	0.1250	0.1350	2.14885932e+09
0.0150	0.1250	0.1450	2.81685547e+09
0.0150	0.1350	0.1350	1.50680603e+09
0.0150	0.1350	0.1450	1.69877345e+09
0.0150	0.1450	0.1450	1.92499068e+09
0.0250	0.0250	0.0250	1.13488545e+10
0.0250	0.0250	0.0350	5.41851738e+09
0.0250	0.0250	0.0450	5.73951907e+09
0.0250	0.0250	0.0550	1.53090075e+09
0.0250	0.0350	0.0350	-3.68081894e+09
0.0250	0.0350	0.0450	6.29699849e+09
0.0250	0.0350	0.0550	3.35789367e+09
0.0250	0.0350	0.0650	8.48358503e+09
0.0250	0.0450	0.0450	6.41108553e+09
0.0250	0.0450	0.0550	6.24039336e+09
0.0250	0.0450	0.0650	4.86356486e+09
0.0250	0.0450	0.0750	3.05021100e+09
0.0250	0.0550	0.0550	2.69050899e+09
0.0250	0.0550	0.0650	5.02271245e+09
0.0250	0.0550	0.0750	4.13880579e+09
0.0250	0.0550	0.0850	4.15968429e+09
0.0250	0.0650	0.0650	1.03831334e+09
0.0250	0.0650	0.0750	3.37230866e+09
0.0250	0.0650	0.0850	2.60917200e+09
0.0250	0.0650	0.0950	5.38080732e+09
0.0250	0.0750	0.0750	2.00023799e+09
0.0250	0.0750	0.0850	3.35889120e+09
0.0250	0.0750	0.0950	2.75714416e+09
0.0250	0.0750	0.1050	4.89681552e+09
0.0250	0.0850	0.0850	8.15521571e+08
0.0250	0.0850	0.0950	2.00186923e+09
0.0250	0.0850	0.1050	3.17301213e+09
0.0250	0.0850	0.1150	2.82237841e+09
0.0250	0.0950	0.0950	2.67926273e+09
0.0250	0.0950	0.1050	1.92985912e+09
0.0250	0.0950	0.1150	2.44840401e+09
0.0250	0.0950	0.1250	2.02023078e+09
0.0250	0.1050	0.1050	1.23309720e+09
0.0250	0.1050	0.1150	1.63544496e+09
0.0250	0.1050	0.1250	1.90193187e+09
0.0250	0.1050	0.1350	2.85286821e+09
0.0250	0.1150	0.1150	9.78224626e+08
0.0250	0.1150	0.1250	1.66721260e+09
0.0250	0.1150	0.1350	1.79992399e+09
0.0250	0.1150	0.1450	2.54014782e+09
0.0250	0.1250	0.1250	1.53952103e+09
0.0250	0.1250	0.1350	1.59911098e+09
0.0250	0.1250	0.1450	1.49342932e+09
0.0250	0.1350	0.1350	1.08979723e+09
0.0250	0.1350	0.1450	9.69690833e+08
0.0250	0.1450	0.1450	1.32670143e+09
0.0350	0.0350	0.0350	4.92031798e+09
0.0350	0.0350	0.0450	2.07854017e+09
0.0350	0.0350	0.0550	3.74473148e+09
0.0350	0.0350	0.0650	2.94679893e+09
0.0350	0.0350	0.0750	5.45624002e+09
0.0350	0.0450	0.0450	3.79422065e+09
0.0350	0.0450	0.0550	5.44322647e+08
0.0350	0.0450	0.0650	5.25269782e+09
0.0350	0.0450	0.0750	4.01291829e+09
0.0350	0.0450	0.0850	4.23707718e+09
0.0350	0.0550	0.0550	4.07906006e+09
0.0350	0.0550	0.0650	2.81248873e+09
0.0350	0.0550	0.0750	3.19595110e+09
0.0350	0.0550	0.0850	2.67589096e+09
0.0350	0.0550	0.0950	3.36138770e+09
0.0350	0.0650	0.0650	4.15091919e+09
0.0350	0.0650	0.0750	2.08531052e+09
0.0350	0.0650	0.0850	2.31678003e+09
0.0350	0.0650	0.0950	2.37337617e+09
0.0350	0.0650	0.1050	4.42109260e+09
0.0350	0.0750	0.0750	2.08574753e+09
0.0350	0.0750	0.0850	1.35055313e+09
0.0350	0.0750	0.0950	1.32081841e+09
0.0350	0.0750	0.1050	3.32066135e+09
0.0350	0.0750	0.1150	3.34035241e+09
0.0350	0.0850	0.0850	9.72886251e+08
0.0350	0.0850	0.0950	1.99221386e+09
0.0350	0.0850	0.1050	2.29110330e+09
0.0350	0.0850	0.1150	2.48110257e+09
0.0350	0.0850	0.1250	1.89219023e+09
0.0350	0.0950	0.0950	1.49659895e+09
0.0350	0.0950	0.1050	1.10723751e+09
0.0350	0.0950	0.1150	1.56640082e+09
0.0350	0.0950	0.1250	2.24167987e+09
0.0350	0.0950	0.1350	2.16908434e+09
0.0350	0.1050	0.1050	1.69859598e+09
0.0350	0.1050	0.1150	1.11363201e+09
0.0350	0.1050	0.1250	1.61589577e+09
0.0350	0.1050	0.1350	1.73067723e+09
0.0350	0.1050	0.1450	1.71903658e+09
0.0350	0.1150	0.1150	1.22093238e+09
0.0350	0.1150	0.1250	1.29236342e+09
0.0350	0.1150	0.1350	1.35873617e+09
0.0350	0.1150	0.1450	1.83511051e+09
0.0350	0.1250	0.1250	1.20562548e+09
0.0350	0.1250	0.1350	8.95183104e+08
0.0350	0.1250	0.1450	1.17774914e+09
0.0350	0.1350	0.1350	1.69901021e+09
0.0350	0.1350	0.1450	1.18950738e+09
0.0350	0.1450	0.1450	7.45686225e+08
0.0450	0.0450	0.0450	3.15502612e+09
0.0450	0.0450	0.0550	2.63223705e+09
0.0450	0.0450	0.0650	2.58002922e+09
0.0450	0.0450	0.0750	3.79160527e+09
0.0450	0.0450	0.0850	3.40426134e+09
0.0450	0.0450	0.0950	3.65756634e+09
0.0450	0.0550	0.0550	2.63287851e+09
0.0450	0.0550	0.0650	1.52014534e+09
0.0450	0.0550	0.0750	1.99554330e+09
0.0450	0.0550	0.0850	1.64591906e+09
0.0450	0.0550	0.0950	2.99209416e+09
0.0450	0.0550	0.1050	3.19338732e+09
0.0450	0.0650	0.0650	1.51389602e+09
0.0450	0.0650	0.0750	2.18738133e+09
0.0450	0.0650	0.0850	2.47461253e+09
0.0450	0.0650	0.0950	2.97451157e+09
0.0450	0.0650	0.1050	2.25059824e+09
0.0450	0.0650	0.1150	3.26676631e+09
0.0450	0.0750	0.0750	1.72567514e+09
0.0450	0.0750	0.0850	1.60348173e+09
0.0450	0.0750	0.0950	2.22735507e+09
0.0450	0.0750	0.1050	1.94778206e+09
0.0450	0.0750	0.1150	2.27896491e+09
0.0450	0.0750	0.1250	1.88640432e+09
0.0450	0.0850	0.0850	1.80793084e+09
0.0450	0.0850	0.0950	1.45988743e+09
0.0450	0.0850	0.1050	1.34526951e+09
0.0450	0.0850	0.1150	1.56249060e+09
0.0450	0.0850	0.1250	2.23522122e+09
0.0450	0.0850	0.1350	1.94084195e+09
0.0450	0.0950	0.0950	1.10018829e+09
0.0450	0.0950	0.1050	1.05438125e+09
0.0450	0.0950	0.1150	1.59700723e+09
0.0450	0.0950	0.1250	1.39661151e+09
0.0450	0.0950	0.1350	1.60073856e+09
0.0450	0.0950	0.1450	1.07809210e+09
0.0450	0.1050	0.1050	1.36100280e+09
0.0450	0.1050	0.1150	1.40649227e+09
0.0450	0.1050	0.1250	1.01166349e+09
0.0450	0.1050	0.1350	1.43236895e+09
0.0450	0.1050	0.1450	1.91900325e+09
0.0450	0.1150	0.1150	9.66797581e+08
0.0450	0.1150	0.1250	1.27094861e+09
0.0450	0.1150	0.1350	1.40646287e+09
0.0450	0.1150	0.1450	1.15952660e+09
0.0450	0.1250	0.1250	1.05897633e+09
0.0450	0.1250	0.1350	9.48896689e+08
0.0450	0.1250	0.1450	1.03424052e+09
0.0450	0.1350	0.1350	9.94568007e+08
0.0450	0.1350	0.1450	7.88070962e+08
0.0450	0.1450	0.1450	1.01179469e+09
0.0550	0.0550	0.0550	3.87065843e+09
0.0550	0.0550	0.0650	1.37146640e+09
0.0550	0.0550	0.0750	1.91210336e+09
0.0550	0.0550	0.0850	1.40713058e+09
0.0550	0.0550	0.0950	2.28881350e+09
0.0550	0.0550	0.1050	2.76014322e+09
0.0550	0.0550	0.1150	2.31060451e+09
0.0550	0.0650	0.0650	2.08896641e+09
0.0550	0.0650	0.0750	2.30485987e+09
0.0550	0.0650	0.0850	1.94769167e+09
0.0550	0.0650	0.0950	1.45146618e+09
0.0550	0.0650	0.1050	2.18277091e+09
0.0550	0.0650	0.1150	2.61917470e+09
0.0550	0.0650	0.1250	2.36182921e+09
0.0550	0.0750	0.0750	2.03123031e+09
0.0550	0.0750	0.0850	1.37321374e+09
0.0550	0.0750	0.0950	1.65022906e+09
0.0550	0.0750	0.1050	1.38603223e+09
0.0550	0.0750	0.1150	2.23719351e+09
0.0550	0.0750	0.1250	1.86488095e+09
0.0550	0.0750	0.1350	1.30093802e+09
0.0550	0.0850	0.0850	1.04805697e+09
0.0550	0.0850	0.0950	1.02942778e+09
0.0550	0.0850	0.1050	1.32667368e+09
0.0550	0.0850	0.1150	1.22954998e+09
0.0550	0.0850	0.1250	1.34747953e+09
0.0550	0.0850	0.1350	1.61205073e+09
0.0550	0.0850	0.1450	1.58933246e+09
0.0550	0.0950	0.0950	1.36947747e+09
0.0550	0.0950	0.1050	1.18471292e+09
0.0550	0.0950	0.1150	1.07840440e+09
0.0550	0.0950	0.1250	1.32904427e+09
0.0550	0.0950	0.1350	1.10022177e+09
0.0550	0.0950	0.1450	1.81169337e+09
0.0550	0.1050	0.1050	9.77151030e+08
0.0550	0.1050	0.1150	9.09002140e+08
0.0550	0.1050	0.1250	1.17779513e+09
0.0550	0.1050	0.1350	1.27429068e+09
0.0550	0.1050	0.1450	1.12910417e+09
0.0550	0.1150	0.1150	9.13067533e+08
0.0550	0.1150	0.1250	9.44338475e+08
0.0550	0.1150	0.1350	9.69125438e+08
0.0550	0.1150	0.1450	1.02256466e+09
0.0550	0.1250	0.1250	8.65476550e+08
0.0550	0.1250	0.1350	8.99263960e+08
0.0550	0.1250	0.1450	8.01987314e+08
0.0550	0.1350	0.1350	7.27514886e+08
0.0550	0.1350	0.1450	1.03090027e+09
0.0550	0.1450	0.1450	6.15027358e+08
0.0650	0.0650	0.0650	2.33177320e+09
0.0650	0.0650	0.0750	1.95137915e+09
0.0650	0.0650	0.0850	1.32666357e+09
0.0650	0.0650	0.0950	1.41033327e+09
0.0650	0.0650	0.1050	1.63473781e+09
0.0650	0.0650	0.1150	1.38589718e+09
0.0650	0.0650	0.1250	2.19992153e+09
0.0650	0.0650	0.1350	1.73774937e+09
0.0650	0.0750	0.0750	1.53215770e+09
0.0650	0.0750	0.0850	1.27547714e+09
0.0650	0.0750	0.0950	1.52126549e+09
0.0650	0.0750	0.1050	1.48198888e+09
0.0650	0.0750	0.1150	1.36439364e+09
0.0650	0.0750	0.1250	2.00934384e+09
0.0650	0.0750	0.1350	1.65960437e+09
0.0650	0.0750	0.1450	1.94415798e+09
0.0650	0.0850	0.0850	7.64729491e+08
0.0650	0.0850	0.0950	1.36067167e+09
0.0650	0.0850	0.1050	1.32160782e+09
0.0650	0.0850	0.1150	1.33770797e+09
0.0650	0.0850	0.1250	1.10703985e+09
0.0650	0.0850	0.1350	1.27982579e+09
0.0650	0.0850	0.1450	1.68732578e+09
0.0650	0.0950	0.0950	1.05041438e+09
0.0650	0.0950	0.1050	1.23300270e+09
0.0650	0.0950	0.1150	1.06872173e+09
0.0650	0.0950	0.1250	9.96853853e+08
0.0650	0.0950	0.1350	1.38240541e+09
0.0650	0.0950	0.1450	1.24629817e+09
0.0650	0.1050	0.1050	1.08353709e+09
0.0650	0.1050	0.1150	1.20328404e+09
0.0650	0.1050	0.1250	9.46168685e+08
0.0650	0.1050	0.1350	9.41638883e+08
0.0650	0.1050	0.1450	8.53715417e+08
0.0650	0.1150	0.1150	7.65383648e+08
0.0650	0.1150	0.1250	7.73483953e+08
0.0650	0.1150	0.1350	1.07342287e+09
0.0650	0.1150	0.1450	9.92388453e+08
0.0650	0.1250	0.1250	1.00866661e+09
0.0650	0.1250	0.1350	7.41820022e+08
0.0650	0.1250	0.1450	9.09330996e+08
0.0650	0.1350	0.1350	7.11992284e+08
0.0650	0.1350	0.1450	6.42128050e+08
0.0650	0.1450	0.1450	6.15980235e+08
0.0750	0.0750	0.0750	1.18197601e+09
0.0750	0.0750	0.0850	1.07674916e+09
0.0750	0.0750	0.0950	7.38659906e+08
0.0750	0.0750	0.1050	1.17124761e+09
0.0750	0.0750	0.1150	1.03601587e+09
0.0750	0.0750	0.1250	1.30983125e+09
0.0750	0.0750	0.1350	1.44699929e+09
0.0750	0.0750	0.1450	1.53994470e+09
0.0750	0.0850	0.0850	1.31485843e+09
0.0750	0.0850	0.0950	1.14873031e+09
0.0750	0.0850	0.1050	8.97730317e+08
0.0750	0.0850	0.1150	1.12096942e+09
0.0750	0.0850	0.1250	7.32967783e+08
0.0750	0.0850	0.1350	9.98720155e+08
0.0750	0.0850	0.1450	1.06046017e+09
0.0750	0.0950	0.0950	1.30318939e+09
0.0750	0.0950	0.1050	5.73134277e+08
0.0750	0.0950	0.1150	1.01233007e+09
0.0750	0.0950	0.1250	9.33112008e+08
0.0750	0.0950	0.1350	9.30634364e+08
0.0750	0.0950	0.1450	8.27337248e+08
0.0750	0.1050	0.1050	6.42188153e+08
0.0750	0.1050	0.1150	8.55356995e+08
0.0750	0.1050	0.1250	8.25660815e+08
0.0750	0.1050	0.1350	8.03342891e+08
0.0750	0.1050	0.1450	8.91127129e+08
0.0750	0.1150	0.1150	8.71485639e+08
0.0750	0.1150	0.1250	7.03536883e+08
0.0750	0.1150	0.1350	7.62791588e+08
0.0750	0.1150	0.1450	9.14560924e+08
0.0750	0.1250	0.1250	6.62881106e+08
0.0750	0.1250	0.1350	7.32804892e+08
0.0750	0.1250	0.1450	7.22038598e+08
0.0750	0.1350	0.1350	6.12921871e+08
0.0750	0.1350	0.1450	6.65256294e+08
0.0750	0.1450	0.1450	6.29016718e+08
0.0850	0.0850	0.0850	1.51210585e+09
0.0850	0.0850	0.0950	4.87563199e+08
0.0850	0.0850	0.1050	8.97779619e+08
0.0850	0.0850	0.1150	7.73322758e+08
0.0850	0.0850	0.1250	7.02521873e+08
0.0850	0.0850	0.1350	5.06016288e+08
0.0850	0.0850	0.1450	7.30090806e+08
0.0850	0.0950	0.0950	5.75492412e+08
0.0850	0.0950	0.1050	8.36460314e+08
0.0850	0.0950	0.1150	7.25838229e+08
0.0850	0.0950	0.1250	9.16120443e+08
0.0850	0.0950	0.1350	5.99549139e+08
0.0850	0.0950	0.1450	1.00405736e+09
0.0850	0.1050	0.1050	6.23283565e+08
0.0850	0.1050	0.1150	8.22158600e+08
0.0850	0.1050	0.1250	7.03048756e+08
0.0850	0.1050	0.1350	6.10994507e+08
0.0850	0.1050	0.1450	6.63343177e+08
0.0850	0.1150	0.1150	5.76885008e+08
0.0850	0.1150	0.1250	6.50427421e+08
0.0850	0.1150	0.1350	6.05748133e+08
0.0850	0.1150	0.1450	6.47698439e+08
0.0850	0.1250	0.1250	5.70533602e+08
0.0850	0.1250	0.1350	6.72002494e+08
0.0850	0.1250	0.1450	5.21759260e+08
0.0850	0.1350	0.1350	5.37812316e+08
0.0850	0.1350	0.1450	6.14124356e+08
0.0850	0.1450	0.1450	6.26598144e+08
0.0950	0.0950	0.0950	8.73022520e+08
0.0950	0.0950	0.1050	7.21868948e+08
0.0950	0.0950	0.1150	8.74241831e+08
0.0950	0.0950	0.1250	5.53182498e+08
0.0950	0.0950	0.1350	6.68426271e+08
0.0950	0.0950	0.1450	5.81532351e+08
0.0950	0.1050	0.1050	7.00610174e+08
0.0950	0.1050	0.1150	6.16476053e+08
0.0950	0.1050	0.1250	6.34515830e+08
0.0950	0.1050	0.1350	6.41010920e+08
0.0950	0.1050	0.1450	7.99170256e+08
0.0950	0.1150	0.1150	7.68957027e+08
0.0950	0.1150	0.1250	5.67372844e+08
0.0950	0.1150	0.1350	6.86203103e+08
0.0950	0.1150	0.1450	5.41061829e+08
0.0950	0.1250	0.1250	5.74059333e+08
0.0950	0.1250	0.1350	5.35781971e+08
0.0950	0.1250	0.1450	4.75391064e+08
0.0950	0.1350	0.1350	4.66854876e+08
0.0950	0.1350	0.1450	6.08396772e+08
0.0950	0.1450	0.1450	4.86573758e+08
0.1050	0.1050	0.1050	9.45981022e+08
0.1050	0.1050	0.1150	5.99644256e+08
0.1050	0.1050	0.1250	8.48673410e+08
0.1050	0.1050	0.1350	4.83740282e+08
0.1050	0.1050	0.1450	3.59278768e+08
0.1050	0.1150	0.1150	2.35244191e+08
0.1050	0.1150	0.1250	6.17122122e+08
0.1050	0.1150	0.1350	5.81742672e+08
0.1050	0.1150	0.1450	5.33460616e+08
0.1050	0.1250	0.1250	6.89799149e+08
0.1050	0.1250	0.1350	5.26713289e+08
0.1050	0.1250	0.1450	5.96200164e+08
0.1050	0.1350	0.1350	5.05168807e+08
0.1050	0.1350	0.1450	5.07632255e+08
0.1050	0.1450	0.1450	4.91243425e+08
0.1150	0.1150	0.1150	4.69691606e+08
0.1150	0.1150	0.1250	5.50746398e+08
0.1150	0.1150	0.1350	4.65831302e+08
0.1150	0.1150	0.1450	5.56330854e+08
0.1150	0.1250	0.1250	3.61090960e+08
0.1150	0.1250	0.1350	5.64184247e+08
0.1150	0.1250	0.1450	3.84211604e+08
0.1150	0.1350	0.1350	5.35612815e+08
0.1150	0.1350	0.1450	3.76780497e+08
0.1150	0.1450	0.1450	4.08722221e+08
0.1250	0.1250	0.1250	6.59035042e+08
0.1250	0.1250	0.1350	5.89823458e+08
0.1250	0.1250	0.1450	6.32477767e+08
0.1250	0.1350	0.1350	3.74575541e+08
0.1250	0.1350	0.1450	4.36408422e+08
0.1250	0.1450	0.1450	4.87996403e+08
0.1350	0.1350	0.1350	4.66115613e+08
0.1350	0.1350	0.1450	4.22983636e+08
0.1350	0.1450	0.1450	4.15185159e+08
0.1450	0.1450	0.1450	3.47218366e+08
