####### Bispectrum of Patchy Simulation 218 #############
# Patch: ngc
# z-type: z1
# Weights: fkp
# Fiducial Omega_m: 0.310
# Fiducial h: 0.676
# Boxsize: [1350.0, 2450.0, 1400.0]
# Grid: [126, 230, 130]
# k-binning: [0.000, 0.160, 0.010]
# Monte Carlo Simulations: 100
#
# Format: k1 | k2 | k3 | B(k1,k2,k3)
############################################
0.0150	0.0150	0.0150	2.40339662e+10
0.0150	0.0150	0.0250	1.55382771e+10
0.0150	0.0150	0.0350	5.22635245e+10
0.0150	0.0250	0.0250	2.26866260e+10
0.0150	0.0250	0.0350	1.42654849e+10
0.0150	0.0250	0.0450	3.06416530e+10
0.0150	0.0350	0.0350	4.67370785e+09
0.0150	0.0350	0.0450	1.11538626e+10
0.0150	0.0350	0.0550	1.37183747e+10
0.0150	0.0450	0.0450	3.95005604e+09
0.0150	0.0450	0.0550	4.74505295e+09
0.0150	0.0450	0.0650	1.84697031e+10
0.0150	0.0550	0.0550	7.20789913e+09
0.0150	0.0550	0.0650	2.89489352e+09
0.0150	0.0550	0.0750	4.13781115e+09
0.0150	0.0650	0.0650	2.98769966e+09
0.0150	0.0650	0.0750	7.43699053e+09
0.0150	0.0650	0.0850	1.28125795e+10
0.0150	0.0750	0.0750	4.07499894e+09
0.0150	0.0750	0.0850	5.19504827e+09
0.0150	0.0750	0.0950	3.25123416e+09
0.0150	0.0850	0.0850	2.92783697e+09
0.0150	0.0850	0.0950	4.61536021e+09
0.0150	0.0850	0.1050	6.71178540e+09
0.0150	0.0950	0.0950	7.06290385e+08
0.0150	0.0950	0.1050	4.47885053e+09
0.0150	0.0950	0.1150	3.45897795e+09
0.0150	0.1050	0.1050	1.54317540e+09
0.0150	0.1050	0.1150	2.92504101e+09
0.0150	0.1050	0.1250	4.86262682e+09
0.0150	0.1150	0.1150	2.56613297e+09
0.0150	0.1150	0.1250	3.11053634e+09
0.0150	0.1150	0.1350	3.54672797e+09
0.0150	0.1250	0.1250	1.81939088e+09
0.0150	0.1250	0.1350	2.57844967e+09
0.0150	0.1250	0.1450	3.81194429e+09
0.0150	0.1350	0.1350	1.78112594e+09
0.0150	0.1350	0.1450	2.20366881e+09
0.0150	0.1450	0.1450	1.37946816e+09
0.0250	0.0250	0.0250	-6.22761038e+09
0.0250	0.0250	0.0350	9.27394524e+09
0.0250	0.0250	0.0450	1.44715537e+10
0.0250	0.0250	0.0550	1.30056756e+09
0.0250	0.0350	0.0350	1.13205712e+10
0.0250	0.0350	0.0450	6.93262148e+09
0.0250	0.0350	0.0550	9.57004128e+09
0.0250	0.0350	0.0650	4.56537537e+09
0.0250	0.0450	0.0450	1.36317243e+09
0.0250	0.0450	0.0550	4.20277513e+09
0.0250	0.0450	0.0650	4.03499226e+09
0.0250	0.0450	0.0750	3.43704326e+09
0.0250	0.0550	0.0550	-6.63323688e+08
0.0250	0.0550	0.0650	5.15807996e+09
0.0250	0.0550	0.0750	6.28771699e+09
0.0250	0.0550	0.0850	4.48289465e+09
0.0250	0.0650	0.0650	5.28141635e+09
0.0250	0.0650	0.0750	3.63791511e+09
0.0250	0.0650	0.0850	4.39662590e+09
0.0250	0.0650	0.0950	5.07012104e+09
0.0250	0.0750	0.0750	3.92655900e+09
0.0250	0.0750	0.0850	3.82892387e+09
0.0250	0.0750	0.0950	4.44683586e+09
0.0250	0.0750	0.1050	4.15539038e+09
0.0250	0.0850	0.0850	1.49079805e+09
0.0250	0.0850	0.0950	2.92502785e+09
0.0250	0.0850	0.1050	3.46435979e+09
0.0250	0.0850	0.1150	4.56305617e+09
0.0250	0.0950	0.0950	2.29402573e+09
0.0250	0.0950	0.1050	2.53809907e+09
0.0250	0.0950	0.1150	2.90807765e+09
0.0250	0.0950	0.1250	2.48616882e+09
0.0250	0.1050	0.1050	2.03729576e+09
0.0250	0.1050	0.1150	2.47576542e+09
0.0250	0.1050	0.1250	2.44731984e+09
0.0250	0.1050	0.1350	2.32324218e+09
0.0250	0.1150	0.1150	1.98690985e+09
0.0250	0.1150	0.1250	2.15926278e+09
0.0250	0.1150	0.1350	2.47571301e+09
0.0250	0.1150	0.1450	3.54507006e+09
0.0250	0.1250	0.1250	1.74126864e+09
0.0250	0.1250	0.1350	1.32548669e+09
0.0250	0.1250	0.1450	2.49088351e+09
0.0250	0.1350	0.1350	1.98735068e+09
0.0250	0.1350	0.1450	1.37918561e+09
0.0250	0.1450	0.1450	1.10640509e+09
0.0350	0.0350	0.0350	1.71153659e+09
0.0350	0.0350	0.0450	4.43845053e+09
0.0350	0.0350	0.0550	8.00520164e+09
0.0350	0.0350	0.0650	9.71572437e+09
0.0350	0.0350	0.0750	7.70255271e+09
0.0350	0.0450	0.0450	7.85421428e+09
0.0350	0.0450	0.0550	2.79074535e+09
0.0350	0.0450	0.0650	4.18808998e+09
0.0350	0.0450	0.0750	5.49331337e+09
0.0350	0.0450	0.0850	5.82477750e+09
0.0350	0.0550	0.0550	5.39370876e+09
0.0350	0.0550	0.0650	3.06990380e+09
0.0350	0.0550	0.0750	3.22089171e+09
0.0350	0.0550	0.0850	5.31263306e+09
0.0350	0.0550	0.0950	8.50624547e+08
0.0350	0.0650	0.0650	5.16978379e+09
0.0350	0.0650	0.0750	3.78805545e+09
0.0350	0.0650	0.0850	3.05572760e+09
0.0350	0.0650	0.0950	4.68340826e+09
0.0350	0.0650	0.1050	4.10507254e+09
0.0350	0.0750	0.0750	2.07417058e+09
0.0350	0.0750	0.0850	3.03258228e+09
0.0350	0.0750	0.0950	3.05688180e+09
0.0350	0.0750	0.1050	4.26341231e+09
0.0350	0.0750	0.1150	2.96641964e+09
0.0350	0.0850	0.0850	1.79710946e+09
0.0350	0.0850	0.0950	2.28289161e+09
0.0350	0.0850	0.1050	2.44147026e+09
0.0350	0.0850	0.1150	2.71821947e+09
0.0350	0.0850	0.1250	3.53011446e+09
0.0350	0.0950	0.0950	1.99411920e+09
0.0350	0.0950	0.1050	1.53501632e+09
0.0350	0.0950	0.1150	2.08082504e+09
0.0350	0.0950	0.1250	2.17723293e+09
0.0350	0.0950	0.1350	2.94425019e+09
0.0350	0.1050	0.1050	2.14925331e+09
0.0350	0.1050	0.1150	1.71103301e+09
0.0350	0.1050	0.1250	1.69570271e+09
0.0350	0.1050	0.1350	1.95811998e+09
0.0350	0.1050	0.1450	1.83056846e+09
0.0350	0.1150	0.1150	1.48536482e+09
0.0350	0.1150	0.1250	1.44170625e+09
0.0350	0.1150	0.1350	1.48351749e+09
0.0350	0.1150	0.1450	1.79921088e+09
0.0350	0.1250	0.1250	1.48338754e+09
0.0350	0.1250	0.1350	1.22530937e+09
0.0350	0.1250	0.1450	1.31778322e+09
0.0350	0.1350	0.1350	1.36635326e+09
0.0350	0.1350	0.1450	1.26484006e+09
0.0350	0.1450	0.1450	1.14202141e+09
0.0450	0.0450	0.0450	-2.80069973e+09
0.0450	0.0450	0.0550	3.97112177e+09
0.0450	0.0450	0.0650	3.88473586e+09
0.0450	0.0450	0.0750	1.79226049e+09
0.0450	0.0450	0.0850	3.49563432e+09
0.0450	0.0450	0.0950	8.63960262e+09
0.0450	0.0550	0.0550	1.82323105e+09
0.0450	0.0550	0.0650	9.17939907e+08
0.0450	0.0550	0.0750	3.42331307e+09
0.0450	0.0550	0.0850	2.53571681e+09
0.0450	0.0550	0.0950	3.64175520e+09
0.0450	0.0550	0.1050	2.79140776e+09
0.0450	0.0650	0.0650	4.29485234e+09
0.0450	0.0650	0.0750	2.08250028e+09
0.0450	0.0650	0.0850	2.36865420e+09
0.0450	0.0650	0.0950	2.88564095e+09
0.0450	0.0650	0.1050	3.07728764e+09
0.0450	0.0650	0.1150	5.54692909e+09
0.0450	0.0750	0.0750	1.86484427e+09
0.0450	0.0750	0.0850	2.38495095e+09
0.0450	0.0750	0.0950	2.15585524e+09
0.0450	0.0750	0.1050	2.03091796e+09
0.0450	0.0750	0.1150	3.16202025e+09
0.0450	0.0750	0.1250	1.78276055e+09
0.0450	0.0850	0.0850	2.12577580e+09
0.0450	0.0850	0.0950	1.33739434e+09
0.0450	0.0850	0.1050	1.99360962e+09
0.0450	0.0850	0.1150	1.45824080e+09
0.0450	0.0850	0.1250	2.10953206e+09
0.0450	0.0850	0.1350	3.36298384e+09
0.0450	0.0950	0.0950	1.55686567e+09
0.0450	0.0950	0.1050	1.41468849e+09
0.0450	0.0950	0.1150	1.75992943e+09
0.0450	0.0950	0.1250	1.76147216e+09
0.0450	0.0950	0.1350	1.59191349e+09
0.0450	0.0950	0.1450	2.29227094e+09
0.0450	0.1050	0.1050	9.19325467e+08
0.0450	0.1050	0.1150	8.88084597e+08
0.0450	0.1050	0.1250	1.13046113e+09
0.0450	0.1050	0.1350	1.43560602e+09
0.0450	0.1050	0.1450	1.83064412e+09
0.0450	0.1150	0.1150	1.25258907e+09
0.0450	0.1150	0.1250	1.12020642e+09
0.0450	0.1150	0.1350	1.18785734e+09
0.0450	0.1150	0.1450	1.26024657e+09
0.0450	0.1250	0.1250	1.01497124e+09
0.0450	0.1250	0.1350	1.07922165e+09
0.0450	0.1250	0.1450	1.19763024e+09
0.0450	0.1350	0.1350	6.63220465e+08
0.0450	0.1350	0.1450	9.63319331e+08
0.0450	0.1450	0.1450	7.85833645e+08
0.0550	0.0550	0.0550	-8.46814528e+08
0.0550	0.0550	0.0650	3.50612158e+09
0.0550	0.0550	0.0750	2.44764742e+09
0.0550	0.0550	0.0850	2.07936455e+09
0.0550	0.0550	0.0950	2.39908687e+09
0.0550	0.0550	0.1050	2.65046920e+09
0.0550	0.0550	0.1150	1.78807876e+09
0.0550	0.0650	0.0650	1.41640564e+09
0.0550	0.0650	0.0750	1.89162892e+09
0.0550	0.0650	0.0850	1.94420000e+09
0.0550	0.0650	0.0950	1.91519517e+09
0.0550	0.0650	0.1050	1.97830158e+09
0.0550	0.0650	0.1150	2.97413667e+09
0.0550	0.0650	0.1250	2.73232832e+09
0.0550	0.0750	0.0750	1.02371053e+09
0.0550	0.0750	0.0850	2.67297660e+09
0.0550	0.0750	0.0950	1.45521743e+09
0.0550	0.0750	0.1050	1.58001851e+09
0.0550	0.0750	0.1150	2.00836394e+09
0.0550	0.0750	0.1250	2.53089388e+09
0.0550	0.0750	0.1350	2.16820965e+09
0.0550	0.0850	0.0850	1.21688503e+09
0.0550	0.0850	0.0950	1.19663026e+09
0.0550	0.0850	0.1050	7.71173760e+08
0.0550	0.0850	0.1150	1.53189419e+09
0.0550	0.0850	0.1250	1.61532629e+09
0.0550	0.0850	0.1350	1.58642432e+09
0.0550	0.0850	0.1450	1.55874616e+09
0.0550	0.0950	0.0950	1.05351281e+09
0.0550	0.0950	0.1050	8.68146512e+08
0.0550	0.0950	0.1150	1.00518504e+09
0.0550	0.0950	0.1250	1.46260414e+09
0.0550	0.0950	0.1350	1.34364632e+09
0.0550	0.0950	0.1450	1.40695522e+09
0.0550	0.1050	0.1050	9.20620242e+08
0.0550	0.1050	0.1150	1.16814145e+09
0.0550	0.1050	0.1250	9.06229405e+08
0.0550	0.1050	0.1350	8.86244501e+08
0.0550	0.1050	0.1450	1.06184841e+09
0.0550	0.1150	0.1150	1.03018000e+09
0.0550	0.1150	0.1250	7.32385553e+08
0.0550	0.1150	0.1350	9.22879241e+08
0.0550	0.1150	0.1450	9.34303831e+08
0.0550	0.1250	0.1250	9.68287243e+08
0.0550	0.1250	0.1350	8.00768754e+08
0.0550	0.1250	0.1450	8.53905052e+08
0.0550	0.1350	0.1350	1.16919548e+09
0.0550	0.1350	0.1450	6.35946583e+08
0.0550	0.1450	0.1450	1.06006674e+09
0.0650	0.0650	0.0650	4.88648076e+08
0.0650	0.0650	0.0750	3.06627847e+09
0.0650	0.0650	0.0850	2.40022346e+09
0.0650	0.0650	0.0950	1.90164712e+09
0.0650	0.0650	0.1050	2.45111850e+09
0.0650	0.0650	0.1150	1.69600100e+09
0.0650	0.0650	0.1250	2.13268104e+09
0.0650	0.0650	0.1350	2.90794746e+09
0.0650	0.0750	0.0750	1.72692956e+09
0.0650	0.0750	0.0850	1.44619906e+09
0.0650	0.0750	0.0950	1.31596000e+09
0.0650	0.0750	0.1050	1.48932254e+09
0.0650	0.0750	0.1150	1.83540556e+09
0.0650	0.0750	0.1250	1.85792148e+09
0.0650	0.0750	0.1350	2.15840056e+09
0.0650	0.0750	0.1450	2.97508793e+09
0.0650	0.0850	0.0850	1.57526551e+09
0.0650	0.0850	0.0950	1.41201187e+09
0.0650	0.0850	0.1050	1.08228736e+09
0.0650	0.0850	0.1150	1.42553408e+09
0.0650	0.0850	0.1250	1.35146115e+09
0.0650	0.0850	0.1350	1.26878613e+09
0.0650	0.0850	0.1450	1.67943850e+09
0.0650	0.0950	0.0950	1.14885567e+09
0.0650	0.0950	0.1050	7.69918983e+08
0.0650	0.0950	0.1150	8.58852534e+08
0.0650	0.0950	0.1250	1.02556750e+09
0.0650	0.0950	0.1350	1.32272026e+09
0.0650	0.0950	0.1450	1.40452950e+09
0.0650	0.1050	0.1050	9.12727494e+08
0.0650	0.1050	0.1150	9.97184191e+08
0.0650	0.1050	0.1250	8.03550777e+08
0.0650	0.1050	0.1350	9.27449231e+08
0.0650	0.1050	0.1450	1.12226754e+09
0.0650	0.1150	0.1150	1.09848437e+09
0.0650	0.1150	0.1250	1.09282236e+09
0.0650	0.1150	0.1350	9.24848327e+08
0.0650	0.1150	0.1450	8.44123475e+08
0.0650	0.1250	0.1250	7.29123658e+08
0.0650	0.1250	0.1350	6.93743723e+08
0.0650	0.1250	0.1450	9.11449456e+08
0.0650	0.1350	0.1350	8.43554836e+08
0.0650	0.1350	0.1450	7.87516524e+08
0.0650	0.1450	0.1450	5.32282848e+08
0.0750	0.0750	0.0750	1.28645176e+09
0.0750	0.0750	0.0850	2.09725748e+09
0.0750	0.0750	0.0950	1.45974587e+09
0.0750	0.0750	0.1050	1.77091886e+09
0.0750	0.0750	0.1150	1.55744764e+09
0.0750	0.0750	0.1250	1.20039638e+09
0.0750	0.0750	0.1350	1.44869545e+09
0.0750	0.0750	0.1450	2.26215611e+09
0.0750	0.0850	0.0850	1.19330920e+09
0.0750	0.0850	0.0950	9.98480663e+08
0.0750	0.0850	0.1050	9.55363430e+08
0.0750	0.0850	0.1150	1.09729837e+09
0.0750	0.0850	0.1250	1.27831919e+09
0.0750	0.0850	0.1350	1.14866677e+09
0.0750	0.0850	0.1450	1.45241896e+09
0.0750	0.0950	0.0950	8.46384809e+08
0.0750	0.0950	0.1050	8.28468367e+08
0.0750	0.0950	0.1150	1.01663420e+09
0.0750	0.0950	0.1250	1.01198045e+09
0.0750	0.0950	0.1350	9.81474559e+08
0.0750	0.0950	0.1450	1.08502391e+09
0.0750	0.1050	0.1050	7.50054497e+08
0.0750	0.1050	0.1150	8.74134178e+08
0.0750	0.1050	0.1250	7.25826766e+08
0.0750	0.1050	0.1350	7.12531206e+08
0.0750	0.1050	0.1450	8.15510228e+08
0.0750	0.1150	0.1150	8.17730071e+08
0.0750	0.1150	0.1250	6.77671510e+08
0.0750	0.1150	0.1350	6.04487758e+08
0.0750	0.1150	0.1450	9.11787475e+08
0.0750	0.1250	0.1250	8.22286262e+08
0.0750	0.1250	0.1350	7.64966380e+08
0.0750	0.1250	0.1450	6.81021414e+08
0.0750	0.1350	0.1350	7.58289219e+08
0.0750	0.1350	0.1450	6.74813833e+08
0.0750	0.1450	0.1450	7.37449488e+08
0.0850	0.0850	0.0850	9.53640758e+08
0.0850	0.0850	0.0950	1.21477038e+09
0.0850	0.0850	0.1050	1.13166111e+09
0.0850	0.0850	0.1150	7.30763241e+08
0.0850	0.0850	0.1250	9.26115964e+08
0.0850	0.0850	0.1350	9.15320771e+08
0.0850	0.0850	0.1450	1.41217847e+09
0.0850	0.0950	0.0950	6.96331904e+08
0.0850	0.0950	0.1050	8.69928675e+08
0.0850	0.0950	0.1150	8.90964561e+08
0.0850	0.0950	0.1250	6.77584803e+08
0.0850	0.0950	0.1350	7.37808579e+08
0.0850	0.0950	0.1450	6.34544081e+08
0.0850	0.1050	0.1050	9.39244304e+08
0.0850	0.1050	0.1150	4.79137258e+08
0.0850	0.1050	0.1250	6.46767305e+08
0.0850	0.1050	0.1350	7.04895229e+08
0.0850	0.1050	0.1450	7.30446145e+08
0.0850	0.1150	0.1150	2.65324626e+08
0.0850	0.1150	0.1250	7.07491748e+08
0.0850	0.1150	0.1350	6.54820790e+08
0.0850	0.1150	0.1450	7.09486289e+08
0.0850	0.1250	0.1250	6.54771710e+08
0.0850	0.1250	0.1350	7.46285075e+08
0.0850	0.1250	0.1450	5.42041107e+08
0.0850	0.1350	0.1350	6.24397220e+08
0.0850	0.1350	0.1450	6.17330381e+08
0.0850	0.1450	0.1450	4.07265703e+08
0.0950	0.0950	0.0950	1.12621412e+09
0.0950	0.0950	0.1050	3.35614136e+08
0.0950	0.0950	0.1150	8.51479643e+08
0.0950	0.0950	0.1250	7.83244681e+08
0.0950	0.0950	0.1350	6.66010958e+08
0.0950	0.0950	0.1450	6.65118420e+08
0.0950	0.1050	0.1050	9.28131727e+08
0.0950	0.1050	0.1150	6.73484213e+08
0.0950	0.1050	0.1250	4.87011843e+08
0.0950	0.1050	0.1350	4.83381319e+08
0.0950	0.1050	0.1450	5.55650649e+08
0.0950	0.1150	0.1150	3.08978532e+08
0.0950	0.1150	0.1250	5.65411688e+08
0.0950	0.1150	0.1350	6.33414217e+08
0.0950	0.1150	0.1450	5.82141439e+08
0.0950	0.1250	0.1250	2.73592932e+08
0.0950	0.1250	0.1350	6.26765396e+08
0.0950	0.1250	0.1450	3.83882990e+08
0.0950	0.1350	0.1350	5.18050613e+08
0.0950	0.1350	0.1450	5.37175311e+08
0.0950	0.1450	0.1450	4.56287129e+08
0.1050	0.1050	0.1050	1.43824940e+08
0.1050	0.1050	0.1150	5.80886688e+08
0.1050	0.1050	0.1250	5.98864854e+08
0.1050	0.1050	0.1350	4.89125133e+08
0.1050	0.1050	0.1450	2.69415476e+08
0.1050	0.1150	0.1150	6.45750620e+08
0.1050	0.1150	0.1250	3.61620892e+08
0.1050	0.1150	0.1350	4.92451941e+08
0.1050	0.1150	0.1450	4.68122310e+08
0.1050	0.1250	0.1250	3.89910046e+08
0.1050	0.1250	0.1350	3.91528124e+08
0.1050	0.1250	0.1450	4.89647113e+08
0.1050	0.1350	0.1350	5.71602964e+08
0.1050	0.1350	0.1450	3.48095166e+08
0.1050	0.1450	0.1450	4.04075647e+08
0.1150	0.1150	0.1150	2.28415399e+08
0.1150	0.1150	0.1250	5.07150187e+08
0.1150	0.1150	0.1350	2.11530094e+08
0.1150	0.1150	0.1450	4.71983295e+08
0.1150	0.1250	0.1250	4.99777555e+08
0.1150	0.1250	0.1350	5.03648151e+08
0.1150	0.1250	0.1450	4.71782315e+08
0.1150	0.1350	0.1350	3.88958190e+08
0.1150	0.1350	0.1450	4.32803837e+08
0.1150	0.1450	0.1450	3.88196073e+08
0.1250	0.1250	0.1250	6.00768992e+08
0.1250	0.1250	0.1350	3.51470982e+08
0.1250	0.1250	0.1450	3.89892323e+08
0.1250	0.1350	0.1350	4.38313000e+08
0.1250	0.1350	0.1450	4.12447408e+08
0.1250	0.1450	0.1450	4.27085465e+08
0.1350	0.1350	0.1350	4.15716635e+08
0.1350	0.1350	0.1450	2.96511610e+08
0.1350	0.1450	0.1450	4.16858406e+08
0.1450	0.1450	0.1450	2.34564963e+08
