####### Bispectrum of patchy_n1_ Simulation 949 #############
# Weights: FKP
# Fiducial Omega_m: 0.310
# Fiducial h: 0.676
# Boxsize: [1350.0, 2450.0, 1400.0]
# Grid: [126, 230, 130]
# k-binning: [0.000, 0.110, 0.010]
# l-max: 4
# Monte Carlo Simulations: 100
#
# Format: k1 | k2 | k3 | B(k1,k2,k3) | B2(k1,k2,k3) | B4(k1,k2,k3)
############################################
0.0150	0.0150	0.0150	2.59091090e+10	2.99053701e+10	3.01469752e+10
0.0150	0.0150	0.0250	8.82186637e+09	2.55727168e+10	5.99806517e+10
0.0150	0.0250	0.0250	5.92689773e+09	-8.54017104e+08	1.84801630e+10
0.0150	0.0250	0.0350	1.42357603e+10	8.94259200e+09	-3.59656793e+10
0.0150	0.0350	0.0350	1.57673239e+10	7.70816139e+09	7.12255329e+09
0.0150	0.0350	0.0450	4.25652635e+09	-3.03050224e+09	-7.10981263e+09
0.0150	0.0450	0.0450	7.83831592e+09	6.70630734e+09	1.02869760e+10
0.0150	0.0450	0.0550	9.38766486e+08	5.90599191e+09	-2.47653327e+08
0.0150	0.0550	0.0550	7.10448141e+09	-2.92753186e+09	7.60553948e+09
0.0150	0.0550	0.0650	8.07721201e+09	1.05743369e+10	1.12479670e+10
0.0150	0.0650	0.0650	4.28172223e+09	3.92220988e+09	-4.83643810e+09
0.0150	0.0650	0.0750	4.98903458e+09	6.31110133e+09	1.55645886e+09
0.0150	0.0750	0.0750	2.42483282e+09	1.50423946e+09	3.41010692e+09
0.0250	0.0250	0.0250	-5.79967374e+09	-1.23132077e+10	-1.86572822e+10
0.0250	0.0250	0.0350	7.27752744e+09	3.66446214e+09	8.96486709e+09
0.0250	0.0250	0.0450	1.03489657e+10	4.15780632e+09	1.29570420e+10
0.0250	0.0350	0.0350	-1.29190072e+09	1.04087440e+09	5.72626032e+08
0.0250	0.0350	0.0450	9.08951110e+09	-2.47708458e+09	8.06948454e+09
0.0250	0.0350	0.0550	1.02165460e+10	1.15408939e+10	-7.14921774e+09
0.0250	0.0450	0.0450	5.76121951e+09	5.78753751e+09	-2.50220580e+09
0.0250	0.0450	0.0550	1.58744214e+09	-2.87767468e+09	7.29299254e+09
0.0250	0.0450	0.0650	6.66567290e+09	9.34805474e+09	2.57725309e+07
0.0250	0.0550	0.0550	5.54815121e+09	6.24673217e+09	2.14089759e+09
0.0250	0.0550	0.0650	5.72649892e+09	5.98241975e+08	2.24037199e+09
0.0250	0.0550	0.0750	3.83064575e+09	6.12775889e+09	9.54419105e+09
0.0250	0.0650	0.0650	2.94686766e+09	1.33221203e+09	-4.02132108e+09
0.0250	0.0650	0.0750	4.26324875e+09	3.53002357e+09	2.38987818e+09
0.0250	0.0750	0.0750	1.39722648e+09	2.51295576e+09	8.36687542e+08
0.0350	0.0350	0.0350	1.38030079e+09	6.40245403e+08	1.60824803e+08
0.0350	0.0350	0.0450	5.05570002e+09	4.51645987e+09	1.05163007e+09
0.0350	0.0350	0.0550	1.01897962e+10	1.58375156e+10	1.66436883e+10
0.0350	0.0350	0.0650	4.82662616e+09	-3.84107376e+09	-2.86347910e+09
0.0350	0.0450	0.0450	3.22129063e+08	-3.19546665e+09	-3.14958987e+09
0.0350	0.0450	0.0550	4.45448730e+09	3.84935984e+09	-8.74410761e+09
0.0350	0.0450	0.0650	3.27103796e+09	9.43625220e+08	-3.77778986e+09
0.0350	0.0450	0.0750	6.30992828e+09	5.41586984e+09	-3.74019117e+09
0.0350	0.0550	0.0550	2.63635329e+09	3.81114247e+09	1.76949457e+09
0.0350	0.0550	0.0650	2.37432427e+08	1.00499741e+09	1.83906859e+09
0.0350	0.0550	0.0750	4.05527601e+09	2.83165340e+09	9.69513816e+08
0.0350	0.0650	0.0650	3.43245934e+09	1.27833639e+09	-5.95905313e+09
0.0350	0.0650	0.0750	2.39899717e+09	-5.39310249e+08	2.10189715e+09
0.0350	0.0750	0.0750	2.43082070e+09	9.98409558e+08	-4.62342060e+09
0.0450	0.0450	0.0450	3.72674583e+09	-1.20716805e+09	-1.98949514e+09
0.0450	0.0450	0.0550	2.23789037e+09	-2.96920372e+09	-2.30850971e+09
0.0450	0.0450	0.0650	3.89802262e+09	7.32911501e+09	-1.94848784e+09
0.0450	0.0450	0.0750	4.78063033e+09	-2.50705360e+09	7.67297520e+09
0.0450	0.0550	0.0550	2.14279093e+09	1.66525998e+08	-7.55007369e+08
0.0450	0.0550	0.0650	1.20016232e+09	4.18671002e+08	7.02451342e+08
0.0450	0.0550	0.0750	1.37269303e+09	-8.61442016e+07	-2.67036466e+09
0.0450	0.0650	0.0650	2.22704537e+09	2.63345597e+09	-1.10149565e+08
0.0450	0.0650	0.0750	1.67379549e+09	-6.32838338e+08	3.44263450e+08
0.0450	0.0750	0.0750	2.47411457e+09	2.55205004e+08	7.71521034e+08
0.0550	0.0550	0.0550	1.13415907e+08	1.35778662e+09	4.12563001e+09
0.0550	0.0550	0.0650	1.47118749e+09	5.64909928e+08	-1.00976461e+09
0.0550	0.0550	0.0750	3.05681865e+09	2.19890677e+09	1.60730262e+09
0.0550	0.0650	0.0650	1.98665094e+09	-5.86315337e+08	4.00129265e+08
0.0550	0.0650	0.0750	1.60562988e+09	9.36791559e+08	2.09174795e+08
0.0550	0.0750	0.0750	1.31300780e+09	9.48473650e+08	-2.72388765e+08
0.0650	0.0650	0.0650	1.16671535e+09	1.41763212e+09	1.05944093e+09
0.0650	0.0650	0.0750	1.50312303e+09	3.03659648e+09	2.90079171e+08
0.0650	0.0750	0.0750	7.24775328e+08	-8.78068257e+08	5.58867563e+08
0.0750	0.0750	0.0750	6.00738447e+08	5.13303246e+08	-1.17434989e+08
