####### Bispectrum of Patchy Simulation 1864 #############
# Patch: sgc
# z-type: z1
# Weights: fkp
# Fiducial Omega_m: 0.310
# Fiducial h: 0.676
# Boxsize: [1000.0, 1900.0, 1100.0]
# Grid: [95, 180, 105]
# k-binning: [0.000, 0.160, 0.010]
# Monte Carlo Simulations: 100
#
# Format: k1 | k2 | k3 | B(k1,k2,k3)
############################################
0.0150	0.0150	0.0150	3.84482243e+10
0.0150	0.0150	0.0250	3.79615704e+10
0.0150	0.0150	0.0350	7.89841685e+10
0.0150	0.0250	0.0250	-2.50343434e+10
0.0150	0.0250	0.0350	3.87083470e+09
0.0150	0.0250	0.0450	-1.67431196e+10
0.0150	0.0350	0.0350	3.18667111e+10
0.0150	0.0350	0.0450	4.07312002e+09
0.0150	0.0350	0.0550	-6.98685643e+09
0.0150	0.0450	0.0450	2.69384853e+09
0.0150	0.0450	0.0550	1.98250061e+10
0.0150	0.0450	0.0650	-1.15760971e+09
0.0150	0.0550	0.0550	4.28637799e+09
0.0150	0.0550	0.0650	9.56906543e+09
0.0150	0.0550	0.0750	3.99623579e+09
0.0150	0.0650	0.0650	6.10567582e+09
0.0150	0.0650	0.0750	5.18840960e+09
0.0150	0.0650	0.0850	1.19653823e+09
0.0150	0.0750	0.0750	3.97213383e+09
0.0150	0.0750	0.0850	5.45499952e+09
0.0150	0.0750	0.0950	2.51311234e+09
0.0150	0.0850	0.0850	2.05842640e+09
0.0150	0.0850	0.0950	5.77084644e+09
0.0150	0.0850	0.1050	1.51394107e+09
0.0150	0.0950	0.0950	3.36493571e+09
0.0150	0.0950	0.1050	4.08503384e+09
0.0150	0.0950	0.1150	7.04615054e+09
0.0150	0.1050	0.1050	1.27083536e+09
0.0150	0.1050	0.1150	2.14650879e+09
0.0150	0.1050	0.1250	3.77317433e+09
0.0150	0.1150	0.1150	1.69262695e+09
0.0150	0.1150	0.1250	2.39815165e+09
0.0150	0.1150	0.1350	3.53035501e+09
0.0150	0.1250	0.1250	1.85739283e+09
0.0150	0.1250	0.1350	2.50924627e+09
0.0150	0.1250	0.1450	1.58203313e+09
0.0150	0.1350	0.1350	1.54188422e+09
0.0150	0.1350	0.1450	2.96536138e+09
0.0150	0.1450	0.1450	8.45269164e+08
0.0250	0.0250	0.0250	-1.26341270e+10
0.0250	0.0250	0.0350	-3.12023174e+09
0.0250	0.0250	0.0450	2.10033289e+10
0.0250	0.0250	0.0550	4.11156435e+09
0.0250	0.0350	0.0350	-9.94165658e+09
0.0250	0.0350	0.0450	4.94622233e+09
0.0250	0.0350	0.0550	5.41132461e+09
0.0250	0.0350	0.0650	-1.12547980e+10
0.0250	0.0450	0.0450	3.42512845e+09
0.0250	0.0450	0.0550	6.53102181e+08
0.0250	0.0450	0.0650	1.92589062e+08
0.0250	0.0450	0.0750	7.97229499e+09
0.0250	0.0550	0.0550	8.95175139e+09
0.0250	0.0550	0.0650	2.75643815e+09
0.0250	0.0550	0.0750	4.66380784e+09
0.0250	0.0550	0.0850	2.70309068e+09
0.0250	0.0650	0.0650	2.97106578e+09
0.0250	0.0650	0.0750	1.40607987e+09
0.0250	0.0650	0.0850	2.26934355e+09
0.0250	0.0650	0.0950	2.61855811e+08
0.0250	0.0750	0.0750	7.16872560e+08
0.0250	0.0750	0.0850	4.30205077e+09
0.0250	0.0750	0.0950	1.86566525e+09
0.0250	0.0750	0.1050	-1.90440078e+09
0.0250	0.0850	0.0850	5.57430332e+08
0.0250	0.0850	0.0950	1.63171702e+09
0.0250	0.0850	0.1050	4.67076061e+09
0.0250	0.0850	0.1150	9.81491148e+08
0.0250	0.0950	0.0950	1.84000517e+09
0.0250	0.0950	0.1050	7.39321866e+08
0.0250	0.0950	0.1150	1.87427437e+09
0.0250	0.0950	0.1250	-8.52177441e+06
0.0250	0.1050	0.1050	1.86734372e+09
0.0250	0.1050	0.1150	1.66410903e+09
0.0250	0.1050	0.1250	2.21564074e+09
0.0250	0.1050	0.1350	1.77732843e+09
0.0250	0.1150	0.1150	2.08712481e+09
0.0250	0.1150	0.1250	1.71053373e+09
0.0250	0.1150	0.1350	1.98422650e+09
0.0250	0.1150	0.1450	2.24060887e+09
0.0250	0.1250	0.1250	2.38018277e+09
0.0250	0.1250	0.1350	1.17368326e+09
0.0250	0.1250	0.1450	1.77890526e+09
0.0250	0.1350	0.1350	1.62636395e+09
0.0250	0.1350	0.1450	1.22248503e+09
0.0250	0.1450	0.1450	2.31503997e+09
0.0350	0.0350	0.0350	9.11735616e+07
0.0350	0.0350	0.0450	4.73689360e+09
0.0350	0.0350	0.0550	4.21742207e+09
0.0350	0.0350	0.0650	1.62315352e+09
0.0350	0.0350	0.0750	4.51669226e+09
0.0350	0.0450	0.0450	7.69671470e+09
0.0350	0.0450	0.0550	-2.43513253e+09
0.0350	0.0450	0.0650	2.21384416e+09
0.0350	0.0450	0.0750	3.46282687e+09
0.0350	0.0450	0.0850	1.19789071e+09
0.0350	0.0550	0.0550	7.43011027e+09
0.0350	0.0550	0.0650	1.53831111e+07
0.0350	0.0550	0.0750	2.30639262e+09
0.0350	0.0550	0.0850	4.99719569e+09
0.0350	0.0550	0.0950	1.80977548e+09
0.0350	0.0650	0.0650	2.80166919e+09
0.0350	0.0650	0.0750	2.17562459e+09
0.0350	0.0650	0.0850	2.85911072e+09
0.0350	0.0650	0.0950	4.57527429e+09
0.0350	0.0650	0.1050	3.64623884e+09
0.0350	0.0750	0.0750	7.65691560e+08
0.0350	0.0750	0.0850	3.84809675e+09
0.0350	0.0750	0.0950	3.55602506e+09
0.0350	0.0750	0.1050	2.98104178e+09
0.0350	0.0750	0.1150	2.81987308e+09
0.0350	0.0850	0.0850	9.33264719e+08
0.0350	0.0850	0.0950	9.96945957e+08
0.0350	0.0850	0.1050	2.03616850e+09
0.0350	0.0850	0.1150	3.98020207e+09
0.0350	0.0850	0.1250	1.74326460e+09
0.0350	0.0950	0.0950	2.80524551e+08
0.0350	0.0950	0.1050	2.65628952e+09
0.0350	0.0950	0.1150	2.25861967e+09
0.0350	0.0950	0.1250	2.87694751e+09
0.0350	0.0950	0.1350	1.66235795e+09
0.0350	0.1050	0.1050	1.02842121e+09
0.0350	0.1050	0.1150	8.22375645e+08
0.0350	0.1050	0.1250	1.56059216e+09
0.0350	0.1050	0.1350	1.62646093e+09
0.0350	0.1050	0.1450	1.63770037e+09
0.0350	0.1150	0.1150	2.52400189e+09
0.0350	0.1150	0.1250	1.19695865e+09
0.0350	0.1150	0.1350	1.40797511e+09
0.0350	0.1150	0.1450	1.73227663e+09
0.0350	0.1250	0.1250	3.14641555e+08
0.0350	0.1250	0.1350	1.38614241e+09
0.0350	0.1250	0.1450	1.37143509e+09
0.0350	0.1350	0.1350	1.10418987e+09
0.0350	0.1350	0.1450	8.17793741e+08
0.0350	0.1450	0.1450	1.03807541e+09
0.0450	0.0450	0.0450	3.17287831e+09
0.0450	0.0450	0.0550	-1.81979773e+08
0.0450	0.0450	0.0650	3.75721012e+09
0.0450	0.0450	0.0750	5.65713130e+09
0.0450	0.0450	0.0850	2.21531041e+09
0.0450	0.0450	0.0950	-1.08131817e+09
0.0450	0.0550	0.0550	3.40770917e+09
0.0450	0.0550	0.0650	4.27296299e+09
0.0450	0.0550	0.0750	2.05248301e+09
0.0450	0.0550	0.0850	2.59837185e+09
0.0450	0.0550	0.0950	4.52105386e+09
0.0450	0.0550	0.1050	4.73196449e+09
0.0450	0.0650	0.0650	1.26611939e+09
0.0450	0.0650	0.0750	1.75859418e+09
0.0450	0.0650	0.0850	2.46347602e+09
0.0450	0.0650	0.0950	1.17438111e+09
0.0450	0.0650	0.1050	2.94344578e+09
0.0450	0.0650	0.1150	9.77433200e+08
0.0450	0.0750	0.0750	3.90297583e+09
0.0450	0.0750	0.0850	8.88880489e+08
0.0450	0.0750	0.0950	2.11065982e+09
0.0450	0.0750	0.1050	2.16788595e+09
0.0450	0.0750	0.1150	2.43599535e+09
0.0450	0.0750	0.1250	3.82769630e+09
0.0450	0.0850	0.0850	2.37524133e+09
0.0450	0.0850	0.0950	8.45833006e+08
0.0450	0.0850	0.1050	8.42560893e+08
0.0450	0.0850	0.1150	2.06682927e+09
0.0450	0.0850	0.1250	1.51032465e+09
0.0450	0.0850	0.1350	3.50591425e+09
0.0450	0.0950	0.0950	2.63044648e+09
0.0450	0.0950	0.1050	1.20064366e+09
0.0450	0.0950	0.1150	1.75839693e+09
0.0450	0.0950	0.1250	1.57911362e+09
0.0450	0.0950	0.1350	2.07140517e+09
0.0450	0.0950	0.1450	2.55323247e+09
0.0450	0.1050	0.1050	3.20382969e+08
0.0450	0.1050	0.1150	7.22448166e+08
0.0450	0.1050	0.1250	7.39498183e+08
0.0450	0.1050	0.1350	1.47494911e+09
0.0450	0.1050	0.1450	1.51392325e+09
0.0450	0.1150	0.1150	1.44826755e+09
0.0450	0.1150	0.1250	4.54436372e+08
0.0450	0.1150	0.1350	7.15667659e+08
0.0450	0.1150	0.1450	1.51373204e+09
0.0450	0.1250	0.1250	1.18686445e+09
0.0450	0.1250	0.1350	7.34166810e+08
0.0450	0.1250	0.1450	7.38101958e+08
0.0450	0.1350	0.1350	1.06788071e+09
0.0450	0.1350	0.1450	9.56390562e+08
0.0450	0.1450	0.1450	7.94144746e+08
0.0550	0.0550	0.0550	-6.21348004e+08
0.0550	0.0550	0.0650	3.16060878e+09
0.0550	0.0550	0.0750	3.36749010e+09
0.0550	0.0550	0.0850	1.77318075e+09
0.0550	0.0550	0.0950	3.53678923e+09
0.0550	0.0550	0.1050	2.51927340e+09
0.0550	0.0550	0.1150	2.30861579e+09
0.0550	0.0650	0.0650	1.69528219e+09
0.0550	0.0650	0.0750	1.95825172e+09
0.0550	0.0650	0.0850	2.65676967e+09
0.0550	0.0650	0.0950	2.62628799e+09
0.0550	0.0650	0.1050	2.00556637e+09
0.0550	0.0650	0.1150	1.81829278e+09
0.0550	0.0650	0.1250	1.01719823e+09
0.0550	0.0750	0.0750	3.20769674e+09
0.0550	0.0750	0.0850	1.77045136e+09
0.0550	0.0750	0.0950	1.93244461e+09
0.0550	0.0750	0.1050	2.21089075e+09
0.0550	0.0750	0.1150	1.79038957e+09
0.0550	0.0750	0.1250	2.95504486e+09
0.0550	0.0750	0.1350	4.53519561e+09
0.0550	0.0850	0.0850	1.90178978e+09
0.0550	0.0850	0.0950	1.93635176e+09
0.0550	0.0850	0.1050	1.07973154e+09
0.0550	0.0850	0.1150	1.39141809e+09
0.0550	0.0850	0.1250	1.60362221e+09
0.0550	0.0850	0.1350	1.55546798e+09
0.0550	0.0850	0.1450	1.69603073e+09
0.0550	0.0950	0.0950	-1.37080169e+08
0.0550	0.0950	0.1050	1.47411407e+09
0.0550	0.0950	0.1150	1.72409890e+09
0.0550	0.0950	0.1250	1.16238028e+09
0.0550	0.0950	0.1350	1.76222271e+09
0.0550	0.0950	0.1450	1.44465147e+09
0.0550	0.1050	0.1050	1.90176132e+09
0.0550	0.1050	0.1150	5.01667432e+08
0.0550	0.1050	0.1250	1.56061153e+09
0.0550	0.1050	0.1350	9.79977064e+08
0.0550	0.1050	0.1450	1.35974207e+09
0.0550	0.1150	0.1150	3.65853518e+07
0.0550	0.1150	0.1250	1.69220553e+09
0.0550	0.1150	0.1350	5.22876529e+08
0.0550	0.1150	0.1450	1.46650936e+09
0.0550	0.1250	0.1250	6.23826893e+08
0.0550	0.1250	0.1350	1.01258982e+09
0.0550	0.1250	0.1450	1.18173906e+09
0.0550	0.1350	0.1350	6.58925412e+08
0.0550	0.1350	0.1450	5.86436363e+08
0.0550	0.1450	0.1450	9.19672874e+08
0.0650	0.0650	0.0650	1.84377965e+09
0.0650	0.0650	0.0750	4.80837197e+08
0.0650	0.0650	0.0850	5.32439384e+08
0.0650	0.0650	0.0950	1.15826334e+09
0.0650	0.0650	0.1050	1.94969490e+09
0.0650	0.0650	0.1150	1.55460041e+09
0.0650	0.0650	0.1250	1.74673413e+09
0.0650	0.0650	0.1350	2.56591747e+09
0.0650	0.0750	0.0750	1.77407102e+09
0.0650	0.0750	0.0850	1.11761790e+09
0.0650	0.0750	0.0950	1.31153773e+09
0.0650	0.0750	0.1050	3.54186430e+08
0.0650	0.0750	0.1150	7.05244077e+08
0.0650	0.0750	0.1250	1.03766523e+09
0.0650	0.0750	0.1350	1.49691000e+09
0.0650	0.0750	0.1450	2.76403592e+09
0.0650	0.0850	0.0850	1.43023679e+09
0.0650	0.0850	0.0950	1.19245617e+09
0.0650	0.0850	0.1050	1.17363792e+09
0.0650	0.0850	0.1150	1.71847058e+09
0.0650	0.0850	0.1250	1.06276384e+09
0.0650	0.0850	0.1350	1.74097784e+09
0.0650	0.0850	0.1450	1.49024048e+09
0.0650	0.0950	0.0950	6.50332897e+08
0.0650	0.0950	0.1050	5.93745675e+08
0.0650	0.0950	0.1150	1.04957015e+09
0.0650	0.0950	0.1250	1.23240306e+09
0.0650	0.0950	0.1350	9.14620057e+08
0.0650	0.0950	0.1450	1.18044288e+09
0.0650	0.1050	0.1050	2.13080176e+08
0.0650	0.1050	0.1150	1.37896587e+09
0.0650	0.1050	0.1250	7.30225730e+08
0.0650	0.1050	0.1350	7.17428470e+08
0.0650	0.1050	0.1450	1.00108157e+09
0.0650	0.1150	0.1150	1.15680750e+09
0.0650	0.1150	0.1250	5.29673728e+08
0.0650	0.1150	0.1350	9.34235903e+08
0.0650	0.1150	0.1450	9.16103402e+08
0.0650	0.1250	0.1250	1.10592997e+09
0.0650	0.1250	0.1350	6.03329298e+08
0.0650	0.1250	0.1450	5.45227768e+08
0.0650	0.1350	0.1350	9.25553938e+08
0.0650	0.1350	0.1450	6.41604709e+08
0.0650	0.1450	0.1450	3.59607592e+08
0.0750	0.0750	0.0750	2.26229954e+09
0.0750	0.0750	0.0850	4.90620484e+08
0.0750	0.0750	0.0950	9.02150380e+08
0.0750	0.0750	0.1050	9.15890513e+08
0.0750	0.0750	0.1150	1.59636932e+09
0.0750	0.0750	0.1250	1.09880184e+09
0.0750	0.0750	0.1350	1.43738164e+09
0.0750	0.0750	0.1450	1.52128139e+09
0.0750	0.0850	0.0850	1.45291309e+09
0.0750	0.0850	0.0950	1.60096999e+09
0.0750	0.0850	0.1050	1.35359650e+09
0.0750	0.0850	0.1150	9.50074565e+08
0.0750	0.0850	0.1250	9.64543969e+08
0.0750	0.0850	0.1350	1.02917905e+09
0.0750	0.0850	0.1450	1.27769077e+09
0.0750	0.0950	0.0950	1.21709570e+09
0.0750	0.0950	0.1050	9.74256971e+08
0.0750	0.0950	0.1150	7.90962097e+08
0.0750	0.0950	0.1250	1.21252723e+09
0.0750	0.0950	0.1350	9.53662477e+08
0.0750	0.0950	0.1450	7.79994682e+08
0.0750	0.1050	0.1050	5.17908057e+08
0.0750	0.1050	0.1150	7.07097081e+08
0.0750	0.1050	0.1250	6.29603746e+08
0.0750	0.1050	0.1350	9.94246286e+08
0.0750	0.1050	0.1450	8.84824031e+08
0.0750	0.1150	0.1150	7.22756633e+08
0.0750	0.1150	0.1250	1.93833258e+08
0.0750	0.1150	0.1350	7.03410655e+08
0.0750	0.1150	0.1450	1.01506364e+09
0.0750	0.1250	0.1250	7.06646406e+08
0.0750	0.1250	0.1350	6.46149271e+08
0.0750	0.1250	0.1450	8.57857583e+08
0.0750	0.1350	0.1350	8.64659549e+08
0.0750	0.1350	0.1450	3.15008544e+08
0.0750	0.1450	0.1450	7.23187840e+08
0.0850	0.0850	0.0850	2.05892120e+09
0.0850	0.0850	0.0950	3.36701249e+08
0.0850	0.0850	0.1050	2.82050532e+08
0.0850	0.0850	0.1150	1.38881328e+09
0.0850	0.0850	0.1250	5.62603124e+08
0.0850	0.0850	0.1350	1.72122475e+09
0.0850	0.0850	0.1450	8.53987126e+08
0.0850	0.0950	0.0950	8.42209430e+08
0.0850	0.0950	0.1050	1.01159818e+09
0.0850	0.0950	0.1150	9.92274842e+08
0.0850	0.0950	0.1250	6.30332978e+08
0.0850	0.0950	0.1350	7.13893653e+08
0.0850	0.0950	0.1450	5.82625909e+08
0.0850	0.1050	0.1050	2.56998184e+08
0.0850	0.1050	0.1150	7.33319827e+08
0.0850	0.1050	0.1250	7.13366373e+08
0.0850	0.1050	0.1350	4.70848564e+08
0.0850	0.1050	0.1450	8.33304358e+08
0.0850	0.1150	0.1150	6.47684639e+08
0.0850	0.1150	0.1250	7.70582521e+08
0.0850	0.1150	0.1350	3.82943195e+08
0.0850	0.1150	0.1450	8.41164805e+08
0.0850	0.1250	0.1250	4.91043064e+08
0.0850	0.1250	0.1350	5.20764659e+08
0.0850	0.1250	0.1450	5.83417996e+08
0.0850	0.1350	0.1350	4.33155370e+08
0.0850	0.1350	0.1450	5.56231645e+08
0.0850	0.1450	0.1450	5.56595600e+08
0.0950	0.0950	0.0950	4.58028437e+08
0.0950	0.0950	0.1050	5.57684936e+08
0.0950	0.0950	0.1150	7.56833508e+08
0.0950	0.0950	0.1250	1.15000328e+09
0.0950	0.0950	0.1350	9.10458475e+08
0.0950	0.0950	0.1450	8.57555712e+08
0.0950	0.1050	0.1050	5.39341776e+08
0.0950	0.1050	0.1150	5.78766354e+08
0.0950	0.1050	0.1250	5.26966374e+08
0.0950	0.1050	0.1350	5.24955864e+08
0.0950	0.1050	0.1450	8.61620168e+08
0.0950	0.1150	0.1150	1.06791368e+09
0.0950	0.1150	0.1250	4.49430212e+08
0.0950	0.1150	0.1350	6.90960349e+08
0.0950	0.1150	0.1450	4.69370855e+08
0.0950	0.1250	0.1250	5.44820299e+08
0.0950	0.1250	0.1350	4.91337302e+08
0.0950	0.1250	0.1450	5.65040602e+08
0.0950	0.1350	0.1350	4.81799580e+08
0.0950	0.1350	0.1450	4.05378470e+08
0.0950	0.1450	0.1450	5.38654568e+08
0.1050	0.1050	0.1050	-5.96334060e+07
0.1050	0.1050	0.1150	3.20606729e+08
0.1050	0.1050	0.1250	5.62537661e+08
0.1050	0.1050	0.1350	6.62943268e+08
0.1050	0.1050	0.1450	6.58017835e+08
0.1050	0.1150	0.1150	2.28370226e+08
0.1050	0.1150	0.1250	5.56853441e+08
0.1050	0.1150	0.1350	4.80458936e+08
0.1050	0.1150	0.1450	5.65294216e+08
0.1050	0.1250	0.1250	3.62828435e+08
0.1050	0.1250	0.1350	4.64755427e+08
0.1050	0.1250	0.1450	5.63230340e+08
0.1050	0.1350	0.1350	3.26153035e+08
0.1050	0.1350	0.1450	4.37569988e+08
0.1050	0.1450	0.1450	4.06402959e+08
0.1150	0.1150	0.1150	8.24032316e+08
0.1150	0.1150	0.1250	-3.01323033e+06
0.1150	0.1150	0.1350	5.95825292e+08
0.1150	0.1150	0.1450	2.46384668e+08
0.1150	0.1250	0.1250	5.90635049e+08
0.1150	0.1250	0.1350	2.93195599e+08
0.1150	0.1250	0.1450	3.81633884e+08
0.1150	0.1350	0.1350	5.47757645e+08
0.1150	0.1350	0.1450	4.58342858e+08
0.1150	0.1450	0.1450	4.81813094e+08
0.1250	0.1250	0.1250	7.22659193e+08
0.1250	0.1250	0.1350	3.08753746e+08
0.1250	0.1250	0.1450	2.49453525e+08
0.1250	0.1350	0.1350	5.24098753e+08
0.1250	0.1350	0.1450	3.07828414e+08
0.1250	0.1450	0.1450	3.57699529e+08
0.1350	0.1350	0.1350	7.56279933e+05
0.1350	0.1350	0.1450	5.32855499e+08
0.1350	0.1450	0.1450	3.01315128e+08
0.1450	0.1450	0.1450	4.15897692e+08
