####### Bispectrum of Patchy Simulation 775 #############
# Patch: sgc
# z-type: z3
# Weights: fkp
# Fiducial Omega_m: 0.310
# Fiducial h: 0.676
# Boxsize: [1000.0, 2600.0, 1500.0]
# Grid: [95, 250, 140]
# k-binning: [0.000, 0.160, 0.010]
# Monte Carlo Simulations: 100
#
# Format: k1 | k2 | k3 | B(k1,k2,k3)
############################################
0.0150	0.0150	0.0150	2.98152510e+10
0.0150	0.0150	0.0250	1.53098632e+09
0.0150	0.0150	0.0350	-6.28018437e+09
0.0150	0.0250	0.0250	1.98939003e+10
0.0150	0.0250	0.0350	1.50683911e+10
0.0150	0.0250	0.0450	1.88761651e+10
0.0150	0.0350	0.0350	2.46298785e+07
0.0150	0.0350	0.0450	1.22357102e+10
0.0150	0.0350	0.0550	1.29152140e+10
0.0150	0.0450	0.0450	8.41351640e+09
0.0150	0.0450	0.0550	6.41023877e+09
0.0150	0.0450	0.0650	1.14255201e+09
0.0150	0.0550	0.0550	7.41364810e+09
0.0150	0.0550	0.0650	1.15991612e+10
0.0150	0.0550	0.0750	-1.28117473e+09
0.0150	0.0650	0.0650	1.05723210e+09
0.0150	0.0650	0.0750	4.54431328e+09
0.0150	0.0650	0.0850	1.05551473e+10
0.0150	0.0750	0.0750	8.42537932e+09
0.0150	0.0750	0.0850	3.63589894e+09
0.0150	0.0750	0.0950	-9.72667676e+08
0.0150	0.0850	0.0850	2.33260635e+09
0.0150	0.0850	0.0950	3.67430091e+09
0.0150	0.0850	0.1050	4.93532056e+09
0.0150	0.0950	0.0950	5.75629904e+09
0.0150	0.0950	0.1050	1.22996397e+09
0.0150	0.0950	0.1150	8.07905742e+09
0.0150	0.1050	0.1050	4.47788071e+09
0.0150	0.1050	0.1150	1.86719337e+09
0.0150	0.1050	0.1250	1.99167907e+09
0.0150	0.1150	0.1150	1.85494438e+09
0.0150	0.1150	0.1250	2.30475737e+09
0.0150	0.1150	0.1350	1.66012383e+08
0.0150	0.1250	0.1250	1.52910461e+09
0.0150	0.1250	0.1350	2.23422601e+09
0.0150	0.1250	0.1450	-1.42051720e+06
0.0150	0.1350	0.1350	2.61521613e+09
0.0150	0.1350	0.1450	1.09270110e+09
0.0150	0.1450	0.1450	1.87409360e+09
0.0250	0.0250	0.0250	-2.05330359e+10
0.0250	0.0250	0.0350	8.44976825e+09
0.0250	0.0250	0.0450	9.78381630e+09
0.0250	0.0250	0.0550	2.97887245e+10
0.0250	0.0350	0.0350	1.02059227e+09
0.0250	0.0350	0.0450	2.95129972e+09
0.0250	0.0350	0.0550	9.04581633e+09
0.0250	0.0350	0.0650	-9.26908651e+09
0.0250	0.0450	0.0450	9.95102955e+09
0.0250	0.0450	0.0550	-1.45888777e+08
0.0250	0.0450	0.0650	1.01283481e+10
0.0250	0.0450	0.0750	2.19719790e+09
0.0250	0.0550	0.0550	2.73646390e+09
0.0250	0.0550	0.0650	3.09229678e+09
0.0250	0.0550	0.0750	5.91815809e+09
0.0250	0.0550	0.0850	6.10543607e+09
0.0250	0.0650	0.0650	5.87415256e+09
0.0250	0.0650	0.0750	3.91747946e+09
0.0250	0.0650	0.0850	7.18341414e+09
0.0250	0.0650	0.0950	4.93434415e+09
0.0250	0.0750	0.0750	3.23920313e+09
0.0250	0.0750	0.0850	2.48424331e+09
0.0250	0.0750	0.0950	4.17970986e+09
0.0250	0.0750	0.1050	2.88589983e+09
0.0250	0.0850	0.0850	2.06168472e+09
0.0250	0.0850	0.0950	2.44760793e+09
0.0250	0.0850	0.1050	4.77103105e+09
0.0250	0.0850	0.1150	2.93753889e+09
0.0250	0.0950	0.0950	7.07823961e+08
0.0250	0.0950	0.1050	2.25417229e+09
0.0250	0.0950	0.1150	1.85085634e+09
0.0250	0.0950	0.1250	3.01528131e+09
0.0250	0.1050	0.1050	2.15801839e+09
0.0250	0.1050	0.1150	1.64853553e+09
0.0250	0.1050	0.1250	2.59522793e+09
0.0250	0.1050	0.1350	2.59139427e+09
0.0250	0.1150	0.1150	-5.85332157e+07
0.0250	0.1150	0.1250	1.89372089e+09
0.0250	0.1150	0.1350	2.91452015e+09
0.0250	0.1150	0.1450	1.19574115e+09
0.0250	0.1250	0.1250	1.38572333e+09
0.0250	0.1250	0.1350	1.81449374e+09
0.0250	0.1250	0.1450	2.60011721e+09
0.0250	0.1350	0.1350	9.29148432e+08
0.0250	0.1350	0.1450	1.13206926e+09
0.0250	0.1450	0.1450	2.05517509e+09
0.0350	0.0350	0.0350	-1.17646391e+10
0.0350	0.0350	0.0450	5.43402321e+09
0.0350	0.0350	0.0550	3.81265195e+09
0.0350	0.0350	0.0650	1.09734264e+10
0.0350	0.0350	0.0750	8.71226195e+09
0.0350	0.0450	0.0450	2.17515909e+09
0.0350	0.0450	0.0550	6.77955233e+09
0.0350	0.0450	0.0650	-1.58292853e+09
0.0350	0.0450	0.0750	2.09958069e+09
0.0350	0.0450	0.0850	6.81500756e+09
0.0350	0.0550	0.0550	2.28155956e+09
0.0350	0.0550	0.0650	5.03723906e+09
0.0350	0.0550	0.0750	3.06084461e+09
0.0350	0.0550	0.0850	1.33693881e+09
0.0350	0.0550	0.0950	6.38965679e+09
0.0350	0.0650	0.0650	2.81721806e+09
0.0350	0.0650	0.0750	4.40876872e+09
0.0350	0.0650	0.0850	3.57012171e+09
0.0350	0.0650	0.0950	3.87614833e+09
0.0350	0.0650	0.1050	6.58897906e+09
0.0350	0.0750	0.0750	1.41686453e+09
0.0350	0.0750	0.0850	2.70829119e+09
0.0350	0.0750	0.0950	1.92459661e+09
0.0350	0.0750	0.1050	2.55323177e+09
0.0350	0.0750	0.1150	4.33900514e+09
0.0350	0.0850	0.0850	5.18382704e+08
0.0350	0.0850	0.0950	2.41426003e+09
0.0350	0.0850	0.1050	2.65269177e+09
0.0350	0.0850	0.1150	2.83853828e+09
0.0350	0.0850	0.1250	4.51128853e+09
0.0350	0.0950	0.0950	2.33089122e+09
0.0350	0.0950	0.1050	1.14757555e+09
0.0350	0.0950	0.1150	2.17717845e+09
0.0350	0.0950	0.1250	1.49684535e+09
0.0350	0.0950	0.1350	2.16891837e+09
0.0350	0.1050	0.1050	1.69700212e+09
0.0350	0.1050	0.1150	1.75135046e+09
0.0350	0.1050	0.1250	1.37743118e+09
0.0350	0.1050	0.1350	2.18049404e+09
0.0350	0.1050	0.1450	4.03026765e+09
0.0350	0.1150	0.1150	7.88670879e+08
0.0350	0.1150	0.1250	6.17084856e+08
0.0350	0.1150	0.1350	1.69292338e+09
0.0350	0.1150	0.1450	2.07256267e+09
0.0350	0.1250	0.1250	5.40041255e+08
0.0350	0.1250	0.1350	1.52142975e+09
0.0350	0.1250	0.1450	1.50846990e+09
0.0350	0.1350	0.1350	5.62767866e+08
0.0350	0.1350	0.1450	1.83935538e+09
0.0350	0.1450	0.1450	6.77582750e+08
0.0450	0.0450	0.0450	4.71706842e+09
0.0450	0.0450	0.0550	1.55047059e+09
0.0450	0.0450	0.0650	2.02026256e+09
0.0450	0.0450	0.0750	4.45758201e+09
0.0450	0.0450	0.0850	1.80737883e+09
0.0450	0.0450	0.0950	4.30378093e+09
0.0450	0.0550	0.0550	1.73516108e+08
0.0450	0.0550	0.0650	2.84606091e+09
0.0450	0.0550	0.0750	2.42003736e+09
0.0450	0.0550	0.0850	3.90398340e+09
0.0450	0.0550	0.0950	3.41543569e+09
0.0450	0.0550	0.1050	3.84990203e+09
0.0450	0.0650	0.0650	1.17611944e+09
0.0450	0.0650	0.0750	1.45650914e+09
0.0450	0.0650	0.0850	2.46635222e+09
0.0450	0.0650	0.0950	2.62887452e+09
0.0450	0.0650	0.1050	3.64706584e+09
0.0450	0.0650	0.1150	7.18319131e+09
0.0450	0.0750	0.0750	3.30075572e+09
0.0450	0.0750	0.0850	3.84571359e+08
0.0450	0.0750	0.0950	2.46858424e+09
0.0450	0.0750	0.1050	1.05184940e+09
0.0450	0.0750	0.1150	8.35937187e+08
0.0450	0.0750	0.1250	5.14334664e+09
0.0450	0.0850	0.0850	1.43710219e+09
0.0450	0.0850	0.0950	9.54142203e+08
0.0450	0.0850	0.1050	1.25976037e+09
0.0450	0.0850	0.1150	1.37649530e+09
0.0450	0.0850	0.1250	2.02390118e+09
0.0450	0.0850	0.1350	3.03345833e+09
0.0450	0.0950	0.0950	2.30607862e+09
0.0450	0.0950	0.1050	6.05880009e+08
0.0450	0.0950	0.1150	1.17571642e+09
0.0450	0.0950	0.1250	1.64632139e+09
0.0450	0.0950	0.1350	1.58039000e+09
0.0450	0.0950	0.1450	2.54032282e+09
0.0450	0.1050	0.1050	1.23837984e+09
0.0450	0.1050	0.1150	9.77754185e+08
0.0450	0.1050	0.1250	1.49888749e+09
0.0450	0.1050	0.1350	1.19379515e+09
0.0450	0.1050	0.1450	9.41189546e+08
0.0450	0.1150	0.1150	1.61210000e+09
0.0450	0.1150	0.1250	1.18876119e+09
0.0450	0.1150	0.1350	1.28828730e+09
0.0450	0.1150	0.1450	1.56756251e+09
0.0450	0.1250	0.1250	8.73755944e+08
0.0450	0.1250	0.1350	1.01572395e+09
0.0450	0.1250	0.1450	1.15312799e+09
0.0450	0.1350	0.1350	1.48752040e+09
0.0450	0.1350	0.1450	9.40391630e+08
0.0450	0.1450	0.1450	9.60513466e+08
0.0550	0.0550	0.0550	3.57223083e+09
0.0550	0.0550	0.0650	1.53988869e+09
0.0550	0.0550	0.0750	6.87663926e+08
0.0550	0.0550	0.0850	1.19621924e+09
0.0550	0.0550	0.0950	2.38095323e+09
0.0550	0.0550	0.1050	2.32630539e+09
0.0550	0.0550	0.1150	5.07516889e+08
0.0550	0.0650	0.0650	3.57795081e+09
0.0550	0.0650	0.0750	1.44084947e+09
0.0550	0.0650	0.0850	1.05262504e+09
0.0550	0.0650	0.0950	2.25704831e+09
0.0550	0.0650	0.1050	2.62272009e+09
0.0550	0.0650	0.1150	2.22192315e+09
0.0550	0.0650	0.1250	3.84914162e+09
0.0550	0.0750	0.0750	8.97658133e+08
0.0550	0.0750	0.0850	1.79217489e+09
0.0550	0.0750	0.0950	9.64336399e+08
0.0550	0.0750	0.1050	2.16692833e+09
0.0550	0.0750	0.1150	2.12431810e+09
0.0550	0.0750	0.1250	1.24970761e+09
0.0550	0.0750	0.1350	1.19484438e+09
0.0550	0.0850	0.0850	1.51715437e+09
0.0550	0.0850	0.0950	1.58029520e+09
0.0550	0.0850	0.1050	1.34821676e+09
0.0550	0.0850	0.1150	1.63134019e+09
0.0550	0.0850	0.1250	1.61165609e+09
0.0550	0.0850	0.1350	1.60790160e+09
0.0550	0.0850	0.1450	6.08707705e+08
0.0550	0.0950	0.0950	2.96344006e+08
0.0550	0.0950	0.1050	1.03544861e+09
0.0550	0.0950	0.1150	1.69065254e+09
0.0550	0.0950	0.1250	9.92260651e+08
0.0550	0.0950	0.1350	1.24859472e+09
0.0550	0.0950	0.1450	1.85113431e+09
0.0550	0.1050	0.1050	1.24267069e+09
0.0550	0.1050	0.1150	8.63146901e+08
0.0550	0.1050	0.1250	1.01028680e+09
0.0550	0.1050	0.1350	1.54193849e+09
0.0550	0.1050	0.1450	1.27881459e+09
0.0550	0.1150	0.1150	1.49580678e+09
0.0550	0.1150	0.1250	6.16069708e+08
0.0550	0.1150	0.1350	9.86502944e+08
0.0550	0.1150	0.1450	1.32283494e+09
0.0550	0.1250	0.1250	1.15562513e+09
0.0550	0.1250	0.1350	1.23450409e+09
0.0550	0.1250	0.1450	5.29419117e+08
0.0550	0.1350	0.1350	6.54043076e+08
0.0550	0.1350	0.1450	9.42451615e+08
0.0550	0.1450	0.1450	1.27626497e+09
0.0650	0.0650	0.0650	1.66771325e+09
0.0650	0.0650	0.0750	3.13237387e+09
0.0650	0.0650	0.0850	3.20563045e+09
0.0650	0.0650	0.0950	1.53282167e+09
0.0650	0.0650	0.1050	2.51458977e+09
0.0650	0.0650	0.1150	3.15278873e+09
0.0650	0.0650	0.1250	2.84116023e+09
0.0650	0.0650	0.1350	-3.33599021e+08
0.0650	0.0750	0.0750	1.15976473e+08
0.0650	0.0750	0.0850	1.04573002e+09
0.0650	0.0750	0.0950	1.88345995e+09
0.0650	0.0750	0.1050	1.40376766e+09
0.0650	0.0750	0.1150	1.69596554e+09
0.0650	0.0750	0.1250	1.49545379e+09
0.0650	0.0750	0.1350	2.36547510e+09
0.0650	0.0750	0.1450	-4.47556529e+08
0.0650	0.0850	0.0850	1.20278112e+09
0.0650	0.0850	0.0950	1.24706851e+09
0.0650	0.0850	0.1050	1.38907530e+09
0.0650	0.0850	0.1150	9.48280647e+08
0.0650	0.0850	0.1250	1.28478341e+09
0.0650	0.0850	0.1350	1.59468752e+09
0.0650	0.0850	0.1450	1.79690158e+09
0.0650	0.0950	0.0950	1.65954497e+09
0.0650	0.0950	0.1050	1.34529454e+09
0.0650	0.0950	0.1150	1.17891928e+09
0.0650	0.0950	0.1250	1.11939485e+09
0.0650	0.0950	0.1350	9.85021416e+08
0.0650	0.0950	0.1450	1.84705834e+09
0.0650	0.1050	0.1050	8.80422928e+08
0.0650	0.1050	0.1150	1.31432706e+09
0.0650	0.1050	0.1250	1.12806536e+09
0.0650	0.1050	0.1350	7.34116374e+08
0.0650	0.1050	0.1450	1.25671101e+09
0.0650	0.1150	0.1150	1.01297930e+09
0.0650	0.1150	0.1250	1.48338842e+09
0.0650	0.1150	0.1350	1.23544749e+09
0.0650	0.1150	0.1450	9.46849008e+08
0.0650	0.1250	0.1250	8.24478916e+08
0.0650	0.1250	0.1350	4.44963998e+08
0.0650	0.1250	0.1450	1.00813519e+09
0.0650	0.1350	0.1350	1.35663994e+09
0.0650	0.1350	0.1450	9.68076309e+08
0.0650	0.1450	0.1450	4.58170210e+08
0.0750	0.0750	0.0750	2.37583734e+09
0.0750	0.0750	0.0850	8.83339972e+08
0.0750	0.0750	0.0950	2.87631708e+08
0.0750	0.0750	0.1050	6.80044427e+08
0.0750	0.0750	0.1150	1.18757291e+09
0.0750	0.0750	0.1250	1.38004961e+09
0.0750	0.0750	0.1350	1.35557270e+09
0.0750	0.0750	0.1450	2.10723773e+09
0.0750	0.0850	0.0850	6.80709823e+08
0.0750	0.0850	0.0950	9.81491983e+08
0.0750	0.0850	0.1050	8.41697301e+08
0.0750	0.0850	0.1150	1.02706963e+09
0.0750	0.0850	0.1250	1.42702553e+09
0.0750	0.0850	0.1350	9.78332569e+08
0.0750	0.0850	0.1450	1.59607025e+09
0.0750	0.0950	0.0950	1.25255105e+09
0.0750	0.0950	0.1050	9.88501100e+08
0.0750	0.0950	0.1150	9.02479599e+08
0.0750	0.0950	0.1250	7.61853343e+08
0.0750	0.0950	0.1350	1.20856998e+09
0.0750	0.0950	0.1450	6.92315301e+08
0.0750	0.1050	0.1050	8.68978001e+08
0.0750	0.1050	0.1150	8.46114988e+08
0.0750	0.1050	0.1250	9.52501970e+08
0.0750	0.1050	0.1350	8.55873050e+08
0.0750	0.1050	0.1450	7.10417257e+08
0.0750	0.1150	0.1150	4.22227688e+08
0.0750	0.1150	0.1250	6.40575029e+08
0.0750	0.1150	0.1350	3.36893152e+08
0.0750	0.1150	0.1450	5.94904984e+08
0.0750	0.1250	0.1250	1.20820806e+09
0.0750	0.1250	0.1350	8.58931133e+08
0.0750	0.1250	0.1450	6.38005218e+08
0.0750	0.1350	0.1350	2.62833900e+08
0.0750	0.1350	0.1450	6.09370188e+08
0.0750	0.1450	0.1450	5.00753715e+08
0.0850	0.0850	0.0850	8.02600794e+08
0.0850	0.0850	0.0950	1.54297506e+09
0.0850	0.0850	0.1050	5.77330199e+08
0.0850	0.0850	0.1150	8.15690676e+08
0.0850	0.0850	0.1250	9.19446752e+08
0.0850	0.0850	0.1350	6.64587201e+08
0.0850	0.0850	0.1450	1.12855191e+09
0.0850	0.0950	0.0950	4.69858022e+08
0.0850	0.0950	0.1050	7.00216503e+08
0.0850	0.0950	0.1150	1.05289301e+09
0.0850	0.0950	0.1250	8.36994341e+08
0.0850	0.0950	0.1350	8.14746293e+08
0.0850	0.0950	0.1450	1.10871400e+09
0.0850	0.1050	0.1050	5.75109788e+08
0.0850	0.1050	0.1150	6.16135909e+08
0.0850	0.1050	0.1250	1.01026138e+09
0.0850	0.1050	0.1350	4.40612250e+08
0.0850	0.1050	0.1450	4.76014720e+08
0.0850	0.1150	0.1150	6.29812443e+08
0.0850	0.1150	0.1250	3.88655888e+08
0.0850	0.1150	0.1350	9.15481819e+08
0.0850	0.1150	0.1450	1.09773535e+09
0.0850	0.1250	0.1250	5.20709828e+08
0.0850	0.1250	0.1350	9.27275414e+08
0.0850	0.1250	0.1450	6.07943540e+08
0.0850	0.1350	0.1350	4.28723039e+08
0.0850	0.1350	0.1450	7.30447653e+08
0.0850	0.1450	0.1450	4.55595793e+08
0.0950	0.0950	0.0950	1.42696647e+09
0.0950	0.0950	0.1050	9.75396665e+08
0.0950	0.0950	0.1150	2.00278101e+08
0.0950	0.0950	0.1250	5.08073790e+08
0.0950	0.0950	0.1350	2.70949927e+08
0.0950	0.0950	0.1450	8.79249130e+08
0.0950	0.1050	0.1050	7.34363988e+08
0.0950	0.1050	0.1150	9.62134021e+08
0.0950	0.1050	0.1250	6.52029616e+08
0.0950	0.1050	0.1350	9.00653997e+08
0.0950	0.1050	0.1450	6.72854738e+08
0.0950	0.1150	0.1150	6.37437834e+08
0.0950	0.1150	0.1250	6.68478168e+08
0.0950	0.1150	0.1350	5.67605420e+08
0.0950	0.1150	0.1450	7.00278905e+08
0.0950	0.1250	0.1250	7.09821971e+08
0.0950	0.1250	0.1350	4.87511158e+08
0.0950	0.1250	0.1450	6.62390163e+08
0.0950	0.1350	0.1350	3.74804423e+08
0.0950	0.1350	0.1450	7.68360110e+08
0.0950	0.1450	0.1450	6.82203722e+08
0.1050	0.1050	0.1050	1.72267105e+09
0.1050	0.1050	0.1150	2.13468755e+08
0.1050	0.1050	0.1250	5.32635555e+08
0.1050	0.1050	0.1350	4.03861084e+08
0.1050	0.1050	0.1450	1.15332515e+09
0.1050	0.1150	0.1150	7.09946661e+08
0.1050	0.1150	0.1250	6.18944207e+08
0.1050	0.1150	0.1350	6.29051411e+08
0.1050	0.1150	0.1450	4.65735439e+08
0.1050	0.1250	0.1250	4.60746160e+08
0.1050	0.1250	0.1350	4.61277874e+08
0.1050	0.1250	0.1450	5.11232472e+08
0.1050	0.1350	0.1350	5.59923722e+08
0.1050	0.1350	0.1450	4.66598245e+08
0.1050	0.1450	0.1450	4.69369786e+08
0.1150	0.1150	0.1150	6.33488170e+08
0.1150	0.1150	0.1250	5.02551537e+08
0.1150	0.1150	0.1350	5.75976171e+08
0.1150	0.1150	0.1450	6.97531040e+08
0.1150	0.1250	0.1250	6.95067311e+08
0.1150	0.1250	0.1350	5.09657534e+08
0.1150	0.1250	0.1450	4.49422772e+08
0.1150	0.1350	0.1350	3.66186498e+08
0.1150	0.1350	0.1450	5.06830610e+08
0.1150	0.1450	0.1450	5.52834254e+08
0.1250	0.1250	0.1250	5.54315189e+08
0.1250	0.1250	0.1350	3.28555579e+08
0.1250	0.1250	0.1450	5.48549294e+08
0.1250	0.1350	0.1350	5.70983366e+08
0.1250	0.1350	0.1450	4.25043620e+08
0.1250	0.1450	0.1450	4.81154501e+08
0.1350	0.1350	0.1350	8.34053198e+08
0.1350	0.1350	0.1450	5.22444981e+08
0.1350	0.1450	0.1450	2.32923565e+08
0.1450	0.1450	0.1450	5.27073638e+08
