####### Bispectrum of Patchy Simulation 821 #############
# Patch: sgc
# z-type: z1
# Weights: fkp
# Fiducial Omega_m: 0.310
# Fiducial h: 0.676
# Boxsize: [1000.0, 1900.0, 1100.0]
# Grid: [95, 180, 105]
# k-binning: [0.000, 0.160, 0.010]
# Monte Carlo Simulations: 100
#
# Format: k1 | k2 | k3 | B(k1,k2,k3)
############################################
0.0150	0.0150	0.0150	-3.21270739e+10
0.0150	0.0150	0.0250	2.67920089e+10
0.0150	0.0150	0.0350	6.39741405e+10
0.0150	0.0250	0.0250	-3.08760307e+09
0.0150	0.0250	0.0350	-1.09915885e+10
0.0150	0.0250	0.0450	5.41761812e+10
0.0150	0.0350	0.0350	2.90819712e+10
0.0150	0.0350	0.0450	7.09066326e+09
0.0150	0.0350	0.0550	2.10979099e+10
0.0150	0.0450	0.0450	1.00748325e+10
0.0150	0.0450	0.0550	8.30298230e+09
0.0150	0.0450	0.0650	-1.15771305e+08
0.0150	0.0550	0.0550	8.00772572e+09
0.0150	0.0550	0.0650	5.23510978e+09
0.0150	0.0550	0.0750	3.18511719e+08
0.0150	0.0650	0.0650	6.06438586e+09
0.0150	0.0650	0.0750	9.82329894e+08
0.0150	0.0650	0.0850	8.05233114e+09
0.0150	0.0750	0.0750	6.93409179e+09
0.0150	0.0750	0.0850	1.03343967e+09
0.0150	0.0750	0.0950	9.16213555e+09
0.0150	0.0850	0.0850	-9.18284559e+07
0.0150	0.0850	0.0950	2.44774117e+09
0.0150	0.0850	0.1050	4.71223469e+09
0.0150	0.0950	0.0950	-2.43815048e+08
0.0150	0.0950	0.1050	9.46243201e+08
0.0150	0.0950	0.1150	6.68594405e+09
0.0150	0.1050	0.1050	1.16100663e+09
0.0150	0.1050	0.1150	2.03093767e+09
0.0150	0.1050	0.1250	-4.04852807e+08
0.0150	0.1150	0.1150	2.95911973e+09
0.0150	0.1150	0.1250	2.25573923e+09
0.0150	0.1150	0.1350	1.11859689e+09
0.0150	0.1250	0.1250	3.37582659e+07
0.0150	0.1250	0.1350	1.75389909e+09
0.0150	0.1250	0.1450	2.43113320e+09
0.0150	0.1350	0.1350	2.11281940e+09
0.0150	0.1350	0.1450	1.07574022e+09
0.0150	0.1450	0.1450	1.27838681e+09
0.0250	0.0250	0.0250	1.56475075e+10
0.0250	0.0250	0.0350	-2.51260993e+10
0.0250	0.0250	0.0450	9.83830269e+09
0.0250	0.0250	0.0550	3.70022785e+10
0.0250	0.0350	0.0350	2.60610810e+10
0.0250	0.0350	0.0450	9.90373701e+09
0.0250	0.0350	0.0550	1.39240357e+10
0.0250	0.0350	0.0650	-3.68366512e+09
0.0250	0.0450	0.0450	7.97156545e+09
0.0250	0.0450	0.0550	-6.90337251e+08
0.0250	0.0450	0.0650	4.22925692e+09
0.0250	0.0450	0.0750	5.52065025e+08
0.0250	0.0550	0.0550	5.24679736e+09
0.0250	0.0550	0.0650	4.79994297e+09
0.0250	0.0550	0.0750	5.35892563e+09
0.0250	0.0550	0.0850	4.06369823e+09
0.0250	0.0650	0.0650	-3.14716645e+09
0.0250	0.0650	0.0750	3.22004411e+09
0.0250	0.0650	0.0850	3.62465012e+09
0.0250	0.0650	0.0950	8.16307882e+08
0.0250	0.0750	0.0750	4.38739655e+09
0.0250	0.0750	0.0850	3.07591015e+09
0.0250	0.0750	0.0950	3.76437642e+09
0.0250	0.0750	0.1050	3.13973552e+09
0.0250	0.0850	0.0850	1.53996637e+09
0.0250	0.0850	0.0950	1.75479583e+09
0.0250	0.0850	0.1050	2.85576256e+09
0.0250	0.0850	0.1150	1.35992160e+09
0.0250	0.0950	0.0950	2.00728527e+08
0.0250	0.0950	0.1050	2.41370190e+09
0.0250	0.0950	0.1150	3.32426144e+09
0.0250	0.0950	0.1250	2.00043280e+09
0.0250	0.1050	0.1050	9.80380199e+08
0.0250	0.1050	0.1150	1.81628966e+09
0.0250	0.1050	0.1250	2.20905210e+09
0.0250	0.1050	0.1350	2.19451478e+09
0.0250	0.1150	0.1150	1.07503331e+09
0.0250	0.1150	0.1250	2.34361411e+09
0.0250	0.1150	0.1350	2.38262305e+09
0.0250	0.1150	0.1450	1.72699244e+09
0.0250	0.1250	0.1250	1.15393517e+09
0.0250	0.1250	0.1350	9.82535903e+08
0.0250	0.1250	0.1450	2.10490704e+09
0.0250	0.1350	0.1350	1.50082566e+09
0.0250	0.1350	0.1450	6.96532231e+08
0.0250	0.1450	0.1450	1.85235220e+09
0.0350	0.0350	0.0350	-7.90560708e+09
0.0350	0.0350	0.0450	3.03766762e+09
0.0350	0.0350	0.0550	-6.31332195e+09
0.0350	0.0350	0.0650	5.01729860e+09
0.0350	0.0350	0.0750	7.02568476e+09
0.0350	0.0450	0.0450	1.21508963e+10
0.0350	0.0450	0.0550	4.91798003e+09
0.0350	0.0450	0.0650	9.45393887e+09
0.0350	0.0450	0.0750	2.97637395e+09
0.0350	0.0450	0.0850	9.08552353e+09
0.0350	0.0550	0.0550	5.64091218e+09
0.0350	0.0550	0.0650	3.46792627e+09
0.0350	0.0550	0.0750	4.60024211e+09
0.0350	0.0550	0.0850	5.44041580e+09
0.0350	0.0550	0.0950	9.43518287e+09
0.0350	0.0650	0.0650	6.48204418e+09
0.0350	0.0650	0.0750	3.43124624e+09
0.0350	0.0650	0.0850	4.90053970e+09
0.0350	0.0650	0.0950	2.85001028e+09
0.0350	0.0650	0.1050	4.07239597e+09
0.0350	0.0750	0.0750	2.90265543e+09
0.0350	0.0750	0.0850	3.55298786e+09
0.0350	0.0750	0.0950	2.44368660e+09
0.0350	0.0750	0.1050	4.22299328e+09
0.0350	0.0750	0.1150	4.56894657e+09
0.0350	0.0850	0.0850	3.13266245e+09
0.0350	0.0850	0.0950	3.37359302e+09
0.0350	0.0850	0.1050	1.94001868e+09
0.0350	0.0850	0.1150	3.11194970e+09
0.0350	0.0850	0.1250	6.19362133e+09
0.0350	0.0950	0.0950	2.03709487e+09
0.0350	0.0950	0.1050	6.01035331e+08
0.0350	0.0950	0.1150	2.16588311e+09
0.0350	0.0950	0.1250	1.68847237e+09
0.0350	0.0950	0.1350	4.01043461e+09
0.0350	0.1050	0.1050	1.74723498e+09
0.0350	0.1050	0.1150	1.67329958e+09
0.0350	0.1050	0.1250	2.44551889e+09
0.0350	0.1050	0.1350	1.67089845e+09
0.0350	0.1050	0.1450	2.34147687e+09
0.0350	0.1150	0.1150	1.73280344e+09
0.0350	0.1150	0.1250	1.57367135e+09
0.0350	0.1150	0.1350	1.47153404e+09
0.0350	0.1150	0.1450	2.31247641e+09
0.0350	0.1250	0.1250	1.55004699e+09
0.0350	0.1250	0.1350	7.59238321e+08
0.0350	0.1250	0.1450	1.96360293e+09
0.0350	0.1350	0.1350	1.10219865e+09
0.0350	0.1350	0.1450	8.49365132e+08
0.0350	0.1450	0.1450	1.58706846e+09
0.0450	0.0450	0.0450	-5.36804408e+09
0.0450	0.0450	0.0550	3.89796167e+09
0.0450	0.0450	0.0650	4.29587805e+08
0.0450	0.0450	0.0750	1.24478251e+09
0.0450	0.0450	0.0850	6.31610445e+09
0.0450	0.0450	0.0950	3.87509325e+09
0.0450	0.0550	0.0550	4.79107309e+09
0.0450	0.0550	0.0650	1.05648041e+09
0.0450	0.0550	0.0750	4.11709563e+09
0.0450	0.0550	0.0850	2.87027179e+09
0.0450	0.0550	0.0950	2.51744354e+09
0.0450	0.0550	0.1050	5.32249079e+09
0.0450	0.0650	0.0650	8.53041556e+08
0.0450	0.0650	0.0750	3.40768144e+09
0.0450	0.0650	0.0850	1.10015292e+09
0.0450	0.0650	0.0950	3.28932784e+09
0.0450	0.0650	0.1050	2.65335904e+09
0.0450	0.0650	0.1150	3.74383036e+09
0.0450	0.0750	0.0750	1.02382381e+09
0.0450	0.0750	0.0850	2.04600883e+09
0.0450	0.0750	0.0950	3.80138644e+09
0.0450	0.0750	0.1050	1.80838240e+09
0.0450	0.0750	0.1150	2.51931568e+09
0.0450	0.0750	0.1250	2.52173887e+09
0.0450	0.0850	0.0850	1.37637216e+09
0.0450	0.0850	0.0950	8.47651788e+08
0.0450	0.0850	0.1050	7.94677767e+08
0.0450	0.0850	0.1150	2.28802602e+09
0.0450	0.0850	0.1250	1.20446656e+09
0.0450	0.0850	0.1350	1.13444451e+09
0.0450	0.0950	0.0950	-1.98519811e+08
0.0450	0.0950	0.1050	2.23592388e+09
0.0450	0.0950	0.1150	1.47091130e+09
0.0450	0.0950	0.1250	1.66027955e+09
0.0450	0.0950	0.1350	1.17554603e+09
0.0450	0.0950	0.1450	1.07440105e+09
0.0450	0.1050	0.1050	-2.67609652e+07
0.0450	0.1050	0.1150	1.35462608e+09
0.0450	0.1050	0.1250	1.47081588e+09
0.0450	0.1050	0.1350	1.84163498e+09
0.0450	0.1050	0.1450	1.94412247e+09
0.0450	0.1150	0.1150	1.37666286e+09
0.0450	0.1150	0.1250	1.28385666e+09
0.0450	0.1150	0.1350	1.11928175e+09
0.0450	0.1150	0.1450	1.41579010e+09
0.0450	0.1250	0.1250	9.20511977e+08
0.0450	0.1250	0.1350	6.02207612e+08
0.0450	0.1250	0.1450	8.14327925e+08
0.0450	0.1350	0.1350	1.02199245e+09
0.0450	0.1350	0.1450	1.08129306e+09
0.0450	0.1450	0.1450	8.95920889e+08
0.0550	0.0550	0.0550	6.31274974e+08
0.0550	0.0550	0.0650	5.93104795e+09
0.0550	0.0550	0.0750	2.08569102e+09
0.0550	0.0550	0.0850	2.65016649e+09
0.0550	0.0550	0.0950	3.16633492e+09
0.0550	0.0550	0.1050	2.78212420e+09
0.0550	0.0550	0.1150	1.95077818e+09
0.0550	0.0650	0.0650	1.97503936e+09
0.0550	0.0650	0.0750	1.10444453e+09
0.0550	0.0650	0.0850	1.63329155e+09
0.0550	0.0650	0.0950	1.74279818e+09
0.0550	0.0650	0.1050	2.97591125e+09
0.0550	0.0650	0.1150	3.54203428e+09
0.0550	0.0650	0.1250	-4.65592154e+08
0.0550	0.0750	0.0750	1.84289807e+09
0.0550	0.0750	0.0850	1.91323118e+09
0.0550	0.0750	0.0950	9.61900192e+08
0.0550	0.0750	0.1050	2.10215970e+09
0.0550	0.0750	0.1150	1.39155243e+09
0.0550	0.0750	0.1250	1.34660380e+09
0.0550	0.0750	0.1350	1.91961695e+09
0.0550	0.0850	0.0850	-1.34292666e+07
0.0550	0.0850	0.0950	7.05110137e+08
0.0550	0.0850	0.1050	1.12309998e+09
0.0550	0.0850	0.1150	2.07636572e+09
0.0550	0.0850	0.1250	1.25894932e+09
0.0550	0.0850	0.1350	1.44145653e+09
0.0550	0.0850	0.1450	5.26350314e+08
0.0550	0.0950	0.0950	1.62561940e+09
0.0550	0.0950	0.1050	1.38576889e+09
0.0550	0.0950	0.1150	1.19485377e+09
0.0550	0.0950	0.1250	1.04702270e+09
0.0550	0.0950	0.1350	1.23378130e+09
0.0550	0.0950	0.1450	1.18467251e+09
0.0550	0.1050	0.1050	9.72492579e+08
0.0550	0.1050	0.1150	7.79328966e+08
0.0550	0.1050	0.1250	6.81253458e+08
0.0550	0.1050	0.1350	1.18705830e+09
0.0550	0.1050	0.1450	9.70220054e+08
0.0550	0.1150	0.1150	1.51971257e+09
0.0550	0.1150	0.1250	1.35506945e+09
0.0550	0.1150	0.1350	9.02114637e+08
0.0550	0.1150	0.1450	1.17259593e+09
0.0550	0.1250	0.1250	1.09028233e+09
0.0550	0.1250	0.1350	1.01003620e+09
0.0550	0.1250	0.1450	1.14861324e+09
0.0550	0.1350	0.1350	4.60404021e+08
0.0550	0.1350	0.1450	9.23383259e+08
0.0550	0.1450	0.1450	3.55203539e+08
0.0650	0.0650	0.0650	9.18476950e+08
0.0650	0.0650	0.0750	1.04972500e+09
0.0650	0.0650	0.0850	1.44122840e+09
0.0650	0.0650	0.0950	2.18210138e+09
0.0650	0.0650	0.1050	8.21177310e+08
0.0650	0.0650	0.1150	1.05667893e+09
0.0650	0.0650	0.1250	2.82239030e+09
0.0650	0.0650	0.1350	1.45005006e+09
0.0650	0.0750	0.0750	1.69687247e+09
0.0650	0.0750	0.0850	1.27487736e+09
0.0650	0.0750	0.0950	1.51180824e+09
0.0650	0.0750	0.1050	4.79990453e+08
0.0650	0.0750	0.1150	1.66043029e+09
0.0650	0.0750	0.1250	1.67399390e+09
0.0650	0.0750	0.1350	2.22583862e+09
0.0650	0.0750	0.1450	2.33470037e+09
0.0650	0.0850	0.0850	4.29940433e+08
0.0650	0.0850	0.0950	1.49335820e+09
0.0650	0.0850	0.1050	1.47696902e+09
0.0650	0.0850	0.1150	8.32566606e+08
0.0650	0.0850	0.1250	1.56679886e+09
0.0650	0.0850	0.1350	1.74075557e+09
0.0650	0.0850	0.1450	1.64110683e+09
0.0650	0.0950	0.0950	1.37847429e+09
0.0650	0.0950	0.1050	1.21142709e+09
0.0650	0.0950	0.1150	1.03241041e+09
0.0650	0.0950	0.1250	8.90479344e+08
0.0650	0.0950	0.1350	1.00643283e+09
0.0650	0.0950	0.1450	9.66178593e+08
0.0650	0.1050	0.1050	1.24764576e+09
0.0650	0.1050	0.1150	6.70512371e+08
0.0650	0.1050	0.1250	1.22982352e+09
0.0650	0.1050	0.1350	6.08436339e+08
0.0650	0.1050	0.1450	1.13031454e+09
0.0650	0.1150	0.1150	1.34478488e+09
0.0650	0.1150	0.1250	5.58697694e+08
0.0650	0.1150	0.1350	7.80587498e+08
0.0650	0.1150	0.1450	1.09938493e+09
0.0650	0.1250	0.1250	1.13798433e+09
0.0650	0.1250	0.1350	6.62862138e+08
0.0650	0.1250	0.1450	5.15147512e+08
0.0650	0.1350	0.1350	7.75342265e+08
0.0650	0.1350	0.1450	6.47583228e+08
0.0650	0.1450	0.1450	9.83457891e+08
0.0750	0.0750	0.0750	1.29599508e+09
0.0750	0.0750	0.0850	2.86420602e+09
0.0750	0.0750	0.0950	9.96379143e+08
0.0750	0.0750	0.1050	1.50451348e+09
0.0750	0.0750	0.1150	1.77839502e+09
0.0750	0.0750	0.1250	1.09446572e+09
0.0750	0.0750	0.1350	1.54810872e+09
0.0750	0.0750	0.1450	1.30395136e+09
0.0750	0.0850	0.0850	1.65711042e+09
0.0750	0.0850	0.0950	1.32457923e+09
0.0750	0.0850	0.1050	6.13895627e+08
0.0750	0.0850	0.1150	6.53360002e+08
0.0750	0.0850	0.1250	1.41644309e+09
0.0750	0.0850	0.1350	1.05762058e+09
0.0750	0.0850	0.1450	1.24031468e+09
0.0750	0.0950	0.0950	1.05795419e+09
0.0750	0.0950	0.1050	1.00539993e+09
0.0750	0.0950	0.1150	3.43919143e+08
0.0750	0.0950	0.1250	1.47533152e+09
0.0750	0.0950	0.1350	8.00028282e+08
0.0750	0.0950	0.1450	1.05029832e+09
0.0750	0.1050	0.1050	6.29356050e+08
0.0750	0.1050	0.1150	7.10453455e+08
0.0750	0.1050	0.1250	3.53053646e+08
0.0750	0.1050	0.1350	7.65150388e+08
0.0750	0.1050	0.1450	8.43333177e+08
0.0750	0.1150	0.1150	3.37468553e+08
0.0750	0.1150	0.1250	1.02311233e+09
0.0750	0.1150	0.1350	8.31230899e+08
0.0750	0.1150	0.1450	8.93494360e+08
0.0750	0.1250	0.1250	4.18767152e+08
0.0750	0.1250	0.1350	7.88056577e+08
0.0750	0.1250	0.1450	5.05294188e+08
0.0750	0.1350	0.1350	4.25820200e+08
0.0750	0.1350	0.1450	6.24041097e+08
0.0750	0.1450	0.1450	2.73302711e+08
0.0850	0.0850	0.0850	-9.49019619e+07
0.0850	0.0850	0.0950	1.01755331e+09
0.0850	0.0850	0.1050	3.67952035e+08
0.0850	0.0850	0.1150	1.06499175e+09
0.0850	0.0850	0.1250	3.77281264e+08
0.0850	0.0850	0.1350	1.26454617e+09
0.0850	0.0850	0.1450	1.34351649e+09
0.0850	0.0950	0.0950	4.01967373e+08
0.0850	0.0950	0.1050	7.77959645e+08
0.0850	0.0950	0.1150	5.97301392e+08
0.0850	0.0950	0.1250	7.10550304e+08
0.0850	0.0950	0.1350	6.45672542e+08
0.0850	0.0950	0.1450	7.95577509e+08
0.0850	0.1050	0.1050	6.84101293e+08
0.0850	0.1050	0.1150	5.45597764e+08
0.0850	0.1050	0.1250	8.31396141e+08
0.0850	0.1050	0.1350	4.22008877e+08
0.0850	0.1050	0.1450	5.33558210e+08
0.0850	0.1150	0.1150	5.43930840e+08
0.0850	0.1150	0.1250	8.58370270e+08
0.0850	0.1150	0.1350	8.64953741e+08
0.0850	0.1150	0.1450	7.31656415e+08
0.0850	0.1250	0.1250	5.66603074e+08
0.0850	0.1250	0.1350	3.64529583e+08
0.0850	0.1250	0.1450	6.12465246e+08
0.0850	0.1350	0.1350	6.07309830e+08
0.0850	0.1350	0.1450	5.83107014e+08
0.0850	0.1450	0.1450	6.22819121e+08
0.0950	0.0950	0.0950	-9.44213097e+05
0.0950	0.0950	0.1050	6.87076868e+08
0.0950	0.0950	0.1150	4.85877619e+08
0.0950	0.0950	0.1250	5.08858601e+08
0.0950	0.0950	0.1350	5.64771015e+08
0.0950	0.0950	0.1450	8.94539334e+08
0.0950	0.1050	0.1050	4.82999351e+08
0.0950	0.1050	0.1150	4.97222433e+08
0.0950	0.1050	0.1250	5.45269205e+08
0.0950	0.1050	0.1350	4.70863793e+08
0.0950	0.1050	0.1450	4.33472174e+08
0.0950	0.1150	0.1150	7.60971707e+08
0.0950	0.1150	0.1250	6.39199750e+08
0.0950	0.1150	0.1350	4.17967090e+08
0.0950	0.1150	0.1450	4.94652140e+08
0.0950	0.1250	0.1250	3.66277541e+08
0.0950	0.1250	0.1350	4.08029711e+08
0.0950	0.1250	0.1450	6.91527651e+08
0.0950	0.1350	0.1350	6.43023016e+08
0.0950	0.1350	0.1450	2.93921721e+08
0.0950	0.1450	0.1450	3.01609886e+08
0.1050	0.1050	0.1050	5.57429693e+08
0.1050	0.1050	0.1150	3.99728774e+08
0.1050	0.1050	0.1250	1.61406436e+08
0.1050	0.1050	0.1350	7.68540255e+08
0.1050	0.1050	0.1450	2.79294022e+08
0.1050	0.1150	0.1150	7.14732572e+08
0.1050	0.1150	0.1250	3.67345467e+08
0.1050	0.1150	0.1350	5.40596719e+08
0.1050	0.1150	0.1450	7.13288131e+08
0.1050	0.1250	0.1250	5.54140412e+08
0.1050	0.1250	0.1350	3.47998547e+08
0.1050	0.1250	0.1450	6.54318216e+08
0.1050	0.1350	0.1350	4.69984324e+08
0.1050	0.1350	0.1450	2.79822302e+08
0.1050	0.1450	0.1450	4.07980037e+08
0.1150	0.1150	0.1150	8.07320242e+08
0.1150	0.1150	0.1250	5.80411590e+08
0.1150	0.1150	0.1350	4.67797012e+08
0.1150	0.1150	0.1450	4.09379325e+08
0.1150	0.1250	0.1250	3.54845146e+08
0.1150	0.1250	0.1350	3.98790059e+08
0.1150	0.1250	0.1450	3.49037413e+08
0.1150	0.1350	0.1350	2.79307955e+08
0.1150	0.1350	0.1450	2.76887654e+08
0.1150	0.1450	0.1450	5.51288882e+08
0.1250	0.1250	0.1250	8.75102424e+08
0.1250	0.1250	0.1350	5.61273594e+08
0.1250	0.1250	0.1450	4.28234752e+08
0.1250	0.1350	0.1350	4.84415149e+08
0.1250	0.1350	0.1450	2.93417947e+08
0.1250	0.1450	0.1450	4.13416244e+08
0.1350	0.1350	0.1350	2.50168972e+08
0.1350	0.1350	0.1450	3.90541475e+08
0.1350	0.1450	0.1450	3.75944930e+08
0.1450	0.1450	0.1450	1.44176755e+08
