####### Bispectrum of Patchy Simulation 1709 #############
# Patch: sgc
# z-type: z1
# Weights: fkp
# Fiducial Omega_m: 0.310
# Fiducial h: 0.676
# Boxsize: [1000.0, 1900.0, 1100.0]
# Grid: [95, 180, 105]
# k-binning: [0.000, 0.160, 0.010]
# Monte Carlo Simulations: 100
#
# Format: k1 | k2 | k3 | B(k1,k2,k3)
############################################
0.0150	0.0150	0.0150	-2.30861099e+10
0.0150	0.0150	0.0250	9.99020991e+10
0.0150	0.0150	0.0350	6.81888394e+10
0.0150	0.0250	0.0250	-1.59178462e+10
0.0150	0.0250	0.0350	8.26556811e+09
0.0150	0.0250	0.0450	3.50892482e+10
0.0150	0.0350	0.0350	8.01055259e+09
0.0150	0.0350	0.0450	2.94383409e+09
0.0150	0.0350	0.0550	6.92532014e+09
0.0150	0.0450	0.0450	1.07891650e+10
0.0150	0.0450	0.0550	1.48004893e+10
0.0150	0.0450	0.0650	-5.35613574e+09
0.0150	0.0550	0.0550	1.28128363e+09
0.0150	0.0550	0.0650	5.83861770e+09
0.0150	0.0550	0.0750	6.16801309e+09
0.0150	0.0650	0.0650	3.63468240e+09
0.0150	0.0650	0.0750	7.00085490e+09
0.0150	0.0650	0.0850	7.54869567e+09
0.0150	0.0750	0.0750	3.13051133e+09
0.0150	0.0750	0.0850	9.05430422e+09
0.0150	0.0750	0.0950	1.10531943e+10
0.0150	0.0850	0.0850	3.71767471e+08
0.0150	0.0850	0.0950	2.69234355e+09
0.0150	0.0850	0.1050	5.14618706e+09
0.0150	0.0950	0.0950	4.28973802e+09
0.0150	0.0950	0.1050	4.43936660e+09
0.0150	0.0950	0.1150	-1.11489442e+09
0.0150	0.1050	0.1050	3.19010161e+09
0.0150	0.1050	0.1150	3.82239634e+09
0.0150	0.1050	0.1250	5.05931804e+09
0.0150	0.1150	0.1150	2.47564430e+09
0.0150	0.1150	0.1250	3.90750221e+09
0.0150	0.1150	0.1350	3.25052079e+09
0.0150	0.1250	0.1250	2.56682984e+09
0.0150	0.1250	0.1350	1.67029111e+09
0.0150	0.1250	0.1450	2.00377004e+09
0.0150	0.1350	0.1350	1.80448293e+09
0.0150	0.1350	0.1450	2.94991363e+09
0.0150	0.1450	0.1450	1.80597291e+09
0.0250	0.0250	0.0250	8.66111718e+08
0.0250	0.0250	0.0350	7.95753877e+09
0.0250	0.0250	0.0450	1.11178173e+10
0.0250	0.0250	0.0550	-1.20054122e+09
0.0250	0.0350	0.0350	1.05737851e+10
0.0250	0.0350	0.0450	8.34182828e+09
0.0250	0.0350	0.0550	3.27894341e+09
0.0250	0.0350	0.0650	3.69773547e+09
0.0250	0.0450	0.0450	7.26400173e+08
0.0250	0.0450	0.0550	1.57003422e+09
0.0250	0.0450	0.0650	5.03484660e+09
0.0250	0.0450	0.0750	1.21987814e+10
0.0250	0.0550	0.0550	2.40311460e+09
0.0250	0.0550	0.0650	7.31893427e+09
0.0250	0.0550	0.0750	1.15447300e+10
0.0250	0.0550	0.0850	-4.32888361e+08
0.0250	0.0650	0.0650	1.58838484e+09
0.0250	0.0650	0.0750	1.66592612e+09
0.0250	0.0650	0.0850	2.40379536e+09
0.0250	0.0650	0.0950	7.74902005e+09
0.0250	0.0750	0.0750	2.03302692e+09
0.0250	0.0750	0.0850	3.98775509e+09
0.0250	0.0750	0.0950	2.70623254e+09
0.0250	0.0750	0.1050	5.72903760e+09
0.0250	0.0850	0.0850	3.26745495e+09
0.0250	0.0850	0.0950	8.92188098e+08
0.0250	0.0850	0.1050	3.80388942e+09
0.0250	0.0850	0.1150	1.08362150e+10
0.0250	0.0950	0.0950	4.70152777e+09
0.0250	0.0950	0.1050	1.87529374e+09
0.0250	0.0950	0.1150	3.15802534e+09
0.0250	0.0950	0.1250	3.96789724e+09
0.0250	0.1050	0.1050	2.02813364e+09
0.0250	0.1050	0.1150	1.57350558e+09
0.0250	0.1050	0.1250	2.69350687e+09
0.0250	0.1050	0.1350	6.42292356e+09
0.0250	0.1150	0.1150	2.72361884e+09
0.0250	0.1150	0.1250	1.81327917e+09
0.0250	0.1150	0.1350	2.16972898e+09
0.0250	0.1150	0.1450	2.55176542e+09
0.0250	0.1250	0.1250	7.08501085e+08
0.0250	0.1250	0.1350	1.67199319e+09
0.0250	0.1250	0.1450	2.12031638e+09
0.0250	0.1350	0.1350	9.48042927e+08
0.0250	0.1350	0.1450	1.15530309e+09
0.0250	0.1450	0.1450	2.67114291e+09
0.0350	0.0350	0.0350	5.90186881e+09
0.0350	0.0350	0.0450	-1.15641232e+09
0.0350	0.0350	0.0550	8.19138914e+09
0.0350	0.0350	0.0650	8.09178264e+09
0.0350	0.0350	0.0750	-1.74778291e+09
0.0350	0.0450	0.0450	7.06367638e+09
0.0350	0.0450	0.0550	7.61276309e+09
0.0350	0.0450	0.0650	2.72356033e+08
0.0350	0.0450	0.0750	4.40599346e+09
0.0350	0.0450	0.0850	8.20912637e+09
0.0350	0.0550	0.0550	2.13841930e+08
0.0350	0.0550	0.0650	2.13224236e+09
0.0350	0.0550	0.0750	3.78184632e+09
0.0350	0.0550	0.0850	4.91078298e+09
0.0350	0.0550	0.0950	7.75981022e+09
0.0350	0.0650	0.0650	4.63063707e+09
0.0350	0.0650	0.0750	3.36605391e+09
0.0350	0.0650	0.0850	2.15622160e+09
0.0350	0.0650	0.0950	4.66898780e+09
0.0350	0.0650	0.1050	3.18007478e+09
0.0350	0.0750	0.0750	1.28813093e+09
0.0350	0.0750	0.0850	3.58872343e+09
0.0350	0.0750	0.0950	2.83514168e+09
0.0350	0.0750	0.1050	3.64144272e+09
0.0350	0.0750	0.1150	1.97445858e+09
0.0350	0.0850	0.0850	7.24499696e+08
0.0350	0.0850	0.0950	2.47081299e+09
0.0350	0.0850	0.1050	1.87358836e+09
0.0350	0.0850	0.1150	3.27197646e+09
0.0350	0.0850	0.1250	5.49022349e+09
0.0350	0.0950	0.0950	2.58259036e+09
0.0350	0.0950	0.1050	1.05726346e+09
0.0350	0.0950	0.1150	1.72721364e+09
0.0350	0.0950	0.1250	2.52200810e+09
0.0350	0.0950	0.1350	1.98813871e+09
0.0350	0.1050	0.1050	6.39358661e+08
0.0350	0.1050	0.1150	1.33752094e+09
0.0350	0.1050	0.1250	1.24138744e+09
0.0350	0.1050	0.1350	1.83619174e+09
0.0350	0.1050	0.1450	2.08908883e+09
0.0350	0.1150	0.1150	1.97564670e+09
0.0350	0.1150	0.1250	1.90510120e+09
0.0350	0.1150	0.1350	9.01711355e+08
0.0350	0.1150	0.1450	1.62411496e+09
0.0350	0.1250	0.1250	1.38908000e+09
0.0350	0.1250	0.1350	1.62669918e+09
0.0350	0.1250	0.1450	1.23004891e+09
0.0350	0.1350	0.1350	2.09843750e+08
0.0350	0.1350	0.1450	1.27204892e+09
0.0350	0.1450	0.1450	7.89187547e+08
0.0450	0.0450	0.0450	5.55371624e+09
0.0450	0.0450	0.0550	-1.00370310e+09
0.0450	0.0450	0.0650	4.17380984e+09
0.0450	0.0450	0.0750	4.00824056e+09
0.0450	0.0450	0.0850	2.15884803e+09
0.0450	0.0450	0.0950	-4.79365227e+09
0.0450	0.0550	0.0550	9.68735376e+08
0.0450	0.0550	0.0650	2.65567945e+09
0.0450	0.0550	0.0750	2.86768237e+09
0.0450	0.0550	0.0850	2.61511165e+09
0.0450	0.0550	0.0950	2.19454301e+09
0.0450	0.0550	0.1050	2.85100079e+09
0.0450	0.0650	0.0650	1.62561056e+09
0.0450	0.0650	0.0750	2.26753486e+09
0.0450	0.0650	0.0850	2.70621077e+09
0.0450	0.0650	0.0950	3.69625790e+09
0.0450	0.0650	0.1050	3.07899450e+09
0.0450	0.0650	0.1150	5.23724560e+09
0.0450	0.0750	0.0750	5.47699614e+08
0.0450	0.0750	0.0850	9.76307927e+08
0.0450	0.0750	0.0950	3.75955362e+09
0.0450	0.0750	0.1050	2.28151032e+09
0.0450	0.0750	0.1150	3.55023522e+09
0.0450	0.0750	0.1250	2.09826706e+09
0.0450	0.0850	0.0850	1.86803455e+09
0.0450	0.0850	0.0950	1.74007849e+09
0.0450	0.0850	0.1050	1.40898972e+09
0.0450	0.0850	0.1150	1.80875287e+09
0.0450	0.0850	0.1250	1.90991195e+09
0.0450	0.0850	0.1350	3.26768496e+09
0.0450	0.0950	0.0950	1.11079029e+09
0.0450	0.0950	0.1050	1.84268846e+09
0.0450	0.0950	0.1150	1.32741774e+09
0.0450	0.0950	0.1250	1.49691338e+09
0.0450	0.0950	0.1350	1.61076372e+09
0.0450	0.0950	0.1450	2.11596481e+09
0.0450	0.1050	0.1050	9.68952603e+08
0.0450	0.1050	0.1150	1.15433613e+09
0.0450	0.1050	0.1250	4.84513424e+08
0.0450	0.1050	0.1350	1.71439099e+09
0.0450	0.1050	0.1450	1.92711372e+09
0.0450	0.1150	0.1150	9.69225506e+08
0.0450	0.1150	0.1250	1.19450145e+09
0.0450	0.1150	0.1350	1.00613627e+09
0.0450	0.1150	0.1450	1.71522681e+09
0.0450	0.1250	0.1250	6.72486612e+08
0.0450	0.1250	0.1350	8.93405005e+08
0.0450	0.1250	0.1450	6.25815097e+08
0.0450	0.1350	0.1350	1.03016028e+09
0.0450	0.1350	0.1450	1.10126678e+09
0.0450	0.1450	0.1450	8.37211412e+08
0.0550	0.0550	0.0550	3.96218238e+09
0.0550	0.0550	0.0650	1.73142121e+09
0.0550	0.0550	0.0750	5.31436420e+08
0.0550	0.0550	0.0850	2.95646123e+09
0.0550	0.0550	0.0950	2.67290799e+09
0.0550	0.0550	0.1050	2.50923479e+09
0.0550	0.0550	0.1150	3.33354160e+09
0.0550	0.0650	0.0650	1.61588974e+09
0.0550	0.0650	0.0750	2.24731068e+09
0.0550	0.0650	0.0850	1.38427323e+09
0.0550	0.0650	0.0950	1.49678357e+09
0.0550	0.0650	0.1050	2.18291731e+09
0.0550	0.0650	0.1150	2.19791834e+09
0.0550	0.0650	0.1250	1.45030483e+09
0.0550	0.0750	0.0750	2.31376132e+09
0.0550	0.0750	0.0850	1.91870347e+09
0.0550	0.0750	0.0950	-2.57110648e+08
0.0550	0.0750	0.1050	2.51968257e+09
0.0550	0.0750	0.1150	1.76333218e+09
0.0550	0.0750	0.1250	2.15634079e+09
0.0550	0.0750	0.1350	4.51715916e+09
0.0550	0.0850	0.0850	1.54144873e+09
0.0550	0.0850	0.0950	7.61513734e+08
0.0550	0.0850	0.1050	1.25477809e+09
0.0550	0.0850	0.1150	1.22202902e+09
0.0550	0.0850	0.1250	1.46520342e+09
0.0550	0.0850	0.1350	1.21897386e+09
0.0550	0.0850	0.1450	1.92423927e+09
0.0550	0.0950	0.0950	2.33039875e+09
0.0550	0.0950	0.1050	3.92518829e+08
0.0550	0.0950	0.1150	1.20111444e+09
0.0550	0.0950	0.1250	1.61363963e+09
0.0550	0.0950	0.1350	1.30359403e+09
0.0550	0.0950	0.1450	1.96439761e+09
0.0550	0.1050	0.1050	1.69475974e+09
0.0550	0.1050	0.1150	1.42139942e+09
0.0550	0.1050	0.1250	1.21302840e+09
0.0550	0.1050	0.1350	9.13074412e+08
0.0550	0.1050	0.1450	1.15733072e+09
0.0550	0.1150	0.1150	2.05821602e+08
0.0550	0.1150	0.1250	1.42653348e+09
0.0550	0.1150	0.1350	8.67044188e+08
0.0550	0.1150	0.1450	9.05381174e+08
0.0550	0.1250	0.1250	7.82446640e+08
0.0550	0.1250	0.1350	9.90808283e+08
0.0550	0.1250	0.1450	1.23329091e+09
0.0550	0.1350	0.1350	7.40658120e+08
0.0550	0.1350	0.1450	7.55798860e+08
0.0550	0.1450	0.1450	8.37871352e+08
0.0650	0.0650	0.0650	2.45649891e+09
0.0650	0.0650	0.0750	1.36866764e+09
0.0650	0.0650	0.0850	1.32274262e+09
0.0650	0.0650	0.0950	2.13705434e+09
0.0650	0.0650	0.1050	9.82413876e+08
0.0650	0.0650	0.1150	1.81191334e+09
0.0650	0.0650	0.1250	2.28692932e+09
0.0650	0.0650	0.1350	3.25199715e+09
0.0650	0.0750	0.0750	1.08569498e+09
0.0650	0.0750	0.0850	1.23700892e+09
0.0650	0.0750	0.0950	9.59848058e+08
0.0650	0.0750	0.1050	2.02832692e+09
0.0650	0.0750	0.1150	1.29222894e+09
0.0650	0.0750	0.1250	1.07803121e+09
0.0650	0.0750	0.1350	1.81628065e+09
0.0650	0.0750	0.1450	6.54341525e+08
0.0650	0.0850	0.0850	4.14086547e+08
0.0650	0.0850	0.0950	2.05680237e+09
0.0650	0.0850	0.1050	8.12108736e+08
0.0650	0.0850	0.1150	1.02839446e+09
0.0650	0.0850	0.1250	1.89406793e+09
0.0650	0.0850	0.1350	1.49883514e+09
0.0650	0.0850	0.1450	1.50466457e+09
0.0650	0.0950	0.0950	7.51290975e+08
0.0650	0.0950	0.1050	1.12779916e+09
0.0650	0.0950	0.1150	8.54001385e+08
0.0650	0.0950	0.1250	1.14738946e+09
0.0650	0.0950	0.1350	1.03832945e+09
0.0650	0.0950	0.1450	9.29932144e+08
0.0650	0.1050	0.1050	1.10186843e+09
0.0650	0.1050	0.1150	4.89158659e+08
0.0650	0.1050	0.1250	1.08103495e+09
0.0650	0.1050	0.1350	1.14678984e+09
0.0650	0.1050	0.1450	9.64660573e+08
0.0650	0.1150	0.1150	7.69482233e+08
0.0650	0.1150	0.1250	1.12562784e+09
0.0650	0.1150	0.1350	5.17834179e+08
0.0650	0.1150	0.1450	7.74235209e+08
0.0650	0.1250	0.1250	4.24004401e+08
0.0650	0.1250	0.1350	8.14556355e+08
0.0650	0.1250	0.1450	7.76855283e+08
0.0650	0.1350	0.1350	2.49691256e+08
0.0650	0.1350	0.1450	6.98416246e+08
0.0650	0.1450	0.1450	2.91068570e+08
0.0750	0.0750	0.0750	4.31831536e+09
0.0750	0.0750	0.0850	1.87348687e+09
0.0750	0.0750	0.0950	3.25884429e+08
0.0750	0.0750	0.1050	1.58202316e+09
0.0750	0.0750	0.1150	1.33203525e+09
0.0750	0.0750	0.1250	1.70731965e+09
0.0750	0.0750	0.1350	1.53861907e+09
0.0750	0.0750	0.1450	2.28052749e+09
0.0750	0.0850	0.0850	2.04901705e+09
0.0750	0.0850	0.0950	9.50202250e+08
0.0750	0.0850	0.1050	5.75304194e+08
0.0750	0.0850	0.1150	9.01362769e+08
0.0750	0.0850	0.1250	8.23616114e+08
0.0750	0.0850	0.1350	1.11737125e+09
0.0750	0.0850	0.1450	1.24849642e+09
0.0750	0.0950	0.0950	1.16480057e+09
0.0750	0.0950	0.1050	7.45776768e+08
0.0750	0.0950	0.1150	9.21530592e+08
0.0750	0.0950	0.1250	1.05655044e+09
0.0750	0.0950	0.1350	5.82790433e+08
0.0750	0.0950	0.1450	1.48508238e+09
0.0750	0.1050	0.1050	4.32809876e+08
0.0750	0.1050	0.1150	1.06810096e+09
0.0750	0.1050	0.1250	1.06893949e+09
0.0750	0.1050	0.1350	7.42378391e+08
0.0750	0.1050	0.1450	5.34905410e+08
0.0750	0.1150	0.1150	1.30069750e+09
0.0750	0.1150	0.1250	6.25252205e+08
0.0750	0.1150	0.1350	8.31736794e+08
0.0750	0.1150	0.1450	8.54371835e+08
0.0750	0.1250	0.1250	8.51263760e+08
0.0750	0.1250	0.1350	7.25159898e+08
0.0750	0.1250	0.1450	6.12042071e+08
0.0750	0.1350	0.1350	3.70754887e+08
0.0750	0.1350	0.1450	6.28272154e+08
0.0750	0.1450	0.1450	7.52621612e+08
0.0850	0.0850	0.0850	1.60002513e+09
0.0850	0.0850	0.0950	1.41225485e+09
0.0850	0.0850	0.1050	1.35875673e+09
0.0850	0.0850	0.1150	1.31180338e+09
0.0850	0.0850	0.1250	1.29626474e+09
0.0850	0.0850	0.1350	1.48428629e+08
0.0850	0.0850	0.1450	9.78091335e+08
0.0850	0.0950	0.0950	4.60987872e+08
0.0850	0.0950	0.1050	9.70378706e+08
0.0850	0.0950	0.1150	4.13603042e+08
0.0850	0.0950	0.1250	6.59970868e+08
0.0850	0.0950	0.1350	1.43598447e+09
0.0850	0.0950	0.1450	8.91957110e+08
0.0850	0.1050	0.1050	9.18791875e+08
0.0850	0.1050	0.1150	8.43636979e+08
0.0850	0.1050	0.1250	5.91616170e+08
0.0850	0.1050	0.1350	7.30486837e+08
0.0850	0.1050	0.1450	7.38095313e+08
0.0850	0.1150	0.1150	4.21977804e+08
0.0850	0.1150	0.1250	4.49626358e+08
0.0850	0.1150	0.1350	8.55775978e+08
0.0850	0.1150	0.1450	6.16824467e+08
0.0850	0.1250	0.1250	3.79212638e+08
0.0850	0.1250	0.1350	6.27642360e+08
0.0850	0.1250	0.1450	6.70123199e+08
0.0850	0.1350	0.1350	4.28789754e+08
0.0850	0.1350	0.1450	5.58000704e+08
0.0850	0.1450	0.1450	7.65093323e+08
0.0950	0.0950	0.0950	6.97747509e+08
0.0950	0.0950	0.1050	8.51883881e+08
0.0950	0.0950	0.1150	1.12395699e+09
0.0950	0.0950	0.1250	8.56441551e+08
0.0950	0.0950	0.1350	4.44002263e+08
0.0950	0.0950	0.1450	7.01108324e+08
0.0950	0.1050	0.1050	1.11597306e+09
0.0950	0.1050	0.1150	1.99468628e+08
0.0950	0.1050	0.1250	7.81665092e+08
0.0950	0.1050	0.1350	6.53441605e+08
0.0950	0.1050	0.1450	6.12731638e+08
0.0950	0.1150	0.1150	8.41688321e+08
0.0950	0.1150	0.1250	5.55867555e+08
0.0950	0.1150	0.1350	4.34660561e+08
0.0950	0.1150	0.1450	5.66762702e+08
0.0950	0.1250	0.1250	4.05743824e+08
0.0950	0.1250	0.1350	5.02987797e+08
0.0950	0.1250	0.1450	6.00714860e+08
0.0950	0.1350	0.1350	4.68117658e+08
0.0950	0.1350	0.1450	6.05684796e+08
0.0950	0.1450	0.1450	4.02269030e+08
0.1050	0.1050	0.1050	6.28160982e+08
0.1050	0.1050	0.1150	6.32367430e+08
0.1050	0.1050	0.1250	3.09602850e+08
0.1050	0.1050	0.1350	4.83389651e+08
0.1050	0.1050	0.1450	3.64318068e+08
0.1050	0.1150	0.1150	8.49566158e+08
0.1050	0.1150	0.1250	4.65776266e+08
0.1050	0.1150	0.1350	5.80133090e+08
0.1050	0.1150	0.1450	5.13060330e+08
0.1050	0.1250	0.1250	6.56446816e+08
0.1050	0.1250	0.1350	4.08833348e+08
0.1050	0.1250	0.1450	4.55372488e+08
0.1050	0.1350	0.1350	3.08337413e+08
0.1050	0.1350	0.1450	3.15437537e+08
0.1050	0.1450	0.1450	3.49101057e+08
0.1150	0.1150	0.1150	4.92195486e+08
0.1150	0.1150	0.1250	2.07142413e+08
0.1150	0.1150	0.1350	1.11276942e+07
0.1150	0.1150	0.1450	5.47368177e+08
0.1150	0.1250	0.1250	5.60489913e+08
0.1150	0.1250	0.1350	6.21779631e+08
0.1150	0.1250	0.1450	2.59489544e+08
0.1150	0.1350	0.1350	3.04574045e+08
0.1150	0.1350	0.1450	4.61594730e+08
0.1150	0.1450	0.1450	5.60800646e+08
0.1250	0.1250	0.1250	4.70401069e+08
0.1250	0.1250	0.1350	2.97732495e+08
0.1250	0.1250	0.1450	4.61315964e+08
0.1250	0.1350	0.1350	4.31095600e+08
0.1250	0.1350	0.1450	3.08166702e+08
0.1250	0.1450	0.1450	4.06160379e+08
0.1350	0.1350	0.1350	-8.40298167e+07
0.1350	0.1350	0.1450	4.48156287e+08
0.1350	0.1450	0.1450	3.31876171e+08
0.1450	0.1450	0.1450	6.42428367e+08
