####### Bispectrum of patchy_n3_ Simulation 274 #############
# Weights: FKP
# Fiducial Omega_m: 0.310
# Fiducial h: 0.676
# Boxsize: [1800.0, 3400.0, 1900.0]
# Grid: [170, 325, 180]
# k-binning: [0.000, 0.110, 0.010]
# l-max: 4
# Monte Carlo Simulations: 100
#
# Format: k1 | k2 | k3 | B(k1,k2,k3) | B2(k1,k2,k3) | B4(k1,k2,k3)
############################################
0.0150	0.0150	0.0150	2.32734714e+10	2.04909480e+10	2.92288388e+10
0.0150	0.0150	0.0250	-1.44091613e+10	-1.62705294e+10	-3.38758013e+10
0.0150	0.0250	0.0250	5.25485911e+09	-2.73979056e+09	1.48845699e+10
0.0150	0.0250	0.0350	1.40739922e+10	7.80610228e+09	2.13757132e+10
0.0150	0.0350	0.0350	1.52369606e+09	-1.84718450e+10	-1.61397858e+10
0.0150	0.0350	0.0450	6.60226166e+09	6.22524160e+09	6.81941095e+09
0.0150	0.0450	0.0450	7.94280228e+09	5.18801293e+09	7.94337513e+09
0.0150	0.0450	0.0550	4.02095351e+09	1.71386178e+09	8.11010843e+09
0.0150	0.0550	0.0550	-1.89947742e+09	-5.57910944e+09	-6.76221686e+09
0.0150	0.0550	0.0650	4.47453472e+09	-3.67217181e+09	2.66005397e+09
0.0150	0.0650	0.0650	4.38945938e+09	5.03766721e+09	-6.13518555e+09
0.0150	0.0650	0.0750	3.14402095e+09	4.43846797e+08	-1.66048900e+09
0.0150	0.0750	0.0750	3.19149651e+09	4.56136051e+09	3.26316225e+09
0.0250	0.0250	0.0250	-1.41357669e+07	4.07830394e+08	1.49243264e+10
0.0250	0.0250	0.0350	1.16147711e+10	1.10038225e+10	9.57476550e+09
0.0250	0.0250	0.0450	4.69260870e+09	-1.71679609e+10	-1.37241872e+10
0.0250	0.0350	0.0350	5.64860388e+09	7.70301581e+09	-1.20307788e+10
0.0250	0.0350	0.0450	7.24291006e+09	-1.44051438e+09	-7.24839400e+09
0.0250	0.0350	0.0550	4.20896120e+09	-3.64051121e+09	1.57599034e+08
0.0250	0.0450	0.0450	1.14994298e+09	-2.08152365e+09	-4.46342192e+09
0.0250	0.0450	0.0550	4.89028641e+09	6.34111384e+09	1.25710678e+09
0.0250	0.0450	0.0650	3.98404245e+09	4.69614899e+09	-6.77925422e+09
0.0250	0.0550	0.0550	6.03675794e+09	2.65438086e+08	2.97807334e+09
0.0250	0.0550	0.0650	4.33696386e+09	2.35701689e+09	2.32817324e+09
0.0250	0.0550	0.0750	4.63250575e+09	5.13620072e+09	-4.35403224e+09
0.0250	0.0650	0.0650	1.83051762e+09	4.68724558e+08	2.49513770e+09
0.0250	0.0650	0.0750	2.19448860e+09	1.65550563e+09	3.90591390e+09
0.0250	0.0750	0.0750	2.85361514e+09	3.76873101e+09	1.22352223e+09
0.0350	0.0350	0.0350	-2.82189586e+08	9.91655126e+09	5.54477632e+09
0.0350	0.0350	0.0450	8.48666326e+09	1.77078533e+09	-8.71874292e+09
0.0350	0.0350	0.0550	3.02610808e+09	5.61684929e+09	-7.62681644e+09
0.0350	0.0350	0.0650	9.29278760e+09	1.11622328e+10	3.37182836e+09
0.0350	0.0450	0.0450	1.32033731e+09	2.01168181e+08	4.49143599e+09
0.0350	0.0450	0.0550	1.84319795e+09	3.55502061e+09	5.29547495e+09
0.0350	0.0450	0.0650	3.73071361e+09	-2.47782108e+09	3.91515540e+08
0.0350	0.0450	0.0750	4.81469150e+09	5.61159932e+09	3.91293018e+09
0.0350	0.0550	0.0550	4.03916027e+09	-1.30471590e+09	-4.82702263e+09
0.0350	0.0550	0.0650	3.01550935e+09	1.00522314e+09	2.61992630e+09
0.0350	0.0550	0.0750	2.69158066e+09	1.73873323e+09	4.81042079e+09
0.0350	0.0650	0.0650	3.17837697e+09	-3.93681575e+09	1.16934528e+09
0.0350	0.0650	0.0750	3.35252599e+09	3.95672208e+09	3.30753251e+09
0.0350	0.0750	0.0750	1.96414545e+09	-3.73262023e+08	-6.80910672e+08
0.0450	0.0450	0.0450	2.26420462e+09	-1.22873638e+08	1.07174597e+09
0.0450	0.0450	0.0550	3.32980593e+09	7.26294086e+08	8.28771404e+08
0.0450	0.0450	0.0650	1.98355119e+09	4.14270815e+09	1.58999668e+08
0.0450	0.0450	0.0750	4.52546435e+09	3.52687686e+09	3.68643416e+09
0.0450	0.0550	0.0550	3.20404008e+09	3.83550020e+09	2.35287677e+09
0.0450	0.0550	0.0650	3.27930218e+09	-3.26875908e+08	-2.07887175e+09
0.0450	0.0550	0.0750	1.81549204e+09	-4.26020523e+08	-7.47066740e+08
0.0450	0.0650	0.0650	8.36490288e+08	-1.16738816e+09	-8.77155320e+08
0.0450	0.0650	0.0750	1.68444495e+09	8.02668971e+08	-5.73236762e+08
0.0450	0.0750	0.0750	2.06575355e+09	4.49843625e+08	1.10856357e+08
0.0550	0.0550	0.0550	2.85403376e+09	5.75654034e+08	6.18716338e+08
0.0550	0.0550	0.0650	7.98753377e+08	3.45464108e+07	3.81146385e+09
0.0550	0.0550	0.0750	2.75450729e+09	2.65704914e+09	-3.46983961e+09
0.0550	0.0650	0.0650	2.51986864e+09	2.62550009e+09	1.44505973e+09
0.0550	0.0650	0.0750	1.78543827e+09	-1.30439986e+09	-1.63390976e+09
0.0550	0.0750	0.0750	1.17750076e+09	6.99147736e+08	9.33395823e+08
0.0650	0.0650	0.0650	1.55707963e+09	1.86762554e+09	1.33269797e+09
0.0650	0.0650	0.0750	1.31965384e+09	1.86120031e+09	-1.04854956e+09
0.0650	0.0750	0.0750	2.16754168e+09	1.41370594e+09	1.24858125e+08
0.0750	0.0750	0.0750	1.41447049e+09	5.73482831e+08	1.65316844e+08
