####### Bispectrum of patchy_s1_ Simulation 988 #############
# Weights: FKP
# Fiducial Omega_m: 0.310
# Fiducial h: 0.676
# Boxsize: [1000.0, 1900.0, 1100.0]
# Grid: [95, 250, 140]
# k-binning: [0.000, 0.110, 0.010]
# l-max: 4
# Monte Carlo Simulations: 100
#
# Format: k1 | k2 | k3 | B(k1,k2,k3) | B2(k1,k2,k3) | B4(k1,k2,k3)
############################################
0.0150	0.0150	0.0150	3.65433087e+10	-7.21320800e+10	1.70219279e+10
0.0150	0.0150	0.0250	-5.89530929e+10	-4.32737547e+10	-3.87528677e+08
0.0150	0.0250	0.0250	-9.19316844e+08	-8.84671257e+09	-1.34828077e+10
0.0150	0.0250	0.0350	5.36339740e+09	4.81375185e+10	5.02816780e+10
0.0150	0.0350	0.0350	-2.19775443e+09	2.15098853e+10	4.72430565e+09
0.0150	0.0350	0.0450	3.66094374e+09	1.04831587e+09	3.13987034e+09
0.0150	0.0450	0.0450	-1.04583477e+10	9.96931980e+09	5.12276521e+10
0.0150	0.0450	0.0550	7.23906700e+09	-4.52664993e+09	-6.84649719e+09
0.0150	0.0550	0.0550	-5.85138689e+08	6.52254022e+09	-5.35553364e+09
0.0150	0.0550	0.0650	1.15872252e+10	-1.89342401e+09	1.26424530e+10
0.0150	0.0650	0.0650	3.67822844e+09	1.52155808e+10	1.05992113e+10
0.0150	0.0650	0.0750	1.13246255e+09	-1.18433944e+10	-1.60532350e+10
0.0150	0.0750	0.0750	4.69086445e+08	1.13729762e+10	5.62044005e+09
0.0250	0.0250	0.0250	7.10537088e+09	5.66945905e+09	-1.89730535e+10
0.0250	0.0250	0.0350	-2.45458580e+09	3.15004467e+09	-2.66465749e+10
0.0250	0.0250	0.0450	9.08832853e+09	2.41607610e+09	-2.45627201e+09
0.0250	0.0350	0.0350	4.32462487e+09	1.31442271e+10	-9.18223053e+09
0.0250	0.0350	0.0450	8.41322848e+09	1.76624567e+10	4.40532984e+09
0.0250	0.0350	0.0550	8.65134344e+09	1.07420421e+10	-1.90986400e+10
0.0250	0.0450	0.0450	4.93423370e+09	5.43940076e+09	-1.50744320e+10
0.0250	0.0450	0.0550	4.23492287e+09	8.37816503e+09	4.38913614e+09
0.0250	0.0450	0.0650	5.78081389e+09	1.85256533e+10	-3.92297821e+09
0.0250	0.0550	0.0550	8.17556092e+09	1.10764602e+10	2.46372403e+09
0.0250	0.0550	0.0650	2.01936773e+09	-2.92563187e+09	-3.93138365e+09
0.0250	0.0550	0.0750	4.97695169e+09	-2.43625496e+09	-1.41523572e+09
0.0250	0.0650	0.0650	2.90341216e+09	4.22513497e+09	-5.43596751e+09
0.0250	0.0650	0.0750	5.58938920e+09	5.58270983e+09	4.49973485e+09
0.0250	0.0750	0.0750	1.77155865e+09	7.18613648e+08	1.49316603e+09
0.0350	0.0350	0.0350	2.80881983e+09	2.17860964e+09	9.22102695e+09
0.0350	0.0350	0.0450	-1.59069986e+08	-8.00753559e+08	1.36549740e+10
0.0350	0.0350	0.0550	6.48977491e+09	9.70517120e+09	4.02334248e+09
0.0350	0.0350	0.0650	4.10952809e+09	7.37856545e+09	7.42146200e+09
0.0350	0.0450	0.0450	2.50199711e+09	-7.22654732e+09	-5.79748865e+09
0.0350	0.0450	0.0550	6.89343076e+09	-1.90875593e+09	3.28863903e+09
0.0350	0.0450	0.0650	2.39985003e+09	-8.50998981e+09	-1.33214168e+10
0.0350	0.0450	0.0750	6.96603106e+09	1.55718652e+10	1.25734228e+10
0.0350	0.0550	0.0550	1.31333339e+09	5.08393679e+09	-5.10597738e+09
0.0350	0.0550	0.0650	-1.14681132e+09	1.74627133e+09	1.13049302e+09
0.0350	0.0550	0.0750	3.62991118e+09	-2.65111726e+09	-1.67188459e+08
0.0350	0.0650	0.0650	3.87692081e+09	-2.84632808e+09	2.09230231e+09
0.0350	0.0650	0.0750	3.58950351e+09	4.36262284e+09	5.86298067e+09
0.0350	0.0750	0.0750	2.04612353e+09	-1.72881903e+09	-4.89953740e+09
0.0450	0.0450	0.0450	-4.47857907e+09	-9.86073325e+09	5.29107990e+08
0.0450	0.0450	0.0550	-2.82566438e+09	-1.35076449e+09	9.55879364e+09
0.0450	0.0450	0.0650	3.51738422e+08	7.60796887e+09	-7.92055567e+09
0.0450	0.0450	0.0750	2.80669586e+09	-4.86042182e+08	-2.15910357e+09
0.0450	0.0550	0.0550	6.11367865e+08	-5.00828066e+09	-5.95403175e+09
0.0450	0.0550	0.0650	3.00811110e+09	-5.64574962e+08	1.39472476e+08
0.0450	0.0550	0.0750	2.01092757e+09	2.72782094e+08	3.54268855e+09
0.0450	0.0650	0.0650	4.33224760e+08	-1.92991834e+09	5.73926141e+08
0.0450	0.0650	0.0750	4.58420452e+09	9.37132957e+08	2.21107041e+09
0.0450	0.0750	0.0750	2.96121198e+09	-7.35882526e+08	2.26530323e+09
0.0550	0.0550	0.0550	6.40818287e+09	1.08161196e+09	2.22970002e+09
0.0550	0.0550	0.0650	3.20185187e+09	2.28390202e+09	3.70209344e+09
0.0550	0.0550	0.0750	-4.74696888e+08	3.24789185e+09	-2.62032254e+09
0.0550	0.0650	0.0650	3.38330734e+09	6.95504093e+09	-1.46795669e+09
0.0550	0.0650	0.0750	3.93260448e+09	1.90009483e+09	3.14659126e+09
0.0550	0.0750	0.0750	6.08426294e+07	2.53972492e+09	1.16997798e+09
0.0650	0.0650	0.0650	2.37438198e+09	-3.34151955e+08	-1.58621634e+08
0.0650	0.0650	0.0750	-4.57931828e+08	-6.63920405e+08	-2.76968299e+08
0.0650	0.0750	0.0750	2.72142407e+09	1.02854389e+08	9.42421331e+08
0.0750	0.0750	0.0750	2.38353010e+09	1.00390688e+09	2.89666931e+09
