####### Bispectrum of Patchy Simulation 1066 #############
# Patch: sgc
# z-type: z1
# Weights: fkp
# Fiducial Omega_m: 0.310
# Fiducial h: 0.676
# Boxsize: [1000.0, 1900.0, 1100.0]
# Grid: [95, 180, 105]
# k-binning: [0.000, 0.160, 0.010]
# Monte Carlo Simulations: 100
#
# Format: k1 | k2 | k3 | B(k1,k2,k3)
############################################
0.0150	0.0150	0.0150	1.14872597e+11
0.0150	0.0150	0.0250	-1.09894030e+10
0.0150	0.0150	0.0350	1.13140707e+11
0.0150	0.0250	0.0250	5.52585718e+10
0.0150	0.0250	0.0350	2.44437342e+10
0.0150	0.0250	0.0450	-3.84110190e+10
0.0150	0.0350	0.0350	3.07433240e+10
0.0150	0.0350	0.0450	4.53704368e+09
0.0150	0.0350	0.0550	1.86779982e+10
0.0150	0.0450	0.0450	7.13063321e+09
0.0150	0.0450	0.0550	9.91875660e+09
0.0150	0.0450	0.0650	-1.32486895e+09
0.0150	0.0550	0.0550	9.98790951e+09
0.0150	0.0550	0.0650	1.14101891e+10
0.0150	0.0550	0.0750	8.65041872e+09
0.0150	0.0650	0.0650	7.03087129e+09
0.0150	0.0650	0.0750	7.83175205e+09
0.0150	0.0650	0.0850	1.42404488e+09
0.0150	0.0750	0.0750	3.68808663e+09
0.0150	0.0750	0.0850	3.70682078e+09
0.0150	0.0750	0.0950	7.58869574e+09
0.0150	0.0850	0.0850	4.56812151e+09
0.0150	0.0850	0.0950	6.08589444e+09
0.0150	0.0850	0.1050	5.07958018e+09
0.0150	0.0950	0.0950	3.13388061e+09
0.0150	0.0950	0.1050	6.27078356e+09
0.0150	0.0950	0.1150	1.02865877e+09
0.0150	0.1050	0.1050	2.04170805e+09
0.0150	0.1050	0.1150	4.12555946e+09
0.0150	0.1050	0.1250	2.02745249e+09
0.0150	0.1150	0.1150	3.44271809e+09
0.0150	0.1150	0.1250	3.01963229e+09
0.0150	0.1150	0.1350	3.30875196e+09
0.0150	0.1250	0.1250	1.73227612e+09
0.0150	0.1250	0.1350	1.31092956e+09
0.0150	0.1250	0.1450	2.25144188e+09
0.0150	0.1350	0.1350	2.97846227e+09
0.0150	0.1350	0.1450	2.82613703e+09
0.0150	0.1450	0.1450	1.83789936e+09
0.0250	0.0250	0.0250	-2.51015627e+10
0.0250	0.0250	0.0350	3.14556204e+10
0.0250	0.0250	0.0450	1.21291322e+10
0.0250	0.0250	0.0550	2.45690390e+08
0.0250	0.0350	0.0350	-3.42747094e+09
0.0250	0.0350	0.0450	5.16275301e+09
0.0250	0.0350	0.0550	1.20330702e+10
0.0250	0.0350	0.0650	-7.21091322e+08
0.0250	0.0450	0.0450	9.61085910e+09
0.0250	0.0450	0.0550	5.55744336e+09
0.0250	0.0450	0.0650	5.77424160e+09
0.0250	0.0450	0.0750	1.13523915e+09
0.0250	0.0550	0.0550	6.28001659e+09
0.0250	0.0550	0.0650	3.07276108e+09
0.0250	0.0550	0.0750	8.33959299e+09
0.0250	0.0550	0.0850	9.90027647e+09
0.0250	0.0650	0.0650	4.43032835e+09
0.0250	0.0650	0.0750	3.04304414e+09
0.0250	0.0650	0.0850	5.69807417e+09
0.0250	0.0650	0.0950	1.13519608e+09
0.0250	0.0750	0.0750	2.21532710e+09
0.0250	0.0750	0.0850	8.46008012e+08
0.0250	0.0750	0.0950	4.02509879e+09
0.0250	0.0750	0.1050	4.67679433e+09
0.0250	0.0850	0.0850	2.82224836e+09
0.0250	0.0850	0.0950	3.94259602e+09
0.0250	0.0850	0.1050	4.35758925e+09
0.0250	0.0850	0.1150	4.89016206e+09
0.0250	0.0950	0.0950	2.10548723e+09
0.0250	0.0950	0.1050	2.98426832e+09
0.0250	0.0950	0.1150	2.55937703e+09
0.0250	0.0950	0.1250	2.33284046e+09
0.0250	0.1050	0.1050	9.46715343e+08
0.0250	0.1050	0.1150	5.36674580e+08
0.0250	0.1050	0.1250	3.34298515e+09
0.0250	0.1050	0.1350	4.36115489e+09
0.0250	0.1150	0.1150	1.37902435e+09
0.0250	0.1150	0.1250	2.64481525e+09
0.0250	0.1150	0.1350	1.96691086e+09
0.0250	0.1150	0.1450	1.58908522e+09
0.0250	0.1250	0.1250	3.70892778e+08
0.0250	0.1250	0.1350	2.98816005e+09
0.0250	0.1250	0.1450	1.97137947e+09
0.0250	0.1350	0.1350	1.40116197e+09
0.0250	0.1350	0.1450	2.43626529e+09
0.0250	0.1450	0.1450	1.04367845e+09
0.0350	0.0350	0.0350	-9.86545360e+09
0.0350	0.0350	0.0450	7.03754188e+09
0.0350	0.0350	0.0550	1.33729959e+10
0.0350	0.0350	0.0650	1.44399864e+10
0.0350	0.0350	0.0750	1.25191715e+10
0.0350	0.0450	0.0450	4.15874014e+09
0.0350	0.0450	0.0550	2.76865488e+09
0.0350	0.0450	0.0650	1.06293906e+09
0.0350	0.0450	0.0750	3.62924459e+09
0.0350	0.0450	0.0850	1.37792539e+10
0.0350	0.0550	0.0550	4.21490462e+09
0.0350	0.0550	0.0650	3.94792611e+09
0.0350	0.0550	0.0750	5.69543834e+09
0.0350	0.0550	0.0850	3.13210923e+09
0.0350	0.0550	0.0950	2.07355121e+09
0.0350	0.0650	0.0650	2.41383209e+09
0.0350	0.0650	0.0750	1.58800994e+09
0.0350	0.0650	0.0850	3.69089467e+09
0.0350	0.0650	0.0950	4.13899563e+09
0.0350	0.0650	0.1050	3.10244821e+09
0.0350	0.0750	0.0750	2.05078021e+09
0.0350	0.0750	0.0850	2.50054517e+09
0.0350	0.0750	0.0950	3.75171823e+09
0.0350	0.0750	0.1050	3.60663925e+09
0.0350	0.0750	0.1150	3.88957535e+09
0.0350	0.0850	0.0850	4.21494617e+08
0.0350	0.0850	0.0950	1.53775447e+09
0.0350	0.0850	0.1050	3.27846107e+09
0.0350	0.0850	0.1150	3.45308803e+09
0.0350	0.0850	0.1250	3.64178242e+09
0.0350	0.0950	0.0950	1.81298221e+09
0.0350	0.0950	0.1050	2.37236146e+09
0.0350	0.0950	0.1150	2.20296093e+09
0.0350	0.0950	0.1250	2.06877783e+09
0.0350	0.0950	0.1350	2.80786258e+09
0.0350	0.1050	0.1050	9.46542421e+08
0.0350	0.1050	0.1150	1.45629451e+09
0.0350	0.1050	0.1250	2.63161260e+09
0.0350	0.1050	0.1350	1.31810979e+09
0.0350	0.1050	0.1450	4.84063180e+09
0.0350	0.1150	0.1150	1.64692093e+09
0.0350	0.1150	0.1250	9.12503925e+08
0.0350	0.1150	0.1350	1.15697873e+09
0.0350	0.1150	0.1450	2.17392689e+09
0.0350	0.1250	0.1250	1.48878862e+09
0.0350	0.1250	0.1350	7.24431166e+08
0.0350	0.1250	0.1450	1.48300047e+09
0.0350	0.1350	0.1350	1.71747825e+09
0.0350	0.1350	0.1450	1.04791726e+09
0.0350	0.1450	0.1450	1.14472566e+09
0.0450	0.0450	0.0450	-1.88402928e+09
0.0450	0.0450	0.0550	3.10108477e+09
0.0450	0.0450	0.0650	5.10677519e+09
0.0450	0.0450	0.0750	3.47525866e+09
0.0450	0.0450	0.0850	5.93806322e+09
0.0450	0.0450	0.0950	2.23898385e+09
0.0450	0.0550	0.0550	1.62654606e+09
0.0450	0.0550	0.0650	3.84627123e+09
0.0450	0.0550	0.0750	3.83901318e+09
0.0450	0.0550	0.0850	2.43372898e+09
0.0450	0.0550	0.0950	3.69928667e+09
0.0450	0.0550	0.1050	2.65733943e+09
0.0450	0.0650	0.0650	-4.26940755e+08
0.0450	0.0650	0.0750	3.43578581e+09
0.0450	0.0650	0.0850	2.31253783e+09
0.0450	0.0650	0.0950	1.80922574e+09
0.0450	0.0650	0.1050	3.86848464e+09
0.0450	0.0650	0.1150	2.82050836e+09
0.0450	0.0750	0.0750	3.31783547e+09
0.0450	0.0750	0.0850	2.35220889e+09
0.0450	0.0750	0.0950	1.27386191e+09
0.0450	0.0750	0.1050	2.35436320e+09
0.0450	0.0750	0.1150	3.18456780e+09
0.0450	0.0750	0.1250	5.40218056e+09
0.0450	0.0850	0.0850	6.49828844e+08
0.0450	0.0850	0.0950	3.39458886e+09
0.0450	0.0850	0.1050	2.01826882e+09
0.0450	0.0850	0.1150	2.16318819e+09
0.0450	0.0850	0.1250	1.86702807e+09
0.0450	0.0850	0.1350	1.79858207e+09
0.0450	0.0950	0.0950	8.69571343e+08
0.0450	0.0950	0.1050	5.86080164e+08
0.0450	0.0950	0.1150	1.37330516e+09
0.0450	0.0950	0.1250	1.33658408e+09
0.0450	0.0950	0.1350	2.09179389e+09
0.0450	0.0950	0.1450	1.14252063e+09
0.0450	0.1050	0.1050	1.68435401e+09
0.0450	0.1050	0.1150	1.10430586e+09
0.0450	0.1050	0.1250	1.13122393e+09
0.0450	0.1050	0.1350	1.87172432e+09
0.0450	0.1050	0.1450	1.59365971e+09
0.0450	0.1150	0.1150	7.07112587e+08
0.0450	0.1150	0.1250	1.41103064e+09
0.0450	0.1150	0.1350	1.72931622e+09
0.0450	0.1150	0.1450	1.18445971e+09
0.0450	0.1250	0.1250	6.96537859e+08
0.0450	0.1250	0.1350	9.25309484e+08
0.0450	0.1250	0.1450	1.27502208e+09
0.0450	0.1350	0.1350	9.00205892e+08
0.0450	0.1350	0.1450	8.89166740e+08
0.0450	0.1450	0.1450	3.51893198e+08
0.0550	0.0550	0.0550	1.63968081e+09
0.0550	0.0550	0.0650	2.72376595e+09
0.0550	0.0550	0.0750	3.20628331e+09
0.0550	0.0550	0.0850	5.20643584e+08
0.0550	0.0550	0.0950	2.55720567e+09
0.0550	0.0550	0.1050	3.34928960e+09
0.0550	0.0550	0.1150	4.82446323e+08
0.0550	0.0650	0.0650	4.36092512e+09
0.0550	0.0650	0.0750	1.67742509e+09
0.0550	0.0650	0.0850	1.83657934e+09
0.0550	0.0650	0.0950	2.01872710e+09
0.0550	0.0650	0.1050	2.20536671e+09
0.0550	0.0650	0.1150	2.85194490e+09
0.0550	0.0650	0.1250	3.11009041e+09
0.0550	0.0750	0.0750	2.69480429e+09
0.0550	0.0750	0.0850	5.80040391e+08
0.0550	0.0750	0.0950	1.04150467e+09
0.0550	0.0750	0.1050	1.75298778e+09
0.0550	0.0750	0.1150	1.61775574e+09
0.0550	0.0750	0.1250	2.19448567e+09
0.0550	0.0750	0.1350	3.53865396e+09
0.0550	0.0850	0.0850	1.43948410e+09
0.0550	0.0850	0.0950	9.13050089e+08
0.0550	0.0850	0.1050	1.27212338e+09
0.0550	0.0850	0.1150	1.24987140e+09
0.0550	0.0850	0.1250	1.99835794e+09
0.0550	0.0850	0.1350	2.44862172e+09
0.0550	0.0850	0.1450	1.57436466e+09
0.0550	0.0950	0.0950	7.77371302e+08
0.0550	0.0950	0.1050	1.60346877e+09
0.0550	0.0950	0.1150	1.38371073e+09
0.0550	0.0950	0.1250	1.16826052e+09
0.0550	0.0950	0.1350	1.64908546e+09
0.0550	0.0950	0.1450	2.14550475e+09
0.0550	0.1050	0.1050	1.66651184e+09
0.0550	0.1050	0.1150	7.14719657e+08
0.0550	0.1050	0.1250	1.11601445e+09
0.0550	0.1050	0.1350	1.10916711e+09
0.0550	0.1050	0.1450	1.01887766e+09
0.0550	0.1150	0.1150	1.41496140e+09
0.0550	0.1150	0.1250	1.24479890e+09
0.0550	0.1150	0.1350	1.07697667e+09
0.0550	0.1150	0.1450	1.07519816e+09
0.0550	0.1250	0.1250	3.52712877e+08
0.0550	0.1250	0.1350	9.57520768e+08
0.0550	0.1250	0.1450	6.49737340e+08
0.0550	0.1350	0.1350	1.19929897e+09
0.0550	0.1350	0.1450	1.03838759e+09
0.0550	0.1450	0.1450	6.11157428e+08
0.0650	0.0650	0.0650	2.56414933e+09
0.0650	0.0650	0.0750	1.59584237e+09
0.0650	0.0650	0.0850	1.97418530e+09
0.0650	0.0650	0.0950	2.14501244e+09
0.0650	0.0650	0.1050	2.90565297e+09
0.0650	0.0650	0.1150	2.57425195e+09
0.0650	0.0650	0.1250	1.78734742e+09
0.0650	0.0650	0.1350	3.54601658e+09
0.0650	0.0750	0.0750	1.37513884e+09
0.0650	0.0750	0.0850	1.11584435e+09
0.0650	0.0750	0.0950	1.28282756e+09
0.0650	0.0750	0.1050	1.81538037e+09
0.0650	0.0750	0.1150	1.13240597e+09
0.0650	0.0750	0.1250	2.43364721e+09
0.0650	0.0750	0.1350	1.07737707e+09
0.0650	0.0750	0.1450	2.70963366e+09
0.0650	0.0850	0.0850	1.33965709e+09
0.0650	0.0850	0.0950	1.23317071e+09
0.0650	0.0850	0.1050	1.36572676e+09
0.0650	0.0850	0.1150	1.37056651e+09
0.0650	0.0850	0.1250	1.56249160e+09
0.0650	0.0850	0.1350	1.86795108e+09
0.0650	0.0850	0.1450	2.14930031e+09
0.0650	0.0950	0.0950	9.71725238e+08
0.0650	0.0950	0.1050	1.21185167e+09
0.0650	0.0950	0.1150	1.14728633e+09
0.0650	0.0950	0.1250	1.25032499e+09
0.0650	0.0950	0.1350	7.30534361e+08
0.0650	0.0950	0.1450	1.08733134e+09
0.0650	0.1050	0.1050	7.19068224e+08
0.0650	0.1050	0.1150	8.07569436e+08
0.0650	0.1050	0.1250	7.76097730e+08
0.0650	0.1050	0.1350	1.11218245e+09
0.0650	0.1050	0.1450	1.21148465e+09
0.0650	0.1150	0.1150	1.16686627e+09
0.0650	0.1150	0.1250	1.16018289e+09
0.0650	0.1150	0.1350	6.66210301e+08
0.0650	0.1150	0.1450	9.45695239e+08
0.0650	0.1250	0.1250	6.54725399e+08
0.0650	0.1250	0.1350	6.26513184e+08
0.0650	0.1250	0.1450	1.00745951e+09
0.0650	0.1350	0.1350	8.15028020e+08
0.0650	0.1350	0.1450	2.83051374e+08
0.0650	0.1450	0.1450	9.45006294e+08
0.0750	0.0750	0.0750	3.76631666e+09
0.0750	0.0750	0.0850	-6.08503840e+08
0.0750	0.0750	0.0950	2.00619100e+09
0.0750	0.0750	0.1050	5.43596483e+08
0.0750	0.0750	0.1150	7.15715502e+08
0.0750	0.0750	0.1250	6.15794209e+08
0.0750	0.0750	0.1350	7.82705689e+08
0.0750	0.0750	0.1450	1.74365072e+09
0.0750	0.0850	0.0850	7.12653076e+08
0.0750	0.0850	0.0950	1.11859920e+09
0.0750	0.0850	0.1050	7.19777214e+08
0.0750	0.0850	0.1150	1.11869623e+09
0.0750	0.0850	0.1250	7.26287613e+08
0.0750	0.0850	0.1350	8.66809998e+08
0.0750	0.0850	0.1450	1.46147860e+09
0.0750	0.0950	0.0950	1.52617334e+09
0.0750	0.0950	0.1050	4.43688806e+08
0.0750	0.0950	0.1150	1.35284251e+09
0.0750	0.0950	0.1250	6.88370431e+08
0.0750	0.0950	0.1350	1.20282163e+09
0.0750	0.0950	0.1450	6.94389338e+08
0.0750	0.1050	0.1050	8.92233995e+08
0.0750	0.1050	0.1150	4.33066100e+08
0.0750	0.1050	0.1250	7.22786704e+08
0.0750	0.1050	0.1350	3.67028411e+08
0.0750	0.1050	0.1450	8.75936845e+08
0.0750	0.1150	0.1150	9.62439586e+08
0.0750	0.1150	0.1250	2.74976065e+08
0.0750	0.1150	0.1350	9.78604384e+08
0.0750	0.1150	0.1450	6.97893073e+08
0.0750	0.1250	0.1250	6.71838654e+08
0.0750	0.1250	0.1350	7.57681697e+08
0.0750	0.1250	0.1450	7.15012915e+08
0.0750	0.1350	0.1350	5.29914195e+08
0.0750	0.1350	0.1450	4.34236179e+08
0.0750	0.1450	0.1450	4.36487797e+08
0.0850	0.0850	0.0850	1.74197915e+09
0.0850	0.0850	0.0950	9.90171763e+08
0.0850	0.0850	0.1050	1.57581567e+09
0.0850	0.0850	0.1150	4.40731630e+08
0.0850	0.0850	0.1250	8.56720717e+08
0.0850	0.0850	0.1350	1.02291541e+09
0.0850	0.0850	0.1450	1.52184840e+09
0.0850	0.0950	0.0950	8.65544312e+08
0.0850	0.0950	0.1050	5.77692629e+08
0.0850	0.0950	0.1150	8.76830066e+08
0.0850	0.0950	0.1250	7.46177291e+08
0.0850	0.0950	0.1350	7.99028811e+08
0.0850	0.0950	0.1450	6.42503186e+08
0.0850	0.1050	0.1050	5.58155363e+08
0.0850	0.1050	0.1150	3.03259054e+08
0.0850	0.1050	0.1250	7.59913375e+08
0.0850	0.1050	0.1350	5.76654583e+08
0.0850	0.1050	0.1450	7.79880426e+08
0.0850	0.1150	0.1150	3.85492306e+08
0.0850	0.1150	0.1250	6.64030388e+08
0.0850	0.1150	0.1350	6.99300700e+08
0.0850	0.1150	0.1450	6.97506002e+08
0.0850	0.1250	0.1250	3.17719400e+08
0.0850	0.1250	0.1350	5.58987927e+08
0.0850	0.1250	0.1450	5.75159366e+08
0.0850	0.1350	0.1350	1.11619950e+08
0.0850	0.1350	0.1450	6.39907784e+08
0.0850	0.1450	0.1450	6.44057710e+08
0.0950	0.0950	0.0950	1.10039990e+09
0.0950	0.0950	0.1050	6.44282058e+08
0.0950	0.0950	0.1150	4.62389994e+08
0.0950	0.0950	0.1250	1.13568558e+09
0.0950	0.0950	0.1350	4.51683509e+08
0.0950	0.0950	0.1450	1.14881520e+09
0.0950	0.1050	0.1050	1.03753076e+09
0.0950	0.1050	0.1150	7.61994335e+08
0.0950	0.1050	0.1250	7.31396473e+08
0.0950	0.1050	0.1350	8.54043397e+08
0.0950	0.1050	0.1450	6.22375887e+08
0.0950	0.1150	0.1150	4.03029114e+08
0.0950	0.1150	0.1250	5.38475715e+08
0.0950	0.1150	0.1350	5.67852489e+08
0.0950	0.1150	0.1450	3.72690871e+08
0.0950	0.1250	0.1250	6.98031705e+08
0.0950	0.1250	0.1350	7.05693411e+08
0.0950	0.1250	0.1450	4.41833762e+08
0.0950	0.1350	0.1350	3.21242653e+08
0.0950	0.1350	0.1450	5.55011316e+08
0.0950	0.1450	0.1450	3.38630648e+08
0.1050	0.1050	0.1050	1.12282144e+09
0.1050	0.1050	0.1150	2.55449837e+08
0.1050	0.1050	0.1250	4.69902460e+08
0.1050	0.1050	0.1350	6.77328158e+08
0.1050	0.1050	0.1450	3.07780288e+08
0.1050	0.1150	0.1150	3.25928316e+08
0.1050	0.1150	0.1250	3.18719577e+08
0.1050	0.1150	0.1350	2.09307898e+08
0.1050	0.1150	0.1450	3.76991463e+08
0.1050	0.1250	0.1250	5.89792652e+08
0.1050	0.1250	0.1350	5.42037770e+08
0.1050	0.1250	0.1450	5.59540130e+08
0.1050	0.1350	0.1350	3.95021932e+08
0.1050	0.1350	0.1450	3.64303340e+08
0.1050	0.1450	0.1450	4.28265644e+08
0.1150	0.1150	0.1150	3.20407318e+08
0.1150	0.1150	0.1250	5.79647006e+08
0.1150	0.1150	0.1350	3.96774159e+08
0.1150	0.1150	0.1450	2.45848509e+08
0.1150	0.1250	0.1250	6.37507100e+08
0.1150	0.1250	0.1350	4.42880060e+08
0.1150	0.1250	0.1450	3.51685583e+08
0.1150	0.1350	0.1350	5.91194382e+08
0.1150	0.1350	0.1450	5.27367607e+08
0.1150	0.1450	0.1450	3.85917967e+08
0.1250	0.1250	0.1250	3.12718085e+08
0.1250	0.1250	0.1350	6.81585284e+08
0.1250	0.1250	0.1450	3.38510860e+08
0.1250	0.1350	0.1350	1.73102790e+08
0.1250	0.1350	0.1450	2.83532280e+08
0.1250	0.1450	0.1450	2.94066428e+08
0.1350	0.1350	0.1350	5.17467869e+08
0.1350	0.1350	0.1450	5.04422209e+08
0.1350	0.1450	0.1450	3.05092263e+08
0.1450	0.1450	0.1450	4.83795330e+08
