####### Bispectrum of Patchy Simulation 1669 #############
# Patch: ngc
# z-type: z3
# Weights: fkp
# Fiducial Omega_m: 0.310
# Fiducial h: 0.676
# Boxsize: [1800.0, 3400.0, 1900.0]
# Grid: [170, 325, 180]
# k-binning: [0.000, 0.160, 0.010]
# Monte Carlo Simulations: 100
#
# Format: k1 | k2 | k3 | B(k1,k2,k3)
############################################
0.0150	0.0150	0.0150	4.91715366e+10
0.0150	0.0150	0.0250	-7.30128843e+09
0.0150	0.0150	0.0350	3.64073704e+10
0.0150	0.0250	0.0250	2.00809941e+10
0.0150	0.0250	0.0350	9.65724534e+09
0.0150	0.0250	0.0450	1.40721431e+10
0.0150	0.0350	0.0350	5.06414857e+09
0.0150	0.0350	0.0450	1.08093110e+10
0.0150	0.0350	0.0550	1.36275564e+10
0.0150	0.0450	0.0450	5.49471952e+09
0.0150	0.0450	0.0550	7.43506530e+09
0.0150	0.0450	0.0650	3.20182223e+09
0.0150	0.0550	0.0550	3.63109340e+09
0.0150	0.0550	0.0650	3.38585329e+09
0.0150	0.0550	0.0750	3.22692354e+09
0.0150	0.0650	0.0650	1.90444236e+09
0.0150	0.0650	0.0750	3.90758761e+09
0.0150	0.0650	0.0850	7.33557237e+09
0.0150	0.0750	0.0750	3.03219755e+09
0.0150	0.0750	0.0850	2.33233359e+09
0.0150	0.0750	0.0950	5.84818223e+09
0.0150	0.0850	0.0850	2.62701612e+09
0.0150	0.0850	0.0950	2.51072701e+09
0.0150	0.0850	0.1050	3.65661919e+09
0.0150	0.0950	0.0950	1.49199172e+09
0.0150	0.0950	0.1050	2.23727750e+09
0.0150	0.0950	0.1150	2.34805310e+09
0.0150	0.1050	0.1050	2.66377999e+09
0.0150	0.1050	0.1150	2.67204034e+09
0.0150	0.1050	0.1250	1.99984660e+09
0.0150	0.1150	0.1150	1.48490697e+09
0.0150	0.1150	0.1250	1.73581388e+09
0.0150	0.1150	0.1350	3.70565603e+09
0.0150	0.1250	0.1250	1.47854462e+09
0.0150	0.1250	0.1350	1.61229188e+09
0.0150	0.1250	0.1450	2.08033606e+09
0.0150	0.1350	0.1350	1.74972969e+09
0.0150	0.1350	0.1450	1.92988100e+09
0.0150	0.1450	0.1450	6.46782695e+08
0.0250	0.0250	0.0250	1.18774618e+10
0.0250	0.0250	0.0350	1.75847071e+09
0.0250	0.0250	0.0450	4.10497570e+09
0.0250	0.0250	0.0550	2.03793683e+10
0.0250	0.0350	0.0350	3.72293651e+09
0.0250	0.0350	0.0450	5.81854648e+09
0.0250	0.0350	0.0550	5.36483091e+09
0.0250	0.0350	0.0650	7.58487585e+09
0.0250	0.0450	0.0450	7.18013138e+09
0.0250	0.0450	0.0550	3.26748955e+09
0.0250	0.0450	0.0650	5.01458546e+09
0.0250	0.0450	0.0750	7.83889998e+09
0.0250	0.0550	0.0550	4.04442719e+09
0.0250	0.0550	0.0650	5.03628326e+09
0.0250	0.0550	0.0750	3.38735060e+09
0.0250	0.0550	0.0850	7.67853958e+09
0.0250	0.0650	0.0650	3.13744979e+09
0.0250	0.0650	0.0750	4.52784725e+09
0.0250	0.0650	0.0850	2.46784546e+09
0.0250	0.0650	0.0950	7.94914306e+09
0.0250	0.0750	0.0750	3.58161577e+09
0.0250	0.0750	0.0850	1.80881235e+09
0.0250	0.0750	0.0950	3.59071634e+09
0.0250	0.0750	0.1050	6.37877632e+09
0.0250	0.0850	0.0850	1.76504827e+09
0.0250	0.0850	0.0950	2.85489183e+09
0.0250	0.0850	0.1050	3.68993765e+09
0.0250	0.0850	0.1150	3.21942457e+09
0.0250	0.0950	0.0950	3.33440035e+09
0.0250	0.0950	0.1050	2.65795583e+09
0.0250	0.0950	0.1150	2.11726409e+09
0.0250	0.0950	0.1250	3.51367481e+09
0.0250	0.1050	0.1050	1.59974835e+09
0.0250	0.1050	0.1150	2.46698474e+09
0.0250	0.1050	0.1250	2.22996905e+09
0.0250	0.1050	0.1350	2.12112543e+09
0.0250	0.1150	0.1150	1.41914003e+09
0.0250	0.1150	0.1250	1.61034032e+09
0.0250	0.1150	0.1350	1.86410421e+09
0.0250	0.1150	0.1450	2.93677425e+09
0.0250	0.1250	0.1250	2.43498698e+09
0.0250	0.1250	0.1350	1.92221932e+09
0.0250	0.1250	0.1450	2.29305906e+09
0.0250	0.1350	0.1350	2.00375306e+09
0.0250	0.1350	0.1450	1.23441200e+09
0.0250	0.1450	0.1450	1.68319700e+09
0.0350	0.0350	0.0350	1.03331787e+10
0.0350	0.0350	0.0450	3.52283895e+09
0.0350	0.0350	0.0550	6.95848087e+09
0.0350	0.0350	0.0650	5.81935531e+09
0.0350	0.0350	0.0750	6.12690853e+09
0.0350	0.0450	0.0450	5.79685912e+09
0.0350	0.0450	0.0550	3.35850841e+09
0.0350	0.0450	0.0650	5.34135067e+09
0.0350	0.0450	0.0750	3.47080552e+09
0.0350	0.0450	0.0850	6.36753185e+09
0.0350	0.0550	0.0550	3.24229880e+09
0.0350	0.0550	0.0650	1.07372272e+09
0.0350	0.0550	0.0750	2.77284709e+09
0.0350	0.0550	0.0850	2.93138015e+09
0.0350	0.0550	0.0950	1.53417390e+09
0.0350	0.0650	0.0650	2.75863495e+09
0.0350	0.0650	0.0750	1.26105063e+09
0.0350	0.0650	0.0850	2.22749838e+09
0.0350	0.0650	0.0950	3.10874172e+09
0.0350	0.0650	0.1050	3.53329008e+09
0.0350	0.0750	0.0750	1.69979064e+09
0.0350	0.0750	0.0850	2.41054864e+09
0.0350	0.0750	0.0950	2.59178709e+09
0.0350	0.0750	0.1050	2.64778521e+09
0.0350	0.0750	0.1150	2.35520894e+09
0.0350	0.0850	0.0850	2.57177949e+09
0.0350	0.0850	0.0950	2.09694894e+09
0.0350	0.0850	0.1050	2.16110688e+09
0.0350	0.0850	0.1150	1.92907811e+09
0.0350	0.0850	0.1250	2.66716104e+09
0.0350	0.0950	0.0950	1.38195418e+09
0.0350	0.0950	0.1050	1.60518457e+09
0.0350	0.0950	0.1150	1.52974782e+09
0.0350	0.0950	0.1250	2.38893445e+09
0.0350	0.0950	0.1350	1.84909803e+09
0.0350	0.1050	0.1050	1.10479482e+09
0.0350	0.1050	0.1150	1.59783645e+09
0.0350	0.1050	0.1250	1.84412846e+09
0.0350	0.1050	0.1350	1.81882885e+09
0.0350	0.1050	0.1450	1.27461821e+09
0.0350	0.1150	0.1150	1.47277910e+09
0.0350	0.1150	0.1250	1.20855053e+09
0.0350	0.1150	0.1350	1.39578371e+09
0.0350	0.1150	0.1450	1.56136261e+09
0.0350	0.1250	0.1250	1.30987231e+09
0.0350	0.1250	0.1350	1.26468996e+09
0.0350	0.1250	0.1450	1.65341986e+09
0.0350	0.1350	0.1350	1.32924918e+09
0.0350	0.1350	0.1450	1.10678124e+09
0.0350	0.1450	0.1450	8.22511293e+08
0.0450	0.0450	0.0450	4.07971751e+09
0.0450	0.0450	0.0550	3.56555157e+09
0.0450	0.0450	0.0650	2.38076748e+09
0.0450	0.0450	0.0750	2.51178788e+09
0.0450	0.0450	0.0850	4.39735675e+09
0.0450	0.0450	0.0950	1.95764256e+09
0.0450	0.0550	0.0550	2.55263326e+09
0.0450	0.0550	0.0650	1.79251627e+09
0.0450	0.0550	0.0750	3.11106172e+09
0.0450	0.0550	0.0850	2.29999153e+09
0.0450	0.0550	0.0950	4.00460304e+09
0.0450	0.0550	0.1050	4.70009331e+09
0.0450	0.0650	0.0650	1.91290634e+09
0.0450	0.0650	0.0750	2.22592049e+09
0.0450	0.0650	0.0850	1.76395234e+09
0.0450	0.0650	0.0950	2.29135064e+09
0.0450	0.0650	0.1050	2.34000524e+09
0.0450	0.0650	0.1150	2.15805882e+09
0.0450	0.0750	0.0750	2.46663750e+09
0.0450	0.0750	0.0850	1.15822795e+09
0.0450	0.0750	0.0950	1.69353991e+09
0.0450	0.0750	0.1050	1.72215290e+09
0.0450	0.0750	0.1150	2.64249058e+09
0.0450	0.0750	0.1250	3.01883233e+09
0.0450	0.0850	0.0850	1.73646396e+09
0.0450	0.0850	0.0950	1.71736973e+09
0.0450	0.0850	0.1050	1.67056826e+09
0.0450	0.0850	0.1150	1.39750531e+09
0.0450	0.0850	0.1250	2.10857925e+09
0.0450	0.0850	0.1350	2.75655043e+09
0.0450	0.0950	0.0950	1.06653381e+09
0.0450	0.0950	0.1050	1.28606424e+09
0.0450	0.0950	0.1150	1.45443014e+09
0.0450	0.0950	0.1250	1.60864243e+09
0.0450	0.0950	0.1350	1.51248497e+09
0.0450	0.0950	0.1450	2.34093849e+09
0.0450	0.1050	0.1050	1.37217772e+09
0.0450	0.1050	0.1150	1.41030832e+09
0.0450	0.1050	0.1250	1.31758292e+09
0.0450	0.1050	0.1350	1.13887295e+09
0.0450	0.1050	0.1450	1.61121076e+09
0.0450	0.1150	0.1150	9.61167180e+08
0.0450	0.1150	0.1250	1.28480281e+09
0.0450	0.1150	0.1350	1.02751445e+09
0.0450	0.1150	0.1450	1.32175678e+09
0.0450	0.1250	0.1250	1.40048630e+09
0.0450	0.1250	0.1350	1.12741321e+09
0.0450	0.1250	0.1450	1.22202622e+09
0.0450	0.1350	0.1350	1.12839552e+09
0.0450	0.1350	0.1450	9.12563359e+08
0.0450	0.1450	0.1450	1.02961546e+09
0.0550	0.0550	0.0550	2.04002779e+09
0.0550	0.0550	0.0650	1.99111637e+09
0.0550	0.0550	0.0750	2.53964778e+09
0.0550	0.0550	0.0850	1.54691390e+09
0.0550	0.0550	0.0950	2.01190724e+09
0.0550	0.0550	0.1050	3.14205220e+09
0.0550	0.0550	0.1150	2.11266413e+09
0.0550	0.0650	0.0650	1.45001010e+09
0.0550	0.0650	0.0750	1.49522514e+09
0.0550	0.0650	0.0850	1.48368105e+09
0.0550	0.0650	0.0950	1.75473319e+09
0.0550	0.0650	0.1050	1.79886373e+09
0.0550	0.0650	0.1150	1.76748939e+09
0.0550	0.0650	0.1250	2.54465279e+09
0.0550	0.0750	0.0750	1.63034944e+09
0.0550	0.0750	0.0850	1.62812791e+09
0.0550	0.0750	0.0950	1.44558491e+09
0.0550	0.0750	0.1050	1.55064255e+09
0.0550	0.0750	0.1150	1.54909891e+09
0.0550	0.0750	0.1250	1.94661690e+09
0.0550	0.0750	0.1350	2.47165234e+09
0.0550	0.0850	0.0850	1.11120297e+09
0.0550	0.0850	0.0950	1.22688576e+09
0.0550	0.0850	0.1050	1.33719846e+09
0.0550	0.0850	0.1150	1.03928535e+09
0.0550	0.0850	0.1250	1.34948895e+09
0.0550	0.0850	0.1350	1.70634661e+09
0.0550	0.0850	0.1450	1.39377267e+09
0.0550	0.0950	0.0950	1.39389218e+09
0.0550	0.0950	0.1050	1.33397206e+09
0.0550	0.0950	0.1150	1.27324262e+09
0.0550	0.0950	0.1250	1.09297000e+09
0.0550	0.0950	0.1350	1.46341365e+09
0.0550	0.0950	0.1450	1.46851070e+09
0.0550	0.1050	0.1050	1.25112009e+09
0.0550	0.1050	0.1150	8.21367745e+08
0.0550	0.1050	0.1250	9.68717521e+08
0.0550	0.1050	0.1350	1.22706216e+09
0.0550	0.1050	0.1450	1.13740618e+09
0.0550	0.1150	0.1150	7.83251542e+08
0.0550	0.1150	0.1250	7.55133520e+08
0.0550	0.1150	0.1350	8.11578469e+08
0.0550	0.1150	0.1450	7.21439408e+08
0.0550	0.1250	0.1250	8.01844069e+08
0.0550	0.1250	0.1350	9.94341997e+08
0.0550	0.1250	0.1450	9.53615136e+08
0.0550	0.1350	0.1350	6.94974380e+08
0.0550	0.1350	0.1450	6.75660523e+08
0.0550	0.1450	0.1450	5.99900069e+08
0.0650	0.0650	0.0650	2.49158020e+09
0.0650	0.0650	0.0750	1.20319079e+09
0.0650	0.0650	0.0850	1.61986662e+09
0.0650	0.0650	0.0950	1.52065434e+09
0.0650	0.0650	0.1050	1.82045153e+09
0.0650	0.0650	0.1150	1.63605007e+09
0.0650	0.0650	0.1250	1.49820498e+09
0.0650	0.0650	0.1350	2.99862750e+09
0.0650	0.0750	0.0750	1.12448590e+09
0.0650	0.0750	0.0850	1.08599857e+09
0.0650	0.0750	0.0950	1.25292623e+09
0.0650	0.0750	0.1050	1.65226623e+09
0.0650	0.0750	0.1150	1.15112941e+09
0.0650	0.0750	0.1250	1.59213148e+09
0.0650	0.0750	0.1350	1.65065013e+09
0.0650	0.0750	0.1450	1.40777677e+09
0.0650	0.0850	0.0850	1.50843977e+09
0.0650	0.0850	0.0950	1.52732881e+09
0.0650	0.0850	0.1050	9.72517521e+08
0.0650	0.0850	0.1150	1.43789236e+09
0.0650	0.0850	0.1250	1.36748573e+09
0.0650	0.0850	0.1350	1.29001582e+09
0.0650	0.0850	0.1450	1.51376466e+09
0.0650	0.0950	0.0950	1.02652386e+09
0.0650	0.0950	0.1050	7.57478930e+08
0.0650	0.0950	0.1150	7.89375780e+08
0.0650	0.0950	0.1250	1.02108059e+09
0.0650	0.0950	0.1350	1.17778431e+09
0.0650	0.0950	0.1450	8.48712685e+08
0.0650	0.1050	0.1050	1.12250485e+09
0.0650	0.1050	0.1150	8.77231657e+08
0.0650	0.1050	0.1250	9.72060507e+08
0.0650	0.1050	0.1350	8.91073165e+08
0.0650	0.1050	0.1450	1.07656133e+09
0.0650	0.1150	0.1150	7.47479446e+08
0.0650	0.1150	0.1250	8.09922471e+08
0.0650	0.1150	0.1350	7.71692744e+08
0.0650	0.1150	0.1450	9.36393161e+08
0.0650	0.1250	0.1250	9.54687909e+08
0.0650	0.1250	0.1350	7.14335792e+08
0.0650	0.1250	0.1450	9.04762567e+08
0.0650	0.1350	0.1350	8.91668044e+08
0.0650	0.1350	0.1450	6.89710425e+08
0.0650	0.1450	0.1450	6.52653546e+08
0.0750	0.0750	0.0750	1.53018668e+09
0.0750	0.0750	0.0850	9.80646530e+08
0.0750	0.0750	0.0950	9.17212944e+08
0.0750	0.0750	0.1050	1.24951794e+09
0.0750	0.0750	0.1150	7.60883546e+08
0.0750	0.0750	0.1250	1.76199229e+09
0.0750	0.0750	0.1350	1.55223471e+09
0.0750	0.0750	0.1450	1.46606499e+09
0.0750	0.0850	0.0850	1.07685592e+09
0.0750	0.0850	0.0950	7.36092732e+08
0.0750	0.0850	0.1050	6.43969197e+08
0.0750	0.0850	0.1150	9.73307168e+08
0.0750	0.0850	0.1250	9.16004961e+08
0.0750	0.0850	0.1350	1.02912415e+09
0.0750	0.0850	0.1450	1.41679010e+09
0.0750	0.0950	0.0950	9.91819605e+08
0.0750	0.0950	0.1050	1.10016263e+09
0.0750	0.0950	0.1150	6.25305903e+08
0.0750	0.0950	0.1250	1.07337548e+09
0.0750	0.0950	0.1350	9.77726555e+08
0.0750	0.0950	0.1450	8.83394519e+08
0.0750	0.1050	0.1050	4.57620207e+08
0.0750	0.1050	0.1150	7.35042489e+08
0.0750	0.1050	0.1250	8.56296467e+08
0.0750	0.1050	0.1350	8.10936551e+08
0.0750	0.1050	0.1450	7.49938614e+08
0.0750	0.1150	0.1150	9.23717249e+08
0.0750	0.1150	0.1250	7.08139546e+08
0.0750	0.1150	0.1350	8.75849812e+08
0.0750	0.1150	0.1450	6.46182193e+08
0.0750	0.1250	0.1250	6.57693974e+08
0.0750	0.1250	0.1350	6.77934394e+08
0.0750	0.1250	0.1450	7.11712901e+08
0.0750	0.1350	0.1350	7.94229335e+08
0.0750	0.1350	0.1450	6.47642200e+08
0.0750	0.1450	0.1450	5.22057473e+08
0.0850	0.0850	0.0850	1.74706514e+09
0.0850	0.0850	0.0950	9.34544308e+08
0.0850	0.0850	0.1050	5.88150557e+08
0.0850	0.0850	0.1150	8.89335851e+08
0.0850	0.0850	0.1250	8.07562298e+08
0.0850	0.0850	0.1350	8.65465333e+08
0.0850	0.0850	0.1450	1.00943463e+09
0.0850	0.0950	0.0950	1.04737650e+09
0.0850	0.0950	0.1050	7.64147690e+08
0.0850	0.0950	0.1150	7.50192412e+08
0.0850	0.0950	0.1250	7.18012245e+08
0.0850	0.0950	0.1350	6.74107325e+08
0.0850	0.0950	0.1450	9.25065153e+08
0.0850	0.1050	0.1050	5.02858910e+08
0.0850	0.1050	0.1150	6.81624400e+08
0.0850	0.1050	0.1250	6.56543927e+08
0.0850	0.1050	0.1350	7.82170563e+08
0.0850	0.1050	0.1450	7.06298552e+08
0.0850	0.1150	0.1150	6.67990386e+08
0.0850	0.1150	0.1250	7.95151560e+08
0.0850	0.1150	0.1350	4.37572266e+08
0.0850	0.1150	0.1450	7.73385955e+08
0.0850	0.1250	0.1250	3.07161482e+08
0.0850	0.1250	0.1350	6.74276149e+08
0.0850	0.1250	0.1450	5.15460184e+08
0.0850	0.1350	0.1350	4.33136472e+08
0.0850	0.1350	0.1450	5.82979977e+08
0.0850	0.1450	0.1450	4.26806127e+08
0.0950	0.0950	0.0950	1.05302731e+09
0.0950	0.0950	0.1050	5.56297692e+08
0.0950	0.0950	0.1150	5.13868493e+08
0.0950	0.0950	0.1250	6.27976223e+08
0.0950	0.0950	0.1350	7.65510866e+08
0.0950	0.0950	0.1450	6.59113598e+08
0.0950	0.1050	0.1050	4.52690771e+08
0.0950	0.1050	0.1150	6.26852515e+08
0.0950	0.1050	0.1250	7.48693774e+08
0.0950	0.1050	0.1350	5.77980412e+08
0.0950	0.1050	0.1450	6.94025098e+08
0.0950	0.1150	0.1150	6.93171500e+08
0.0950	0.1150	0.1250	3.19728555e+08
0.0950	0.1150	0.1350	6.12577558e+08
0.0950	0.1150	0.1450	5.40415832e+08
0.0950	0.1250	0.1250	6.51047540e+08
0.0950	0.1250	0.1350	5.99607174e+08
0.0950	0.1250	0.1450	4.89780392e+08
0.0950	0.1350	0.1350	6.82839498e+08
0.0950	0.1350	0.1450	4.88643797e+08
0.0950	0.1450	0.1450	4.11345987e+08
0.1050	0.1050	0.1050	8.01045984e+08
0.1050	0.1050	0.1150	6.14134563e+08
0.1050	0.1050	0.1250	4.88656473e+08
0.1050	0.1050	0.1350	6.26113872e+08
0.1050	0.1050	0.1450	5.12136909e+08
0.1050	0.1150	0.1150	4.19791611e+08
0.1050	0.1150	0.1250	6.11151930e+08
0.1050	0.1150	0.1350	5.10706817e+08
0.1050	0.1150	0.1450	5.67106484e+08
0.1050	0.1250	0.1250	5.39386074e+08
0.1050	0.1250	0.1350	6.07016935e+08
0.1050	0.1250	0.1450	5.18433310e+08
0.1050	0.1350	0.1350	4.89478673e+08
0.1050	0.1350	0.1450	4.43469382e+08
0.1050	0.1450	0.1450	5.28955882e+08
0.1150	0.1150	0.1150	5.94086227e+08
0.1150	0.1150	0.1250	4.78833332e+08
0.1150	0.1150	0.1350	5.27900154e+08
0.1150	0.1150	0.1450	5.31032686e+08
0.1150	0.1250	0.1250	6.21158342e+08
0.1150	0.1250	0.1350	3.84915730e+08
0.1150	0.1250	0.1450	3.57746189e+08
0.1150	0.1350	0.1350	5.50088412e+08
0.1150	0.1350	0.1450	4.80613789e+08
0.1150	0.1450	0.1450	3.50379617e+08
0.1250	0.1250	0.1250	5.47887860e+08
0.1250	0.1250	0.1350	4.36257924e+08
0.1250	0.1250	0.1450	4.04655099e+08
0.1250	0.1350	0.1350	4.84665106e+08
0.1250	0.1350	0.1450	4.39373203e+08
0.1250	0.1450	0.1450	4.52021552e+08
0.1350	0.1350	0.1350	2.06658631e+08
0.1350	0.1350	0.1450	3.30675653e+08
0.1350	0.1450	0.1450	3.01064438e+08
0.1450	0.1450	0.1450	3.08381647e+08
