####### Bispectrum of Patchy Simulation 65 #############
# Patch: sgc
# z-type: z3
# Weights: fkp
# Fiducial Omega_m: 0.310
# Fiducial h: 0.676
# Boxsize: [1000.0, 2600.0, 1500.0]
# Grid: [95, 250, 140]
# k-binning: [0.000, 0.160, 0.010]
# Monte Carlo Simulations: 100
#
# Format: k1 | k2 | k3 | B(k1,k2,k3)
############################################
0.0150	0.0150	0.0150	-4.26189980e+10
0.0150	0.0150	0.0250	4.50978528e+10
0.0150	0.0150	0.0350	-5.98846851e+10
0.0150	0.0250	0.0250	1.35294019e+10
0.0150	0.0250	0.0350	1.88514361e+10
0.0150	0.0250	0.0450	1.01091951e+10
0.0150	0.0350	0.0350	3.91969702e+09
0.0150	0.0350	0.0450	3.37697427e+09
0.0150	0.0350	0.0550	1.44186557e+10
0.0150	0.0450	0.0450	9.24423580e+08
0.0150	0.0450	0.0550	-3.00627405e+09
0.0150	0.0450	0.0650	1.85801023e+10
0.0150	0.0550	0.0550	2.31910355e+09
0.0150	0.0550	0.0650	-9.96478490e+08
0.0150	0.0550	0.0750	7.95781557e+09
0.0150	0.0650	0.0650	5.42568216e+09
0.0150	0.0650	0.0750	2.11323342e+09
0.0150	0.0650	0.0850	1.98419618e+10
0.0150	0.0750	0.0750	1.57339111e+09
0.0150	0.0750	0.0850	7.05026047e+09
0.0150	0.0750	0.0950	4.71912219e+08
0.0150	0.0850	0.0850	4.22053434e+09
0.0150	0.0850	0.0950	5.04421927e+08
0.0150	0.0850	0.1050	5.01831744e+09
0.0150	0.0950	0.0950	1.93668796e+09
0.0150	0.0950	0.1050	3.14147890e+09
0.0150	0.0950	0.1150	-8.79995691e+08
0.0150	0.1050	0.1050	2.36959745e+09
0.0150	0.1050	0.1150	1.63850552e+09
0.0150	0.1050	0.1250	3.90411836e+09
0.0150	0.1150	0.1150	-1.34978401e+09
0.0150	0.1150	0.1250	1.51016642e+09
0.0150	0.1150	0.1350	4.61008658e+09
0.0150	0.1250	0.1250	1.85064387e+09
0.0150	0.1250	0.1350	1.13160969e+09
0.0150	0.1250	0.1450	4.05964077e+09
0.0150	0.1350	0.1350	1.67211264e+09
0.0150	0.1350	0.1450	6.15949819e+08
0.0150	0.1450	0.1450	7.51020247e+08
0.0250	0.0250	0.0250	-3.62703317e+10
0.0250	0.0250	0.0350	5.64133631e+09
0.0250	0.0250	0.0450	1.67302337e+10
0.0250	0.0250	0.0550	-4.85998623e+09
0.0250	0.0350	0.0350	3.56443899e+08
0.0250	0.0350	0.0450	8.12646713e+09
0.0250	0.0350	0.0550	1.25696072e+10
0.0250	0.0350	0.0650	1.23764724e+10
0.0250	0.0450	0.0450	7.59647481e+09
0.0250	0.0450	0.0550	3.97853789e+09
0.0250	0.0450	0.0650	2.60497499e+09
0.0250	0.0450	0.0750	1.14770265e+10
0.0250	0.0550	0.0550	8.89481699e+09
0.0250	0.0550	0.0650	6.61194578e+09
0.0250	0.0550	0.0750	3.36722391e+09
0.0250	0.0550	0.0850	9.03514406e+09
0.0250	0.0650	0.0650	4.59319455e+09
0.0250	0.0650	0.0750	1.44708427e+09
0.0250	0.0650	0.0850	4.17179394e+09
0.0250	0.0650	0.0950	5.37393140e+09
0.0250	0.0750	0.0750	-4.39701423e+08
0.0250	0.0750	0.0850	3.06169746e+09
0.0250	0.0750	0.0950	6.25610793e+09
0.0250	0.0750	0.1050	3.42773571e+09
0.0250	0.0850	0.0850	2.15966790e+09
0.0250	0.0850	0.0950	1.42887981e+09
0.0250	0.0850	0.1050	4.76571104e+09
0.0250	0.0850	0.1150	4.41151487e+09
0.0250	0.0950	0.0950	1.53576291e+09
0.0250	0.0950	0.1050	1.19205520e+09
0.0250	0.0950	0.1150	2.86600822e+09
0.0250	0.0950	0.1250	2.41458690e+09
0.0250	0.1050	0.1050	2.62753008e+09
0.0250	0.1050	0.1150	2.37833332e+09
0.0250	0.1050	0.1250	2.78532509e+09
0.0250	0.1050	0.1350	7.20783347e+09
0.0250	0.1150	0.1150	2.74067125e+09
0.0250	0.1150	0.1250	2.03206371e+09
0.0250	0.1150	0.1350	2.50260259e+09
0.0250	0.1150	0.1450	2.07880517e+09
0.0250	0.1250	0.1250	1.73382444e+09
0.0250	0.1250	0.1350	1.73344065e+09
0.0250	0.1250	0.1450	2.61052513e+09
0.0250	0.1350	0.1350	2.66508702e+09
0.0250	0.1350	0.1450	1.62919207e+09
0.0250	0.1450	0.1450	9.11312047e+08
0.0350	0.0350	0.0350	2.03206785e+10
0.0350	0.0350	0.0450	7.16330427e+09
0.0350	0.0350	0.0550	2.72082502e+08
0.0350	0.0350	0.0650	2.06785188e+09
0.0350	0.0350	0.0750	8.78089692e+09
0.0350	0.0450	0.0450	-6.42609179e+08
0.0350	0.0450	0.0550	5.06870594e+09
0.0350	0.0450	0.0650	3.44482029e+09
0.0350	0.0450	0.0750	4.99404524e+09
0.0350	0.0450	0.0850	4.61912819e+09
0.0350	0.0550	0.0550	-1.18592985e+09
0.0350	0.0550	0.0650	6.13968565e+09
0.0350	0.0550	0.0750	9.30796073e+08
0.0350	0.0550	0.0850	2.18800218e+09
0.0350	0.0550	0.0950	5.07396110e+09
0.0350	0.0650	0.0650	2.54468565e+09
0.0350	0.0650	0.0750	3.64022011e+09
0.0350	0.0650	0.0850	1.22081508e+09
0.0350	0.0650	0.0950	3.83679659e+09
0.0350	0.0650	0.1050	3.99776112e+09
0.0350	0.0750	0.0750	9.48906812e+08
0.0350	0.0750	0.0850	3.86049337e+09
0.0350	0.0750	0.0950	6.35837646e+08
0.0350	0.0750	0.1050	3.96829296e+09
0.0350	0.0750	0.1150	1.89207581e+09
0.0350	0.0850	0.0850	-5.76546479e+08
0.0350	0.0850	0.0950	1.56085275e+09
0.0350	0.0850	0.1050	2.34611565e+09
0.0350	0.0850	0.1150	2.79421714e+09
0.0350	0.0850	0.1250	1.59034778e+09
0.0350	0.0950	0.0950	3.73999733e+09
0.0350	0.0950	0.1050	1.60922008e+09
0.0350	0.0950	0.1150	2.33878554e+09
0.0350	0.0950	0.1250	1.65921528e+09
0.0350	0.0950	0.1350	3.57853667e+08
0.0350	0.1050	0.1050	2.68618645e+09
0.0350	0.1050	0.1150	3.48318681e+08
0.0350	0.1050	0.1250	2.19594767e+09
0.0350	0.1050	0.1350	1.14969314e+09
0.0350	0.1050	0.1450	1.96440234e+09
0.0350	0.1150	0.1150	1.30535121e+09
0.0350	0.1150	0.1250	1.68889661e+09
0.0350	0.1150	0.1350	1.53137077e+09
0.0350	0.1150	0.1450	1.76353023e+09
0.0350	0.1250	0.1250	1.08275361e+09
0.0350	0.1250	0.1350	2.00270665e+09
0.0350	0.1250	0.1450	1.46813990e+09
0.0350	0.1350	0.1350	1.60584368e+09
0.0350	0.1350	0.1450	9.54498425e+08
0.0350	0.1450	0.1450	1.83490193e+09
0.0450	0.0450	0.0450	9.48145058e+09
0.0450	0.0450	0.0550	4.04781708e+09
0.0450	0.0450	0.0650	1.56217651e+09
0.0450	0.0450	0.0750	2.82694292e+09
0.0450	0.0450	0.0850	3.95071042e+09
0.0450	0.0450	0.0950	2.78747730e+09
0.0450	0.0550	0.0550	1.92132177e+09
0.0450	0.0550	0.0650	-3.65205156e+08
0.0450	0.0550	0.0750	4.15267044e+09
0.0450	0.0550	0.0850	2.84549052e+09
0.0450	0.0550	0.0950	3.92566607e+09
0.0450	0.0550	0.1050	3.76790144e+09
0.0450	0.0650	0.0650	1.32884149e+09
0.0450	0.0650	0.0750	2.87915926e+09
0.0450	0.0650	0.0850	2.96332020e+09
0.0450	0.0650	0.0950	1.92673127e+09
0.0450	0.0650	0.1050	1.85769373e+09
0.0450	0.0650	0.1150	4.10029524e+09
0.0450	0.0750	0.0750	4.40375175e+08
0.0450	0.0750	0.0850	2.82870341e+09
0.0450	0.0750	0.0950	2.91309120e+09
0.0450	0.0750	0.1050	1.87423566e+09
0.0450	0.0750	0.1150	2.66823869e+09
0.0450	0.0750	0.1250	3.24109041e+09
0.0450	0.0850	0.0850	1.58224338e+09
0.0450	0.0850	0.0950	2.13222731e+09
0.0450	0.0850	0.1050	2.02739542e+09
0.0450	0.0850	0.1150	1.25489472e+09
0.0450	0.0850	0.1250	2.10987677e+09
0.0450	0.0850	0.1350	3.30745054e+09
0.0450	0.0950	0.0950	1.46079673e+09
0.0450	0.0950	0.1050	1.88671421e+09
0.0450	0.0950	0.1150	1.41574711e+09
0.0450	0.0950	0.1250	1.86981138e+09
0.0450	0.0950	0.1350	1.94294727e+09
0.0450	0.0950	0.1450	2.58624035e+09
0.0450	0.1050	0.1050	-5.26682957e+08
0.0450	0.1050	0.1150	1.72884090e+09
0.0450	0.1050	0.1250	1.50701181e+09
0.0450	0.1050	0.1350	1.06865068e+09
0.0450	0.1050	0.1450	1.43733489e+09
0.0450	0.1150	0.1150	6.54334819e+08
0.0450	0.1150	0.1250	1.61808652e+09
0.0450	0.1150	0.1350	1.73060931e+09
0.0450	0.1150	0.1450	1.60718122e+09
0.0450	0.1250	0.1250	1.10554617e+09
0.0450	0.1250	0.1350	1.12107021e+09
0.0450	0.1250	0.1450	8.27068527e+08
0.0450	0.1350	0.1350	8.21611577e+08
0.0450	0.1350	0.1450	8.93612687e+08
0.0450	0.1450	0.1450	6.78100247e+08
0.0550	0.0550	0.0550	4.88811480e+09
0.0550	0.0550	0.0650	1.20106902e+09
0.0550	0.0550	0.0750	2.00196190e+09
0.0550	0.0550	0.0850	5.03986348e+08
0.0550	0.0550	0.0950	1.79933472e+09
0.0550	0.0550	0.1050	1.74338923e+09
0.0550	0.0550	0.1150	5.04169747e+09
0.0550	0.0650	0.0650	2.23668538e+09
0.0550	0.0650	0.0750	1.84653450e+09
0.0550	0.0650	0.0850	2.91151504e+09
0.0550	0.0650	0.0950	1.68774178e+09
0.0550	0.0650	0.1050	2.30821713e+09
0.0550	0.0650	0.1150	2.79953007e+09
0.0550	0.0650	0.1250	2.58755582e+09
0.0550	0.0750	0.0750	4.88192769e+08
0.0550	0.0750	0.0850	9.14602961e+08
0.0550	0.0750	0.0950	1.93464395e+09
0.0550	0.0750	0.1050	1.77098287e+09
0.0550	0.0750	0.1150	1.54722262e+09
0.0550	0.0750	0.1250	1.93445351e+09
0.0550	0.0750	0.1350	3.57533452e+09
0.0550	0.0850	0.0850	1.19745542e+09
0.0550	0.0850	0.0950	1.40393203e+09
0.0550	0.0850	0.1050	1.61067226e+09
0.0550	0.0850	0.1150	1.74428288e+09
0.0550	0.0850	0.1250	2.22812886e+09
0.0550	0.0850	0.1350	1.83885600e+09
0.0550	0.0850	0.1450	2.53196338e+09
0.0550	0.0950	0.0950	4.99061753e+08
0.0550	0.0950	0.1050	8.17010374e+08
0.0550	0.0950	0.1150	1.71040422e+09
0.0550	0.0950	0.1250	1.47313377e+09
0.0550	0.0950	0.1350	1.34520120e+09
0.0550	0.0950	0.1450	1.33785257e+09
0.0550	0.1050	0.1050	1.35635227e+09
0.0550	0.1050	0.1150	1.90882947e+09
0.0550	0.1050	0.1250	1.03297318e+09
0.0550	0.1050	0.1350	1.41839963e+09
0.0550	0.1050	0.1450	8.11084494e+08
0.0550	0.1150	0.1150	7.49465755e+08
0.0550	0.1150	0.1250	9.62956669e+08
0.0550	0.1150	0.1350	6.59348227e+08
0.0550	0.1150	0.1450	7.60147868e+08
0.0550	0.1250	0.1250	4.96131083e+08
0.0550	0.1250	0.1350	1.46146040e+09
0.0550	0.1250	0.1450	6.05463866e+08
0.0550	0.1350	0.1350	7.67689871e+08
0.0550	0.1350	0.1450	7.55582052e+08
0.0550	0.1450	0.1450	1.13207979e+09
0.0650	0.0650	0.0650	1.14507139e+09
0.0650	0.0650	0.0750	1.85034585e+09
0.0650	0.0650	0.0850	2.77821414e+09
0.0650	0.0650	0.0950	1.18287564e+09
0.0650	0.0650	0.1050	1.48059506e+09
0.0650	0.0650	0.1150	1.43992382e+09
0.0650	0.0650	0.1250	2.53341916e+09
0.0650	0.0650	0.1350	8.60939495e+08
0.0650	0.0750	0.0750	9.58640128e+08
0.0650	0.0750	0.0850	1.58417740e+09
0.0650	0.0750	0.0950	1.22631401e+09
0.0650	0.0750	0.1050	1.22996960e+09
0.0650	0.0750	0.1150	2.05900311e+09
0.0650	0.0750	0.1250	1.58566345e+09
0.0650	0.0750	0.1350	2.27703118e+09
0.0650	0.0750	0.1450	2.18396783e+09
0.0650	0.0850	0.0850	1.11376187e+09
0.0650	0.0850	0.0950	1.16238876e+09
0.0650	0.0850	0.1050	1.20326617e+09
0.0650	0.0850	0.1150	1.64763061e+09
0.0650	0.0850	0.1250	1.29990853e+09
0.0650	0.0850	0.1350	1.52865767e+09
0.0650	0.0850	0.1450	1.47182202e+09
0.0650	0.0950	0.0950	6.38582747e+08
0.0650	0.0950	0.1050	1.25730648e+09
0.0650	0.0950	0.1150	9.48558578e+08
0.0650	0.0950	0.1250	4.72883298e+08
0.0650	0.0950	0.1350	1.06366214e+09
0.0650	0.0950	0.1450	1.04828690e+09
0.0650	0.1050	0.1050	6.37941734e+08
0.0650	0.1050	0.1150	1.38885571e+09
0.0650	0.1050	0.1250	8.96298625e+08
0.0650	0.1050	0.1350	1.11663914e+09
0.0650	0.1050	0.1450	1.09401027e+09
0.0650	0.1150	0.1150	5.61824416e+08
0.0650	0.1150	0.1250	1.03124570e+09
0.0650	0.1150	0.1350	7.19693129e+08
0.0650	0.1150	0.1450	8.34835691e+08
0.0650	0.1250	0.1250	7.39263486e+08
0.0650	0.1250	0.1350	7.91180745e+08
0.0650	0.1250	0.1450	6.18488665e+08
0.0650	0.1350	0.1350	8.50794045e+08
0.0650	0.1350	0.1450	8.91596028e+08
0.0650	0.1450	0.1450	7.87306613e+08
0.0750	0.0750	0.0750	2.29819019e+09
0.0750	0.0750	0.0850	1.76435561e+09
0.0750	0.0750	0.0950	1.58433126e+09
0.0750	0.0750	0.1050	1.06039780e+09
0.0750	0.0750	0.1150	1.02389970e+09
0.0750	0.0750	0.1250	2.11760955e+09
0.0750	0.0750	0.1350	1.01301326e+09
0.0750	0.0750	0.1450	2.01429872e+09
0.0750	0.0850	0.0850	9.20748366e+08
0.0750	0.0850	0.0950	1.37191165e+09
0.0750	0.0850	0.1050	7.97084164e+08
0.0750	0.0850	0.1150	1.65889866e+09
0.0750	0.0850	0.1250	1.42776014e+09
0.0750	0.0850	0.1350	1.74777924e+09
0.0750	0.0850	0.1450	1.25234117e+09
0.0750	0.0950	0.0950	8.85528658e+08
0.0750	0.0950	0.1050	1.03765352e+09
0.0750	0.0950	0.1150	1.19462246e+09
0.0750	0.0950	0.1250	9.89561170e+08
0.0750	0.0950	0.1350	1.42787963e+09
0.0750	0.0950	0.1450	8.04080993e+08
0.0750	0.1050	0.1050	1.91763247e+09
0.0750	0.1050	0.1150	7.78489211e+08
0.0750	0.1050	0.1250	1.04245955e+09
0.0750	0.1050	0.1350	7.11406309e+08
0.0750	0.1050	0.1450	1.29199011e+09
0.0750	0.1150	0.1150	9.67483035e+08
0.0750	0.1150	0.1250	6.02607417e+08
0.0750	0.1150	0.1350	7.77414872e+08
0.0750	0.1150	0.1450	7.37531646e+08
0.0750	0.1250	0.1250	1.19471389e+09
0.0750	0.1250	0.1350	1.02384674e+09
0.0750	0.1250	0.1450	7.25082579e+08
0.0750	0.1350	0.1350	4.85171940e+08
0.0750	0.1350	0.1450	8.30759548e+08
0.0750	0.1450	0.1450	4.27303242e+08
0.0850	0.0850	0.0850	1.41247620e+09
0.0850	0.0850	0.0950	1.54562605e+09
0.0850	0.0850	0.1050	3.63656193e+08
0.0850	0.0850	0.1150	1.27839289e+09
0.0850	0.0850	0.1250	1.22247663e+09
0.0850	0.0850	0.1350	1.29062304e+09
0.0850	0.0850	0.1450	1.57090935e+09
0.0850	0.0950	0.0950	1.13726671e+08
0.0850	0.0950	0.1050	9.65298242e+08
0.0850	0.0950	0.1150	7.73642148e+08
0.0850	0.0950	0.1250	6.00131015e+08
0.0850	0.0950	0.1350	9.92955966e+08
0.0850	0.0950	0.1450	1.06893045e+09
0.0850	0.1050	0.1050	8.53633411e+08
0.0850	0.1050	0.1150	7.43802041e+08
0.0850	0.1050	0.1250	1.20041638e+09
0.0850	0.1050	0.1350	6.06769207e+08
0.0850	0.1050	0.1450	4.05650366e+08
0.0850	0.1150	0.1150	1.01939720e+09
0.0850	0.1150	0.1250	6.60664370e+08
0.0850	0.1150	0.1350	8.43976667e+08
0.0850	0.1150	0.1450	8.89862317e+08
0.0850	0.1250	0.1250	7.03070915e+08
0.0850	0.1250	0.1350	8.50348758e+08
0.0850	0.1250	0.1450	4.95126221e+08
0.0850	0.1350	0.1350	6.87399943e+08
0.0850	0.1350	0.1450	6.95848563e+08
0.0850	0.1450	0.1450	9.60440867e+08
0.0950	0.0950	0.0950	2.35085625e+09
0.0950	0.0950	0.1050	3.27214136e+08
0.0950	0.0950	0.1150	3.74513197e+08
0.0950	0.0950	0.1250	3.72619764e+08
0.0950	0.0950	0.1350	5.32418660e+08
0.0950	0.0950	0.1450	7.31225108e+08
0.0950	0.1050	0.1050	9.34092230e+08
0.0950	0.1050	0.1150	7.58860931e+08
0.0950	0.1050	0.1250	7.14250156e+08
0.0950	0.1050	0.1350	5.75013952e+08
0.0950	0.1050	0.1450	9.27624156e+08
0.0950	0.1150	0.1150	5.98305071e+08
0.0950	0.1150	0.1250	6.54758792e+08
0.0950	0.1150	0.1350	5.18830306e+08
0.0950	0.1150	0.1450	6.00879814e+08
0.0950	0.1250	0.1250	4.07679392e+08
0.0950	0.1250	0.1350	4.96939128e+08
0.0950	0.1250	0.1450	6.12286937e+08
0.0950	0.1350	0.1350	6.99059525e+08
0.0950	0.1350	0.1450	4.99139770e+08
0.0950	0.1450	0.1450	6.40573350e+08
0.1050	0.1050	0.1050	1.27179033e+09
0.1050	0.1050	0.1150	1.57335732e+08
0.1050	0.1050	0.1250	8.99563861e+08
0.1050	0.1050	0.1350	6.69938401e+08
0.1050	0.1050	0.1450	6.11627329e+08
0.1050	0.1150	0.1150	5.88713845e+08
0.1050	0.1150	0.1250	6.00731364e+08
0.1050	0.1150	0.1350	4.30035756e+08
0.1050	0.1150	0.1450	5.54517441e+08
0.1050	0.1250	0.1250	5.68184123e+08
0.1050	0.1250	0.1350	7.18306091e+08
0.1050	0.1250	0.1450	5.43981932e+08
0.1050	0.1350	0.1350	7.24235962e+08
0.1050	0.1350	0.1450	6.19938034e+08
0.1050	0.1450	0.1450	1.80288762e+08
0.1150	0.1150	0.1150	7.41069044e+08
0.1150	0.1150	0.1250	6.84940888e+08
0.1150	0.1150	0.1350	4.79841554e+08
0.1150	0.1150	0.1450	7.22087863e+08
0.1150	0.1250	0.1250	8.71604629e+08
0.1150	0.1250	0.1350	7.17726504e+08
0.1150	0.1250	0.1450	5.03146661e+08
0.1150	0.1350	0.1350	3.25386858e+08
0.1150	0.1350	0.1450	4.68790714e+08
0.1150	0.1450	0.1450	3.19210828e+08
0.1250	0.1250	0.1250	5.44504544e+08
0.1250	0.1250	0.1350	6.14818549e+08
0.1250	0.1250	0.1450	5.30252939e+08
0.1250	0.1350	0.1350	5.36322991e+08
0.1250	0.1350	0.1450	5.09677709e+08
0.1250	0.1450	0.1450	6.09740420e+08
0.1350	0.1350	0.1350	3.77201603e+08
0.1350	0.1350	0.1450	3.12739472e+08
0.1350	0.1450	0.1450	3.76380225e+08
0.1450	0.1450	0.1450	5.32634427e+08
