####### Bispectrum of Patchy Simulation 1964 #############
# Patch: ngc
# z-type: z1
# Weights: fkp
# Fiducial Omega_m: 0.310
# Fiducial h: 0.676
# Boxsize: [1350.0, 2450.0, 1400.0]
# Grid: [126, 230, 130]
# k-binning: [0.000, 0.160, 0.010]
# Monte Carlo Simulations: 100
#
# Format: k1 | k2 | k3 | B(k1,k2,k3)
############################################
0.0150	0.0150	0.0150	4.61148786e+10
0.0150	0.0150	0.0250	4.50244211e+10
0.0150	0.0150	0.0350	8.78040162e+10
0.0150	0.0250	0.0250	-1.29890557e+10
0.0150	0.0250	0.0350	1.12510030e+10
0.0150	0.0250	0.0450	-1.05689039e+10
0.0150	0.0350	0.0350	4.87795359e+09
0.0150	0.0350	0.0450	1.19463971e+10
0.0150	0.0350	0.0550	1.06992441e+10
0.0150	0.0450	0.0450	2.37375160e+09
0.0150	0.0450	0.0550	8.53882566e+09
0.0150	0.0450	0.0650	1.10919879e+10
0.0150	0.0550	0.0550	3.10827054e+09
0.0150	0.0550	0.0650	7.16968162e+09
0.0150	0.0550	0.0750	8.27135125e+09
0.0150	0.0650	0.0650	2.07429190e+09
0.0150	0.0650	0.0750	2.31102033e+09
0.0150	0.0650	0.0850	3.56206559e+09
0.0150	0.0750	0.0750	3.21778252e+09
0.0150	0.0750	0.0850	5.80622663e+09
0.0150	0.0750	0.0950	3.23523706e+09
0.0150	0.0850	0.0850	4.20133648e+09
0.0150	0.0850	0.0950	5.70233288e+09
0.0150	0.0850	0.1050	2.53853460e+09
0.0150	0.0950	0.0950	3.95486307e+09
0.0150	0.0950	0.1050	3.58283141e+09
0.0150	0.0950	0.1150	5.78674621e+09
0.0150	0.1050	0.1050	3.29806292e+09
0.0150	0.1050	0.1150	3.34336731e+09
0.0150	0.1050	0.1250	2.74515380e+09
0.0150	0.1150	0.1150	1.88387139e+09
0.0150	0.1150	0.1250	2.14854112e+09
0.0150	0.1150	0.1350	3.47089024e+09
0.0150	0.1250	0.1250	1.30384853e+09
0.0150	0.1250	0.1350	2.22575809e+09
0.0150	0.1250	0.1450	2.24711701e+09
0.0150	0.1350	0.1350	2.15462948e+09
0.0150	0.1350	0.1450	2.14081826e+09
0.0150	0.1450	0.1450	2.14381590e+09
0.0250	0.0250	0.0250	2.10287147e+10
0.0250	0.0250	0.0350	8.71679170e+09
0.0250	0.0250	0.0450	1.17767391e+10
0.0250	0.0250	0.0550	1.66810822e+10
0.0250	0.0350	0.0350	8.24742684e+09
0.0250	0.0350	0.0450	9.30263812e+09
0.0250	0.0350	0.0550	4.72708589e+09
0.0250	0.0350	0.0650	8.73574981e+09
0.0250	0.0450	0.0450	3.47216824e+09
0.0250	0.0450	0.0550	6.52889596e+09
0.0250	0.0450	0.0650	5.49751777e+09
0.0250	0.0450	0.0750	1.20115822e+10
0.0250	0.0550	0.0550	3.78726169e+09
0.0250	0.0550	0.0650	2.42474576e+09
0.0250	0.0550	0.0750	3.61005617e+09
0.0250	0.0550	0.0850	5.53222868e+09
0.0250	0.0650	0.0650	3.41886139e+09
0.0250	0.0650	0.0750	5.06033624e+09
0.0250	0.0650	0.0850	5.04757519e+09
0.0250	0.0650	0.0950	5.42815793e+09
0.0250	0.0750	0.0750	2.74648168e+09
0.0250	0.0750	0.0850	3.88786443e+09
0.0250	0.0750	0.0950	4.60469341e+09
0.0250	0.0750	0.1050	3.57432047e+09
0.0250	0.0850	0.0850	2.45617665e+09
0.0250	0.0850	0.0950	3.36937077e+09
0.0250	0.0850	0.1050	3.00044417e+09
0.0250	0.0850	0.1150	5.16390356e+09
0.0250	0.0950	0.0950	2.21781457e+09
0.0250	0.0950	0.1050	2.45233974e+09
0.0250	0.0950	0.1150	2.41888955e+09
0.0250	0.0950	0.1250	4.62770010e+09
0.0250	0.1050	0.1050	1.71050717e+09
0.0250	0.1050	0.1150	2.34924039e+09
0.0250	0.1050	0.1250	2.99444920e+09
0.0250	0.1050	0.1350	1.86427208e+09
0.0250	0.1150	0.1150	2.02667504e+09
0.0250	0.1150	0.1250	2.03629283e+09
0.0250	0.1150	0.1350	2.36376295e+09
0.0250	0.1150	0.1450	3.29384137e+09
0.0250	0.1250	0.1250	2.04750531e+09
0.0250	0.1250	0.1350	2.00330903e+09
0.0250	0.1250	0.1450	2.20080251e+09
0.0250	0.1350	0.1350	2.21211183e+09
0.0250	0.1350	0.1450	1.46642408e+09
0.0250	0.1450	0.1450	1.68016189e+09
0.0350	0.0350	0.0350	1.35296370e+10
0.0350	0.0350	0.0450	1.34773228e+09
0.0350	0.0350	0.0550	8.93120454e+09
0.0350	0.0350	0.0650	3.33252890e+09
0.0350	0.0350	0.0750	2.84761040e+09
0.0350	0.0450	0.0450	6.88427926e+09
0.0350	0.0450	0.0550	4.39732966e+09
0.0350	0.0450	0.0650	5.28683469e+09
0.0350	0.0450	0.0750	4.32397740e+09
0.0350	0.0450	0.0850	4.91027339e+09
0.0350	0.0550	0.0550	7.98639629e+09
0.0350	0.0550	0.0650	1.07940911e+09
0.0350	0.0550	0.0750	3.72847395e+09
0.0350	0.0550	0.0850	5.24694927e+09
0.0350	0.0550	0.0950	4.97733818e+09
0.0350	0.0650	0.0650	3.61264336e+09
0.0350	0.0650	0.0750	1.75446177e+09
0.0350	0.0650	0.0850	3.64725728e+09
0.0350	0.0650	0.0950	3.53329733e+09
0.0350	0.0650	0.1050	4.83703568e+09
0.0350	0.0750	0.0750	2.81339101e+09
0.0350	0.0750	0.0850	1.54710477e+09
0.0350	0.0750	0.0950	2.96571285e+09
0.0350	0.0750	0.1050	3.97051740e+09
0.0350	0.0750	0.1150	2.77334826e+09
0.0350	0.0850	0.0850	2.68862468e+09
0.0350	0.0850	0.0950	1.82035431e+09
0.0350	0.0850	0.1050	1.78191872e+09
0.0350	0.0850	0.1150	2.73870327e+09
0.0350	0.0850	0.1250	2.90556179e+09
0.0350	0.0950	0.0950	1.92351718e+09
0.0350	0.0950	0.1050	1.46343867e+09
0.0350	0.0950	0.1150	1.94866168e+09
0.0350	0.0950	0.1250	2.30810534e+09
0.0350	0.0950	0.1350	1.97515916e+09
0.0350	0.1050	0.1050	1.98509550e+09
0.0350	0.1050	0.1150	1.20521218e+09
0.0350	0.1050	0.1250	1.96048307e+09
0.0350	0.1050	0.1350	1.81324197e+09
0.0350	0.1050	0.1450	2.19723652e+09
0.0350	0.1150	0.1150	1.09809969e+09
0.0350	0.1150	0.1250	1.15801652e+09
0.0350	0.1150	0.1350	1.54858117e+09
0.0350	0.1150	0.1450	1.80755957e+09
0.0350	0.1250	0.1250	1.26737208e+09
0.0350	0.1250	0.1350	1.36655173e+09
0.0350	0.1250	0.1450	1.50257153e+09
0.0350	0.1350	0.1350	1.34439543e+09
0.0350	0.1350	0.1450	1.16383663e+09
0.0350	0.1450	0.1450	8.78551420e+08
0.0450	0.0450	0.0450	4.79438813e+08
0.0450	0.0450	0.0550	5.52355365e+09
0.0450	0.0450	0.0650	1.50168220e+09
0.0450	0.0450	0.0750	1.63420764e+09
0.0450	0.0450	0.0850	3.39168123e+09
0.0450	0.0450	0.0950	5.39025443e+09
0.0450	0.0550	0.0550	6.90055328e+08
0.0450	0.0550	0.0650	2.76518494e+09
0.0450	0.0550	0.0750	3.50598483e+09
0.0450	0.0550	0.0850	1.53886276e+09
0.0450	0.0550	0.0950	3.24589303e+09
0.0450	0.0550	0.1050	2.82989795e+09
0.0450	0.0650	0.0650	2.03491458e+09
0.0450	0.0650	0.0750	2.25319332e+09
0.0450	0.0650	0.0850	2.04847238e+09
0.0450	0.0650	0.0950	2.22980637e+09
0.0450	0.0650	0.1050	3.92863664e+09
0.0450	0.0650	0.1150	1.30591207e+09
0.0450	0.0750	0.0750	2.42567476e+09
0.0450	0.0750	0.0850	1.44961751e+09
0.0450	0.0750	0.0950	1.79444083e+09
0.0450	0.0750	0.1050	1.99833592e+09
0.0450	0.0750	0.1150	2.22458951e+09
0.0450	0.0750	0.1250	4.11145635e+09
0.0450	0.0850	0.0850	1.97799329e+09
0.0450	0.0850	0.0950	1.87117264e+09
0.0450	0.0850	0.1050	1.62036999e+09
0.0450	0.0850	0.1150	1.83052487e+09
0.0450	0.0850	0.1250	2.34994552e+09
0.0450	0.0850	0.1350	3.06127452e+09
0.0450	0.0950	0.0950	7.07233604e+08
0.0450	0.0950	0.1050	1.12834578e+09
0.0450	0.0950	0.1150	1.17870458e+09
0.0450	0.0950	0.1250	1.36447511e+09
0.0450	0.0950	0.1350	1.59720790e+09
0.0450	0.0950	0.1450	2.34853385e+09
0.0450	0.1050	0.1050	7.16978012e+08
0.0450	0.1050	0.1150	1.36814754e+09
0.0450	0.1050	0.1250	1.03406891e+09
0.0450	0.1050	0.1350	1.21572675e+09
0.0450	0.1050	0.1450	1.90040993e+09
0.0450	0.1150	0.1150	1.20006270e+09
0.0450	0.1150	0.1250	1.48260926e+09
0.0450	0.1150	0.1350	1.04213358e+09
0.0450	0.1150	0.1450	1.17338583e+09
0.0450	0.1250	0.1250	9.91222521e+08
0.0450	0.1250	0.1350	9.25411480e+08
0.0450	0.1250	0.1450	1.42558799e+09
0.0450	0.1350	0.1350	9.76596153e+08
0.0450	0.1350	0.1450	8.97954261e+08
0.0450	0.1450	0.1450	9.66300923e+08
0.0550	0.0550	0.0550	2.23047901e+09
0.0550	0.0550	0.0650	2.05807415e+09
0.0550	0.0550	0.0750	2.39441722e+09
0.0550	0.0550	0.0850	2.60883984e+09
0.0550	0.0550	0.0950	3.54416893e+09
0.0550	0.0550	0.1050	2.59232479e+09
0.0550	0.0550	0.1150	4.97189753e+09
0.0550	0.0650	0.0650	5.41373753e+08
0.0550	0.0650	0.0750	2.20848626e+09
0.0550	0.0650	0.0850	1.57064359e+09
0.0550	0.0650	0.0950	2.16956039e+09
0.0550	0.0650	0.1050	1.97456993e+09
0.0550	0.0650	0.1150	2.48893025e+09
0.0550	0.0650	0.1250	3.51570047e+09
0.0550	0.0750	0.0750	1.24960981e+09
0.0550	0.0750	0.0850	1.90582749e+09
0.0550	0.0750	0.0950	1.43668117e+09
0.0550	0.0750	0.1050	1.91042846e+09
0.0550	0.0750	0.1150	2.40506099e+09
0.0550	0.0750	0.1250	2.05745649e+09
0.0550	0.0750	0.1350	2.30992586e+09
0.0550	0.0850	0.0850	1.43487971e+09
0.0550	0.0850	0.0950	1.35734449e+09
0.0550	0.0850	0.1050	1.45030536e+09
0.0550	0.0850	0.1150	1.53490636e+09
0.0550	0.0850	0.1250	1.24666535e+09
0.0550	0.0850	0.1350	1.93279290e+09
0.0550	0.0850	0.1450	1.67327996e+09
0.0550	0.0950	0.0950	9.89768109e+08
0.0550	0.0950	0.1050	8.82959752e+08
0.0550	0.0950	0.1150	1.03157891e+09
0.0550	0.0950	0.1250	1.30707566e+09
0.0550	0.0950	0.1350	1.33619057e+09
0.0550	0.0950	0.1450	1.45447679e+09
0.0550	0.1050	0.1050	1.03797327e+09
0.0550	0.1050	0.1150	1.01512269e+09
0.0550	0.1050	0.1250	1.18948391e+09
0.0550	0.1050	0.1350	1.20288959e+09
0.0550	0.1050	0.1450	1.15777837e+09
0.0550	0.1150	0.1150	9.02961012e+08
0.0550	0.1150	0.1250	8.28245334e+08
0.0550	0.1150	0.1350	8.12018815e+08
0.0550	0.1150	0.1450	1.18274367e+09
0.0550	0.1250	0.1250	6.21450075e+08
0.0550	0.1250	0.1350	1.00885848e+09
0.0550	0.1250	0.1450	9.28493160e+08
0.0550	0.1350	0.1350	5.64740659e+08
0.0550	0.1350	0.1450	9.00704777e+08
0.0550	0.1450	0.1450	8.94656641e+08
0.0650	0.0650	0.0650	5.53548708e+08
0.0650	0.0650	0.0750	8.56923341e+08
0.0650	0.0650	0.0850	3.32322018e+08
0.0650	0.0650	0.0950	1.45721955e+09
0.0650	0.0650	0.1050	1.32316406e+09
0.0650	0.0650	0.1150	1.46245519e+09
0.0650	0.0650	0.1250	2.24453563e+09
0.0650	0.0650	0.1350	1.05021007e+09
0.0650	0.0750	0.0750	7.30329656e+08
0.0650	0.0750	0.0850	1.36115982e+09
0.0650	0.0750	0.0950	1.58979103e+09
0.0650	0.0750	0.1050	1.00251758e+09
0.0650	0.0750	0.1150	1.50842693e+09
0.0650	0.0750	0.1250	1.61632588e+09
0.0650	0.0750	0.1350	2.09092177e+09
0.0650	0.0750	0.1450	2.21111695e+09
0.0650	0.0850	0.0850	1.81242092e+09
0.0650	0.0850	0.0950	1.26098882e+09
0.0650	0.0850	0.1050	8.68450910e+08
0.0650	0.0850	0.1150	1.10784332e+09
0.0650	0.0850	0.1250	1.41234258e+09
0.0650	0.0850	0.1350	1.33198897e+09
0.0650	0.0850	0.1450	1.63336779e+09
0.0650	0.0950	0.0950	1.23323085e+09
0.0650	0.0950	0.1050	1.04602038e+09
0.0650	0.0950	0.1150	9.76921490e+08
0.0650	0.0950	0.1250	8.80559505e+08
0.0650	0.0950	0.1350	1.12312893e+09
0.0650	0.0950	0.1450	1.27758193e+09
0.0650	0.1050	0.1050	9.75563964e+08
0.0650	0.1050	0.1150	8.98077761e+08
0.0650	0.1050	0.1250	1.05405294e+09
0.0650	0.1050	0.1350	7.71697464e+08
0.0650	0.1050	0.1450	1.00356444e+09
0.0650	0.1150	0.1150	9.64525867e+08
0.0650	0.1150	0.1250	7.55413022e+08
0.0650	0.1150	0.1350	8.27167398e+08
0.0650	0.1150	0.1450	8.99886647e+08
0.0650	0.1250	0.1250	8.26100349e+08
0.0650	0.1250	0.1350	6.29857926e+08
0.0650	0.1250	0.1450	8.17769310e+08
0.0650	0.1350	0.1350	7.33147835e+08
0.0650	0.1350	0.1450	7.17249171e+08
0.0650	0.1450	0.1450	4.76233237e+08
0.0750	0.0750	0.0750	4.87637218e+08
0.0750	0.0750	0.0850	1.02825859e+09
0.0750	0.0750	0.0950	1.14856412e+09
0.0750	0.0750	0.1050	9.24693217e+08
0.0750	0.0750	0.1150	8.35291020e+08
0.0750	0.0750	0.1250	9.88470573e+08
0.0750	0.0750	0.1350	1.29222453e+09
0.0750	0.0750	0.1450	1.69313734e+09
0.0750	0.0850	0.0850	8.70411281e+08
0.0750	0.0850	0.0950	7.43609951e+08
0.0750	0.0850	0.1050	9.25123366e+08
0.0750	0.0850	0.1150	1.04447029e+09
0.0750	0.0850	0.1250	1.05621695e+09
0.0750	0.0850	0.1350	9.25890249e+08
0.0750	0.0850	0.1450	1.45684085e+09
0.0750	0.0950	0.0950	1.15002225e+09
0.0750	0.0950	0.1050	6.36383405e+08
0.0750	0.0950	0.1150	9.59422429e+08
0.0750	0.0950	0.1250	9.52558951e+08
0.0750	0.0950	0.1350	1.03669107e+09
0.0750	0.0950	0.1450	1.04559677e+09
0.0750	0.1050	0.1050	8.75478320e+08
0.0750	0.1050	0.1150	6.15086865e+08
0.0750	0.1050	0.1250	8.06200986e+08
0.0750	0.1050	0.1350	7.65551922e+08
0.0750	0.1050	0.1450	7.84676841e+08
0.0750	0.1150	0.1150	7.48192956e+08
0.0750	0.1150	0.1250	6.19606549e+08
0.0750	0.1150	0.1350	7.13245339e+08
0.0750	0.1150	0.1450	7.41318332e+08
0.0750	0.1250	0.1250	7.07042189e+08
0.0750	0.1250	0.1350	6.75939425e+08
0.0750	0.1250	0.1450	3.25758568e+08
0.0750	0.1350	0.1350	7.42220884e+08
0.0750	0.1350	0.1450	6.47638963e+08
0.0750	0.1450	0.1450	5.49466071e+08
0.0850	0.0850	0.0850	1.22890558e+09
0.0850	0.0850	0.0950	1.03044301e+09
0.0850	0.0850	0.1050	9.99774212e+08
0.0850	0.0850	0.1150	6.95009495e+08
0.0850	0.0850	0.1250	7.99903875e+08
0.0850	0.0850	0.1350	9.55832209e+08
0.0850	0.0850	0.1450	9.60806776e+08
0.0850	0.0950	0.0950	6.82652579e+08
0.0850	0.0950	0.1050	5.89933079e+08
0.0850	0.0950	0.1150	6.95798032e+08
0.0850	0.0950	0.1250	5.22857439e+08
0.0850	0.0950	0.1350	7.15484794e+08
0.0850	0.0950	0.1450	6.48538768e+08
0.0850	0.1050	0.1050	6.35752998e+08
0.0850	0.1050	0.1150	6.47883064e+08
0.0850	0.1050	0.1250	6.59705547e+08
0.0850	0.1050	0.1350	6.40998250e+08
0.0850	0.1050	0.1450	8.10026435e+08
0.0850	0.1150	0.1150	6.18742982e+08
0.0850	0.1150	0.1250	7.53513348e+08
0.0850	0.1150	0.1350	5.62522339e+08
0.0850	0.1150	0.1450	5.95602922e+08
0.0850	0.1250	0.1250	4.96767705e+08
0.0850	0.1250	0.1350	6.54359003e+08
0.0850	0.1250	0.1450	4.79944844e+08
0.0850	0.1350	0.1350	5.45820589e+08
0.0850	0.1350	0.1450	5.16335603e+08
0.0850	0.1450	0.1450	5.12073059e+08
0.0950	0.0950	0.0950	9.33204882e+08
0.0950	0.0950	0.1050	6.27694565e+08
0.0950	0.0950	0.1150	4.70245837e+08
0.0950	0.0950	0.1250	8.48740763e+08
0.0950	0.0950	0.1350	7.00643851e+08
0.0950	0.0950	0.1450	6.94479972e+08
0.0950	0.1050	0.1050	5.20091835e+08
0.0950	0.1050	0.1150	7.34091997e+08
0.0950	0.1050	0.1250	5.06350517e+08
0.0950	0.1050	0.1350	5.60135994e+08
0.0950	0.1050	0.1450	5.15912610e+08
0.0950	0.1150	0.1150	5.46229806e+08
0.0950	0.1150	0.1250	3.69219790e+08
0.0950	0.1150	0.1350	6.75013347e+08
0.0950	0.1150	0.1450	5.81180442e+08
0.0950	0.1250	0.1250	4.82275694e+08
0.0950	0.1250	0.1350	5.18115223e+08
0.0950	0.1250	0.1450	4.60847232e+08
0.0950	0.1350	0.1350	4.31525293e+08
0.0950	0.1350	0.1450	4.52489438e+08
0.0950	0.1450	0.1450	5.76231144e+08
0.1050	0.1050	0.1050	4.02029800e+08
0.1050	0.1050	0.1150	6.05735489e+08
0.1050	0.1050	0.1250	4.30939450e+08
0.1050	0.1050	0.1350	5.47802169e+08
0.1050	0.1050	0.1450	4.95681216e+08
0.1050	0.1150	0.1150	7.63611756e+08
0.1050	0.1150	0.1250	5.13047877e+08
0.1050	0.1150	0.1350	4.90033248e+08
0.1050	0.1150	0.1450	5.55278136e+08
0.1050	0.1250	0.1250	4.51134812e+08
0.1050	0.1250	0.1350	3.57940394e+08
0.1050	0.1250	0.1450	4.12631940e+08
0.1050	0.1350	0.1350	4.75956611e+08
0.1050	0.1350	0.1450	3.83024275e+08
0.1050	0.1450	0.1450	3.49658998e+08
0.1150	0.1150	0.1150	3.09847372e+08
0.1150	0.1150	0.1250	5.00504939e+08
0.1150	0.1150	0.1350	4.62693650e+08
0.1150	0.1150	0.1450	3.47603983e+08
0.1150	0.1250	0.1250	4.74286217e+08
0.1150	0.1250	0.1350	4.69228881e+08
0.1150	0.1250	0.1450	3.67989897e+08
0.1150	0.1350	0.1350	3.45972596e+08
0.1150	0.1350	0.1450	3.53722062e+08
0.1150	0.1450	0.1450	4.36462932e+08
0.1250	0.1250	0.1250	3.36597168e+08
0.1250	0.1250	0.1350	4.64101581e+08
0.1250	0.1250	0.1450	3.28061872e+08
0.1250	0.1350	0.1350	3.17532991e+08
0.1250	0.1350	0.1450	4.20292848e+08
0.1250	0.1450	0.1450	3.23415175e+08
0.1350	0.1350	0.1350	1.87264150e+08
0.1350	0.1350	0.1450	2.69511396e+08
0.1350	0.1450	0.1450	3.17359425e+08
0.1450	0.1450	0.1450	3.03493390e+08
