####### Bispectrum of Patchy Simulation 691 #############
# Patch: ngc
# z-type: z3
# Weights: fkp
# Fiducial Omega_m: 0.310
# Fiducial h: 0.676
# Boxsize: [1800.0, 3400.0, 1900.0]
# Grid: [170, 325, 180]
# k-binning: [0.000, 0.160, 0.010]
# Monte Carlo Simulations: 100
#
# Format: k1 | k2 | k3 | B(k1,k2,k3)
############################################
0.0150	0.0150	0.0150	-1.31795655e+10
0.0150	0.0150	0.0250	1.69498936e+10
0.0150	0.0150	0.0350	1.62947134e+10
0.0150	0.0250	0.0250	9.46054368e+09
0.0150	0.0250	0.0350	2.98719003e+09
0.0150	0.0250	0.0450	1.64610384e+10
0.0150	0.0350	0.0350	6.22691909e+09
0.0150	0.0350	0.0450	6.82003247e+09
0.0150	0.0350	0.0550	1.55081840e+10
0.0150	0.0450	0.0450	2.65221817e+09
0.0150	0.0450	0.0550	4.41839565e+09
0.0150	0.0450	0.0650	6.27025910e+09
0.0150	0.0550	0.0550	2.29766725e+09
0.0150	0.0550	0.0650	6.34163165e+09
0.0150	0.0550	0.0750	4.59595556e+09
0.0150	0.0650	0.0650	5.08328759e+09
0.0150	0.0650	0.0750	1.79209349e+09
0.0150	0.0650	0.0850	5.53982349e+09
0.0150	0.0750	0.0750	3.59973483e+09
0.0150	0.0750	0.0850	3.85767808e+09
0.0150	0.0750	0.0950	5.00519570e+09
0.0150	0.0850	0.0850	1.23584663e+09
0.0150	0.0850	0.0950	3.01716890e+09
0.0150	0.0850	0.1050	4.07361871e+09
0.0150	0.0950	0.0950	2.13574534e+09
0.0150	0.0950	0.1050	1.85268497e+09
0.0150	0.0950	0.1150	2.80195979e+08
0.0150	0.1050	0.1050	2.93218357e+09
0.0150	0.1050	0.1150	2.40486240e+09
0.0150	0.1050	0.1250	3.54391890e+09
0.0150	0.1150	0.1150	2.17357539e+09
0.0150	0.1150	0.1250	2.04639572e+09
0.0150	0.1150	0.1350	1.68520476e+09
0.0150	0.1250	0.1250	1.34657787e+09
0.0150	0.1250	0.1350	2.09520375e+09
0.0150	0.1250	0.1450	2.82616408e+09
0.0150	0.1350	0.1350	1.05788938e+09
0.0150	0.1350	0.1450	2.34164501e+09
0.0150	0.1450	0.1450	1.99959974e+09
0.0250	0.0250	0.0250	2.20868189e+08
0.0250	0.0250	0.0350	8.28868804e+09
0.0250	0.0250	0.0450	9.84975521e+09
0.0250	0.0250	0.0550	2.23728067e+09
0.0250	0.0350	0.0350	4.85591373e+09
0.0250	0.0350	0.0450	5.84566577e+09
0.0250	0.0350	0.0550	5.42713772e+09
0.0250	0.0350	0.0650	9.43816522e+09
0.0250	0.0450	0.0450	3.68516220e+09
0.0250	0.0450	0.0550	4.89587243e+09
0.0250	0.0450	0.0650	4.11646769e+09
0.0250	0.0450	0.0750	6.37143889e+09
0.0250	0.0550	0.0550	2.34918598e+09
0.0250	0.0550	0.0650	3.99494959e+09
0.0250	0.0550	0.0750	3.55588336e+09
0.0250	0.0550	0.0850	6.01764101e+09
0.0250	0.0650	0.0650	4.03947326e+09
0.0250	0.0650	0.0750	4.16346796e+09
0.0250	0.0650	0.0850	4.75042199e+09
0.0250	0.0650	0.0950	5.35052881e+09
0.0250	0.0750	0.0750	2.84552557e+09
0.0250	0.0750	0.0850	2.99089084e+09
0.0250	0.0750	0.0950	3.37792924e+09
0.0250	0.0750	0.1050	5.22189140e+09
0.0250	0.0850	0.0850	7.51944470e+08
0.0250	0.0850	0.0950	2.09536267e+09
0.0250	0.0850	0.1050	2.97061605e+09
0.0250	0.0850	0.1150	2.71064969e+09
0.0250	0.0950	0.0950	2.44493011e+09
0.0250	0.0950	0.1050	2.79741510e+09
0.0250	0.0950	0.1150	3.05272194e+09
0.0250	0.0950	0.1250	3.73635898e+09
0.0250	0.1050	0.1050	2.17019667e+09
0.0250	0.1050	0.1150	1.81479662e+09
0.0250	0.1050	0.1250	1.91466075e+09
0.0250	0.1050	0.1350	2.58577091e+09
0.0250	0.1150	0.1150	1.61744147e+09
0.0250	0.1150	0.1250	1.73229995e+09
0.0250	0.1150	0.1350	2.38049947e+09
0.0250	0.1150	0.1450	2.15112676e+09
0.0250	0.1250	0.1250	1.67005494e+09
0.0250	0.1250	0.1350	1.52466930e+09
0.0250	0.1250	0.1450	1.95805668e+09
0.0250	0.1350	0.1350	1.59515150e+09
0.0250	0.1350	0.1450	1.19221438e+09
0.0250	0.1450	0.1450	1.56934465e+09
0.0350	0.0350	0.0350	1.10973343e+10
0.0350	0.0350	0.0450	3.34298185e+09
0.0350	0.0350	0.0550	3.18135306e+09
0.0350	0.0350	0.0650	8.55078613e+09
0.0350	0.0350	0.0750	7.87998266e+08
0.0350	0.0450	0.0450	2.44272088e+09
0.0350	0.0450	0.0550	3.27715547e+09
0.0350	0.0450	0.0650	3.59280438e+09
0.0350	0.0450	0.0750	4.47293219e+09
0.0350	0.0450	0.0850	4.37107755e+09
0.0350	0.0550	0.0550	4.10910432e+09
0.0350	0.0550	0.0650	3.52287463e+09
0.0350	0.0550	0.0750	3.74017695e+09
0.0350	0.0550	0.0850	4.33889226e+09
0.0350	0.0550	0.0950	4.97471636e+09
0.0350	0.0650	0.0650	3.49372957e+09
0.0350	0.0650	0.0750	3.04560602e+09
0.0350	0.0650	0.0850	3.97051362e+09
0.0350	0.0650	0.0950	3.72677545e+09
0.0350	0.0650	0.1050	3.08521903e+09
0.0350	0.0750	0.0750	1.77554979e+09
0.0350	0.0750	0.0850	1.90586324e+09
0.0350	0.0750	0.0950	2.84650410e+09
0.0350	0.0750	0.1050	3.47599331e+09
0.0350	0.0750	0.1150	2.67604275e+09
0.0350	0.0850	0.0850	2.50692216e+09
0.0350	0.0850	0.0950	2.33082352e+09
0.0350	0.0850	0.1050	2.32874853e+09
0.0350	0.0850	0.1150	3.12086391e+09
0.0350	0.0850	0.1250	2.77033601e+09
0.0350	0.0950	0.0950	2.23438601e+09
0.0350	0.0950	0.1050	1.60453281e+09
0.0350	0.0950	0.1150	2.12812865e+09
0.0350	0.0950	0.1250	2.50708915e+09
0.0350	0.0950	0.1350	1.57818923e+09
0.0350	0.1050	0.1050	2.32881519e+09
0.0350	0.1050	0.1150	1.36336726e+09
0.0350	0.1050	0.1250	1.71071498e+09
0.0350	0.1050	0.1350	2.24187019e+09
0.0350	0.1050	0.1450	1.87383464e+09
0.0350	0.1150	0.1150	1.44714934e+09
0.0350	0.1150	0.1250	1.55385650e+09
0.0350	0.1150	0.1350	1.53274798e+09
0.0350	0.1150	0.1450	1.88347722e+09
0.0350	0.1250	0.1250	1.55652151e+09
0.0350	0.1250	0.1350	8.97132720e+08
0.0350	0.1250	0.1450	1.51521125e+09
0.0350	0.1350	0.1350	1.40717114e+09
0.0350	0.1350	0.1450	1.43418941e+09
0.0350	0.1450	0.1450	1.42886174e+09
0.0450	0.0450	0.0450	6.85644652e+09
0.0450	0.0450	0.0550	7.22397021e+07
0.0450	0.0450	0.0650	7.45285486e+08
0.0450	0.0450	0.0750	3.15227450e+09
0.0450	0.0450	0.0850	1.95030088e+09
0.0450	0.0450	0.0950	3.32708796e+09
0.0450	0.0550	0.0550	3.35646061e+09
0.0450	0.0550	0.0650	1.51683076e+09
0.0450	0.0550	0.0750	1.87008928e+09
0.0450	0.0550	0.0850	2.80800490e+09
0.0450	0.0550	0.0950	2.90206898e+09
0.0450	0.0550	0.1050	3.57076926e+09
0.0450	0.0650	0.0650	2.00072213e+09
0.0450	0.0650	0.0750	2.54512713e+09
0.0450	0.0650	0.0850	1.56002103e+09
0.0450	0.0650	0.0950	2.06362003e+09
0.0450	0.0650	0.1050	2.20994373e+09
0.0450	0.0650	0.1150	3.21732842e+09
0.0450	0.0750	0.0750	2.36100405e+09
0.0450	0.0750	0.0850	2.29708549e+09
0.0450	0.0750	0.0950	1.09256377e+09
0.0450	0.0750	0.1050	2.19316935e+09
0.0450	0.0750	0.1150	2.51833549e+09
0.0450	0.0750	0.1250	1.65881908e+09
0.0450	0.0850	0.0850	1.57972531e+09
0.0450	0.0850	0.0950	7.30595001e+08
0.0450	0.0850	0.1050	1.42466176e+09
0.0450	0.0850	0.1150	1.46149815e+09
0.0450	0.0850	0.1250	2.38229451e+09
0.0450	0.0850	0.1350	2.42763715e+09
0.0450	0.0950	0.0950	1.70949902e+09
0.0450	0.0950	0.1050	1.22554797e+09
0.0450	0.0950	0.1150	1.00378624e+09
0.0450	0.0950	0.1250	1.22708023e+09
0.0450	0.0950	0.1350	1.70076487e+09
0.0450	0.0950	0.1450	2.17484182e+09
0.0450	0.1050	0.1050	6.77047142e+08
0.0450	0.1050	0.1150	7.57995619e+08
0.0450	0.1050	0.1250	1.01668400e+09
0.0450	0.1050	0.1350	1.15215256e+09
0.0450	0.1050	0.1450	1.44906511e+09
0.0450	0.1150	0.1150	1.10331546e+09
0.0450	0.1150	0.1250	8.83180238e+08
0.0450	0.1150	0.1350	7.18117025e+08
0.0450	0.1150	0.1450	1.27438765e+09
0.0450	0.1250	0.1250	9.80824430e+08
0.0450	0.1250	0.1350	1.03817956e+09
0.0450	0.1250	0.1450	9.74770637e+08
0.0450	0.1350	0.1350	3.82257584e+08
0.0450	0.1350	0.1450	7.89045512e+08
0.0450	0.1450	0.1450	9.51410337e+08
0.0550	0.0550	0.0550	5.16194754e+09
0.0550	0.0550	0.0650	1.59788284e+09
0.0550	0.0550	0.0750	2.61538778e+09
0.0550	0.0550	0.0850	2.02535923e+09
0.0550	0.0550	0.0950	2.10293502e+09
0.0550	0.0550	0.1050	2.53037794e+09
0.0550	0.0550	0.1150	2.57452402e+09
0.0550	0.0650	0.0650	2.10548229e+09
0.0550	0.0650	0.0750	1.80657869e+09
0.0550	0.0650	0.0850	1.86057909e+09
0.0550	0.0650	0.0950	1.78335897e+09
0.0550	0.0650	0.1050	1.96568433e+09
0.0550	0.0650	0.1150	2.04490170e+09
0.0550	0.0650	0.1250	2.79849788e+09
0.0550	0.0750	0.0750	2.49425974e+09
0.0550	0.0750	0.0850	1.41422089e+09
0.0550	0.0750	0.0950	1.48236937e+09
0.0550	0.0750	0.1050	1.15250756e+09
0.0550	0.0750	0.1150	1.98347631e+09
0.0550	0.0750	0.1250	2.07389169e+09
0.0550	0.0750	0.1350	2.40915736e+09
0.0550	0.0850	0.0850	1.47731829e+09
0.0550	0.0850	0.0950	1.42477266e+09
0.0550	0.0850	0.1050	1.55453773e+09
0.0550	0.0850	0.1150	1.34708661e+09
0.0550	0.0850	0.1250	1.59836285e+09
0.0550	0.0850	0.1350	1.68145681e+09
0.0550	0.0850	0.1450	2.30054832e+09
0.0550	0.0950	0.0950	7.82013104e+08
0.0550	0.0950	0.1050	1.17046052e+09
0.0550	0.0950	0.1150	1.36258404e+09
0.0550	0.0950	0.1250	9.82758206e+08
0.0550	0.0950	0.1350	1.47965157e+09
0.0550	0.0950	0.1450	1.49446250e+09
0.0550	0.1050	0.1050	9.10188510e+08
0.0550	0.1050	0.1150	1.18343931e+09
0.0550	0.1050	0.1250	9.27022350e+08
0.0550	0.1050	0.1350	1.30468511e+09
0.0550	0.1050	0.1450	1.06947806e+09
0.0550	0.1150	0.1150	8.43656827e+08
0.0550	0.1150	0.1250	8.80641133e+08
0.0550	0.1150	0.1350	9.06134929e+08
0.0550	0.1150	0.1450	1.06544103e+09
0.0550	0.1250	0.1250	8.55250105e+08
0.0550	0.1250	0.1350	9.15267530e+08
0.0550	0.1250	0.1450	8.75296035e+08
0.0550	0.1350	0.1350	8.28902261e+08
0.0550	0.1350	0.1450	8.39148520e+08
0.0550	0.1450	0.1450	5.28312319e+08
0.0650	0.0650	0.0650	1.97734119e+09
0.0650	0.0650	0.0750	1.57793147e+09
0.0650	0.0650	0.0850	5.72453787e+08
0.0650	0.0650	0.0950	2.14871202e+09
0.0650	0.0650	0.1050	1.85392170e+09
0.0650	0.0650	0.1150	2.58523420e+09
0.0650	0.0650	0.1250	2.02299532e+09
0.0650	0.0650	0.1350	2.44554407e+09
0.0650	0.0750	0.0750	1.24342853e+09
0.0650	0.0750	0.0850	2.03947644e+09
0.0650	0.0750	0.0950	9.06438242e+08
0.0650	0.0750	0.1050	1.40611829e+09
0.0650	0.0750	0.1150	1.04149563e+09
0.0650	0.0750	0.1250	1.79173164e+09
0.0650	0.0750	0.1350	2.01593046e+09
0.0650	0.0750	0.1450	1.43707785e+09
0.0650	0.0850	0.0850	1.07522972e+09
0.0650	0.0850	0.0950	1.61414662e+09
0.0650	0.0850	0.1050	9.42782684e+08
0.0650	0.0850	0.1150	1.45819618e+09
0.0650	0.0850	0.1250	1.43950571e+09
0.0650	0.0850	0.1350	1.48969043e+09
0.0650	0.0850	0.1450	1.84324170e+09
0.0650	0.0950	0.0950	9.67938674e+08
0.0650	0.0950	0.1050	8.85638394e+08
0.0650	0.0950	0.1150	1.00398718e+09
0.0650	0.0950	0.1250	9.51940002e+08
0.0650	0.0950	0.1350	1.26903523e+09
0.0650	0.0950	0.1450	1.24794228e+09
0.0650	0.1050	0.1050	1.64760393e+09
0.0650	0.1050	0.1150	8.72097739e+08
0.0650	0.1050	0.1250	1.07829608e+09
0.0650	0.1050	0.1350	7.03860697e+08
0.0650	0.1050	0.1450	1.12267637e+09
0.0650	0.1150	0.1150	1.09570402e+09
0.0650	0.1150	0.1250	7.59750276e+08
0.0650	0.1150	0.1350	7.95319823e+08
0.0650	0.1150	0.1450	9.65693606e+08
0.0650	0.1250	0.1250	1.05228906e+09
0.0650	0.1250	0.1350	8.25461387e+08
0.0650	0.1250	0.1450	1.02215984e+09
0.0650	0.1350	0.1350	8.37808104e+08
0.0650	0.1350	0.1450	6.36845999e+08
0.0650	0.1450	0.1450	5.07632490e+08
0.0750	0.0750	0.0750	1.34875648e+09
0.0750	0.0750	0.0850	5.58119126e+08
0.0750	0.0750	0.0950	1.67105414e+09
0.0750	0.0750	0.1050	1.02549668e+09
0.0750	0.0750	0.1150	1.75667446e+09
0.0750	0.0750	0.1250	1.29543671e+09
0.0750	0.0750	0.1350	1.48620130e+09
0.0750	0.0750	0.1450	1.58903996e+09
0.0750	0.0850	0.0850	1.60332629e+09
0.0750	0.0850	0.0950	1.09234825e+09
0.0750	0.0850	0.1050	9.82062037e+08
0.0750	0.0850	0.1150	8.16813890e+08
0.0750	0.0850	0.1250	9.23801295e+08
0.0750	0.0850	0.1350	1.15129823e+09
0.0750	0.0850	0.1450	1.12928439e+09
0.0750	0.0950	0.0950	1.32179013e+09
0.0750	0.0950	0.1050	7.89535908e+08
0.0750	0.0950	0.1150	1.07159097e+09
0.0750	0.0950	0.1250	1.21427527e+09
0.0750	0.0950	0.1350	9.48859715e+08
0.0750	0.0950	0.1450	1.01838683e+09
0.0750	0.1050	0.1050	9.18185550e+08
0.0750	0.1050	0.1150	7.45500880e+08
0.0750	0.1050	0.1250	7.94682927e+08
0.0750	0.1050	0.1350	1.05942705e+09
0.0750	0.1050	0.1450	8.00901638e+08
0.0750	0.1150	0.1150	8.82778481e+08
0.0750	0.1150	0.1250	8.49331991e+08
0.0750	0.1150	0.1350	6.78735060e+08
0.0750	0.1150	0.1450	6.54367112e+08
0.0750	0.1250	0.1250	9.00406431e+08
0.0750	0.1250	0.1350	8.01393689e+08
0.0750	0.1250	0.1450	8.34097876e+08
0.0750	0.1350	0.1350	7.32019214e+08
0.0750	0.1350	0.1450	7.10342694e+08
0.0750	0.1450	0.1450	6.54471719e+08
0.0850	0.0850	0.0850	4.11788223e+08
0.0850	0.0850	0.0950	1.15260841e+09
0.0850	0.0850	0.1050	7.47317032e+08
0.0850	0.0850	0.1150	1.22768627e+09
0.0850	0.0850	0.1250	1.08864431e+09
0.0850	0.0850	0.1350	1.05057323e+09
0.0850	0.0850	0.1450	1.06990310e+09
0.0850	0.0950	0.0950	6.19244024e+08
0.0850	0.0950	0.1050	9.70260102e+08
0.0850	0.0950	0.1150	7.70767546e+08
0.0850	0.0950	0.1250	6.55128812e+08
0.0850	0.0950	0.1350	7.63130888e+08
0.0850	0.0950	0.1450	7.77779997e+08
0.0850	0.1050	0.1050	9.42462520e+08
0.0850	0.1050	0.1150	6.71696813e+08
0.0850	0.1050	0.1250	7.62299829e+08
0.0850	0.1050	0.1350	7.04158667e+08
0.0850	0.1050	0.1450	5.83698256e+08
0.0850	0.1150	0.1150	5.58303942e+08
0.0850	0.1150	0.1250	7.63993193e+08
0.0850	0.1150	0.1350	7.17102763e+08
0.0850	0.1150	0.1450	8.01290443e+08
0.0850	0.1250	0.1250	7.13039777e+08
0.0850	0.1250	0.1350	4.63972852e+08
0.0850	0.1250	0.1450	6.69990131e+08
0.0850	0.1350	0.1350	6.03557490e+08
0.0850	0.1350	0.1450	5.71197669e+08
0.0850	0.1450	0.1450	6.88705239e+08
0.0950	0.0950	0.0950	9.33449818e+07
0.0950	0.0950	0.1050	1.09851066e+09
0.0950	0.0950	0.1150	3.94420032e+08
0.0950	0.0950	0.1250	6.91052432e+08
0.0950	0.0950	0.1350	7.16430119e+08
0.0950	0.0950	0.1450	7.14091246e+08
0.0950	0.1050	0.1050	4.05697840e+08
0.0950	0.1050	0.1150	5.96196958e+08
0.0950	0.1050	0.1250	5.94623081e+08
0.0950	0.1050	0.1350	7.60959126e+08
0.0950	0.1050	0.1450	7.56391690e+08
0.0950	0.1150	0.1150	5.87761910e+08
0.0950	0.1150	0.1250	5.66548194e+08
0.0950	0.1150	0.1350	6.11981236e+08
0.0950	0.1150	0.1450	4.80445437e+08
0.0950	0.1250	0.1250	5.82621859e+08
0.0950	0.1250	0.1350	5.96665646e+08
0.0950	0.1250	0.1450	5.82680487e+08
0.0950	0.1350	0.1350	6.34175511e+08
0.0950	0.1350	0.1450	4.86802422e+08
0.0950	0.1450	0.1450	4.79886171e+08
0.1050	0.1050	0.1050	8.01300978e+08
0.1050	0.1050	0.1150	6.52421474e+08
0.1050	0.1050	0.1250	5.62452343e+08
0.1050	0.1050	0.1350	5.04475698e+08
0.1050	0.1050	0.1450	4.63159257e+08
0.1050	0.1150	0.1150	5.26247209e+08
0.1050	0.1150	0.1250	5.85615053e+08
0.1050	0.1150	0.1350	5.46971554e+08
0.1050	0.1150	0.1450	5.21232979e+08
0.1050	0.1250	0.1250	6.12218692e+08
0.1050	0.1250	0.1350	4.61789632e+08
0.1050	0.1250	0.1450	4.87865159e+08
0.1050	0.1350	0.1350	5.24594982e+08
0.1050	0.1350	0.1450	5.08942918e+08
0.1050	0.1450	0.1450	5.09009644e+08
0.1150	0.1150	0.1150	4.63834871e+08
0.1150	0.1150	0.1250	4.77706790e+08
0.1150	0.1150	0.1350	4.40837029e+08
0.1150	0.1150	0.1450	4.44385701e+08
0.1150	0.1250	0.1250	5.26625133e+08
0.1150	0.1250	0.1350	5.10437831e+08
0.1150	0.1250	0.1450	4.85061681e+08
0.1150	0.1350	0.1350	5.16696794e+08
0.1150	0.1350	0.1450	4.00852262e+08
0.1150	0.1450	0.1450	3.06230522e+08
0.1250	0.1250	0.1250	1.13720980e+08
0.1250	0.1250	0.1350	5.43452126e+08
0.1250	0.1250	0.1450	4.35787828e+08
0.1250	0.1350	0.1350	4.17094464e+08
0.1250	0.1350	0.1450	4.96688070e+08
0.1250	0.1450	0.1450	4.69852254e+08
0.1350	0.1350	0.1350	3.47068236e+08
0.1350	0.1350	0.1450	4.39673147e+08
0.1350	0.1450	0.1450	3.02553050e+08
0.1450	0.1450	0.1450	3.13502087e+08
