####### Bispectrum of patchy_s1_ Simulation 1986 #############
# Weights: FKP
# Fiducial Omega_m: 0.310
# Fiducial h: 0.676
# Boxsize: [1000.0, 1900.0, 1100.0]
# Grid: [95, 250, 140]
# k-binning: [0.000, 0.110, 0.010]
# l-max: 4
# Monte Carlo Simulations: 100
#
# Format: k1 | k2 | k3 | B(k1,k2,k3) | B2(k1,k2,k3) | B4(k1,k2,k3)
############################################
0.0150	0.0150	0.0150	-5.38243700e+09	3.42648723e+10	-7.52988616e+10
0.0150	0.0150	0.0250	-9.46266021e+09	-7.16192696e+10	-3.76645832e+10
0.0150	0.0250	0.0250	3.04593878e+10	-3.30735949e+10	-7.70198834e+09
0.0150	0.0250	0.0350	8.33602597e+09	-6.85109446e+09	1.59753762e+10
0.0150	0.0350	0.0350	-1.68969161e+09	-1.68106597e+10	-1.73804467e+10
0.0150	0.0350	0.0450	3.79503083e+09	1.34208304e+10	2.08429301e+10
0.0150	0.0450	0.0450	1.47711254e+10	4.48175718e+10	-2.06460096e+10
0.0150	0.0450	0.0550	1.23285968e+10	-4.47915492e+09	-5.87148049e+09
0.0150	0.0550	0.0550	7.99427611e+08	-6.07137865e+09	2.09883050e+10
0.0150	0.0550	0.0650	5.42727322e+09	-5.83748429e+09	-1.75133397e+09
0.0150	0.0650	0.0650	1.30317188e+10	1.55284473e+10	1.38805216e+09
0.0150	0.0650	0.0750	3.70462921e+09	-1.92169098e+09	2.28301068e+10
0.0150	0.0750	0.0750	2.48135146e+09	4.07075295e+09	-3.80169530e+09
0.0250	0.0250	0.0250	1.79851816e+10	-1.56383231e+10	-2.07592143e+10
0.0250	0.0250	0.0350	5.79510648e+09	1.19251594e+10	-6.57315010e+09
0.0250	0.0250	0.0450	5.27585923e+09	-3.24019487e+10	2.88995575e+09
0.0250	0.0350	0.0350	1.95297546e+10	2.34362956e+09	8.39444234e+09
0.0250	0.0350	0.0450	8.80419767e+09	-1.37390202e+10	-1.71225724e+08
0.0250	0.0350	0.0550	1.48510928e+10	-3.29525442e+09	2.53775178e+10
0.0250	0.0450	0.0450	1.04853832e+10	1.08131472e+10	-1.14362520e+10
0.0250	0.0450	0.0550	2.27390737e+09	-3.28359299e+08	9.38246221e+09
0.0250	0.0450	0.0650	1.09919169e+10	1.13959908e+10	5.17950482e+06
0.0250	0.0550	0.0550	1.21780649e+10	-3.29234679e+08	-1.47382830e+10
0.0250	0.0550	0.0650	4.34064298e+09	7.31089916e+09	-1.48046113e+09
0.0250	0.0550	0.0750	5.51856998e+09	4.29690417e+09	4.79012752e+09
0.0250	0.0650	0.0650	2.26862398e+09	-5.74987290e+09	-3.05589076e+08
0.0250	0.0650	0.0750	1.05587187e+09	-3.97804349e+09	-1.04354939e+09
0.0250	0.0750	0.0750	5.93220277e+09	7.03631627e+09	-6.58380669e+09
0.0350	0.0350	0.0350	7.48487934e+09	7.90100116e+09	6.88392610e+09
0.0350	0.0350	0.0450	1.05713609e+10	1.43733490e+10	-1.01578887e+10
0.0350	0.0350	0.0550	-2.63252455e+09	1.56309327e+07	1.60070324e+09
0.0350	0.0350	0.0650	9.78706689e+08	1.01653354e+10	1.49238826e+10
0.0350	0.0450	0.0450	8.21578069e+08	1.53793143e+10	-2.18296625e+09
0.0350	0.0450	0.0550	7.20473110e+09	4.22112175e+09	-1.46001692e+10
0.0350	0.0450	0.0650	1.06192836e+09	6.18456989e+08	1.13689703e+10
0.0350	0.0450	0.0750	7.61711203e+08	-4.16066460e+09	8.58309507e+09
0.0350	0.0550	0.0550	1.60710031e+09	-4.63185406e+09	-5.88470013e+09
0.0350	0.0550	0.0650	4.15361372e+09	8.04001183e+09	4.38218676e+09
0.0350	0.0550	0.0750	3.62588642e+09	6.17357582e+08	-2.48119572e+09
0.0350	0.0650	0.0650	9.52480039e+08	3.39328293e+08	3.08310802e+09
0.0350	0.0650	0.0750	3.85031539e+09	1.65377982e+09	1.78498298e+08
0.0350	0.0750	0.0750	2.18465878e+09	-8.73468970e+08	-2.52133826e+09
0.0450	0.0450	0.0450	-2.46360781e+08	-8.48792759e+09	1.68687262e+09
0.0450	0.0450	0.0550	2.87599517e+09	9.78971674e+09	-1.25126175e+10
0.0450	0.0450	0.0650	3.30103516e+09	3.54519643e+09	4.41385239e+09
0.0450	0.0450	0.0750	6.58445155e+09	4.57228382e+09	1.61469172e+09
0.0450	0.0550	0.0550	1.36142501e+09	1.38870975e+08	4.66788178e+09
0.0450	0.0550	0.0650	1.14172679e+09	8.24999769e+08	-6.97114061e+09
0.0450	0.0550	0.0750	1.14193287e+09	-7.76178680e+08	-2.42178643e+08
0.0450	0.0650	0.0650	3.11084203e+09	1.98320379e+08	8.07374468e+08
0.0450	0.0650	0.0750	1.24017781e+09	9.62147688e+08	3.97999189e+09
0.0450	0.0750	0.0750	6.73207102e+08	1.71058715e+09	2.52045623e+09
0.0550	0.0550	0.0550	2.57293102e+06	7.06442062e+08	1.91791274e+09
0.0550	0.0550	0.0650	8.55596951e+08	-1.96256497e+08	5.47331034e+09
0.0550	0.0550	0.0750	1.06439579e+09	3.01082132e+08	-5.32399478e+09
0.0550	0.0650	0.0650	2.95877066e+09	3.24962594e+09	2.91127952e+09
0.0550	0.0650	0.0750	2.17561302e+09	-2.14431695e+09	1.45159582e+09
0.0550	0.0750	0.0750	-2.68141422e+08	2.70396611e+09	-5.57640120e+08
0.0650	0.0650	0.0650	2.97682500e+08	-1.86005629e+09	4.75318891e+08
0.0650	0.0650	0.0750	-9.01632525e+08	-2.20336433e+09	3.48218365e+09
0.0650	0.0750	0.0750	1.51230417e+09	-2.05931426e+09	1.47702874e+09
0.0750	0.0750	0.0750	3.02469222e+09	1.17858992e+09	-4.41616431e+08
