####### Bispectrum of Patchy Simulation 950 #############
# Patch: ngc
# z-type: z3
# Weights: fkp
# Fiducial Omega_m: 0.310
# Fiducial h: 0.676
# Boxsize: [1800.0, 3400.0, 1900.0]
# Grid: [170, 325, 180]
# k-binning: [0.000, 0.160, 0.010]
# Monte Carlo Simulations: 100
#
# Format: k1 | k2 | k3 | B(k1,k2,k3)
############################################
0.0150	0.0150	0.0150	2.71204478e+10
0.0150	0.0150	0.0250	-1.28626135e+10
0.0150	0.0150	0.0350	-4.96903978e+10
0.0150	0.0250	0.0250	1.06284367e+10
0.0150	0.0250	0.0350	8.24788209e+09
0.0150	0.0250	0.0450	-5.51837719e+09
0.0150	0.0350	0.0350	9.75240836e+09
0.0150	0.0350	0.0450	2.84252089e+09
0.0150	0.0350	0.0550	1.37999204e+10
0.0150	0.0450	0.0450	7.68787168e+09
0.0150	0.0450	0.0550	1.79782395e+09
0.0150	0.0450	0.0650	1.36282752e+10
0.0150	0.0550	0.0550	5.23382673e+09
0.0150	0.0550	0.0650	3.77931095e+09
0.0150	0.0550	0.0750	4.06890726e+09
0.0150	0.0650	0.0650	1.72757210e+09
0.0150	0.0650	0.0750	5.30954863e+09
0.0150	0.0650	0.0850	2.46768120e+09
0.0150	0.0750	0.0750	3.83434146e+09
0.0150	0.0750	0.0850	4.33009245e+09
0.0150	0.0750	0.0950	4.09361696e+09
0.0150	0.0850	0.0850	3.13906356e+09
0.0150	0.0850	0.0950	2.22363953e+09
0.0150	0.0850	0.1050	1.78281627e+09
0.0150	0.0950	0.0950	2.04928397e+09
0.0150	0.0950	0.1050	2.59134475e+09
0.0150	0.0950	0.1150	1.71628513e+09
0.0150	0.1050	0.1050	2.44063192e+09
0.0150	0.1050	0.1150	1.20025498e+09
0.0150	0.1050	0.1250	3.40084406e+09
0.0150	0.1150	0.1150	1.92339017e+09
0.0150	0.1150	0.1250	2.30744580e+09
0.0150	0.1150	0.1350	2.59151862e+09
0.0150	0.1250	0.1250	1.56872371e+09
0.0150	0.1250	0.1350	2.49200580e+09
0.0150	0.1250	0.1450	1.37203452e+09
0.0150	0.1350	0.1350	1.91424240e+09
0.0150	0.1350	0.1450	1.64095194e+09
0.0150	0.1450	0.1450	1.53771687e+09
0.0250	0.0250	0.0250	1.74535209e+10
0.0250	0.0250	0.0350	4.75409241e+09
0.0250	0.0250	0.0450	5.82903910e+09
0.0250	0.0250	0.0550	1.57123540e+10
0.0250	0.0350	0.0350	3.37484978e+09
0.0250	0.0350	0.0450	7.73677862e+09
0.0250	0.0350	0.0550	5.19851401e+09
0.0250	0.0350	0.0650	8.53644490e+09
0.0250	0.0450	0.0450	2.09187972e+08
0.0250	0.0450	0.0550	4.19764073e+09
0.0250	0.0450	0.0650	5.25339461e+09
0.0250	0.0450	0.0750	7.37746195e+09
0.0250	0.0550	0.0550	3.60233416e+09
0.0250	0.0550	0.0650	2.48409196e+09
0.0250	0.0550	0.0750	4.25810069e+09
0.0250	0.0550	0.0850	3.59029984e+09
0.0250	0.0650	0.0650	2.59538733e+09
0.0250	0.0650	0.0750	1.36481707e+09
0.0250	0.0650	0.0850	2.78120004e+09
0.0250	0.0650	0.0950	4.38528401e+09
0.0250	0.0750	0.0750	2.86504192e+09
0.0250	0.0750	0.0850	2.71349120e+09
0.0250	0.0750	0.0950	4.17443039e+09
0.0250	0.0750	0.1050	3.36843592e+09
0.0250	0.0850	0.0850	1.71788504e+09
0.0250	0.0850	0.0950	1.73022875e+09
0.0250	0.0850	0.1050	2.76636967e+09
0.0250	0.0850	0.1150	2.68272605e+09
0.0250	0.0950	0.0950	8.63829225e+08
0.0250	0.0950	0.1050	2.14469385e+09
0.0250	0.0950	0.1150	2.73224884e+09
0.0250	0.0950	0.1250	1.86816457e+09
0.0250	0.1050	0.1050	1.33633696e+09
0.0250	0.1050	0.1150	1.68850732e+09
0.0250	0.1050	0.1250	2.28702857e+09
0.0250	0.1050	0.1350	3.55254694e+09
0.0250	0.1150	0.1150	1.88642281e+09
0.0250	0.1150	0.1250	1.54640990e+09
0.0250	0.1150	0.1350	2.00731436e+09
0.0250	0.1150	0.1450	2.66373588e+09
0.0250	0.1250	0.1250	1.77028909e+09
0.0250	0.1250	0.1350	1.32298697e+09
0.0250	0.1250	0.1450	2.18196085e+09
0.0250	0.1350	0.1350	7.43364350e+08
0.0250	0.1350	0.1450	1.29067711e+09
0.0250	0.1450	0.1450	1.64963868e+09
0.0350	0.0350	0.0350	6.15351362e+09
0.0350	0.0350	0.0450	2.10547479e+09
0.0350	0.0350	0.0550	3.85320740e+09
0.0350	0.0350	0.0650	2.35248765e+09
0.0350	0.0350	0.0750	6.88063542e+09
0.0350	0.0450	0.0450	2.55703952e+09
0.0350	0.0450	0.0550	2.91717622e+09
0.0350	0.0450	0.0650	3.56618134e+09
0.0350	0.0450	0.0750	3.17576088e+09
0.0350	0.0450	0.0850	2.63155208e+09
0.0350	0.0550	0.0550	1.64456709e+09
0.0350	0.0550	0.0650	1.66285343e+09
0.0350	0.0550	0.0750	3.32820743e+09
0.0350	0.0550	0.0850	3.49054844e+09
0.0350	0.0550	0.0950	3.44706653e+09
0.0350	0.0650	0.0650	2.00694319e+09
0.0350	0.0650	0.0750	1.43839821e+09
0.0350	0.0650	0.0850	2.42108953e+09
0.0350	0.0650	0.0950	3.04995226e+09
0.0350	0.0650	0.1050	3.16959795e+09
0.0350	0.0750	0.0750	2.11995508e+09
0.0350	0.0750	0.0850	2.26313903e+09
0.0350	0.0750	0.0950	2.07540747e+09
0.0350	0.0750	0.1050	3.32004572e+09
0.0350	0.0750	0.1150	2.19151556e+09
0.0350	0.0850	0.0850	2.17717771e+09
0.0350	0.0850	0.0950	1.63987423e+09
0.0350	0.0850	0.1050	1.59304891e+09
0.0350	0.0850	0.1150	2.97805211e+09
0.0350	0.0850	0.1250	1.00627894e+09
0.0350	0.0950	0.0950	1.63036639e+09
0.0350	0.0950	0.1050	1.27314006e+09
0.0350	0.0950	0.1150	1.47366895e+09
0.0350	0.0950	0.1250	2.31712615e+09
0.0350	0.0950	0.1350	2.89342051e+09
0.0350	0.1050	0.1050	1.76926927e+09
0.0350	0.1050	0.1150	1.65386247e+09
0.0350	0.1050	0.1250	1.28778830e+09
0.0350	0.1050	0.1350	1.43256102e+09
0.0350	0.1050	0.1450	2.59700504e+09
0.0350	0.1150	0.1150	1.24243498e+09
0.0350	0.1150	0.1250	1.19283130e+09
0.0350	0.1150	0.1350	1.52097265e+09
0.0350	0.1150	0.1450	1.10576780e+09
0.0350	0.1250	0.1250	1.18616227e+09
0.0350	0.1250	0.1350	9.49944594e+08
0.0350	0.1250	0.1450	1.24837958e+09
0.0350	0.1350	0.1350	1.26362471e+09
0.0350	0.1350	0.1450	9.05877084e+08
0.0350	0.1450	0.1450	9.86117495e+08
0.0450	0.0450	0.0450	1.60077588e+09
0.0450	0.0450	0.0550	3.58566326e+09
0.0450	0.0450	0.0650	1.19943834e+09
0.0450	0.0450	0.0750	2.78343014e+09
0.0450	0.0450	0.0850	3.18845639e+09
0.0450	0.0450	0.0950	4.08119289e+09
0.0450	0.0550	0.0550	1.80493451e+09
0.0450	0.0550	0.0650	1.77096253e+09
0.0450	0.0550	0.0750	2.20719586e+09
0.0450	0.0550	0.0850	1.05970375e+09
0.0450	0.0550	0.0950	2.75961355e+09
0.0450	0.0550	0.1050	2.89944665e+09
0.0450	0.0650	0.0650	2.86182936e+09
0.0450	0.0650	0.0750	1.64101534e+09
0.0450	0.0650	0.0850	2.83260106e+09
0.0450	0.0650	0.0950	2.36931283e+09
0.0450	0.0650	0.1050	2.57689606e+09
0.0450	0.0650	0.1150	1.71500165e+09
0.0450	0.0750	0.0750	1.00329593e+09
0.0450	0.0750	0.0850	1.32382618e+09
0.0450	0.0750	0.0950	1.89222188e+09
0.0450	0.0750	0.1050	1.78851464e+09
0.0450	0.0750	0.1150	2.40377079e+09
0.0450	0.0750	0.1250	3.31357120e+09
0.0450	0.0850	0.0850	1.72235342e+09
0.0450	0.0850	0.0950	9.74084286e+08
0.0450	0.0850	0.1050	1.38367689e+09
0.0450	0.0850	0.1150	1.62446819e+09
0.0450	0.0850	0.1250	2.19063744e+09
0.0450	0.0850	0.1350	2.54274402e+09
0.0450	0.0950	0.0950	1.29153439e+09
0.0450	0.0950	0.1050	1.15113513e+09
0.0450	0.0950	0.1150	1.30263611e+09
0.0450	0.0950	0.1250	1.65089658e+09
0.0450	0.0950	0.1350	1.48959570e+09
0.0450	0.0950	0.1450	1.73178763e+09
0.0450	0.1050	0.1050	1.30829340e+09
0.0450	0.1050	0.1150	1.44818560e+09
0.0450	0.1050	0.1250	8.26425221e+08
0.0450	0.1050	0.1350	1.31378874e+09
0.0450	0.1050	0.1450	1.43041114e+09
0.0450	0.1150	0.1150	1.09864169e+09
0.0450	0.1150	0.1250	1.12793185e+09
0.0450	0.1150	0.1350	1.21646802e+09
0.0450	0.1150	0.1450	1.35548690e+09
0.0450	0.1250	0.1250	8.85326803e+08
0.0450	0.1250	0.1350	1.01135089e+09
0.0450	0.1250	0.1450	1.03229565e+09
0.0450	0.1350	0.1350	1.14049633e+09
0.0450	0.1350	0.1450	7.42094655e+08
0.0450	0.1450	0.1450	1.00126251e+09
0.0550	0.0550	0.0550	1.66381222e+09
0.0550	0.0550	0.0650	1.63949813e+09
0.0550	0.0550	0.0750	1.69349289e+09
0.0550	0.0550	0.0850	1.83770978e+09
0.0550	0.0550	0.0950	2.24870358e+09
0.0550	0.0550	0.1050	1.99859817e+09
0.0550	0.0550	0.1150	7.27593787e+08
0.0550	0.0650	0.0650	1.50052030e+09
0.0550	0.0650	0.0750	1.95734227e+09
0.0550	0.0650	0.0850	1.52115384e+09
0.0550	0.0650	0.0950	1.54416528e+09
0.0550	0.0650	0.1050	2.15682114e+09
0.0550	0.0650	0.1150	2.10400130e+09
0.0550	0.0650	0.1250	2.81718664e+09
0.0550	0.0750	0.0750	1.67967858e+09
0.0550	0.0750	0.0850	1.34547738e+09
0.0550	0.0750	0.0950	1.54737267e+09
0.0550	0.0750	0.1050	1.36368460e+09
0.0550	0.0750	0.1150	1.27395025e+09
0.0550	0.0750	0.1250	2.17554100e+09
0.0550	0.0750	0.1350	1.24717613e+09
0.0550	0.0850	0.0850	1.40014904e+09
0.0550	0.0850	0.0950	1.21388593e+09
0.0550	0.0850	0.1050	1.14164885e+09
0.0550	0.0850	0.1150	1.17881171e+09
0.0550	0.0850	0.1250	1.16429356e+09
0.0550	0.0850	0.1350	1.62831929e+09
0.0550	0.0850	0.1450	1.88363554e+09
0.0550	0.0950	0.0950	1.91765074e+09
0.0550	0.0950	0.1050	1.16328963e+09
0.0550	0.0950	0.1150	1.11122954e+09
0.0550	0.0950	0.1250	1.32858401e+09
0.0550	0.0950	0.1350	1.03253425e+09
0.0550	0.0950	0.1450	1.54356011e+09
0.0550	0.1050	0.1050	3.78670945e+08
0.0550	0.1050	0.1150	7.73609859e+08
0.0550	0.1050	0.1250	1.04820456e+09
0.0550	0.1050	0.1350	7.78516210e+08
0.0550	0.1050	0.1450	1.04825505e+09
0.0550	0.1150	0.1150	1.06122455e+09
0.0550	0.1150	0.1250	7.71456992e+08
0.0550	0.1150	0.1350	9.85058000e+08
0.0550	0.1150	0.1450	7.93120465e+08
0.0550	0.1250	0.1250	6.15138266e+08
0.0550	0.1250	0.1350	7.17009134e+08
0.0550	0.1250	0.1450	8.33602560e+08
0.0550	0.1350	0.1350	7.34471624e+08
0.0550	0.1350	0.1450	7.43286349e+08
0.0550	0.1450	0.1450	9.56039605e+08
0.0650	0.0650	0.0650	1.86901768e+09
0.0650	0.0650	0.0750	1.51563962e+09
0.0650	0.0650	0.0850	1.50272889e+09
0.0650	0.0650	0.0950	9.92023650e+08
0.0650	0.0650	0.1050	1.48062588e+09
0.0650	0.0650	0.1150	2.13895215e+09
0.0650	0.0650	0.1250	2.17422734e+09
0.0650	0.0650	0.1350	1.92746374e+09
0.0650	0.0750	0.0750	9.13102028e+08
0.0650	0.0750	0.0850	1.42274214e+09
0.0650	0.0750	0.0950	1.77345341e+09
0.0650	0.0750	0.1050	1.36802400e+09
0.0650	0.0750	0.1150	1.47027386e+09
0.0650	0.0750	0.1250	1.35650594e+09
0.0650	0.0750	0.1350	1.65922755e+09
0.0650	0.0750	0.1450	1.95511614e+09
0.0650	0.0850	0.0850	6.63286676e+08
0.0650	0.0850	0.0950	9.70054764e+08
0.0650	0.0850	0.1050	1.00393502e+09
0.0650	0.0850	0.1150	1.19869913e+09
0.0650	0.0850	0.1250	1.25965017e+09
0.0650	0.0850	0.1350	1.24341992e+09
0.0650	0.0850	0.1450	1.48790067e+09
0.0650	0.0950	0.0950	1.12905060e+09
0.0650	0.0950	0.1050	9.16095668e+08
0.0650	0.0950	0.1150	1.04115155e+09
0.0650	0.0950	0.1250	8.80503684e+08
0.0650	0.0950	0.1350	1.00130201e+09
0.0650	0.0950	0.1450	1.26186126e+09
0.0650	0.1050	0.1050	1.00998816e+09
0.0650	0.1050	0.1150	8.74484406e+08
0.0650	0.1050	0.1250	9.30060657e+08
0.0650	0.1050	0.1350	9.34020997e+08
0.0650	0.1050	0.1450	8.36191210e+08
0.0650	0.1150	0.1150	4.18841443e+08
0.0650	0.1150	0.1250	8.97550273e+08
0.0650	0.1150	0.1350	9.63080759e+08
0.0650	0.1150	0.1450	9.65988562e+08
0.0650	0.1250	0.1250	9.89166229e+08
0.0650	0.1250	0.1350	8.11839531e+08
0.0650	0.1250	0.1450	9.90845098e+08
0.0650	0.1350	0.1350	8.14244951e+08
0.0650	0.1350	0.1450	5.87578862e+08
0.0650	0.1450	0.1450	5.32737949e+08
0.0750	0.0750	0.0750	1.48741939e+09
0.0750	0.0750	0.0850	1.28760338e+09
0.0750	0.0750	0.0950	5.23860995e+08
0.0750	0.0750	0.1050	1.31617168e+09
0.0750	0.0750	0.1150	1.27735509e+09
0.0750	0.0750	0.1250	1.29266880e+09
0.0750	0.0750	0.1350	1.28857688e+09
0.0750	0.0750	0.1450	2.07330063e+09
0.0750	0.0850	0.0850	7.28456175e+08
0.0750	0.0850	0.0950	1.09407531e+09
0.0750	0.0850	0.1050	7.11372347e+08
0.0750	0.0850	0.1150	1.02897291e+09
0.0750	0.0850	0.1250	1.07696160e+09
0.0750	0.0850	0.1350	1.16032132e+09
0.0750	0.0850	0.1450	9.93289386e+08
0.0750	0.0950	0.0950	1.36742055e+09
0.0750	0.0950	0.1050	6.27715105e+08
0.0750	0.0950	0.1150	7.72178035e+08
0.0750	0.0950	0.1250	1.15839721e+09
0.0750	0.0950	0.1350	8.13355256e+08
0.0750	0.0950	0.1450	1.05684151e+09
0.0750	0.1050	0.1050	8.72688603e+08
0.0750	0.1050	0.1150	1.01193749e+09
0.0750	0.1050	0.1250	8.22382538e+08
0.0750	0.1050	0.1350	9.69409053e+08
0.0750	0.1050	0.1450	7.15967861e+08
0.0750	0.1150	0.1150	8.63137620e+08
0.0750	0.1150	0.1250	7.01907278e+08
0.0750	0.1150	0.1350	7.88028896e+08
0.0750	0.1150	0.1450	7.79623656e+08
0.0750	0.1250	0.1250	6.15186258e+08
0.0750	0.1250	0.1350	7.07948559e+08
0.0750	0.1250	0.1450	6.06869761e+08
0.0750	0.1350	0.1350	6.07449875e+08
0.0750	0.1350	0.1450	6.29038183e+08
0.0750	0.1450	0.1450	4.38077212e+08
0.0850	0.0850	0.0850	1.51617974e+09
0.0850	0.0850	0.0950	3.73445300e+08
0.0850	0.0850	0.1050	4.58030167e+08
0.0850	0.0850	0.1150	9.87325714e+08
0.0850	0.0850	0.1250	9.01412942e+08
0.0850	0.0850	0.1350	8.85939452e+08
0.0850	0.0850	0.1450	1.16440625e+09
0.0850	0.0950	0.0950	7.36332661e+08
0.0850	0.0950	0.1050	9.87181021e+08
0.0850	0.0950	0.1150	3.14213872e+08
0.0850	0.0950	0.1250	9.65418741e+08
0.0850	0.0950	0.1350	8.53964681e+08
0.0850	0.0950	0.1450	8.34992017e+08
0.0850	0.1050	0.1050	5.60225979e+08
0.0850	0.1050	0.1150	7.07251061e+08
0.0850	0.1050	0.1250	5.99378075e+08
0.0850	0.1050	0.1350	7.19495078e+08
0.0850	0.1050	0.1450	6.58291199e+08
0.0850	0.1150	0.1150	7.36748882e+08
0.0850	0.1150	0.1250	7.16225658e+08
0.0850	0.1150	0.1350	6.54388753e+08
0.0850	0.1150	0.1450	6.64417804e+08
0.0850	0.1250	0.1250	6.70264273e+08
0.0850	0.1250	0.1350	4.82991286e+08
0.0850	0.1250	0.1450	6.84567635e+08
0.0850	0.1350	0.1350	5.17673939e+08
0.0850	0.1350	0.1450	4.89109954e+08
0.0850	0.1450	0.1450	5.32909505e+08
0.0950	0.0950	0.0950	4.78501789e+08
0.0950	0.0950	0.1050	9.28142240e+08
0.0950	0.0950	0.1150	9.94165987e+08
0.0950	0.0950	0.1250	6.91021271e+08
0.0950	0.0950	0.1350	7.30845594e+08
0.0950	0.0950	0.1450	6.99104842e+08
0.0950	0.1050	0.1050	4.43836784e+08
0.0950	0.1050	0.1150	6.22995674e+08
0.0950	0.1050	0.1250	5.11618699e+08
0.0950	0.1050	0.1350	5.52925470e+08
0.0950	0.1050	0.1450	6.03721594e+08
0.0950	0.1150	0.1150	3.96934133e+08
0.0950	0.1150	0.1250	6.12186858e+08
0.0950	0.1150	0.1350	4.86891580e+08
0.0950	0.1150	0.1450	5.23619347e+08
0.0950	0.1250	0.1250	7.18795201e+08
0.0950	0.1250	0.1350	5.14234518e+08
0.0950	0.1250	0.1450	5.42861667e+08
0.0950	0.1350	0.1350	5.94616314e+08
0.0950	0.1350	0.1450	5.20640843e+08
0.0950	0.1450	0.1450	5.48706482e+08
0.1050	0.1050	0.1050	7.46034287e+08
0.1050	0.1050	0.1150	8.38758894e+08
0.1050	0.1050	0.1250	5.45840199e+08
0.1050	0.1050	0.1350	5.02927232e+08
0.1050	0.1050	0.1450	3.86944052e+08
0.1050	0.1150	0.1150	6.95486087e+08
0.1050	0.1150	0.1250	5.29143771e+08
0.1050	0.1150	0.1350	5.45848885e+08
0.1050	0.1150	0.1450	4.77507594e+08
0.1050	0.1250	0.1250	3.71293088e+08
0.1050	0.1250	0.1350	4.97824331e+08
0.1050	0.1250	0.1450	4.20316173e+08
0.1050	0.1350	0.1350	6.40518905e+08
0.1050	0.1350	0.1450	4.08457366e+08
0.1050	0.1450	0.1450	5.36581623e+08
0.1150	0.1150	0.1150	4.98725001e+08
0.1150	0.1150	0.1250	5.26652903e+08
0.1150	0.1150	0.1350	5.03424699e+08
0.1150	0.1150	0.1450	5.31448126e+08
0.1150	0.1250	0.1250	5.10807221e+08
0.1150	0.1250	0.1350	4.82787851e+08
0.1150	0.1250	0.1450	4.48412490e+08
0.1150	0.1350	0.1350	3.47631081e+08
0.1150	0.1350	0.1450	4.14985155e+08
0.1150	0.1450	0.1450	4.17587040e+08
0.1250	0.1250	0.1250	6.93907956e+08
0.1250	0.1250	0.1350	4.20033024e+08
0.1250	0.1250	0.1450	4.68009108e+08
0.1250	0.1350	0.1350	4.42925922e+08
0.1250	0.1350	0.1450	4.13013553e+08
0.1250	0.1450	0.1450	3.99247661e+08
0.1350	0.1350	0.1350	3.44444582e+08
0.1350	0.1350	0.1450	4.27959081e+08
0.1350	0.1450	0.1450	3.51740136e+08
0.1450	0.1450	0.1450	3.20951300e+08
