####### Bispectrum of Patchy Simulation 445 #############
# Patch: ngc
# z-type: z3
# Weights: fkp
# Fiducial Omega_m: 0.310
# Fiducial h: 0.676
# Boxsize: [1800.0, 3400.0, 1900.0]
# Grid: [170, 325, 180]
# k-binning: [0.000, 0.160, 0.010]
# Monte Carlo Simulations: 100
#
# Format: k1 | k2 | k3 | B(k1,k2,k3)
############################################
0.0150	0.0150	0.0150	3.65671116e+09
0.0150	0.0150	0.0250	-1.10931682e+10
0.0150	0.0150	0.0350	4.00314049e+10
0.0150	0.0250	0.0250	1.85895460e+10
0.0150	0.0250	0.0350	9.77616856e+09
0.0150	0.0250	0.0450	2.24527523e+10
0.0150	0.0350	0.0350	2.02251391e+09
0.0150	0.0350	0.0450	1.67630438e+09
0.0150	0.0350	0.0550	1.04529233e+10
0.0150	0.0450	0.0450	3.74485302e+09
0.0150	0.0450	0.0550	2.78201093e+09
0.0150	0.0450	0.0650	5.53300464e+09
0.0150	0.0550	0.0550	-1.26649808e+09
0.0150	0.0550	0.0650	3.21606368e+09
0.0150	0.0550	0.0750	8.32049761e+09
0.0150	0.0650	0.0650	2.03724588e+09
0.0150	0.0650	0.0750	3.60251533e+09
0.0150	0.0650	0.0850	6.44715718e+09
0.0150	0.0750	0.0750	1.48119643e+09
0.0150	0.0750	0.0850	2.44952048e+09
0.0150	0.0750	0.0950	5.56519101e+09
0.0150	0.0850	0.0850	3.60440388e+09
0.0150	0.0850	0.0950	3.37026946e+09
0.0150	0.0850	0.1050	1.51845170e+09
0.0150	0.0950	0.0950	6.05369281e+08
0.0150	0.0950	0.1050	2.92284698e+09
0.0150	0.0950	0.1150	3.42528919e+09
0.0150	0.1050	0.1050	1.40169668e+09
0.0150	0.1050	0.1150	2.01159772e+09
0.0150	0.1050	0.1250	2.40265944e+09
0.0150	0.1150	0.1150	7.61949413e+08
0.0150	0.1150	0.1250	2.03107126e+09
0.0150	0.1150	0.1350	2.13204583e+09
0.0150	0.1250	0.1250	1.36780071e+09
0.0150	0.1250	0.1350	1.83037304e+09
0.0150	0.1250	0.1450	2.75347788e+09
0.0150	0.1350	0.1350	7.53673161e+08
0.0150	0.1350	0.1450	1.21950217e+09
0.0150	0.1450	0.1450	8.85258220e+08
0.0250	0.0250	0.0250	-1.49613046e+10
0.0250	0.0250	0.0350	8.22880540e+09
0.0250	0.0250	0.0450	9.37705974e+09
0.0250	0.0250	0.0550	3.91473428e+09
0.0250	0.0350	0.0350	1.18572087e+10
0.0250	0.0350	0.0450	3.45560187e+09
0.0250	0.0350	0.0550	8.59198742e+09
0.0250	0.0350	0.0650	4.66390096e+09
0.0250	0.0450	0.0450	2.57515756e+09
0.0250	0.0450	0.0550	3.91797145e+09
0.0250	0.0450	0.0650	4.48605061e+09
0.0250	0.0450	0.0750	6.39471489e+09
0.0250	0.0550	0.0550	1.34538651e+09
0.0250	0.0550	0.0650	4.93889180e+09
0.0250	0.0550	0.0750	6.35259545e+09
0.0250	0.0550	0.0850	5.58446089e+09
0.0250	0.0650	0.0650	1.05635383e+09
0.0250	0.0650	0.0750	3.30629929e+09
0.0250	0.0650	0.0850	5.59019029e+09
0.0250	0.0650	0.0950	3.46695684e+09
0.0250	0.0750	0.0750	3.68316263e+09
0.0250	0.0750	0.0850	3.31661759e+09
0.0250	0.0750	0.0950	4.41866921e+09
0.0250	0.0750	0.1050	2.38371398e+09
0.0250	0.0850	0.0850	2.99720007e+09
0.0250	0.0850	0.0950	1.95453242e+09
0.0250	0.0850	0.1050	4.20159469e+09
0.0250	0.0850	0.1150	3.96357870e+09
0.0250	0.0950	0.0950	2.35943413e+09
0.0250	0.0950	0.1050	2.37309405e+09
0.0250	0.0950	0.1150	3.05878108e+09
0.0250	0.0950	0.1250	3.31118781e+09
0.0250	0.1050	0.1050	1.57864561e+09
0.0250	0.1050	0.1150	2.06012241e+09
0.0250	0.1050	0.1250	2.33738512e+09
0.0250	0.1050	0.1350	3.23045803e+09
0.0250	0.1150	0.1150	1.15553049e+09
0.0250	0.1150	0.1250	2.22419916e+09
0.0250	0.1150	0.1350	2.41591961e+09
0.0250	0.1150	0.1450	2.13503871e+09
0.0250	0.1250	0.1250	1.83327308e+09
0.0250	0.1250	0.1350	2.14578687e+09
0.0250	0.1250	0.1450	2.22668320e+09
0.0250	0.1350	0.1350	1.37962203e+09
0.0250	0.1350	0.1450	1.62419067e+09
0.0250	0.1450	0.1450	1.15776363e+09
0.0350	0.0350	0.0350	3.14864257e+09
0.0350	0.0350	0.0450	2.23097245e+09
0.0350	0.0350	0.0550	1.01944947e+09
0.0350	0.0350	0.0650	7.79719249e+09
0.0350	0.0350	0.0750	-2.80090719e+09
0.0350	0.0450	0.0450	5.73782233e+09
0.0350	0.0450	0.0550	3.18921125e+09
0.0350	0.0450	0.0650	2.35732952e+08
0.0350	0.0450	0.0750	3.32365814e+09
0.0350	0.0450	0.0850	5.37777193e+09
0.0350	0.0550	0.0550	2.62613632e+09
0.0350	0.0550	0.0650	2.99406173e+09
0.0350	0.0550	0.0750	3.18456985e+09
0.0350	0.0550	0.0850	3.39700483e+09
0.0350	0.0550	0.0950	3.75519854e+09
0.0350	0.0650	0.0650	1.94400035e+09
0.0350	0.0650	0.0750	2.49426833e+09
0.0350	0.0650	0.0850	2.21074038e+09
0.0350	0.0650	0.0950	3.01248798e+09
0.0350	0.0650	0.1050	2.76503447e+09
0.0350	0.0750	0.0750	2.06795220e+09
0.0350	0.0750	0.0850	2.64076053e+09
0.0350	0.0750	0.0950	1.16182353e+09
0.0350	0.0750	0.1050	3.41661166e+09
0.0350	0.0750	0.1150	1.25881159e+09
0.0350	0.0850	0.0850	1.41915549e+09
0.0350	0.0850	0.0950	2.44933220e+09
0.0350	0.0850	0.1050	2.17647057e+09
0.0350	0.0850	0.1150	3.15975467e+09
0.0350	0.0850	0.1250	1.67273037e+09
0.0350	0.0950	0.0950	9.63564606e+08
0.0350	0.0950	0.1050	1.54392353e+09
0.0350	0.0950	0.1150	1.42607994e+09
0.0350	0.0950	0.1250	1.85814212e+09
0.0350	0.0950	0.1350	2.77760251e+09
0.0350	0.1050	0.1050	1.51890497e+09
0.0350	0.1050	0.1150	1.31598982e+09
0.0350	0.1050	0.1250	1.30145440e+09
0.0350	0.1050	0.1350	1.99651237e+09
0.0350	0.1050	0.1450	2.18508252e+09
0.0350	0.1150	0.1150	9.22487868e+08
0.0350	0.1150	0.1250	1.55361103e+09
0.0350	0.1150	0.1350	1.61533809e+09
0.0350	0.1150	0.1450	1.62312737e+09
0.0350	0.1250	0.1250	1.33579544e+09
0.0350	0.1250	0.1350	1.04411728e+09
0.0350	0.1250	0.1450	1.26364023e+09
0.0350	0.1350	0.1350	1.05602445e+09
0.0350	0.1350	0.1450	9.34796978e+08
0.0350	0.1450	0.1450	1.16274654e+09
0.0450	0.0450	0.0450	5.17653072e+08
0.0450	0.0450	0.0550	2.50569223e+09
0.0450	0.0450	0.0650	1.41294689e+09
0.0450	0.0450	0.0750	3.96788449e+09
0.0450	0.0450	0.0850	2.54688097e+09
0.0450	0.0450	0.0950	3.36281692e+09
0.0450	0.0550	0.0550	7.10449934e+08
0.0450	0.0550	0.0650	2.76119868e+09
0.0450	0.0550	0.0750	1.89859012e+09
0.0450	0.0550	0.0850	2.83372792e+09
0.0450	0.0550	0.0950	3.03605498e+09
0.0450	0.0550	0.1050	2.65200861e+09
0.0450	0.0650	0.0650	8.11646973e+08
0.0450	0.0650	0.0750	1.92454920e+09
0.0450	0.0650	0.0850	1.48643290e+09
0.0450	0.0650	0.0950	1.57599036e+09
0.0450	0.0650	0.1050	2.80747804e+09
0.0450	0.0650	0.1150	2.63754344e+09
0.0450	0.0750	0.0750	1.12765244e+09
0.0450	0.0750	0.0850	1.91094861e+09
0.0450	0.0750	0.0950	2.02930036e+09
0.0450	0.0750	0.1050	2.12621264e+09
0.0450	0.0750	0.1150	2.64498711e+09
0.0450	0.0750	0.1250	1.44515503e+09
0.0450	0.0850	0.0850	1.84148749e+09
0.0450	0.0850	0.0950	8.93201135e+08
0.0450	0.0850	0.1050	1.43683658e+09
0.0450	0.0850	0.1150	1.42017131e+09
0.0450	0.0850	0.1250	2.11202604e+09
0.0450	0.0850	0.1350	2.10948740e+09
0.0450	0.0950	0.0950	9.98781951e+08
0.0450	0.0950	0.1050	1.37604312e+09
0.0450	0.0950	0.1150	8.28870679e+08
0.0450	0.0950	0.1250	1.20017150e+09
0.0450	0.0950	0.1350	1.58515666e+09
0.0450	0.0950	0.1450	1.73604289e+09
0.0450	0.1050	0.1050	9.51046239e+08
0.0450	0.1050	0.1150	1.16774628e+09
0.0450	0.1050	0.1250	1.35984756e+09
0.0450	0.1050	0.1350	1.04172682e+09
0.0450	0.1050	0.1450	1.57187597e+09
0.0450	0.1150	0.1150	9.96902704e+08
0.0450	0.1150	0.1250	8.46253538e+08
0.0450	0.1150	0.1350	8.86661291e+08
0.0450	0.1150	0.1450	9.02864171e+08
0.0450	0.1250	0.1250	9.60760180e+08
0.0450	0.1250	0.1350	8.15766204e+08
0.0450	0.1250	0.1450	9.08174308e+08
0.0450	0.1350	0.1350	1.12282195e+09
0.0450	0.1350	0.1450	9.00897966e+08
0.0450	0.1450	0.1450	8.01387388e+08
0.0550	0.0550	0.0550	1.63752101e+09
0.0550	0.0550	0.0650	1.99078605e+09
0.0550	0.0550	0.0750	1.77402206e+09
0.0550	0.0550	0.0850	1.27004368e+09
0.0550	0.0550	0.0950	2.15171674e+09
0.0550	0.0550	0.1050	2.74934201e+09
0.0550	0.0550	0.1150	1.62201602e+09
0.0550	0.0650	0.0650	1.64622949e+09
0.0550	0.0650	0.0750	1.56183904e+09
0.0550	0.0650	0.0850	1.95591216e+09
0.0550	0.0650	0.0950	1.53272852e+09
0.0550	0.0650	0.1050	1.65145586e+09
0.0550	0.0650	0.1150	1.95910913e+09
0.0550	0.0650	0.1250	2.80620960e+09
0.0550	0.0750	0.0750	1.82325999e+09
0.0550	0.0750	0.0850	1.26697486e+09
0.0550	0.0750	0.0950	1.59653349e+09
0.0550	0.0750	0.1050	1.61558594e+09
0.0550	0.0750	0.1150	1.49396143e+09
0.0550	0.0750	0.1250	2.30294222e+09
0.0550	0.0750	0.1350	2.54428416e+09
0.0550	0.0850	0.0850	1.50858226e+09
0.0550	0.0850	0.0950	1.25214240e+09
0.0550	0.0850	0.1050	1.33081316e+09
0.0550	0.0850	0.1150	1.45478561e+09
0.0550	0.0850	0.1250	1.58491837e+09
0.0550	0.0850	0.1350	1.63276599e+09
0.0550	0.0850	0.1450	2.24390252e+09
0.0550	0.0950	0.0950	7.47448305e+08
0.0550	0.0950	0.1050	1.23833894e+09
0.0550	0.0950	0.1150	1.41930303e+09
0.0550	0.0950	0.1250	1.11024138e+09
0.0550	0.0950	0.1350	1.33424437e+09
0.0550	0.0950	0.1450	1.24405801e+09
0.0550	0.1050	0.1050	7.07481496e+08
0.0550	0.1050	0.1150	8.38851506e+08
0.0550	0.1050	0.1250	1.00588510e+09
0.0550	0.1050	0.1350	1.14542963e+09
0.0550	0.1050	0.1450	1.20118025e+09
0.0550	0.1150	0.1150	9.03554136e+08
0.0550	0.1150	0.1250	1.06820785e+09
0.0550	0.1150	0.1350	9.94988623e+08
0.0550	0.1150	0.1450	9.02030367e+08
0.0550	0.1250	0.1250	1.02218539e+09
0.0550	0.1250	0.1350	7.29655862e+08
0.0550	0.1250	0.1450	7.93195129e+08
0.0550	0.1350	0.1350	7.72866461e+08
0.0550	0.1350	0.1450	7.97990219e+08
0.0550	0.1450	0.1450	5.58843190e+08
0.0650	0.0650	0.0650	9.08028053e+08
0.0650	0.0650	0.0750	2.01805180e+09
0.0650	0.0650	0.0850	1.56463137e+09
0.0650	0.0650	0.0950	1.76933881e+09
0.0650	0.0650	0.1050	1.08737251e+09
0.0650	0.0650	0.1150	2.18051753e+09
0.0650	0.0650	0.1250	1.56459232e+09
0.0650	0.0650	0.1350	2.48651869e+09
0.0650	0.0750	0.0750	1.66948432e+09
0.0650	0.0750	0.0850	1.41579692e+09
0.0650	0.0750	0.0950	1.07864705e+09
0.0650	0.0750	0.1050	1.46454707e+09
0.0650	0.0750	0.1150	1.25026483e+09
0.0650	0.0750	0.1250	1.55130342e+09
0.0650	0.0750	0.1350	1.62967985e+09
0.0650	0.0750	0.1450	1.76889559e+09
0.0650	0.0850	0.0850	1.19350893e+09
0.0650	0.0850	0.0950	1.46098087e+09
0.0650	0.0850	0.1050	1.04209283e+09
0.0650	0.0850	0.1150	1.14018346e+09
0.0650	0.0850	0.1250	1.25362780e+09
0.0650	0.0850	0.1350	1.22412429e+09
0.0650	0.0850	0.1450	1.50381067e+09
0.0650	0.0950	0.0950	9.99990983e+08
0.0650	0.0950	0.1050	1.07248924e+09
0.0650	0.0950	0.1150	8.91973268e+08
0.0650	0.0950	0.1250	1.14003141e+09
0.0650	0.0950	0.1350	9.39151505e+08
0.0650	0.0950	0.1450	1.33825392e+09
0.0650	0.1050	0.1050	1.57722162e+09
0.0650	0.1050	0.1150	8.01274512e+08
0.0650	0.1050	0.1250	9.58697299e+08
0.0650	0.1050	0.1350	1.05361967e+09
0.0650	0.1050	0.1450	7.71382950e+08
0.0650	0.1150	0.1150	7.00838873e+08
0.0650	0.1150	0.1250	7.93695914e+08
0.0650	0.1150	0.1350	8.89621517e+08
0.0650	0.1150	0.1450	8.59102208e+08
0.0650	0.1250	0.1250	6.52293429e+08
0.0650	0.1250	0.1350	8.25277818e+08
0.0650	0.1250	0.1450	8.55654057e+08
0.0650	0.1350	0.1350	7.74670132e+08
0.0650	0.1350	0.1450	6.99070917e+08
0.0650	0.1450	0.1450	5.98904124e+08
0.0750	0.0750	0.0750	1.38562806e+09
0.0750	0.0750	0.0850	7.30071833e+08
0.0750	0.0750	0.0950	9.52077481e+08
0.0750	0.0750	0.1050	1.05071311e+09
0.0750	0.0750	0.1150	9.82392072e+08
0.0750	0.0750	0.1250	1.08190255e+09
0.0750	0.0750	0.1350	1.44881508e+09
0.0750	0.0750	0.1450	1.92401820e+09
0.0750	0.0850	0.0850	1.34096128e+09
0.0750	0.0850	0.0950	8.04492766e+08
0.0750	0.0850	0.1050	1.02524229e+09
0.0750	0.0850	0.1150	8.31974723e+08
0.0750	0.0850	0.1250	1.13513902e+09
0.0750	0.0850	0.1350	1.07163845e+09
0.0750	0.0850	0.1450	1.21047361e+09
0.0750	0.0950	0.0950	8.52668735e+08
0.0750	0.0950	0.1050	7.33841747e+08
0.0750	0.0950	0.1150	1.19237414e+09
0.0750	0.0950	0.1250	6.50559700e+08
0.0750	0.0950	0.1350	8.95746605e+08
0.0750	0.0950	0.1450	9.25562241e+08
0.0750	0.1050	0.1050	6.00805754e+08
0.0750	0.1050	0.1150	9.90553019e+08
0.0750	0.1050	0.1250	9.48030550e+08
0.0750	0.1050	0.1350	7.15795951e+08
0.0750	0.1050	0.1450	7.47168135e+08
0.0750	0.1150	0.1150	5.83982907e+08
0.0750	0.1150	0.1250	5.73347335e+08
0.0750	0.1150	0.1350	7.25717128e+08
0.0750	0.1150	0.1450	7.66254129e+08
0.0750	0.1250	0.1250	7.13281892e+08
0.0750	0.1250	0.1350	6.85992140e+08
0.0750	0.1250	0.1450	8.57516482e+08
0.0750	0.1350	0.1350	5.61900460e+08
0.0750	0.1350	0.1450	6.39709470e+08
0.0750	0.1450	0.1450	4.85676211e+08
0.0850	0.0850	0.0850	7.94707565e+08
0.0850	0.0850	0.0950	1.14293563e+09
0.0850	0.0850	0.1050	1.19908335e+09
0.0850	0.0850	0.1150	7.46276130e+08
0.0850	0.0850	0.1250	9.36655262e+08
0.0850	0.0850	0.1350	8.60538040e+08
0.0850	0.0850	0.1450	1.11943846e+09
0.0850	0.0950	0.0950	7.10810863e+08
0.0850	0.0950	0.1050	7.25139325e+08
0.0850	0.0950	0.1150	6.40255214e+08
0.0850	0.0950	0.1250	8.44743897e+08
0.0850	0.0950	0.1350	8.09254812e+08
0.0850	0.0950	0.1450	8.22945943e+08
0.0850	0.1050	0.1050	8.93254900e+08
0.0850	0.1050	0.1150	6.30574245e+08
0.0850	0.1050	0.1250	7.72093562e+08
0.0850	0.1050	0.1350	6.48995835e+08
0.0850	0.1050	0.1450	7.97903052e+08
0.0850	0.1150	0.1150	4.39542082e+08
0.0850	0.1150	0.1250	5.34475210e+08
0.0850	0.1150	0.1350	6.39131074e+08
0.0850	0.1150	0.1450	6.76670723e+08
0.0850	0.1250	0.1250	6.77718020e+08
0.0850	0.1250	0.1350	7.10550205e+08
0.0850	0.1250	0.1450	5.03950070e+08
0.0850	0.1350	0.1350	3.33092988e+08
0.0850	0.1350	0.1450	5.94570202e+08
0.0850	0.1450	0.1450	4.43855630e+08
0.0950	0.0950	0.0950	5.73357921e+08
0.0950	0.0950	0.1050	6.97080795e+08
0.0950	0.0950	0.1150	7.70675224e+08
0.0950	0.0950	0.1250	5.02180946e+08
0.0950	0.0950	0.1350	6.13686387e+08
0.0950	0.0950	0.1450	5.45934076e+08
0.0950	0.1050	0.1050	4.97448313e+08
0.0950	0.1050	0.1150	5.72857025e+08
0.0950	0.1050	0.1250	7.62878551e+08
0.0950	0.1050	0.1350	5.08293478e+08
0.0950	0.1050	0.1450	7.65426191e+08
0.0950	0.1150	0.1150	7.25115356e+08
0.0950	0.1150	0.1250	5.20753548e+08
0.0950	0.1150	0.1350	5.87070044e+08
0.0950	0.1150	0.1450	6.56020370e+08
0.0950	0.1250	0.1250	5.16203129e+08
0.0950	0.1250	0.1350	4.56479796e+08
0.0950	0.1250	0.1450	4.59390179e+08
0.0950	0.1350	0.1350	6.95107996e+08
0.0950	0.1350	0.1450	4.27245768e+08
0.0950	0.1450	0.1450	3.41317742e+08
0.1050	0.1050	0.1050	1.05528363e+09
0.1050	0.1050	0.1150	5.52608212e+08
0.1050	0.1050	0.1250	5.78509732e+08
0.1050	0.1050	0.1350	4.87024889e+08
0.1050	0.1050	0.1450	3.68103457e+08
0.1050	0.1150	0.1150	3.92704402e+08
0.1050	0.1150	0.1250	5.71816973e+08
0.1050	0.1150	0.1350	5.34323289e+08
0.1050	0.1150	0.1450	5.67878907e+08
0.1050	0.1250	0.1250	5.28988651e+08
0.1050	0.1250	0.1350	5.25154971e+08
0.1050	0.1250	0.1450	5.40520697e+08
0.1050	0.1350	0.1350	3.84981015e+08
0.1050	0.1350	0.1450	4.25006035e+08
0.1050	0.1450	0.1450	4.63311884e+08
0.1150	0.1150	0.1150	6.19496037e+08
0.1150	0.1150	0.1250	5.91803779e+08
0.1150	0.1150	0.1350	2.40955868e+08
0.1150	0.1150	0.1450	3.98024296e+08
0.1150	0.1250	0.1250	4.01077048e+08
0.1150	0.1250	0.1350	4.85639825e+08
0.1150	0.1250	0.1450	3.78103109e+08
0.1150	0.1350	0.1350	4.37989379e+08
0.1150	0.1350	0.1450	4.62352254e+08
0.1150	0.1450	0.1450	3.95610471e+08
0.1250	0.1250	0.1250	6.43385168e+08
0.1250	0.1250	0.1350	3.87245828e+08
0.1250	0.1250	0.1450	4.18144701e+08
0.1250	0.1350	0.1350	4.99615223e+08
0.1250	0.1350	0.1450	3.87134567e+08
0.1250	0.1450	0.1450	3.87272050e+08
0.1350	0.1350	0.1350	1.85472673e+08
0.1350	0.1350	0.1450	3.88718211e+08
0.1350	0.1450	0.1450	4.28343666e+08
0.1450	0.1450	0.1450	3.87173394e+08
