####### Bispectrum of Patchy Simulation 1170 #############
# Patch: ngc
# z-type: z1
# Weights: fkp
# Fiducial Omega_m: 0.310
# Fiducial h: 0.676
# Boxsize: [1350.0, 2450.0, 1400.0]
# Grid: [126, 230, 130]
# k-binning: [0.000, 0.160, 0.010]
# Monte Carlo Simulations: 100
#
# Format: k1 | k2 | k3 | B(k1,k2,k3)
############################################
0.0150	0.0150	0.0150	4.94974521e+10
0.0150	0.0150	0.0250	-1.14303688e+10
0.0150	0.0150	0.0350	1.25962867e+10
0.0150	0.0250	0.0250	4.26446012e+09
0.0150	0.0250	0.0350	7.90337264e+09
0.0150	0.0250	0.0450	1.55328402e+10
0.0150	0.0350	0.0350	1.58506095e+10
0.0150	0.0350	0.0450	6.46979428e+09
0.0150	0.0350	0.0550	-1.30297526e+09
0.0150	0.0450	0.0450	1.27787697e+10
0.0150	0.0450	0.0550	8.21269955e+09
0.0150	0.0450	0.0650	9.87995765e+09
0.0150	0.0550	0.0550	4.63218781e+09
0.0150	0.0550	0.0650	6.44713460e+09
0.0150	0.0550	0.0750	5.74023566e+09
0.0150	0.0650	0.0650	2.61952200e+09
0.0150	0.0650	0.0750	1.79612204e+09
0.0150	0.0650	0.0850	7.23254974e+09
0.0150	0.0750	0.0750	5.53095942e+09
0.0150	0.0750	0.0850	4.91783079e+09
0.0150	0.0750	0.0950	3.26051129e+09
0.0150	0.0850	0.0850	3.20787066e+09
0.0150	0.0850	0.0950	3.29448351e+09
0.0150	0.0850	0.1050	5.47003303e+09
0.0150	0.0950	0.0950	1.70379644e+09
0.0150	0.0950	0.1050	3.18389199e+09
0.0150	0.0950	0.1150	4.32576353e+09
0.0150	0.1050	0.1050	2.86927127e+09
0.0150	0.1050	0.1150	2.33879408e+09
0.0150	0.1050	0.1250	3.31580319e+09
0.0150	0.1150	0.1150	1.84076177e+09
0.0150	0.1150	0.1250	2.30457842e+09
0.0150	0.1150	0.1350	3.37938996e+09
0.0150	0.1250	0.1250	1.55633127e+09
0.0150	0.1250	0.1350	2.26127863e+09
0.0150	0.1250	0.1450	3.22283061e+09
0.0150	0.1350	0.1350	1.67627470e+09
0.0150	0.1350	0.1450	1.41867733e+09
0.0150	0.1450	0.1450	1.93405483e+09
0.0250	0.0250	0.0250	-8.71214958e+09
0.0250	0.0250	0.0350	1.75815595e+10
0.0250	0.0250	0.0450	9.31663099e+09
0.0250	0.0250	0.0550	1.01710566e+10
0.0250	0.0350	0.0350	5.05110680e+09
0.0250	0.0350	0.0450	6.05373622e+09
0.0250	0.0350	0.0550	2.98967937e+09
0.0250	0.0350	0.0650	2.98164725e+09
0.0250	0.0450	0.0450	4.17297046e+09
0.0250	0.0450	0.0550	4.13539324e+09
0.0250	0.0450	0.0650	6.37132978e+09
0.0250	0.0450	0.0750	4.86108895e+09
0.0250	0.0550	0.0550	5.63268269e+09
0.0250	0.0550	0.0650	2.91828471e+09
0.0250	0.0550	0.0750	6.48074942e+09
0.0250	0.0550	0.0850	7.19925691e+09
0.0250	0.0650	0.0650	4.46938136e+09
0.0250	0.0650	0.0750	2.83657639e+09
0.0250	0.0650	0.0850	4.46984829e+09
0.0250	0.0650	0.0950	1.81126372e+09
0.0250	0.0750	0.0750	4.01434450e+09
0.0250	0.0750	0.0850	4.20128118e+09
0.0250	0.0750	0.0950	4.97129755e+09
0.0250	0.0750	0.1050	5.84632177e+09
0.0250	0.0850	0.0850	2.97447612e+09
0.0250	0.0850	0.0950	2.36893966e+09
0.0250	0.0850	0.1050	3.08120171e+09
0.0250	0.0850	0.1150	2.17916967e+09
0.0250	0.0950	0.0950	2.27472410e+09
0.0250	0.0950	0.1050	1.28990056e+09
0.0250	0.0950	0.1150	2.53066900e+09
0.0250	0.0950	0.1250	3.79283620e+09
0.0250	0.1050	0.1050	1.38693960e+09
0.0250	0.1050	0.1150	1.91786808e+09
0.0250	0.1050	0.1250	2.70714811e+09
0.0250	0.1050	0.1350	9.44106663e+08
0.0250	0.1150	0.1150	1.93096398e+09
0.0250	0.1150	0.1250	2.06656127e+09
0.0250	0.1150	0.1350	2.49482616e+09
0.0250	0.1150	0.1450	2.81222791e+09
0.0250	0.1250	0.1250	1.01354564e+09
0.0250	0.1250	0.1350	1.58733207e+09
0.0250	0.1250	0.1450	2.02349636e+09
0.0250	0.1350	0.1350	1.28677225e+09
0.0250	0.1350	0.1450	1.44894521e+09
0.0250	0.1450	0.1450	1.31829059e+09
0.0350	0.0350	0.0350	1.10488501e+10
0.0350	0.0350	0.0450	7.77375179e+09
0.0350	0.0350	0.0550	7.27046317e+09
0.0350	0.0350	0.0650	1.29910890e+10
0.0350	0.0350	0.0750	7.80276605e+09
0.0350	0.0450	0.0450	1.89431613e+09
0.0350	0.0450	0.0550	5.39409156e+09
0.0350	0.0450	0.0650	4.71667526e+09
0.0350	0.0450	0.0750	3.62103385e+09
0.0350	0.0450	0.0850	3.71926793e+09
0.0350	0.0550	0.0550	2.55753031e+09
0.0350	0.0550	0.0650	2.98071625e+09
0.0350	0.0550	0.0750	2.32085366e+09
0.0350	0.0550	0.0850	3.53311557e+09
0.0350	0.0550	0.0950	6.66519383e+09
0.0350	0.0650	0.0650	2.50448258e+09
0.0350	0.0650	0.0750	2.29259905e+09
0.0350	0.0650	0.0850	2.98993810e+09
0.0350	0.0650	0.0950	3.24050787e+09
0.0350	0.0650	0.1050	2.43654429e+09
0.0350	0.0750	0.0750	2.47911629e+09
0.0350	0.0750	0.0850	2.29417058e+09
0.0350	0.0750	0.0950	3.20973683e+09
0.0350	0.0750	0.1050	3.24839277e+09
0.0350	0.0750	0.1150	5.10326877e+09
0.0350	0.0850	0.0850	1.26969049e+09
0.0350	0.0850	0.0950	2.05925824e+09
0.0350	0.0850	0.1050	1.91457322e+09
0.0350	0.0850	0.1150	2.94173030e+09
0.0350	0.0850	0.1250	3.52792322e+09
0.0350	0.0950	0.0950	1.13941355e+09
0.0350	0.0950	0.1050	1.66966705e+09
0.0350	0.0950	0.1150	1.84278690e+09
0.0350	0.0950	0.1250	1.98686382e+09
0.0350	0.0950	0.1350	2.41050931e+09
0.0350	0.1050	0.1050	1.06680813e+09
0.0350	0.1050	0.1150	1.79690322e+09
0.0350	0.1050	0.1250	1.07706442e+09
0.0350	0.1050	0.1350	1.62961071e+09
0.0350	0.1050	0.1450	1.63757001e+09
0.0350	0.1150	0.1150	9.12249169e+08
0.0350	0.1150	0.1250	1.47457211e+09
0.0350	0.1150	0.1350	1.65262291e+09
0.0350	0.1150	0.1450	2.03482840e+09
0.0350	0.1250	0.1250	1.06993128e+09
0.0350	0.1250	0.1350	1.22912309e+09
0.0350	0.1250	0.1450	1.33848088e+09
0.0350	0.1350	0.1350	1.49119607e+09
0.0350	0.1350	0.1450	1.10436460e+09
0.0350	0.1450	0.1450	1.31477248e+09
0.0450	0.0450	0.0450	5.83005192e+09
0.0450	0.0450	0.0550	2.74715094e+09
0.0450	0.0450	0.0650	1.87290332e+09
0.0450	0.0450	0.0750	2.42839514e+09
0.0450	0.0450	0.0850	4.57012032e+09
0.0450	0.0450	0.0950	1.44395139e+09
0.0450	0.0550	0.0550	7.20807575e+08
0.0450	0.0550	0.0650	1.87194240e+09
0.0450	0.0550	0.0750	1.46101704e+09
0.0450	0.0550	0.0850	3.30993263e+09
0.0450	0.0550	0.0950	3.05189174e+09
0.0450	0.0550	0.1050	1.90241000e+09
0.0450	0.0650	0.0650	9.75140670e+08
0.0450	0.0650	0.0750	1.91016294e+09
0.0450	0.0650	0.0850	2.21741438e+09
0.0450	0.0650	0.0950	1.59462090e+09
0.0450	0.0650	0.1050	2.82482575e+09
0.0450	0.0650	0.1150	3.02260439e+09
0.0450	0.0750	0.0750	2.79047322e+09
0.0450	0.0750	0.0850	1.47351791e+09
0.0450	0.0750	0.0950	1.34133490e+09
0.0450	0.0750	0.1050	1.95146360e+09
0.0450	0.0750	0.1150	2.28228894e+09
0.0450	0.0750	0.1250	2.25952763e+09
0.0450	0.0850	0.0850	1.72069712e+09
0.0450	0.0850	0.0950	1.30640110e+09
0.0450	0.0850	0.1050	1.54300816e+09
0.0450	0.0850	0.1150	2.06168554e+09
0.0450	0.0850	0.1250	2.08923384e+09
0.0450	0.0850	0.1350	2.45999823e+09
0.0450	0.0950	0.0950	1.56768470e+09
0.0450	0.0950	0.1050	7.07593167e+08
0.0450	0.0950	0.1150	1.59386110e+09
0.0450	0.0950	0.1250	1.68019669e+09
0.0450	0.0950	0.1350	1.60946520e+09
0.0450	0.0950	0.1450	1.41462365e+09
0.0450	0.1050	0.1050	9.83565935e+08
0.0450	0.1050	0.1150	1.22333825e+09
0.0450	0.1050	0.1250	1.49649476e+09
0.0450	0.1050	0.1350	1.38552762e+09
0.0450	0.1050	0.1450	1.81153129e+09
0.0450	0.1150	0.1150	9.76632528e+08
0.0450	0.1150	0.1250	8.01460954e+08
0.0450	0.1150	0.1350	8.89702603e+08
0.0450	0.1150	0.1450	1.23915508e+09
0.0450	0.1250	0.1250	1.11401363e+09
0.0450	0.1250	0.1350	1.11252589e+09
0.0450	0.1250	0.1450	8.62194280e+08
0.0450	0.1350	0.1350	9.60546479e+08
0.0450	0.1350	0.1450	1.02325782e+09
0.0450	0.1450	0.1450	9.64224623e+08
0.0550	0.0550	0.0550	4.50113649e+09
0.0550	0.0550	0.0650	1.66980815e+09
0.0550	0.0550	0.0750	2.13251356e+09
0.0550	0.0550	0.0850	2.88043408e+09
0.0550	0.0550	0.0950	1.29982011e+09
0.0550	0.0550	0.1050	2.00463933e+09
0.0550	0.0550	0.1150	1.56039495e+09
0.0550	0.0650	0.0650	2.24788228e+09
0.0550	0.0650	0.0750	2.08430923e+09
0.0550	0.0650	0.0850	1.90092697e+09
0.0550	0.0650	0.0950	2.09503752e+09
0.0550	0.0650	0.1050	1.87790288e+09
0.0550	0.0650	0.1150	2.68169391e+09
0.0550	0.0650	0.1250	2.93361103e+09
0.0550	0.0750	0.0750	2.06367868e+09
0.0550	0.0750	0.0850	1.42431062e+09
0.0550	0.0750	0.0950	1.76076993e+09
0.0550	0.0750	0.1050	2.07392925e+09
0.0550	0.0750	0.1150	1.94944380e+09
0.0550	0.0750	0.1250	1.97449849e+09
0.0550	0.0750	0.1350	3.14445191e+09
0.0550	0.0850	0.0850	1.17224518e+09
0.0550	0.0850	0.0950	1.08951762e+09
0.0550	0.0850	0.1050	1.44683890e+09
0.0550	0.0850	0.1150	1.16432405e+09
0.0550	0.0850	0.1250	1.63165732e+09
0.0550	0.0850	0.1350	2.13796875e+09
0.0550	0.0850	0.1450	1.64958389e+09
0.0550	0.0950	0.0950	1.39398274e+09
0.0550	0.0950	0.1050	8.37741004e+08
0.0550	0.0950	0.1150	1.08217188e+09
0.0550	0.0950	0.1250	1.00868622e+09
0.0550	0.0950	0.1350	1.03503689e+09
0.0550	0.0950	0.1450	1.27559182e+09
0.0550	0.1050	0.1050	4.86694995e+08
0.0550	0.1050	0.1150	1.38223728e+09
0.0550	0.1050	0.1250	6.93880609e+08
0.0550	0.1050	0.1350	8.92123749e+08
0.0550	0.1050	0.1450	1.14116009e+09
0.0550	0.1150	0.1150	9.25319413e+08
0.0550	0.1150	0.1250	1.01500774e+09
0.0550	0.1150	0.1350	9.32562869e+08
0.0550	0.1150	0.1450	1.04735992e+09
0.0550	0.1250	0.1250	7.57112631e+08
0.0550	0.1250	0.1350	6.14394308e+08
0.0550	0.1250	0.1450	9.60590517e+08
0.0550	0.1350	0.1350	6.77062975e+08
0.0550	0.1350	0.1450	7.72978609e+08
0.0550	0.1450	0.1450	5.79202767e+08
0.0650	0.0650	0.0650	1.53610978e+09
0.0650	0.0650	0.0750	1.27410408e+09
0.0650	0.0650	0.0850	2.47822684e+09
0.0650	0.0650	0.0950	1.85476560e+09
0.0650	0.0650	0.1050	1.16197333e+09
0.0650	0.0650	0.1150	2.27422053e+09
0.0650	0.0650	0.1250	2.47560400e+09
0.0650	0.0650	0.1350	-2.03034705e+07
0.0650	0.0750	0.0750	2.18658405e+09
0.0650	0.0750	0.0850	1.01050905e+09
0.0650	0.0750	0.0950	1.29557555e+09
0.0650	0.0750	0.1050	1.56731954e+09
0.0650	0.0750	0.1150	1.71862835e+09
0.0650	0.0750	0.1250	1.36639535e+09
0.0650	0.0750	0.1350	2.20228487e+09
0.0650	0.0750	0.1450	1.28199852e+09
0.0650	0.0850	0.0850	1.61291165e+09
0.0650	0.0850	0.0950	1.23135708e+09
0.0650	0.0850	0.1050	6.64545721e+08
0.0650	0.0850	0.1150	1.21610563e+09
0.0650	0.0850	0.1250	1.27982997e+09
0.0650	0.0850	0.1350	1.36337408e+09
0.0650	0.0850	0.1450	1.58637678e+09
0.0650	0.0950	0.0950	4.49805263e+08
0.0650	0.0950	0.1050	9.32302378e+08
0.0650	0.0950	0.1150	8.40018632e+08
0.0650	0.0950	0.1250	1.14235701e+09
0.0650	0.0950	0.1350	9.48117277e+08
0.0650	0.0950	0.1450	1.18951404e+09
0.0650	0.1050	0.1050	6.51730340e+08
0.0650	0.1050	0.1150	6.64095993e+08
0.0650	0.1050	0.1250	7.10449183e+08
0.0650	0.1050	0.1350	7.80247924e+08
0.0650	0.1050	0.1450	5.74649458e+08
0.0650	0.1150	0.1150	7.37700220e+08
0.0650	0.1150	0.1250	9.75853230e+08
0.0650	0.1150	0.1350	5.60600552e+08
0.0650	0.1150	0.1450	1.00569334e+09
0.0650	0.1250	0.1250	5.09266732e+08
0.0650	0.1250	0.1350	6.74972035e+08
0.0650	0.1250	0.1450	6.94859245e+08
0.0650	0.1350	0.1350	6.33982790e+08
0.0650	0.1350	0.1450	7.18226916e+08
0.0650	0.1450	0.1450	7.91873968e+08
0.0750	0.0750	0.0750	9.76874819e+08
0.0750	0.0750	0.0850	1.54936697e+09
0.0750	0.0750	0.0950	9.09468243e+08
0.0750	0.0750	0.1050	1.41802957e+09
0.0750	0.0750	0.1150	9.77963727e+08
0.0750	0.0750	0.1250	1.67968810e+09
0.0750	0.0750	0.1350	1.11389686e+09
0.0750	0.0750	0.1450	1.55892646e+09
0.0750	0.0850	0.0850	9.31184977e+08
0.0750	0.0850	0.0950	8.55182774e+08
0.0750	0.0850	0.1050	7.58994215e+08
0.0750	0.0850	0.1150	6.99836017e+08
0.0750	0.0850	0.1250	1.12702751e+09
0.0750	0.0850	0.1350	1.16752777e+09
0.0750	0.0850	0.1450	1.23625062e+09
0.0750	0.0950	0.0950	8.69828680e+08
0.0750	0.0950	0.1050	7.19896385e+08
0.0750	0.0950	0.1150	1.03333978e+09
0.0750	0.0950	0.1250	8.24396335e+08
0.0750	0.0950	0.1350	7.85768363e+08
0.0750	0.0950	0.1450	9.50911201e+08
0.0750	0.1050	0.1050	5.38629242e+08
0.0750	0.1050	0.1150	8.10653462e+08
0.0750	0.1050	0.1250	8.38061110e+08
0.0750	0.1050	0.1350	7.59796191e+08
0.0750	0.1050	0.1450	7.06685746e+08
0.0750	0.1150	0.1150	2.47736625e+08
0.0750	0.1150	0.1250	5.16038965e+08
0.0750	0.1150	0.1350	6.24382846e+08
0.0750	0.1150	0.1450	4.69578490e+08
0.0750	0.1250	0.1250	8.12544798e+08
0.0750	0.1250	0.1350	6.54604819e+08
0.0750	0.1250	0.1450	8.50861992e+08
0.0750	0.1350	0.1350	3.41653048e+08
0.0750	0.1350	0.1450	5.70575743e+08
0.0750	0.1450	0.1450	4.30833093e+08
0.0850	0.0850	0.0850	4.14091226e+08
0.0850	0.0850	0.0950	7.31491153e+08
0.0850	0.0850	0.1050	7.26547763e+08
0.0850	0.0850	0.1150	1.04023165e+09
0.0850	0.0850	0.1250	1.02244432e+09
0.0850	0.0850	0.1350	7.62440628e+08
0.0850	0.0850	0.1450	1.44110668e+09
0.0850	0.0950	0.0950	9.22123000e+08
0.0850	0.0950	0.1050	6.00314931e+08
0.0850	0.0950	0.1150	7.46852304e+08
0.0850	0.0950	0.1250	5.61960904e+08
0.0850	0.0950	0.1350	6.88417002e+08
0.0850	0.0950	0.1450	7.24076191e+08
0.0850	0.1050	0.1050	5.75514371e+08
0.0850	0.1050	0.1150	6.57941767e+08
0.0850	0.1050	0.1250	7.86984879e+08
0.0850	0.1050	0.1350	4.78854800e+08
0.0850	0.1050	0.1450	6.64731938e+08
0.0850	0.1150	0.1150	8.62386979e+08
0.0850	0.1150	0.1250	5.41997550e+08
0.0850	0.1150	0.1350	5.17511822e+08
0.0850	0.1150	0.1450	5.90326907e+08
0.0850	0.1250	0.1250	5.80363354e+08
0.0850	0.1250	0.1350	3.88635670e+08
0.0850	0.1250	0.1450	4.61349365e+08
0.0850	0.1350	0.1350	4.81154325e+08
0.0850	0.1350	0.1450	5.14288873e+08
0.0850	0.1450	0.1450	6.19669661e+08
0.0950	0.0950	0.0950	7.08210836e+08
0.0950	0.0950	0.1050	5.44063938e+08
0.0950	0.0950	0.1150	4.77372865e+08
0.0950	0.0950	0.1250	5.52731136e+08
0.0950	0.0950	0.1350	5.33685875e+08
0.0950	0.0950	0.1450	4.90933314e+08
0.0950	0.1050	0.1050	6.83233880e+08
0.0950	0.1050	0.1150	4.90757443e+08
0.0950	0.1050	0.1250	5.83886614e+08
0.0950	0.1050	0.1350	5.66675335e+08
0.0950	0.1050	0.1450	4.58408092e+08
0.0950	0.1150	0.1150	6.11876224e+08
0.0950	0.1150	0.1250	5.81861980e+08
0.0950	0.1150	0.1350	4.45010166e+08
0.0950	0.1150	0.1450	3.80208545e+08
0.0950	0.1250	0.1250	5.59874366e+08
0.0950	0.1250	0.1350	5.25900816e+08
0.0950	0.1250	0.1450	5.89801231e+08
0.0950	0.1350	0.1350	4.43124888e+08
0.0950	0.1350	0.1450	4.56116324e+08
0.0950	0.1450	0.1450	3.49728885e+08
0.1050	0.1050	0.1050	6.15973763e+08
0.1050	0.1050	0.1150	4.67319672e+08
0.1050	0.1050	0.1250	3.50141734e+08
0.1050	0.1050	0.1350	5.70094213e+08
0.1050	0.1050	0.1450	4.41638489e+08
0.1050	0.1150	0.1150	5.07932129e+08
0.1050	0.1150	0.1250	4.81461469e+08
0.1050	0.1150	0.1350	3.97020013e+08
0.1050	0.1150	0.1450	4.57799406e+08
0.1050	0.1250	0.1250	3.86689019e+08
0.1050	0.1250	0.1350	3.80429591e+08
0.1050	0.1250	0.1450	3.56545247e+08
0.1050	0.1350	0.1350	3.28726408e+08
0.1050	0.1350	0.1450	4.39106864e+08
0.1050	0.1450	0.1450	3.09444424e+08
0.1150	0.1150	0.1150	4.02372313e+08
0.1150	0.1150	0.1250	3.16064384e+08
0.1150	0.1150	0.1350	5.32953861e+08
0.1150	0.1150	0.1450	4.73427167e+08
0.1150	0.1250	0.1250	4.98722450e+08
0.1150	0.1250	0.1350	3.44281750e+08
0.1150	0.1250	0.1450	4.38049155e+08
0.1150	0.1350	0.1350	4.17136123e+08
0.1150	0.1350	0.1450	2.87328018e+08
0.1150	0.1450	0.1450	4.10002744e+08
0.1250	0.1250	0.1250	6.13854034e+08
0.1250	0.1250	0.1350	3.93791087e+08
0.1250	0.1250	0.1450	4.83185767e+08
0.1250	0.1350	0.1350	3.28677477e+08
0.1250	0.1350	0.1450	4.33177789e+08
0.1250	0.1450	0.1450	2.93034196e+08
0.1350	0.1350	0.1350	1.73850593e+08
0.1350	0.1350	0.1450	3.09962939e+08
0.1350	0.1450	0.1450	2.70923279e+08
0.1450	0.1450	0.1450	3.41271302e+08
