####### Bispectrum of Patchy Simulation 48 #############
# Patch: ngc
# z-type: z3
# Weights: fkp
# Fiducial Omega_m: 0.310
# Fiducial h: 0.676
# Boxsize: [1800.0, 3400.0, 1900.0]
# Grid: [170, 325, 180]
# k-binning: [0.000, 0.160, 0.010]
# Monte Carlo Simulations: 100
#
# Format: k1 | k2 | k3 | B(k1,k2,k3)
############################################
0.0150	0.0150	0.0150	1.60042473e+10
0.0150	0.0150	0.0250	1.25874350e+10
0.0150	0.0150	0.0350	1.85062379e+10
0.0150	0.0250	0.0250	-6.21139325e+09
0.0150	0.0250	0.0350	1.16894152e+10
0.0150	0.0250	0.0450	2.92885732e+10
0.0150	0.0350	0.0350	1.10904858e+10
0.0150	0.0350	0.0450	9.09068522e+09
0.0150	0.0350	0.0550	1.56901174e+10
0.0150	0.0450	0.0450	7.61815770e+09
0.0150	0.0450	0.0550	3.92871031e+09
0.0150	0.0450	0.0650	1.20688498e+10
0.0150	0.0550	0.0550	2.40330376e+09
0.0150	0.0550	0.0650	5.80734890e+09
0.0150	0.0550	0.0750	7.30609057e+09
0.0150	0.0650	0.0650	3.87679541e+09
0.0150	0.0650	0.0750	4.85631023e+09
0.0150	0.0650	0.0850	7.93501641e+09
0.0150	0.0750	0.0750	3.29373910e+09
0.0150	0.0750	0.0850	3.59628190e+09
0.0150	0.0750	0.0950	7.97559725e+09
0.0150	0.0850	0.0850	3.63438601e+09
0.0150	0.0850	0.0950	2.58497563e+09
0.0150	0.0850	0.1050	2.45550009e+09
0.0150	0.0950	0.0950	1.92764935e+09
0.0150	0.0950	0.1050	3.70367851e+09
0.0150	0.0950	0.1150	7.04452836e+09
0.0150	0.1050	0.1050	2.30569181e+09
0.0150	0.1050	0.1150	2.16687621e+09
0.0150	0.1050	0.1250	5.25888663e+09
0.0150	0.1150	0.1150	3.58999641e+09
0.0150	0.1150	0.1250	2.66577519e+09
0.0150	0.1150	0.1350	2.76782823e+09
0.0150	0.1250	0.1250	1.71265885e+09
0.0150	0.1250	0.1350	2.30939636e+09
0.0150	0.1250	0.1450	3.50050842e+09
0.0150	0.1350	0.1350	8.27413025e+08
0.0150	0.1350	0.1450	2.34612037e+09
0.0150	0.1450	0.1450	9.19631170e+08
0.0250	0.0250	0.0250	5.91501356e+09
0.0250	0.0250	0.0350	7.18119000e+09
0.0250	0.0250	0.0450	8.77905613e+09
0.0250	0.0250	0.0550	5.14412020e+09
0.0250	0.0350	0.0350	4.06098268e+09
0.0250	0.0350	0.0450	7.22223439e+09
0.0250	0.0350	0.0550	7.42909287e+09
0.0250	0.0350	0.0650	3.96262998e+09
0.0250	0.0450	0.0450	4.33646836e+09
0.0250	0.0450	0.0550	5.11244813e+09
0.0250	0.0450	0.0650	4.71637325e+09
0.0250	0.0450	0.0750	3.24618480e+09
0.0250	0.0550	0.0550	2.11679184e+09
0.0250	0.0550	0.0650	4.73522741e+09
0.0250	0.0550	0.0750	3.46511152e+09
0.0250	0.0550	0.0850	6.29520210e+09
0.0250	0.0650	0.0650	1.25575148e+09
0.0250	0.0650	0.0750	3.73382917e+09
0.0250	0.0650	0.0850	4.65571845e+09
0.0250	0.0650	0.0950	5.41454825e+09
0.0250	0.0750	0.0750	3.29361940e+09
0.0250	0.0750	0.0850	2.23255355e+09
0.0250	0.0750	0.0950	2.95975702e+09
0.0250	0.0750	0.1050	2.53758105e+09
0.0250	0.0850	0.0850	1.87498573e+09
0.0250	0.0850	0.0950	2.02935962e+09
0.0250	0.0850	0.1050	2.76572762e+09
0.0250	0.0850	0.1150	4.08346968e+09
0.0250	0.0950	0.0950	2.61710949e+09
0.0250	0.0950	0.1050	2.57970601e+09
0.0250	0.0950	0.1150	1.90828028e+09
0.0250	0.0950	0.1250	2.75017658e+09
0.0250	0.1050	0.1050	4.51157803e+08
0.0250	0.1050	0.1150	2.07020522e+09
0.0250	0.1050	0.1250	1.98401860e+09
0.0250	0.1050	0.1350	1.91335162e+09
0.0250	0.1150	0.1150	1.59945572e+09
0.0250	0.1150	0.1250	1.22221190e+09
0.0250	0.1150	0.1350	2.20911558e+09
0.0250	0.1150	0.1450	2.82666920e+09
0.0250	0.1250	0.1250	1.17957519e+09
0.0250	0.1250	0.1350	1.30763109e+09
0.0250	0.1250	0.1450	1.51331128e+09
0.0250	0.1350	0.1350	1.31122400e+09
0.0250	0.1350	0.1450	9.86863069e+08
0.0250	0.1450	0.1450	9.08312995e+08
0.0350	0.0350	0.0350	4.96058772e+09
0.0350	0.0350	0.0450	3.52629212e+09
0.0350	0.0350	0.0550	4.29121719e+09
0.0350	0.0350	0.0650	4.44657442e+09
0.0350	0.0350	0.0750	7.65863933e+09
0.0350	0.0450	0.0450	3.32322301e+09
0.0350	0.0450	0.0550	3.26846608e+09
0.0350	0.0450	0.0650	2.73469855e+09
0.0350	0.0450	0.0750	4.22786474e+09
0.0350	0.0450	0.0850	5.47765757e+09
0.0350	0.0550	0.0550	2.36975516e+09
0.0350	0.0550	0.0650	2.75806996e+09
0.0350	0.0550	0.0750	2.87681980e+09
0.0350	0.0550	0.0850	3.75431886e+09
0.0350	0.0550	0.0950	1.59172606e+09
0.0350	0.0650	0.0650	2.08814098e+09
0.0350	0.0650	0.0750	3.02601926e+09
0.0350	0.0650	0.0850	2.38600157e+09
0.0350	0.0650	0.0950	4.17780813e+09
0.0350	0.0650	0.1050	1.76824486e+09
0.0350	0.0750	0.0750	2.79534990e+09
0.0350	0.0750	0.0850	2.41397619e+09
0.0350	0.0750	0.0950	2.24132842e+09
0.0350	0.0750	0.1050	3.55546968e+09
0.0350	0.0750	0.1150	1.89306847e+09
0.0350	0.0850	0.0850	9.64258947e+08
0.0350	0.0850	0.0950	2.12322476e+09
0.0350	0.0850	0.1050	2.09040962e+09
0.0350	0.0850	0.1150	2.57355736e+09
0.0350	0.0850	0.1250	2.74786023e+09
0.0350	0.0950	0.0950	2.45168674e+08
0.0350	0.0950	0.1050	1.79196591e+09
0.0350	0.0950	0.1150	1.84199435e+09
0.0350	0.0950	0.1250	2.28027815e+09
0.0350	0.0950	0.1350	2.70637323e+09
0.0350	0.1050	0.1050	1.32153821e+09
0.0350	0.1050	0.1150	1.23951654e+09
0.0350	0.1050	0.1250	1.71188427e+09
0.0350	0.1050	0.1350	2.07223427e+09
0.0350	0.1050	0.1450	2.31755717e+09
0.0350	0.1150	0.1150	1.08823928e+09
0.0350	0.1150	0.1250	1.14637937e+09
0.0350	0.1150	0.1350	1.70581336e+09
0.0350	0.1150	0.1450	1.60602092e+09
0.0350	0.1250	0.1250	1.39373017e+09
0.0350	0.1250	0.1350	8.29381282e+08
0.0350	0.1250	0.1450	1.40566596e+09
0.0350	0.1350	0.1350	1.35905647e+09
0.0350	0.1350	0.1450	1.27117992e+09
0.0350	0.1450	0.1450	6.99346304e+08
0.0450	0.0450	0.0450	2.24619642e+09
0.0450	0.0450	0.0550	1.63249949e+09
0.0450	0.0450	0.0650	4.48076622e+08
0.0450	0.0450	0.0750	3.07341331e+09
0.0450	0.0450	0.0850	2.76786280e+09
0.0450	0.0450	0.0950	4.30854082e+09
0.0450	0.0550	0.0550	3.22083521e+09
0.0450	0.0550	0.0650	2.86199502e+09
0.0450	0.0550	0.0750	2.73013894e+09
0.0450	0.0550	0.0850	2.12739704e+09
0.0450	0.0550	0.0950	3.54099835e+09
0.0450	0.0550	0.1050	2.03274702e+09
0.0450	0.0650	0.0650	2.28744663e+09
0.0450	0.0650	0.0750	1.86363937e+09
0.0450	0.0650	0.0850	2.12606236e+09
0.0450	0.0650	0.0950	2.08900228e+09
0.0450	0.0650	0.1050	2.85756069e+09
0.0450	0.0650	0.1150	2.81872591e+09
0.0450	0.0750	0.0750	2.03253851e+09
0.0450	0.0750	0.0850	1.54893966e+09
0.0450	0.0750	0.0950	1.63408442e+09
0.0450	0.0750	0.1050	2.06616865e+09
0.0450	0.0750	0.1150	2.87907066e+09
0.0450	0.0750	0.1250	1.13559156e+09
0.0450	0.0850	0.0850	1.42470351e+09
0.0450	0.0850	0.0950	1.44980335e+09
0.0450	0.0850	0.1050	1.53703582e+09
0.0450	0.0850	0.1150	1.60454377e+09
0.0450	0.0850	0.1250	2.32666586e+09
0.0450	0.0850	0.1350	2.74376574e+09
0.0450	0.0950	0.0950	1.78053548e+09
0.0450	0.0950	0.1050	1.50054411e+09
0.0450	0.0950	0.1150	1.16502494e+09
0.0450	0.0950	0.1250	1.30581086e+09
0.0450	0.0950	0.1350	1.50111425e+09
0.0450	0.0950	0.1450	1.88428083e+09
0.0450	0.1050	0.1050	1.20620485e+09
0.0450	0.1050	0.1150	1.21617809e+09
0.0450	0.1050	0.1250	1.40942906e+09
0.0450	0.1050	0.1350	1.13333264e+09
0.0450	0.1050	0.1450	1.76481053e+09
0.0450	0.1150	0.1150	1.18453928e+09
0.0450	0.1150	0.1250	1.13365527e+09
0.0450	0.1150	0.1350	1.05080582e+09
0.0450	0.1150	0.1450	1.33910495e+09
0.0450	0.1250	0.1250	1.02121311e+09
0.0450	0.1250	0.1350	1.09262501e+09
0.0450	0.1250	0.1450	9.44552838e+08
0.0450	0.1350	0.1350	1.20028872e+09
0.0450	0.1350	0.1450	8.25111299e+08
0.0450	0.1450	0.1450	9.49943555e+08
0.0550	0.0550	0.0550	1.98156528e+09
0.0550	0.0550	0.0650	2.43747968e+09
0.0550	0.0550	0.0750	9.24982687e+08
0.0550	0.0550	0.0850	1.39680645e+09
0.0550	0.0550	0.0950	1.98766551e+09
0.0550	0.0550	0.1050	2.68897853e+09
0.0550	0.0550	0.1150	4.07534596e+09
0.0550	0.0650	0.0650	1.40824794e+09
0.0550	0.0650	0.0750	2.19212641e+09
0.0550	0.0650	0.0850	1.45744151e+09
0.0550	0.0650	0.0950	1.48613283e+09
0.0550	0.0650	0.1050	2.02064419e+09
0.0550	0.0650	0.1150	1.96418924e+09
0.0550	0.0650	0.1250	2.63068851e+09
0.0550	0.0750	0.0750	2.54086056e+09
0.0550	0.0750	0.0850	1.59060578e+09
0.0550	0.0750	0.0950	1.65730317e+09
0.0550	0.0750	0.1050	9.98221831e+08
0.0550	0.0750	0.1150	1.58486939e+09
0.0550	0.0750	0.1250	2.18462401e+09
0.0550	0.0750	0.1350	2.49392263e+09
0.0550	0.0850	0.0850	1.24316781e+09
0.0550	0.0850	0.0950	1.39961497e+09
0.0550	0.0850	0.1050	1.11755170e+09
0.0550	0.0850	0.1150	1.46139026e+09
0.0550	0.0850	0.1250	1.46658978e+09
0.0550	0.0850	0.1350	1.66755696e+09
0.0550	0.0850	0.1450	2.06365779e+09
0.0550	0.0950	0.0950	1.19663708e+09
0.0550	0.0950	0.1050	1.13445935e+09
0.0550	0.0950	0.1150	1.36546135e+09
0.0550	0.0950	0.1250	1.34024033e+09
0.0550	0.0950	0.1350	1.42529950e+09
0.0550	0.0950	0.1450	1.38295991e+09
0.0550	0.1050	0.1050	3.81416290e+08
0.0550	0.1050	0.1150	1.26589704e+09
0.0550	0.1050	0.1250	9.49754221e+08
0.0550	0.1050	0.1350	1.06666188e+09
0.0550	0.1050	0.1450	1.13190261e+09
0.0550	0.1150	0.1150	1.10589868e+09
0.0550	0.1150	0.1250	9.58555823e+08
0.0550	0.1150	0.1350	8.38388667e+08
0.0550	0.1150	0.1450	9.71253888e+08
0.0550	0.1250	0.1250	5.16111531e+08
0.0550	0.1250	0.1350	8.71179631e+08
0.0550	0.1250	0.1450	8.18301184e+08
0.0550	0.1350	0.1350	7.17029062e+08
0.0550	0.1350	0.1450	6.68463649e+08
0.0550	0.1450	0.1450	5.62498100e+08
0.0650	0.0650	0.0650	1.36435246e+09
0.0650	0.0650	0.0750	1.44133303e+09
0.0650	0.0650	0.0850	1.80367896e+09
0.0650	0.0650	0.0950	2.37882443e+09
0.0650	0.0650	0.1050	1.78037731e+09
0.0650	0.0650	0.1150	1.76539842e+09
0.0650	0.0650	0.1250	2.29043708e+09
0.0650	0.0650	0.1350	1.82526195e+09
0.0650	0.0750	0.0750	1.36671939e+09
0.0650	0.0750	0.0850	1.41507906e+09
0.0650	0.0750	0.0950	1.28000187e+09
0.0650	0.0750	0.1050	1.67682510e+09
0.0650	0.0750	0.1150	1.41944511e+09
0.0650	0.0750	0.1250	1.51569465e+09
0.0650	0.0750	0.1350	2.12561925e+09
0.0650	0.0750	0.1450	2.15765034e+09
0.0650	0.0850	0.0850	1.75352186e+09
0.0650	0.0850	0.0950	1.14077062e+09
0.0650	0.0850	0.1050	1.05732890e+09
0.0650	0.0850	0.1150	1.17825401e+09
0.0650	0.0850	0.1250	1.43099039e+09
0.0650	0.0850	0.1350	1.38404279e+09
0.0650	0.0850	0.1450	1.29576441e+09
0.0650	0.0950	0.0950	1.49156245e+09
0.0650	0.0950	0.1050	9.79855392e+08
0.0650	0.0950	0.1150	1.04314654e+09
0.0650	0.0950	0.1250	1.00113069e+09
0.0650	0.0950	0.1350	1.06924261e+09
0.0650	0.0950	0.1450	1.22038826e+09
0.0650	0.1050	0.1050	7.69240169e+08
0.0650	0.1050	0.1150	6.86492474e+08
0.0650	0.1050	0.1250	8.03786842e+08
0.0650	0.1050	0.1350	9.31094204e+08
0.0650	0.1050	0.1450	1.10801774e+09
0.0650	0.1150	0.1150	8.43807094e+08
0.0650	0.1150	0.1250	7.98279936e+08
0.0650	0.1150	0.1350	8.61069587e+08
0.0650	0.1150	0.1450	9.92135342e+08
0.0650	0.1250	0.1250	8.79399792e+08
0.0650	0.1250	0.1350	6.70494155e+08
0.0650	0.1250	0.1450	8.18943060e+08
0.0650	0.1350	0.1350	9.30048190e+08
0.0650	0.1350	0.1450	5.65519262e+08
0.0650	0.1450	0.1450	5.58769493e+08
0.0750	0.0750	0.0750	2.34049348e+09
0.0750	0.0750	0.0850	4.25715118e+08
0.0750	0.0750	0.0950	1.07326692e+09
0.0750	0.0750	0.1050	1.15418339e+09
0.0750	0.0750	0.1150	1.71748394e+09
0.0750	0.0750	0.1250	1.10378279e+09
0.0750	0.0750	0.1350	1.20073144e+09
0.0750	0.0750	0.1450	1.39322673e+09
0.0750	0.0850	0.0850	1.31517850e+09
0.0750	0.0850	0.0950	7.10274296e+08
0.0750	0.0850	0.1050	9.61750780e+08
0.0750	0.0850	0.1150	6.61155162e+08
0.0750	0.0850	0.1250	1.18988876e+09
0.0750	0.0850	0.1350	1.12926520e+09
0.0750	0.0850	0.1450	1.46217048e+09
0.0750	0.0950	0.0950	9.80317053e+08
0.0750	0.0950	0.1050	6.44514096e+08
0.0750	0.0950	0.1150	8.20593885e+08
0.0750	0.0950	0.1250	1.01986451e+09
0.0750	0.0950	0.1350	8.33513292e+08
0.0750	0.0950	0.1450	1.19588338e+09
0.0750	0.1050	0.1050	7.79955030e+08
0.0750	0.1050	0.1150	1.03838213e+09
0.0750	0.1050	0.1250	7.58429363e+08
0.0750	0.1050	0.1350	8.20719155e+08
0.0750	0.1050	0.1450	5.98692811e+08
0.0750	0.1150	0.1150	5.64930602e+08
0.0750	0.1150	0.1250	7.15508849e+08
0.0750	0.1150	0.1350	7.16858081e+08
0.0750	0.1150	0.1450	6.08398730e+08
0.0750	0.1250	0.1250	7.26862234e+08
0.0750	0.1250	0.1350	7.74459068e+08
0.0750	0.1250	0.1450	6.82734961e+08
0.0750	0.1350	0.1350	6.12191824e+08
0.0750	0.1350	0.1450	7.41192010e+08
0.0750	0.1450	0.1450	5.79458523e+08
0.0850	0.0850	0.0850	1.57523550e+09
0.0850	0.0850	0.0950	7.50166184e+08
0.0850	0.0850	0.1050	5.17166281e+08
0.0850	0.0850	0.1150	7.76462210e+08
0.0850	0.0850	0.1250	9.57654770e+08
0.0850	0.0850	0.1350	9.14105228e+08
0.0850	0.0850	0.1450	8.78238150e+08
0.0850	0.0950	0.0950	1.05810589e+09
0.0850	0.0950	0.1050	9.32072419e+08
0.0850	0.0950	0.1150	8.87400970e+08
0.0850	0.0950	0.1250	6.99092683e+08
0.0850	0.0950	0.1350	5.67148013e+08
0.0850	0.0950	0.1450	8.64373800e+08
0.0850	0.1050	0.1050	9.44133709e+08
0.0850	0.1050	0.1150	5.76462802e+08
0.0850	0.1050	0.1250	5.96063773e+08
0.0850	0.1050	0.1350	7.67576674e+08
0.0850	0.1050	0.1450	6.55912140e+08
0.0850	0.1150	0.1150	6.51356360e+08
0.0850	0.1150	0.1250	6.19917279e+08
0.0850	0.1150	0.1350	6.11613138e+08
0.0850	0.1150	0.1450	6.54285915e+08
0.0850	0.1250	0.1250	5.52394388e+08
0.0850	0.1250	0.1350	5.34193010e+08
0.0850	0.1250	0.1450	6.53088568e+08
0.0850	0.1350	0.1350	4.19751787e+08
0.0850	0.1350	0.1450	5.62964025e+08
0.0850	0.1450	0.1450	4.83002708e+08
0.0950	0.0950	0.0950	4.56550767e+08
0.0950	0.0950	0.1050	9.10859140e+08
0.0950	0.0950	0.1150	5.44213983e+08
0.0950	0.0950	0.1250	7.71404401e+08
0.0950	0.0950	0.1350	6.13965987e+08
0.0950	0.0950	0.1450	7.52388797e+08
0.0950	0.1050	0.1050	7.07303408e+08
0.0950	0.1050	0.1150	5.91965696e+08
0.0950	0.1050	0.1250	7.41917649e+08
0.0950	0.1050	0.1350	6.00157417e+08
0.0950	0.1050	0.1450	6.14006580e+08
0.0950	0.1150	0.1150	9.28252614e+08
0.0950	0.1150	0.1250	6.29996803e+08
0.0950	0.1150	0.1350	6.72344494e+08
0.0950	0.1150	0.1450	4.87302577e+08
0.0950	0.1250	0.1250	3.67633798e+08
0.0950	0.1250	0.1350	5.75973791e+08
0.0950	0.1250	0.1450	5.99188915e+08
0.0950	0.1350	0.1350	6.43300318e+08
0.0950	0.1350	0.1450	4.66882677e+08
0.0950	0.1450	0.1450	5.89754030e+08
0.1050	0.1050	0.1050	2.66288703e+08
0.1050	0.1050	0.1150	4.67466520e+08
0.1050	0.1050	0.1250	5.51052382e+08
0.1050	0.1050	0.1350	3.95937698e+08
0.1050	0.1050	0.1450	5.52051246e+08
0.1050	0.1150	0.1150	5.75099256e+08
0.1050	0.1150	0.1250	5.34992170e+08
0.1050	0.1150	0.1350	6.01446221e+08
0.1050	0.1150	0.1450	5.14606349e+08
0.1050	0.1250	0.1250	5.20804955e+08
0.1050	0.1250	0.1350	5.70259548e+08
0.1050	0.1250	0.1450	4.57442583e+08
0.1050	0.1350	0.1350	5.22031363e+08
0.1050	0.1350	0.1450	3.93362427e+08
0.1050	0.1450	0.1450	3.43639136e+08
0.1150	0.1150	0.1150	3.57574696e+08
0.1150	0.1150	0.1250	4.50422005e+08
0.1150	0.1150	0.1350	4.78231723e+08
0.1150	0.1150	0.1450	4.32472817e+08
0.1150	0.1250	0.1250	6.09594654e+08
0.1150	0.1250	0.1350	4.40159589e+08
0.1150	0.1250	0.1450	4.54586057e+08
0.1150	0.1350	0.1350	4.75536166e+08
0.1150	0.1350	0.1450	4.16110626e+08
0.1150	0.1450	0.1450	5.33053052e+08
0.1250	0.1250	0.1250	6.00949554e+08
0.1250	0.1250	0.1350	4.90999595e+08
0.1250	0.1250	0.1450	3.12167702e+08
0.1250	0.1350	0.1350	2.59499293e+08
0.1250	0.1350	0.1450	5.14909531e+08
0.1250	0.1450	0.1450	3.22575503e+08
0.1350	0.1350	0.1350	3.73171279e+08
0.1350	0.1350	0.1450	3.65188404e+08
0.1350	0.1450	0.1450	3.35106620e+08
0.1450	0.1450	0.1450	4.02839091e+08
