####### Bispectrum of Patchy Simulation 1915 #############
# Patch: sgc
# z-type: z1
# Weights: fkp
# Fiducial Omega_m: 0.310
# Fiducial h: 0.676
# Boxsize: [1000.0, 1900.0, 1100.0]
# Grid: [95, 180, 105]
# k-binning: [0.000, 0.160, 0.010]
# Monte Carlo Simulations: 100
#
# Format: k1 | k2 | k3 | B(k1,k2,k3)
############################################
0.0150	0.0150	0.0150	4.09624492e+10
0.0150	0.0150	0.0250	-1.53227572e+10
0.0150	0.0150	0.0350	6.86043161e+10
0.0150	0.0250	0.0250	2.58139171e+10
0.0150	0.0250	0.0350	-1.26241929e+10
0.0150	0.0250	0.0450	1.17755567e+10
0.0150	0.0350	0.0350	1.50662327e+10
0.0150	0.0350	0.0450	-7.51912884e+09
0.0150	0.0350	0.0550	1.49501172e+10
0.0150	0.0450	0.0450	1.22881290e+10
0.0150	0.0450	0.0550	7.34528511e+09
0.0150	0.0450	0.0650	1.44743347e+10
0.0150	0.0550	0.0550	-1.28071986e+09
0.0150	0.0550	0.0650	9.57449696e+09
0.0150	0.0550	0.0750	5.42011862e+09
0.0150	0.0650	0.0650	-1.37973620e+09
0.0150	0.0650	0.0750	5.81227452e+09
0.0150	0.0650	0.0850	6.22636310e+09
0.0150	0.0750	0.0750	2.71945938e+09
0.0150	0.0750	0.0850	5.81172506e+09
0.0150	0.0750	0.0950	5.99195418e+09
0.0150	0.0850	0.0850	3.96788578e+09
0.0150	0.0850	0.0950	2.57993939e+09
0.0150	0.0850	0.1050	5.97303008e+09
0.0150	0.0950	0.0950	1.69054939e+09
0.0150	0.0950	0.1050	2.47785238e+09
0.0150	0.0950	0.1150	2.90193448e+09
0.0150	0.1050	0.1050	3.15581341e+09
0.0150	0.1050	0.1150	2.67087348e+09
0.0150	0.1050	0.1250	3.77088908e+09
0.0150	0.1150	0.1150	2.21354099e+09
0.0150	0.1150	0.1250	2.74832139e+09
0.0150	0.1150	0.1350	2.30603718e+09
0.0150	0.1250	0.1250	2.17587718e+09
0.0150	0.1250	0.1350	2.14136374e+09
0.0150	0.1250	0.1450	2.66813263e+09
0.0150	0.1350	0.1350	1.75970225e+09
0.0150	0.1350	0.1450	1.58017534e+09
0.0150	0.1450	0.1450	1.94895541e+09
0.0250	0.0250	0.0250	-1.07473509e+10
0.0250	0.0250	0.0350	-3.54359255e+09
0.0250	0.0250	0.0450	1.17843526e+10
0.0250	0.0250	0.0550	-1.40669763e+09
0.0250	0.0350	0.0350	8.53731955e+09
0.0250	0.0350	0.0450	4.07198579e+08
0.0250	0.0350	0.0550	1.69028980e+10
0.0250	0.0350	0.0650	-1.98499755e+09
0.0250	0.0450	0.0450	3.66286788e+09
0.0250	0.0450	0.0550	2.24784174e+09
0.0250	0.0450	0.0650	1.59574786e+09
0.0250	0.0450	0.0750	8.28541076e+08
0.0250	0.0550	0.0550	4.38098555e+09
0.0250	0.0550	0.0650	4.84560141e+09
0.0250	0.0550	0.0750	6.74278097e+09
0.0250	0.0550	0.0850	4.97468812e+09
0.0250	0.0650	0.0650	2.30076229e+09
0.0250	0.0650	0.0750	1.58556920e+09
0.0250	0.0650	0.0850	3.79252593e+09
0.0250	0.0650	0.0950	4.94900560e+09
0.0250	0.0750	0.0750	-1.47972199e+09
0.0250	0.0750	0.0850	3.31514863e+09
0.0250	0.0750	0.0950	4.41584120e+09
0.0250	0.0750	0.1050	3.72532603e+09
0.0250	0.0850	0.0850	2.26781175e+09
0.0250	0.0850	0.0950	2.14684295e+09
0.0250	0.0850	0.1050	3.54372771e+09
0.0250	0.0850	0.1150	3.56567106e+09
0.0250	0.0950	0.0950	1.18605609e+09
0.0250	0.0950	0.1050	2.29363102e+09
0.0250	0.0950	0.1150	2.06231241e+09
0.0250	0.0950	0.1250	3.31776662e+09
0.0250	0.1050	0.1050	1.36665354e+09
0.0250	0.1050	0.1150	1.25337343e+09
0.0250	0.1050	0.1250	1.69127561e+09
0.0250	0.1050	0.1350	9.12120101e+08
0.0250	0.1150	0.1150	1.11135291e+09
0.0250	0.1150	0.1250	1.56435902e+09
0.0250	0.1150	0.1350	2.53815393e+09
0.0250	0.1150	0.1450	2.22670252e+09
0.0250	0.1250	0.1250	9.14812767e+08
0.0250	0.1250	0.1350	8.36254320e+08
0.0250	0.1250	0.1450	1.23070526e+09
0.0250	0.1350	0.1350	9.00911743e+08
0.0250	0.1350	0.1450	1.13475105e+09
0.0250	0.1450	0.1450	5.86525252e+08
0.0350	0.0350	0.0350	1.26310738e+10
0.0350	0.0350	0.0450	7.41285225e+09
0.0350	0.0350	0.0550	-3.60100482e+09
0.0350	0.0350	0.0650	5.16910994e+08
0.0350	0.0350	0.0750	1.04392488e+10
0.0350	0.0450	0.0450	3.53307995e+09
0.0350	0.0450	0.0550	5.73355443e+09
0.0350	0.0450	0.0650	6.64663557e+09
0.0350	0.0450	0.0750	3.22989014e+09
0.0350	0.0450	0.0850	1.14642185e+10
0.0350	0.0550	0.0550	4.82214785e+09
0.0350	0.0550	0.0650	1.67356906e+09
0.0350	0.0550	0.0750	4.15177414e+09
0.0350	0.0550	0.0850	4.66092809e+09
0.0350	0.0550	0.0950	3.08494053e+09
0.0350	0.0650	0.0650	3.80742969e+09
0.0350	0.0650	0.0750	9.41108729e+08
0.0350	0.0650	0.0850	2.02514228e+09
0.0350	0.0650	0.0950	4.38689346e+09
0.0350	0.0650	0.1050	4.76162797e+09
0.0350	0.0750	0.0750	3.85363731e+09
0.0350	0.0750	0.0850	2.99183631e+09
0.0350	0.0750	0.0950	3.65029858e+09
0.0350	0.0750	0.1050	3.15348845e+09
0.0350	0.0750	0.1150	5.15224469e+09
0.0350	0.0850	0.0850	3.28669820e+09
0.0350	0.0850	0.0950	1.90591858e+09
0.0350	0.0850	0.1050	1.42349356e+09
0.0350	0.0850	0.1150	1.97171877e+09
0.0350	0.0850	0.1250	2.89647022e+09
0.0350	0.0950	0.0950	1.70975368e+09
0.0350	0.0950	0.1050	6.26961525e+08
0.0350	0.0950	0.1150	2.95558680e+09
0.0350	0.0950	0.1250	2.37741116e+09
0.0350	0.0950	0.1350	2.00113017e+09
0.0350	0.1050	0.1050	2.05138604e+09
0.0350	0.1050	0.1150	1.55042141e+09
0.0350	0.1050	0.1250	5.73897191e+08
0.0350	0.1050	0.1350	2.73899084e+09
0.0350	0.1050	0.1450	6.65260602e+08
0.0350	0.1150	0.1150	1.76422639e+09
0.0350	0.1150	0.1250	1.50917552e+09
0.0350	0.1150	0.1350	1.40085574e+09
0.0350	0.1150	0.1450	1.74562848e+09
0.0350	0.1250	0.1250	2.45795885e+08
0.0350	0.1250	0.1350	5.52909805e+08
0.0350	0.1250	0.1450	1.15800749e+09
0.0350	0.1350	0.1350	8.09238099e+08
0.0350	0.1350	0.1450	1.15526112e+09
0.0350	0.1450	0.1450	7.09696236e+08
0.0450	0.0450	0.0450	-2.82236234e+09
0.0450	0.0450	0.0550	3.16029429e+09
0.0450	0.0450	0.0650	3.22957258e+09
0.0450	0.0450	0.0750	1.63818461e+09
0.0450	0.0450	0.0850	4.89486647e+09
0.0450	0.0450	0.0950	9.01555753e+08
0.0450	0.0550	0.0550	1.35497739e+09
0.0450	0.0550	0.0650	2.96719219e+09
0.0450	0.0550	0.0750	3.24764379e+09
0.0450	0.0550	0.0850	2.38079202e+09
0.0450	0.0550	0.0950	3.20723507e+09
0.0450	0.0550	0.1050	1.23705795e+09
0.0450	0.0650	0.0650	1.33868625e+09
0.0450	0.0650	0.0750	2.96513295e+09
0.0450	0.0650	0.0850	3.20540643e+09
0.0450	0.0650	0.0950	3.23143471e+09
0.0450	0.0650	0.1050	2.32383305e+09
0.0450	0.0650	0.1150	3.67528034e+09
0.0450	0.0750	0.0750	6.33069508e+08
0.0450	0.0750	0.0850	2.20200359e+09
0.0450	0.0750	0.0950	1.71528000e+09
0.0450	0.0750	0.1050	2.91896362e+09
0.0450	0.0750	0.1150	2.37790010e+09
0.0450	0.0750	0.1250	1.22624102e+09
0.0450	0.0850	0.0850	2.09314626e+09
0.0450	0.0850	0.0950	1.34361163e+09
0.0450	0.0850	0.1050	1.41658010e+09
0.0450	0.0850	0.1150	1.76733507e+09
0.0450	0.0850	0.1250	2.85118150e+09
0.0450	0.0850	0.1350	1.71795305e+09
0.0450	0.0950	0.0950	1.47436370e+09
0.0450	0.0950	0.1050	1.66267141e+09
0.0450	0.0950	0.1150	1.19400205e+09
0.0450	0.0950	0.1250	9.69316700e+08
0.0450	0.0950	0.1350	2.47955902e+09
0.0450	0.0950	0.1450	1.46105571e+09
0.0450	0.1050	0.1050	-6.14318838e+07
0.0450	0.1050	0.1150	1.57557994e+09
0.0450	0.1050	0.1250	1.03600501e+09
0.0450	0.1050	0.1350	1.66944778e+09
0.0450	0.1050	0.1450	1.33827813e+09
0.0450	0.1150	0.1150	9.78854315e+08
0.0450	0.1150	0.1250	8.49643565e+08
0.0450	0.1150	0.1350	1.36989640e+09
0.0450	0.1150	0.1450	1.18555931e+09
0.0450	0.1250	0.1250	9.37653699e+08
0.0450	0.1250	0.1350	1.20825407e+09
0.0450	0.1250	0.1450	5.90406592e+08
0.0450	0.1350	0.1350	3.47388968e+08
0.0450	0.1350	0.1450	1.00746135e+09
0.0450	0.1450	0.1450	1.20774882e+09
0.0550	0.0550	0.0550	3.49321439e+09
0.0550	0.0550	0.0650	7.08403337e+08
0.0550	0.0550	0.0750	3.01527042e+09
0.0550	0.0550	0.0850	2.10107807e+09
0.0550	0.0550	0.0950	2.45195378e+09
0.0550	0.0550	0.1050	4.42906965e+09
0.0550	0.0550	0.1150	-1.93201496e+08
0.0550	0.0650	0.0650	3.04880807e+09
0.0550	0.0650	0.0750	1.75382465e+09
0.0550	0.0650	0.0850	1.46408915e+09
0.0550	0.0650	0.0950	2.37477173e+09
0.0550	0.0650	0.1050	1.30733772e+09
0.0550	0.0650	0.1150	3.26428892e+09
0.0550	0.0650	0.1250	3.13390226e+09
0.0550	0.0750	0.0750	2.45923944e+09
0.0550	0.0750	0.0850	1.80969724e+09
0.0550	0.0750	0.0950	1.00148483e+09
0.0550	0.0750	0.1050	1.48486748e+09
0.0550	0.0750	0.1150	1.83442167e+09
0.0550	0.0750	0.1250	2.10129020e+09
0.0550	0.0750	0.1350	3.88149783e+09
0.0550	0.0850	0.0850	2.74304763e+08
0.0550	0.0850	0.0950	1.46655346e+09
0.0550	0.0850	0.1050	1.22035332e+09
0.0550	0.0850	0.1150	1.79196387e+09
0.0550	0.0850	0.1250	1.57057750e+09
0.0550	0.0850	0.1350	1.79952293e+09
0.0550	0.0850	0.1450	1.95308635e+09
0.0550	0.0950	0.0950	1.56780618e+09
0.0550	0.0950	0.1050	8.62009688e+08
0.0550	0.0950	0.1150	1.58718385e+09
0.0550	0.0950	0.1250	1.26530744e+09
0.0550	0.0950	0.1350	8.53943767e+08
0.0550	0.0950	0.1450	1.63780943e+09
0.0550	0.1050	0.1050	1.67081420e+09
0.0550	0.1050	0.1150	5.36940671e+08
0.0550	0.1050	0.1250	7.70135059e+08
0.0550	0.1050	0.1350	1.28885257e+09
0.0550	0.1050	0.1450	1.33224131e+09
0.0550	0.1150	0.1150	1.25526048e+09
0.0550	0.1150	0.1250	1.03440571e+09
0.0550	0.1150	0.1350	1.05673142e+09
0.0550	0.1150	0.1450	1.23910429e+09
0.0550	0.1250	0.1250	7.54307032e+08
0.0550	0.1250	0.1350	1.00793551e+09
0.0550	0.1250	0.1450	8.68569131e+08
0.0550	0.1350	0.1350	9.02080486e+07
0.0550	0.1350	0.1450	6.62353374e+08
0.0550	0.1450	0.1450	5.65487299e+08
0.0650	0.0650	0.0650	3.28357537e+09
0.0650	0.0650	0.0750	4.96192364e+08
0.0650	0.0650	0.0850	1.48480733e+09
0.0650	0.0650	0.0950	3.44210842e+08
0.0650	0.0650	0.1050	1.89541194e+09
0.0650	0.0650	0.1150	1.55605135e+09
0.0650	0.0650	0.1250	2.02197997e+09
0.0650	0.0650	0.1350	1.27200303e+09
0.0650	0.0750	0.0750	1.10755705e+09
0.0650	0.0750	0.0850	2.40667361e+09
0.0650	0.0750	0.0950	1.94594836e+09
0.0650	0.0750	0.1050	1.49169989e+09
0.0650	0.0750	0.1150	2.12553836e+09
0.0650	0.0750	0.1250	2.15756021e+09
0.0650	0.0750	0.1350	1.43487602e+09
0.0650	0.0750	0.1450	2.31978530e+09
0.0650	0.0850	0.0850	6.59659747e+08
0.0650	0.0850	0.0950	1.99711236e+09
0.0650	0.0850	0.1050	4.74420568e+08
0.0650	0.0850	0.1150	8.86276136e+08
0.0650	0.0850	0.1250	1.12602973e+09
0.0650	0.0850	0.1350	1.37469927e+09
0.0650	0.0850	0.1450	1.78336429e+09
0.0650	0.0950	0.0950	5.75179898e+08
0.0650	0.0950	0.1050	1.14772410e+09
0.0650	0.0950	0.1150	6.04846356e+08
0.0650	0.0950	0.1250	1.24120844e+09
0.0650	0.0950	0.1350	1.00941214e+09
0.0650	0.0950	0.1450	1.17435647e+09
0.0650	0.1050	0.1050	5.14364525e+08
0.0650	0.1050	0.1150	1.13366627e+09
0.0650	0.1050	0.1250	5.59413147e+08
0.0650	0.1050	0.1350	1.06794771e+09
0.0650	0.1050	0.1450	9.79509011e+08
0.0650	0.1150	0.1150	9.14445110e+08
0.0650	0.1150	0.1250	1.22614528e+09
0.0650	0.1150	0.1350	8.28813443e+08
0.0650	0.1150	0.1450	8.05890802e+08
0.0650	0.1250	0.1250	2.56299717e+08
0.0650	0.1250	0.1350	7.80631962e+08
0.0650	0.1250	0.1450	7.88984509e+08
0.0650	0.1350	0.1350	9.89931474e+08
0.0650	0.1350	0.1450	6.31819119e+08
0.0650	0.1450	0.1450	7.86474899e+08
0.0750	0.0750	0.0750	2.80047395e+09
0.0750	0.0750	0.0850	5.90296935e+08
0.0750	0.0750	0.0950	1.25040802e+09
0.0750	0.0750	0.1050	1.06415104e+09
0.0750	0.0750	0.1150	1.59337564e+09
0.0750	0.0750	0.1250	2.31435546e+08
0.0750	0.0750	0.1350	2.20278554e+09
0.0750	0.0750	0.1450	1.12518083e+09
0.0750	0.0850	0.0850	8.61908707e+08
0.0750	0.0850	0.0950	1.39223534e+09
0.0750	0.0850	0.1050	8.63511253e+08
0.0750	0.0850	0.1150	1.21159533e+09
0.0750	0.0850	0.1250	5.45274005e+08
0.0750	0.0850	0.1350	1.19264453e+09
0.0750	0.0850	0.1450	1.11438143e+09
0.0750	0.0950	0.0950	1.38665041e+09
0.0750	0.0950	0.1050	6.35890224e+08
0.0750	0.0950	0.1150	8.67974011e+08
0.0750	0.0950	0.1250	1.01941857e+09
0.0750	0.0950	0.1350	8.96300643e+08
0.0750	0.0950	0.1450	1.31978718e+09
0.0750	0.1050	0.1050	5.94216298e+08
0.0750	0.1050	0.1150	8.40603965e+08
0.0750	0.1050	0.1250	9.65014283e+08
0.0750	0.1050	0.1350	6.89945019e+08
0.0750	0.1050	0.1450	1.00205280e+09
0.0750	0.1150	0.1150	9.55867234e+08
0.0750	0.1150	0.1250	5.01031183e+08
0.0750	0.1150	0.1350	6.41394768e+08
0.0750	0.1150	0.1450	7.62056917e+08
0.0750	0.1250	0.1250	7.71861204e+08
0.0750	0.1250	0.1350	6.74023201e+08
0.0750	0.1250	0.1450	4.63725254e+08
0.0750	0.1350	0.1350	8.49456880e+08
0.0750	0.1350	0.1450	8.64745768e+08
0.0750	0.1450	0.1450	3.71111408e+08
0.0850	0.0850	0.0850	8.38798517e+08
0.0850	0.0850	0.0950	1.53194897e+09
0.0850	0.0850	0.1050	7.84434946e+08
0.0850	0.0850	0.1150	6.34528422e+08
0.0850	0.0850	0.1250	1.06980180e+09
0.0850	0.0850	0.1350	9.96861382e+08
0.0850	0.0850	0.1450	1.15976979e+09
0.0850	0.0950	0.0950	2.90104992e+08
0.0850	0.0950	0.1050	7.69836829e+08
0.0850	0.0950	0.1150	1.14683736e+09
0.0850	0.0950	0.1250	4.91584517e+08
0.0850	0.0950	0.1350	5.49763475e+08
0.0850	0.0950	0.1450	8.15890363e+08
0.0850	0.1050	0.1050	3.86899524e+08
0.0850	0.1050	0.1150	6.40030308e+08
0.0850	0.1050	0.1250	5.86193113e+08
0.0850	0.1050	0.1350	5.28427081e+08
0.0850	0.1050	0.1450	8.00460539e+08
0.0850	0.1150	0.1150	2.91496211e+08
0.0850	0.1150	0.1250	7.89362048e+08
0.0850	0.1150	0.1350	6.20787274e+08
0.0850	0.1150	0.1450	5.41205684e+08
0.0850	0.1250	0.1250	7.83864384e+07
0.0850	0.1250	0.1350	5.55743133e+08
0.0850	0.1250	0.1450	3.10508239e+08
0.0850	0.1350	0.1350	7.48154642e+08
0.0850	0.1350	0.1450	4.69940506e+08
0.0850	0.1450	0.1450	3.07650359e+08
0.0950	0.0950	0.0950	1.82899787e+09
0.0950	0.0950	0.1050	7.36450198e+08
0.0950	0.0950	0.1150	6.53448015e+08
0.0950	0.0950	0.1250	6.18081676e+08
0.0950	0.0950	0.1350	4.37512003e+08
0.0950	0.0950	0.1450	6.66548961e+08
0.0950	0.1050	0.1050	8.12338742e+08
0.0950	0.1050	0.1150	6.47762583e+08
0.0950	0.1050	0.1250	3.64690815e+08
0.0950	0.1050	0.1350	5.71836305e+08
0.0950	0.1050	0.1450	4.90920922e+08
0.0950	0.1150	0.1150	7.22501688e+08
0.0950	0.1150	0.1250	8.36751566e+08
0.0950	0.1150	0.1350	4.72522151e+08
0.0950	0.1150	0.1450	6.22242921e+08
0.0950	0.1250	0.1250	7.82710907e+07
0.0950	0.1250	0.1350	4.27342105e+08
0.0950	0.1250	0.1450	6.20197918e+08
0.0950	0.1350	0.1350	3.34047266e+08
0.0950	0.1350	0.1450	4.60856452e+08
0.0950	0.1450	0.1450	4.06295602e+08
0.1050	0.1050	0.1050	1.50334948e+08
0.1050	0.1050	0.1150	2.20559275e+08
0.1050	0.1050	0.1250	6.92258156e+08
0.1050	0.1050	0.1350	5.39817972e+08
0.1050	0.1050	0.1450	4.95087382e+08
0.1050	0.1150	0.1150	8.11985711e+08
0.1050	0.1150	0.1250	4.93243230e+08
0.1050	0.1150	0.1350	4.57721869e+08
0.1050	0.1150	0.1450	5.72553067e+08
0.1050	0.1250	0.1250	5.95721483e+08
0.1050	0.1250	0.1350	3.57436341e+08
0.1050	0.1250	0.1450	3.68697093e+08
0.1050	0.1350	0.1350	4.60577734e+08
0.1050	0.1350	0.1450	3.64691747e+08
0.1050	0.1450	0.1450	3.45454078e+08
0.1150	0.1150	0.1150	7.29981385e+08
0.1150	0.1150	0.1250	4.01280597e+08
0.1150	0.1150	0.1350	7.63102677e+08
0.1150	0.1150	0.1450	4.00416327e+08
0.1150	0.1250	0.1250	5.69695108e+08
0.1150	0.1250	0.1350	4.95409076e+08
0.1150	0.1250	0.1450	4.08794619e+08
0.1150	0.1350	0.1350	4.66521299e+08
0.1150	0.1350	0.1450	2.70953750e+08
0.1150	0.1450	0.1450	4.13207076e+08
0.1250	0.1250	0.1250	7.49791145e+08
0.1250	0.1250	0.1350	3.07179269e+08
0.1250	0.1250	0.1450	3.34947854e+08
0.1250	0.1350	0.1350	5.04786751e+08
0.1250	0.1350	0.1450	3.58499435e+08
0.1250	0.1450	0.1450	1.82937410e+08
0.1350	0.1350	0.1350	4.69902911e+08
0.1350	0.1350	0.1450	3.13155984e+08
0.1350	0.1450	0.1450	2.54523113e+08
0.1450	0.1450	0.1450	2.82499993e+08
