####### Bispectrum of Patchy Simulation 1899 #############
# Patch: sgc
# z-type: z3
# Weights: fkp
# Fiducial Omega_m: 0.310
# Fiducial h: 0.676
# Boxsize: [1000.0, 2600.0, 1500.0]
# Grid: [95, 250, 140]
# k-binning: [0.000, 0.160, 0.010]
# Monte Carlo Simulations: 100
#
# Format: k1 | k2 | k3 | B(k1,k2,k3)
############################################
0.0150	0.0150	0.0150	-7.76268223e+10
0.0150	0.0150	0.0250	1.25685764e+10
0.0150	0.0150	0.0350	-3.46632843e+10
0.0150	0.0250	0.0250	-1.53926262e+09
0.0150	0.0250	0.0350	4.35628171e+09
0.0150	0.0250	0.0450	5.67839247e+09
0.0150	0.0350	0.0350	1.55275206e+10
0.0150	0.0350	0.0450	1.12816102e+10
0.0150	0.0350	0.0550	1.31195750e+10
0.0150	0.0450	0.0450	1.98141111e+09
0.0150	0.0450	0.0550	6.74458220e+09
0.0150	0.0450	0.0650	1.35887185e+10
0.0150	0.0550	0.0550	-1.46502492e+09
0.0150	0.0550	0.0650	2.42546074e+09
0.0150	0.0550	0.0750	1.79058316e+09
0.0150	0.0650	0.0650	4.59353904e+09
0.0150	0.0650	0.0750	4.87774084e+09
0.0150	0.0650	0.0850	8.78559230e+09
0.0150	0.0750	0.0750	7.82272088e+09
0.0150	0.0750	0.0850	2.65869416e+09
0.0150	0.0750	0.0950	4.31607933e+09
0.0150	0.0850	0.0850	4.37755888e+09
0.0150	0.0850	0.0950	3.61183783e+09
0.0150	0.0850	0.1050	1.94430851e+09
0.0150	0.0950	0.0950	1.62608292e+09
0.0150	0.0950	0.1050	4.70272262e+09
0.0150	0.0950	0.1150	-4.26856361e+08
0.0150	0.1050	0.1050	4.05176343e+08
0.0150	0.1050	0.1150	1.79655961e+09
0.0150	0.1050	0.1250	4.16955690e+09
0.0150	0.1150	0.1150	1.70313408e+09
0.0150	0.1150	0.1250	1.70946031e+09
0.0150	0.1150	0.1350	2.77350410e+09
0.0150	0.1250	0.1250	1.70825611e+09
0.0150	0.1250	0.1350	2.24176023e+09
0.0150	0.1250	0.1450	1.36062520e+09
0.0150	0.1350	0.1350	1.28939739e+09
0.0150	0.1350	0.1450	1.74515396e+09
0.0150	0.1450	0.1450	1.06637855e+09
0.0250	0.0250	0.0250	1.50609109e+10
0.0250	0.0250	0.0350	-4.95494403e+09
0.0250	0.0250	0.0450	1.93138188e+10
0.0250	0.0250	0.0550	-9.66591119e+09
0.0250	0.0350	0.0350	2.08145024e+09
0.0250	0.0350	0.0450	1.64128663e+08
0.0250	0.0350	0.0550	7.47366201e+09
0.0250	0.0350	0.0650	-2.80577996e+09
0.0250	0.0450	0.0450	1.51163525e+10
0.0250	0.0450	0.0550	2.58011601e+09
0.0250	0.0450	0.0650	9.55325113e+09
0.0250	0.0450	0.0750	9.67422640e+08
0.0250	0.0550	0.0550	4.63610401e+09
0.0250	0.0550	0.0650	2.88147528e+09
0.0250	0.0550	0.0750	7.23084048e+09
0.0250	0.0550	0.0850	5.58147640e+09
0.0250	0.0650	0.0650	5.32209427e+09
0.0250	0.0650	0.0750	4.62678810e+09
0.0250	0.0650	0.0850	4.62113120e+09
0.0250	0.0650	0.0950	8.61098334e+09
0.0250	0.0750	0.0750	1.61203781e+09
0.0250	0.0750	0.0850	4.20274455e+09
0.0250	0.0750	0.0950	3.65577229e+09
0.0250	0.0750	0.1050	4.40485222e+09
0.0250	0.0850	0.0850	7.83128757e+08
0.0250	0.0850	0.0950	1.44462179e+09
0.0250	0.0850	0.1050	3.27416484e+09
0.0250	0.0850	0.1150	2.65772243e+09
0.0250	0.0950	0.0950	1.36950264e+09
0.0250	0.0950	0.1050	2.90306194e+09
0.0250	0.0950	0.1150	2.66937367e+09
0.0250	0.0950	0.1250	4.37643666e+09
0.0250	0.1050	0.1050	1.40877974e+09
0.0250	0.1050	0.1150	1.25663292e+09
0.0250	0.1050	0.1250	1.83344859e+09
0.0250	0.1050	0.1350	4.33998964e+09
0.0250	0.1150	0.1150	8.80957884e+08
0.0250	0.1150	0.1250	2.01717043e+09
0.0250	0.1150	0.1350	2.41772263e+09
0.0250	0.1150	0.1450	3.07370597e+09
0.0250	0.1250	0.1250	2.69924032e+09
0.0250	0.1250	0.1350	1.14415178e+09
0.0250	0.1250	0.1450	2.23811269e+09
0.0250	0.1350	0.1350	1.90515604e+09
0.0250	0.1350	0.1450	2.29344403e+09
0.0250	0.1450	0.1450	1.61206460e+09
0.0350	0.0350	0.0350	-7.75245833e+09
0.0350	0.0350	0.0450	3.70589949e+09
0.0350	0.0350	0.0550	1.59914925e+09
0.0350	0.0350	0.0650	6.91267044e+09
0.0350	0.0350	0.0750	-2.13675218e+08
0.0350	0.0450	0.0450	2.23718405e+09
0.0350	0.0450	0.0550	3.86863361e+09
0.0350	0.0450	0.0650	9.10576747e+08
0.0350	0.0450	0.0750	4.22523675e+09
0.0350	0.0450	0.0850	3.56337971e+09
0.0350	0.0550	0.0550	3.16872961e+09
0.0350	0.0550	0.0650	3.04683164e+09
0.0350	0.0550	0.0750	9.14898640e+08
0.0350	0.0550	0.0850	3.50740617e+09
0.0350	0.0550	0.0950	2.01155708e+09
0.0350	0.0650	0.0650	2.79949928e+09
0.0350	0.0650	0.0750	2.53039748e+09
0.0350	0.0650	0.0850	3.01359737e+09
0.0350	0.0650	0.0950	3.83271832e+09
0.0350	0.0650	0.1050	1.06683895e+09
0.0350	0.0750	0.0750	1.09232448e+09
0.0350	0.0750	0.0850	3.11901395e+09
0.0350	0.0750	0.0950	2.28731363e+09
0.0350	0.0750	0.1050	2.79924377e+09
0.0350	0.0750	0.1150	1.50726155e+09
0.0350	0.0850	0.0850	2.25326479e+09
0.0350	0.0850	0.0950	2.61070780e+09
0.0350	0.0850	0.1050	2.56073971e+09
0.0350	0.0850	0.1150	3.08295981e+09
0.0350	0.0850	0.1250	7.82143123e+08
0.0350	0.0950	0.0950	1.20982037e+09
0.0350	0.0950	0.1050	1.72905647e+09
0.0350	0.0950	0.1150	2.24795028e+09
0.0350	0.0950	0.1250	2.85201181e+09
0.0350	0.0950	0.1350	6.02956493e+07
0.0350	0.1050	0.1050	2.46805642e+09
0.0350	0.1050	0.1150	7.45871449e+08
0.0350	0.1050	0.1250	1.34873277e+09
0.0350	0.1050	0.1350	2.81698453e+09
0.0350	0.1050	0.1450	8.79680075e+08
0.0350	0.1150	0.1150	1.04389791e+09
0.0350	0.1150	0.1250	9.58721281e+08
0.0350	0.1150	0.1350	1.62056726e+09
0.0350	0.1150	0.1450	1.80943980e+09
0.0350	0.1250	0.1250	1.32593567e+09
0.0350	0.1250	0.1350	1.41406654e+09
0.0350	0.1250	0.1450	9.66120466e+08
0.0350	0.1350	0.1350	1.57382650e+09
0.0350	0.1350	0.1450	1.29503285e+09
0.0350	0.1450	0.1450	4.26255364e+08
0.0450	0.0450	0.0450	2.30821179e+09
0.0450	0.0450	0.0550	4.51999451e+09
0.0450	0.0450	0.0650	1.72486063e+09
0.0450	0.0450	0.0750	1.73598817e+09
0.0450	0.0450	0.0850	2.43332198e+09
0.0450	0.0450	0.0950	6.26304234e+08
0.0450	0.0550	0.0550	1.54284129e+09
0.0450	0.0550	0.0650	3.88266505e+09
0.0450	0.0550	0.0750	2.93355633e+09
0.0450	0.0550	0.0850	2.74642998e+09
0.0450	0.0550	0.0950	4.01356656e+09
0.0450	0.0550	0.1050	5.52813604e+09
0.0450	0.0650	0.0650	4.14242300e+09
0.0450	0.0650	0.0750	1.98883267e+09
0.0450	0.0650	0.0850	2.00870764e+09
0.0450	0.0650	0.0950	1.90422914e+09
0.0450	0.0650	0.1050	3.67008245e+09
0.0450	0.0650	0.1150	1.01474503e+09
0.0450	0.0750	0.0750	1.23153834e+09
0.0450	0.0750	0.0850	2.75843764e+09
0.0450	0.0750	0.0950	1.80094853e+09
0.0450	0.0750	0.1050	2.54240906e+09
0.0450	0.0750	0.1150	2.11327727e+09
0.0450	0.0750	0.1250	-6.00598613e+07
0.0450	0.0850	0.0850	1.36340093e+09
0.0450	0.0850	0.0950	1.22524503e+09
0.0450	0.0850	0.1050	2.02460188e+09
0.0450	0.0850	0.1150	1.49505255e+09
0.0450	0.0850	0.1250	2.24085942e+09
0.0450	0.0850	0.1350	5.25872106e+08
0.0450	0.0950	0.0950	3.91675284e+08
0.0450	0.0950	0.1050	1.05931701e+09
0.0450	0.0950	0.1150	1.71733068e+09
0.0450	0.0950	0.1250	1.54167141e+09
0.0450	0.0950	0.1350	1.86306752e+09
0.0450	0.0950	0.1450	-4.31161336e+08
0.0450	0.1050	0.1050	1.63805569e+09
0.0450	0.1050	0.1150	8.36724454e+08
0.0450	0.1050	0.1250	1.04599774e+09
0.0450	0.1050	0.1350	1.36870731e+09
0.0450	0.1050	0.1450	1.24132892e+09
0.0450	0.1150	0.1150	7.25033937e+08
0.0450	0.1150	0.1250	1.88395380e+09
0.0450	0.1150	0.1350	1.03059489e+09
0.0450	0.1150	0.1450	1.58986004e+09
0.0450	0.1250	0.1250	7.42959654e+08
0.0450	0.1250	0.1350	8.67659254e+08
0.0450	0.1250	0.1450	9.45825728e+08
0.0450	0.1350	0.1350	6.74290566e+08
0.0450	0.1350	0.1450	9.15094727e+08
0.0450	0.1450	0.1450	1.22055977e+09
0.0550	0.0550	0.0550	2.58348019e+08
0.0550	0.0550	0.0650	-8.38081161e+08
0.0550	0.0550	0.0750	3.76856616e+08
0.0550	0.0550	0.0850	1.76017015e+09
0.0550	0.0550	0.0950	2.92387582e+09
0.0550	0.0550	0.1050	2.01295607e+09
0.0550	0.0550	0.1150	4.22530549e+09
0.0550	0.0650	0.0650	3.12615003e+09
0.0550	0.0650	0.0750	2.35042619e+09
0.0550	0.0650	0.0850	2.13373483e+09
0.0550	0.0650	0.0950	2.00344873e+09
0.0550	0.0650	0.1050	2.23428233e+09
0.0550	0.0650	0.1150	2.54112014e+09
0.0550	0.0650	0.1250	1.67685739e+09
0.0550	0.0750	0.0750	1.54480470e+09
0.0550	0.0750	0.0850	1.73968080e+09
0.0550	0.0750	0.0950	2.06566162e+09
0.0550	0.0750	0.1050	1.33061494e+09
0.0550	0.0750	0.1150	2.26622898e+09
0.0550	0.0750	0.1250	2.32175050e+09
0.0550	0.0750	0.1350	3.92228245e+09
0.0550	0.0850	0.0850	9.95197154e+08
0.0550	0.0850	0.0950	1.33823456e+09
0.0550	0.0850	0.1050	1.26337004e+09
0.0550	0.0850	0.1150	8.92364625e+08
0.0550	0.0850	0.1250	1.57508804e+09
0.0550	0.0850	0.1350	1.90023291e+09
0.0550	0.0850	0.1450	2.54213926e+09
0.0550	0.0950	0.0950	8.63348543e+08
0.0550	0.0950	0.1050	1.77741874e+09
0.0550	0.0950	0.1150	9.28864273e+08
0.0550	0.0950	0.1250	1.43972827e+09
0.0550	0.0950	0.1350	1.55199022e+09
0.0550	0.0950	0.1450	1.68058482e+09
0.0550	0.1050	0.1050	1.76707361e+09
0.0550	0.1050	0.1150	1.16652538e+09
0.0550	0.1050	0.1250	1.12743441e+09
0.0550	0.1050	0.1350	1.12555558e+09
0.0550	0.1050	0.1450	9.85357853e+08
0.0550	0.1150	0.1150	9.78372761e+08
0.0550	0.1150	0.1250	1.19296994e+09
0.0550	0.1150	0.1350	1.24893090e+09
0.0550	0.1150	0.1450	1.16267541e+09
0.0550	0.1250	0.1250	9.65027453e+08
0.0550	0.1250	0.1350	6.27713564e+08
0.0550	0.1250	0.1450	1.06682172e+09
0.0550	0.1350	0.1350	1.10462194e+09
0.0550	0.1350	0.1450	5.50953626e+08
0.0550	0.1450	0.1450	9.08326103e+08
0.0650	0.0650	0.0650	3.76379027e+09
0.0650	0.0650	0.0750	3.35894276e+09
0.0650	0.0650	0.0850	1.08772374e+09
0.0650	0.0650	0.0950	4.12262306e+08
0.0650	0.0650	0.1050	2.67719943e+09
0.0650	0.0650	0.1150	2.35310111e+09
0.0650	0.0650	0.1250	1.61613109e+09
0.0650	0.0650	0.1350	1.24008340e+09
0.0650	0.0750	0.0750	1.59447852e+09
0.0650	0.0750	0.0850	2.33781494e+09
0.0650	0.0750	0.0950	9.80831019e+08
0.0650	0.0750	0.1050	1.93724769e+09
0.0650	0.0750	0.1150	2.54001826e+09
0.0650	0.0750	0.1250	2.03031199e+09
0.0650	0.0750	0.1350	2.30833638e+09
0.0650	0.0750	0.1450	7.49760630e+08
0.0650	0.0850	0.0850	1.57032757e+09
0.0650	0.0850	0.0950	1.87280408e+09
0.0650	0.0850	0.1050	1.57996467e+09
0.0650	0.0850	0.1150	9.87497419e+08
0.0650	0.0850	0.1250	1.14459805e+09
0.0650	0.0850	0.1350	1.59611494e+09
0.0650	0.0850	0.1450	1.50468174e+09
0.0650	0.0950	0.0950	1.16699101e+09
0.0650	0.0950	0.1050	1.94170704e+09
0.0650	0.0950	0.1150	1.47852071e+09
0.0650	0.0950	0.1250	1.36009155e+09
0.0650	0.0950	0.1350	1.37168397e+09
0.0650	0.0950	0.1450	1.49359595e+09
0.0650	0.1050	0.1050	7.20649979e+08
0.0650	0.1050	0.1150	1.26177541e+09
0.0650	0.1050	0.1250	1.07866651e+09
0.0650	0.1050	0.1350	1.35077953e+09
0.0650	0.1050	0.1450	1.35968860e+09
0.0650	0.1150	0.1150	1.55252780e+09
0.0650	0.1150	0.1250	1.13111405e+09
0.0650	0.1150	0.1350	1.34119518e+09
0.0650	0.1150	0.1450	9.19669702e+08
0.0650	0.1250	0.1250	1.55741926e+09
0.0650	0.1250	0.1350	2.49423586e+08
0.0650	0.1250	0.1450	9.26320279e+08
0.0650	0.1350	0.1350	7.07041888e+08
0.0650	0.1350	0.1450	1.26822967e+09
0.0650	0.1450	0.1450	5.92680644e+08
0.0750	0.0750	0.0750	3.06705901e+09
0.0750	0.0750	0.0850	1.77282128e+09
0.0750	0.0750	0.0950	7.33548365e+08
0.0750	0.0750	0.1050	1.29059288e+09
0.0750	0.0750	0.1150	1.45324955e+09
0.0750	0.0750	0.1250	1.15656209e+09
0.0750	0.0750	0.1350	1.71000563e+09
0.0750	0.0750	0.1450	1.65886054e+09
0.0750	0.0850	0.0850	8.85964227e+08
0.0750	0.0850	0.0950	1.13720949e+09
0.0750	0.0850	0.1050	6.90054760e+08
0.0750	0.0850	0.1150	1.80639889e+09
0.0750	0.0850	0.1250	1.06957489e+09
0.0750	0.0850	0.1350	1.22861415e+09
0.0750	0.0850	0.1450	1.29229403e+09
0.0750	0.0950	0.0950	1.25055887e+09
0.0750	0.0950	0.1050	5.94047073e+08
0.0750	0.0950	0.1150	1.00585070e+09
0.0750	0.0950	0.1250	5.35907790e+08
0.0750	0.0950	0.1350	1.07104261e+09
0.0750	0.0950	0.1450	1.34466492e+09
0.0750	0.1050	0.1050	1.15311364e+09
0.0750	0.1050	0.1150	6.73885230e+08
0.0750	0.1050	0.1250	5.90950763e+08
0.0750	0.1050	0.1350	9.93275908e+08
0.0750	0.1050	0.1450	9.72973023e+08
0.0750	0.1150	0.1150	9.60240197e+08
0.0750	0.1150	0.1250	4.86785663e+08
0.0750	0.1150	0.1350	7.24642092e+08
0.0750	0.1150	0.1450	7.72297294e+08
0.0750	0.1250	0.1250	6.57545880e+08
0.0750	0.1250	0.1350	8.38063009e+08
0.0750	0.1250	0.1450	9.26495383e+08
0.0750	0.1350	0.1350	7.35090635e+08
0.0750	0.1350	0.1450	6.02372714e+08
0.0750	0.1450	0.1450	8.48448535e+08
0.0850	0.0850	0.0850	2.29100862e+09
0.0850	0.0850	0.0950	1.23119807e+09
0.0850	0.0850	0.1050	1.76436172e+09
0.0850	0.0850	0.1150	7.03730609e+08
0.0850	0.0850	0.1250	1.27465758e+09
0.0850	0.0850	0.1350	1.11365221e+09
0.0850	0.0850	0.1450	1.00928401e+09
0.0850	0.0950	0.0950	1.84026699e+08
0.0850	0.0950	0.1050	1.09015222e+09
0.0850	0.0950	0.1150	9.53906242e+08
0.0850	0.0950	0.1250	5.05060920e+08
0.0850	0.0950	0.1350	1.01871522e+09
0.0850	0.0950	0.1450	1.08369774e+09
0.0850	0.1050	0.1050	7.89289770e+08
0.0850	0.1050	0.1150	9.42508678e+08
0.0850	0.1050	0.1250	1.00752212e+09
0.0850	0.1050	0.1350	5.75804537e+08
0.0850	0.1050	0.1450	6.82665588e+08
0.0850	0.1150	0.1150	8.63923874e+08
0.0850	0.1150	0.1250	1.02682637e+09
0.0850	0.1150	0.1350	8.70822768e+08
0.0850	0.1150	0.1450	7.20456661e+08
0.0850	0.1250	0.1250	8.60735217e+08
0.0850	0.1250	0.1350	6.42627840e+08
0.0850	0.1250	0.1450	8.10381053e+08
0.0850	0.1350	0.1350	6.20294652e+08
0.0850	0.1350	0.1450	7.67765142e+08
0.0850	0.1450	0.1450	9.75184138e+07
0.0950	0.0950	0.0950	1.46981602e+09
0.0950	0.0950	0.1050	1.50329258e+08
0.0950	0.0950	0.1150	9.56031562e+08
0.0950	0.0950	0.1250	4.60269523e+08
0.0950	0.0950	0.1350	1.27284760e+09
0.0950	0.0950	0.1450	4.09841192e+08
0.0950	0.1050	0.1050	9.06870114e+08
0.0950	0.1050	0.1150	7.20745228e+08
0.0950	0.1050	0.1250	8.93518493e+08
0.0950	0.1050	0.1350	7.77211452e+08
0.0950	0.1050	0.1450	6.21012447e+08
0.0950	0.1150	0.1150	7.76914827e+08
0.0950	0.1150	0.1250	6.51449092e+08
0.0950	0.1150	0.1350	6.76990133e+08
0.0950	0.1150	0.1450	7.09547951e+08
0.0950	0.1250	0.1250	6.07147885e+08
0.0950	0.1250	0.1350	3.97115660e+08
0.0950	0.1250	0.1450	5.73384758e+08
0.0950	0.1350	0.1350	9.71365381e+08
0.0950	0.1350	0.1450	6.35215149e+08
0.0950	0.1450	0.1450	3.58193262e+08
0.1050	0.1050	0.1050	7.09793765e+08
0.1050	0.1050	0.1150	4.63353437e+08
0.1050	0.1050	0.1250	8.00370908e+08
0.1050	0.1050	0.1350	5.10577160e+08
0.1050	0.1050	0.1450	7.48231241e+08
0.1050	0.1150	0.1150	4.10950884e+08
0.1050	0.1150	0.1250	8.00982685e+08
0.1050	0.1150	0.1350	5.13613406e+08
0.1050	0.1150	0.1450	5.80047544e+08
0.1050	0.1250	0.1250	3.14478362e+08
0.1050	0.1250	0.1350	5.24523456e+08
0.1050	0.1250	0.1450	6.31972866e+08
0.1050	0.1350	0.1350	4.80775039e+08
0.1050	0.1350	0.1450	5.27077687e+08
0.1050	0.1450	0.1450	6.87281813e+08
0.1150	0.1150	0.1150	7.07845388e+08
0.1150	0.1150	0.1250	6.26684432e+08
0.1150	0.1150	0.1350	6.60715102e+08
0.1150	0.1150	0.1450	7.36866646e+08
0.1150	0.1250	0.1250	6.17283283e+08
0.1150	0.1250	0.1350	5.19051570e+08
0.1150	0.1250	0.1450	4.32223676e+08
0.1150	0.1350	0.1350	6.62356890e+08
0.1150	0.1350	0.1450	6.06030049e+08
0.1150	0.1450	0.1450	3.64371680e+08
0.1250	0.1250	0.1250	3.40814119e+08
0.1250	0.1250	0.1350	3.42329266e+08
0.1250	0.1250	0.1450	6.32591492e+08
0.1250	0.1350	0.1350	7.80566402e+08
0.1250	0.1350	0.1450	3.53541866e+08
0.1250	0.1450	0.1450	4.74770856e+08
0.1350	0.1350	0.1350	3.05578137e+08
0.1350	0.1350	0.1450	6.78910784e+08
0.1350	0.1450	0.1450	3.68962377e+08
0.1450	0.1450	0.1450	6.20353156e+08
