####### Bispectrum of patchy_s3_ Simulation 1602 #############
# Weights: FKP
# Fiducial Omega_m: 0.310
# Fiducial h: 0.676
# Boxsize: [1000.0, 2600.0, 1500.0]
# Grid: [95, 250, 140]
# k-binning: [0.000, 0.110, 0.010]
# l-max: 4
# Monte Carlo Simulations: 100
#
# Format: k1 | k2 | k3 | B(k1,k2,k3) | B2(k1,k2,k3) | B4(k1,k2,k3)
############################################
0.0150	0.0150	0.0150	1.31970022e+11	1.10060299e+11	8.89979864e+09
0.0150	0.0150	0.0250	-3.97568161e+10	2.17495475e+09	1.20462791e+11
0.0150	0.0250	0.0250	2.86531488e+10	-1.12676754e+10	-4.10712664e+10
0.0150	0.0250	0.0350	1.39335930e+10	9.55677467e+09	-3.67137385e+10
0.0150	0.0350	0.0350	2.15501300e+10	5.47109036e+09	-3.64369844e+10
0.0150	0.0350	0.0450	-3.83184867e+09	-1.86177578e+10	-1.98121261e+09
0.0150	0.0450	0.0450	2.32088647e+10	3.09716895e+10	1.57813650e+10
0.0150	0.0450	0.0550	9.90302171e+09	1.27935200e+10	1.22286804e+10
0.0150	0.0550	0.0550	5.61803369e+09	-1.74868897e+10	-2.47077662e+10
0.0150	0.0550	0.0650	7.02558133e+09	1.68411444e+10	2.81771907e+09
0.0150	0.0650	0.0650	8.42191785e+07	-1.92268098e+10	-1.17326808e+09
0.0150	0.0650	0.0750	9.73589826e+09	1.01828351e+10	-5.30904896e+09
0.0150	0.0750	0.0750	5.15110201e+09	6.64012345e+09	-2.42907861e+09
0.0250	0.0250	0.0250	-1.59540296e+10	-1.57783346e+10	-7.35563199e+10
0.0250	0.0250	0.0350	-1.16013228e+09	-2.86744279e+10	4.08086972e+10
0.0250	0.0250	0.0450	-1.02172969e+08	-1.68625968e+10	-3.95499474e+10
0.0250	0.0350	0.0350	-9.71788202e+07	1.86039654e+10	-1.77622136e+10
0.0250	0.0350	0.0450	1.27512262e+10	1.13032229e+08	1.13746960e+09
0.0250	0.0350	0.0550	8.29736030e+09	2.64110586e+10	1.34948448e+09
0.0250	0.0450	0.0450	3.36844055e+09	-1.90267260e+09	-1.97792138e+10
0.0250	0.0450	0.0550	4.69483356e+09	3.21711316e+09	1.69004027e+10
0.0250	0.0450	0.0650	9.36566476e+09	3.10914099e+09	-6.23616971e+09
0.0250	0.0550	0.0550	3.57387676e+09	-1.19880268e+09	3.22690515e+08
0.0250	0.0550	0.0650	1.26061819e+09	-1.63540933e+09	1.14982397e+10
0.0250	0.0550	0.0750	6.01656017e+09	-2.49615568e+09	-6.33586407e+08
0.0250	0.0650	0.0650	2.46270863e+09	9.99215903e+09	2.87979821e+08
0.0250	0.0650	0.0750	5.77634630e+09	8.16994124e+09	8.43229450e+09
0.0250	0.0750	0.0750	-1.13526244e+07	1.73554876e+09	7.72446277e+09
0.0350	0.0350	0.0350	2.08391401e+10	1.40749566e+10	7.96679973e+09
0.0350	0.0350	0.0450	7.65520583e+08	-1.05089639e+10	1.55070435e+10
0.0350	0.0350	0.0550	8.36990447e+09	1.43375420e+10	2.10716466e+10
0.0350	0.0350	0.0650	1.23326258e+10	2.36791395e+10	-2.76444938e+09
0.0350	0.0450	0.0450	2.60160060e+09	-7.67122093e+09	-4.65029029e+09
0.0350	0.0450	0.0550	5.02556154e+09	-5.10653712e+09	-1.34800224e+10
0.0350	0.0450	0.0650	1.48059995e+09	-5.80239024e+09	6.32681412e+09
0.0350	0.0450	0.0750	4.42426622e+09	-8.97656635e+08	-3.39447068e+09
0.0350	0.0550	0.0550	6.37811804e+09	4.48156640e+09	-4.67106407e+09
0.0350	0.0550	0.0650	7.34916392e+09	8.12577153e+09	5.85710579e+09
0.0350	0.0550	0.0750	3.16028135e+09	-7.35323346e+08	3.68252203e+09
0.0350	0.0650	0.0650	1.39388672e+09	1.48650123e+09	1.59967427e+09
0.0350	0.0650	0.0750	1.41027800e+09	-4.33720698e+09	-6.88790159e+09
0.0350	0.0750	0.0750	5.31083451e+08	-6.16892627e+09	1.36457114e+09
0.0450	0.0450	0.0450	8.17199702e+09	9.03385620e+09	9.13887029e+09
0.0450	0.0450	0.0550	7.75049241e+09	4.89013914e+09	-5.05816084e+09
0.0450	0.0450	0.0650	2.45787136e+08	6.52479324e+08	-4.14334546e+09
0.0450	0.0450	0.0750	9.55554403e+08	6.31844807e+09	6.06297215e+09
0.0450	0.0550	0.0550	-1.87176443e+09	-2.99181987e+09	3.66030697e+08
0.0450	0.0550	0.0650	1.37778492e+09	-6.57560980e+08	4.69641288e+09
0.0450	0.0550	0.0750	3.59894298e+09	-1.07431871e+08	5.24768050e+07
0.0450	0.0650	0.0650	3.04767017e+09	-2.95248769e+09	-2.75308596e+09
0.0450	0.0650	0.0750	1.58523656e+09	3.39146531e+09	3.20465065e+09
0.0450	0.0750	0.0750	3.87334715e+09	2.35235176e+09	2.70786017e+09
0.0550	0.0550	0.0550	6.30543156e+08	1.40797135e+09	-1.51066873e+09
0.0550	0.0550	0.0650	5.02360557e+09	-3.59878402e+09	8.56261739e+08
0.0550	0.0550	0.0750	1.38906527e+09	-8.19338601e+08	2.67194133e+09
0.0550	0.0650	0.0650	4.20975762e+09	-2.03460772e+09	1.45274112e+09
0.0550	0.0650	0.0750	1.58341391e+09	7.59175224e+07	-1.70740593e+09
0.0550	0.0750	0.0750	1.36857455e+09	8.43177012e+08	-5.51180207e+08
0.0650	0.0650	0.0650	-2.76809603e+09	1.08776328e+09	3.26358911e+09
0.0650	0.0650	0.0750	9.86437862e+08	-3.06970848e+08	-4.89815575e+09
0.0650	0.0750	0.0750	1.23342649e+09	2.32262206e+08	-1.24857384e+09
0.0750	0.0750	0.0750	2.82101709e+09	2.36677313e+09	-1.48709347e+09
