####### Bispectrum of Patchy Simulation 984 #############
# Patch: ngc
# z-type: z1
# Weights: fkp
# Fiducial Omega_m: 0.310
# Fiducial h: 0.676
# Boxsize: [1350.0, 2450.0, 1400.0]
# Grid: [126, 230, 130]
# k-binning: [0.000, 0.160, 0.010]
# Monte Carlo Simulations: 100
#
# Format: k1 | k2 | k3 | B(k1,k2,k3)
############################################
0.0150	0.0150	0.0150	1.74429875e+10
0.0150	0.0150	0.0250	2.66907651e+10
0.0150	0.0150	0.0350	8.33151125e+10
0.0150	0.0250	0.0250	1.52781063e+10
0.0150	0.0250	0.0350	1.86956650e+08
0.0150	0.0250	0.0450	-8.51118310e+09
0.0150	0.0350	0.0350	6.71540127e+09
0.0150	0.0350	0.0450	7.38854032e+09
0.0150	0.0350	0.0550	3.25981639e+10
0.0150	0.0450	0.0450	4.15224637e+09
0.0150	0.0450	0.0550	9.50918433e+09
0.0150	0.0450	0.0650	1.31431809e+10
0.0150	0.0550	0.0550	-2.86369784e+09
0.0150	0.0550	0.0650	6.00321481e+09
0.0150	0.0550	0.0750	5.57938471e+09
0.0150	0.0650	0.0650	3.84487998e+09
0.0150	0.0650	0.0750	2.74236205e+09
0.0150	0.0650	0.0850	7.53723795e+09
0.0150	0.0750	0.0750	2.84028850e+09
0.0150	0.0750	0.0850	2.41109241e+09
0.0150	0.0750	0.0950	7.66045143e+09
0.0150	0.0850	0.0850	1.65619182e+09
0.0150	0.0850	0.0950	3.72772632e+09
0.0150	0.0850	0.1050	5.73532202e+09
0.0150	0.0950	0.0950	3.14954457e+09
0.0150	0.0950	0.1050	3.52814839e+09
0.0150	0.0950	0.1150	4.20127521e+09
0.0150	0.1050	0.1050	5.85115263e+08
0.0150	0.1050	0.1150	1.75506821e+09
0.0150	0.1050	0.1250	3.30350651e+09
0.0150	0.1150	0.1150	7.09723889e+08
0.0150	0.1150	0.1250	2.08137431e+09
0.0150	0.1150	0.1350	1.88621668e+09
0.0150	0.1250	0.1250	5.50642638e+08
0.0150	0.1250	0.1350	1.65439066e+09
0.0150	0.1250	0.1450	2.45727694e+09
0.0150	0.1350	0.1350	1.22506928e+09
0.0150	0.1350	0.1450	2.13315474e+09
0.0150	0.1450	0.1450	7.33807892e+08
0.0250	0.0250	0.0250	5.54023999e+09
0.0250	0.0250	0.0350	1.05975506e+10
0.0250	0.0250	0.0450	7.65853534e+09
0.0250	0.0250	0.0550	1.97766626e+10
0.0250	0.0350	0.0350	-1.79125611e+09
0.0250	0.0350	0.0450	4.03084685e+09
0.0250	0.0350	0.0550	6.73196288e+09
0.0250	0.0350	0.0650	1.50067830e+10
0.0250	0.0450	0.0450	5.47456357e+09
0.0250	0.0450	0.0550	1.48979200e+09
0.0250	0.0450	0.0650	4.93724443e+09
0.0250	0.0450	0.0750	1.32135923e+09
0.0250	0.0550	0.0550	9.21811381e+09
0.0250	0.0550	0.0650	1.51077224e+09
0.0250	0.0550	0.0750	5.28955909e+09
0.0250	0.0550	0.0850	4.66203108e+09
0.0250	0.0650	0.0650	3.71306695e+09
0.0250	0.0650	0.0750	2.48935567e+09
0.0250	0.0650	0.0850	4.04621276e+09
0.0250	0.0650	0.0950	5.32956367e+09
0.0250	0.0750	0.0750	1.81535761e+09
0.0250	0.0750	0.0850	3.23636128e+09
0.0250	0.0750	0.0950	3.88570837e+09
0.0250	0.0750	0.1050	3.59567090e+09
0.0250	0.0850	0.0850	2.03183037e+09
0.0250	0.0850	0.0950	2.60636687e+09
0.0250	0.0850	0.1050	3.75222730e+09
0.0250	0.0850	0.1150	3.08631123e+09
0.0250	0.0950	0.0950	1.18084690e+09
0.0250	0.0950	0.1050	3.00683400e+09
0.0250	0.0950	0.1150	2.96531213e+09
0.0250	0.0950	0.1250	2.07844631e+09
0.0250	0.1050	0.1050	2.28717568e+09
0.0250	0.1050	0.1150	2.35008914e+09
0.0250	0.1050	0.1250	2.34901868e+09
0.0250	0.1050	0.1350	1.76218501e+09
0.0250	0.1150	0.1150	1.14530153e+09
0.0250	0.1150	0.1250	2.08714726e+09
0.0250	0.1150	0.1350	2.70305192e+09
0.0250	0.1150	0.1450	1.10377437e+09
0.0250	0.1250	0.1250	1.36617254e+09
0.0250	0.1250	0.1350	1.83219851e+09
0.0250	0.1250	0.1450	1.98383973e+09
0.0250	0.1350	0.1350	1.94437349e+09
0.0250	0.1350	0.1450	1.41140868e+09
0.0250	0.1450	0.1450	9.09268020e+08
0.0350	0.0350	0.0350	1.44131396e+10
0.0350	0.0350	0.0450	6.44594322e+09
0.0350	0.0350	0.0550	2.05198401e+09
0.0350	0.0350	0.0650	3.14635805e+09
0.0350	0.0350	0.0750	1.05411967e+10
0.0350	0.0450	0.0450	4.29269304e+09
0.0350	0.0450	0.0550	2.59289956e+09
0.0350	0.0450	0.0650	5.63321132e+09
0.0350	0.0450	0.0750	4.48178183e+09
0.0350	0.0450	0.0850	5.91077682e+09
0.0350	0.0550	0.0550	3.03442296e+09
0.0350	0.0550	0.0650	1.83885717e+09
0.0350	0.0550	0.0750	3.35953428e+09
0.0350	0.0550	0.0850	4.41972746e+09
0.0350	0.0550	0.0950	4.23597063e+09
0.0350	0.0650	0.0650	3.75183478e+09
0.0350	0.0650	0.0750	1.95792501e+09
0.0350	0.0650	0.0850	3.52139836e+09
0.0350	0.0650	0.0950	3.72426199e+09
0.0350	0.0650	0.1050	2.29045723e+09
0.0350	0.0750	0.0750	3.18075760e+09
0.0350	0.0750	0.0850	1.95335989e+09
0.0350	0.0750	0.0950	3.14152515e+09
0.0350	0.0750	0.1050	3.89929873e+09
0.0350	0.0750	0.1150	3.54209071e+09
0.0350	0.0850	0.0850	2.19049986e+09
0.0350	0.0850	0.0950	1.45687427e+09
0.0350	0.0850	0.1050	2.16867947e+09
0.0350	0.0850	0.1150	2.71234613e+09
0.0350	0.0850	0.1250	2.72298624e+09
0.0350	0.0950	0.0950	1.17268241e+09
0.0350	0.0950	0.1050	1.70690236e+09
0.0350	0.0950	0.1150	2.24083301e+09
0.0350	0.0950	0.1250	2.04248258e+09
0.0350	0.0950	0.1350	2.61112427e+09
0.0350	0.1050	0.1050	1.89837282e+09
0.0350	0.1050	0.1150	1.10717386e+09
0.0350	0.1050	0.1250	1.47106963e+09
0.0350	0.1050	0.1350	2.12070690e+09
0.0350	0.1050	0.1450	1.98572824e+09
0.0350	0.1150	0.1150	1.01054457e+09
0.0350	0.1150	0.1250	1.03734891e+09
0.0350	0.1150	0.1350	1.72726036e+09
0.0350	0.1150	0.1450	2.14037356e+09
0.0350	0.1250	0.1250	1.28952103e+09
0.0350	0.1250	0.1350	1.01139322e+09
0.0350	0.1250	0.1450	1.08002130e+09
0.0350	0.1350	0.1350	1.12309258e+09
0.0350	0.1350	0.1450	1.26506112e+09
0.0350	0.1450	0.1450	1.32745026e+09
0.0450	0.0450	0.0450	1.86799841e+09
0.0450	0.0450	0.0550	4.26637778e+09
0.0450	0.0450	0.0650	2.76513717e+09
0.0450	0.0450	0.0750	2.10660629e+09
0.0450	0.0450	0.0850	3.27973906e+09
0.0450	0.0450	0.0950	5.66993502e+09
0.0450	0.0550	0.0550	5.68281885e+09
0.0450	0.0550	0.0650	2.97221109e+09
0.0450	0.0550	0.0750	2.58106236e+09
0.0450	0.0550	0.0850	3.40040361e+09
0.0450	0.0550	0.0950	3.77429920e+09
0.0450	0.0550	0.1050	2.94397723e+09
0.0450	0.0650	0.0650	1.54316299e+09
0.0450	0.0650	0.0750	2.41687207e+09
0.0450	0.0650	0.0850	1.45976265e+09
0.0450	0.0650	0.0950	1.95801493e+09
0.0450	0.0650	0.1050	2.98298875e+09
0.0450	0.0650	0.1150	2.00793840e+09
0.0450	0.0750	0.0750	5.45056506e+08
0.0450	0.0750	0.0850	2.31551651e+09
0.0450	0.0750	0.0950	2.57105668e+09
0.0450	0.0750	0.1050	2.11803217e+09
0.0450	0.0750	0.1150	2.79496239e+09
0.0450	0.0750	0.1250	1.65577809e+09
0.0450	0.0850	0.0850	1.78956051e+09
0.0450	0.0850	0.0950	1.58731633e+09
0.0450	0.0850	0.1050	1.25864050e+09
0.0450	0.0850	0.1150	1.90411968e+09
0.0450	0.0850	0.1250	2.15290792e+09
0.0450	0.0850	0.1350	2.67118175e+09
0.0450	0.0950	0.0950	2.20651989e+09
0.0450	0.0950	0.1050	1.53504582e+09
0.0450	0.0950	0.1150	1.42976384e+09
0.0450	0.0950	0.1250	1.69929378e+09
0.0450	0.0950	0.1350	2.16719614e+09
0.0450	0.0950	0.1450	2.79807666e+09
0.0450	0.1050	0.1050	1.14038108e+09
0.0450	0.1050	0.1150	1.26349104e+09
0.0450	0.1050	0.1250	1.53411282e+09
0.0450	0.1050	0.1350	1.37311462e+09
0.0450	0.1050	0.1450	1.74481493e+09
0.0450	0.1150	0.1150	9.76567691e+08
0.0450	0.1150	0.1250	8.84569010e+08
0.0450	0.1150	0.1350	1.24485159e+09
0.0450	0.1150	0.1450	1.20445125e+09
0.0450	0.1250	0.1250	8.28745744e+08
0.0450	0.1250	0.1350	1.00611372e+09
0.0450	0.1250	0.1450	1.00459190e+09
0.0450	0.1350	0.1350	7.61248684e+08
0.0450	0.1350	0.1450	1.00852640e+09
0.0450	0.1450	0.1450	8.85511485e+08
0.0550	0.0550	0.0550	-1.63007179e+08
0.0550	0.0550	0.0650	3.72085139e+09
0.0550	0.0550	0.0750	1.65623698e+09
0.0550	0.0550	0.0850	2.71156000e+09
0.0550	0.0550	0.0950	1.89735409e+09
0.0550	0.0550	0.1050	3.66229207e+09
0.0550	0.0550	0.1150	1.55374355e+09
0.0550	0.0650	0.0650	-5.53601117e+08
0.0550	0.0650	0.0750	2.01575222e+09
0.0550	0.0650	0.0850	1.35226255e+09
0.0550	0.0650	0.0950	2.09446817e+09
0.0550	0.0650	0.1050	1.58010519e+09
0.0550	0.0650	0.1150	2.69823509e+09
0.0550	0.0650	0.1250	1.49596407e+09
0.0550	0.0750	0.0750	1.09153526e+09
0.0550	0.0750	0.0850	1.44910931e+09
0.0550	0.0750	0.0950	1.85094481e+09
0.0550	0.0750	0.1050	1.89300265e+09
0.0550	0.0750	0.1150	1.73350488e+09
0.0550	0.0750	0.1250	2.50085682e+09
0.0550	0.0750	0.1350	2.85695348e+09
0.0550	0.0850	0.0850	2.51013524e+09
0.0550	0.0850	0.0950	8.58379294e+08
0.0550	0.0850	0.1050	1.49375432e+09
0.0550	0.0850	0.1150	1.31793311e+09
0.0550	0.0850	0.1250	1.71219437e+09
0.0550	0.0850	0.1350	2.21445366e+09
0.0550	0.0850	0.1450	1.57461502e+09
0.0550	0.0950	0.0950	9.06395611e+08
0.0550	0.0950	0.1050	1.28462378e+09
0.0550	0.0950	0.1150	1.50217439e+09
0.0550	0.0950	0.1250	1.21954663e+09
0.0550	0.0950	0.1350	1.63752597e+09
0.0550	0.0950	0.1450	1.82481510e+09
0.0550	0.1050	0.1050	9.92051282e+08
0.0550	0.1050	0.1150	1.05487290e+09
0.0550	0.1050	0.1250	9.86004406e+08
0.0550	0.1050	0.1350	1.25087716e+09
0.0550	0.1050	0.1450	1.51089903e+09
0.0550	0.1150	0.1150	1.02137732e+09
0.0550	0.1150	0.1250	8.33708584e+08
0.0550	0.1150	0.1350	1.05925880e+09
0.0550	0.1150	0.1450	1.03534324e+09
0.0550	0.1250	0.1250	8.83752938e+08
0.0550	0.1250	0.1350	8.04176991e+08
0.0550	0.1250	0.1450	9.16394826e+08
0.0550	0.1350	0.1350	7.62985101e+08
0.0550	0.1350	0.1450	6.21103308e+08
0.0550	0.1450	0.1450	6.07087517e+08
0.0650	0.0650	0.0650	1.97692527e+09
0.0650	0.0650	0.0750	1.00373077e+09
0.0650	0.0650	0.0850	1.68109665e+09
0.0650	0.0650	0.0950	1.83887620e+09
0.0650	0.0650	0.1050	1.43116823e+09
0.0650	0.0650	0.1150	1.95803933e+09
0.0650	0.0650	0.1250	1.98399167e+09
0.0650	0.0650	0.1350	1.90708506e+09
0.0650	0.0750	0.0750	1.08902943e+09
0.0650	0.0750	0.0850	1.49046548e+09
0.0650	0.0750	0.0950	1.45293983e+09
0.0650	0.0750	0.1050	1.52938488e+09
0.0650	0.0750	0.1150	1.19729665e+09
0.0650	0.0750	0.1250	1.34880055e+09
0.0650	0.0750	0.1350	1.45771972e+09
0.0650	0.0750	0.1450	1.52332441e+09
0.0650	0.0850	0.0850	1.15568758e+09
0.0650	0.0850	0.0950	1.03149019e+09
0.0650	0.0850	0.1050	1.31053593e+09
0.0650	0.0850	0.1150	7.36959899e+08
0.0650	0.0850	0.1250	1.16870439e+09
0.0650	0.0850	0.1350	1.48232892e+09
0.0650	0.0850	0.1450	1.71331686e+09
0.0650	0.0950	0.0950	9.17918096e+08
0.0650	0.0950	0.1050	9.60879962e+08
0.0650	0.0950	0.1150	8.19724706e+08
0.0650	0.0950	0.1250	6.82487853e+08
0.0650	0.0950	0.1350	1.30051142e+09
0.0650	0.0950	0.1450	1.32056469e+09
0.0650	0.1050	0.1050	7.17172715e+08
0.0650	0.1050	0.1150	8.15989615e+08
0.0650	0.1050	0.1250	9.52525306e+08
0.0650	0.1050	0.1350	7.59937834e+08
0.0650	0.1050	0.1450	7.37789881e+08
0.0650	0.1150	0.1150	5.84824489e+08
0.0650	0.1150	0.1250	7.32541208e+08
0.0650	0.1150	0.1350	9.91468476e+08
0.0650	0.1150	0.1450	7.92164450e+08
0.0650	0.1250	0.1250	7.06252220e+08
0.0650	0.1250	0.1350	4.64309452e+08
0.0650	0.1250	0.1450	7.69124339e+08
0.0650	0.1350	0.1350	8.84993441e+08
0.0650	0.1350	0.1450	7.63614167e+08
0.0650	0.1450	0.1450	5.85525389e+08
0.0750	0.0750	0.0750	8.38034654e+08
0.0750	0.0750	0.0850	1.45461707e+09
0.0750	0.0750	0.0950	1.22609789e+09
0.0750	0.0750	0.1050	9.41103168e+08
0.0750	0.0750	0.1150	1.60606447e+09
0.0750	0.0750	0.1250	1.64847975e+09
0.0750	0.0750	0.1350	1.39690722e+09
0.0750	0.0750	0.1450	2.04103603e+09
0.0750	0.0850	0.0850	1.61438301e+09
0.0750	0.0850	0.0950	1.08226652e+09
0.0750	0.0850	0.1050	1.36972123e+09
0.0750	0.0850	0.1150	1.02681018e+09
0.0750	0.0850	0.1250	1.10124581e+09
0.0750	0.0850	0.1350	1.13956826e+09
0.0750	0.0850	0.1450	1.30263096e+09
0.0750	0.0950	0.0950	1.13525114e+09
0.0750	0.0950	0.1050	1.00826771e+09
0.0750	0.0950	0.1150	6.31003565e+08
0.0750	0.0950	0.1250	1.13988728e+09
0.0750	0.0950	0.1350	6.81545431e+08
0.0750	0.0950	0.1450	1.04239148e+09
0.0750	0.1050	0.1050	9.66974858e+08
0.0750	0.1050	0.1150	8.34699705e+08
0.0750	0.1050	0.1250	7.21933007e+08
0.0750	0.1050	0.1350	7.03796366e+08
0.0750	0.1050	0.1450	8.58051645e+08
0.0750	0.1150	0.1150	7.43124826e+08
0.0750	0.1150	0.1250	4.77789462e+08
0.0750	0.1150	0.1350	6.29463608e+08
0.0750	0.1150	0.1450	7.06909641e+08
0.0750	0.1250	0.1250	6.19368298e+08
0.0750	0.1250	0.1350	7.33803903e+08
0.0750	0.1250	0.1450	7.68608343e+08
0.0750	0.1350	0.1350	5.97856677e+08
0.0750	0.1350	0.1450	6.03128834e+08
0.0750	0.1450	0.1450	8.19764376e+08
0.0850	0.0850	0.0850	1.55817680e+09
0.0850	0.0850	0.0950	7.68871866e+08
0.0850	0.0850	0.1050	7.77485160e+08
0.0850	0.0850	0.1150	8.20122709e+08
0.0850	0.0850	0.1250	5.73079448e+08
0.0850	0.0850	0.1350	9.65381640e+08
0.0850	0.0850	0.1450	1.02329070e+09
0.0850	0.0950	0.0950	7.34042802e+08
0.0850	0.0950	0.1050	8.81628525e+08
0.0850	0.0950	0.1150	7.63126256e+08
0.0850	0.0950	0.1250	7.81431724e+08
0.0850	0.0950	0.1350	8.93658967e+08
0.0850	0.0950	0.1450	8.02840245e+08
0.0850	0.1050	0.1050	9.13860905e+08
0.0850	0.1050	0.1150	6.70485126e+08
0.0850	0.1050	0.1250	8.55975491e+08
0.0850	0.1050	0.1350	7.96127320e+08
0.0850	0.1050	0.1450	7.51730198e+08
0.0850	0.1150	0.1150	3.34818142e+08
0.0850	0.1150	0.1250	6.85656234e+08
0.0850	0.1150	0.1350	6.14812644e+08
0.0850	0.1150	0.1450	5.34948262e+08
0.0850	0.1250	0.1250	4.10242245e+08
0.0850	0.1250	0.1350	5.80540004e+08
0.0850	0.1250	0.1450	4.84176896e+08
0.0850	0.1350	0.1350	4.78590670e+08
0.0850	0.1350	0.1450	5.82406946e+08
0.0850	0.1450	0.1450	4.07904350e+08
0.0950	0.0950	0.0950	1.15504511e+09
0.0950	0.0950	0.1050	8.87723380e+08
0.0950	0.0950	0.1150	6.16229122e+08
0.0950	0.0950	0.1250	6.79241386e+08
0.0950	0.0950	0.1350	5.60333283e+08
0.0950	0.0950	0.1450	6.09251931e+08
0.0950	0.1050	0.1050	6.19241131e+08
0.0950	0.1050	0.1150	6.26092212e+08
0.0950	0.1050	0.1250	4.82322885e+08
0.0950	0.1050	0.1350	6.44394287e+08
0.0950	0.1050	0.1450	5.51380996e+08
0.0950	0.1150	0.1150	5.36965462e+08
0.0950	0.1150	0.1250	6.45436900e+08
0.0950	0.1150	0.1350	6.84780714e+08
0.0950	0.1150	0.1450	4.68559746e+08
0.0950	0.1250	0.1250	6.01000620e+08
0.0950	0.1250	0.1350	4.41415680e+08
0.0950	0.1250	0.1450	5.91148564e+08
0.0950	0.1350	0.1350	4.60637025e+08
0.0950	0.1350	0.1450	5.00572884e+08
0.0950	0.1450	0.1450	5.79091549e+08
0.1050	0.1050	0.1050	6.30366160e+08
0.1050	0.1050	0.1150	4.01700995e+08
0.1050	0.1050	0.1250	6.27510595e+08
0.1050	0.1050	0.1350	7.00741066e+08
0.1050	0.1050	0.1450	4.19002997e+08
0.1050	0.1150	0.1150	6.00932408e+08
0.1050	0.1150	0.1250	4.66529578e+08
0.1050	0.1150	0.1350	4.32401077e+08
0.1050	0.1150	0.1450	4.06893622e+08
0.1050	0.1250	0.1250	3.69773865e+08
0.1050	0.1250	0.1350	4.21204840e+08
0.1050	0.1250	0.1450	3.60052854e+08
0.1050	0.1350	0.1350	5.93169902e+08
0.1050	0.1350	0.1450	3.98715226e+08
0.1050	0.1450	0.1450	5.31192345e+08
0.1150	0.1150	0.1150	4.22825704e+08
0.1150	0.1150	0.1250	3.27530270e+08
0.1150	0.1150	0.1350	5.22436702e+08
0.1150	0.1150	0.1450	4.75188805e+08
0.1150	0.1250	0.1250	5.82416266e+08
0.1150	0.1250	0.1350	4.51390669e+08
0.1150	0.1250	0.1450	4.45930869e+08
0.1150	0.1350	0.1350	3.66789350e+08
0.1150	0.1350	0.1450	3.94223508e+08
0.1150	0.1450	0.1450	3.76980179e+08
0.1250	0.1250	0.1250	5.50543864e+08
0.1250	0.1250	0.1350	3.35714195e+08
0.1250	0.1250	0.1450	3.42757440e+08
0.1250	0.1350	0.1350	4.75122382e+08
0.1250	0.1350	0.1450	4.11819499e+08
0.1250	0.1450	0.1450	3.63666891e+08
0.1350	0.1350	0.1350	5.49125676e+08
0.1350	0.1350	0.1450	3.59012589e+08
0.1350	0.1450	0.1450	3.28738412e+08
0.1450	0.1450	0.1450	2.86370798e+08
