####### Bispectrum of Patchy Simulation 1075 #############
# Patch: ngc
# z-type: z1
# Weights: fkp
# Fiducial Omega_m: 0.310
# Fiducial h: 0.676
# Boxsize: [1350.0, 2450.0, 1400.0]
# Grid: [126, 230, 130]
# k-binning: [0.000, 0.160, 0.010]
# Monte Carlo Simulations: 100
#
# Format: k1 | k2 | k3 | B(k1,k2,k3)
############################################
0.0150	0.0150	0.0150	3.92391725e+10
0.0150	0.0150	0.0250	7.03595163e+09
0.0150	0.0150	0.0350	-3.66891895e+10
0.0150	0.0250	0.0250	2.11812246e+10
0.0150	0.0250	0.0350	2.05553417e+10
0.0150	0.0250	0.0450	6.62697917e+09
0.0150	0.0350	0.0350	-6.52427091e+08
0.0150	0.0350	0.0450	1.11871347e+10
0.0150	0.0350	0.0550	7.67388005e+08
0.0150	0.0450	0.0450	1.28864252e+10
0.0150	0.0450	0.0550	8.46325263e+09
0.0150	0.0450	0.0650	1.22396675e+10
0.0150	0.0550	0.0550	6.57694305e+09
0.0150	0.0550	0.0650	3.50587322e+09
0.0150	0.0550	0.0750	7.17176099e+09
0.0150	0.0650	0.0650	3.51460212e+09
0.0150	0.0650	0.0750	5.28432969e+09
0.0150	0.0650	0.0850	6.98303717e+09
0.0150	0.0750	0.0750	3.39693180e+09
0.0150	0.0750	0.0850	4.78189271e+09
0.0150	0.0750	0.0950	5.73509389e+09
0.0150	0.0850	0.0850	3.56573327e+09
0.0150	0.0850	0.0950	4.78960936e+09
0.0150	0.0850	0.1050	4.25070003e+09
0.0150	0.0950	0.0950	2.50228345e+09
0.0150	0.0950	0.1050	2.99348726e+09
0.0150	0.0950	0.1150	5.13702764e+09
0.0150	0.1050	0.1050	1.92281714e+09
0.0150	0.1050	0.1150	3.19435438e+09
0.0150	0.1050	0.1250	2.46163323e+09
0.0150	0.1150	0.1150	1.85530729e+09
0.0150	0.1150	0.1250	2.27288953e+09
0.0150	0.1150	0.1350	2.96805450e+09
0.0150	0.1250	0.1250	1.54340441e+09
0.0150	0.1250	0.1350	2.14514142e+09
0.0150	0.1250	0.1450	4.34397111e+09
0.0150	0.1350	0.1350	1.06636868e+09
0.0150	0.1350	0.1450	2.23005436e+09
0.0150	0.1450	0.1450	1.43516619e+09
0.0250	0.0250	0.0250	1.23438099e+10
0.0250	0.0250	0.0350	3.95338303e+09
0.0250	0.0250	0.0450	2.11955030e+10
0.0250	0.0250	0.0550	-4.68487160e+08
0.0250	0.0350	0.0350	1.30203710e+10
0.0250	0.0350	0.0450	7.55888445e+09
0.0250	0.0350	0.0550	1.01635074e+10
0.0250	0.0350	0.0650	1.40713169e+10
0.0250	0.0450	0.0450	4.28965313e+09
0.0250	0.0450	0.0550	6.14490659e+09
0.0250	0.0450	0.0650	6.04387664e+09
0.0250	0.0450	0.0750	7.04940971e+09
0.0250	0.0550	0.0550	2.99106975e+09
0.0250	0.0550	0.0650	4.32282061e+09
0.0250	0.0550	0.0750	7.64081275e+09
0.0250	0.0550	0.0850	7.54745286e+09
0.0250	0.0650	0.0650	2.21827326e+09
0.0250	0.0650	0.0750	3.62371731e+09
0.0250	0.0650	0.0850	4.61084423e+09
0.0250	0.0650	0.0950	5.74287783e+09
0.0250	0.0750	0.0750	1.37771099e+09
0.0250	0.0750	0.0850	3.45278319e+09
0.0250	0.0750	0.0950	3.72750920e+09
0.0250	0.0750	0.1050	5.35774908e+09
0.0250	0.0850	0.0850	3.00494458e+09
0.0250	0.0850	0.0950	3.50217236e+09
0.0250	0.0850	0.1050	3.15560309e+09
0.0250	0.0850	0.1150	2.01087783e+09
0.0250	0.0950	0.0950	1.19939163e+09
0.0250	0.0950	0.1050	2.95930422e+09
0.0250	0.0950	0.1150	3.46902384e+09
0.0250	0.0950	0.1250	3.85406714e+09
0.0250	0.1050	0.1050	2.16592840e+09
0.0250	0.1050	0.1150	1.54953839e+09
0.0250	0.1050	0.1250	3.07008856e+09
0.0250	0.1050	0.1350	3.10425741e+09
0.0250	0.1150	0.1150	2.15104611e+09
0.0250	0.1150	0.1250	2.09602891e+09
0.0250	0.1150	0.1350	2.70090945e+09
0.0250	0.1150	0.1450	4.07574547e+09
0.0250	0.1250	0.1250	2.05208268e+09
0.0250	0.1250	0.1350	1.49013084e+09
0.0250	0.1250	0.1450	1.99004980e+09
0.0250	0.1350	0.1350	2.05783478e+09
0.0250	0.1350	0.1450	1.71455491e+09
0.0250	0.1450	0.1450	1.01008530e+09
0.0350	0.0350	0.0350	2.81805239e+09
0.0350	0.0350	0.0450	1.17754486e+09
0.0350	0.0350	0.0550	6.84121595e+09
0.0350	0.0350	0.0650	4.88989206e+09
0.0350	0.0350	0.0750	9.86582252e+09
0.0350	0.0450	0.0450	5.38723752e+09
0.0350	0.0450	0.0550	4.48852438e+09
0.0350	0.0450	0.0650	2.82393031e+09
0.0350	0.0450	0.0750	7.12582486e+09
0.0350	0.0450	0.0850	2.49785928e+09
0.0350	0.0550	0.0550	4.76133214e+09
0.0350	0.0550	0.0650	2.74421435e+09
0.0350	0.0550	0.0750	4.61498936e+09
0.0350	0.0550	0.0850	3.13616623e+09
0.0350	0.0550	0.0950	4.68859527e+09
0.0350	0.0650	0.0650	6.19474419e+08
0.0350	0.0650	0.0750	3.90082236e+09
0.0350	0.0650	0.0850	2.16991419e+09
0.0350	0.0650	0.0950	2.99778323e+09
0.0350	0.0650	0.1050	3.77617088e+09
0.0350	0.0750	0.0750	1.49961556e+09
0.0350	0.0750	0.0850	2.92185530e+09
0.0350	0.0750	0.0950	3.30685465e+09
0.0350	0.0750	0.1050	3.11091337e+09
0.0350	0.0750	0.1150	4.17349470e+09
0.0350	0.0850	0.0850	2.34778585e+09
0.0350	0.0850	0.0950	8.92954541e+08
0.0350	0.0850	0.1050	2.06283962e+09
0.0350	0.0850	0.1150	2.43886578e+09
0.0350	0.0850	0.1250	2.16125688e+09
0.0350	0.0950	0.0950	2.03818760e+09
0.0350	0.0950	0.1050	1.46609900e+09
0.0350	0.0950	0.1150	2.07133224e+09
0.0350	0.0950	0.1250	3.00721447e+09
0.0350	0.0950	0.1350	2.30954391e+09
0.0350	0.1050	0.1050	1.20065864e+09
0.0350	0.1050	0.1150	1.02069343e+09
0.0350	0.1050	0.1250	1.54300584e+09
0.0350	0.1050	0.1350	1.63309469e+09
0.0350	0.1050	0.1450	1.82993751e+09
0.0350	0.1150	0.1150	1.52540697e+09
0.0350	0.1150	0.1250	1.13872643e+09
0.0350	0.1150	0.1350	8.80628116e+08
0.0350	0.1150	0.1450	1.89346759e+09
0.0350	0.1250	0.1250	1.25793700e+09
0.0350	0.1250	0.1350	1.25059851e+09
0.0350	0.1250	0.1450	1.22204633e+09
0.0350	0.1350	0.1350	9.95269563e+08
0.0350	0.1350	0.1450	1.18977732e+09
0.0350	0.1450	0.1450	1.07722281e+09
0.0450	0.0450	0.0450	-9.33441508e+08
0.0450	0.0450	0.0550	2.63875961e+09
0.0450	0.0450	0.0650	3.04360147e+09
0.0450	0.0450	0.0750	3.53779513e+09
0.0450	0.0450	0.0850	3.63670507e+09
0.0450	0.0450	0.0950	6.16186353e+09
0.0450	0.0550	0.0550	1.20784293e+09
0.0450	0.0550	0.0650	1.80674508e+09
0.0450	0.0550	0.0750	1.89754071e+09
0.0450	0.0550	0.0850	1.83682276e+09
0.0450	0.0550	0.0950	4.49820103e+09
0.0450	0.0550	0.1050	3.94589393e+09
0.0450	0.0650	0.0650	3.77184114e+09
0.0450	0.0650	0.0750	2.70798197e+09
0.0450	0.0650	0.0850	1.88117726e+09
0.0450	0.0650	0.0950	2.97584713e+09
0.0450	0.0650	0.1050	2.43356982e+09
0.0450	0.0650	0.1150	5.01597329e+09
0.0450	0.0750	0.0750	1.13054233e+09
0.0450	0.0750	0.0850	1.89643682e+09
0.0450	0.0750	0.0950	1.69621255e+09
0.0450	0.0750	0.1050	2.41822656e+09
0.0450	0.0750	0.1150	2.74602941e+09
0.0450	0.0750	0.1250	3.27431612e+09
0.0450	0.0850	0.0850	2.20907896e+09
0.0450	0.0850	0.0950	2.00537591e+09
0.0450	0.0850	0.1050	1.71266571e+09
0.0450	0.0850	0.1150	2.17339369e+09
0.0450	0.0850	0.1250	2.28608531e+09
0.0450	0.0850	0.1350	1.62534278e+09
0.0450	0.0950	0.0950	1.53085228e+09
0.0450	0.0950	0.1050	1.08427550e+09
0.0450	0.0950	0.1150	1.56974257e+09
0.0450	0.0950	0.1250	1.61250869e+09
0.0450	0.0950	0.1350	1.76364341e+09
0.0450	0.0950	0.1450	2.54979982e+09
0.0450	0.1050	0.1050	9.78781775e+08
0.0450	0.1050	0.1150	1.34810028e+09
0.0450	0.1050	0.1250	1.44629872e+09
0.0450	0.1050	0.1350	1.41872322e+09
0.0450	0.1050	0.1450	1.76286371e+09
0.0450	0.1150	0.1150	8.69210172e+08
0.0450	0.1150	0.1250	1.11343713e+09
0.0450	0.1150	0.1350	1.21627760e+09
0.0450	0.1150	0.1450	1.32663525e+09
0.0450	0.1250	0.1250	1.04521523e+09
0.0450	0.1250	0.1350	9.60295173e+08
0.0450	0.1250	0.1450	8.83112901e+08
0.0450	0.1350	0.1350	6.17826514e+08
0.0450	0.1350	0.1450	6.53820576e+08
0.0450	0.1450	0.1450	9.41058255e+08
0.0550	0.0550	0.0550	2.11915662e+09
0.0550	0.0550	0.0650	3.28815293e+09
0.0550	0.0550	0.0750	1.59303603e+09
0.0550	0.0550	0.0850	2.81356992e+09
0.0550	0.0550	0.0950	1.08177739e+09
0.0550	0.0550	0.1050	2.93129028e+09
0.0550	0.0550	0.1150	4.73778714e+09
0.0550	0.0650	0.0650	1.04777810e+09
0.0550	0.0650	0.0750	1.59931332e+09
0.0550	0.0650	0.0850	2.25493303e+09
0.0550	0.0650	0.0950	1.87696039e+09
0.0550	0.0650	0.1050	2.05564653e+09
0.0550	0.0650	0.1150	2.28595178e+09
0.0550	0.0650	0.1250	2.27838363e+09
0.0550	0.0750	0.0750	2.07782942e+09
0.0550	0.0750	0.0850	9.31808256e+08
0.0550	0.0750	0.0950	2.23585146e+09
0.0550	0.0750	0.1050	1.92172480e+09
0.0550	0.0750	0.1150	1.75218899e+09
0.0550	0.0750	0.1250	2.44248912e+09
0.0550	0.0750	0.1350	3.38491801e+09
0.0550	0.0850	0.0850	1.04898053e+09
0.0550	0.0850	0.0950	1.53464443e+09
0.0550	0.0850	0.1050	1.13936503e+09
0.0550	0.0850	0.1150	1.45417198e+09
0.0550	0.0850	0.1250	1.62145591e+09
0.0550	0.0850	0.1350	1.65146605e+09
0.0550	0.0850	0.1450	1.90420256e+09
0.0550	0.0950	0.0950	9.55636618e+08
0.0550	0.0950	0.1050	9.05452231e+08
0.0550	0.0950	0.1150	1.67606794e+09
0.0550	0.0950	0.1250	1.15060816e+09
0.0550	0.0950	0.1350	1.75180627e+09
0.0550	0.0950	0.1450	1.68650373e+09
0.0550	0.1050	0.1050	9.52972300e+08
0.0550	0.1050	0.1150	9.68341505e+08
0.0550	0.1050	0.1250	1.01299836e+09
0.0550	0.1050	0.1350	8.50075095e+08
0.0550	0.1050	0.1450	1.22798800e+09
0.0550	0.1150	0.1150	8.87339282e+08
0.0550	0.1150	0.1250	9.53206635e+08
0.0550	0.1150	0.1350	9.40324465e+08
0.0550	0.1150	0.1450	9.73948552e+08
0.0550	0.1250	0.1250	8.56079404e+08
0.0550	0.1250	0.1350	5.54037590e+08
0.0550	0.1250	0.1450	7.02491690e+08
0.0550	0.1350	0.1350	4.73743290e+08
0.0550	0.1350	0.1450	7.01755712e+08
0.0550	0.1450	0.1450	7.86650994e+08
0.0650	0.0650	0.0650	3.11315480e+09
0.0650	0.0650	0.0750	1.39793132e+09
0.0650	0.0650	0.0850	9.99187403e+08
0.0650	0.0650	0.0950	1.05980136e+09
0.0650	0.0650	0.1050	1.20937216e+09
0.0650	0.0650	0.1150	2.01335412e+09
0.0650	0.0650	0.1250	2.38021462e+09
0.0650	0.0650	0.1350	3.46129339e+09
0.0650	0.0750	0.0750	1.38422758e+09
0.0650	0.0750	0.0850	9.28506166e+08
0.0650	0.0750	0.0950	1.76944829e+09
0.0650	0.0750	0.1050	1.32931009e+09
0.0650	0.0750	0.1150	1.16953940e+09
0.0650	0.0750	0.1250	1.53024075e+09
0.0650	0.0750	0.1350	2.08008007e+09
0.0650	0.0750	0.1450	1.36390903e+09
0.0650	0.0850	0.0850	2.10367537e+09
0.0650	0.0850	0.0950	1.24984165e+09
0.0650	0.0850	0.1050	1.38513092e+09
0.0650	0.0850	0.1150	1.05308663e+09
0.0650	0.0850	0.1250	1.33437631e+09
0.0650	0.0850	0.1350	1.71777337e+09
0.0650	0.0850	0.1450	1.64867817e+09
0.0650	0.0950	0.0950	8.00545068e+08
0.0650	0.0950	0.1050	1.00442185e+09
0.0650	0.0950	0.1150	9.79437212e+08
0.0650	0.0950	0.1250	1.03807065e+09
0.0650	0.0950	0.1350	1.04970416e+09
0.0650	0.0950	0.1450	1.14565148e+09
0.0650	0.1050	0.1050	6.44027688e+08
0.0650	0.1050	0.1150	6.60996021e+08
0.0650	0.1050	0.1250	6.99465161e+08
0.0650	0.1050	0.1350	8.15578689e+08
0.0650	0.1050	0.1450	7.49094267e+08
0.0650	0.1150	0.1150	8.43263574e+08
0.0650	0.1150	0.1250	7.08952032e+08
0.0650	0.1150	0.1350	7.89303839e+08
0.0650	0.1150	0.1450	8.57310168e+08
0.0650	0.1250	0.1250	7.00179881e+08
0.0650	0.1250	0.1350	8.27622826e+08
0.0650	0.1250	0.1450	8.76178655e+08
0.0650	0.1350	0.1350	9.03874914e+08
0.0650	0.1350	0.1450	6.52993045e+08
0.0650	0.1450	0.1450	6.40236980e+08
0.0750	0.0750	0.0750	1.91453776e+09
0.0750	0.0750	0.0850	1.11785306e+09
0.0750	0.0750	0.0950	1.47358655e+09
0.0750	0.0750	0.1050	1.66402159e+09
0.0750	0.0750	0.1150	1.14939932e+09
0.0750	0.0750	0.1250	1.58135955e+09
0.0750	0.0750	0.1350	1.83148298e+09
0.0750	0.0750	0.1450	1.72033506e+09
0.0750	0.0850	0.0850	1.54128421e+09
0.0750	0.0850	0.0950	9.42559827e+08
0.0750	0.0850	0.1050	8.60284715e+08
0.0750	0.0850	0.1150	1.19913003e+09
0.0750	0.0850	0.1250	9.58526709e+08
0.0750	0.0850	0.1350	1.05504293e+09
0.0750	0.0850	0.1450	1.19193789e+09
0.0750	0.0950	0.0950	1.16956732e+09
0.0750	0.0950	0.1050	7.94614955e+08
0.0750	0.0950	0.1150	8.03520244e+08
0.0750	0.0950	0.1250	1.18954745e+09
0.0750	0.0950	0.1350	1.08957917e+09
0.0750	0.0950	0.1450	1.07234540e+09
0.0750	0.1050	0.1050	5.83673143e+08
0.0750	0.1050	0.1150	8.08584578e+08
0.0750	0.1050	0.1250	8.73440198e+08
0.0750	0.1050	0.1350	8.46736770e+08
0.0750	0.1050	0.1450	6.53538679e+08
0.0750	0.1150	0.1150	4.30356641e+08
0.0750	0.1150	0.1250	9.19447625e+08
0.0750	0.1150	0.1350	6.11149390e+08
0.0750	0.1150	0.1450	6.27132298e+08
0.0750	0.1250	0.1250	6.86442834e+08
0.0750	0.1250	0.1350	5.94802003e+08
0.0750	0.1250	0.1450	6.99573511e+08
0.0750	0.1350	0.1350	8.42690937e+08
0.0750	0.1350	0.1450	6.77146034e+08
0.0750	0.1450	0.1450	5.19833258e+08
0.0850	0.0850	0.0850	5.63559290e+08
0.0850	0.0850	0.0950	1.49182063e+09
0.0850	0.0850	0.1050	6.18877729e+08
0.0850	0.0850	0.1150	8.26424473e+08
0.0850	0.0850	0.1250	5.82935501e+08
0.0850	0.0850	0.1350	9.79628686e+08
0.0850	0.0850	0.1450	9.94434621e+08
0.0850	0.0950	0.0950	1.05719063e+09
0.0850	0.0950	0.1050	8.31608782e+08
0.0850	0.0950	0.1150	8.10202548e+08
0.0850	0.0950	0.1250	7.40279991e+08
0.0850	0.0950	0.1350	8.03679045e+08
0.0850	0.0950	0.1450	6.24556376e+08
0.0850	0.1050	0.1050	7.04076304e+08
0.0850	0.1050	0.1150	4.70759732e+08
0.0850	0.1050	0.1250	6.37505999e+08
0.0850	0.1050	0.1350	6.01774675e+08
0.0850	0.1050	0.1450	5.74739614e+08
0.0850	0.1150	0.1150	6.52907833e+08
0.0850	0.1150	0.1250	6.67091773e+08
0.0850	0.1150	0.1350	6.65189513e+08
0.0850	0.1150	0.1450	6.51208210e+08
0.0850	0.1250	0.1250	5.88048199e+08
0.0850	0.1250	0.1350	5.35955711e+08
0.0850	0.1250	0.1450	6.22920443e+08
0.0850	0.1350	0.1350	4.74081473e+08
0.0850	0.1350	0.1450	5.16368911e+08
0.0850	0.1450	0.1450	4.77117965e+08
0.0950	0.0950	0.0950	7.65492003e+08
0.0950	0.0950	0.1050	7.28113378e+08
0.0950	0.0950	0.1150	9.31431572e+08
0.0950	0.0950	0.1250	8.96237874e+08
0.0950	0.0950	0.1350	8.00372246e+08
0.0950	0.0950	0.1450	6.51397503e+08
0.0950	0.1050	0.1050	7.48149897e+08
0.0950	0.1050	0.1150	6.49838119e+08
0.0950	0.1050	0.1250	4.99232672e+08
0.0950	0.1050	0.1350	5.50435762e+08
0.0950	0.1050	0.1450	5.86029427e+08
0.0950	0.1150	0.1150	6.00415847e+08
0.0950	0.1150	0.1250	5.96329626e+08
0.0950	0.1150	0.1350	5.40971320e+08
0.0950	0.1150	0.1450	5.41143044e+08
0.0950	0.1250	0.1250	5.76258007e+08
0.0950	0.1250	0.1350	4.54927929e+08
0.0950	0.1250	0.1450	5.44209191e+08
0.0950	0.1350	0.1350	4.98448518e+08
0.0950	0.1350	0.1450	5.75102672e+08
0.0950	0.1450	0.1450	4.67240857e+08
0.1050	0.1050	0.1050	2.12234467e+08
0.1050	0.1050	0.1150	5.24678103e+08
0.1050	0.1050	0.1250	6.21209961e+08
0.1050	0.1050	0.1350	5.10229217e+08
0.1050	0.1050	0.1450	4.38599774e+08
0.1050	0.1150	0.1150	5.28185147e+08
0.1050	0.1150	0.1250	3.08114643e+08
0.1050	0.1150	0.1350	5.09146383e+08
0.1050	0.1150	0.1450	4.35026651e+08
0.1050	0.1250	0.1250	4.51411217e+08
0.1050	0.1250	0.1350	3.45130750e+08
0.1050	0.1250	0.1450	4.28892838e+08
0.1050	0.1350	0.1350	3.95440812e+08
0.1050	0.1350	0.1450	4.98461258e+08
0.1050	0.1450	0.1450	3.68988291e+08
0.1150	0.1150	0.1150	6.19322485e+08
0.1150	0.1150	0.1250	4.93665868e+08
0.1150	0.1150	0.1350	3.83853504e+08
0.1150	0.1150	0.1450	5.22219078e+08
0.1150	0.1250	0.1250	4.44770468e+08
0.1150	0.1250	0.1350	4.59580888e+08
0.1150	0.1250	0.1450	3.34582101e+08
0.1150	0.1350	0.1350	3.55842012e+08
0.1150	0.1350	0.1450	3.60598782e+08
0.1150	0.1450	0.1450	3.01441710e+08
0.1250	0.1250	0.1250	3.55486978e+08
0.1250	0.1250	0.1350	4.69150202e+08
0.1250	0.1250	0.1450	4.31665324e+08
0.1250	0.1350	0.1350	3.62558511e+08
0.1250	0.1350	0.1450	4.39395713e+08
0.1250	0.1450	0.1450	3.79318036e+08
0.1350	0.1350	0.1350	5.19832032e+08
0.1350	0.1350	0.1450	4.13513178e+08
0.1350	0.1450	0.1450	3.05181008e+08
0.1450	0.1450	0.1450	2.78036607e+08
