####### Bispectrum of Patchy Simulation 1329 #############
# Patch: ngc
# z-type: z1
# Weights: fkp
# Fiducial Omega_m: 0.310
# Fiducial h: 0.676
# Boxsize: [1350.0, 2450.0, 1400.0]
# Grid: [126, 230, 130]
# k-binning: [0.000, 0.160, 0.010]
# Monte Carlo Simulations: 100
#
# Format: k1 | k2 | k3 | B(k1,k2,k3)
############################################
0.0150	0.0150	0.0150	3.42421033e+09
0.0150	0.0150	0.0250	2.67390902e+10
0.0150	0.0150	0.0350	4.40659750e+10
0.0150	0.0250	0.0250	1.90976599e+10
0.0150	0.0250	0.0350	9.72597674e+09
0.0150	0.0250	0.0450	1.33106340e+10
0.0150	0.0350	0.0350	-5.97866536e+09
0.0150	0.0350	0.0450	4.66902759e+09
0.0150	0.0350	0.0550	1.17017798e+09
0.0150	0.0450	0.0450	1.30805362e+09
0.0150	0.0450	0.0550	7.79661017e+09
0.0150	0.0450	0.0650	8.55195438e+09
0.0150	0.0550	0.0550	4.67597603e+09
0.0150	0.0550	0.0650	4.05074379e+09
0.0150	0.0550	0.0750	5.05838169e+09
0.0150	0.0650	0.0650	3.23051135e+09
0.0150	0.0650	0.0750	5.80531632e+09
0.0150	0.0650	0.0850	5.45417242e+09
0.0150	0.0750	0.0750	3.12334668e+09
0.0150	0.0750	0.0850	4.24432204e+09
0.0150	0.0750	0.0950	8.42216501e+09
0.0150	0.0850	0.0850	3.06308861e+09
0.0150	0.0850	0.0950	2.77386929e+09
0.0150	0.0850	0.1050	4.25878056e+09
0.0150	0.0950	0.0950	1.60274615e+09
0.0150	0.0950	0.1050	3.62366395e+09
0.0150	0.0950	0.1150	4.80052896e+09
0.0150	0.1050	0.1050	5.74643750e+08
0.0150	0.1050	0.1150	3.04038744e+09
0.0150	0.1050	0.1250	3.64295848e+09
0.0150	0.1150	0.1150	2.31353317e+08
0.0150	0.1150	0.1250	2.56593435e+09
0.0150	0.1150	0.1350	2.82948545e+09
0.0150	0.1250	0.1250	1.55115619e+09
0.0150	0.1250	0.1350	2.33488466e+09
0.0150	0.1250	0.1450	3.41431834e+09
0.0150	0.1350	0.1350	1.08392846e+09
0.0150	0.1350	0.1450	1.87004414e+09
0.0150	0.1450	0.1450	1.98855155e+09
0.0250	0.0250	0.0250	1.02353560e+09
0.0250	0.0250	0.0350	1.57992702e+09
0.0250	0.0250	0.0450	8.96659939e+09
0.0250	0.0250	0.0550	2.69620625e+10
0.0250	0.0350	0.0350	9.76930697e+09
0.0250	0.0350	0.0450	7.38560867e+09
0.0250	0.0350	0.0550	6.80862657e+09
0.0250	0.0350	0.0650	6.31877823e+09
0.0250	0.0450	0.0450	2.12181703e+09
0.0250	0.0450	0.0550	7.53029355e+09
0.0250	0.0450	0.0650	5.47638792e+09
0.0250	0.0450	0.0750	9.05286229e+09
0.0250	0.0550	0.0550	2.41477188e+09
0.0250	0.0550	0.0650	5.75855624e+09
0.0250	0.0550	0.0750	7.33202767e+09
0.0250	0.0550	0.0850	9.29974044e+09
0.0250	0.0650	0.0650	1.11423962e+09
0.0250	0.0650	0.0750	3.82693154e+09
0.0250	0.0650	0.0850	5.51256660e+09
0.0250	0.0650	0.0950	3.89310129e+09
0.0250	0.0750	0.0750	1.47569636e+09
0.0250	0.0750	0.0850	3.08956013e+09
0.0250	0.0750	0.0950	5.52099951e+09
0.0250	0.0750	0.1050	6.32473050e+09
0.0250	0.0850	0.0850	4.76432431e+09
0.0250	0.0850	0.0950	2.73445763e+09
0.0250	0.0850	0.1050	3.77748792e+09
0.0250	0.0850	0.1150	4.47578900e+09
0.0250	0.0950	0.0950	2.68802393e+09
0.0250	0.0950	0.1050	2.00311519e+09
0.0250	0.0950	0.1150	3.43078594e+09
0.0250	0.0950	0.1250	2.68162452e+09
0.0250	0.1050	0.1050	2.57862968e+09
0.0250	0.1050	0.1150	2.73345749e+09
0.0250	0.1050	0.1250	2.92357231e+09
0.0250	0.1050	0.1350	2.74609876e+09
0.0250	0.1150	0.1150	2.37025829e+09
0.0250	0.1150	0.1250	2.21013728e+09
0.0250	0.1150	0.1350	2.72157529e+09
0.0250	0.1150	0.1450	3.25764719e+09
0.0250	0.1250	0.1250	1.42232384e+09
0.0250	0.1250	0.1350	1.56103611e+09
0.0250	0.1250	0.1450	2.58435729e+09
0.0250	0.1350	0.1350	2.09466670e+09
0.0250	0.1350	0.1450	1.59259106e+09
0.0250	0.1450	0.1450	1.17471609e+09
0.0350	0.0350	0.0350	1.43661470e+09
0.0350	0.0350	0.0450	3.40593910e+09
0.0350	0.0350	0.0550	7.80333252e+09
0.0350	0.0350	0.0650	4.50257945e+09
0.0350	0.0350	0.0750	5.02575656e+09
0.0350	0.0450	0.0450	3.54835968e+09
0.0350	0.0450	0.0550	-4.10624369e+08
0.0350	0.0450	0.0650	3.42089854e+09
0.0350	0.0450	0.0750	4.39204822e+09
0.0350	0.0450	0.0850	2.12577059e+09
0.0350	0.0550	0.0550	3.20695414e+09
0.0350	0.0550	0.0650	2.12736594e+09
0.0350	0.0550	0.0750	3.03348161e+09
0.0350	0.0550	0.0850	2.95806090e+09
0.0350	0.0550	0.0950	4.23803619e+09
0.0350	0.0650	0.0650	2.42894412e+09
0.0350	0.0650	0.0750	1.57684402e+09
0.0350	0.0650	0.0850	3.98308430e+09
0.0350	0.0650	0.0950	3.25245551e+09
0.0350	0.0650	0.1050	2.32907237e+09
0.0350	0.0750	0.0750	2.34142213e+09
0.0350	0.0750	0.0850	2.31924414e+09
0.0350	0.0750	0.0950	2.17211784e+09
0.0350	0.0750	0.1050	2.76608313e+09
0.0350	0.0750	0.1150	2.32046035e+09
0.0350	0.0850	0.0850	5.83634150e+08
0.0350	0.0850	0.0950	2.04507375e+09
0.0350	0.0850	0.1050	2.15612707e+09
0.0350	0.0850	0.1150	2.29371635e+09
0.0350	0.0850	0.1250	2.60900139e+09
0.0350	0.0950	0.0950	1.24696729e+09
0.0350	0.0950	0.1050	1.37090031e+09
0.0350	0.0950	0.1150	1.61377489e+09
0.0350	0.0950	0.1250	1.99253573e+09
0.0350	0.0950	0.1350	1.76126757e+09
0.0350	0.1050	0.1050	1.67150850e+09
0.0350	0.1050	0.1150	7.39481812e+08
0.0350	0.1050	0.1250	1.23508499e+09
0.0350	0.1050	0.1350	1.71100009e+09
0.0350	0.1050	0.1450	2.57806030e+09
0.0350	0.1150	0.1150	1.75937902e+09
0.0350	0.1150	0.1250	9.41694158e+08
0.0350	0.1150	0.1350	1.14481174e+09
0.0350	0.1150	0.1450	1.64086613e+09
0.0350	0.1250	0.1250	7.61102483e+08
0.0350	0.1250	0.1350	1.27124035e+09
0.0350	0.1250	0.1450	1.38286286e+09
0.0350	0.1350	0.1350	1.00664001e+09
0.0350	0.1350	0.1450	1.16652186e+09
0.0350	0.1450	0.1450	9.40948236e+08
0.0450	0.0450	0.0450	4.05282696e+09
0.0450	0.0450	0.0550	9.82851271e+08
0.0450	0.0450	0.0650	1.68863452e+09
0.0450	0.0450	0.0750	3.56521741e+09
0.0450	0.0450	0.0850	3.48529286e+09
0.0450	0.0450	0.0950	4.91275564e+09
0.0450	0.0550	0.0550	3.85324360e+09
0.0450	0.0550	0.0650	2.68514289e+09
0.0450	0.0550	0.0750	1.64350680e+09
0.0450	0.0550	0.0850	3.03698591e+09
0.0450	0.0550	0.0950	3.41545931e+09
0.0450	0.0550	0.1050	4.51428626e+09
0.0450	0.0650	0.0650	2.43340311e+09
0.0450	0.0650	0.0750	2.36886119e+09
0.0450	0.0650	0.0850	2.61188087e+09
0.0450	0.0650	0.0950	2.63296399e+09
0.0450	0.0650	0.1050	2.59441635e+09
0.0450	0.0650	0.1150	4.19002468e+09
0.0450	0.0750	0.0750	2.31010670e+09
0.0450	0.0750	0.0850	1.58645917e+09
0.0450	0.0750	0.0950	1.87443632e+09
0.0450	0.0750	0.1050	1.63289226e+09
0.0450	0.0750	0.1150	1.97887061e+09
0.0450	0.0750	0.1250	3.67929999e+09
0.0450	0.0850	0.0850	1.78037301e+09
0.0450	0.0850	0.0950	1.19142502e+09
0.0450	0.0850	0.1050	2.01590711e+09
0.0450	0.0850	0.1150	1.55206454e+09
0.0450	0.0850	0.1250	2.20836107e+09
0.0450	0.0850	0.1350	1.95812861e+09
0.0450	0.0950	0.0950	1.29785453e+09
0.0450	0.0950	0.1050	1.39059032e+09
0.0450	0.0950	0.1150	1.45522063e+09
0.0450	0.0950	0.1250	1.66470467e+09
0.0450	0.0950	0.1350	1.75756305e+09
0.0450	0.0950	0.1450	2.25226216e+09
0.0450	0.1050	0.1050	1.21458969e+09
0.0450	0.1050	0.1150	1.13338536e+09
0.0450	0.1050	0.1250	9.04164788e+08
0.0450	0.1050	0.1350	1.14603177e+09
0.0450	0.1050	0.1450	1.55082192e+09
0.0450	0.1150	0.1150	1.02793534e+09
0.0450	0.1150	0.1250	1.02442171e+09
0.0450	0.1150	0.1350	1.16390627e+09
0.0450	0.1150	0.1450	1.25259730e+09
0.0450	0.1250	0.1250	1.20544777e+09
0.0450	0.1250	0.1350	5.84909061e+08
0.0450	0.1250	0.1450	9.27897232e+08
0.0450	0.1350	0.1350	7.70637110e+08
0.0450	0.1350	0.1450	6.98567500e+08
0.0450	0.1450	0.1450	5.77488235e+08
0.0550	0.0550	0.0550	5.23705534e+09
0.0550	0.0550	0.0650	2.16547197e+09
0.0550	0.0550	0.0750	2.55853128e+09
0.0550	0.0550	0.0850	1.85427406e+09
0.0550	0.0550	0.0950	2.85074916e+09
0.0550	0.0550	0.1050	3.63977449e+09
0.0550	0.0550	0.1150	3.59782173e+09
0.0550	0.0650	0.0650	1.24828083e+09
0.0550	0.0650	0.0750	1.98777478e+09
0.0550	0.0650	0.0850	1.63456263e+09
0.0550	0.0650	0.0950	1.91767806e+09
0.0550	0.0650	0.1050	1.83798434e+09
0.0550	0.0650	0.1150	2.69178010e+09
0.0550	0.0650	0.1250	2.36880028e+09
0.0550	0.0750	0.0750	3.09734102e+08
0.0550	0.0750	0.0850	2.26141686e+09
0.0550	0.0750	0.0950	1.30749141e+09
0.0550	0.0750	0.1050	2.42951064e+09
0.0550	0.0750	0.1150	2.02748638e+09
0.0550	0.0750	0.1250	2.51247861e+09
0.0550	0.0750	0.1350	2.32363244e+09
0.0550	0.0850	0.0850	8.49210546e+08
0.0550	0.0850	0.0950	1.56666588e+09
0.0550	0.0850	0.1050	1.51171622e+09
0.0550	0.0850	0.1150	1.45000217e+09
0.0550	0.0850	0.1250	1.99023682e+09
0.0550	0.0850	0.1350	1.86733430e+09
0.0550	0.0850	0.1450	1.69354019e+09
0.0550	0.0950	0.0950	8.73231752e+08
0.0550	0.0950	0.1050	1.06192290e+09
0.0550	0.0950	0.1150	9.65528869e+08
0.0550	0.0950	0.1250	1.03454764e+09
0.0550	0.0950	0.1350	1.69427728e+09
0.0550	0.0950	0.1450	1.58367913e+09
0.0550	0.1050	0.1050	1.34855736e+09
0.0550	0.1050	0.1150	1.03181080e+09
0.0550	0.1050	0.1250	1.25948075e+09
0.0550	0.1050	0.1350	1.09984731e+09
0.0550	0.1050	0.1450	1.38315534e+09
0.0550	0.1150	0.1150	1.13507321e+09
0.0550	0.1150	0.1250	8.22239308e+08
0.0550	0.1150	0.1350	6.74863999e+08
0.0550	0.1150	0.1450	1.15711860e+09
0.0550	0.1250	0.1250	6.80056568e+08
0.0550	0.1250	0.1350	9.77540304e+08
0.0550	0.1250	0.1450	9.73906099e+08
0.0550	0.1350	0.1350	7.56925395e+08
0.0550	0.1350	0.1450	8.13080524e+08
0.0550	0.1450	0.1450	1.01331528e+09
0.0650	0.0650	0.0650	2.15632165e+09
0.0650	0.0650	0.0750	1.57367744e+09
0.0650	0.0650	0.0850	1.47629635e+09
0.0650	0.0650	0.0950	1.77877115e+09
0.0650	0.0650	0.1050	1.43310315e+09
0.0650	0.0650	0.1150	1.95621454e+09
0.0650	0.0650	0.1250	2.46483384e+09
0.0650	0.0650	0.1350	2.77565160e+09
0.0650	0.0750	0.0750	1.00232395e+09
0.0650	0.0750	0.0850	1.46661743e+09
0.0650	0.0750	0.0950	1.18959863e+09
0.0650	0.0750	0.1050	1.26020742e+09
0.0650	0.0750	0.1150	1.69002003e+09
0.0650	0.0750	0.1250	1.52849492e+09
0.0650	0.0750	0.1350	1.97743607e+09
0.0650	0.0750	0.1450	2.18480829e+09
0.0650	0.0850	0.0850	1.72454987e+09
0.0650	0.0850	0.0950	1.08397570e+09
0.0650	0.0850	0.1050	9.04638616e+08
0.0650	0.0850	0.1150	1.18774673e+09
0.0650	0.0850	0.1250	1.30946151e+09
0.0650	0.0850	0.1350	1.59992952e+09
0.0650	0.0850	0.1450	1.50205962e+09
0.0650	0.0950	0.0950	9.13494886e+08
0.0650	0.0950	0.1050	9.48625752e+08
0.0650	0.0950	0.1150	9.46428972e+08
0.0650	0.0950	0.1250	1.04946071e+09
0.0650	0.0950	0.1350	1.16611812e+09
0.0650	0.0950	0.1450	1.23440553e+09
0.0650	0.1050	0.1050	1.33967636e+09
0.0650	0.1050	0.1150	9.55043061e+08
0.0650	0.1050	0.1250	8.97401409e+08
0.0650	0.1050	0.1350	7.97041253e+08
0.0650	0.1050	0.1450	9.54981305e+08
0.0650	0.1150	0.1150	8.86871677e+08
0.0650	0.1150	0.1250	7.04932801e+08
0.0650	0.1150	0.1350	6.59166129e+08
0.0650	0.1150	0.1450	8.61244975e+08
0.0650	0.1250	0.1250	9.06006657e+08
0.0650	0.1250	0.1350	6.62669459e+08
0.0650	0.1250	0.1450	6.32636082e+08
0.0650	0.1350	0.1350	7.01847915e+08
0.0650	0.1350	0.1450	7.53018156e+08
0.0650	0.1450	0.1450	5.67624137e+08
0.0750	0.0750	0.0750	5.76695484e+08
0.0750	0.0750	0.0850	1.54276210e+09
0.0750	0.0750	0.0950	6.21624215e+08
0.0750	0.0750	0.1050	1.13473997e+09
0.0750	0.0750	0.1150	9.21739974e+08
0.0750	0.0750	0.1250	1.22933554e+09
0.0750	0.0750	0.1350	1.20314692e+09
0.0750	0.0750	0.1450	1.50674759e+09
0.0750	0.0850	0.0850	1.31460568e+09
0.0750	0.0850	0.0950	1.34055215e+09
0.0750	0.0850	0.1050	9.39588858e+08
0.0750	0.0850	0.1150	9.61366505e+08
0.0750	0.0850	0.1250	1.09431319e+09
0.0750	0.0850	0.1350	1.29975579e+09
0.0750	0.0850	0.1450	1.31105887e+09
0.0750	0.0950	0.0950	6.40286896e+08
0.0750	0.0950	0.1050	8.52443498e+08
0.0750	0.0950	0.1150	9.61476091e+08
0.0750	0.0950	0.1250	9.33772976e+08
0.0750	0.0950	0.1350	9.89577911e+08
0.0750	0.0950	0.1450	9.76416348e+08
0.0750	0.1050	0.1050	8.52665068e+08
0.0750	0.1050	0.1150	6.83743814e+08
0.0750	0.1050	0.1250	8.07855777e+08
0.0750	0.1050	0.1350	8.08134534e+08
0.0750	0.1050	0.1450	8.82605867e+08
0.0750	0.1150	0.1150	8.66895033e+08
0.0750	0.1150	0.1250	5.93836755e+08
0.0750	0.1150	0.1350	7.02869405e+08
0.0750	0.1150	0.1450	6.08052220e+08
0.0750	0.1250	0.1250	5.24635570e+08
0.0750	0.1250	0.1350	6.07429134e+08
0.0750	0.1250	0.1450	7.46689036e+08
0.0750	0.1350	0.1350	5.73978006e+08
0.0750	0.1350	0.1450	5.99000533e+08
0.0750	0.1450	0.1450	5.05698121e+08
0.0850	0.0850	0.0850	5.14071956e+08
0.0850	0.0850	0.0950	1.14801288e+09
0.0850	0.0850	0.1050	1.10109228e+09
0.0850	0.0850	0.1150	8.77916952e+08
0.0850	0.0850	0.1250	6.94626534e+08
0.0850	0.0850	0.1350	9.11276922e+08
0.0850	0.0850	0.1450	8.31160506e+08
0.0850	0.0950	0.0950	1.06463251e+09
0.0850	0.0950	0.1050	7.15886533e+08
0.0850	0.0950	0.1150	8.66594563e+08
0.0850	0.0950	0.1250	6.99148215e+08
0.0850	0.0950	0.1350	9.24037384e+08
0.0850	0.0950	0.1450	8.48412886e+08
0.0850	0.1050	0.1050	9.06698801e+08
0.0850	0.1050	0.1150	6.39201047e+08
0.0850	0.1050	0.1250	5.99829987e+08
0.0850	0.1050	0.1350	6.85354756e+08
0.0850	0.1050	0.1450	7.90336886e+08
0.0850	0.1150	0.1150	4.47319345e+08
0.0850	0.1150	0.1250	8.58535509e+08
0.0850	0.1150	0.1350	4.65460537e+08
0.0850	0.1150	0.1450	6.69791872e+08
0.0850	0.1250	0.1250	5.07549692e+08
0.0850	0.1250	0.1350	6.06051189e+08
0.0850	0.1250	0.1450	4.36125795e+08
0.0850	0.1350	0.1350	4.65344300e+08
0.0850	0.1350	0.1450	5.65070343e+08
0.0850	0.1450	0.1450	5.44513002e+08
0.0950	0.0950	0.0950	8.98976344e+08
0.0950	0.0950	0.1050	5.84874946e+08
0.0950	0.0950	0.1150	4.97400921e+08
0.0950	0.0950	0.1250	5.85884138e+08
0.0950	0.0950	0.1350	5.36057076e+08
0.0950	0.0950	0.1450	6.88806090e+08
0.0950	0.1050	0.1050	7.33909043e+08
0.0950	0.1050	0.1150	6.26194535e+08
0.0950	0.1050	0.1250	6.36129490e+08
0.0950	0.1050	0.1350	6.01660808e+08
0.0950	0.1050	0.1450	6.07534991e+08
0.0950	0.1150	0.1150	5.65801938e+08
0.0950	0.1150	0.1250	5.55498851e+08
0.0950	0.1150	0.1350	4.82186325e+08
0.0950	0.1150	0.1450	5.72193139e+08
0.0950	0.1250	0.1250	5.83004415e+08
0.0950	0.1250	0.1350	3.88224704e+08
0.0950	0.1250	0.1450	5.20156545e+08
0.0950	0.1350	0.1350	4.61577151e+08
0.0950	0.1350	0.1450	4.46157974e+08
0.0950	0.1450	0.1450	4.42001972e+08
0.1050	0.1050	0.1050	2.77364254e+08
0.1050	0.1050	0.1150	5.41419705e+08
0.1050	0.1050	0.1250	4.53959553e+08
0.1050	0.1050	0.1350	5.42545833e+08
0.1050	0.1050	0.1450	5.99091937e+08
0.1050	0.1150	0.1150	3.98344866e+08
0.1050	0.1150	0.1250	4.61177828e+08
0.1050	0.1150	0.1350	5.22067934e+08
0.1050	0.1150	0.1450	4.68210778e+08
0.1050	0.1250	0.1250	4.04377692e+08
0.1050	0.1250	0.1350	3.81600115e+08
0.1050	0.1250	0.1450	4.12291841e+08
0.1050	0.1350	0.1350	4.57726041e+08
0.1050	0.1350	0.1450	4.16228726e+08
0.1050	0.1450	0.1450	4.51814106e+08
0.1150	0.1150	0.1150	4.87109599e+08
0.1150	0.1150	0.1250	4.08940922e+08
0.1150	0.1150	0.1350	4.83387635e+08
0.1150	0.1150	0.1450	4.80295511e+08
0.1150	0.1250	0.1250	4.49578398e+08
0.1150	0.1250	0.1350	3.88655157e+08
0.1150	0.1250	0.1450	4.65454677e+08
0.1150	0.1350	0.1350	3.72813835e+08
0.1150	0.1350	0.1450	4.03227216e+08
0.1150	0.1450	0.1450	4.54117128e+08
0.1250	0.1250	0.1250	5.90275358e+08
0.1250	0.1250	0.1350	3.76467128e+08
0.1250	0.1250	0.1450	3.10891283e+08
0.1250	0.1350	0.1350	3.87355457e+08
0.1250	0.1350	0.1450	3.35023341e+08
0.1250	0.1450	0.1450	3.85760105e+08
0.1350	0.1350	0.1350	5.47111527e+08
0.1350	0.1350	0.1450	3.11041483e+08
0.1350	0.1450	0.1450	2.91957191e+08
0.1450	0.1450	0.1450	2.87920822e+08
