####### Bispectrum of Patchy Simulation 188 #############
# Patch: sgc
# z-type: z1
# Weights: fkp
# Fiducial Omega_m: 0.310
# Fiducial h: 0.676
# Boxsize: [1000.0, 1900.0, 1100.0]
# Grid: [95, 180, 105]
# k-binning: [0.000, 0.160, 0.010]
# Monte Carlo Simulations: 100
#
# Format: k1 | k2 | k3 | B(k1,k2,k3)
############################################
0.0150	0.0150	0.0150	2.27228666e+10
0.0150	0.0150	0.0250	4.79838190e+09
0.0150	0.0150	0.0350	8.95609194e+09
0.0150	0.0250	0.0250	2.70163654e+09
0.0150	0.0250	0.0350	1.34063179e+10
0.0150	0.0250	0.0450	-3.45826301e+09
0.0150	0.0350	0.0350	1.16650928e+10
0.0150	0.0350	0.0450	1.82812850e+10
0.0150	0.0350	0.0550	9.39968688e+08
0.0150	0.0450	0.0450	5.58399321e+09
0.0150	0.0450	0.0550	2.78995552e+09
0.0150	0.0450	0.0650	-2.71617215e+09
0.0150	0.0550	0.0550	7.42258517e+09
0.0150	0.0550	0.0650	7.53490988e+09
0.0150	0.0550	0.0750	4.33238066e+09
0.0150	0.0650	0.0650	6.04147841e+09
0.0150	0.0650	0.0750	1.14512126e+10
0.0150	0.0650	0.0850	2.39457508e+09
0.0150	0.0750	0.0750	2.92804810e+09
0.0150	0.0750	0.0850	4.33541214e+09
0.0150	0.0750	0.0950	8.73567365e+09
0.0150	0.0850	0.0850	2.74907618e+09
0.0150	0.0850	0.0950	2.62799304e+09
0.0150	0.0850	0.1050	3.45506473e+09
0.0150	0.0950	0.0950	4.39084691e+09
0.0150	0.0950	0.1050	2.43486793e+09
0.0150	0.0950	0.1150	2.57490115e+09
0.0150	0.1050	0.1050	3.97869020e+09
0.0150	0.1050	0.1150	2.89659609e+09
0.0150	0.1050	0.1250	1.00508902e+09
0.0150	0.1150	0.1150	1.84706749e+09
0.0150	0.1150	0.1250	1.07690422e+09
0.0150	0.1150	0.1350	2.22340194e+09
0.0150	0.1250	0.1250	2.75697895e+09
0.0150	0.1250	0.1350	1.22315729e+09
0.0150	0.1250	0.1450	3.04116699e+09
0.0150	0.1350	0.1350	1.35213453e+09
0.0150	0.1350	0.1450	1.46620709e+09
0.0150	0.1450	0.1450	1.63387382e+09
0.0250	0.0250	0.0250	4.09253484e+10
0.0250	0.0250	0.0350	6.89042350e+09
0.0250	0.0250	0.0450	3.29858908e+09
0.0250	0.0250	0.0550	9.60494929e+09
0.0250	0.0350	0.0350	-1.50427596e+09
0.0250	0.0350	0.0450	1.53982913e+10
0.0250	0.0350	0.0550	7.34825409e+09
0.0250	0.0350	0.0650	-1.14972051e+09
0.0250	0.0450	0.0450	3.31467111e+09
0.0250	0.0450	0.0550	1.06286918e+10
0.0250	0.0450	0.0650	1.23267789e+10
0.0250	0.0450	0.0750	3.24431873e+09
0.0250	0.0550	0.0550	1.63537557e+09
0.0250	0.0550	0.0650	3.35763002e+09
0.0250	0.0550	0.0750	5.20816349e+09
0.0250	0.0550	0.0850	1.07563405e+09
0.0250	0.0650	0.0650	7.63821676e+09
0.0250	0.0650	0.0750	2.38251425e+09
0.0250	0.0650	0.0850	6.46209988e+09
0.0250	0.0650	0.0950	8.56765635e+09
0.0250	0.0750	0.0750	6.54736479e+09
0.0250	0.0750	0.0850	3.39425204e+09
0.0250	0.0750	0.0950	3.57870472e+09
0.0250	0.0750	0.1050	6.85655671e+09
0.0250	0.0850	0.0850	5.24874775e+09
0.0250	0.0850	0.0950	2.17244654e+09
0.0250	0.0850	0.1050	2.51696790e+09
0.0250	0.0850	0.1150	4.41526099e+09
0.0250	0.0950	0.0950	1.98631521e+09
0.0250	0.0950	0.1050	2.76964955e+09
0.0250	0.0950	0.1150	2.86326393e+09
0.0250	0.0950	0.1250	4.31743473e+09
0.0250	0.1050	0.1050	7.98033533e+08
0.0250	0.1050	0.1150	2.32693389e+09
0.0250	0.1050	0.1250	2.22198247e+09
0.0250	0.1050	0.1350	3.06938145e+09
0.0250	0.1150	0.1150	4.38443372e+08
0.0250	0.1150	0.1250	2.06012847e+09
0.0250	0.1150	0.1350	2.41058127e+09
0.0250	0.1150	0.1450	2.29621560e+09
0.0250	0.1250	0.1250	2.17179694e+09
0.0250	0.1250	0.1350	9.74103911e+08
0.0250	0.1250	0.1450	2.79389832e+09
0.0250	0.1350	0.1350	1.99988400e+09
0.0250	0.1350	0.1450	1.09664715e+09
0.0250	0.1450	0.1450	1.72576001e+09
0.0350	0.0350	0.0350	-3.41172698e+09
0.0350	0.0350	0.0450	3.27434535e+09
0.0350	0.0350	0.0550	8.76759524e+09
0.0350	0.0350	0.0650	3.96093500e+09
0.0350	0.0350	0.0750	-1.16498320e+09
0.0350	0.0450	0.0450	-4.50441683e+09
0.0350	0.0450	0.0550	5.88919671e+09
0.0350	0.0450	0.0650	2.98017094e+09
0.0350	0.0450	0.0750	3.83747171e+09
0.0350	0.0450	0.0850	-1.14931277e+09
0.0350	0.0550	0.0550	1.55965952e+09
0.0350	0.0550	0.0650	2.19082850e+09
0.0350	0.0550	0.0750	2.87017599e+09
0.0350	0.0550	0.0850	3.16008765e+09
0.0350	0.0550	0.0950	4.28839991e+09
0.0350	0.0650	0.0650	6.01921696e+09
0.0350	0.0650	0.0750	3.52327512e+09
0.0350	0.0650	0.0850	3.92964920e+09
0.0350	0.0650	0.0950	3.33751511e+09
0.0350	0.0650	0.1050	5.81937115e+09
0.0350	0.0750	0.0750	8.88314798e+08
0.0350	0.0750	0.0850	2.73875975e+09
0.0350	0.0750	0.0950	1.89856258e+09
0.0350	0.0750	0.1050	2.54545084e+09
0.0350	0.0750	0.1150	7.10518460e+07
0.0350	0.0850	0.0850	1.54543031e+09
0.0350	0.0850	0.0950	2.15238429e+09
0.0350	0.0850	0.1050	1.44767990e+09
0.0350	0.0850	0.1150	1.99193449e+09
0.0350	0.0850	0.1250	4.45782663e+09
0.0350	0.0950	0.0950	8.60782007e+08
0.0350	0.0950	0.1050	1.83699008e+09
0.0350	0.0950	0.1150	1.81002543e+09
0.0350	0.0950	0.1250	1.44709354e+09
0.0350	0.0950	0.1350	3.30740945e+09
0.0350	0.1050	0.1050	1.34619515e+09
0.0350	0.1050	0.1150	8.05024999e+08
0.0350	0.1050	0.1250	1.36528383e+09
0.0350	0.1050	0.1350	1.38961734e+09
0.0350	0.1050	0.1450	2.44310923e+09
0.0350	0.1150	0.1150	1.46870877e+09
0.0350	0.1150	0.1250	9.65436546e+08
0.0350	0.1150	0.1350	7.70735896e+08
0.0350	0.1150	0.1450	1.46384028e+09
0.0350	0.1250	0.1250	1.02935031e+09
0.0350	0.1250	0.1350	1.05514603e+09
0.0350	0.1250	0.1450	1.44041338e+09
0.0350	0.1350	0.1350	6.46098056e+08
0.0350	0.1350	0.1450	1.03849953e+09
0.0350	0.1450	0.1450	8.89104990e+08
0.0450	0.0450	0.0450	1.16307815e+10
0.0450	0.0450	0.0550	1.64079330e+09
0.0450	0.0450	0.0650	-1.02209557e+09
0.0450	0.0450	0.0750	4.69365658e+09
0.0450	0.0450	0.0850	3.78680627e+09
0.0450	0.0450	0.0950	1.21935263e+10
0.0450	0.0550	0.0550	1.99511451e+09
0.0450	0.0550	0.0650	2.38441542e+09
0.0450	0.0550	0.0750	1.37523547e+09
0.0450	0.0550	0.0850	2.28894752e+09
0.0450	0.0550	0.0950	2.10198953e+09
0.0450	0.0550	0.1050	4.71294381e+09
0.0450	0.0650	0.0650	7.01169709e+08
0.0450	0.0650	0.0750	4.22851763e+09
0.0450	0.0650	0.0850	3.00315677e+09
0.0450	0.0650	0.0950	3.08374723e+09
0.0450	0.0650	0.1050	2.10688002e+09
0.0450	0.0650	0.1150	2.86018965e+09
0.0450	0.0750	0.0750	2.67416500e+09
0.0450	0.0750	0.0850	2.52810721e+09
0.0450	0.0750	0.0950	1.51410263e+09
0.0450	0.0750	0.1050	2.25226430e+09
0.0450	0.0750	0.1150	3.23665738e+09
0.0450	0.0750	0.1250	2.36576615e+09
0.0450	0.0850	0.0850	2.59852321e+09
0.0450	0.0850	0.0950	9.40971172e+08
0.0450	0.0850	0.1050	2.46338172e+09
0.0450	0.0850	0.1150	1.24492349e+09
0.0450	0.0850	0.1250	2.53914657e+09
0.0450	0.0850	0.1350	3.53024449e+09
0.0450	0.0950	0.0950	1.68878825e+09
0.0450	0.0950	0.1050	2.20825569e+08
0.0450	0.0950	0.1150	1.42756782e+09
0.0450	0.0950	0.1250	1.52679127e+09
0.0450	0.0950	0.1350	2.09602693e+09
0.0450	0.0950	0.1450	1.75317234e+09
0.0450	0.1050	0.1050	1.44122838e+09
0.0450	0.1050	0.1150	8.17813945e+08
0.0450	0.1050	0.1250	1.10915387e+09
0.0450	0.1050	0.1350	1.55596678e+09
0.0450	0.1050	0.1450	2.19037308e+09
0.0450	0.1150	0.1150	2.80552699e+08
0.0450	0.1150	0.1250	1.43322539e+09
0.0450	0.1150	0.1350	1.16278542e+09
0.0450	0.1150	0.1450	1.46016191e+09
0.0450	0.1250	0.1250	1.02309333e+09
0.0450	0.1250	0.1350	1.37374570e+09
0.0450	0.1250	0.1450	6.31963741e+08
0.0450	0.1350	0.1350	8.01061432e+08
0.0450	0.1350	0.1450	9.95161941e+08
0.0450	0.1450	0.1450	5.95293596e+08
0.0550	0.0550	0.0550	5.27968616e+09
0.0550	0.0550	0.0650	3.13754537e+09
0.0550	0.0550	0.0750	3.28998853e+09
0.0550	0.0550	0.0850	2.67007650e+09
0.0550	0.0550	0.0950	2.28967694e+09
0.0550	0.0550	0.1050	3.14340505e+09
0.0550	0.0550	0.1150	1.25646847e+08
0.0550	0.0650	0.0650	1.32142628e+09
0.0550	0.0650	0.0750	1.92109828e+09
0.0550	0.0650	0.0850	1.89434198e+09
0.0550	0.0650	0.0950	1.65506367e+09
0.0550	0.0650	0.1050	1.44757961e+09
0.0550	0.0650	0.1150	2.23195101e+09
0.0550	0.0650	0.1250	2.95027889e+09
0.0550	0.0750	0.0750	7.01347734e+08
0.0550	0.0750	0.0850	1.17085120e+09
0.0550	0.0750	0.0950	2.27992172e+09
0.0550	0.0750	0.1050	1.09101159e+09
0.0550	0.0750	0.1150	1.33949635e+09
0.0550	0.0750	0.1250	2.08403521e+09
0.0550	0.0750	0.1350	2.09909540e+09
0.0550	0.0850	0.0850	1.45839620e+09
0.0550	0.0850	0.0950	1.41068885e+09
0.0550	0.0850	0.1050	1.12071481e+09
0.0550	0.0850	0.1150	7.92304932e+08
0.0550	0.0850	0.1250	9.28388319e+08
0.0550	0.0850	0.1350	2.16183091e+09
0.0550	0.0850	0.1450	2.50713694e+09
0.0550	0.0950	0.0950	1.84350445e+09
0.0550	0.0950	0.1050	1.08040435e+09
0.0550	0.0950	0.1150	8.39621880e+08
0.0550	0.0950	0.1250	1.23217610e+09
0.0550	0.0950	0.1350	8.09675695e+08
0.0550	0.0950	0.1450	6.34818743e+08
0.0550	0.1050	0.1050	5.47448172e+08
0.0550	0.1050	0.1150	9.43616517e+08
0.0550	0.1050	0.1250	7.28969766e+08
0.0550	0.1050	0.1350	1.14786852e+09
0.0550	0.1050	0.1450	1.02158139e+09
0.0550	0.1150	0.1150	8.33328465e+08
0.0550	0.1150	0.1250	4.75056145e+08
0.0550	0.1150	0.1350	8.75325087e+08
0.0550	0.1150	0.1450	6.38503362e+08
0.0550	0.1250	0.1250	7.01731436e+08
0.0550	0.1250	0.1350	5.18998155e+08
0.0550	0.1250	0.1450	8.76233921e+08
0.0550	0.1350	0.1350	5.70671803e+08
0.0550	0.1350	0.1450	5.35426719e+08
0.0550	0.1450	0.1450	4.85246478e+08
0.0650	0.0650	0.0650	1.96087158e+09
0.0650	0.0650	0.0750	1.01253556e+09
0.0650	0.0650	0.0850	1.35886290e+09
0.0650	0.0650	0.0950	2.17476528e+09
0.0650	0.0650	0.1050	2.26254030e+09
0.0650	0.0650	0.1150	2.66200923e+09
0.0650	0.0650	0.1250	2.04858368e+09
0.0650	0.0650	0.1350	2.76541013e+09
0.0650	0.0750	0.0750	2.96337345e+09
0.0650	0.0750	0.0850	7.53445217e+08
0.0650	0.0750	0.0950	8.99230433e+08
0.0650	0.0750	0.1050	1.50805390e+09
0.0650	0.0750	0.1150	1.71325699e+09
0.0650	0.0750	0.1250	2.19095589e+09
0.0650	0.0750	0.1350	2.43162690e+09
0.0650	0.0750	0.1450	2.15469307e+09
0.0650	0.0850	0.0850	8.58854654e+08
0.0650	0.0850	0.0950	1.60806742e+09
0.0650	0.0850	0.1050	1.11742506e+09
0.0650	0.0850	0.1150	1.48106614e+09
0.0650	0.0850	0.1250	8.49357390e+08
0.0650	0.0850	0.1350	1.88679800e+09
0.0650	0.0850	0.1450	2.00683668e+09
0.0650	0.0950	0.0950	1.98089928e+09
0.0650	0.0950	0.1050	9.71758530e+08
0.0650	0.0950	0.1150	1.08855966e+09
0.0650	0.0950	0.1250	1.39661318e+09
0.0650	0.0950	0.1350	1.24355577e+09
0.0650	0.0950	0.1450	1.29234257e+09
0.0650	0.1050	0.1050	6.26035657e+08
0.0650	0.1050	0.1150	9.35403961e+08
0.0650	0.1050	0.1250	4.95275887e+08
0.0650	0.1050	0.1350	7.15248221e+08
0.0650	0.1050	0.1450	1.41644636e+09
0.0650	0.1150	0.1150	4.71813750e+08
0.0650	0.1150	0.1250	3.61354892e+08
0.0650	0.1150	0.1350	1.07219787e+09
0.0650	0.1150	0.1450	7.00787702e+08
0.0650	0.1250	0.1250	4.27791491e+08
0.0650	0.1250	0.1350	9.38756178e+08
0.0650	0.1250	0.1450	8.36522190e+08
0.0650	0.1350	0.1350	2.93738235e+08
0.0650	0.1350	0.1450	6.77339639e+08
0.0650	0.1450	0.1450	7.53444153e+08
0.0750	0.0750	0.0750	7.10995150e+08
0.0750	0.0750	0.0850	2.39566113e+09
0.0750	0.0750	0.0950	1.70122232e+09
0.0750	0.0750	0.1050	7.72015442e+08
0.0750	0.0750	0.1150	1.37181373e+09
0.0750	0.0750	0.1250	1.90264756e+09
0.0750	0.0750	0.1350	9.64591596e+08
0.0750	0.0750	0.1450	1.71424389e+09
0.0750	0.0850	0.0850	1.55629799e+09
0.0750	0.0850	0.0950	1.56504543e+09
0.0750	0.0850	0.1050	8.99018090e+08
0.0750	0.0850	0.1150	8.24552456e+08
0.0750	0.0850	0.1250	8.76546944e+08
0.0750	0.0850	0.1350	1.57251141e+09
0.0750	0.0850	0.1450	1.00389044e+09
0.0750	0.0950	0.0950	8.59400953e+08
0.0750	0.0950	0.1050	1.10457009e+09
0.0750	0.0950	0.1150	8.48395464e+08
0.0750	0.0950	0.1250	5.43054320e+08
0.0750	0.0950	0.1350	1.25855352e+09
0.0750	0.0950	0.1450	9.87944757e+08
0.0750	0.1050	0.1050	4.67372167e+08
0.0750	0.1050	0.1150	8.61520927e+08
0.0750	0.1050	0.1250	4.90932143e+08
0.0750	0.1050	0.1350	1.18305879e+09
0.0750	0.1050	0.1450	6.12209529e+08
0.0750	0.1150	0.1150	4.33216815e+08
0.0750	0.1150	0.1250	9.83232427e+08
0.0750	0.1150	0.1350	6.51860362e+08
0.0750	0.1150	0.1450	8.61658289e+08
0.0750	0.1250	0.1250	8.31382920e+08
0.0750	0.1250	0.1350	7.49634972e+08
0.0750	0.1250	0.1450	5.67046736e+08
0.0750	0.1350	0.1350	2.43815262e+08
0.0750	0.1350	0.1450	4.89609666e+08
0.0750	0.1450	0.1450	3.41616590e+08
0.0850	0.0850	0.0850	2.17133145e+08
0.0850	0.0850	0.0950	6.86658155e+08
0.0850	0.0850	0.1050	1.47760473e+09
0.0850	0.0850	0.1150	6.24688170e+08
0.0850	0.0850	0.1250	9.06812366e+08
0.0850	0.0850	0.1350	1.15450080e+09
0.0850	0.0850	0.1450	6.78636472e+08
0.0850	0.0950	0.0950	6.27164036e+08
0.0850	0.0950	0.1050	5.79908929e+08
0.0850	0.0950	0.1150	8.72909508e+08
0.0850	0.0950	0.1250	6.33276597e+08
0.0850	0.0950	0.1350	5.11752623e+08
0.0850	0.0950	0.1450	7.14116501e+08
0.0850	0.1050	0.1050	1.33490663e+08
0.0850	0.1050	0.1150	4.36855135e+08
0.0850	0.1050	0.1250	6.42334081e+08
0.0850	0.1050	0.1350	8.63336297e+08
0.0850	0.1050	0.1450	4.92631915e+08
0.0850	0.1150	0.1150	4.98231862e+08
0.0850	0.1150	0.1250	4.72511634e+08
0.0850	0.1150	0.1350	8.95032218e+08
0.0850	0.1150	0.1450	2.82892970e+08
0.0850	0.1250	0.1250	5.77564154e+08
0.0850	0.1250	0.1350	4.01306352e+08
0.0850	0.1250	0.1450	4.74571172e+08
0.0850	0.1350	0.1350	5.42059426e+08
0.0850	0.1350	0.1450	6.66594575e+08
0.0850	0.1450	0.1450	4.42995553e+08
0.0950	0.0950	0.0950	7.33949521e+08
0.0950	0.0950	0.1050	8.25692813e+08
0.0950	0.0950	0.1150	-2.43509553e+07
0.0950	0.0950	0.1250	9.32715761e+08
0.0950	0.0950	0.1350	6.52612530e+08
0.0950	0.0950	0.1450	7.92592856e+08
0.0950	0.1050	0.1050	3.03172701e+08
0.0950	0.1050	0.1150	8.56804211e+08
0.0950	0.1050	0.1250	7.12239809e+08
0.0950	0.1050	0.1350	2.47037711e+08
0.0950	0.1050	0.1450	7.52154686e+08
0.0950	0.1150	0.1150	-9.19728326e+07
0.0950	0.1150	0.1250	5.74019390e+08
0.0950	0.1150	0.1350	4.81375221e+08
0.0950	0.1150	0.1450	5.36074177e+08
0.0950	0.1250	0.1250	4.99683251e+08
0.0950	0.1250	0.1350	5.54935316e+08
0.0950	0.1250	0.1450	4.24196874e+08
0.0950	0.1350	0.1350	6.14087616e+08
0.0950	0.1350	0.1450	6.08724628e+08
0.0950	0.1450	0.1450	4.30098000e+08
0.1050	0.1050	0.1050	4.77209009e+08
0.1050	0.1050	0.1150	5.19781254e+08
0.1050	0.1050	0.1250	7.83502121e+08
0.1050	0.1050	0.1350	5.98998803e+08
0.1050	0.1050	0.1450	5.12592534e+08
0.1050	0.1150	0.1150	5.36972264e+08
0.1050	0.1150	0.1250	3.83075633e+08
0.1050	0.1150	0.1350	3.89341368e+08
0.1050	0.1150	0.1450	4.07498463e+08
0.1050	0.1250	0.1250	4.84453383e+08
0.1050	0.1250	0.1350	4.32759907e+08
0.1050	0.1250	0.1450	3.65261286e+08
0.1050	0.1350	0.1350	5.11479919e+08
0.1050	0.1350	0.1450	3.64518759e+08
0.1050	0.1450	0.1450	2.63852467e+08
0.1150	0.1150	0.1150	1.33004586e+08
0.1150	0.1150	0.1250	4.05833651e+08
0.1150	0.1150	0.1350	3.16943161e+08
0.1150	0.1150	0.1450	3.15746568e+08
0.1150	0.1250	0.1250	2.71096219e+08
0.1150	0.1250	0.1350	5.84814888e+08
0.1150	0.1250	0.1450	3.09540106e+08
0.1150	0.1350	0.1350	4.66536759e+08
0.1150	0.1350	0.1450	2.55100766e+08
0.1150	0.1450	0.1450	3.18978363e+08
0.1250	0.1250	0.1250	1.18665821e+08
0.1250	0.1250	0.1350	6.08219909e+08
0.1250	0.1250	0.1450	2.41658024e+08
0.1250	0.1350	0.1350	6.58976454e+08
0.1250	0.1350	0.1450	2.36154665e+08
0.1250	0.1450	0.1450	2.28257010e+08
0.1350	0.1350	0.1350	1.18556085e+08
0.1350	0.1350	0.1450	1.64767138e+08
0.1350	0.1450	0.1450	4.77434140e+08
0.1450	0.1450	0.1450	2.06655953e+08
