####### Bispectrum of patchy_s3_ Simulation 2015 #############
# Weights: FKP
# Fiducial Omega_m: 0.310
# Fiducial h: 0.676
# Boxsize: [1000.0, 2600.0, 1500.0]
# Grid: [95, 250, 140]
# k-binning: [0.000, 0.110, 0.010]
# l-max: 4
# Monte Carlo Simulations: 100
#
# Format: k1 | k2 | k3 | B(k1,k2,k3) | B2(k1,k2,k3) | B4(k1,k2,k3)
############################################
0.0150	0.0150	0.0150	-5.07050961e+10	-1.38752032e+10	4.07338880e+10
0.0150	0.0150	0.0250	1.50889988e+10	3.20263397e+10	1.83072405e+11
0.0150	0.0250	0.0250	2.97168133e+10	-1.80383069e+10	-4.85905771e+10
0.0150	0.0250	0.0350	1.81616184e+10	3.71968372e+10	4.11841839e+09
0.0150	0.0350	0.0350	-3.45166471e+09	2.45738668e+10	1.19105300e+10
0.0150	0.0350	0.0450	4.57167154e+09	1.69762758e+10	1.78077448e+10
0.0150	0.0450	0.0450	4.68964705e+08	-1.19133135e+10	-1.07484569e+10
0.0150	0.0450	0.0550	4.88015878e+09	1.04518434e+10	2.40033864e+09
0.0150	0.0550	0.0550	-5.26821525e+08	-2.44265836e+10	-7.77410569e+09
0.0150	0.0550	0.0650	8.98622711e+09	1.95927314e+09	-4.40709560e+09
0.0150	0.0650	0.0650	5.01898685e+09	1.35678103e+10	8.38521885e+09
0.0150	0.0650	0.0750	3.97388584e+09	-4.64271965e+09	1.58439263e+09
0.0150	0.0750	0.0750	1.05573767e+09	5.01529404e+09	-1.28238566e+09
0.0250	0.0250	0.0250	2.90760285e+09	-2.97429579e+10	2.71526038e+10
0.0250	0.0250	0.0350	-4.95664082e+09	1.27794884e+10	3.24084323e+10
0.0250	0.0250	0.0450	7.99730323e+09	3.17604580e+09	-2.66755720e+10
0.0250	0.0350	0.0350	8.68349981e+09	-4.87374363e+09	-9.46209840e+09
0.0250	0.0350	0.0450	1.10825003e+10	-1.86251267e+09	2.34542961e+10
0.0250	0.0350	0.0550	1.25081025e+10	1.68503505e+10	-5.31960557e+09
0.0250	0.0450	0.0450	3.34179118e+09	1.18347219e+10	8.18002562e+09
0.0250	0.0450	0.0550	2.73497721e+09	-3.85670691e+08	-2.83513053e+09
0.0250	0.0450	0.0650	1.27158683e+10	1.23393811e+10	-2.18456359e+09
0.0250	0.0550	0.0550	1.34154986e+10	9.21284528e+09	-7.39908725e+09
0.0250	0.0550	0.0650	5.12105334e+09	3.72009620e+09	7.20158807e+09
0.0250	0.0550	0.0750	5.73899181e+09	4.11139081e+09	-6.33410023e+09
0.0250	0.0650	0.0650	4.27654111e+09	-6.45703631e+09	-1.14611596e+10
0.0250	0.0650	0.0750	3.99918624e+09	6.48460998e+09	3.22840075e+09
0.0250	0.0750	0.0750	5.72822513e+09	-9.36313770e+09	-2.60122894e+09
0.0350	0.0350	0.0350	1.14462153e+10	1.11595039e+10	-1.65850872e+09
0.0350	0.0350	0.0450	-1.68965579e+09	-8.59802183e+09	-2.19373486e+10
0.0350	0.0350	0.0550	-2.12263675e+08	-9.55096249e+09	-6.93746965e+09
0.0350	0.0350	0.0650	8.59460117e+09	6.80004007e+09	3.18849658e+09
0.0350	0.0450	0.0450	-1.20986345e+09	-1.51892106e+10	-4.44545009e+09
0.0350	0.0450	0.0550	5.02344511e+09	3.07526314e+09	-5.90477837e+09
0.0350	0.0450	0.0650	2.33305024e+09	-3.91959466e+09	1.92336508e+08
0.0350	0.0450	0.0750	3.95542301e+09	2.68219081e+09	8.29947388e+09
0.0350	0.0550	0.0550	2.03838552e+09	-8.98060602e+09	2.22712817e+09
0.0350	0.0550	0.0650	3.75952643e+09	2.02953053e+09	-2.70910353e+08
0.0350	0.0550	0.0750	3.14240825e+09	7.86676457e+09	-5.36182606e+09
0.0350	0.0650	0.0650	1.95233526e+09	-9.61071364e+08	6.94313902e+09
0.0350	0.0650	0.0750	4.36169220e+09	1.39586490e+09	-2.25253422e+09
0.0350	0.0750	0.0750	1.38569601e+09	-1.79989627e+09	3.93633247e+09
0.0450	0.0450	0.0450	9.82352927e+09	6.91008135e+09	4.64170574e+09
0.0450	0.0450	0.0550	2.97342960e+09	1.92446510e+09	-5.87051684e+09
0.0450	0.0450	0.0650	4.89350360e+09	4.87795319e+09	8.45206361e+09
0.0450	0.0450	0.0750	8.02067587e+08	-2.44849113e+08	-3.71665527e+09
0.0450	0.0550	0.0550	4.72669378e+09	5.28850158e+09	6.10224268e+09
0.0450	0.0550	0.0650	2.40362347e+09	-7.37303393e+08	4.78051350e+09
0.0450	0.0550	0.0750	4.36012163e+09	1.44960757e+09	2.99614740e+09
0.0450	0.0650	0.0650	3.99800063e+09	4.21150627e+09	4.15623932e+08
0.0450	0.0650	0.0750	2.11964800e+09	-1.79931746e+09	-1.18329481e+09
0.0450	0.0750	0.0750	1.28900536e+09	-3.18085100e+09	-2.86295381e+09
0.0550	0.0550	0.0550	1.79064439e+09	-4.10638011e+09	7.17627489e+08
0.0550	0.0550	0.0650	5.57659681e+09	-3.73828185e+09	-7.78627017e+09
0.0550	0.0550	0.0750	-1.87479140e+08	1.70562164e+09	5.75638613e+09
0.0550	0.0650	0.0650	2.10365968e+09	-3.14014150e+08	1.59408384e+09
0.0550	0.0650	0.0750	9.66458644e+08	2.30873650e+09	-1.39426307e+09
0.0550	0.0750	0.0750	1.61524280e+09	7.02791145e+09	9.77621947e+08
0.0650	0.0650	0.0650	5.27266819e+09	2.61528478e+09	-1.08055056e+09
0.0650	0.0650	0.0750	3.19130078e+09	3.45910530e+08	4.27010249e+08
0.0650	0.0750	0.0750	1.18109824e+09	-3.29273310e+08	4.63625947e+08
0.0750	0.0750	0.0750	2.59879334e+09	-6.18757216e+08	1.47004682e+09
