####### Bispectrum of Patchy Simulation 847 #############
# Patch: sgc
# z-type: z3
# Weights: fkp
# Fiducial Omega_m: 0.310
# Fiducial h: 0.676
# Boxsize: [1000.0, 2600.0, 1500.0]
# Grid: [95, 250, 140]
# k-binning: [0.000, 0.160, 0.010]
# Monte Carlo Simulations: 100
#
# Format: k1 | k2 | k3 | B(k1,k2,k3)
############################################
0.0150	0.0150	0.0150	-6.58234073e+09
0.0150	0.0150	0.0250	-1.46157873e+10
0.0150	0.0150	0.0350	-9.61449178e+10
0.0150	0.0250	0.0250	3.08006100e+10
0.0150	0.0250	0.0350	2.51556336e+10
0.0150	0.0250	0.0450	1.60085602e+10
0.0150	0.0350	0.0350	-1.68170832e+09
0.0150	0.0350	0.0450	7.15293704e+09
0.0150	0.0350	0.0550	6.56383329e+09
0.0150	0.0450	0.0450	1.86194487e+09
0.0150	0.0450	0.0550	3.25330243e+09
0.0150	0.0450	0.0650	-2.68454303e+09
0.0150	0.0550	0.0550	6.70735540e+09
0.0150	0.0550	0.0650	8.75472690e+09
0.0150	0.0550	0.0750	2.27113754e+09
0.0150	0.0650	0.0650	7.47781798e+09
0.0150	0.0650	0.0750	6.55918970e+09
0.0150	0.0650	0.0850	-2.37915292e+09
0.0150	0.0750	0.0750	-2.11961664e+09
0.0150	0.0750	0.0850	5.14666471e+09
0.0150	0.0750	0.0950	2.50421285e+09
0.0150	0.0850	0.0850	1.86011577e+09
0.0150	0.0850	0.0950	2.94098783e+09
0.0150	0.0850	0.1050	4.77770797e+09
0.0150	0.0950	0.0950	9.49814926e+08
0.0150	0.0950	0.1050	5.16260395e+09
0.0150	0.0950	0.1150	1.85479978e+09
0.0150	0.1050	0.1050	5.51279279e+08
0.0150	0.1050	0.1150	2.78864089e+09
0.0150	0.1050	0.1250	2.26223359e+09
0.0150	0.1150	0.1150	3.95916586e+09
0.0150	0.1150	0.1250	2.49143078e+09
0.0150	0.1150	0.1350	1.67333114e+09
0.0150	0.1250	0.1250	-1.07401234e+09
0.0150	0.1250	0.1350	2.49137631e+09
0.0150	0.1250	0.1450	2.44135519e+09
0.0150	0.1350	0.1350	2.66122761e+09
0.0150	0.1350	0.1450	1.72825844e+09
0.0150	0.1450	0.1450	2.90490697e+09
0.0250	0.0250	0.0250	-1.20457425e+10
0.0250	0.0250	0.0350	6.99737770e+09
0.0250	0.0250	0.0450	9.03715174e+09
0.0250	0.0250	0.0550	1.58773858e+10
0.0250	0.0350	0.0350	1.83332838e+09
0.0250	0.0350	0.0450	1.94124972e+09
0.0250	0.0350	0.0550	7.41735627e+09
0.0250	0.0350	0.0650	1.39381541e+10
0.0250	0.0450	0.0450	6.89434378e+09
0.0250	0.0450	0.0550	3.91570166e+09
0.0250	0.0450	0.0650	4.47153667e+09
0.0250	0.0450	0.0750	1.10934247e+08
0.0250	0.0550	0.0550	-2.95393196e+09
0.0250	0.0550	0.0650	3.15619267e+09
0.0250	0.0550	0.0750	4.08733886e+09
0.0250	0.0550	0.0850	6.31647798e+09
0.0250	0.0650	0.0650	1.66612745e+09
0.0250	0.0650	0.0750	4.03102286e+09
0.0250	0.0650	0.0850	5.07934642e+09
0.0250	0.0650	0.0950	6.08762184e+09
0.0250	0.0750	0.0750	4.10656979e+09
0.0250	0.0750	0.0850	2.40283356e+09
0.0250	0.0750	0.0950	4.65058934e+09
0.0250	0.0750	0.1050	3.20955969e+09
0.0250	0.0850	0.0850	3.30352783e+09
0.0250	0.0850	0.0950	1.91189978e+09
0.0250	0.0850	0.1050	3.11476679e+09
0.0250	0.0850	0.1150	6.95993533e+09
0.0250	0.0950	0.0950	1.90376038e+09
0.0250	0.0950	0.1050	3.63421576e+09
0.0250	0.0950	0.1150	2.65167256e+09
0.0250	0.0950	0.1250	6.46474905e+09
0.0250	0.1050	0.1050	1.08475851e+09
0.0250	0.1050	0.1150	2.92053882e+09
0.0250	0.1050	0.1250	2.27387423e+09
0.0250	0.1050	0.1350	6.47216337e+08
0.0250	0.1150	0.1150	1.63884839e+09
0.0250	0.1150	0.1250	2.36741910e+09
0.0250	0.1150	0.1350	2.94092671e+09
0.0250	0.1150	0.1450	3.26282699e+09
0.0250	0.1250	0.1250	4.08409597e+09
0.0250	0.1250	0.1350	1.17217355e+09
0.0250	0.1250	0.1450	2.12450225e+09
0.0250	0.1350	0.1350	1.90285082e+09
0.0250	0.1350	0.1450	2.38029256e+09
0.0250	0.1450	0.1450	1.53952320e+09
0.0350	0.0350	0.0350	-1.51371612e+10
0.0350	0.0350	0.0450	6.38097753e+09
0.0350	0.0350	0.0550	6.57053042e+09
0.0350	0.0350	0.0650	4.74200798e+09
0.0350	0.0350	0.0750	-3.39279659e+09
0.0350	0.0450	0.0450	4.39090336e+09
0.0350	0.0450	0.0550	2.14467031e+09
0.0350	0.0450	0.0650	1.19849321e+09
0.0350	0.0450	0.0750	9.87057657e+09
0.0350	0.0450	0.0850	-5.24522331e+08
0.0350	0.0550	0.0550	2.36306664e+09
0.0350	0.0550	0.0650	3.34733243e+09
0.0350	0.0550	0.0750	2.44340462e+09
0.0350	0.0550	0.0850	3.68051976e+09
0.0350	0.0550	0.0950	6.63659527e+08
0.0350	0.0650	0.0650	1.79151701e+09
0.0350	0.0650	0.0750	6.86137936e+09
0.0350	0.0650	0.0850	2.18783476e+09
0.0350	0.0650	0.0950	5.69623210e+09
0.0350	0.0650	0.1050	7.55837332e+09
0.0350	0.0750	0.0750	2.18885677e+08
0.0350	0.0750	0.0850	7.05217019e+08
0.0350	0.0750	0.0950	4.11940745e+09
0.0350	0.0750	0.1050	4.17246801e+09
0.0350	0.0750	0.1150	3.11229680e+09
0.0350	0.0850	0.0850	3.97244673e+09
0.0350	0.0850	0.0950	1.15591744e+09
0.0350	0.0850	0.1050	1.88958796e+09
0.0350	0.0850	0.1150	1.98569916e+09
0.0350	0.0850	0.1250	4.07500742e+09
0.0350	0.0950	0.0950	2.54224877e+09
0.0350	0.0950	0.1050	2.50034363e+09
0.0350	0.0950	0.1150	2.99663298e+09
0.0350	0.0950	0.1250	2.57879514e+09
0.0350	0.0950	0.1350	3.02065835e+09
0.0350	0.1050	0.1050	1.53838734e+09
0.0350	0.1050	0.1150	1.10352533e+09
0.0350	0.1050	0.1250	1.93398985e+09
0.0350	0.1050	0.1350	2.45224638e+09
0.0350	0.1050	0.1450	1.69866489e+09
0.0350	0.1150	0.1150	1.50018020e+09
0.0350	0.1150	0.1250	8.30885095e+08
0.0350	0.1150	0.1350	1.56189075e+09
0.0350	0.1150	0.1450	1.96056022e+09
0.0350	0.1250	0.1250	1.26431563e+09
0.0350	0.1250	0.1350	1.20250498e+09
0.0350	0.1250	0.1450	2.26575831e+09
0.0350	0.1350	0.1350	7.15525465e+08
0.0350	0.1350	0.1450	1.20875885e+09
0.0350	0.1450	0.1450	2.90812747e+08
0.0450	0.0450	0.0450	-5.36777147e+09
0.0450	0.0450	0.0550	2.52522361e+09
0.0450	0.0450	0.0650	4.55359219e+09
0.0450	0.0450	0.0750	3.39395114e+09
0.0450	0.0450	0.0850	3.06444585e+09
0.0450	0.0450	0.0950	3.30358866e+09
0.0450	0.0550	0.0550	3.35795145e+09
0.0450	0.0550	0.0650	2.15900163e+09
0.0450	0.0550	0.0750	2.73709181e+09
0.0450	0.0550	0.0850	3.15673572e+09
0.0450	0.0550	0.0950	3.49820760e+09
0.0450	0.0550	0.1050	3.73273330e+09
0.0450	0.0650	0.0650	4.00403762e+09
0.0450	0.0650	0.0750	1.71620342e+09
0.0450	0.0650	0.0850	3.33719607e+09
0.0450	0.0650	0.0950	3.10470201e+09
0.0450	0.0650	0.1050	3.49225922e+09
0.0450	0.0650	0.1150	4.51235538e+09
0.0450	0.0750	0.0750	4.11760008e+08
0.0450	0.0750	0.0850	2.03926008e+09
0.0450	0.0750	0.0950	6.59934295e+08
0.0450	0.0750	0.1050	1.91582017e+09
0.0450	0.0750	0.1150	2.40362290e+09
0.0450	0.0750	0.1250	4.48916615e+09
0.0450	0.0850	0.0850	2.52919136e+09
0.0450	0.0850	0.0950	1.72760999e+09
0.0450	0.0850	0.1050	1.42302044e+09
0.0450	0.0850	0.1150	1.86174308e+09
0.0450	0.0850	0.1250	2.50371683e+09
0.0450	0.0850	0.1350	4.22423114e+08
0.0450	0.0950	0.0950	1.50346714e+09
0.0450	0.0950	0.1050	1.37765029e+09
0.0450	0.0950	0.1150	6.85435967e+08
0.0450	0.0950	0.1250	1.69202929e+09
0.0450	0.0950	0.1350	1.65506253e+09
0.0450	0.0950	0.1450	2.55322063e+09
0.0450	0.1050	0.1050	-2.58613050e+08
0.0450	0.1050	0.1150	1.18184249e+09
0.0450	0.1050	0.1250	1.57810455e+09
0.0450	0.1050	0.1350	1.44121899e+09
0.0450	0.1050	0.1450	1.71533183e+09
0.0450	0.1150	0.1150	2.23890768e+09
0.0450	0.1150	0.1250	8.46476904e+08
0.0450	0.1150	0.1350	1.20967438e+09
0.0450	0.1150	0.1450	1.19032230e+09
0.0450	0.1250	0.1250	1.11651964e+09
0.0450	0.1250	0.1350	1.36623278e+09
0.0450	0.1250	0.1450	7.31492656e+08
0.0450	0.1350	0.1350	4.83393093e+08
0.0450	0.1350	0.1450	1.52367327e+09
0.0450	0.1450	0.1450	1.16191958e+09
0.0550	0.0550	0.0550	2.65950092e+09
0.0550	0.0550	0.0650	-2.32851169e+08
0.0550	0.0550	0.0750	2.44752835e+09
0.0550	0.0550	0.0850	7.92372905e+08
0.0550	0.0550	0.0950	1.54848042e+09
0.0550	0.0550	0.1050	1.83147333e+09
0.0550	0.0550	0.1150	2.33731364e+09
0.0550	0.0650	0.0650	3.17228209e+09
0.0550	0.0650	0.0750	2.76622651e+09
0.0550	0.0650	0.0850	3.56174285e+09
0.0550	0.0650	0.0950	1.81062294e+09
0.0550	0.0650	0.1050	2.07546198e+09
0.0550	0.0650	0.1150	2.86475365e+09
0.0550	0.0650	0.1250	3.87514980e+09
0.0550	0.0750	0.0750	8.57084405e+08
0.0550	0.0750	0.0850	1.59142051e+09
0.0550	0.0750	0.0950	2.11206534e+09
0.0550	0.0750	0.1050	1.86150958e+09
0.0550	0.0750	0.1150	3.15166338e+09
0.0550	0.0750	0.1250	1.90139848e+09
0.0550	0.0750	0.1350	3.19300763e+09
0.0550	0.0850	0.0850	2.01854807e+09
0.0550	0.0850	0.0950	1.89480451e+09
0.0550	0.0850	0.1050	2.16368336e+09
0.0550	0.0850	0.1150	1.84580281e+09
0.0550	0.0850	0.1250	1.75848662e+09
0.0550	0.0850	0.1350	1.64581828e+09
0.0550	0.0850	0.1450	2.91309320e+08
0.0550	0.0950	0.0950	1.67641419e+09
0.0550	0.0950	0.1050	9.36610518e+08
0.0550	0.0950	0.1150	1.21683606e+09
0.0550	0.0950	0.1250	1.76003718e+09
0.0550	0.0950	0.1350	1.96460441e+09
0.0550	0.0950	0.1450	1.93663600e+09
0.0550	0.1050	0.1050	2.01753570e+09
0.0550	0.1050	0.1150	1.15437041e+09
0.0550	0.1050	0.1250	9.22746535e+08
0.0550	0.1050	0.1350	4.89939774e+08
0.0550	0.1050	0.1450	1.34871057e+09
0.0550	0.1150	0.1150	8.15554844e+08
0.0550	0.1150	0.1250	1.23099388e+09
0.0550	0.1150	0.1350	1.41826488e+09
0.0550	0.1150	0.1450	1.29518269e+09
0.0550	0.1250	0.1250	1.23047950e+09
0.0550	0.1250	0.1350	1.04985528e+09
0.0550	0.1250	0.1450	1.31986298e+09
0.0550	0.1350	0.1350	9.31013650e+08
0.0550	0.1350	0.1450	8.55739759e+08
0.0550	0.1450	0.1450	6.72251318e+08
0.0650	0.0650	0.0650	2.82659480e+09
0.0650	0.0650	0.0750	-3.97890865e+08
0.0650	0.0650	0.0850	4.16207897e+08
0.0650	0.0650	0.0950	1.67167888e+09
0.0650	0.0650	0.1050	3.12049344e+09
0.0650	0.0650	0.1150	2.47111077e+09
0.0650	0.0650	0.1250	3.40555444e+09
0.0650	0.0650	0.1350	1.19931890e+09
0.0650	0.0750	0.0750	5.93492023e+08
0.0650	0.0750	0.0850	2.39234095e+09
0.0650	0.0750	0.0950	1.40435357e+09
0.0650	0.0750	0.1050	1.92518173e+09
0.0650	0.0750	0.1150	1.39880722e+09
0.0650	0.0750	0.1250	1.90009290e+09
0.0650	0.0750	0.1350	2.75441511e+09
0.0650	0.0750	0.1450	2.05868822e+09
0.0650	0.0850	0.0850	1.00913272e+09
0.0650	0.0850	0.0950	1.09861364e+09
0.0650	0.0850	0.1050	1.48673834e+09
0.0650	0.0850	0.1150	9.27868050e+08
0.0650	0.0850	0.1250	1.56642745e+09
0.0650	0.0850	0.1350	1.34564552e+09
0.0650	0.0850	0.1450	1.88633364e+09
0.0650	0.0950	0.0950	1.39633662e+09
0.0650	0.0950	0.1050	1.26361111e+09
0.0650	0.0950	0.1150	1.09162003e+09
0.0650	0.0950	0.1250	1.54528894e+09
0.0650	0.0950	0.1350	1.69311743e+09
0.0650	0.0950	0.1450	1.73670897e+09
0.0650	0.1050	0.1050	6.88427085e+08
0.0650	0.1050	0.1150	1.13390568e+09
0.0650	0.1050	0.1250	1.12772018e+09
0.0650	0.1050	0.1350	1.14549757e+09
0.0650	0.1050	0.1450	1.40859102e+09
0.0650	0.1150	0.1150	5.71288387e+08
0.0650	0.1150	0.1250	1.09661125e+09
0.0650	0.1150	0.1350	7.99295155e+08
0.0650	0.1150	0.1450	8.85870565e+08
0.0650	0.1250	0.1250	1.05515582e+09
0.0650	0.1250	0.1350	1.27202921e+09
0.0650	0.1250	0.1450	9.34179263e+08
0.0650	0.1350	0.1350	7.72205194e+08
0.0650	0.1350	0.1450	9.86271518e+08
0.0650	0.1450	0.1450	6.75496415e+08
0.0750	0.0750	0.0750	3.89249588e+08
0.0750	0.0750	0.0850	1.64883729e+09
0.0750	0.0750	0.0950	5.84937215e+08
0.0750	0.0750	0.1050	1.08767229e+09
0.0750	0.0750	0.1150	1.97901734e+09
0.0750	0.0750	0.1250	9.61544178e+08
0.0750	0.0750	0.1350	1.70586906e+09
0.0750	0.0750	0.1450	2.50884882e+09
0.0750	0.0850	0.0850	3.84044509e+08
0.0750	0.0850	0.0950	1.59877039e+09
0.0750	0.0850	0.1050	5.29717949e+08
0.0750	0.0850	0.1150	1.82248522e+09
0.0750	0.0850	0.1250	7.44571961e+08
0.0750	0.0850	0.1350	1.88263249e+09
0.0750	0.0850	0.1450	1.32292673e+09
0.0750	0.0950	0.0950	1.16702721e+08
0.0750	0.0950	0.1050	1.45943427e+09
0.0750	0.0950	0.1150	8.75155317e+08
0.0750	0.0950	0.1250	9.64364573e+08
0.0750	0.0950	0.1350	1.03059750e+09
0.0750	0.0950	0.1450	1.18466661e+09
0.0750	0.1050	0.1050	7.50293427e+08
0.0750	0.1050	0.1150	4.70980869e+08
0.0750	0.1050	0.1250	7.58235192e+08
0.0750	0.1050	0.1350	1.37247021e+09
0.0750	0.1050	0.1450	8.07605334e+08
0.0750	0.1150	0.1150	1.26098203e+09
0.0750	0.1150	0.1250	9.46858503e+08
0.0750	0.1150	0.1350	7.27420419e+08
0.0750	0.1150	0.1450	9.96027325e+08
0.0750	0.1250	0.1250	6.23572489e+08
0.0750	0.1250	0.1350	7.21400673e+08
0.0750	0.1250	0.1450	6.34789744e+08
0.0750	0.1350	0.1350	8.87851607e+08
0.0750	0.1350	0.1450	8.49787679e+08
0.0750	0.1450	0.1450	9.00387725e+08
0.0850	0.0850	0.0850	1.98651081e+09
0.0850	0.0850	0.0950	7.67568561e+08
0.0850	0.0850	0.1050	8.05360487e+08
0.0850	0.0850	0.1150	7.73018057e+08
0.0850	0.0850	0.1250	1.33972568e+09
0.0850	0.0850	0.1350	7.91482968e+08
0.0850	0.0850	0.1450	7.24941904e+08
0.0850	0.0950	0.0950	1.42863621e+09
0.0850	0.0950	0.1050	7.49254177e+08
0.0850	0.0950	0.1150	9.43992483e+08
0.0850	0.0950	0.1250	8.23410888e+08
0.0850	0.0950	0.1350	5.36603951e+08
0.0850	0.0950	0.1450	1.07565123e+09
0.0850	0.1050	0.1050	4.01642353e+08
0.0850	0.1050	0.1150	9.32678911e+08
0.0850	0.1050	0.1250	1.11925881e+09
0.0850	0.1050	0.1350	5.87908224e+08
0.0850	0.1050	0.1450	6.42749305e+08
0.0850	0.1150	0.1150	8.13693541e+08
0.0850	0.1150	0.1250	4.68610017e+08
0.0850	0.1150	0.1350	9.81543638e+08
0.0850	0.1150	0.1450	6.50345379e+08
0.0850	0.1250	0.1250	7.74421854e+08
0.0850	0.1250	0.1350	7.57621484e+08
0.0850	0.1250	0.1450	8.76597782e+08
0.0850	0.1350	0.1350	5.20306208e+08
0.0850	0.1350	0.1450	5.96564392e+08
0.0850	0.1450	0.1450	5.13360914e+08
0.0950	0.0950	0.0950	2.91962011e+08
0.0950	0.0950	0.1050	1.50484490e+09
0.0950	0.0950	0.1150	9.04809945e+08
0.0950	0.0950	0.1250	7.59826581e+08
0.0950	0.0950	0.1350	1.18224541e+09
0.0950	0.0950	0.1450	6.82010363e+08
0.0950	0.1050	0.1050	6.84325353e+08
0.0950	0.1050	0.1150	7.36572717e+08
0.0950	0.1050	0.1250	5.15788935e+08
0.0950	0.1050	0.1350	8.47688696e+08
0.0950	0.1050	0.1450	6.36964073e+08
0.0950	0.1150	0.1150	1.30305940e+09
0.0950	0.1150	0.1250	6.90009437e+08
0.0950	0.1150	0.1350	8.51382743e+08
0.0950	0.1150	0.1450	7.20405213e+08
0.0950	0.1250	0.1250	3.39452902e+08
0.0950	0.1250	0.1350	4.58590034e+08
0.0950	0.1250	0.1450	5.70671517e+08
0.0950	0.1350	0.1350	3.24798614e+08
0.0950	0.1350	0.1450	7.10607340e+08
0.0950	0.1450	0.1450	6.43930448e+08
0.1050	0.1050	0.1050	8.30107367e+08
0.1050	0.1050	0.1150	4.98946780e+08
0.1050	0.1050	0.1250	8.80193037e+08
0.1050	0.1050	0.1350	5.98404709e+08
0.1050	0.1050	0.1450	5.96024157e+08
0.1050	0.1150	0.1150	4.75797432e+08
0.1050	0.1150	0.1250	5.59495890e+08
0.1050	0.1150	0.1350	7.31607578e+08
0.1050	0.1150	0.1450	4.31003666e+08
0.1050	0.1250	0.1250	7.10591641e+08
0.1050	0.1250	0.1350	5.27366264e+08
0.1050	0.1250	0.1450	7.78277464e+08
0.1050	0.1350	0.1350	7.08582209e+08
0.1050	0.1350	0.1450	3.48665153e+08
0.1050	0.1450	0.1450	3.21943281e+08
0.1150	0.1150	0.1150	7.14348444e+08
0.1150	0.1150	0.1250	8.54671929e+08
0.1150	0.1150	0.1350	3.83332113e+08
0.1150	0.1150	0.1450	2.95987457e+08
0.1150	0.1250	0.1250	5.67308171e+08
0.1150	0.1250	0.1350	8.21100831e+08
0.1150	0.1250	0.1450	5.15594728e+08
0.1150	0.1350	0.1350	2.62371510e+08
0.1150	0.1350	0.1450	5.95407362e+08
0.1150	0.1450	0.1450	5.40406414e+08
0.1250	0.1250	0.1250	3.54401644e+08
0.1250	0.1250	0.1350	5.16848143e+08
0.1250	0.1250	0.1450	7.00116430e+08
0.1250	0.1350	0.1350	4.49310144e+08
0.1250	0.1350	0.1450	3.60288865e+08
0.1250	0.1450	0.1450	5.91139894e+08
0.1350	0.1350	0.1350	5.62668152e+08
0.1350	0.1350	0.1450	6.42058654e+08
0.1350	0.1450	0.1450	3.07273316e+08
0.1450	0.1450	0.1450	3.80972928e+08
