####### Bispectrum of patchy_n3_ Simulation 913 #############
# Weights: FKP
# Fiducial Omega_m: 0.310
# Fiducial h: 0.676
# Boxsize: [1800.0, 3400.0, 1900.0]
# Grid: [170, 325, 180]
# k-binning: [0.000, 0.110, 0.010]
# l-max: 4
# Monte Carlo Simulations: 100
#
# Format: k1 | k2 | k3 | B(k1,k2,k3) | B2(k1,k2,k3) | B4(k1,k2,k3)
############################################
0.0150	0.0150	0.0150	5.31744284e+10	-1.09990689e+11	-5.11138891e+10
0.0150	0.0150	0.0250	7.18721338e+09	-4.36524386e+08	1.44943207e+10
0.0150	0.0250	0.0250	-1.89489109e+08	3.32143744e+10	4.94151520e+09
0.0150	0.0250	0.0350	7.13966465e+09	-1.56755086e+10	-1.98568779e+10
0.0150	0.0350	0.0350	1.09865607e+10	4.75814178e+10	1.81378531e+10
0.0150	0.0350	0.0450	2.97815637e+09	-6.05289156e+09	8.18622575e+09
0.0150	0.0450	0.0450	4.23613339e+09	5.69985558e+08	7.14575933e+09
0.0150	0.0450	0.0550	4.50671128e+09	7.50674476e+09	-6.88173624e+09
0.0150	0.0550	0.0550	2.77770880e+09	-1.18123083e+10	-4.88981680e+09
0.0150	0.0550	0.0650	3.89541264e+09	7.95890192e+09	1.16209072e+10
0.0150	0.0650	0.0650	3.14135304e+09	1.64010516e+09	-5.16071279e+09
0.0150	0.0650	0.0750	3.71480959e+09	-5.43731066e+09	-6.10050023e+09
0.0150	0.0750	0.0750	3.56238369e+09	8.95571107e+09	-8.06524333e+07
0.0250	0.0250	0.0250	2.21626871e+10	-2.37092778e+10	2.59364190e+09
0.0250	0.0250	0.0350	1.09169130e+10	5.59248714e+09	-2.39505182e+10
0.0250	0.0250	0.0450	1.24792721e+10	-4.57545973e+09	-2.75353163e+10
0.0250	0.0350	0.0350	4.63624026e+09	-1.25721927e+10	-3.88396901e+09
0.0250	0.0350	0.0450	6.01942023e+09	3.04482437e+09	5.90394285e+09
0.0250	0.0350	0.0550	5.93299066e+09	3.91472607e+09	1.58517758e+09
0.0250	0.0450	0.0450	-8.68447755e+08	-6.70450134e+09	-6.07151279e+09
0.0250	0.0450	0.0550	6.07992856e+09	5.51866523e+09	1.06641522e+10
0.0250	0.0450	0.0650	3.75796355e+09	1.05780563e+10	4.65960694e+08
0.0250	0.0550	0.0550	2.30615805e+09	5.50215250e+09	-5.22640395e+09
0.0250	0.0550	0.0650	4.64779292e+09	6.35314176e+08	1.43249976e+09
0.0250	0.0550	0.0750	5.32893607e+09	-2.98958289e+09	-5.48161108e+09
0.0250	0.0650	0.0650	1.54432947e+09	-4.04978639e+09	2.67574219e+09
0.0250	0.0650	0.0750	4.92442321e+09	6.11713645e+09	3.53449545e+09
0.0250	0.0750	0.0750	2.46145526e+09	-3.52285301e+09	-3.06321022e+09
0.0350	0.0350	0.0350	-9.07577074e+07	-1.45638872e+09	-1.53342244e+09
0.0350	0.0350	0.0450	4.95873851e+09	1.47135692e+09	-8.66568897e+09
0.0350	0.0350	0.0550	4.37122012e+09	1.34593304e+10	1.67947086e+10
0.0350	0.0350	0.0650	4.30452009e+09	-1.37398178e+09	4.62719527e+09
0.0350	0.0450	0.0450	6.42818468e+09	-2.14828091e+09	4.84135594e+08
0.0350	0.0450	0.0550	1.80990122e+09	1.19108185e+09	-2.88668573e+09
0.0350	0.0450	0.0650	3.05885225e+09	1.52885072e+07	-2.63769067e+09
0.0350	0.0450	0.0750	5.61408796e+09	4.28372974e+09	7.93166187e+08
0.0350	0.0550	0.0550	2.48264655e+09	-6.53814383e+07	-8.17439091e+08
0.0350	0.0550	0.0650	1.90539130e+09	-9.89074747e+08	-3.55654646e+09
0.0350	0.0550	0.0750	1.90764834e+09	-1.42890584e+09	-2.58861744e+09
0.0350	0.0650	0.0650	1.53523790e+09	-6.35004307e+08	-1.41756752e+09
0.0350	0.0650	0.0750	2.82081404e+09	4.33258247e+09	2.65048745e+09
0.0350	0.0750	0.0750	2.86361699e+09	1.08253355e+09	1.29411497e+09
0.0450	0.0450	0.0450	-8.14849742e+08	3.65681425e+08	-2.74201558e+09
0.0450	0.0450	0.0550	2.27338313e+09	-1.89905955e+09	7.72178018e+08
0.0450	0.0450	0.0650	2.91530148e+09	2.20367635e+09	-5.42873959e+08
0.0450	0.0450	0.0750	1.67830985e+09	7.07275079e+08	-9.97651107e+08
0.0450	0.0550	0.0550	3.21386105e+09	3.88793935e+08	1.22593031e+08
0.0450	0.0550	0.0650	2.34311352e+09	-2.06947625e+08	-9.69959608e+08
0.0450	0.0550	0.0750	2.80911022e+09	-5.82128312e+08	1.75694155e+09
0.0450	0.0650	0.0650	2.48289258e+09	3.94069735e+09	-1.06027657e+09
0.0450	0.0650	0.0750	2.26978064e+09	-4.45581766e+07	1.56231629e+09
0.0450	0.0750	0.0750	2.22594190e+09	-3.23506414e+08	3.97821184e+08
0.0550	0.0550	0.0550	1.01798413e+09	1.18141836e+09	2.13371805e+08
0.0550	0.0550	0.0650	1.01902811e+09	-1.53738268e+09	-3.46842002e+09
0.0550	0.0550	0.0750	2.33054574e+09	-7.07758635e+08	3.59764427e+09
0.0550	0.0650	0.0650	2.11198337e+09	-9.96807404e+07	-4.42721414e+08
0.0550	0.0650	0.0750	1.39052636e+09	1.05706808e+09	-1.98393732e+09
0.0550	0.0750	0.0750	1.54176633e+09	7.73727894e+07	3.94423289e+07
0.0650	0.0650	0.0650	-8.18957025e+08	8.74352135e+07	-1.57177067e+07
0.0650	0.0650	0.0750	2.60219263e+09	2.52800871e+09	1.88974826e+09
0.0650	0.0750	0.0750	4.40535058e+08	-3.19941842e+08	-7.45376644e+07
0.0750	0.0750	0.0750	3.37842828e+09	2.38046879e+09	-2.46307886e+08
